splib07b Record=3378: Buddingtonite NHB2301         BECKb AREF
-1.2300000e+034
-1.2300000e+034
-1.2300000e+034
-1.2300000e+034
-1.2300000e+034
-1.2300000e+034
-1.2300000e+034
-1.2300000e+034
-1.2300000e+034
-1.2300000e+034
-1.2300000e+034
-1.2300000e+034
-1.2300000e+034
-1.2300000e+034
-1.2300000e+034
-1.2300000e+034
-1.2300000e+034
-1.2300000e+034
-1.2300000e+034
-1.2300000e+034
-1.2300000e+034
-1.2300000e+034
-1.2300000e+034
-1.2300000e+034
-1.2300000e+034
-1.2300000e+034
-1.2300000e+034
-1.2300000e+034
-1.2300000e+034
-1.2300000e+034
-1.2300000e+034
-1.2300000e+034
-1.2300000e+034
-1.2300000e+034
-1.2300000e+034
-1.2300000e+034
-1.2300000e+034
-1.2300000e+034
-1.2300000e+034
-1.2300000e+034
-1.2300000e+034
-1.2300000e+034
-1.2300000e+034
-1.2300000e+034
-1.2300000e+034
-1.2300000e+034
-1.2300000e+034
-1.2300000e+034
 1.1514033e-001
 1.1514033e-001
 1.1518430e-001
 1.1522782e-001
 1.1527057e-001
 1.1531230e-001
 1.1535271e-001
 1.1539154e-001
 1.1542851e-001
 1.1546333e-001
 1.1549573e-001
 1.1552542e-001
 1.1555211e-001
 1.1557557e-001
 1.1559547e-001
 1.1561155e-001
 1.1562353e-001
 1.1563113e-001
 1.1563407e-001
 1.1563207e-001
 1.1562485e-001
 1.1561215e-001
 1.1559366e-001
 1.1556912e-001
 1.1553825e-001
 1.1550082e-001
 1.1545724e-001
 1.1540833e-001
 1.1535490e-001
 1.1529776e-001
 1.1523772e-001
 1.1517561e-001
 1.1511222e-001
 1.1504839e-001
 1.1498491e-001
 1.1492261e-001
 1.1486229e-001
 1.1480477e-001
 1.1475086e-001
 1.1470140e-001
 1.1465716e-001
 1.1461898e-001
 1.1458767e-001
 1.1456405e-001
 1.1454891e-001
 1.1454309e-001
 1.1454727e-001
 1.1456066e-001
 1.1458159e-001
 1.1460834e-001
 1.1463921e-001
 1.1467249e-001
 1.1470647e-001
 1.1473945e-001
 1.1476971e-001
 1.1479555e-001
 1.1481526e-001
 1.1482715e-001
 1.1482950e-001
 1.1482058e-001
 1.1479872e-001
 1.1476219e-001
 1.1470930e-001
 1.1463832e-001
 1.1454777e-001
 1.1443846e-001
 1.1431271e-001
 1.1417287e-001
 1.1402131e-001
 1.1386032e-001
 1.1369231e-001
 1.1351959e-001
 1.1334451e-001
 1.1316944e-001
 1.1299670e-001
 1.1282865e-001
 1.1266762e-001
 1.1251597e-001
 1.1237604e-001
 1.1225020e-001
 1.1214077e-001
 1.1205011e-001
 1.1198034e-001
 1.1193109e-001
 1.1190035e-001
 1.1188608e-001
 1.1188624e-001
 1.1189880e-001
 1.1192171e-001
 1.1195293e-001
 1.1199044e-001
 1.1203218e-001
 1.1207611e-001
 1.1212021e-001
 1.1216243e-001
 1.1220072e-001
 1.1223307e-001
 1.1225741e-001
 1.1227173e-001
 1.1227506e-001
 1.1226917e-001
 1.1225621e-001
 1.1223837e-001
 1.1221782e-001
 1.1219674e-001
 1.1217730e-001
 1.1216167e-001
 1.1215202e-001
 1.1215053e-001
 1.1215938e-001
 1.1218072e-001
 1.1221675e-001
 1.1226963e-001
 1.1234154e-001
 1.1243360e-001
 1.1254433e-001
 1.1267183e-001
 1.1281421e-001
 1.1296955e-001
 1.1313595e-001
 1.1331155e-001
 1.1349443e-001
 1.1368268e-001
 1.1387438e-001
 1.1406768e-001
 1.1426067e-001
 1.1445140e-001
 1.1463804e-001
 1.1481866e-001
 1.1499214e-001
 1.1515941e-001
 1.1532171e-001
 1.1548024e-001
 1.1563627e-001
 1.1579099e-001
 1.1594564e-001
 1.1610150e-001
 1.1625975e-001
 1.1642161e-001
 1.1658835e-001
 1.1676121e-001
 1.1694138e-001
 1.1713010e-001
 1.1732862e-001
 1.1753773e-001
 1.1775716e-001
 1.1798642e-001
 1.1822506e-001
 1.1847258e-001
 1.1872859e-001
 1.1899253e-001
 1.1926401e-001
 1.1954252e-001
 1.1982761e-001
 1.2011878e-001
 1.2041562e-001
 1.2071761e-001
 1.2102436e-001
 1.2133545e-001
 1.2165067e-001
 1.2196971e-001
 1.2229235e-001
 1.2261830e-001
 1.2294730e-001
 1.2327909e-001
 1.2361342e-001
 1.2394995e-001
 1.2428853e-001
 1.2462883e-001
 1.2497061e-001
 1.2531410e-001
 1.2565976e-001
 1.2600806e-001
 1.2635957e-001
 1.2671472e-001
 1.2707396e-001
 1.2743789e-001
 1.2780692e-001
 1.2818158e-001
 1.2856230e-001
 1.2894964e-001
 1.2934400e-001
 1.2974522e-001
 1.3015260e-001
 1.3056545e-001
 1.3098310e-001
 1.3140489e-001
 1.3183013e-001
 1.3225816e-001
 1.3268831e-001
 1.3311991e-001
 1.3355221e-001
 1.3398463e-001
 1.3441640e-001
 1.3484709e-001
 1.3527612e-001
 1.3570307e-001
 1.3612738e-001
 1.3654864e-001
 1.3696630e-001
 1.3737994e-001
 1.3778910e-001
 1.3819323e-001
 1.3859184e-001
 1.3898453e-001
 1.3937083e-001
 1.3975117e-001
 1.4012669e-001
 1.4049846e-001
 1.4086758e-001
 1.4123517e-001
 1.4160232e-001
 1.4197010e-001
 1.4233963e-001
 1.4271203e-001
 1.4308836e-001
 1.4346969e-001
 1.4385715e-001
 1.4425124e-001
 1.4465216e-001
 1.4506005e-001
 1.4547506e-001
 1.4589730e-001
 1.4632702e-001
 1.4676428e-001
 1.4720935e-001
 1.4766233e-001
 1.4812337e-001
 1.4859259e-001
 1.4907013e-001
 1.4955458e-001
 1.5004364e-001
 1.5053494e-001
 1.5102607e-001
 1.5151462e-001
 1.5199833e-001
 1.5247472e-001
 1.5294148e-001
 1.5339622e-001
 1.5383658e-001
 1.5426010e-001
 1.5466477e-001
 1.5505177e-001
 1.5542459e-001
 1.5578707e-001
 1.5614286e-001
 1.5649557e-001
 1.5684898e-001
 1.5720673e-001
 1.5757249e-001
 1.5795000e-001
 1.5834291e-001
 1.5875490e-001
 1.5918925e-001
 1.5964442e-001
 1.6011490e-001
 1.6059536e-001
 1.6108026e-001
 1.6156417e-001
 1.6204162e-001
 1.6250719e-001
 1.6295537e-001
 1.6338077e-001
 1.6377793e-001
 1.6414134e-001
 1.6446602e-001
 1.6475324e-001
 1.6500889e-001
 1.6523908e-001
 1.6544977e-001
 1.6564706e-001
 1.6583696e-001
 1.6602555e-001
 1.6621883e-001
 1.6642289e-001
 1.6664374e-001
 1.6688742e-001
 1.6715965e-001
 1.6746178e-001
 1.6779166e-001
 1.6814721e-001
 1.6852626e-001
 1.6892669e-001
 1.6934629e-001
 1.6978300e-001
 1.7023465e-001
 1.7069903e-001
 1.7117409e-001
 1.7165765e-001
 1.7214756e-001
 1.7264168e-001
 1.7313799e-001
 1.7363440e-001
 1.7412882e-001
 1.7461920e-001
 1.7510343e-001
 1.7557937e-001
 1.7604510e-001
 1.7649837e-001
 1.7693725e-001
 1.7735957e-001
 1.7776348e-001
 1.7814998e-001
 1.7852238e-001
 1.7888398e-001
 1.7923816e-001
 1.7958817e-001
 1.7993735e-001
 1.8028903e-001
 1.8064657e-001
 1.8101323e-001
 1.8139237e-001
 1.8178734e-001
 1.8220133e-001
 1.8263569e-001
 1.8309061e-001
 1.8356612e-001
 1.8406217e-001
 1.8457887e-001
 1.8511623e-001
 1.8567428e-001
 1.8625312e-001
 1.8685271e-001
 1.8747309e-001
 1.8811435e-001
 1.8877642e-001
 1.8945776e-001
 1.9015564e-001
 1.9086747e-001
 1.9159046e-001
 1.9232200e-001
 1.9305934e-001
 1.9379981e-001
 1.9454060e-001
 1.9527918e-001
 1.9601269e-001
 1.9673860e-001
 1.9745427e-001
 1.9815971e-001
 1.9885677e-001
 1.9954762e-001
 2.0023412e-001
 2.0091844e-001
 2.0160244e-001
 2.0228820e-001
 2.0297770e-001
 2.0367289e-001
 2.0437583e-001
 2.0508859e-001
 2.0581304e-001
 2.0654942e-001
 2.0729688e-001
 2.0805433e-001
 2.0882089e-001
 2.0959565e-001
 2.1037757e-001
 2.1116568e-001
 2.1195899e-001
 2.1275648e-001
 2.1355723e-001
 2.1436034e-001
 2.1516481e-001
 2.1596968e-001
 2.1677417e-001
 2.1757734e-001
 2.1837848e-001
 2.1917668e-001
 2.1997117e-001
 2.2076109e-001
 2.2154558e-001
 2.2232373e-001
 2.2309482e-001
 2.2385795e-001
 2.2461247e-001
 2.2535898e-001
 2.2609943e-001
 2.2683565e-001
 2.2756967e-001
 2.2830330e-001
 2.2903858e-001
 2.2977740e-001
 2.3052162e-001
 2.3127320e-001
 2.3203395e-001
 2.3280589e-001
 2.3359089e-001
 2.3438843e-001
 2.3519638e-001
 2.3601249e-001
 2.3683448e-001
 2.3766017e-001
 2.3848742e-001
 2.3931395e-001
 2.4013750e-001
 2.4095583e-001
 2.4176669e-001
 2.4256788e-001
 2.4335746e-001
 2.4413584e-001
 2.4490577e-001
 2.4567001e-001
 2.4643120e-001
 2.4719234e-001
 2.4795596e-001
 2.4872503e-001
 2.4950221e-001
 2.5029027e-001
 2.5109193e-001
 2.5191012e-001
 2.5274712e-001
 2.5360182e-001
 2.5446951e-001
 2.5534549e-001
 2.5622511e-001
 2.5710365e-001
 2.5797644e-001
 2.5883889e-001
 2.5968620e-001
 2.6051375e-001
 2.6131678e-001
 2.6209229e-001
 2.6284248e-001
 2.6357079e-001
 2.6428053e-001
 2.6497495e-001
 2.6565742e-001
 2.6633126e-001
 2.6699975e-001
 2.6766640e-001
 2.6833341e-001
 2.6900020e-001
 2.6966527e-001
 2.7032727e-001
 2.7098486e-001
 2.7163684e-001
 2.7228165e-001
 2.7291799e-001
 2.7354449e-001
 2.7416024e-001
 2.7476585e-001
 2.7536210e-001
 2.7595010e-001
 2.7653056e-001
 2.7710444e-001
 2.7767262e-001
 2.7823603e-001
 2.7879548e-001
 2.7935192e-001
 2.7990577e-001
 2.8045762e-001
 2.8100789e-001
 2.8155714e-001
 2.8210583e-001
 2.8265458e-001
 2.8320372e-001
 2.8375390e-001
 2.8430521e-001
 2.8485680e-001
 2.8540757e-001
 2.8595656e-001
 2.8650266e-001
 2.8704473e-001
 2.8758174e-001
 2.8811258e-001
 2.8863618e-001
 2.8915271e-001
 2.8966627e-001
 2.9018176e-001
 2.9070407e-001
 2.9123822e-001
 2.9178911e-001
 2.9236180e-001
 2.9296112e-001
 2.9359204e-001
 2.9425555e-001
 2.9493898e-001
 2.9562703e-001
 2.9630414e-001
 2.9695493e-001
 2.9756391e-001
 2.9811564e-001
 2.9859585e-001
 2.9901254e-001
 2.9939294e-001
 2.9976499e-001
 3.0015662e-001
 3.0059576e-001
 3.0110857e-001
 3.0169070e-001
 3.0231053e-001
 3.0293581e-001
 3.0353409e-001
 3.0407292e-001
 3.0452186e-001
 3.0488622e-001
 3.0520290e-001
 3.0550987e-001
 3.0584493e-001
 3.0624610e-001
 3.0674914e-001
 3.0735058e-001
 3.0801225e-001
 3.0869499e-001
 3.0935922e-001
 3.0996570e-001
 3.1047702e-001
 3.1089440e-001
 3.1125343e-001
 3.1159073e-001
 3.1194302e-001
 3.1234694e-001
 3.1283730e-001
 3.1341460e-001
 3.1404862e-001
 3.1470802e-001
 3.1536153e-001
 3.1597784e-001
 3.1652698e-001
 3.1700593e-001
 3.1743580e-001
 3.1783843e-001
 3.1823578e-001
 3.1864980e-001
 3.1910145e-001
 3.1959525e-001
 3.2012060e-001
 3.2066655e-001
 3.2122201e-001
 3.2177600e-001
 3.2231757e-001
 3.2283759e-001
 3.2332855e-001
 3.2378319e-001
 3.2419413e-001
 3.2455397e-001
 3.2485628e-001
 3.2511324e-001
 3.2535392e-001
 3.2560807e-001
 3.2590544e-001
 3.2627568e-001
 3.2674676e-001
 3.2731318e-001
 3.2793844e-001
 3.2858527e-001
 3.2921633e-001
 3.2979405e-001
 3.3028263e-001
 3.3067766e-001
 3.3100328e-001
 3.3128491e-001
 3.3154783e-001
 3.3181742e-001
 3.3211806e-001
 3.3245733e-001
 3.3282682e-001
 3.3321798e-001
 3.3362189e-001
 3.3402988e-001
 3.3443356e-001
 3.3483380e-001
 3.3523977e-001
 3.3566132e-001
 3.3610788e-001
 3.3658928e-001
 3.3711421e-001
 3.3767799e-001
 3.3826262e-001
 3.3884984e-001
 3.3942139e-001
 3.3995906e-001
 3.4044519e-001
 3.4087709e-001
 3.4126586e-001
 3.4162316e-001
 3.4196082e-001
 3.4229034e-001
 3.4261841e-001
 3.4294605e-001
 3.4327379e-001
 3.4360221e-001
 3.4393197e-001
 3.4426364e-001
 3.4459782e-001
 3.4493509e-001
 3.4527603e-001
 3.4562096e-001
 3.4596983e-001
 3.4632257e-001
 3.4667909e-001
 3.4703943e-001
 3.4740347e-001
 3.4777111e-001
 3.4814233e-001
 3.4851697e-001
 3.4889388e-001
 3.4927016e-001
 3.4964296e-001
 3.5000941e-001
 3.5036662e-001
 3.5071176e-001
 3.5104197e-001
 3.5135430e-001
 3.5164613e-001
 3.5191882e-001
 3.5217920e-001
 3.5243434e-001
 3.5269135e-001
 3.5295737e-001
 3.5323939e-001
 3.5354453e-001
 3.5387993e-001
 3.5425243e-001
 3.5466191e-001
 3.5509926e-001
 3.5555485e-001
 3.5601914e-001
 3.5648245e-001
 3.5693517e-001
 3.5736775e-001
 3.5777059e-001
 3.5813427e-001
 3.5845697e-001
 3.5874662e-001
 3.5901168e-001
 3.5926059e-001
 3.5950187e-001
 3.5974395e-001
 3.5999537e-001
 3.6026445e-001
 3.6055964e-001
 3.6088291e-001
 3.6122823e-001
 3.6158919e-001
 3.6195934e-001
 3.6233217e-001
 3.6270124e-001
 3.6306006e-001
 3.6340225e-001
 3.6372143e-001
 3.6401832e-001
 3.6430252e-001
 3.6458418e-001
 3.6487350e-001
 3.6518064e-001
 3.6551568e-001
 3.6588895e-001
 3.6631045e-001
 3.6679006e-001
 3.6732668e-001
 3.6790475e-001
 3.6850795e-001
 3.6911994e-001
 3.6972418e-001
 3.7030432e-001
 3.7084413e-001
 3.7132704e-001
 3.7173718e-001
 3.7207261e-001
 3.7234965e-001
 3.7258583e-001
 3.7279880e-001
 3.7300605e-001
 3.7322512e-001
 3.7347361e-001
 3.7376907e-001
 3.7412864e-001
 3.7455589e-001
 3.7503627e-001
 3.7555432e-001
 3.7609440e-001
 3.7664080e-001
 3.7717804e-001
 3.7769046e-001
 3.7816250e-001
 3.7857893e-001
 3.7893793e-001
 3.7925553e-001
 3.7954879e-001
 3.7983489e-001
 3.8013098e-001
 3.8045418e-001
 3.8082168e-001
 3.8125056e-001
 3.8175747e-001
 3.8233939e-001
 3.8296753e-001
 3.8361129e-001
 3.8424006e-001
 3.8482320e-001
 3.8533011e-001
 3.8573018e-001
 3.8600081e-001
 3.8616407e-001
 3.8625705e-001
 3.8631716e-001
 3.8638160e-001
 3.8648766e-001
 3.8666457e-001
 3.8689771e-001
 3.8715705e-001
 3.8741270e-001
 3.8763455e-001
 3.8779274e-001
 3.8786677e-001
 3.8788936e-001
 3.8791174e-001
 3.8798514e-001
 3.8816077e-001
 3.8848987e-001
 3.8900879e-001
 3.8967061e-001
 3.9039907e-001
 3.9111832e-001
 3.9175206e-001
 3.9222431e-001
 3.9247549e-001
 3.9253950e-001
 3.9248294e-001
 3.9237243e-001
 3.9227480e-001
 3.9225656e-001
 3.9237148e-001
 3.9259958e-001
 3.9289495e-001
 3.9321181e-001
 3.9350414e-001
 3.9372614e-001
 3.9384246e-001
 3.9387879e-001
 3.9388224e-001
 3.9390016e-001
 3.9397961e-001
 3.9416775e-001
 3.9450145e-001
 3.9495790e-001
 3.9549297e-001
 3.9606282e-001
 3.9662331e-001
 3.9713049e-001
 3.9754683e-001
 3.9787328e-001
 3.9812398e-001
 3.9831352e-001
 3.9845625e-001
 3.9856657e-001
 3.9865777e-001
 3.9873704e-001
 3.9880931e-001
 3.9887947e-001
 3.9895236e-001
 3.9903304e-001
 3.9912671e-001
 3.9924136e-001
 3.9938557e-001
 3.9956823e-001
 3.9979801e-001
 4.0008369e-001
 4.0043044e-001
 4.0082285e-001
 4.0123785e-001
 4.0165249e-001
 4.0204376e-001
 4.0238869e-001
 4.0266851e-001
 4.0288994e-001
 4.0306857e-001
 4.0322039e-001
 4.0336111e-001
 4.0350661e-001
 4.0367067e-001
 4.0385500e-001
 4.0405723e-001
 4.0427470e-001
 4.0450487e-001
 4.0474522e-001
 4.0499380e-001
 4.0525270e-001
 4.0552524e-001
 4.0581498e-001
 4.0612531e-001
 4.0645975e-001
 4.0681860e-001
 4.0718415e-001
 4.0753192e-001
 4.0783730e-001
 4.0807581e-001
 4.0822303e-001
 4.0826190e-001
 4.0822092e-001
 4.0814552e-001
 4.0808102e-001
 4.0807283e-001
 4.0816641e-001
 4.0839776e-001
 4.0874681e-001
 4.0917256e-001
 4.0963387e-001
 4.1008961e-001
 4.1049883e-001
 4.1082731e-001
 4.1108325e-001
 4.1129085e-001
 4.1147429e-001
 4.1165772e-001
 4.1186535e-001
 4.1211781e-001
 4.1241536e-001
 4.1275033e-001
 4.1311499e-001
 4.1350162e-001
 4.1390267e-001
 4.1431007e-001
 4.1471413e-001
 4.1510427e-001
 4.1547021e-001
 4.1580141e-001
 4.1608742e-001
 4.1632089e-001
 4.1651285e-001
 4.1668147e-001
 4.1684499e-001
 4.1702160e-001
 4.1722944e-001
 4.1748312e-001
 4.1777468e-001
 4.1808748e-001
 4.1840512e-001
 4.1871089e-001
 4.1898832e-001
 4.1922465e-001
 4.1943115e-001
 4.1962820e-001
 4.1983625e-001
 4.2007589e-001
 4.2036745e-001
 4.2072701e-001
 4.2114261e-001
 4.2159149e-001
 4.2205092e-001
 4.2249832e-001
 4.2291069e-001
 4.2326984e-001
 4.2358544e-001
 4.2387778e-001
 4.2416748e-001
 4.2447484e-001
 4.2482045e-001
 4.2521995e-001
 4.2565945e-001
 4.2611349e-001
 4.2655644e-001
 4.2696300e-001
 4.2730728e-001
 4.2757016e-001
 4.2777148e-001
 4.2794666e-001
 4.2813095e-001
 4.2835981e-001
 4.2866865e-001
 4.2908475e-001
 4.2958546e-001
 4.3012801e-001
 4.3066964e-001
 4.3116784e-001
 4.3157965e-001
 4.3187109e-001
 4.3206358e-001
 4.3220052e-001
 4.3232536e-001
 4.3248162e-001
 4.3271276e-001
 4.3305567e-001
 4.3350548e-001
 4.3404043e-001
 4.3463865e-001
 4.3527889e-001
 4.3593886e-001
 4.3659610e-001
 4.3721995e-001
 4.3777698e-001
 4.3823361e-001
 4.3855628e-001
 4.3871161e-001
 4.3867677e-001
 4.3849939e-001
 4.3825531e-001
 4.3802047e-001
 4.3787083e-001
 4.3788233e-001
 4.3811747e-001
 4.3855011e-001
 4.3911892e-001
 4.3976215e-001
 4.4041792e-001
 4.4102502e-001
 4.4152924e-001
 4.4193003e-001
 4.4224778e-001
 4.4250301e-001
 4.4271630e-001
 4.4290826e-001
 4.4309866e-001
 4.4330272e-001
 4.4353372e-001
 4.4380504e-001
 4.4412977e-001
 4.4452146e-001
 4.4498911e-001
 4.4551483e-001
 4.4606948e-001
 4.4662389e-001
 4.4714886e-001
 4.4761515e-001
 4.4799939e-001
 4.4831511e-001
 4.4859168e-001
 4.4885823e-001
 4.4914386e-001
 4.4947803e-001
 4.4988379e-001
 4.5034531e-001
 4.5082992e-001
 4.5130533e-001
 4.5173898e-001
 4.5209843e-001
 4.5235735e-001
 4.5253024e-001
 4.5264885e-001
 4.5274493e-001
 4.5285013e-001
 4.5299622e-001
 4.5321086e-001
 4.5349428e-001
 4.5383495e-001
 4.5422149e-001
 4.5464253e-001
 4.5508653e-001
 4.5554259e-001
 4.5600033e-001
 4.5645061e-001
 4.5688391e-001
 4.5729083e-001
 4.5766187e-001
 4.5798928e-001
 4.5827657e-001
 4.5853165e-001
 4.5876279e-001
 4.5897818e-001
 4.5918581e-001
 4.5939431e-001
 4.5961401e-001
 4.5985657e-001
 4.6013337e-001
 4.6045578e-001
 4.6083540e-001
 4.6127990e-001
 4.6177265e-001
 4.6228582e-001
 4.6279225e-001
 4.6326420e-001
 4.6367425e-001
 4.6399948e-001
 4.6424943e-001
 4.6444771e-001
 4.6461770e-001
 4.6478298e-001
 4.6496704e-001
 4.6518949e-001
 4.6544328e-001
 4.6570939e-001
 4.6596920e-001
 4.6620396e-001
 4.6639469e-001
 4.6652731e-001
 4.6661985e-001
 4.6670452e-001
 4.6681336e-001
 4.6697852e-001
 4.6723223e-001
 4.6760011e-001
 4.6806210e-001
 4.6857789e-001
 4.6910757e-001
 4.6961084e-001
 4.7004759e-001
 4.7038379e-001
 4.7062930e-001
 4.7081330e-001
 4.7096470e-001
 4.7111279e-001
 4.7128651e-001
 4.7151127e-001
 4.7178596e-001
 4.7209731e-001
 4.7243255e-001
 4.7277841e-001
 4.7312203e-001
 4.7345203e-001
 4.7376898e-001
 4.7407919e-001
 4.7438842e-001
 4.7470292e-001
 4.7502866e-001
 4.7536913e-001
 4.7570902e-001
 4.7602481e-001
 4.7629297e-001
 4.7648978e-001
 4.7659168e-001
 4.7658181e-001
 4.7649148e-001
 4.7637349e-001
 4.7628105e-001
 4.7626689e-001
 4.7638413e-001
 4.7667626e-001
 4.7711766e-001
 4.7765175e-001
 4.7822213e-001
 4.7877187e-001
 4.7924456e-001
 4.7959191e-001
 4.7982812e-001
 4.7999531e-001
 4.8013547e-001
 4.8029101e-001
 4.8050407e-001
 4.8080951e-001
 4.8118815e-001
 4.8159632e-001
 4.8199061e-001
 4.8232687e-001
 4.8256180e-001
 4.8265964e-001
 4.8264557e-001
 4.8257220e-001
 4.8249227e-001
 4.8245847e-001
 4.8252356e-001
 4.8273143e-001
 4.8306045e-001
 4.8345894e-001
 4.8387548e-001
 4.8425797e-001
 4.8455498e-001
 4.8472318e-001
 4.8478356e-001
 4.8478633e-001
 4.8478195e-001
 4.8482060e-001
 4.8495269e-001
 4.8522049e-001
 4.8560491e-001
 4.8605844e-001
 4.8653391e-001
 4.8698339e-001
 4.8735976e-001
 4.8762193e-001
 4.8777854e-001
 4.8786107e-001
 4.8790109e-001
 4.8793039e-001
 4.8798048e-001
 4.8808017e-001
 4.8823634e-001
 4.8844579e-001
 4.8870540e-001
 4.8901170e-001
 4.8936173e-001
 4.8975000e-001
 4.9015641e-001
 4.9055341e-001
 4.9091369e-001
 4.9121001e-001
 4.9141473e-001
 4.9150589e-001
 4.9150199e-001
 4.9144077e-001
 4.9135992e-001
 4.9129725e-001
 4.9129057e-001
 4.9137223e-001
 4.9153274e-001
 4.9174315e-001
 4.9197403e-001
 4.9219647e-001
 4.9238101e-001
 4.9250343e-001
 4.9257651e-001
 4.9263078e-001
 4.9269691e-001
 4.9280548e-001
 4.9298713e-001
 4.9326667e-001
 4.9362329e-001
 4.9401462e-001
 4.9439794e-001
 4.9473098e-001
 4.9497089e-001
 4.9508214e-001
 4.9508250e-001
 4.9501544e-001
 4.9492472e-001
 4.9485376e-001
 4.9484634e-001
 4.9494076e-001
 4.9513367e-001
 4.9540159e-001
 4.9572098e-001
 4.9606842e-001
 4.9642017e-001
 4.9675465e-001
 4.9706346e-001
 4.9734518e-001
 4.9759832e-001
 4.9782124e-001
 4.9801254e-001
 4.9817121e-001
 4.9830198e-001
 4.9841186e-001
 4.9850819e-001
 4.9859810e-001
 4.9868882e-001
 4.9878696e-001
 4.9889398e-001
 4.9900928e-001
 4.9913198e-001
 4.9926117e-001
 4.9939618e-001
 4.9953693e-001
 4.9969113e-001
 4.9987000e-001
 5.0008476e-001
 5.0034666e-001
 5.0066692e-001
 5.0105280e-001
 5.0147802e-001
 5.0190043e-001
 5.0227737e-001
 5.0256628e-001
 5.0272542e-001
 5.0274754e-001
 5.0267434e-001
 5.0255138e-001
 5.0242406e-001
 5.0233644e-001
 5.0230831e-001
 5.0233912e-001
 5.0242764e-001
 5.0257248e-001
 5.0277102e-001
 5.0300801e-001
 5.0326198e-001
 5.0351161e-001
 5.0373554e-001
 5.0391853e-001
 5.0407392e-001
 5.0422305e-001
 5.0438708e-001
 5.0458747e-001
 5.0483465e-001
 5.0511342e-001
 5.0540435e-001
 5.0568813e-001
 5.0594550e-001
 5.0616479e-001
 5.0634593e-001
 5.0648904e-001
 5.0659460e-001
 5.0666380e-001
 5.0670844e-001
 5.0674975e-001
 5.0680941e-001
 5.0690877e-001
 5.0706595e-001
 5.0726795e-001
 5.0748646e-001
 5.0769293e-001
 5.0785899e-001
 5.0796449e-001
 5.0802809e-001
 5.0807935e-001
 5.0814795e-001
 5.0826353e-001
 5.0844151e-001
 5.0866175e-001
 5.0889844e-001
 5.0912583e-001
 5.0931835e-001
 5.0946718e-001
 5.0958782e-001
 5.0969750e-001
 5.0981355e-001
 5.0995308e-001
 5.1012856e-001
 5.1034844e-001
 5.1062077e-001
 5.1095402e-001
 5.1135135e-001
 5.1177526e-001
 5.1216680e-001
 5.1246667e-001
 5.1261604e-001
 5.1257539e-001
 5.1239765e-001
 5.1216274e-001
 5.1195031e-001
 5.1184016e-001
 5.1188141e-001
 5.1204437e-001
 5.1228642e-001
 5.1256526e-001
 5.1283884e-001
 5.1308382e-001
 5.1330513e-001
 5.1350993e-001
 5.1370519e-001
 5.1389807e-001
 5.1409292e-001
 5.1429152e-001
 5.1449567e-001
 5.1470727e-001
 5.1492584e-001
 5.1513112e-001
 5.1529241e-001
 5.1537895e-001
 5.1536006e-001
 5.1521742e-001
 5.1499265e-001
 5.1474500e-001
 5.1453382e-001
 5.1441848e-001
 5.1445520e-001
 5.1464760e-001
 5.1495111e-001
 5.1531965e-001
 5.1570719e-001
 5.1606750e-001
 5.1635623e-001
 5.1656497e-001
 5.1671702e-001
 5.1683700e-001
 5.1694971e-001
 5.1707977e-001
 5.1725048e-001
 5.1746273e-001
 5.1769632e-001
 5.1793057e-001
 5.1814467e-001
 5.1831800e-001
 5.1843077e-001
 5.1848739e-001
 5.1851350e-001
 5.1853561e-001
 5.1858032e-001
 5.1867414e-001
 5.1884228e-001
 5.1908326e-001
 5.1937145e-001
 5.1968044e-001
 5.1998359e-001
 5.2025443e-001
 5.2046752e-001
 5.2061993e-001
 5.2072924e-001
 5.2081394e-001
 5.2089256e-001
 5.2098328e-001
 5.2110404e-001
 5.2125847e-001
 5.2143764e-001
 5.2163184e-001
 5.2183157e-001
 5.2202731e-001
 5.2220958e-001
 5.2237320e-001
 5.2251649e-001
 5.2263802e-001
 5.2273643e-001
 5.2281016e-001
 5.2285844e-001
 5.2289224e-001
 5.2293384e-001
 5.2300572e-001
 5.2313048e-001
 5.2333075e-001
 5.2362740e-001
 5.2400941e-001
 5.2443516e-001
 5.2486223e-001
 5.2524829e-001
 5.2555043e-001
 5.2572858e-001
 5.2578586e-001
 5.2576655e-001
 5.2571666e-001
 5.2568197e-001
 5.2570844e-001
 5.2583992e-001
 5.2607948e-001
 5.2639145e-001
 5.2673876e-001
 5.2708447e-001
 5.2739131e-001
 5.2762359e-001
 5.2777338e-001
 5.2785921e-001
 5.2790076e-001
 5.2791739e-001
 5.2792871e-001
 5.2795380e-001
 5.2800280e-001
 5.2807724e-001
 5.2817845e-001
 5.2830744e-001
 5.2846551e-001
 5.2865356e-001
 5.2886653e-001
 5.2909362e-001
 5.2932376e-001
 5.2954572e-001
 5.2974850e-001
 5.2992147e-001
 5.3006119e-001
 5.3017151e-001
 5.3025669e-001
 5.3032070e-001
 5.3036773e-001
 5.3040200e-001
 5.3043097e-001
 5.3046483e-001
 5.3051400e-001
 5.3058904e-001
 5.3070039e-001
 5.3085780e-001
 5.3106040e-001
 5.3129637e-001
 5.3155351e-001
 5.3181976e-001
 5.3208292e-001
 5.3233117e-001
 5.3255743e-001
 5.3276002e-001
 5.3293711e-001
 5.3308696e-001
 5.3320807e-001
 5.3329837e-001
 5.3335643e-001
 5.3338253e-001
 5.3338546e-001
 5.3337568e-001
 5.3336406e-001
 5.3336108e-001
 5.3337741e-001
 5.3342384e-001
 5.3351098e-001
 5.3364933e-001
 5.3384590e-001
 5.3409153e-001
 5.3437406e-001
 5.3468078e-001
 5.3499913e-001
 5.3531665e-001
 5.3562063e-001
 5.3589880e-001
 5.3613830e-001
 5.3633028e-001
 5.3647971e-001
 5.3659445e-001
 5.3668320e-001
 5.3675395e-001
 5.3681505e-001
 5.3687483e-001
 5.3694153e-001
 5.3702331e-001
 5.3712636e-001
 5.3724825e-001
 5.3738421e-001
 5.3752965e-001
 5.3767991e-001
 5.3783035e-001
 5.3797638e-001
 5.3811318e-001
 5.3823626e-001
 5.3834260e-001
 5.3843492e-001
 5.3851819e-001
 5.3859687e-001
 5.3867561e-001
 5.3875905e-001
 5.3885180e-001
 5.3895849e-001
 5.3908372e-001
 5.3923082e-001
 5.3939801e-001
 5.3958195e-001
 5.3977954e-001
 5.3998756e-001
 5.4020280e-001
 5.4042202e-001
 5.4064226e-001
 5.4086000e-001
 5.4107237e-001
 5.4127699e-001
 5.4147148e-001
 5.4165363e-001
 5.4182124e-001
 5.4197198e-001
 5.4210347e-001
 5.4221362e-001
 5.4230005e-001
 5.4236233e-001
 5.4240686e-001
 5.4244184e-001
 5.4247564e-001
 5.4251653e-001
 5.4257286e-001
 5.4265285e-001
 5.4276466e-001
 5.4291677e-001
 5.4311419e-001
 5.4334944e-001
 5.4361159e-001
 5.4388958e-001
 5.4417282e-001
 5.4444999e-001
 5.4471046e-001
 5.4494321e-001
 5.4513735e-001
 5.4528481e-001
 5.4538965e-001
 5.4545921e-001
 5.4550070e-001
 5.4552138e-001
 5.4552847e-001
 5.4552925e-001
 5.4553097e-001
 5.4554075e-001
 5.4556483e-001
 5.4560411e-001
 5.4565829e-001
 5.4572719e-001
 5.4581034e-001
 5.4590750e-001
 5.4601765e-001
 5.4613912e-001
 5.4627043e-001
 5.4640985e-001
 5.4655582e-001
 5.4670691e-001
 5.4686439e-001
 5.4703146e-001
 5.4721165e-001
 5.4740810e-001
 5.4762453e-001
 5.4786378e-001
 5.4812312e-001
 5.4839474e-001
 5.4867089e-001
 5.4894376e-001
 5.4920566e-001
 5.4944873e-001
 5.4966664e-001
 5.4985386e-001
 5.5000538e-001
 5.5011547e-001
 5.5017900e-001
 5.5019164e-001
 5.5016291e-001
 5.5011427e-001
 5.5006772e-001
 5.5004466e-001
 5.5006713e-001
 5.5015540e-001
 5.5030948e-001
 5.5051160e-001
 5.5074400e-001
 5.5098850e-001
 5.5122715e-001
 5.5144274e-001
 5.5162847e-001
 5.5178678e-001
 5.5192006e-001
 5.5203080e-001
 5.5212170e-001
 5.5219519e-001
 5.5225569e-001
 5.5230904e-001
 5.5236059e-001
 5.5241644e-001
 5.5248219e-001
 5.5256349e-001
 5.5266440e-001
 5.5278772e-001
 5.5293620e-001
 5.5311275e-001
 5.5331975e-001
 5.5355996e-001
 5.5383158e-001
 5.5412889e-001
 5.5444628e-001
 5.5477810e-001
 5.5511874e-001
 5.5546230e-001
 5.5579698e-001
 5.5610675e-001
 5.5637491e-001
 5.5658531e-001
 5.5672127e-001
 5.5676770e-001
 5.5673379e-001
 5.5664873e-001
 5.5654252e-001
 5.5644524e-001
 5.5638677e-001
 5.5639589e-001
 5.5647850e-001
 5.5662113e-001
 5.5680966e-001
 5.5703026e-001
 5.5726862e-001
 5.5751085e-001
 5.5774486e-001
 5.5795974e-001
 5.5814499e-001
 5.5828971e-001
 5.5838341e-001
 5.5841595e-001
 5.5839223e-001
 5.5832887e-001
 5.5824333e-001
 5.5815291e-001
 5.5807495e-001
 5.5802619e-001
 5.5801558e-001
 5.5804485e-001
 5.5811560e-001
 5.5822939e-001
 5.5838794e-001
 5.5859226e-001
 5.5883664e-001
 5.5910921e-001
 5.5939770e-001
 5.5969018e-001
 5.5997419e-001
 5.6023824e-001
 5.6047487e-001
 5.6068057e-001
 5.6085235e-001
 5.6098658e-001
 5.6108022e-001
 5.6113058e-001
 5.6114584e-001
 5.6114352e-001
 5.6114155e-001
 5.6115770e-001
 5.6120986e-001
 5.6131536e-001
 5.6147641e-001
 5.6168282e-001
 5.6192398e-001
 5.6218874e-001
 5.6246686e-001
 5.6274670e-001
 5.6301123e-001
 5.6323749e-001
 5.6340194e-001
 5.6348175e-001
 5.6345350e-001
 5.6329656e-001
 5.6303608e-001
 5.6273794e-001
 5.6246918e-001
 5.6229728e-001
 5.6228930e-001
 5.6250846e-001
 5.6294364e-001
 5.6351757e-001
 5.6415015e-001
 5.6476212e-001
 5.6527323e-001
 5.6560737e-001
 5.6574869e-001
 5.6573600e-001
 5.6560981e-001
 5.6541097e-001
 5.6517988e-001
 5.6495744e-001
 5.6478411e-001
 5.6469113e-001
 5.6467718e-001
 5.6473303e-001
 5.6485003e-001
 5.6501925e-001
 5.6523174e-001
 5.6547850e-001
 5.6575102e-001
 5.6603992e-001
 5.6633675e-001
 5.6663287e-001
 5.6691992e-001
 5.6718946e-001
 5.6743312e-001
 5.6764245e-001
 5.6780899e-001
 5.6792444e-001
 5.6798023e-001
 5.6797314e-001
 5.6791735e-001
 5.6783158e-001
 5.6773388e-001
 5.6764299e-001
 5.6757724e-001
 5.6755501e-001
 5.6759471e-001
 5.6771493e-001
 5.6792670e-001
 5.6821507e-001
 5.6855905e-001
 5.6893772e-001
 5.6933022e-001
 5.6971556e-001
 5.7007289e-001
 5.7038105e-001
 5.7061934e-001
 5.7077295e-001
 5.7084984e-001
 5.7086354e-001
 5.7082707e-001
 5.7075375e-001
 5.7065672e-001
 5.7054943e-001
 5.7044488e-001
 5.7035649e-001
 5.7029545e-001
 5.7026637e-001
 5.7027185e-001
 5.7031488e-001
 5.7039821e-001
 5.7052469e-001
 5.7069719e-001
 5.7091844e-001
 5.7119119e-001
 5.7151455e-001
 5.7187235e-001
 5.7224554e-001
 5.7261497e-001
 5.7296127e-001
 5.7326531e-001
 5.7350773e-001
 5.7366943e-001
 5.7373118e-001
 5.7368159e-001
 5.7353908e-001
 5.7332903e-001
 5.7307655e-001
 5.7280707e-001
 5.7254571e-001
 5.7231784e-001
 5.7214868e-001
 5.7206362e-001
 5.7208031e-001
 5.7218879e-001
 5.7237238e-001
 5.7261431e-001
 5.7289803e-001
 5.7320690e-001
 5.7352418e-001
 5.7383311e-001
 5.7411724e-001
 5.7436347e-001
 5.7457227e-001
 5.7474786e-001
 5.7489383e-001
 5.7501441e-001
 5.7511318e-001
 5.7519436e-001
 5.7526165e-001
 5.7531905e-001
 5.7537049e-001
 5.7541972e-001
 5.7546878e-001
 5.7551801e-001
 5.7556766e-001
 5.7561791e-001
 5.7566905e-001
 5.7572114e-001
 5.7577461e-001
 5.7582957e-001
 5.7588631e-001
 5.7594502e-001
 5.7600605e-001
 5.7606941e-001
 5.7613540e-001
 5.7620388e-001
 5.7627481e-001
 5.7634819e-001
 5.7642394e-001
 5.7650214e-001
 5.7658261e-001
 5.7666540e-001
 5.7675052e-001
 5.7683778e-001
 5.7692724e-001
 5.7701892e-001
 5.7711303e-001
 5.7721001e-001
 5.7731032e-001
 5.7741457e-001
 5.7752317e-001
 5.7763660e-001
 5.7775533e-001
 5.7787985e-001
 5.7801080e-001
 5.7814842e-001
 5.7829350e-001
 5.7844627e-001
 5.7860583e-001
 5.7876974e-001
 5.7893580e-001
 5.7910156e-001
 5.7926476e-001
 5.7942289e-001
 5.7957345e-001
 5.7971436e-001
 5.7984316e-001
 5.7995737e-001
 5.8005470e-001
 5.8013290e-001
 5.8019197e-001
 5.8023411e-001
 5.8026201e-001
 5.8027798e-001
 5.8028436e-001
 5.8028370e-001
 5.8027840e-001
 5.8026707e-001
 5.8026230e-001
 5.8033437e-001
 5.8050072e-001
 5.8073276e-001
 5.8100009e-001
 5.8127189e-001
 5.8151859e-001
 5.8172840e-001
 5.8190739e-001
 5.8206254e-001
 5.8220065e-001
 5.8232903e-001
 5.8246249e-001
 5.8262312e-001
 5.8283371e-001
 5.8311659e-001
 5.8349305e-001
 5.8395076e-001
 5.8444488e-001
 5.8492905e-001
 5.8535725e-001
 5.8568317e-001
 5.8587599e-001
 5.8596522e-001
 5.8599484e-001
 5.8600873e-001
 5.8605105e-001
 5.8616567e-001
 5.8638287e-001
 5.8668035e-001
 5.8702290e-001
 5.8737552e-001
 5.8770311e-001
 5.8797055e-001
 5.8814275e-001
 5.8819789e-001
 5.8816421e-001
 5.8808184e-001
 5.8799106e-001
 5.8793205e-001
 5.8794504e-001
 5.8807039e-001
 5.8834821e-001
 5.8880216e-001
 5.8939373e-001
 5.9006959e-001
 5.9077656e-001
 5.9146130e-001
 5.9207046e-001
 5.9255081e-001
 5.9284931e-001
 5.9292918e-001
 5.9281600e-001
 5.9254974e-001
 5.9217042e-001
 5.9171808e-001
 5.9123272e-001
 5.9075439e-001
 5.9032309e-001
 5.8996981e-001
 5.8969170e-001
 5.8947843e-001
 5.8931965e-001
 5.8920479e-001
 5.8912349e-001
 5.8906531e-001
 5.8901983e-001
 5.8897668e-001
 5.8892536e-001
 5.8885545e-001
 5.8875656e-001
 5.8862257e-001
 5.8846295e-001
 5.8829057e-001
 5.8811855e-001
 5.8795983e-001
 5.8782750e-001
 5.8773434e-001
 5.8769339e-001
 5.8771771e-001
 5.8782035e-001
 5.8801419e-001
 5.8831221e-001
 5.8872044e-001
 5.8922017e-001
 5.8978671e-001
 5.9039599e-001
 5.9102321e-001
 5.9164429e-001
 5.9223461e-001
 5.9276992e-001
 5.9322572e-001
 5.9357756e-001
 5.9380114e-001
 5.9388143e-001
 5.9383637e-001
 5.9369123e-001
 5.9347141e-001
 5.9320199e-001
 5.9290826e-001
 5.9261554e-001
 5.9234911e-001
 5.9213418e-001
 5.9199601e-001
 5.9195149e-001
 5.9198886e-001
 5.9208983e-001
 5.9223640e-001
 5.9241027e-001
 5.9259337e-001
 5.9276766e-001
 5.9291482e-001
 5.9301680e-001
 5.9305549e-001
 5.9301895e-001
 5.9291667e-001
 5.9276247e-001
 5.9257054e-001
 5.9235466e-001
 5.9212905e-001
 5.9190744e-001
 5.9170407e-001
 5.9153271e-001
 5.9140754e-001
 5.9133923e-001
 5.9132820e-001
 5.9137267e-001
 5.9147054e-001
 5.9162021e-001
 5.9181952e-001
 5.9206682e-001
 5.9236014e-001
 5.9269750e-001
 5.9307414e-001
 5.9347504e-001
 5.9388316e-001
 5.9428155e-001
 5.9465289e-001
 5.9498048e-001
 5.9524703e-001
 5.9543562e-001
 5.9553415e-001
 5.9554684e-001
 5.9548151e-001
 5.9534580e-001
 5.9514749e-001
 5.9489417e-001
 5.9459370e-001
 5.9425360e-001
 5.9388602e-001
 5.9351754e-001
 5.9317732e-001
 5.9289491e-001
 5.9269965e-001
 5.9262091e-001
 5.9268802e-001
 5.9293044e-001
 5.9335876e-001
 5.9392345e-001
 5.9456313e-001
 5.9521574e-001
 5.9581995e-001
 5.9631389e-001
 5.9663618e-001
 5.9675258e-001
 5.9671736e-001
 5.9660196e-001
 5.9647810e-001
 5.9641761e-001
 5.9649181e-001
 5.9674126e-001
 5.9710711e-001
 5.9751129e-001
 5.9787530e-001
 5.9812105e-001
 5.9817016e-001
 5.9797800e-001
 5.9760523e-001
 5.9713382e-001
 5.9664476e-001
 5.9622002e-001
 5.9594089e-001
 5.9586126e-001
 5.9594750e-001
 5.9614980e-001
 5.9641790e-001
 5.9670156e-001
 5.9695095e-001
 5.9712720e-001
 5.9722853e-001
 5.9725946e-001
 5.9722513e-001
 5.9713012e-001
 5.9697932e-001
 5.9678257e-001
 5.9656537e-001
 5.9635609e-001
 5.9618312e-001
 5.9607482e-001
 5.9605956e-001
 5.9615362e-001
 5.9633613e-001
 5.9657931e-001
 5.9685504e-001
 5.9713578e-001
 5.9739339e-001
 5.9760290e-001
 5.9774703e-001
 5.9781015e-001
 5.9777677e-001
 5.9763116e-001
 5.9735775e-001
 5.9696370e-001
 5.9652436e-001
 5.9612787e-001
 5.9586233e-001
 5.9581560e-001
 5.9607595e-001
 5.9668404e-001
 5.9754086e-001
 5.9852141e-001
 5.9950078e-001
 6.0035366e-001
 6.0096121e-001
 6.0129637e-001
 6.0140169e-001
 6.0132164e-001
 6.0110062e-001
 6.0078353e-001
 6.0042268e-001
 6.0007614e-001
 5.9980202e-001
 5.9965825e-001
 5.9969842e-001
 5.9991103e-001
 6.0023516e-001
 6.0060889e-001
 6.0097003e-001
 6.0125935e-001
 6.0145527e-001
 6.0156500e-001
 6.0159636e-001
 6.0155702e-001
 6.0145503e-001
 6.0130078e-001
 6.0110646e-001
 6.0088426e-001
 6.0064650e-001
 6.0040611e-001
 6.0018885e-001
 6.0002905e-001
 5.9996182e-001
 6.0002184e-001
 6.0023957e-001
 6.0058475e-001
 6.0098207e-001
 6.0135525e-001
 6.0162795e-001
 6.0173005e-001
 6.0167670e-001
 6.0154581e-001
 6.0141665e-001
 6.0136843e-001
 6.0147411e-001
 6.0171896e-001
 6.0202467e-001
 6.0231137e-001
 6.0249925e-001
 6.0251564e-001
 6.0238463e-001
 6.0220033e-001
 6.0205865e-001
 6.0205519e-001
 6.0227722e-001
 6.0269558e-001
 6.0319763e-001
 6.0366923e-001
 6.0399538e-001
 6.0407138e-001
 6.0391843e-001
 6.0364830e-001
 6.0337466e-001
 6.0321122e-001
 6.0326219e-001
 6.0350597e-001
 6.0383177e-001
 6.0412669e-001
 6.0427767e-001
 6.0418117e-001
 6.0385394e-001
 6.0339850e-001
 6.0291874e-001
 6.0251850e-001
 6.0229534e-001
 6.0226190e-001
 6.0237110e-001
 6.0257477e-001
 6.0282433e-001
 6.0307419e-001
 6.0330838e-001
 6.0353249e-001
 6.0375255e-001
 6.0397428e-001
 6.0420221e-001
 6.0442251e-001
 6.0460860e-001
 6.0473377e-001
 6.0477108e-001
 6.0469794e-001
 6.0454339e-001
 6.0437208e-001
 6.0424966e-001
 6.0424149e-001
 6.0440654e-001
 6.0471934e-001
 6.0509717e-001
 6.0545611e-001
 6.0571188e-001
 6.0578781e-001
 6.0569489e-001
 6.0550457e-001
 6.0528934e-001
 6.0512149e-001
 6.0506856e-001
 6.0513395e-001
 6.0527790e-001
 6.0545993e-001
 6.0563946e-001
 6.0577822e-001
 6.0586482e-001
 6.0590607e-001
 6.0590923e-001
 6.0588133e-001
 6.0582983e-001
 6.0576355e-001
 6.0569245e-001
 6.0562682e-001
 6.0557663e-001
 6.0555077e-001
 6.0554665e-001
 6.0555333e-001
 6.0555983e-001
 6.0555536e-001
 6.0553044e-001
 6.0549223e-001
 6.0545909e-001
 6.0544962e-001
 6.0548234e-001
 6.0557330e-001
 6.0570830e-001
 6.0585332e-001
 6.0597396e-001
 6.0603589e-001
 6.0600704e-001
 6.0588384e-001
 6.0568076e-001
 6.0541278e-001
 6.0509485e-001
 6.0474366e-001
 6.0439628e-001
 6.0410291e-001
 6.0391402e-001
 6.0388011e-001
 6.0404533e-001
 6.0438102e-001
 6.0481179e-001
 6.0526109e-001
 6.0565287e-001
 6.0591519e-001
 6.0602963e-001
 6.0601145e-001
 6.0587680e-001
 6.0564172e-001
 6.0532606e-001
 6.0499346e-001
 6.0473609e-001
 6.0464603e-001
 6.0481590e-001
 6.0532570e-001
 6.0611904e-001
 6.0705334e-001
 6.0798371e-001
 6.0876620e-001
 6.0926718e-001
 6.0947472e-001
 6.0945296e-001
 6.0926729e-001
 6.0898328e-001
 6.0866320e-001
 6.0833526e-001
 6.0800618e-001
 6.0768229e-001
 6.0737002e-001
 6.0707521e-001
 6.0679936e-001
 6.0654122e-001
 6.0629922e-001
 6.0607207e-001
 6.0585994e-001
 6.0567874e-001
 6.0555440e-001
 6.0551310e-001
 6.0558087e-001
 6.0577893e-001
 6.0607481e-001
 6.0640341e-001
 6.0669923e-001
 6.0689634e-001
 6.0693663e-001
 6.0684127e-001
 6.0667968e-001
 6.0652208e-001
 6.0643888e-001
 6.0649270e-001
 6.0666794e-001
 6.0690111e-001
 6.0712802e-001
 6.0728467e-001
 6.0731244e-001
 6.0721141e-001
 6.0701734e-001
 6.0676605e-001
 6.0649359e-001
 6.0623461e-001
 6.0600823e-001
 6.0582411e-001
 6.0569191e-001
 6.0562128e-001
 6.0562074e-001
 6.0568637e-001
 6.0580671e-001
 6.0597062e-001
 6.0616654e-001
 6.0638171e-001
 6.0658884e-001
 6.0675198e-001
 6.0683519e-001
 6.0680223e-001
 6.0662401e-001
 6.0633957e-001
 6.0602826e-001
 6.0577029e-001
 6.0564548e-001
 6.0572290e-001
 6.0595995e-001
 6.0624886e-001
 6.0648137e-001
 6.0654879e-001
 6.0635692e-001
 6.0595500e-001
 6.0547614e-001
 6.0505402e-001
 6.0482252e-001
 6.0489857e-001
 6.0522938e-001
 6.0566407e-001
 6.0605073e-001
 6.0623765e-001
 6.0609156e-001
 6.0566843e-001
 6.0513198e-001
 6.0464758e-001
 6.0438019e-001
 6.0447478e-001
 6.0487396e-001
 6.0540545e-001
 6.0589564e-001
 6.0617089e-001
 6.0607880e-001
 6.0567278e-001
 6.0512298e-001
 6.0460144e-001
 6.0427946e-001
 6.0430938e-001
 6.0465699e-001
 6.0518193e-001
 6.0574371e-001
 6.0620105e-001
 6.0642618e-001
 6.0641533e-001
 6.0623491e-001
 6.0595149e-001
 6.0563219e-001
 6.0534066e-001
 6.0511291e-001
 6.0496879e-001
 6.0492808e-001
 6.0501063e-001
 6.0523015e-001
 6.0554218e-001
 6.0586977e-001
 6.0613596e-001
 6.0626382e-001
 6.0618579e-001
 6.0592628e-001
 6.0555983e-001
 6.0516143e-001
 6.0480630e-001
 6.0456318e-001
 6.0444170e-001
 6.0441941e-001
 6.0447341e-001
 6.0458094e-001
 6.0471976e-001
 6.0487312e-001
 6.0502744e-001
 6.0516882e-001
 6.0528380e-001
 6.0536075e-001
 6.0540730e-001
 6.0544175e-001
 6.0548222e-001
 6.0554707e-001
 6.0565126e-001
 6.0578167e-001
 6.0590988e-001
 6.0600716e-001
 6.0604501e-001
 6.0599786e-001
 6.0586774e-001
 6.0567117e-001
 6.0542494e-001
 6.0514569e-001
 6.0485208e-001
 6.0457587e-001
 6.0435718e-001
 6.0423547e-001
 6.0425061e-001
 6.0443354e-001
 6.0473692e-001
 6.0507292e-001
 6.0535246e-001
 6.0548729e-001
 6.0540080e-001
 6.0512269e-001
 6.0473818e-001
 6.0433322e-001
 6.0399336e-001
 6.0379517e-001
 6.0373414e-001
 6.0376424e-001
 6.0383856e-001
 6.0391045e-001
 6.0393751e-001
 6.0391253e-001
 6.0384703e-001
 6.0375237e-001
 6.0364002e-001
 6.0352087e-001
 6.0339999e-001
 6.0327989e-001
 6.0316271e-001
 6.0305077e-001
 6.0294694e-001
 6.0285848e-001
 6.0279542e-001
 6.0276735e-001
 6.0278416e-001
 6.0285389e-001
 6.0297054e-001
 6.0312116e-001
 6.0329252e-001
 6.0347146e-001
 6.0364205e-001
 6.0376489e-001
 6.0378885e-001
 6.0366261e-001
 6.0333502e-001
 6.0277027e-001
 6.0206133e-001
 6.0136646e-001
 6.0084337e-001
 6.0065055e-001
 6.0091919e-001
 6.0155571e-001
 6.0235560e-001
 6.0311335e-001
 6.0362351e-001
 6.0370594e-001
 6.0339099e-001
 6.0281271e-001
 6.0210586e-001
 6.0140491e-001
 6.0083032e-001
 6.0038161e-001
 5.9999967e-001
 5.9962481e-001
 5.9919763e-001
 5.9867013e-001
 5.9808946e-001
 5.9754920e-001
 5.9714282e-001
 5.9696442e-001
 5.9708756e-001
 5.9742361e-001
 5.9780574e-001
 5.9806639e-001
 5.9803808e-001
 5.9757924e-001
 5.9675425e-001
 5.9572768e-001
 5.9466386e-001
 5.9372741e-001
 5.9306073e-001
 5.9262776e-001
 5.9230822e-001
 5.9198058e-001
 5.9152365e-001
 5.9083802e-001
 5.8999747e-001
 5.8915758e-001
 5.8847421e-001
 5.8810347e-001
 5.8817899e-001
 5.8865637e-001
 5.8940756e-001
 5.9030449e-001
 5.9121805e-001
 5.9203160e-001
 5.9271663e-001
 5.9328681e-001
 5.9375542e-001
 5.9413606e-001
 5.9444427e-001
 5.9471089e-001
 5.9497374e-001
 5.9527069e-001
 5.9563971e-001
 5.9611088e-001
 5.9665459e-001
 5.9721327e-001
 5.9772938e-001
 5.9814543e-001
 5.9841216e-001
 5.9854394e-001
 5.9858412e-001
 5.9857643e-001
 5.9856439e-001
 5.9858656e-001
 5.9864229e-001
 5.9871322e-001
 5.9878081e-001
 5.9882665e-001
 5.9883463e-001
 5.9880674e-001
 5.9875286e-001
 5.9868324e-001
 5.9860796e-001
 5.9853661e-001
 5.9847569e-001
 5.9843016e-001
 5.9840488e-001
 5.9840506e-001
 5.9843254e-001
 5.9846860e-001
 5.9848511e-001
 5.9845382e-001
 5.9834641e-001
 5.9814149e-001
 5.9786719e-001
 5.9757423e-001
 5.9731275e-001
 5.9713340e-001
 5.9707731e-001
 5.9711742e-001
 5.9719640e-001
 5.9725714e-001
 5.9724218e-001
 5.9710288e-001
 5.9685451e-001
 5.9653962e-001
 5.9620130e-001
 5.9588242e-001
 5.9562469e-001
 5.9546036e-001
 5.9541780e-001
 5.9552497e-001
 5.9581029e-001
 5.9628987e-001
 5.9689546e-001
 5.9752172e-001
 5.9806341e-001
 5.9841496e-001
 5.9848511e-001
 5.9827989e-001
 5.9784740e-001
 5.9723628e-001
 5.9649485e-001
 5.9567624e-001
 5.9486550e-001
 5.9416181e-001
 5.9366453e-001
 5.9347278e-001
 5.9366125e-001
 5.9413415e-001
 5.9472281e-001
 5.9525847e-001
 5.9557271e-001
 5.9552360e-001
 5.9515685e-001
 5.9459716e-001
 5.9396940e-001
 5.9339845e-001
 5.9299314e-001
 5.9275180e-001
 5.9262621e-001
 5.9256792e-001
 5.9252870e-001
 5.9246457e-001
 5.9236187e-001
 5.9221935e-001
 5.9203601e-001
 5.9181082e-001
 5.9154350e-001
 5.9123993e-001
 5.9090823e-001
 5.9055698e-001
 5.9019434e-001
 5.8982962e-001
 5.8947915e-001
 5.8916169e-001
 5.8889657e-001
 5.8870268e-001
 5.8859193e-001
 5.8852905e-001
 5.8845913e-001
 5.8832741e-001
 5.8807898e-001
 5.8766919e-001
 5.8712119e-001
 5.8648539e-001
 5.8581227e-001
 5.8515257e-001
 5.8455622e-001
 5.8404869e-001
 5.8361757e-001
 5.8324707e-001
 5.8292145e-001
 5.8262509e-001
 5.8234245e-001
 5.8206677e-001
 5.8180499e-001
 5.8156526e-001
 5.8135575e-001
 5.8118439e-001
 5.8105898e-001
 5.8097059e-001
 5.8088464e-001
 5.8076447e-001
 5.8057338e-001
 5.8027482e-001
 5.7983303e-001
 5.7925898e-001
 5.7863343e-001
 5.7804292e-001
 5.7757437e-001
 5.7731426e-001
 5.7734787e-001
 5.7768452e-001
 5.7822001e-001
 5.7884127e-001
 5.7943511e-001
 5.7988822e-001
 5.8008915e-001
 5.8000094e-001
 5.7969820e-001
 5.7926452e-001
 5.7878327e-001
 5.7833791e-001
 5.7801205e-001
 5.7787621e-001
 5.7792091e-001
 5.7810569e-001
 5.7839000e-001
 5.7873356e-001
 5.7909578e-001
 5.7943642e-001
 5.7972032e-001
 5.7994711e-001
 5.8012938e-001
 5.8027971e-001
 5.8041066e-001
 5.8053493e-001
 5.8066499e-001
 5.8081210e-001
 5.8097833e-001
 5.8116263e-001
 5.8136380e-001
 5.8158076e-001
 5.8181220e-001
 5.8205712e-001
 5.8231419e-001
 5.8258235e-001
 5.8286041e-001
 5.8314705e-001
 5.8344126e-001
 5.8374166e-001
 5.8404720e-001
 5.8435553e-001
 5.8465803e-001
 5.8494377e-001
 5.8520192e-001
 5.8542126e-001
 5.8559102e-001
 5.8570015e-001
 5.8574051e-001
 5.8572072e-001
 5.8565557e-001
 5.8555984e-001
 5.8544838e-001
 5.8533591e-001
 5.8523726e-001
 5.8516508e-001
 5.8511978e-001
 5.8509761e-001
 5.8509427e-001
 5.8510596e-001
 5.8512861e-001
 5.8515811e-001
 5.8519071e-001
 5.8522278e-001
 5.8525115e-001
 5.8527237e-001
 5.8528298e-001
 5.8527994e-001
 5.8525974e-001
 5.8521986e-001
 5.8516222e-001
 5.8509070e-001
 5.8500862e-001
 5.8491999e-001
 5.8482820e-001
 5.8473688e-001
 5.8464962e-001
 5.8456957e-001
 5.8449966e-001
 5.8444250e-001
 5.8440125e-001
 5.8437866e-001
 5.8437765e-001
 5.8440179e-001
 5.8445799e-001
 5.8455473e-001
 5.8470029e-001
 5.8490294e-001
 5.8517104e-001
 5.8551282e-001
 5.8593118e-001
 5.8639830e-001
 5.8687586e-001
 5.8732516e-001
 5.8770794e-001
 5.8798587e-001
 5.8812028e-001
 5.8808219e-001
 5.8789480e-001
 5.8759862e-001
 5.8723480e-001
 5.8684409e-001
 5.8646739e-001
 5.8614546e-001
 5.8591342e-001
 5.8577329e-001
 5.8571637e-001
 5.8573341e-001
 5.8581567e-001
 5.8595419e-001
 5.8613998e-001
 5.8636302e-001
 5.8660728e-001
 5.8685482e-001
 5.8708733e-001
 5.8728701e-001
 5.8743566e-001
 5.8751529e-001
 5.8750832e-001
 5.8741271e-001
 5.8724701e-001
 5.8703095e-001
 5.8678412e-001
 5.8652639e-001
 5.8627748e-001
 5.8605719e-001
 5.8588493e-001
 5.8577335e-001
 5.8572578e-001
 5.8574492e-001
 5.8583367e-001
 5.8599490e-001
 5.8623129e-001
 5.8654565e-001
 5.8694053e-001
 5.8740628e-001
 5.8791786e-001
 5.8844942e-001
 5.8897501e-001
 5.8946878e-001
 5.8990449e-001
 5.9025639e-001
 5.9049916e-001
 5.9062624e-001
 5.9065527e-001
 5.9060538e-001
 5.9049541e-001
 5.9034449e-001
 5.9017164e-001
 5.8999598e-001
 5.8983606e-001
 5.8969766e-001
 5.8957005e-001
 5.8944196e-001
 5.8930159e-001
 5.8913749e-001
 5.8893812e-001
 5.8869195e-001
 5.8838797e-001
 5.8803171e-001
 5.8764958e-001
 5.8726889e-001
 5.8691722e-001
 5.8662224e-001
 5.8641130e-001
 5.8631182e-001
 5.8635074e-001
 5.8652860e-001
 5.8681428e-001
 5.8717501e-001
 5.8757752e-001
 5.8798891e-001
 5.8837622e-001
 5.8870637e-001
 5.8894718e-001
 5.8908498e-001
 5.8912957e-001
 5.8909208e-001
 5.8898330e-001
 5.8881432e-001
 5.8859628e-001
 5.8833998e-001
 5.8805662e-001
 5.8775884e-001
 5.8746111e-001
 5.8717835e-001
 5.8692485e-001
 5.8671552e-001
 5.8656496e-001
 5.8648783e-001
 5.8649832e-001
 5.8659577e-001
 5.8676189e-001
 5.8697748e-001
 5.8722317e-001
 5.8747977e-001
 5.8772796e-001
 5.8794838e-001
 5.8812213e-001
 5.8823901e-001
 5.8829868e-001
 5.8830178e-001
 5.8824873e-001
 5.8814001e-001
 5.8797604e-001
 5.8775741e-001
 5.8748496e-001
 5.8716828e-001
 5.8682811e-001
 5.8648551e-001
 5.8616149e-001
 5.8587718e-001
 5.8565348e-001
 5.8551174e-001
 5.8547229e-001
 5.8553642e-001
 5.8568382e-001
 5.8589286e-001
 5.8614171e-001
 5.8640867e-001
 5.8667219e-001
 5.8691055e-001
 5.8710241e-001
 5.8723658e-001
 5.8731371e-001
 5.8733469e-001
 5.8730066e-001
 5.8721280e-001
 5.8707219e-001
 5.8687973e-001
 5.8663708e-001
 5.8635026e-001
 5.8603156e-001
 5.8569330e-001
 5.8534783e-001
 5.8500773e-001
 5.8468527e-001
 5.8439291e-001
 5.8414268e-001
 5.8393842e-001
 5.8377415e-001
 5.8364356e-001
 5.8354038e-001
 5.8345830e-001
 5.8339107e-001
 5.8333218e-001
 5.8327562e-001
 5.8321482e-001
 5.8314729e-001
 5.8307362e-001
 5.8299506e-001
 5.8291274e-001
 5.8282751e-001
 5.8274055e-001
 5.8265293e-001
 5.8256567e-001
 5.8247983e-001
 5.8239645e-001
 5.8231539e-001
 5.8223510e-001
 5.8215392e-001
 5.8207035e-001
 5.8198279e-001
 5.8188963e-001
 5.8178931e-001
 5.8168024e-001
 5.8156079e-001
 5.8142948e-001
 5.8128631e-001
 5.8113295e-001
 5.8097106e-001
 5.8080250e-001
 5.8062887e-001
 5.8045191e-001
 5.8027345e-001
 5.8009523e-001
 5.7991886e-001
 5.7974613e-001
 5.7958013e-001
 5.7942498e-001
 5.7928485e-001
 5.7916415e-001
 5.7906705e-001
 5.7899779e-001
 5.7896078e-001
 5.7896018e-001
 5.7900012e-001
 5.7908475e-001
 5.7920873e-001
 5.7935750e-001
 5.7951605e-001
 5.7966912e-001
 5.7980180e-001
 5.7989877e-001
 5.7994521e-001
 5.7992584e-001
 5.7982546e-001
 5.7962996e-001
 5.7934064e-001
 5.7897621e-001
 5.7855570e-001
 5.7809842e-001
 5.7762361e-001
 5.7715017e-001
 5.7669777e-001
 5.7628530e-001
 5.7593203e-001
 5.7565641e-001
 5.7545829e-001
 5.7531798e-001
 5.7521522e-001
 5.7512957e-001
 5.7504070e-001
 5.7492840e-001
 5.7477200e-001
 5.7455140e-001
 5.7424605e-001
 5.7383627e-001
 5.7331616e-001
 5.7269371e-001
 5.7197756e-001
 5.7117689e-001
 5.7030016e-001
 5.6935602e-001
 5.6835330e-001
 5.6730098e-001
 5.6620753e-001
 5.6508183e-001
 5.6393081e-001
 5.6276059e-001
 5.6157666e-001
 5.6038493e-001
 5.5919081e-001
 5.5799991e-001
 5.5681849e-001
 5.5565184e-001
 5.5450571e-001
 5.5338562e-001
 5.5229998e-001
 5.5125803e-001
 5.5026966e-001
 5.4934442e-001
 5.4849255e-001
 5.4772365e-001
 5.4704750e-001
 5.4647380e-001
 5.4601228e-001
 5.4567242e-001
 5.4545212e-001
 5.4533786e-001
 5.4531580e-001
 5.4537249e-001
 5.4549384e-001
 5.4566616e-001
 5.4587579e-001
 5.4610878e-001
 5.4635119e-001
 5.4658991e-001
 5.4681760e-001
 5.4703337e-001
 5.4723644e-001
 5.4742628e-001
 5.4760224e-001
 5.4776359e-001
 5.4790956e-001
 5.4803967e-001
 5.4815304e-001
 5.4824907e-001
 5.4832536e-001
 5.4837799e-001
 5.4840291e-001
 5.4839629e-001
 5.4835403e-001
 5.4827219e-001
 5.4814690e-001
 5.4797405e-001
 5.4774970e-001
 5.4747033e-001
 5.4713982e-001
 5.4676962e-001
 5.4637104e-001
 5.4595602e-001
 5.4553574e-001
 5.4512191e-001
 5.4472607e-001
 5.4435986e-001
 5.4403466e-001
 5.4376155e-001
 5.4353994e-001
 5.4335809e-001
 5.4320413e-001
 5.4306614e-001
 5.4293203e-001
 5.4278988e-001
 5.4262775e-001
 5.4243368e-001
 5.4219568e-001
 5.4190201e-001
 5.4155016e-001
 5.4114503e-001
 5.4069203e-001
 5.4019672e-001
 5.3966427e-001
 5.3910041e-001
 5.3851044e-001
 5.3789973e-001
 5.3727365e-001
 5.3663760e-001
 5.3599316e-001
 5.3533876e-001
 5.3467232e-001
 5.3399253e-001
 5.3329736e-001
 5.3258514e-001
 5.3185380e-001
 5.3110212e-001
 5.3032809e-001
 5.2952963e-001
 5.2870059e-001
 5.2783042e-001
 5.2690929e-001
 5.2592653e-001
 5.2487183e-001
 5.2373463e-001
 5.2250510e-001
 5.2117258e-001
 5.1972675e-001
 5.1815742e-001
 5.1646650e-001
 5.1466435e-001
 5.1276189e-001
 5.1077050e-001
 5.0870055e-001
 5.0656408e-001
 5.0437188e-001
 5.0213480e-001
 4.9986354e-001
 4.9757016e-001
 4.9526432e-001
 4.9295545e-001
 4.9065241e-001
 4.8836580e-001
 4.8610443e-001
 4.8387778e-001
 4.8169520e-001
 4.7956571e-001
 4.7749963e-001
 4.7550619e-001
 4.7359979e-001
 4.7179842e-001
 4.7012159e-001
 4.6858749e-001
 4.6721464e-001
 4.6602136e-001
 4.6502689e-001
 4.6424952e-001
 4.6370777e-001
 4.6341854e-001
 4.6336639e-001
 4.6350834e-001
 4.6380052e-001
 4.6419910e-001
 4.6466020e-001
 4.6513972e-001
 4.6559396e-001
 4.6597898e-001
 4.6625099e-001
 4.6636796e-001
 4.6632430e-001
 4.6614474e-001
 4.6585503e-001
 4.6548113e-001
 4.6504870e-001
 4.6458358e-001
 4.6411151e-001
 4.6365821e-001
 4.6324968e-001
 4.6291044e-001
 4.6264553e-001
 4.6244344e-001
 4.6229225e-001
 4.6218017e-001
 4.6209505e-001
 4.6202508e-001
 4.6195820e-001
 4.6188259e-001
 4.6178618e-001
 4.6165788e-001
 4.6149844e-001
 4.6131900e-001
 4.6113065e-001
 4.6094480e-001
 4.6077254e-001
 4.6062532e-001
 4.6051425e-001
 4.6045062e-001
 4.6044576e-001
 4.6050972e-001
 4.6063316e-001
 4.6079108e-001
 4.6095785e-001
 4.6110809e-001
 4.6121594e-001
 4.6125609e-001
 4.6120280e-001
 4.6103063e-001
 4.6071401e-001
 4.6022901e-001
 4.5957816e-001
 4.5878530e-001
 4.5787528e-001
 4.5687261e-001
 4.5580176e-001
 4.5468715e-001
 4.5355380e-001
 4.5242611e-001
 4.5132858e-001
 4.5028472e-001
 4.4930050e-001
 4.4836882e-001
 4.4748142e-001
 4.4663027e-001
 4.4580725e-001
 4.4500467e-001
 4.4421437e-001
 4.4342843e-001
 4.4263858e-001
 4.4183674e-001
 4.4100732e-001
 4.4012934e-001
 4.3918169e-001
 4.3814293e-001
 4.3699241e-001
 4.3570882e-001
 4.3427098e-001
 4.3265742e-001
 4.3084773e-001
 4.2882314e-001
 4.2660642e-001
 4.2425197e-001
 4.2181665e-001
 4.1935569e-001
 4.1692492e-001
 4.1458008e-001
 4.1237643e-001
 4.1037092e-001
 4.0861863e-001
 4.0717202e-001
 4.0603110e-001
 4.0515685e-001
 4.0450820e-001
 4.0404448e-001
 4.0372488e-001
 4.0350899e-001
 4.0335584e-001
 4.0322495e-001
 4.0307537e-001
 4.0286893e-001
 4.0260068e-001
 4.0229127e-001
 4.0196195e-001
 4.0163407e-001
 4.0132895e-001
 4.0106791e-001
 4.0087223e-001
 4.0076324e-001
 4.0076223e-001
 4.0088895e-001
 4.0114051e-001
 4.0149727e-001
 4.0193871e-001
 4.0244469e-001
 4.0299496e-001
 4.0356928e-001
 4.0414754e-001
 4.0470922e-001
 4.0523416e-001
 4.0570360e-001
 4.0611869e-001
 4.0649518e-001
 4.0684935e-001
 4.0719756e-001
 4.0755609e-001
 4.0794110e-001
 4.0836889e-001
 4.0885574e-001
 4.0941787e-001
 4.1007057e-001
 4.1081175e-001
 4.1162741e-001
 4.1250318e-001
 4.1342497e-001
 4.1437787e-001
 4.1534770e-001
 4.1632012e-001
 4.1728097e-001
 4.1821536e-001
 4.1910997e-001
 4.1996187e-001
 4.2077616e-001
 4.2155758e-001
 4.2231137e-001
 4.2304248e-001
 4.2375615e-001
 4.2445755e-001
 4.2515144e-001
 4.2584297e-001
 4.2653748e-001
 4.2724252e-001
 4.2796671e-001
 4.2871919e-001
 4.2950898e-001
 4.3034527e-001
 4.3123662e-001
 4.3219224e-001
 4.3322119e-001
 4.3433240e-001
 4.3553320e-001
 4.3680373e-001
 4.3810657e-001
 4.3940353e-001
 4.4065678e-001
 4.4182748e-001
 4.4287777e-001
 4.4376945e-001
 4.4446462e-001
 4.4492465e-001
 4.4511604e-001
 4.4506192e-001
 4.4482544e-001
 4.4447038e-001
 4.4406077e-001
 4.4366047e-001
 4.4333333e-001
 4.4314319e-001
 4.4315413e-001
 4.4342989e-001
 4.4402906e-001
 4.4494161e-001
 4.4610959e-001
 4.4747463e-001
 4.4897816e-001
 4.5056161e-001
 4.5216691e-001
 4.5373467e-001
 4.5520675e-001
 4.5652464e-001
 4.5763370e-001
 4.5852563e-001
 4.5922497e-001
 4.5975646e-001
 4.6014518e-001
 4.6041566e-001
 4.6059296e-001
 4.6070185e-001
 4.6076730e-001
 4.6081403e-001
 4.6086654e-001
 4.6094427e-001
 4.6106327e-001
 4.6123955e-001
 4.6148905e-001
 4.6182775e-001
 4.6227169e-001
 4.6283692e-001
 4.6353927e-001
 4.6439475e-001
 4.6541688e-001
 4.6658882e-001
 4.6787253e-001
 4.6923035e-001
 4.7062451e-001
 4.7201699e-001
 4.7337040e-001
 4.7464615e-001
 4.7580677e-001
 4.7681424e-001
 4.7763443e-001
 4.7827253e-001
 4.7876099e-001
 4.7913229e-001
 4.7941929e-001
 4.7965434e-001
 4.7987026e-001
 4.8009959e-001
 4.8037496e-001
 4.8072913e-001
 4.8119184e-001
 4.8176113e-001
 4.8241431e-001
 4.8312849e-001
 4.8388025e-001
 4.8464662e-001
 4.8540467e-001
 4.8613137e-001
 4.8680341e-001
 4.8739773e-001
 4.8789406e-001
 4.8830134e-001
 4.8864767e-001
 4.8896143e-001
 4.8927113e-001
 4.8960510e-001
 4.8999193e-001
 4.9045977e-001
 4.9103716e-001
 4.9175251e-001
 4.9263129e-001
 4.9366155e-001
 4.9480897e-001
 4.9603859e-001
 4.9731570e-001
 4.9860477e-001
 4.9987113e-001
 5.0107974e-001
 5.0219566e-001
 5.0318414e-001
 5.0401348e-001
 5.0469297e-001
 5.0525719e-001
 5.0574142e-001
 5.0618029e-001
 5.0660878e-001
 5.0706214e-001
 5.0757521e-001
 5.0818288e-001
 5.0892019e-001
 5.0981772e-001
 5.1085645e-001
 5.1198733e-001
 5.1315975e-001
 5.1432419e-001
 5.1543063e-001
 5.1642960e-001
 5.1727045e-001
 5.1790375e-001
 5.1827943e-001
 5.1835352e-001
 5.1814502e-001
 5.1771158e-001
 5.1711142e-001
 5.1640254e-001
 5.1564348e-001
 5.1489222e-001
 5.1420701e-001
 5.1364595e-001
 5.1326728e-001
 5.1312381e-001
 5.1321000e-001
 5.1348543e-001
 5.1390904e-001
 5.1443976e-001
 5.1503670e-001
 5.1565886e-001
 5.1626515e-001
 5.1681453e-001
 5.1726604e-001
 5.1758254e-001
 5.1776576e-001
 5.1784128e-001
 5.1783442e-001
 5.1777101e-001
 5.1767647e-001
 5.1757663e-001
 5.1749694e-001
 5.1746315e-001
 5.1750070e-001
 5.1763278e-001
 5.1785499e-001
 5.1814729e-001
 5.1848912e-001
 5.1886016e-001
 5.1924020e-001
 5.1960850e-001
 5.1994479e-001
 5.2022862e-001
 5.2043980e-001
 5.2056003e-001
 5.2059519e-001
 5.2056497e-001
 5.2048928e-001
 5.2038789e-001
 5.2028066e-001
 5.2018756e-001
 5.2012825e-001
 5.2012283e-001
 5.2019089e-001
 5.2034998e-001
 5.2059186e-001
 5.2089405e-001
 5.2123356e-001
 5.2158761e-001
 5.2193344e-001
 5.2224839e-001
 5.2250940e-001
 5.2269375e-001
 5.2277869e-001
 5.2274477e-001
 5.2260679e-001
 5.2239847e-001
 5.2215403e-001
 5.2190769e-001
 5.2169347e-001
 5.2154565e-001
 5.2149820e-001
 5.2158535e-001
 5.2184129e-001
 5.2229530e-001
 5.2293104e-001
 5.2370656e-001
 5.2457952e-001
 5.2550745e-001
 5.2644807e-001
 5.2735925e-001
 5.2819854e-001
 5.2892381e-001
 5.2949238e-001
 5.2986640e-001
 5.3004897e-001
 5.3006524e-001
 5.2994126e-001
 5.2970260e-001
 5.2937520e-001
 5.2898449e-001
 5.2855653e-001
 5.2811694e-001
 5.2769148e-001
 5.2730596e-001
 5.2698386e-001
 5.2672946e-001
 5.2653611e-001
 5.2639705e-001
 5.2630568e-001
 5.2625513e-001
 5.2623886e-001
 5.2625012e-001
 5.2628213e-001
 5.2632838e-001
 5.2638191e-001
 5.2643627e-001
 5.2648455e-001
 5.2652013e-001
 5.2653688e-001
 5.2653307e-001
 5.2650958e-001
 5.2646714e-001
 5.2640682e-001
 5.2632928e-001
 5.2623534e-001
 5.2612597e-001
 5.2600199e-001
 5.2586418e-001
 5.2571344e-001
 5.2555060e-001
 5.2537656e-001
 5.2519202e-001
 5.2499801e-001
 5.2479529e-001
 5.2458459e-001
 5.2436692e-001
 5.2414298e-001
 5.2391332e-001
 5.2367771e-001
 5.2343661e-001
 5.2319002e-001
 5.2293807e-001
 5.2268088e-001
 5.2241856e-001
 5.2215141e-001
 5.2187932e-001
 5.2160263e-001
 5.2132124e-001
 5.2103549e-001
 5.2074540e-001
 5.2045113e-001
 5.2015281e-001
 5.1985055e-001
 5.1954454e-001
 5.1923484e-001
 5.1892155e-001
 5.1860493e-001
 5.1828504e-001
 5.1796198e-001
 5.1763600e-001
 5.1730752e-001
 5.1697683e-001
 5.1664424e-001
 5.1631004e-001
 5.1597440e-001
 5.1563799e-001
 5.1530099e-001
 5.1496351e-001
 5.1462609e-001
 5.1428902e-001
 5.1395261e-001
 5.1361710e-001
 5.1328284e-001
 5.1295030e-001
 5.1261961e-001
 5.1229125e-001
 5.1196539e-001
 5.1164234e-001
 5.1132250e-001
 5.1100630e-001
 5.1069385e-001
 5.1038557e-001
 5.1008177e-001
 5.0978279e-001
 5.0948888e-001
 5.0920010e-001
 5.0891644e-001
 5.0863779e-001
 5.0836408e-001
 5.0809520e-001
 5.0783116e-001
 5.0757182e-001
 5.0731730e-001
 5.0706726e-001
 5.0682181e-001
 5.0658083e-001
 5.0634432e-001
 5.0611210e-001
 5.0588417e-001
 5.0566047e-001
 5.0544101e-001
 5.0522560e-001
 5.0501406e-001
 5.0480670e-001
 5.0460315e-001
 5.0440335e-001
 5.0420737e-001
 5.0401503e-001
 5.0382638e-001
 5.0364131e-001
 5.0345969e-001
 5.0328153e-001
 5.0310671e-001
 5.0293517e-001
 5.0276691e-001
 5.0260144e-001
 5.0243849e-001
 5.0227743e-001
 5.0211805e-001
 5.0195974e-001
 5.0180209e-001
 5.0164467e-001
 5.0148714e-001
 5.0132889e-001
 5.0116962e-001
 5.0100875e-001
 5.0084609e-001
 5.0068098e-001
 5.0051296e-001
 5.0034177e-001
 5.0016683e-001
 4.9998781e-001
 4.9980414e-001
 4.9961543e-001
 4.9942136e-001
 4.9922130e-001
 4.9901497e-001
 4.9880183e-001
 4.9858150e-001
 4.9835351e-001
 4.9811745e-001
 4.9787280e-001
 4.9761921e-001
 4.9735627e-001
 4.9708346e-001
 4.9680036e-001
 4.9650657e-001
 4.9620238e-001
 4.9588811e-001
 4.9556428e-001
 4.9523115e-001
 4.9488938e-001
 4.9453929e-001
 4.9418131e-001
 4.9381581e-001
 4.9344337e-001
 4.9306431e-001
 4.9267918e-001
 4.9228811e-001
 4.9189186e-001
 4.9149075e-001
 4.9108520e-001
 4.9067569e-001
 4.9026245e-001
 4.8984620e-001
 4.8942721e-001
 4.8900592e-001
 4.8858267e-001
 4.8815811e-001
 4.8773259e-001
 4.8730651e-001
 4.8688012e-001
 4.8645419e-001
 4.8602897e-001
 4.8560488e-001
 4.8518243e-001
 4.8476189e-001
 4.8434392e-001
 4.8392877e-001
 4.8351619e-001
 4.8310572e-001
 4.8269716e-001
 4.8228991e-001
 4.8188362e-001
 4.8147780e-001
 4.8107210e-001
 4.8066610e-001
 4.8025933e-001
 4.7985139e-001
 4.7944182e-001
 4.7903025e-001
 4.7861627e-001
 4.7819945e-001
 4.7777921e-001
 4.7735539e-001
 4.7692743e-001
 4.7649491e-001
 4.7605735e-001
 4.7561449e-001
 4.7516584e-001
 4.7471091e-001
 4.7424924e-001
 4.7378057e-001
 4.7330448e-001
 4.7282037e-001
 4.7232795e-001
 4.7182667e-001
 4.7131628e-001
 4.7079629e-001
 4.7026628e-001
 4.6972582e-001
 4.6917582e-001
 4.6861720e-001
 4.6805096e-001
 4.6747810e-001
 4.6689987e-001
 4.6631721e-001
 4.6573111e-001
 4.6514270e-001
 4.6455279e-001
 4.6396273e-001
 4.6337354e-001
 4.6278614e-001
 4.6220139e-001
 4.6162075e-001
 4.6104506e-001
 4.6047536e-001
 4.5991257e-001
 4.5935798e-001
 4.5881251e-001
 4.5827726e-001
 4.5775321e-001
 4.5724130e-001
 4.5674282e-001
 4.5625868e-001
 4.5578995e-001
 4.5533752e-001
 4.5490277e-001
 4.5448649e-001
 4.5408976e-001
 4.5371360e-001
 4.5335922e-001
 4.5302695e-001
 4.5271394e-001
 4.5241573e-001
 4.5212814e-001
 4.5184672e-001
 4.5156711e-001
 4.5128503e-001
 4.5099601e-001
 4.5069584e-001
 4.5038015e-001
 4.5004454e-001
 4.4968462e-001
 4.4929612e-001
 4.4887471e-001
 4.4841599e-001
 4.4791549e-001
 4.4736916e-001
 4.4677243e-001
 4.4612101e-001
 4.4541061e-001
 4.4463661e-001
 4.4379506e-001
 4.4288141e-001
 4.4189134e-001
 4.4082025e-001
 4.3966424e-001
 4.3841878e-001
 4.3707949e-001
 4.3564171e-001
 4.3410170e-001
 4.3245485e-001
 4.3069676e-001
 4.2882377e-001
 4.2683554e-001
 4.2473471e-001
 4.2252257e-001
 4.2020085e-001
 4.1777053e-001
 4.1523466e-001
 4.1259420e-001
 4.0985101e-001
 4.0700603e-001
 4.0406233e-001
 4.0102094e-001
 3.9788362e-001
 3.9465123e-001
 3.9132708e-001
 3.8791206e-001
 3.8440791e-001
 3.8081631e-001
 3.7713811e-001
 3.7337679e-001
 3.6953312e-001
 3.6560890e-001
 3.6160475e-001
 3.5752439e-001
 3.5336858e-001
 3.4913895e-001
 3.4483624e-001
 3.4046420e-001
 3.3602345e-001
 3.3151585e-001
 3.2694292e-001
 3.2230541e-001
 3.1760758e-001
 3.1285337e-001
 3.0804858e-001
 3.0319807e-001
 2.9831007e-001
 2.9338938e-001
 2.8844190e-001
 2.8347236e-001
 2.7848914e-001
 2.7349693e-001
 2.6850164e-001
 2.6350927e-001
 2.5852454e-001
 2.5355574e-001
 2.4860764e-001
 2.4368620e-001
 2.3879611e-001
 2.3394571e-001
 2.2913975e-001
 2.2438413e-001
 2.1968368e-001
 2.1504661e-001
 2.1047769e-001
 2.0598289e-001
 2.0156813e-001
 1.9723828e-001
 1.9300139e-001
 1.8886234e-001
 1.8482706e-001
 1.8090056e-001
 1.7709064e-001
 1.7340228e-001
 1.6984040e-001
 1.6640322e-001
 1.6308933e-001
 1.5989485e-001
 1.5681674e-001
 1.5385121e-001
 1.5099667e-001
 1.4824930e-001
 1.4560610e-001
 1.4306401e-001
 1.4061935e-001
 1.3827030e-001
 1.3601318e-001
 1.3384493e-001
 1.3176204e-001
 1.2976243e-001
 1.2784255e-001
 1.2599935e-001
 1.2422936e-001
 1.2253037e-001
 1.2089891e-001
 1.1933191e-001
 1.1782632e-001
 1.1637877e-001
 1.1498688e-001
 1.1364724e-001
 1.1235682e-001
 1.1111226e-001
 1.0991111e-001
 1.0875001e-001
 1.0762591e-001
 1.0653550e-001
 1.0547672e-001
 1.0444936e-001
 1.0345432e-001
 1.0249251e-001
 1.0156465e-001
 1.0067210e-001
 9.9815533e-002
 9.8995902e-002
 9.8213904e-002
 9.7470857e-002
 9.6767485e-002
 9.6104689e-002
 9.5483258e-002
 9.4904415e-002
 9.4368912e-002
 9.3877666e-002
 9.3431503e-002
 9.3031555e-002
 9.2678621e-002
 9.2373624e-002
 9.2117473e-002
 9.1911055e-002
 9.1755390e-002
 9.1651335e-002
 9.1599807e-002
 9.1601714e-002
 9.1658011e-002
 9.1769569e-002
 9.1937348e-002
 9.2162304e-002
 9.2445247e-002
 9.2787147e-002
 9.3188375e-002
 9.3646407e-002
 9.4157964e-002
 9.4719343e-002
 9.5327228e-002
 9.5978178e-002
 9.6668914e-002
 9.7395681e-002
 9.8155208e-002
 9.8944038e-002
 9.9758938e-002
 1.0059609e-001
 1.0145221e-001
 1.0232390e-001
 1.0320771e-001
 1.0410041e-001
 1.0499813e-001
 1.0589766e-001
 1.0679553e-001
 1.0768857e-001
 1.0857286e-001
 1.0944520e-001
 1.1030214e-001
 1.1114044e-001
 1.1195628e-001
 1.1274641e-001
 1.1350739e-001
 1.1423595e-001
 1.1492831e-001
 1.1558121e-001
 1.1619120e-001
 1.1675485e-001
 1.1726944e-001
 1.1773498e-001
 1.1815271e-001
 1.1852384e-001
 1.1884959e-001
 1.1913098e-001
 1.1936927e-001
 1.1956563e-001
 1.1972125e-001
 1.1983721e-001
 1.1991476e-001
 1.1995504e-001
 1.1995922e-001
 1.1992846e-001
 1.1986396e-001
 1.1976687e-001
 1.1963835e-001
 1.1947955e-001
 1.1929170e-001
 1.1907593e-001
 1.1883344e-001
 1.1856528e-001
 1.1827279e-001
 1.1795705e-001
 1.1761925e-001
 1.1726055e-001
 1.1688203e-001
 1.1648502e-001
 1.1607063e-001
 1.1564001e-001
 1.1519423e-001
 1.1473466e-001
 1.1426231e-001
 1.1377791e-001
 1.1328198e-001
 1.1277542e-001
 1.1225875e-001
 1.1173261e-001
 1.1119765e-001
 1.1065438e-001
 1.1010370e-001
 1.0954614e-001
 1.0898232e-001
 1.0841275e-001
 1.0783837e-001
 1.0725968e-001
 1.0667732e-001
 1.0609178e-001
 1.0550401e-001
 1.0491449e-001
 1.0432388e-001
 1.0373269e-001
 1.0314182e-001
 1.0255180e-001
 1.0196325e-001
 1.0137683e-001
 1.0079304e-001
 1.0021281e-001
 9.9636629e-002
 9.9065162e-002
 9.8498896e-002
 9.7938769e-002
 9.7385272e-002
 9.6839048e-002
 9.6300460e-002
 9.5769435e-002
 9.5245339e-002
 9.4727628e-002
 9.4215788e-002
 9.3709148e-002
 9.3207456e-002
 9.2710026e-002
 9.2216350e-002
 9.1725782e-002
 9.1238022e-002
 9.0752445e-002
 9.0268493e-002
 8.9785531e-002
 8.9303285e-002
 8.8821091e-002
 8.8338420e-002
 8.7854758e-002
 8.7369449e-002
 8.6882196e-002
 8.6392358e-002
 8.5899405e-002
 8.5402690e-002
 8.4901936e-002
 8.4396489e-002
 8.3885811e-002
 8.3369255e-002
 8.2846552e-002
 8.2317032e-002
 8.1780180e-002
 8.1235334e-002
 8.0682226e-002
 8.0120422e-002
 7.9550549e-002
 7.8973517e-002
 7.8390084e-002
 7.7801414e-002
 7.7208295e-002
 7.6611601e-002
 7.6012097e-002
 7.5410970e-002
 7.4808978e-002
 7.4207030e-002
 7.3605850e-002
 7.3006660e-002
 7.2410189e-002
 7.1817353e-002
 7.1229048e-002
 7.0646025e-002
 7.0069484e-002
 6.9500156e-002
 6.8938963e-002
 6.8386674e-002
 6.7844421e-002
 6.7313001e-002
 6.6793315e-002
 6.6286124e-002
 6.5792575e-002
 6.5313458e-002
 6.4849660e-002
 6.4402081e-002
 6.3971512e-002
 6.3559078e-002
 6.3165560e-002
 6.2791623e-002
 6.2436823e-002
 6.2100708e-002
 6.1782572e-002
 6.1481800e-002
 6.1197702e-002
 6.0929794e-002
 6.0677383e-002
 6.0439862e-002
 6.0216542e-002
 6.0006917e-002
 5.9810322e-002
 5.9626114e-002
 5.9453692e-002
 5.9292395e-002
 5.9141673e-002
 5.9000880e-002
 5.8869377e-002
 5.8746535e-002
 5.8631778e-002
 5.8524467e-002
 5.8423970e-002
 5.8329657e-002
 5.8240946e-002
 5.8157187e-002
 5.8077775e-002
 5.8002084e-002
 5.7929475e-002
 5.7859365e-002
 5.7791114e-002
 5.7724100e-002
 5.7657696e-002
