splib07b Record=19260: Wollastonite HS348.1B        ASDFRc AREF
 6.2108850e-001
 6.2787241e-001
 6.2858033e-001
 6.2110507e-001
 6.2360990e-001
 6.3036460e-001
 6.3350368e-001
 6.3560349e-001
 6.3181394e-001
 6.2761146e-001
 6.2724698e-001
 6.3040209e-001
 6.3295680e-001
 6.3308507e-001
 6.3068205e-001
 6.3272148e-001
 6.3681728e-001
 6.3736486e-001
 6.3703901e-001
 6.3752764e-001
 6.3869864e-001
 6.4053732e-001
 6.4053339e-001
 6.3989252e-001
 6.4175653e-001
 6.4490306e-001
 6.4668286e-001
 6.4654505e-001
 6.4697707e-001
 6.4831799e-001
 6.4974600e-001
 6.5207851e-001
 6.5294147e-001
 6.5314579e-001
 6.5476435e-001
 6.5673178e-001
 6.5797645e-001
 6.5852714e-001
 6.5843803e-001
 6.5902787e-001
 6.6038108e-001
 6.6193700e-001
 6.6267753e-001
 6.6342074e-001
 6.6511196e-001
 6.6659892e-001
 6.6727346e-001
 6.6756815e-001
 6.6808116e-001
 6.6928935e-001
 6.7066240e-001
 6.7166096e-001
 6.7244613e-001
 6.7315990e-001
 6.7381626e-001
 6.7491752e-001
 6.7573845e-001
 6.7614001e-001
 6.7659128e-001
 6.7772365e-001
 6.7896712e-001
 6.7968345e-001
 6.8018591e-001
 6.8074912e-001
 6.8141538e-001
 6.8229115e-001
 6.8286121e-001
 6.8323159e-001
 6.8386108e-001
 6.8463850e-001
 6.8540347e-001
 6.8610662e-001
 6.8667680e-001
 6.8721861e-001
 6.8779933e-001
 6.8845928e-001
 6.8891472e-001
 6.8932343e-001
 6.8995315e-001
 6.9064635e-001
 6.9127095e-001
 6.9181252e-001
 6.9226897e-001
 6.9271350e-001
 6.9320822e-001
 6.9382393e-001
 6.9431424e-001
 6.9472760e-001
 6.9520664e-001
 6.9576997e-001
 6.9627571e-001
 6.9666463e-001
 6.9697148e-001
 6.9736260e-001
 6.9782990e-001
 6.9827110e-001
 6.9868577e-001
 6.9910312e-001
 6.9953781e-001
 7.0012450e-001
 7.0056754e-001
 7.0085329e-001
 7.0126492e-001
 7.0168209e-001
 7.0207822e-001
 7.0251095e-001
 7.0284188e-001
 7.0317763e-001
 7.0358461e-001
 7.0402235e-001
 7.0434344e-001
 7.0459515e-001
 7.0488513e-001
 7.0528525e-001
 7.0571548e-001
 7.0609725e-001
 7.0634550e-001
 7.0664704e-001
 7.0705998e-001
 7.0752913e-001
 7.0780677e-001
 7.0801628e-001
 7.0836788e-001
 7.0876294e-001
 7.0917290e-001
 7.0957404e-001
 7.0988744e-001
 7.1015185e-001
 7.1043730e-001
 7.1078962e-001
 7.1105456e-001
 7.1130604e-001
 7.1164685e-001
 7.1203268e-001
 7.1241951e-001
 7.1276915e-001
 7.1306670e-001
 7.1330124e-001
 7.1355575e-001
 7.1390003e-001
 7.1417314e-001
 7.1440536e-001
 7.1467888e-001
 7.1502757e-001
 7.1536791e-001
 7.1563387e-001
 7.1583563e-001
 7.1602464e-001
 7.1628308e-001
 7.1661794e-001
 7.1689248e-001
 7.1717459e-001
 7.1750879e-001
 7.1784878e-001
 7.1813321e-001
 7.1838957e-001
 7.1867645e-001
 7.1894926e-001
 7.1924448e-001
 7.1957415e-001
 7.1979356e-001
 7.2005320e-001
 7.2039318e-001
 7.2072059e-001
 7.2099876e-001
 7.2124696e-001
 7.2150075e-001
 7.2177935e-001
 7.2208095e-001
 7.2237831e-001
 7.2266030e-001
 7.2290909e-001
 7.2314799e-001
 7.2340858e-001
 7.2364092e-001
 7.2385496e-001
 7.2408009e-001
 7.2433996e-001
 7.2461265e-001
 7.2486436e-001
 7.2509032e-001
 7.2529310e-001
 7.2550839e-001
 7.2575474e-001
 7.2595817e-001
 7.2613174e-001
 7.2631872e-001
 7.2652024e-001
 7.2676396e-001
 7.2699559e-001
 7.2713786e-001
 7.2731394e-001
 7.2751427e-001
 7.2768271e-001
 7.2778368e-001
 7.2793990e-001
 7.2818315e-001
 7.2844434e-001
 7.2869021e-001
 7.2890729e-001
 7.2910482e-001
 7.2930527e-001
 7.2949564e-001
 7.2966456e-001
 7.2980094e-001
 7.2996932e-001
 7.3017985e-001
 7.3041618e-001
 7.3059452e-001
 7.3070568e-001
 7.3080176e-001
 7.3090893e-001
 7.3112428e-001
 7.3141009e-001
 7.3167229e-001
 7.3188859e-001
 7.3205656e-001
 7.3216367e-001
 7.3233843e-001
 7.3255026e-001
 7.3273140e-001
 7.3292005e-001
 7.3310244e-001
 7.3327017e-001
 7.3340136e-001
 7.3358196e-001
 7.3377877e-001
 7.3393285e-001
 7.3405039e-001
 7.3414630e-001
 7.3425460e-001
 7.3440939e-001
 7.3460561e-001
 7.3480600e-001
 7.3498833e-001
 7.3521596e-001
 7.3548275e-001
 7.3573935e-001
 7.3589551e-001
 7.3597270e-001
 7.3606062e-001
 7.3618740e-001
 7.3636377e-001
 7.3649591e-001
 7.3653263e-001
 7.3665828e-001
 7.3691124e-001
 7.3721403e-001
 7.3761594e-001
 7.3794234e-001
 7.3813766e-001
 7.3825181e-001
 7.3836261e-001
 7.3838979e-001
 7.3828459e-001
 7.3810607e-001
 7.3799872e-001
 7.3796415e-001
 7.3788750e-001
 7.3782909e-001
 7.3784250e-001
 7.3793286e-001
 7.3801321e-001
 7.3824936e-001
 7.3865426e-001
 7.3902911e-001
 7.3926562e-001
 7.3944181e-001
 7.3965007e-001
 7.3988277e-001
 7.4011117e-001
 7.4031329e-001
 7.4042082e-001
 7.4038333e-001
 7.4028802e-001
 7.4018323e-001
 7.4024028e-001
 7.4041110e-001
 7.4058074e-001
 7.4076021e-001
 7.4092662e-001
 7.4108100e-001
 7.4124390e-001
 7.4138254e-001
 7.4151134e-001
 7.4167037e-001
 7.4183631e-001
 7.4198443e-001
 7.4211842e-001
 7.4224645e-001
 7.4237418e-001
 7.4249738e-001
 7.4261427e-001
 7.4272841e-001
 7.4285322e-001
 7.4300408e-001
 7.4311906e-001
 7.4320447e-001
 7.4329197e-001
 7.4342608e-001
 7.4353522e-001
 7.4360007e-001
 7.4366802e-001
 7.4374092e-001
 7.4380457e-001
 7.4384803e-001
 7.4395347e-001
 7.4408203e-001
 7.4418455e-001
 7.4427962e-001
 7.4437749e-001
 7.4447501e-001
 7.4455833e-001
 7.4463952e-001
 7.4470341e-001
 7.4474794e-001
 7.4485552e-001
 7.4497765e-001
 7.4507725e-001
 7.4518955e-001
 7.4529201e-001
 7.4539173e-001
 7.4550718e-001
 7.4559349e-001
 7.4569339e-001
 7.4582785e-001
 7.4596006e-001
 7.4607819e-001
 7.4617565e-001
 7.4624193e-001
 7.4631840e-001
 7.4638951e-001
 7.4643475e-001
 7.4649388e-001
 7.4657893e-001
 7.4668306e-001
 7.4682504e-001
 7.4693614e-001
 7.4700719e-001
 7.4707180e-001
 7.4712181e-001
 7.4715120e-001
 7.4717075e-001
 7.4720061e-001
 7.4729377e-001
 7.4743146e-001
 7.4758488e-001
 7.4770963e-001
 7.4782246e-001
 7.4795306e-001
 7.4806976e-001
 7.4815571e-001
 7.4823308e-001
 7.4834573e-001
 7.4846190e-001
 7.4856061e-001
 7.4864548e-001
 7.4875212e-001
 7.4883986e-001
 7.4888825e-001
 7.4895370e-001
 7.4902207e-001
 7.4908060e-001
 7.4913532e-001
 7.4919707e-001
 7.4927509e-001
 7.4936789e-001
 7.4942821e-001
 7.4949151e-001
 7.4958628e-001
 7.4971986e-001
 7.4981248e-001
 7.4985248e-001
 7.4987328e-001
 7.4992919e-001
 7.5000942e-001
 7.5007796e-001
 7.5014967e-001
 7.5020200e-001
 7.5024664e-001
 7.5031292e-001
 7.5038564e-001
 7.5045329e-001
 7.5051552e-001
 7.5061864e-001
 7.5071472e-001
 7.5076813e-001
 7.5079519e-001
 7.5079411e-001
 7.5080311e-001
 7.5085449e-001
 7.5090688e-001
 7.5099701e-001
 7.5114441e-001
 7.5132018e-001
 7.5145459e-001
 7.5153595e-001
 7.5160277e-001
 7.5161707e-001
 7.5161952e-001
 7.5165409e-001
 7.5171679e-001
 7.5184780e-001
 7.5201434e-001
 7.5212997e-001
 7.5214028e-001
 7.5210583e-001
 7.5205803e-001
 7.5212121e-001
 7.5224328e-001
 7.5233412e-001
 7.5244462e-001
 7.5252008e-001
 7.5256193e-001
 7.5261891e-001
 7.5269842e-001
 7.5282449e-001
 7.5300956e-001
 7.5317907e-001
 7.5323951e-001
 7.5321788e-001
 7.5316238e-001
 7.5317806e-001
 7.5324613e-001
 7.5330478e-001
 7.5331897e-001
 7.5333804e-001
 7.5339955e-001
 7.5351590e-001
 7.5361210e-001
 7.5366825e-001
 7.5373608e-001
 7.5382811e-001
 7.5392997e-001
 7.5404030e-001
 7.5406802e-001
 7.5406140e-001
 7.5408494e-001
 7.5408953e-001
 7.5412953e-001
 7.5420576e-001
 7.5427026e-001
 7.5436217e-001
 7.5450075e-001
 7.5467342e-001
 7.5476903e-001
 7.5477582e-001
 7.5477111e-001
 7.5479960e-001
 7.5488102e-001
 7.5496948e-001
 7.5503737e-001
 7.5508302e-001
 7.5513971e-001
 7.5521713e-001
 7.5528818e-001
 7.5532812e-001
 7.5537962e-001
 7.5550884e-001
 7.5568569e-001
 7.5580233e-001
 7.5583237e-001
 7.5578499e-001
 7.5579202e-001
 7.5588000e-001
 7.5596011e-001
 7.5603324e-001
 7.5611138e-001
 7.5620604e-001
 7.5625485e-001
 7.5628161e-001
 7.5633174e-001
 7.5646949e-001
 7.5664002e-001
 7.5675482e-001
 7.5675893e-001
 7.5674206e-001
 7.5679523e-001
 7.5690913e-001
 7.5704157e-001
 7.5711662e-001
 7.5713927e-001
 7.5715852e-001
 7.5717413e-001
 7.5719708e-001
 7.5725216e-001
 7.5730795e-001
 7.5735730e-001
 7.5741357e-001
 7.5745380e-001
 7.5752616e-001
 7.5763059e-001
 7.5772160e-001
 7.5779510e-001
 7.5783789e-001
 7.5783193e-001
 7.5789684e-001
 7.5808114e-001
 7.5830835e-001
 7.5847054e-001
 7.5851446e-001
 7.5852573e-001
 7.5858176e-001
 7.5862867e-001
 7.5863677e-001
 7.5862259e-001
 7.5858873e-001
 7.5857848e-001
 7.5861317e-001
 7.5872070e-001
 7.5884295e-001
 7.5893325e-001
 7.5899619e-001
 7.5907093e-001
 7.5915998e-001
 7.5924003e-001
 7.5929952e-001
 7.5931346e-001
 7.5930566e-001
 7.5928617e-001
 7.5932109e-001
 7.5942594e-001
 7.5956988e-001
 7.5971365e-001
 7.5980043e-001
 7.5984311e-001
 7.5984788e-001
 7.5989205e-001
 7.5997233e-001
 7.6003271e-001
 7.6011992e-001
 7.6019341e-001
 7.6021957e-001
 7.6019639e-001
 7.6013905e-001
 7.6010901e-001
 7.6015115e-001
 7.6027817e-001
 7.6041639e-001
 7.6053494e-001
 7.6056260e-001
 7.6060885e-001
 7.6072812e-001
 7.6084822e-001
 7.6090491e-001
 7.6091677e-001
 7.6091850e-001
 7.6096088e-001
 7.6105404e-001
 7.6116872e-001
 7.6132691e-001
 7.6146662e-001
 7.6153892e-001
 7.6149684e-001
 7.6143420e-001
 7.6140672e-001
 7.6138443e-001
 7.6138562e-001
 7.6140636e-001
 7.6143533e-001
 7.6142848e-001
 7.6147199e-001
 7.6156831e-001
 7.6165944e-001
 7.6173258e-001
 7.6182097e-001
 7.6194608e-001
 7.6209939e-001
 7.6222855e-001
 7.6231515e-001
 7.6237410e-001
 7.6239741e-001
 7.6240307e-001
 7.6239473e-001
 7.6242805e-001
 7.6244491e-001
 7.6241022e-001
 7.6239997e-001
 7.6239443e-001
 7.6241136e-001
 7.6251930e-001
 7.6264316e-001
 7.6273543e-001
 7.6281244e-001
 7.6287496e-001
 7.6293856e-001
 7.6300442e-001
 7.6307529e-001
 7.6311272e-001
 7.6313514e-001
 7.6317537e-001
 7.6323390e-001
 7.6327062e-001
 7.6327026e-001
 7.6319832e-001
 7.6316297e-001
 7.6319075e-001
 7.6322901e-001
 7.6324171e-001
 7.6325619e-001
 7.6329952e-001
 7.6344991e-001
 7.6357412e-001
 7.6361781e-001
 7.6366365e-001
 7.6378787e-001
 7.6392651e-001
 7.6399636e-001
 7.6398695e-001
 7.6396042e-001
 7.6395458e-001
 7.6397067e-001
 7.6395768e-001
 7.6392651e-001
 7.6392740e-001
 7.6400614e-001
 7.6410830e-001
 7.6417351e-001
 7.6428729e-001
 7.6438463e-001
 7.6442605e-001
 7.6448274e-001
 7.6452649e-001
 7.6455534e-001
 7.6456672e-001
 7.6466650e-001
 7.6474041e-001
 7.6470351e-001
 7.6463437e-001
 7.6466262e-001
 7.6476616e-001
 7.6488543e-001
 7.6484847e-001
 7.6474738e-001
 7.6471484e-001
 7.6480073e-001
 7.6487619e-001
 7.6487440e-001
 7.6488793e-001
 7.6497644e-001
 7.6509976e-001
 7.6520568e-001
 7.6527202e-001
 7.6531035e-001
 7.6533747e-001
 7.6543570e-001
 7.6551867e-001
 7.6553589e-001
 7.6550174e-001
 7.6552838e-001
 7.6559848e-001
 7.6564240e-001
 7.6561636e-001
 7.6565880e-001
 7.6582867e-001
 7.6605737e-001
 7.6619703e-001
 7.6624894e-001
 7.6623029e-001
 7.6639467e-001
 7.6667178e-001
 7.6663101e-001
 7.6656079e-001
 7.6655322e-001
 7.6654476e-001
 7.6656252e-001
 7.6662189e-001
 7.6665562e-001
 7.6670140e-001
 7.6692116e-001
 7.6720488e-001
 7.6738071e-001
 7.6746035e-001
 7.6752669e-001
 7.6758480e-001
 7.6753730e-001
 7.6754636e-001
 7.6757330e-001
 7.6762408e-001
 7.6757693e-001
 7.6743937e-001
 7.6747161e-001
 7.6765233e-001
 7.6784790e-001
 7.6800555e-001
 7.6806897e-001
 7.6809114e-001
 7.6821345e-001
 7.6836032e-001
 7.6848781e-001
 7.6862413e-001
 7.6857060e-001
 7.6850969e-001
 7.6849675e-001
 7.6848382e-001
 7.6863188e-001
 7.6866126e-001
 7.6865017e-001
 7.6877230e-001
 7.6888216e-001
 7.6898092e-001
 7.6917660e-001
 7.6933652e-001
 7.6933992e-001
 7.6932645e-001
 7.6941597e-001
 7.6962310e-001
 7.6971930e-001
 7.6975006e-001
 7.6988840e-001
 7.6997310e-001
 7.7005589e-001
 7.7010626e-001
 7.7001178e-001
 7.6998442e-001
 7.7009994e-001
 7.7018470e-001
 7.7022403e-001
 7.7032447e-001
 7.7042884e-001
 7.7048379e-001
 7.7051425e-001
 7.7055746e-001
 7.7064848e-001
 7.7068579e-001
 7.7066928e-001
 7.7082831e-001
 7.7105677e-001
 7.7114135e-001
 7.7114153e-001
 7.7103037e-001
 7.7092028e-001
 7.7090162e-001
 7.7089614e-001
 7.7093226e-001
 7.7105528e-001
 7.7109998e-001
 7.7107418e-001
 7.7113366e-001
 7.7119905e-001
 7.7125806e-001
 7.7128941e-001
 7.7133238e-001
 7.7135402e-001
 7.7136445e-001
 7.7142709e-001
 7.7148229e-001
 7.7148646e-001
 7.7149272e-001
 7.7153593e-001
 7.7158338e-001
 7.7160990e-001
 7.7163702e-001
 7.7174509e-001
 7.7192676e-001
 7.7214146e-001
 7.7224046e-001
 7.7221555e-001
 7.7233052e-001
 7.7249688e-001
 7.7255505e-001
 7.7260166e-001
 7.7264863e-001
 7.7270794e-001
 7.7278227e-001
 7.7285677e-001
 7.7286071e-001
 7.7282995e-001
 7.7285850e-001
 7.7293670e-001
 7.7292383e-001
 7.7286297e-001
 7.7296400e-001
 7.7313960e-001
 7.7322590e-001
 7.7321458e-001
 7.7319252e-001
 7.7330112e-001
 7.7349007e-001
 7.7370608e-001
 7.7392721e-001
 7.7402109e-001
 7.7406049e-001
 7.7408385e-001
 7.7413166e-001
 7.7429533e-001
 7.7449000e-001
 7.7458358e-001
 7.7461898e-001
 7.7465236e-001
 7.7468437e-001
 7.7474356e-001
 7.7484798e-001
 7.7491671e-001
 7.7497375e-001
 7.7508944e-001
 7.7523255e-001
 7.7533835e-001
 7.7531725e-001
 7.7529091e-001
 7.7522916e-001
 7.7516556e-001
 7.7518809e-001
 7.7523148e-001
 7.7525437e-001
 7.7526820e-001
 7.7528667e-001
 7.7529413e-001
 7.7535254e-001
 7.7541375e-001
 7.7546495e-001
 7.7558017e-001
 7.7572995e-001
 7.7587730e-001
 7.7598655e-001
 7.7604139e-001
 7.7611119e-001
 7.7618527e-001
 7.7623963e-001
 7.7624565e-001
 7.7626055e-001
 7.7628678e-001
 7.7630574e-001
 7.7630097e-001
 7.7628791e-001
 7.7633280e-001
 7.7640975e-001
 7.7646554e-001
 7.7651441e-001
 7.7662820e-001
 7.7678698e-001
 7.7689809e-001
 7.7695084e-001
 7.7700967e-001
 7.7709043e-001
 7.7719265e-001
 7.7731395e-001
 7.7741355e-001
 7.7742660e-001
 7.7744490e-001
 7.7752233e-001
 7.7760428e-001
 7.7767694e-001
 7.7774912e-001
 7.7779686e-001
 7.7784514e-001
 7.7793241e-001
 7.7802879e-001
 7.7808869e-001
 7.7812201e-001
 7.7811360e-001
 7.7807862e-001
 7.7806127e-001
 7.7806789e-001
 7.7809441e-001
 7.7815223e-001
 7.7819872e-001
 7.7818424e-001
 7.7815849e-001
 7.7813852e-001
 7.7812451e-001
 7.7812171e-001
 7.7811259e-001
 7.7830315e-001
 7.7852505e-001
 7.7863526e-001
 7.7871346e-001
 7.7878809e-001
 7.7886230e-001
 7.7898437e-001
 7.7913857e-001
 7.7932727e-001
 7.7955765e-001
 7.7974266e-001
 7.7985656e-001
 7.7996153e-001
 7.8005224e-001
 7.8015077e-001
 7.8029078e-001
 7.8043258e-001
 7.8050876e-001
 7.8058457e-001
 7.8069073e-001
 7.8079706e-001
 7.8080159e-001
 7.8079915e-001
 7.8081656e-001
 7.8083825e-001
 7.8088433e-001
 7.8093851e-001
 7.8098541e-001
 7.8102827e-001
 7.8107196e-001
 7.8111666e-001
 7.8119266e-001
 7.8131539e-001
 7.8143984e-001
 7.8156543e-001
 7.8168154e-001
 7.8176904e-001
 7.8185618e-001
 7.8195101e-001
 7.8204882e-001
 7.8223974e-001
 7.8242850e-001
 7.8249389e-001
 7.8255063e-001
 7.8267759e-001
 7.8281486e-001
 7.8289771e-001
 7.8296202e-001
 7.8306669e-001
 7.8318936e-001
 7.8327811e-001
 7.8334373e-001
 7.8340310e-001
 7.8345555e-001
 7.8349209e-001
 7.8350705e-001
 7.8351861e-001
 7.8351885e-001
 7.8352278e-001
 7.8354406e-001
 7.8355998e-001
 7.8356332e-001
 7.8357542e-001
 7.8363615e-001
 7.8369540e-001
 7.8375894e-001
 7.8382456e-001
 7.8386188e-001
 7.8389883e-001
 7.8396434e-001
 7.8403461e-001
 7.8405643e-001
 7.8405619e-001
 7.8410721e-001
 7.8418434e-001
 7.8422177e-001
 7.8423333e-001
 7.8420913e-001
 7.8414166e-001
 7.8412187e-001
 7.8416502e-001
 7.8419006e-001
 7.8418851e-001
 7.8419763e-001
 7.8423715e-001
 7.8426725e-001
 7.8424948e-001
 7.8423363e-001
 7.8422898e-001
 7.8422499e-001
 7.8419310e-001
 7.8415704e-001
 7.8407341e-001
 7.8399312e-001
 7.8394526e-001
 7.8390288e-001
 7.8383672e-001
 7.8376126e-001
 7.8378201e-001
 7.8385127e-001
 7.8398335e-001
 7.8417313e-001
 7.8430575e-001
 7.8437585e-001
 7.8442258e-001
 7.8442752e-001
 7.8445089e-001
 7.8450316e-001
 7.8453219e-001
 7.8451312e-001
 7.8449422e-001
 7.8447753e-001
 7.8446138e-001
 7.8444177e-001
 7.8442514e-001
 7.8444338e-001
 7.8446162e-001
 7.8448820e-001
 7.8451878e-001
 7.8461838e-001
 7.8472656e-001
 7.8484088e-001
 7.8494567e-001
 7.8498358e-001
 7.8500301e-001
 7.8506595e-001
 7.8514802e-001
 7.8516722e-001
 7.8515357e-001
 7.8518409e-001
 7.8523326e-001
 7.8526205e-001
 7.8528064e-001
 7.8532416e-001
 7.8540248e-001
 7.8546417e-001
 7.8552401e-001
 7.8557563e-001
 7.8555453e-001
 7.8552943e-001
 7.8552067e-001
 7.8551859e-001
 7.8557837e-001
 7.8563160e-001
 7.8562361e-001
 7.8562516e-001
 7.8575087e-001
 7.8587991e-001
 7.8592086e-001
 7.8595120e-001
 7.8600550e-001
 7.8605866e-001
 7.8606105e-001
 7.8606248e-001
 7.8607047e-001
 7.8608018e-001
 7.8610253e-001
 7.8612703e-001
 7.8612214e-001
 7.8609264e-001
 7.8608179e-001
 7.8611690e-001
 7.8615242e-001
 7.8617465e-001
 7.8622353e-001
 7.8626645e-001
 7.8630722e-001
 7.8637344e-001
 7.8643030e-001
 7.8648770e-001
 7.8655279e-001
 7.8662091e-001
 7.8668767e-001
 7.8670418e-001
 7.8672796e-001
 7.8686142e-001
 7.8699416e-001
 7.8707457e-001
 7.8715092e-001
 7.8722280e-001
 7.8729790e-001
 7.8734100e-001
 7.8736728e-001
 7.8741980e-001
 7.8747571e-001
 7.8745538e-001
 7.8743070e-001
 7.8740394e-001
 7.8737915e-001
 7.8735113e-001
 7.8730696e-001
 7.8728479e-001
 7.8728539e-001
 7.8726554e-001
 7.8722417e-001
 7.8719485e-001
 7.8720480e-001
 7.8721660e-001
 7.8718501e-001
 7.8722090e-001
 7.8738719e-001
 7.8750670e-001
 7.8753203e-001
 7.8755939e-001
 7.8760469e-001
 7.8767812e-001
 7.8781497e-001
 7.8792280e-001
 7.8793019e-001
 7.8794676e-001
 7.8800654e-001
 7.8806865e-001
 7.8812420e-001
 7.8816724e-001
 7.8814226e-001
 7.8811485e-001
 7.8809547e-001
 7.8808200e-001
 7.8812581e-001
 7.8817040e-001
 7.8823817e-001
 7.8831267e-001
 7.8835410e-001
 7.8838700e-001
 7.8843373e-001
 7.8848284e-001
 7.8853232e-001
 7.8859144e-001
 7.8866798e-001
 7.8875017e-001
 7.8889823e-001
 7.8906786e-001
 7.8921854e-001
 7.8936589e-001
 7.8948659e-001
 7.8959125e-001
 7.8969598e-001
 7.8978318e-001
 7.8985435e-001
 7.8991520e-001
 7.8997535e-001
 7.9004645e-001
 7.9008502e-001
 7.9009134e-001
 7.9012793e-001
 7.9018933e-001
 7.9025549e-001
 7.9031855e-001
 7.9036278e-001
 7.9039937e-001
 7.9044074e-001
 7.9045320e-001
 7.9044282e-001
 7.9040724e-001
 7.9039329e-001
 7.9043353e-001
 7.9046488e-001
 7.9045933e-001
 7.9045802e-001
 7.9054141e-001
 7.9063821e-001
 7.9078764e-001
 7.9093474e-001
 7.9105437e-001
 7.9117036e-001
 7.9125953e-001
 7.9133832e-001
 7.9140759e-001
 7.9148656e-001
 7.9149723e-001
 7.9148883e-001
 7.9154932e-001
 7.9161274e-001
 7.9168934e-001
 7.9177648e-001
 7.9179937e-001
 7.9181457e-001
 7.9185331e-001
 7.9188269e-001
 7.9193348e-001
 7.9199231e-001
 7.9206437e-001
 7.9214019e-001
 7.9221302e-001
 7.9229337e-001
 7.9236865e-001
 7.9244423e-001
 7.9254544e-001
 7.9265922e-001
 7.9278105e-001
 7.9290402e-001
 7.9300714e-001
 7.9309148e-001
 7.9318470e-001
 7.9330063e-001
 7.9340369e-001
 7.9348248e-001
 7.9355514e-001
 7.9362637e-001
 7.9370272e-001
 7.9376709e-001
 7.9383850e-001
 7.9393107e-001
 7.9401064e-001
 7.9407293e-001
 7.9414636e-001
 7.9423505e-001
 7.9432017e-001
 7.9440743e-001
 7.9448926e-001
 7.9454786e-001
 7.9461509e-001
 7.9468310e-001
 7.9473948e-001
 7.9479533e-001
 7.9484642e-001
 7.9487038e-001
 7.9489970e-001
 7.9496568e-001
 7.9502994e-001
 7.9505867e-001
 7.9508907e-001
 7.9512125e-001
 7.9514998e-001
 7.9515874e-001
 7.9515165e-001
 7.9510063e-001
 7.9505473e-001
 7.9505193e-001
 7.9505557e-001
 7.9508668e-001
 7.9511809e-001
 7.9518527e-001
 7.9525298e-001
 7.9531562e-001
 7.9538053e-001
 7.9543924e-001
 7.9550582e-001
 7.9569113e-001
 7.9587686e-001
 7.9599965e-001
 7.9611963e-001
 7.9627120e-001
 7.9642123e-001
 7.9651880e-001
 7.9661262e-001
 7.9665583e-001
 7.9669219e-001
 7.9674131e-001
 7.9679924e-001
 7.9691023e-001
 7.9701746e-001
 7.9707879e-001
 7.9713947e-001
 7.9722619e-001
 7.9731733e-001
 7.9745638e-001
 7.9759669e-001
 7.9768467e-001
 7.9777217e-001
 7.9786915e-001
 7.9796481e-001
 7.9803842e-001
 7.9810989e-001
 7.9812390e-001
 7.9813439e-001
 7.9821235e-001
 7.9829419e-001
 7.9832423e-001
 7.9834878e-001
 7.9844886e-001
 7.9855573e-001
 7.9862791e-001
 7.9869723e-001
 7.9880196e-001
 7.9891169e-001
 7.9903603e-001
 7.9916221e-001
 7.9924011e-001
 7.9931432e-001
 7.9935294e-001
 7.9938030e-001
 7.9949409e-001
 7.9962403e-001
 7.9969513e-001
 7.9975379e-001
 7.9982400e-001
 7.9989713e-001
 7.9990834e-001
 7.9990745e-001
 7.9992419e-001
 7.9994589e-001
 7.9999632e-001
 8.0005485e-001
 8.0011296e-001
 8.0016637e-001
 8.0022097e-001
 8.0027676e-001
 8.0042011e-001
 8.0058008e-001
 8.0066347e-001
 8.0073106e-001
 8.0078936e-001
 8.0084789e-001
 8.0090588e-001
 8.0096519e-001
 8.0104655e-001
 8.0113024e-001
 8.0118763e-001
 8.0124122e-001
 8.0129778e-001
 8.0135381e-001
 8.0140501e-001
 8.0145627e-001
 8.0151194e-001
 8.0156660e-001
 8.0160713e-001
 8.0164587e-001
 8.0169684e-001
 8.0174810e-001
 8.0181849e-001
 8.0189139e-001
 8.0197269e-001
 8.0205417e-001
 8.0218512e-001
 8.0231977e-001
 8.0249691e-001
 8.0267656e-001
 8.0280417e-001
 8.0292976e-001
 8.0307537e-001
 8.0322272e-001
 8.0324107e-001
 8.0325818e-001
 8.0332112e-001
 8.0338287e-001
 8.0345315e-001
 8.0352402e-001
 8.0361497e-001
 8.0370653e-001
 8.0383831e-001
 8.0396932e-001
 8.0407006e-001
 8.0417126e-001
 8.0428493e-001
 8.0439967e-001
 8.0453533e-001
 8.0466127e-001
 8.0470866e-001
 8.0475700e-001
 8.0482996e-001
 8.0491179e-001
 8.0500317e-001
 8.0509067e-001
 8.0519372e-001
 8.0528069e-001
 8.0527854e-001
 8.0527347e-001
 8.0524725e-001
 8.0523247e-001
 8.0526668e-001
 8.0527550e-001
 8.0522341e-001
 8.0520254e-001
 8.0525869e-001
 8.0533254e-001
 8.0543447e-001
 8.0553377e-001
 8.0563086e-001
 8.0569637e-001
 8.0570036e-001
 8.0570322e-001
 8.0571514e-001
 8.0574036e-001
 8.0577362e-001
 8.0578995e-001
 8.0578679e-001
 8.0575532e-001
 8.0568272e-001
 8.0567735e-001
 8.0575061e-001
 8.0580211e-001
 8.0582809e-001
 8.0581921e-001
 8.0579120e-001
 8.0582994e-001
 8.0590838e-001
 8.0592173e-001
 8.0589104e-001
 8.0590087e-001
 8.0594975e-001
 8.0589938e-001
 8.0579561e-001
 8.0582851e-001
 8.0590272e-001
 8.0589432e-001
 8.0586767e-001
 8.0584031e-001
 8.0581570e-001
 8.0585444e-001
 8.0590355e-001
 8.0602688e-001
 8.0615723e-001
 8.0623043e-001
 8.0631405e-001
 8.0641842e-001
 8.0650818e-001
 8.0657923e-001
 8.0665755e-001
 8.0677062e-001
 8.0688906e-001
 8.0701244e-001
 8.0715400e-001
 8.0727172e-001
 8.0736339e-001
 8.0739051e-001
 8.0741388e-001
 8.0745780e-001
 8.0749518e-001
 8.0750138e-001
 8.0753124e-001
 8.0756438e-001
 8.0755907e-001
 8.0752540e-001
 8.0752039e-001
 8.0750757e-001
 8.0751210e-001
 8.0762720e-001
 8.0771112e-001
 8.0768514e-001
 8.0768603e-001
 8.0772203e-001
 8.0778760e-001
 8.0789328e-001
 8.0793417e-001
 8.0792826e-001
 8.0796772e-001
 8.0804777e-001
 8.0812788e-001
 8.0821794e-001
 8.0819851e-001
 8.0810702e-001
 8.0808872e-001
 8.0809647e-001
 8.0802971e-001
 8.0795282e-001
 8.0784953e-001
 8.0770260e-001
 8.0756646e-001
 8.0746478e-001
 8.0736125e-001
 8.0726725e-001
 8.0725205e-001
 8.0724120e-001
 8.0722243e-001
 8.0721831e-001
 8.0732244e-001
 8.0745566e-001
 8.0763322e-001
 8.0783457e-001
 8.0806804e-001
 8.0828953e-001
 8.0844396e-001
 8.0860746e-001
 8.0889612e-001
 8.0913621e-001
 8.0923063e-001
 8.0933124e-001
 8.0943811e-001
 8.0952770e-001
 8.0959326e-001
 8.0959034e-001
 8.0953801e-001
 8.0950260e-001
 8.0948311e-001
 8.0944759e-001
 8.0940473e-001
 8.0949175e-001
 8.0960155e-001
 8.0956978e-001
 8.0950350e-001
 8.0954808e-001
 8.0964708e-001
 8.0971187e-001
 8.0973512e-001
 8.0980623e-001
 8.0995262e-001
 8.1014651e-001
 8.1029922e-001
 8.1044430e-001
 8.1059194e-001
 8.1067258e-001
 8.1073469e-001
 8.1082827e-001
 8.1091899e-001
 8.1095314e-001
 8.1097525e-001
 8.1103927e-001
 8.1105059e-001
 8.1094891e-001
 8.1087810e-001
 8.1080294e-001
 8.1069332e-001
 8.1059968e-001
 8.1054044e-001
 8.1049144e-001
 8.1052577e-001
 8.1060964e-001
 8.1068051e-001
 8.1071919e-001
 8.1080449e-001
 8.1092846e-001
 8.1099504e-001
 8.1112063e-001
 8.1132376e-001
 8.1148326e-001
 8.1156754e-001
 8.1159335e-001
 8.1161344e-001
 8.1161892e-001
 8.1159478e-001
 8.1159699e-001
 8.1168008e-001
 8.1173998e-001
 8.1175441e-001
 8.1177944e-001
 8.1184113e-001
 8.1185865e-001
 8.1183028e-001
 8.1186193e-001
 8.1192023e-001
 8.1193542e-001
 8.1196570e-001
 8.1207454e-001
 8.1218386e-001
 8.1225890e-001
 8.1233495e-001
 8.1234187e-001
 8.1231987e-001
 8.1232399e-001
 8.1233501e-001
 8.1234479e-001
 8.1232721e-001
 8.1232214e-001
 8.1241775e-001
 8.1252635e-001
 8.1261921e-001
 8.1271726e-001
 8.1278419e-001
 8.1283987e-001
 8.1289810e-001
 8.1294513e-001
 8.1299281e-001
 8.1300068e-001
 8.1300056e-001
 8.1294090e-001
 8.1288344e-001
 8.1281871e-001
 8.1274891e-001
 8.1266457e-001
 8.1256902e-001
 8.1249124e-001
 8.1243873e-001
 8.1238621e-001
 8.1229013e-001
 8.1219417e-001
 8.1206149e-001
 8.1192154e-001
 8.1176579e-001
 8.1160444e-001
 8.1139886e-001
 8.1116450e-001
 8.1091720e-001
 8.1061709e-001
 8.1031740e-001
 8.0999893e-001
 8.0967802e-001
 8.0938089e-001
 8.0909568e-001
 8.0878121e-001
 8.0843252e-001
 8.0809563e-001
 8.0780113e-001
 8.0749530e-001
 8.0710483e-001
 8.0671459e-001
 8.0642474e-001
 8.0614352e-001
 8.0575335e-001
 8.0532026e-001
 8.0497158e-001
 8.0468118e-001
 8.0435091e-001
 8.0397481e-001
 8.0362564e-001
 8.0342537e-001
 8.0322605e-001
 8.0306369e-001
 8.0290204e-001
 8.0271864e-001
 8.0252612e-001
 8.0235714e-001
 8.0220151e-001
 8.0205441e-001
 8.0193830e-001
 8.0183589e-001
 8.0182850e-001
 8.0182034e-001
 8.0189806e-001
 8.0197936e-001
 8.0210978e-001
 8.0225712e-001
 8.0232531e-001
 8.0232775e-001
 8.0232602e-001
 8.0232006e-001
 8.0232376e-001
 8.0230182e-001
 8.0227506e-001
 8.0230689e-001
 8.0233186e-001
 8.0235225e-001
 8.0237329e-001
 8.0239916e-001
 8.0242252e-001
 8.0247450e-001
 8.0258763e-001
 8.0269289e-001
 8.0279535e-001
 8.0289423e-001
 8.0291450e-001
 8.0292904e-001
 8.0293822e-001
 8.0294353e-001
 8.0304611e-001
 8.0322164e-001
 8.0339259e-001
 8.0355227e-001
 8.0369890e-001
 8.0377305e-001
 8.0382299e-001
 8.0393934e-001
 8.0403548e-001
 8.0407441e-001
 8.0409580e-001
 8.0415410e-001
 8.0425173e-001
 8.0434406e-001
 8.0439979e-001
 8.0446452e-001
 8.0460680e-001
 8.0473679e-001
 8.0474204e-001
 8.0475992e-001
 8.0492401e-001
 8.0510187e-001
 8.0526710e-001
 8.0542630e-001
 8.0556887e-001
 8.0569822e-001
 8.0583084e-001
 8.0597013e-001
 8.0611235e-001
 8.0629462e-001
 8.0646819e-001
 8.0652267e-001
 8.0657232e-001
 8.0667353e-001
 8.0679268e-001
 8.0692118e-001
 8.0705297e-001
 8.0721039e-001
 8.0740947e-001
 8.0756891e-001
 8.0764318e-001
 8.0773294e-001
 8.0785066e-001
 8.0797696e-001
 8.0804169e-001
 8.0806458e-001
 8.0804718e-001
 8.0804026e-001
 8.0810249e-001
 8.0821103e-001
 8.0832016e-001
 8.0843389e-001
 8.0852854e-001
 8.0860233e-001
 8.0870050e-001
 8.0879921e-001
 8.0890971e-001
 8.0897337e-001
 8.0904770e-001
 8.0916733e-001
 8.0927438e-001
 8.0936956e-001
 8.0948406e-001
 8.0967730e-001
 8.0997062e-001
 8.1025004e-001
 8.1040865e-001
 8.1055468e-001
 8.1072348e-001
 8.1089252e-001
 8.1092501e-001
 8.1093234e-001
 8.1097859e-001
 8.1105477e-001
 8.1113189e-001
 8.1119823e-001
 8.1130373e-001
 8.1143564e-001
 8.1153619e-001
 8.1169850e-001
 8.1185132e-001
 8.1201524e-001
 8.1218493e-001
 8.1242245e-001
 8.1263965e-001
 8.1284946e-001
 8.1308657e-001
 8.1324786e-001
 8.1334674e-001
 8.1349164e-001
 8.1366259e-001
 8.1381476e-001
 8.1388128e-001
 8.1391054e-001
 8.1394506e-001
 8.1400293e-001
 8.1412119e-001
 8.1428796e-001
 8.1454694e-001
 8.1482410e-001
 8.1506985e-001
 8.1529862e-001
 8.1549925e-001
 8.1568217e-001
 8.1586057e-001
 8.1603295e-001
 8.1620324e-001
 8.1625670e-001
 8.1627405e-001
 8.1625688e-001
 8.1622118e-001
 8.1626439e-001
 8.1635517e-001
 8.1649208e-001
 8.1665713e-001
 8.1683254e-001
 8.1699389e-001
 8.1717116e-001
 8.1739914e-001
 8.1761754e-001
 8.1785798e-001
 8.1808954e-001
 8.1823593e-001
 8.1837147e-001
 8.1849164e-001
 8.1863344e-001
 8.1875455e-001
 8.1885201e-001
 8.1889969e-001
 8.1889480e-001
 8.1887835e-001
 8.1888098e-001
 8.1890327e-001
 8.1898242e-001
 8.1905532e-001
 8.1910247e-001
 8.1913453e-001
 8.1921715e-001
 8.1932855e-001
 8.1950676e-001
 8.1966722e-001
 8.1984437e-001
 8.1999671e-001
 8.2010156e-001
 8.2023555e-001
 8.2046890e-001
 8.2077813e-001
 8.2103980e-001
 8.2117128e-001
 8.2127851e-001
 8.2134044e-001
 8.2140428e-001
 8.2156277e-001
 8.2173294e-001
 8.2179153e-001
 8.2182848e-001
 8.2181102e-001
 8.2176733e-001
 8.2179916e-001
 8.2187462e-001
 8.2193500e-001
 8.2198578e-001
 8.2205254e-001
 8.2218546e-001
 8.2231885e-001
 8.2237738e-001
 8.2247704e-001
 8.2262629e-001
 8.2272553e-001
 8.2266378e-001
 8.2256871e-001
 8.2255691e-001
 8.2258970e-001
 8.2263166e-001
 8.2268363e-001
 8.2272661e-001
 8.2276011e-001
 8.2281429e-001
 8.2287508e-001
 8.2298243e-001
 8.2318294e-001
 8.2337904e-001
 8.2337344e-001
 8.2332247e-001
 8.2317686e-001
 8.2306653e-001
 8.2302839e-001
 8.2304353e-001
 8.2304883e-001
 8.2301003e-001
 8.2289594e-001
 8.2277399e-001
 8.2260054e-001
 8.2239026e-001
 8.2219738e-001
 8.2204807e-001
 8.2195210e-001
 8.2186282e-001
 8.2176650e-001
 8.2179213e-001
 8.2183385e-001
 8.2177460e-001
 8.2171947e-001
 8.2160878e-001
 8.2149005e-001
 8.2136577e-001
 8.2124364e-001
 8.2118577e-001
 8.2121074e-001
 8.2126290e-001
 8.2128048e-001
 8.2133132e-001
 8.2144201e-001
 8.2154793e-001
 8.2161808e-001
 8.2170898e-001
 8.2181871e-001
 8.2189941e-001
 8.2185304e-001
 8.2179505e-001
 8.2177109e-001
 8.2175004e-001
 8.2169414e-001
 8.2162809e-001
 8.2157671e-001
 8.2150370e-001
 8.2143021e-001
 8.2134318e-001
 8.2129413e-001
 8.2127947e-001
 8.2115906e-001
 8.2089990e-001
 8.2065272e-001
 8.2047033e-001
 8.2025921e-001
 8.2001007e-001
 8.1977451e-001
 8.1967187e-001
 8.1957501e-001
 8.1947422e-001
 8.1939459e-001
 8.1942368e-001
 8.1946003e-001
 8.1944025e-001
 8.1939209e-001
 8.1939232e-001
 8.1938422e-001
 8.1940085e-001
 8.1942880e-001
 8.1950742e-001
 8.1965888e-001
 8.1973636e-001
 8.1974030e-001
 8.1976897e-001
 8.1977427e-001
 8.1973219e-001
 8.1964439e-001
 8.1955183e-001
 8.1956345e-001
 8.1955898e-001
 8.1947869e-001
 8.1939960e-001
 8.1944716e-001
 8.1945980e-001
 8.1953609e-001
 8.1958735e-001
 8.1966329e-001
 8.1972706e-001
 8.1970906e-001
 8.1968307e-001
 8.1956959e-001
 8.1936979e-001
 8.1917936e-001
 8.1900084e-001
 8.1885183e-001
 8.1872427e-001
 8.1859922e-001
 8.1850785e-001
 8.1842327e-001
 8.1830156e-001
 8.1817335e-001
 8.1797779e-001
 8.1777406e-001
 8.1759524e-001
 8.1741989e-001
 8.1741136e-001
 8.1740463e-001
 8.1735116e-001
 8.1731290e-001
 8.1726164e-001
 8.1722593e-001
 8.1724286e-001
 8.1724417e-001
 8.1717747e-001
 8.1708193e-001
 8.1705141e-001
 8.1707686e-001
 8.1710112e-001
 8.1715095e-001
 8.1712192e-001
 8.1696004e-001
 8.1682837e-001
 8.1677467e-001
 8.1674027e-001
 8.1674266e-001
 8.1675017e-001
 8.1667715e-001
 8.1658173e-001
 8.1639481e-001
 8.1618273e-001
 8.1607717e-001
 8.1595802e-001
 8.1570196e-001
 8.1545508e-001
 8.1531006e-001
 8.1518120e-001
 8.1514686e-001
 8.1515771e-001
 8.1501776e-001
 8.1479692e-001
 8.1469113e-001
 8.1466961e-001
 8.1466603e-001
 8.1465995e-001
 8.1453770e-001
 8.1431931e-001
 8.1411403e-001
 8.1386131e-001
 8.1365705e-001
 8.1357557e-001
 8.1348217e-001
 8.1338495e-001
 8.1327015e-001
 8.1305563e-001
 8.1284380e-001
 8.1269628e-001
 8.1253785e-001
 8.1229246e-001
 8.1199968e-001
 8.1169498e-001
 8.1137651e-001
 8.1113273e-001
 8.1092095e-001
 8.1082791e-001
 8.1075239e-001
 8.1051481e-001
 8.1023902e-001
 8.1006789e-001
 8.0994523e-001
 8.0985975e-001
 8.0980247e-001
 8.0970931e-001
 8.0958968e-001
 8.0947369e-001
 8.0935746e-001
 8.0923313e-001
 8.0910391e-001
 8.0908233e-001
 8.0921620e-001
 8.0938965e-001
 8.0959952e-001
 8.0984110e-001
 8.1013674e-001
 8.1051564e-001
 8.1104660e-001
 8.1148118e-001
 8.1168073e-001
 8.1192273e-001
 8.1239730e-001
 8.1286031e-001
 8.1314999e-001
 8.1342071e-001
 8.1366050e-001
 8.1389606e-001
 8.1404197e-001
 8.1419331e-001
 8.1436187e-001
 8.1452918e-001
 8.1467593e-001
 8.1484425e-001
 8.1492031e-001
 8.1498206e-001
 8.1500447e-001
 8.1495410e-001
 8.1483269e-001
 8.1470203e-001
 8.1469971e-001
 8.1476343e-001
 8.1487477e-001
 8.1501311e-001
 8.1511039e-001
 8.1516278e-001
 8.1505150e-001
 8.1485987e-001
 8.1473619e-001
 8.1470251e-001
 8.1457895e-001
 8.1436104e-001
 8.1420279e-001
 8.1411415e-001
 8.1401390e-001
 8.1391734e-001
 8.1394911e-001
 8.1409800e-001
 8.1420624e-001
 8.1428456e-001
 8.1430125e-001
 8.1423533e-001
 8.1437838e-001
 8.1487679e-001
 8.1523740e-001
 8.1532961e-001
 8.1528085e-001
 8.1488115e-001
 8.1459665e-001
 8.1458586e-001
 8.1453955e-001
 8.1442446e-001
 8.1430614e-001
 8.1424212e-001
 8.1417739e-001
 8.1414860e-001
 8.1407261e-001
 8.1365049e-001
 8.1323707e-001
 8.1282949e-001
 8.1247532e-001
 8.1246042e-001
 8.1242567e-001
 8.1215727e-001
 8.1190014e-001
 8.1179804e-001
 8.1167179e-001
 8.1148839e-001
 8.1132156e-001
 8.1133479e-001
 8.1134582e-001
 8.1134945e-001
 8.1134665e-001
 8.1144089e-001
 8.1155920e-001
 8.1188816e-001
 8.1226796e-001
 8.1242388e-001
 8.1253064e-001
 8.1226063e-001
 8.1195354e-001
 8.1184906e-001
 8.1176418e-001
 8.1149757e-001
 8.1122839e-001
 8.1097388e-001
 8.1069970e-001
 8.1050324e-001
 8.1026959e-001
 8.0980706e-001
 8.0934507e-001
 8.0923223e-001
 8.0920166e-001
 8.0912596e-001
 8.0906409e-001
 8.0862731e-001
 8.0812699e-001
 8.0787957e-001
 8.0758756e-001
 8.0709100e-001
 8.0657202e-001
 8.0643886e-001
 8.0648249e-001
 8.0627728e-001
 8.0591738e-001
 8.0581933e-001
 8.0582905e-001
 8.0605322e-001
 8.0629110e-001
 8.0633336e-001
 8.0636275e-001
 8.0643618e-001
 8.0651337e-001
 8.0652577e-001
 8.0649304e-001
 8.0635655e-001
 8.0627728e-001
 8.0624115e-001
 8.0617809e-001
 8.0567771e-001
 8.0502433e-001
 8.0506355e-001
 8.0528551e-001
 8.0493134e-001
 8.0437481e-001
 8.0424547e-001
 8.0430573e-001
 8.0421919e-001
 8.0406654e-001
 8.0366868e-001
 8.0325860e-001
 8.0319095e-001
 8.0313396e-001
 8.0290765e-001
 8.0260819e-001
 8.0172217e-001
 8.0081999e-001
 8.0058908e-001
 8.0042195e-001
 8.0062431e-001
 8.0087030e-001
 8.0060971e-001
 8.0028349e-001
 7.9972756e-001
 7.9914445e-001
 7.9879433e-001
 7.9833835e-001
 7.9814643e-001
 7.9815859e-001
 7.9819846e-001
 7.9827207e-001
 7.9793876e-001
 7.9722393e-001
 7.9602575e-001
 7.9510957e-001
 7.9596591e-001
 7.9684949e-001
 7.9627872e-001
 7.9557699e-001
 7.9522586e-001
 7.9494143e-001
 7.9437774e-001
 7.9363793e-001
 7.9352033e-001
 7.9365814e-001
 7.9405856e-001
 7.9445040e-001
 7.9533088e-001
 7.9636800e-001
 7.9684585e-001
 7.9715145e-001
 7.9681367e-001
 7.9636794e-001
 7.9537493e-001
 7.9484636e-001
 7.9576296e-001
 7.9561818e-001
 7.9424644e-001
 7.9329681e-001
 7.9294485e-001
 7.9297817e-001
 7.9353416e-001
 7.9460526e-001
 7.9575539e-001
 7.9662001e-001
 7.9720873e-001
 7.9740155e-001
 7.9709548e-001
