splib07b Record=2465: Antigorite NMNH96917.b 165um  BECKb AREF
-1.2300000e+034
-1.2300000e+034
-1.2300000e+034
-1.2300000e+034
-1.2300000e+034
-1.2300000e+034
-1.2300000e+034
-1.2300000e+034
-1.2300000e+034
-1.2300000e+034
-1.2300000e+034
-1.2300000e+034
-1.2300000e+034
-1.2300000e+034
-1.2300000e+034
-1.2300000e+034
-1.2300000e+034
-1.2300000e+034
-1.2300000e+034
-1.2300000e+034
-1.2300000e+034
-1.2300000e+034
-1.2300000e+034
-1.2300000e+034
-1.2300000e+034
-1.2300000e+034
-1.2300000e+034
-1.2300000e+034
-1.2300000e+034
-1.2300000e+034
-1.2300000e+034
-1.2300000e+034
-1.2300000e+034
-1.2300000e+034
-1.2300000e+034
-1.2300000e+034
-1.2300000e+034
-1.2300000e+034
-1.2300000e+034
-1.2300000e+034
-1.2300000e+034
-1.2300000e+034
-1.2300000e+034
-1.2300000e+034
-1.2300000e+034
-1.2300000e+034
-1.2300000e+034
-1.2300000e+034
-1.2300000e+034
-1.2300000e+034
-1.2300000e+034
-1.2300000e+034
-1.2300000e+034
-1.2300000e+034
-1.2300000e+034
-1.2300000e+034
-1.2300000e+034
-1.2300000e+034
-1.2300000e+034
-1.2300000e+034
-1.2300000e+034
-1.2300000e+034
-1.2300000e+034
-1.2300000e+034
-1.2300000e+034
-1.2300000e+034
-1.2300000e+034
-1.2300000e+034
-1.2300000e+034
-1.2300000e+034
-1.2300000e+034
-1.2300000e+034
-1.2300000e+034
-1.2300000e+034
-1.2300000e+034
-1.2300000e+034
-1.2300000e+034
-1.2300000e+034
-1.2300000e+034
-1.2300000e+034
-1.2300000e+034
-1.2300000e+034
-1.2300000e+034
-1.2300000e+034
-1.2300000e+034
-1.2300000e+034
-1.2300000e+034
-1.2300000e+034
-1.2300000e+034
-1.2300000e+034
-1.2300000e+034
-1.2300000e+034
-1.2300000e+034
-1.2300000e+034
-1.2300000e+034
-1.2300000e+034
-1.2300000e+034
-1.2300000e+034
-1.2300000e+034
-1.2300000e+034
-1.2300000e+034
-1.2300000e+034
-1.2300000e+034
-1.2300000e+034
-1.2300000e+034
-1.2300000e+034
-1.2300000e+034
-1.2300000e+034
-1.2300000e+034
-1.2300000e+034
-1.2300000e+034
-1.2300000e+034
-1.2300000e+034
-1.2300000e+034
-1.2300000e+034
-1.2300000e+034
-1.2300000e+034
-1.2300000e+034
-1.2300000e+034
-1.2300000e+034
-1.2300000e+034
-1.2300000e+034
-1.2300000e+034
-1.2300000e+034
-1.2300000e+034
-1.2300000e+034
-1.2300000e+034
-1.2300000e+034
-1.2300000e+034
-1.2300000e+034
-1.2300000e+034
-1.2300000e+034
-1.2300000e+034
-1.2300000e+034
-1.2300000e+034
-1.2300000e+034
-1.2300000e+034
-1.2300000e+034
-1.2300000e+034
-1.2300000e+034
-1.2300000e+034
-1.2300000e+034
-1.2300000e+034
-1.2300000e+034
-1.2300000e+034
-1.2300000e+034
-1.2300000e+034
-1.2300000e+034
-1.2300000e+034
-1.2300000e+034
-1.2300000e+034
-1.2300000e+034
-1.2300000e+034
-1.2300000e+034
-1.2300000e+034
-1.2300000e+034
-1.2300000e+034
-1.2300000e+034
-1.2300000e+034
-1.2300000e+034
-1.2300000e+034
-1.2300000e+034
-1.2300000e+034
-1.2300000e+034
-1.2300000e+034
-1.2300000e+034
-1.2300000e+034
-1.2300000e+034
-1.2300000e+034
-1.2300000e+034
-1.2300000e+034
-1.2300000e+034
-1.2300000e+034
-1.2300000e+034
-1.2300000e+034
 6.5050624e-002
 6.5050624e-002
 6.5337807e-002
 6.5623477e-002
 6.5906279e-002
 6.6184856e-002
 6.6457927e-002
 6.6724144e-002
 6.6982143e-002
 6.7230634e-002
 6.7468271e-002
 6.7693695e-002
 6.7905620e-002
 6.8102688e-002
 6.8283565e-002
 6.8446904e-002
 6.8591423e-002
 6.8717487e-002
 6.8830036e-002
 6.8934709e-002
 6.9037125e-002
 6.9142930e-002
 6.9257781e-002
 6.9387294e-002
 6.9537126e-002
 6.9712900e-002
 6.9920272e-002
 7.0164837e-002
 7.0452288e-002
 7.0788220e-002
 7.1177639e-002
 7.1616806e-002
 7.2096027e-002
 7.2605461e-002
 7.3135398e-002
 7.3675945e-002
 7.4217416e-002
 7.4749932e-002
 7.5263724e-002
 7.5748928e-002
 7.6195829e-002
 7.6594606e-002
 7.6936349e-002
 7.7224448e-002
 7.7470593e-002
 7.7686667e-002
 7.7884622e-002
 7.8076348e-002
 7.8273714e-002
 7.8488693e-002
 7.8733146e-002
 7.9018995e-002
 7.9358116e-002
 7.9762451e-002
 8.0242820e-002
 8.0796428e-002
 8.1410810e-002
 8.2073353e-002
 8.2771361e-002
 8.3492316e-002
 8.4223472e-002
 8.4952332e-002
 8.5666209e-002
 8.6352445e-002
 8.6998381e-002
 8.7591507e-002
 8.8120200e-002
 8.8587947e-002
 8.9008592e-002
 8.9396268e-002
 8.9765035e-002
 9.0129100e-002
 9.0502501e-002
 9.0899415e-002
 9.1333948e-002
 9.1820203e-002
 9.2372239e-002
 9.3004286e-002
 9.3729138e-002
 9.4542645e-002
 9.5428817e-002
 9.6371181e-002
 9.7353272e-002
 9.8358847e-002
 9.9371448e-002
 1.0037455e-001
 1.0135198e-001
 1.0228723e-001
 1.0316389e-001
 1.0396553e-001
 1.0467714e-001
 1.0530059e-001
 1.0585032e-001
 1.0634085e-001
 1.0678677e-001
 1.0720263e-001
 1.0760309e-001
 1.0800266e-001
 1.0841600e-001
 1.0885765e-001
 1.0934222e-001
 1.0988421e-001
 1.1049757e-001
 1.1118548e-001
 1.1194373e-001
 1.1276776e-001
 1.1365307e-001
 1.1459508e-001
 1.1558944e-001
 1.1663149e-001
 1.1771692e-001
 1.1884113e-001
 1.1999961e-001
 1.2118776e-001
 1.2240125e-001
 1.2363473e-001
 1.2488234e-001
 1.2613858e-001
 1.2739760e-001
 1.2865348e-001
 1.2990074e-001
 1.3113351e-001
 1.3234596e-001
 1.3353251e-001
 1.3468732e-001
 1.3580464e-001
 1.3687892e-001
 1.3790865e-001
 1.3889483e-001
 1.3983886e-001
 1.4074184e-001
 1.4160500e-001
 1.4242952e-001
 1.4321670e-001
 1.4396769e-001
 1.4468379e-001
 1.4536618e-001
 1.4601606e-001
 1.4663471e-001
 1.4722490e-001
 1.4779022e-001
 1.4833449e-001
 1.4886135e-001
 1.4937450e-001
 1.4987767e-001
 1.5037461e-001
 1.5086892e-001
 1.5136446e-001
 1.5186483e-001
 1.5237382e-001
 1.5289474e-001
 1.5342674e-001
 1.5396558e-001
 1.5450689e-001
 1.5504649e-001
 1.5558006e-001
 1.5610321e-001
 1.5661176e-001
 1.5710138e-001
 1.5756772e-001
 1.5800656e-001
 1.5841362e-001
 1.5878490e-001
 1.5912215e-001
 1.5943140e-001
 1.5971869e-001
 1.5999018e-001
 1.6025190e-001
 1.6051000e-001
 1.6077049e-001
 1.6103956e-001
 1.6132322e-001
 1.6162764e-001
 1.6195887e-001
 1.6232249e-001
 1.6271625e-001
 1.6313207e-001
 1.6356154e-001
 1.6399644e-001
 1.6442840e-001
 1.6484913e-001
 1.6525026e-001
 1.6562359e-001
 1.6596067e-001
 1.6625331e-001
 1.6649312e-001
 1.6667250e-001
 1.6679382e-001
 1.6686733e-001
 1.6690341e-001
 1.6691245e-001
 1.6690485e-001
 1.6689104e-001
 1.6688137e-001
 1.6688627e-001
 1.6691613e-001
 1.6698132e-001
 1.6709231e-001
 1.6725865e-001
 1.6747814e-001
 1.6773929e-001
 1.6803041e-001
 1.6833976e-001
 1.6865569e-001
 1.6896643e-001
 1.6926032e-001
 1.6952556e-001
 1.6975054e-001
 1.6992350e-001
 1.7003275e-001
 1.7006736e-001
 1.7002860e-001
 1.6992727e-001
 1.6977447e-001
 1.6958132e-001
 1.6935888e-001
 1.6911823e-001
 1.6887048e-001
 1.6862673e-001
 1.6839805e-001
 1.6819555e-001
 1.6803025e-001
 1.6791263e-001
 1.6784297e-001
 1.6781336e-001
 1.6781577e-001
 1.6784213e-001
 1.6788435e-001
 1.6793437e-001
 1.6798414e-001
 1.6802560e-001
 1.6805062e-001
 1.6805120e-001
 1.6801925e-001
 1.6794732e-001
 1.6783817e-001
 1.6770266e-001
 1.6755192e-001
 1.6739696e-001
 1.6724893e-001
 1.6711892e-001
 1.6701800e-001
 1.6695724e-001
 1.6694780e-001
 1.6700070e-001
 1.6712706e-001
 1.6733707e-001
 1.6762647e-001
 1.6797929e-001
 1.6837920e-001
 1.6881000e-001
 1.6925533e-001
 1.6969897e-001
 1.7012461e-001
 1.7051595e-001
 1.7085671e-001
 1.7113060e-001
 1.7132133e-001
 1.7141379e-001
 1.7141125e-001
 1.7133197e-001
 1.7119473e-001
 1.7101824e-001
 1.7082128e-001
 1.7062250e-001
 1.7044070e-001
 1.7029460e-001
 1.7020293e-001
 1.7018442e-001
 1.7025782e-001
 1.7044079e-001
 1.7073339e-001
 1.7112130e-001
 1.7158967e-001
 1.7212364e-001
 1.7270856e-001
 1.7332944e-001
 1.7397165e-001
 1.7462035e-001
 1.7526066e-001
 1.7587779e-001
 1.7645703e-001
 1.7698398e-001
 1.7745301e-001
 1.7786543e-001
 1.7822285e-001
 1.7852683e-001
 1.7877895e-001
 1.7898080e-001
 1.7913401e-001
 1.7924011e-001
 1.7930070e-001
 1.7931734e-001
 1.7929438e-001
 1.7924492e-001
 1.7918395e-001
 1.7912635e-001
 1.7908715e-001
 1.7908120e-001
 1.7912352e-001
 1.7922901e-001
 1.7941260e-001
 1.7968102e-001
 1.8001378e-001
 1.8038480e-001
 1.8076810e-001
 1.8113767e-001
 1.8146752e-001
 1.8173158e-001
 1.8190385e-001
 1.8195829e-001
 1.8188000e-001
 1.8169044e-001
 1.8141870e-001
 1.8109386e-001
 1.8074492e-001
 1.8040101e-001
 1.8009119e-001
 1.7984447e-001
 1.7968997e-001
 1.7964603e-001
 1.7969549e-001
 1.7981386e-001
 1.7997655e-001
 1.8015903e-001
 1.8033680e-001
 1.8048528e-001
 1.8057993e-001
 1.8059623e-001
 1.8051770e-001
 1.8035489e-001
 1.8012407e-001
 1.7984138e-001
 1.7952316e-001
 1.7918552e-001
 1.7884476e-001
 1.7851712e-001
 1.7821878e-001
 1.7796122e-001
 1.7773978e-001
 1.7754653e-001
 1.7737335e-001
 1.7721231e-001
 1.7705536e-001
 1.7689444e-001
 1.7672157e-001
 1.7652874e-001
 1.7631364e-001
 1.7609358e-001
 1.7588988e-001
 1.7572394e-001
 1.7561719e-001
 1.7559099e-001
 1.7566675e-001
 1.7586339e-001
 1.7615500e-001
 1.7647643e-001
 1.7676137e-001
 1.7694329e-001
 1.7695586e-001
 1.7673753e-001
 1.7631687e-001
 1.7580147e-001
 1.7530146e-001
 1.7492716e-001
 1.7478876e-001
 1.7499019e-001
 1.7551844e-001
 1.7625758e-001
 1.7708836e-001
 1.7789124e-001
 1.7854677e-001
 1.7894115e-001
 1.7906447e-001
 1.7899898e-001
 1.7882991e-001
 1.7864263e-001
 1.7852250e-001
 1.7855129e-001
 1.7874517e-001
 1.7906198e-001
 1.7945759e-001
 1.7988776e-001
 1.8030830e-001
 1.8067653e-001
 1.8097918e-001
 1.8122911e-001
 1.8144011e-001
 1.8162599e-001
 1.8180056e-001
 1.8197688e-001
 1.8215480e-001
 1.8232232e-001
 1.8246701e-001
 1.8257642e-001
 1.8263806e-001
 1.8264054e-001
 1.8259139e-001
 1.8251534e-001
 1.8243769e-001
 1.8238375e-001
 1.8237886e-001
 1.8244687e-001
 1.8258369e-001
 1.8275991e-001
 1.8294527e-001
 1.8310945e-001
 1.8322216e-001
 1.8325442e-001
 1.8320310e-001
 1.8308859e-001
 1.8293214e-001
 1.8275492e-001
 1.8257821e-001
 1.8242264e-001
 1.8229742e-001
 1.8220145e-001
 1.8213309e-001
 1.8209083e-001
 1.8207312e-001
 1.8207856e-001
 1.8210921e-001
 1.8217035e-001
 1.8226732e-001
 1.8240553e-001
 1.8259032e-001
 1.8282589e-001
 1.8309367e-001
 1.8335404e-001
 1.8356669e-001
 1.8369119e-001
 1.8368722e-001
 1.8351690e-001
 1.8319330e-001
 1.8277648e-001
 1.8232831e-001
 1.8191065e-001
 1.8158528e-001
 1.8141291e-001
 1.8143013e-001
 1.8165122e-001
 1.8208952e-001
 1.8275845e-001
 1.8367155e-001
 1.8483883e-001
 1.8620327e-001
 1.8764523e-001
 1.8904252e-001
 1.9027327e-001
 1.9121780e-001
 1.9183272e-001
 1.9216785e-001
 1.9227855e-001
 1.9222024e-001
 1.9204837e-001
 1.9181827e-001
 1.9158532e-001
 1.9140498e-001
 1.9133170e-001
 1.9138782e-001
 1.9155636e-001
 1.9181798e-001
 1.9215336e-001
 1.9254315e-001
 1.9296798e-001
 1.9340847e-001
 1.9384532e-001
 1.9425942e-001
 1.9464260e-001
 1.9499975e-001
 1.9533664e-001
 1.9565901e-001
 1.9597268e-001
 1.9628337e-001
 1.9659692e-001
 1.9691907e-001
 1.9725545e-001
 1.9760659e-001
 1.9796672e-001
 1.9832976e-001
 1.9868961e-001
 1.9904009e-001
 1.9937506e-001
 1.9968840e-001
 1.9997399e-001
 2.0022577e-001
 2.0044287e-001
 2.0063043e-001
 2.0079407e-001
 2.0093946e-001
 2.0107219e-001
 2.0119788e-001
 2.0132223e-001
 2.0145077e-001
 2.0158912e-001
 2.0174199e-001
 2.0191278e-001
 2.0210491e-001
 2.0232168e-001
 2.0256656e-001
 2.0284291e-001
 2.0315410e-001
 2.0350349e-001
 2.0389436e-001
 2.0432536e-001
 2.0478937e-001
 2.0527883e-001
 2.0578623e-001
 2.0630395e-001
 2.0682462e-001
 2.0734055e-001
 2.0784436e-001
 2.0832853e-001
 2.0878904e-001
 2.0922612e-001
 2.0964035e-001
 2.1003234e-001
 2.1040265e-001
 2.1075182e-001
 2.1108040e-001
 2.1138898e-001
 2.1167807e-001
 2.1194725e-001
 2.1219479e-001
 2.1241900e-001
 2.1261802e-001
 2.1279012e-001
 2.1293347e-001
 2.1304636e-001
 2.1312694e-001
 2.1317345e-001
 2.1318206e-001
 2.1314636e-001
 2.1305980e-001
 2.1291581e-001
 2.1270786e-001
 2.1242937e-001
 2.1207380e-001
 2.1163458e-001
 2.1110564e-001
 2.1049894e-001
 2.0985006e-001
 2.0919594e-001
 2.0857370e-001
 2.0802043e-001
 2.0757325e-001
 2.0726910e-001
 2.0714514e-001
 2.0723751e-001
 2.0754811e-001
 2.0803377e-001
 2.0864838e-001
 2.0934571e-001
 2.1007968e-001
 2.1080418e-001
 2.1147306e-001
 2.1204010e-001
 2.1246006e-001
 2.1272279e-001
 2.1286447e-001
 2.1292439e-001
 2.1294178e-001
 2.1295600e-001
 2.1300627e-001
 2.1313189e-001
 2.1336369e-001
 2.1368553e-001
 2.1406519e-001
 2.1447049e-001
 2.1486916e-001
 2.1522890e-001
 2.1552292e-001
 2.1575421e-001
 2.1593605e-001
 2.1608181e-001
 2.1620482e-001
 2.1631835e-001
 2.1643543e-001
 2.1656720e-001
 2.1672414e-001
 2.1691681e-001
 2.1715568e-001
 2.1745124e-001
 2.1781029e-001
 2.1821861e-001
 2.1865456e-001
 2.1909669e-001
 2.1952340e-001
 2.1991311e-001
 2.2024754e-001
 2.2052665e-001
 2.2075684e-001
 2.2094451e-001
 2.2109611e-001
 2.2121796e-001
 2.2131711e-001
 2.2140385e-001
 2.2148959e-001
 2.2158587e-001
 2.2170408e-001
 2.2185569e-001
 2.2205119e-001
 2.2229515e-001
 2.2259010e-001
 2.2293870e-001
 2.2334346e-001
 2.2380687e-001
 2.2432832e-001
 2.2488838e-001
 2.2546087e-001
 2.2601987e-001
 2.2653924e-001
 2.2699286e-001
 2.2736152e-001
 2.2766565e-001
 2.2793970e-001
 2.2821823e-001
 2.2853577e-001
 2.2892682e-001
 2.2941960e-001
 2.3000599e-001
 2.3066473e-001
 2.3137446e-001
 2.3211402e-001
 2.3286209e-001
 2.3359445e-001
 2.3427036e-001
 2.3484288e-001
 2.3526512e-001
 2.3549022e-001
 2.3547128e-001
 2.3518042e-001
 2.3470101e-001
 2.3415680e-001
 2.3367171e-001
 2.3336935e-001
 2.3337367e-001
 2.3378259e-001
 2.3454274e-001
 2.3554537e-001
 2.3668160e-001
 2.3784286e-001
 2.3892027e-001
 2.3982212e-001
 2.4055874e-001
 2.4117728e-001
 2.4172509e-001
 2.4224961e-001
 2.4279819e-001
 2.4340788e-001
 2.4405473e-001
 2.4469250e-001
 2.4527480e-001
 2.4575515e-001
 2.4608730e-001
 2.4623773e-001
 2.4625045e-001
 2.4619798e-001
 2.4615303e-001
 2.4618815e-001
 2.4637601e-001
 2.4677260e-001
 2.4733424e-001
 2.4798036e-001
 2.4863011e-001
 2.4920271e-001
 2.4961753e-001
 2.4981062e-001
 2.4982004e-001
 2.4972183e-001
 2.4959216e-001
 2.4950719e-001
 2.4954303e-001
 2.4976017e-001
 2.5012389e-001
 2.5056380e-001
 2.5100946e-001
 2.5139034e-001
 2.5163612e-001
 2.5169101e-001
 2.5158995e-001
 2.5140190e-001
 2.5119588e-001
 2.5104091e-001
 2.5100604e-001
 2.5114474e-001
 2.5141501e-001
 2.5173870e-001
 2.5203776e-001
 2.5223386e-001
 2.5224888e-001
 2.5202397e-001
 2.5161994e-001
 2.5114316e-001
 2.5069988e-001
 2.5039658e-001
 2.5033960e-001
 2.5061440e-001
 2.5117671e-001
 2.5193247e-001
 2.5278780e-001
 2.5364861e-001
 2.5442085e-001
 2.5502449e-001
 2.5546652e-001
 2.5578728e-001
 2.5602734e-001
 2.5622714e-001
 2.5642711e-001
 2.5666329e-001
 2.5694326e-001
 2.5726360e-001
 2.5762093e-001
 2.5801206e-001
 2.5843331e-001
 2.5887913e-001
 2.5932878e-001
 2.5975567e-001
 2.6013353e-001
 2.6043558e-001
 2.6063552e-001
 2.6071349e-001
 2.6069236e-001
 2.6061168e-001
 2.6051107e-001
 2.6042995e-001
 2.6040798e-001
 2.6047909e-001
 2.6064217e-001
 2.6088220e-001
 2.6118410e-001
 2.6153281e-001
 2.6191345e-001
 2.6231050e-001
 2.6270714e-001
 2.6308566e-001
 2.6342824e-001
 2.6371750e-001
 2.6393545e-001
 2.6406863e-001
 2.6412889e-001
 2.6413834e-001
 2.6411912e-001
 2.6409334e-001
 2.6408318e-001
 2.6410702e-001
 2.6415920e-001
 2.6422465e-001
 2.6428813e-001
 2.6433453e-001
 2.6434860e-001
 2.6431796e-001
 2.6424760e-001
 2.6414976e-001
 2.6403657e-001
 2.6392016e-001
 2.6381263e-001
 2.6372567e-001
 2.6366672e-001
 2.6364183e-001
 2.6365700e-001
 2.6371819e-001
 2.6383138e-001
 2.6399776e-001
 2.6418683e-001
 2.6435536e-001
 2.6446006e-001
 2.6445770e-001
 2.6430494e-001
 2.6396975e-001
 2.6349324e-001
 2.6294652e-001
 2.6240063e-001
 2.6192671e-001
 2.6159588e-001
 2.6146472e-001
 2.6149479e-001
 2.6160866e-001
 2.6172885e-001
 2.6177782e-001
 2.6167810e-001
 2.6136789e-001
 2.6088870e-001
 2.6032498e-001
 2.5976098e-001
 2.5928116e-001
 2.5896984e-001
 2.5889516e-001
 2.5901747e-001
 2.5925261e-001
 2.5951630e-001
 2.5972414e-001
 2.5979203e-001
 2.5965062e-001
 2.5933218e-001
 2.5891104e-001
 2.5846139e-001
 2.5805771e-001
 2.5777432e-001
 2.5767291e-001
 2.5772971e-001
 2.5788546e-001
 2.5808078e-001
 2.5825626e-001
 2.5835255e-001
 2.5831920e-001
 2.5816679e-001
 2.5793147e-001
 2.5764915e-001
 2.5735599e-001
 2.5708821e-001
 2.5687793e-001
 2.5673181e-001
 2.5664532e-001
 2.5661418e-001
 2.5663391e-001
 2.5670016e-001
 2.5680640e-001
 2.5693247e-001
 2.5705218e-001
 2.5713941e-001
 2.5716805e-001
 2.5711188e-001
 2.5695062e-001
 2.5670430e-001
 2.5640985e-001
 2.5610447e-001
 2.5582519e-001
 2.5560915e-001
 2.5548777e-001
 2.5545317e-001
 2.5548083e-001
 2.5554612e-001
 2.5562444e-001
 2.5569117e-001
 2.5572389e-001
 2.5571552e-001
 2.5566566e-001
 2.5557384e-001
 2.5543955e-001
 2.5526240e-001
 2.5504446e-001
 2.5480521e-001
 2.5457206e-001
 2.5437209e-001
 2.5423256e-001
 2.5418076e-001
 2.5423661e-001
 2.5436893e-001
 2.5452462e-001
 2.5465032e-001
 2.5469279e-001
 2.5459871e-001
 2.5432631e-001
 2.5391480e-001
 2.5343919e-001
 2.5297400e-001
 2.5259423e-001
 2.5237468e-001
 2.5237674e-001
 2.5256637e-001
 2.5286809e-001
 2.5320593e-001
 2.5350419e-001
 2.5368711e-001
 2.5368905e-001
 2.5351793e-001
 2.5321367e-001
 2.5281629e-001
 2.5236610e-001
 2.5190297e-001
 2.5146446e-001
 2.5106883e-001
 2.5072566e-001
 2.5044498e-001
 2.5023624e-001
 2.5010940e-001
 2.5007033e-001
 2.5009766e-001
 2.5015801e-001
 2.5021785e-001
 2.5024363e-001
 2.5020194e-001
 2.5006539e-001
 2.4985130e-001
 2.4959683e-001
 2.4933936e-001
 2.4911605e-001
 2.4896424e-001
 2.4891447e-001
 2.4894795e-001
 2.4902382e-001
 2.4910124e-001
 2.4913922e-001
 2.4909687e-001
 2.4893965e-001
 2.4867979e-001
 2.4835037e-001
 2.4798490e-001
 2.4761651e-001
 2.4727857e-001
 2.4699973e-001
 2.4677444e-001
 2.4658176e-001
 2.4640055e-001
 2.4620983e-001
 2.4598846e-001
 2.4572094e-001
 2.4543273e-001
 2.4516785e-001
 2.4497050e-001
 2.4488470e-001
 2.4495465e-001
 2.4521206e-001
 2.4559632e-001
 2.4600451e-001
 2.4633391e-001
 2.4648134e-001
 2.4634394e-001
 2.4583851e-001
 2.4503140e-001
 2.4405712e-001
 2.4305072e-001
 2.4214658e-001
 2.4148014e-001
 2.4116646e-001
 2.4117410e-001
 2.4140398e-001
 2.4175684e-001
 2.4213311e-001
 2.4243359e-001
 2.4256942e-001
 2.4253215e-001
 2.4235058e-001
 2.4205357e-001
 2.4166992e-001
 2.4122877e-001
 2.4076007e-001
 2.4030401e-001
 2.3990528e-001
 2.3960844e-001
 2.3945834e-001
 2.3949961e-001
 2.3976465e-001
 2.4019155e-001
 2.4067432e-001
 2.4110672e-001
 2.4138284e-001
 2.4139625e-001
 2.4106000e-001
 2.4043481e-001
 2.3965052e-001
 2.3883738e-001
 2.3812576e-001
 2.3764555e-001
 2.3750754e-001
 2.3766765e-001
 2.3800975e-001
 2.3841698e-001
 2.3877299e-001
 2.3896079e-001
 2.3887886e-001
 2.3854268e-001
 2.3802304e-001
 2.3739113e-001
 2.3671821e-001
 2.3607507e-001
 2.3552509e-001
 2.3506592e-001
 2.3466502e-001
 2.3428950e-001
 2.3390633e-001
 2.3348282e-001
 2.3299335e-001
 2.3247160e-001
 2.3197933e-001
 2.3157844e-001
 2.3133084e-001
 2.3129842e-001
 2.3153083e-001
 2.3198049e-001
 2.3255323e-001
 2.3315455e-001
 2.3369004e-001
 2.3406512e-001
 2.3419695e-001
 2.3409432e-001
 2.3381023e-001
 2.3339802e-001
 2.3291104e-001
 2.3240234e-001
 2.3192123e-001
 2.3148143e-001
 2.3108010e-001
 2.3071425e-001
 2.3038085e-001
 2.3007694e-001
 2.2979984e-001
 2.2955143e-001
 2.2933531e-001
 2.2915520e-001
 2.2901483e-001
 2.2891791e-001
 2.2886650e-001
 2.2884931e-001
 2.2884846e-001
 2.2884610e-001
 2.2882427e-001
 2.2876514e-001
 2.2865264e-001
 2.2848640e-001
 2.2827356e-001
 2.2802132e-001
 2.2773694e-001
 2.2742738e-001
 2.2709116e-001
 2.2671422e-001
 2.2628209e-001
 2.2577971e-001
 2.2519538e-001
 2.2456837e-001
 2.2398043e-001
 2.2351541e-001
 2.2325650e-001
 2.2327253e-001
 2.2351028e-001
 2.2385612e-001
 2.2419585e-001
 2.2441560e-001
 2.2442591e-001
 2.2424833e-001
 2.2393523e-001
 2.2353917e-001
 2.2311237e-001
 2.2269763e-001
 2.2231273e-001
 2.2197205e-001
 2.2168973e-001
 2.2147997e-001
 2.2135274e-001
 2.2131184e-001
 2.2136064e-001
 2.2150247e-001
 2.2173852e-001
 2.2203065e-001
 2.2230741e-001
 2.2249581e-001
 2.2252323e-001
 2.2232844e-001
 2.2194882e-001
 2.2147141e-001
 2.2098373e-001
 2.2057295e-001
 2.2030315e-001
 2.2012995e-001
 2.1997844e-001
 2.1977365e-001
 2.1944074e-001
 2.1894498e-001
 2.1835266e-001
 2.1774672e-001
 2.1720929e-001
 2.1682222e-001
 2.1662472e-001
 2.1659379e-001
 2.1670137e-001
 2.1691951e-001
 2.1721888e-001
 2.1754728e-001
 2.1783252e-001
 2.1800171e-001
 2.1798196e-001
 2.1771288e-001
 2.1724196e-001
 2.1667229e-001
 2.1610746e-001
 2.1565074e-001
 2.1537922e-001
 2.1524493e-001
 2.1516404e-001
 2.1505253e-001
 2.1482654e-001
 2.1443722e-001
 2.1392576e-001
 2.1334834e-001
 2.1276052e-001
 2.1221811e-001
 2.1176998e-001
 2.1145478e-001
 2.1131028e-001
 2.1137422e-001
 2.1167956e-001
 2.1217002e-001
 2.1270968e-001
 2.1315992e-001
 2.1338230e-001
 2.1325536e-001
 2.1281132e-001
 2.1216272e-001
 2.1142279e-001
 2.1070476e-001
 2.1010293e-001
 2.0962028e-001
 2.0923363e-001
 2.0891909e-001
 2.0865315e-001
 2.0841302e-001
 2.0819066e-001
 2.0799173e-001
 2.0782207e-001
 2.0768768e-001
 2.0759453e-001
 2.0754789e-001
 2.0754078e-001
 2.0755501e-001
 2.0757198e-001
 2.0757318e-001
 2.0753999e-001
 2.0745446e-001
 2.0730987e-001
 2.0710988e-001
 2.0685841e-001
 2.0655937e-001
 2.0621680e-001
 2.0583521e-001
 2.0543131e-001
 2.0503241e-001
 2.0466673e-001
 2.0436202e-001
 2.0414631e-001
 2.0404580e-001
 2.0405361e-001
 2.0413248e-001
 2.0424412e-001
 2.0435004e-001
 2.0441203e-001
 2.0439275e-001
 2.0427689e-001
 2.0406890e-001
 2.0377435e-001
 2.0339851e-001
 2.0294675e-001
 2.0242552e-001
 2.0186095e-001
 2.0129761e-001
 2.0078039e-001
 2.0035477e-001
 2.0006566e-001
 1.9995584e-001
 2.0001881e-001
 2.0020252e-001
 2.0045310e-001
 2.0071682e-001
 2.0093986e-001
 2.0107010e-001
 2.0109017e-001
 2.0101503e-001
 2.0086069e-001
 2.0064346e-001
 2.0037939e-001
 2.0008506e-001
 1.9978632e-001
 1.9951758e-001
 1.9931361e-001
 1.9920912e-001
 1.9923893e-001
 1.9943500e-001
 1.9977391e-001
 2.0017992e-001
 2.0057563e-001
 2.0088312e-001
 2.0102489e-001
 2.0092687e-001
 2.0059048e-001
 2.0008813e-001
 1.9949526e-001
 1.9888671e-001
 1.9833818e-001
 1.9792238e-001
 1.9766538e-001
 1.9754869e-001
 1.9755203e-001
 1.9765510e-001
 1.9783765e-001
 1.9807911e-001
 1.9835201e-001
 1.9862233e-001
 1.9885580e-001
 1.9901824e-001
 1.9907531e-001
 1.9899447e-001
 1.9877911e-001
 1.9846697e-001
 1.9809701e-001
 1.9770852e-001
 1.9734038e-001
 1.9703084e-001
 1.9679822e-001
 1.9664171e-001
 1.9655991e-001
 1.9655116e-001
 1.9661406e-001
 1.9674574e-001
 1.9691531e-001
 1.9706473e-001
 1.9713484e-001
 1.9706663e-001
 1.9680086e-001
 1.9628222e-001
 1.9553320e-001
 1.9465223e-001
 1.9374102e-001
 1.9290061e-001
 1.9223306e-001
 1.9183578e-001
 1.9172578e-001
 1.9184129e-001
 1.9211726e-001
 1.9248858e-001
 1.9289041e-001
 1.9325741e-001
 1.9352476e-001
 1.9364260e-001
 1.9362052e-001
 1.9348256e-001
 1.9325291e-001
 1.9295548e-001
 1.9261441e-001
 1.9225374e-001
 1.9189760e-001
 1.9157006e-001
 1.9129004e-001
 1.9105718e-001
 1.9086605e-001
 1.9071130e-001
 1.9058760e-001
 1.9048958e-001
 1.9041196e-001
 1.9034930e-001
 1.9029631e-001
 1.9024841e-001
 1.9020449e-001
 1.9016401e-001
 1.9012664e-001
 1.9009191e-001
 1.9005945e-001
 1.9002885e-001
 1.8999964e-001
 1.8997145e-001
 1.8994388e-001
 1.8991642e-001
 1.8988867e-001
 1.8986012e-001
 1.8983035e-001
 1.8979889e-001
 1.8976526e-001
 1.8972903e-001
 1.8968973e-001
 1.8964697e-001
 1.8960077e-001
 1.8955117e-001
 1.8949834e-001
 1.8944223e-001
 1.8938304e-001
 1.8932079e-001
 1.8925555e-001
 1.8918745e-001
 1.8911713e-001
 1.8904799e-001
 1.8898389e-001
 1.8892884e-001
 1.8888678e-001
 1.8886165e-001
 1.8885742e-001
 1.8887801e-001
 1.8892738e-001
 1.8900639e-001
 1.8910305e-001
 1.8920209e-001
 1.8928833e-001
 1.8934652e-001
 1.8936144e-001
 1.8931787e-001
 1.8920054e-001
 1.8899426e-001
 1.8869136e-001
 1.8831465e-001
 1.8789537e-001
 1.8746424e-001
 1.8705225e-001
 1.8669038e-001
 1.8640955e-001
 1.8624073e-001
 1.8621479e-001
 1.8635067e-001
 1.8661740e-001
 1.8697107e-001
 1.8736768e-001
 1.8776360e-001
 1.8811463e-001
 1.8837705e-001
 1.8850693e-001
 1.8846035e-001
 1.8820946e-001
 1.8779330e-001
 1.8726814e-001
 1.8669076e-001
 1.8611734e-001
 1.8560442e-001
 1.8520847e-001
 1.8498594e-001
 1.8499327e-001
 1.8526097e-001
 1.8570991e-001
 1.8623263e-001
 1.8672147e-001
 1.8706872e-001
 1.8717307e-001
 1.8703367e-001
 1.8673073e-001
 1.8634687e-001
 1.8596470e-001
 1.8566683e-001
 1.8553127e-001
 1.8556282e-001
 1.8570673e-001
 1.8590672e-001
 1.8610626e-001
 1.8624905e-001
 1.8628155e-001
 1.8619682e-001
 1.8602577e-001
 1.8580055e-001
 1.8555321e-001
 1.8531568e-001
 1.8511903e-001
 1.8497443e-001
 1.8487729e-001
 1.8482234e-001
 1.8480442e-001
 1.8481840e-001
 1.8485913e-001
 1.8492301e-001
 1.8500757e-001
 1.8511041e-001
 1.8522908e-001
 1.8536122e-001
 1.8550424e-001
 1.8565436e-001
 1.8580642e-001
 1.8595545e-001
 1.8609628e-001
 1.8622389e-001
 1.8633319e-001
 1.8641798e-001
 1.8647143e-001
 1.8648662e-001
 1.8645659e-001
 1.8637438e-001
 1.8623427e-001
 1.8604931e-001
 1.8584855e-001
 1.8566121e-001
 1.8551688e-001
 1.8544480e-001
 1.8547276e-001
 1.8559988e-001
 1.8580154e-001
 1.8605214e-001
 1.8632643e-001
 1.8659878e-001
 1.8684460e-001
 1.8705210e-001
 1.8722010e-001
 1.8734798e-001
 1.8743497e-001
 1.8748039e-001
 1.8748370e-001
 1.8744719e-001
 1.8737552e-001
 1.8727353e-001
 1.8714595e-001
 1.8699762e-001
 1.8683365e-001
 1.8666559e-001
 1.8651062e-001
 1.8638584e-001
 1.8630865e-001
 1.8629616e-001
 1.8636461e-001
 1.8651141e-001
 1.8671829e-001
 1.8696611e-001
 1.8723619e-001
 1.8750940e-001
 1.8776725e-001
 1.8799680e-001
 1.8818985e-001
 1.8833850e-001
 1.8843468e-001
 1.8847044e-001
 1.8843916e-001
 1.8835814e-001
 1.8826510e-001
 1.8819861e-001
 1.8819709e-001
 1.8829899e-001
 1.8854016e-001
 1.8891065e-001
 1.8936029e-001
 1.8983832e-001
 1.9029324e-001
 1.9067419e-001
 1.9093178e-001
 1.9105221e-001
 1.9105205e-001
 1.9094886e-001
 1.9076018e-001
 1.9050372e-001
 1.9019683e-001
 1.8985362e-001
 1.8948579e-001
 1.8910442e-001
 1.8872122e-001
 1.8834725e-001
 1.8799490e-001
 1.8768977e-001
 1.8746942e-001
 1.8737204e-001
 1.8743563e-001
 1.8769816e-001
 1.8819393e-001
 1.8888927e-001
 1.8968962e-001
 1.9049951e-001
 1.9122238e-001
 1.9176263e-001
 1.9202842e-001
 1.9201308e-001
 1.9178410e-001
 1.9141169e-001
 1.9096582e-001
 1.9051689e-001
 1.9013335e-001
 1.8985774e-001
 1.8970880e-001
 1.8970461e-001
 1.8986326e-001
 1.9020294e-001
 1.9073862e-001
 1.9143204e-001
 1.9219759e-001
 1.9294704e-001
 1.9359329e-001
 1.9404823e-001
 1.9422857e-001
 1.9412753e-001
 1.9380715e-001
 1.9333166e-001
 1.9276577e-001
 1.9217353e-001
 1.9161971e-001
 1.9116850e-001
 1.9086853e-001
 1.9071302e-001
 1.9068269e-001
 1.9075835e-001
 1.9092077e-001
 1.9115071e-001
 1.9142899e-001
 1.9173649e-001
 1.9205379e-001
 1.9236450e-001
 1.9266079e-001
 1.9293740e-001
 1.9318865e-001
 1.9340904e-001
 1.9359319e-001
 1.9373539e-001
 1.9383031e-001
 1.9387227e-001
 1.9386059e-001
 1.9381112e-001
 1.9374366e-001
 1.9367792e-001
 1.9363366e-001
 1.9363062e-001
 1.9368845e-001
 1.9382700e-001
 1.9406603e-001
 1.9441682e-001
 1.9486110e-001
 1.9537324e-001
 1.9592807e-001
 1.9650051e-001
 1.9706486e-001
 1.9759619e-001
 1.9806881e-001
 1.9845776e-001
 1.9874512e-001
 1.9894125e-001
 1.9906278e-001
 1.9912617e-001
 1.9914809e-001
 1.9914508e-001
 1.9913374e-001
 1.9913067e-001
 1.9915241e-001
 1.9921185e-001
 1.9930795e-001
 1.9943659e-001
 1.9959357e-001
 1.9977480e-001
 1.9997616e-001
 2.0019339e-001
 2.0042248e-001
 2.0065913e-001
 2.0089917e-001
 2.0113753e-001
 2.0136915e-001
 2.0158911e-001
 2.0179212e-001
 2.0197327e-001
 2.0212731e-001
 2.0224930e-001
 2.0233411e-001
 2.0237933e-001
 2.0239255e-001
 2.0238362e-001
 2.0236249e-001
 2.0233901e-001
 2.0232308e-001
 2.0232458e-001
 2.0235345e-001
 2.0241955e-001
 2.0253022e-001
 2.0268336e-001
 2.0287469e-001
 2.0309973e-001
 2.0335433e-001
 2.0363393e-001
 2.0393437e-001
 2.0425111e-001
 2.0457993e-001
 2.0491661e-001
 2.0525666e-001
 2.0559607e-001
 2.0593040e-001
 2.0625558e-001
 2.0656721e-001
 2.0686115e-001
 2.0713328e-001
 2.0737915e-001
 2.0759469e-001
 2.0777577e-001
 2.0792373e-001
 2.0804490e-001
 2.0814572e-001
 2.0823278e-001
 2.0831250e-001
 2.0839144e-001
 2.0847607e-001
 2.0857291e-001
 2.0868853e-001
 2.0882931e-001
 2.0900191e-001
 2.0921239e-001
 2.0946051e-001
 2.0973971e-001
 2.1004292e-001
 2.1036345e-001
 2.1069418e-001
 2.1102846e-001
 2.1135916e-001
 2.1167949e-001
 2.1198267e-001
 2.1226159e-001
 2.1250959e-001
 2.1271983e-001
 2.1289207e-001
 2.1303199e-001
 2.1314552e-001
 2.1323866e-001
 2.1331728e-001
 2.1338744e-001
 2.1345499e-001
 2.1352594e-001
 2.1360628e-001
 2.1370187e-001
 2.1381879e-001
 2.1396264e-001
 2.1413435e-001
 2.1432967e-001
 2.1454445e-001
 2.1477436e-001
 2.1501505e-001
 2.1526235e-001
 2.1551181e-001
 2.1575922e-001
 2.1600038e-001
 2.1623081e-001
 2.1644638e-001
 2.1664281e-001
 2.1681805e-001
 2.1697199e-001
 2.1710484e-001
 2.1721666e-001
 2.1730746e-001
 2.1737739e-001
 2.1742649e-001
 2.1746136e-001
 2.1739216e-001
 2.1714133e-001
 2.1675241e-001
 2.1630868e-001
 2.1589489e-001
 2.1559601e-001
 2.1549378e-001
 2.1560103e-001
 2.1586190e-001
 2.1621776e-001
 2.1660979e-001
 2.1697962e-001
 2.1727456e-001
 2.1744771e-001
 2.1745242e-001
 2.1724200e-001
 2.1677268e-001
 2.1606278e-001
 2.1519214e-001
 2.1424274e-001
 2.1329698e-001
 2.1243694e-001
 2.1172866e-001
 2.1117628e-001
 2.1076851e-001
 2.1049428e-001
-1.2300000e+034
-1.2300000e+034
 2.1036112e-001
 2.1050943e-001
 2.1073553e-001
 2.1102823e-001
 2.1137647e-001
-1.2300000e+034
-1.2300000e+034
 2.1264242e-001
 2.1310103e-001
 2.1355942e-001
 2.1400633e-001
 2.1443078e-001
 2.1482143e-001
-1.2300000e+034
-1.2300000e+034
 2.1567982e-001
 2.1582423e-001
 2.1587917e-001
 2.1583351e-001
 2.1567614e-001
 2.1539590e-001
 2.1498162e-001
 2.1442209e-001
 2.1371570e-001
 2.1289547e-001
 2.1200287e-001
 2.1107909e-001
 2.1016565e-001
 2.0930368e-001
 2.0853470e-001
 2.0789991e-001
 2.0742996e-001
 2.0711547e-001
 2.0693810e-001
 2.0687938e-001
 2.0692086e-001
 2.0704412e-001
 2.0723073e-001
 2.0746224e-001
 2.0772025e-001
 2.0798628e-001
 2.0824191e-001
 2.0846871e-001
 2.0865077e-001
 2.0878135e-001
 2.0885575e-001
 2.0886934e-001
 2.0881739e-001
 2.0869534e-001
 2.0849837e-001
 2.0822191e-001
 2.0786129e-001
 2.0741174e-001
 2.0686872e-001
 2.0622744e-001
 2.0549053e-001
 2.0468599e-001
 2.0384786e-001
 2.0300977e-001
 2.0220584e-001
 2.0146967e-001
 2.0083532e-001
 2.0033653e-001
 2.0000723e-001
 1.9988121e-001
 1.9999237e-001
 2.0035778e-001
 2.0093578e-001
 2.0167150e-001
 2.0251046e-001
 2.0339783e-001
 2.0427905e-001
 2.0509925e-001
 2.0580398e-001
 2.0633838e-001
 2.0664787e-001
 2.0669454e-001
 2.0649908e-001
 2.0609464e-001
 2.0551455e-001
 2.0479193e-001
 2.0396021e-001
 2.0305240e-001
 2.0210199e-001
 2.0114198e-001
 2.0020586e-001
 1.9932318e-001
 1.9851221e-001
 1.9778819e-001
 1.9716685e-001
 1.9666348e-001
 1.9629377e-001
 1.9607310e-001
 1.9601697e-001
 1.9614090e-001
 1.9646043e-001
 1.9697872e-001
 1.9765784e-001
 1.9845091e-001
 1.9931138e-001
 2.0019232e-001
 2.0104720e-001
 2.0182905e-001
 2.0249136e-001
 2.0298721e-001
 2.0328969e-001
 2.0343737e-001
 2.0348248e-001
 2.0347728e-001
 2.0347400e-001
 2.0352492e-001
 2.0368224e-001
 2.0399827e-001
 2.0450050e-001
 2.0513509e-001
 2.0583141e-001
 2.0651895e-001
 2.0712693e-001
 2.0758493e-001
 2.0782225e-001
 2.0776834e-001
 2.0738509e-001
 2.0674065e-001
 2.0592451e-001
 2.0502645e-001
 2.0413592e-001
 2.0334280e-001
 2.0273647e-001
 2.0240673e-001
 2.0241705e-001
 2.0274682e-001
 2.0335872e-001
 2.0421511e-001
 2.0527866e-001
 2.0651171e-001
 2.0787685e-001
 2.0931928e-001
 2.1072763e-001
 2.1198002e-001
 2.1295401e-001
 2.1352759e-001
 2.1357849e-001
 2.1305119e-001
 2.1210127e-001
 2.1092579e-001
 2.0972213e-001
 2.0868731e-001
 2.0801865e-001
 2.0784882e-001
 2.0810835e-001
 2.0868798e-001
 2.0947866e-001
 2.1037103e-001
 2.1125613e-001
 2.1203671e-001
 2.1265355e-001
 2.1305452e-001
 2.1318771e-001
 2.1300104e-001
 2.1244252e-001
 2.1151321e-001
 2.1037780e-001
 2.0923294e-001
 2.0827486e-001
 2.0769988e-001
 2.0770450e-001
 2.0838328e-001
 2.0951846e-001
 2.1083309e-001
 2.1204956e-001
 2.1289091e-001
 2.1307975e-001
 2.1247020e-001
 2.1131510e-001
 2.0994253e-001
 2.0868164e-001
 2.0786056e-001
 2.0780754e-001
 2.0870513e-001
 2.1029608e-001
 2.1223919e-001
 2.1419446e-001
 2.1582146e-001
 2.1678007e-001
 2.1685395e-001
 2.1620019e-001
 2.1504506e-001
 2.1361466e-001
 2.1213485e-001
 2.1083249e-001
 2.0987235e-001
 2.0923835e-001
 2.0888098e-001
 2.0875061e-001
 2.0879774e-001
 2.0897253e-001
 2.0922123e-001
 2.0948724e-001
 2.0971368e-001
 2.0984381e-001
 2.0982206e-001
 2.0960973e-001
 2.0918110e-001
 2.0851080e-001
 2.0757329e-001
 2.0635565e-001
 2.0502540e-001
 2.0388781e-001
 2.0325042e-001
 2.0342109e-001
 2.0467649e-001
 2.0683637e-001
 2.0937905e-001
 2.1177442e-001
 2.1349263e-001
 2.1403919e-001
 2.1344362e-001
 2.1212451e-001
 2.1050942e-001
 2.0902716e-001
 2.0808026e-001
 2.0771781e-001
 2.0772654e-001
 2.0788702e-001
 2.0797965e-001
 2.0780046e-001
 2.0736301e-001
 2.0684090e-001
 2.0641200e-001
 2.0625360e-001
 2.0652816e-001
 2.0718819e-001
 2.0803182e-001
 2.0885414e-001
 2.0945005e-001
 2.0962973e-001
 2.0941219e-001
 2.0896897e-001
 2.0847487e-001
 2.0810471e-001
 2.0802565e-001
 2.0829982e-001
 2.0891318e-001
 2.0985016e-001
 2.1109545e-001
 2.1262351e-001
 2.1428317e-001
 2.1583220e-001
 2.1702637e-001
 2.1762137e-001
 2.1739423e-001
 2.1641240e-001
 2.1495034e-001
 2.1328664e-001
 2.1170108e-001
 2.1045832e-001
 2.0963809e-001
 2.0918816e-001
 2.0905393e-001
 2.0918031e-001
 2.0951085e-001
 2.0996790e-001
 2.1045865e-001
 2.1089022e-001
 2.1116959e-001
 2.1121226e-001
 2.1104419e-001
 2.1076906e-001
 2.1049201e-001
 2.1031825e-001
 2.1034779e-001
 2.1061251e-001
 2.1109681e-001
 2.1178418e-001
 2.1265832e-001
 2.1369572e-001
 2.1478979e-001
 2.1577558e-001
 2.1648708e-001
 2.1675818e-001
 2.1644376e-001
 2.1566796e-001
 2.1474014e-001
 2.1397325e-001
 2.1368071e-001
 2.1414693e-001
 2.1529660e-001
 2.1680823e-001
 2.1835440e-001
 2.1960878e-001
 2.2026666e-001
 2.2029854e-001
 2.1986216e-001
 2.1911934e-001
 2.1823144e-001
 2.1735658e-001
 2.1660939e-001
 2.1607581e-001
 2.1584070e-001
 2.1598904e-001
 2.1659398e-001
 2.1757914e-001
 2.1876824e-001
 2.1998313e-001
 2.2104581e-001
 2.2179052e-001
 2.2221074e-001
 2.2240543e-001
 2.2247566e-001
 2.2252232e-001
 2.2263995e-001
 2.2284459e-001
 2.2310013e-001
 2.2336960e-001
 2.2361580e-001
 2.2380263e-001
 2.2390392e-001
 2.2390015e-001
 2.2377187e-001
 2.2349969e-001
 2.2306941e-001
 2.2252880e-001
 2.2196615e-001
 2.2147085e-001
 2.2113188e-001
 2.2103187e-001
 2.2117652e-001
 2.2152109e-001
 2.2202010e-001
 2.2262809e-001
 2.2330165e-001
 2.2401942e-001
 2.2477517e-001
 2.2556272e-001
 2.2637591e-001
 2.2720706e-001
 2.2802764e-001
 2.2879674e-001
 2.2947294e-001
 2.3001505e-001
 2.3038715e-001
 2.3061985e-001
 2.3078573e-001
 2.3095824e-001
 2.3121065e-001
 2.3160727e-001
 2.3210828e-001
 2.3260763e-001
 2.3299828e-001
 2.3317288e-001
 2.3304100e-001
 2.3269910e-001
 2.3236200e-001
 2.3224667e-001
 2.3256983e-001
 2.3352210e-001
 2.3500156e-001
 2.3672071e-001
 2.3839030e-001
 2.3972070e-001
 2.4044970e-001
 2.4061817e-001
 2.4045733e-001
 2.4020100e-001
 2.4008304e-001
 2.4031416e-001
 2.4084741e-001
 2.4147619e-001
 2.4199139e-001
 2.4218392e-001
 2.4187064e-001
 2.4115331e-001
 2.4030955e-001
 2.3961939e-001
 2.3936336e-001
 2.3979273e-001
 2.4084732e-001
 2.4227555e-001
 2.4382356e-001
 2.4523623e-001
 2.4627897e-001
 2.4692434e-001
 2.4727163e-001
 2.4742170e-001
 2.4747570e-001
 2.4753694e-001
 2.4773306e-001
 2.4820627e-001
 2.4909914e-001
 2.5055414e-001
 2.5268131e-001
 2.5524676e-001
 2.5780720e-001
 2.5991815e-001
 2.6113477e-001
 2.6106703e-001
 2.5990474e-001
 2.5818464e-001
 2.5644809e-001
 2.5523627e-001
 2.5503808e-001
 2.5578734e-001
 2.5708854e-001
 2.5854236e-001
 2.5974816e-001
 2.6034272e-001
 2.6033682e-001
 2.5996250e-001
 2.5945470e-001
 2.5904864e-001
 2.5896528e-001
 2.5928277e-001
 2.5999528e-001
 2.6109561e-001
 2.6257682e-001
 2.6441896e-001
 2.6646981e-001
 2.6849824e-001
 2.7027351e-001
 2.7156457e-001
 2.7216858e-001
 2.7216887e-001
 2.7181497e-001
 2.7135846e-001
 2.7105090e-001
 2.7112240e-001
 2.7158833e-001
 2.7234003e-001
 2.7326742e-001
 2.7426067e-001
 2.7521876e-001
 2.7613524e-001
 2.7705762e-001
 2.7803379e-001
 2.7911216e-001
 2.8032237e-001
 2.8152031e-001
 2.8246191e-001
 2.8290203e-001
 2.8259528e-001
 2.8134337e-001
 2.7940527e-001
 2.7729827e-001
 2.7554423e-001
 2.7466339e-001
 2.7511129e-001
 2.7670977e-001
 2.7892256e-001
 2.8121054e-001
 2.8303435e-001
 2.8391221e-001
 2.8391761e-001
 2.8343490e-001
 2.8285173e-001
 2.8255570e-001
 2.8289533e-001
 2.8384227e-001
 2.8515935e-001
 2.8660700e-001
 2.8794608e-001
 2.8896517e-001
 2.8972602e-001
 2.9044068e-001
 2.9132250e-001
 2.9258531e-001
 2.9440579e-001
 2.9661956e-001
 2.9887483e-001
 3.0081803e-001
 3.0209437e-001
 3.0239826e-001
 3.0187064e-001
 3.0089572e-001
 2.9986104e-001
 2.9915345e-001
 2.9911995e-001
 2.9973826e-001
 3.0078626e-001
 3.0203888e-001
 3.0327189e-001
 3.0428162e-001
 3.0505580e-001
 3.0568448e-001
 3.0625936e-001
 3.0687189e-001
 3.0760142e-001
 3.0841434e-001
 3.0921766e-001
 3.0991739e-001
 3.1041986e-001
 3.1064478e-001
 3.1063771e-001
 3.1051067e-001
 3.1037635e-001
 3.1034738e-001
 3.1052637e-001
 3.1092542e-001
 3.1150883e-001
 3.1224072e-001
 3.1308457e-001
 3.1400400e-001
 3.1495804e-001
 3.1590390e-001
 3.1679791e-001
 3.1759721e-001
 3.1826401e-001
 3.1880853e-001
 3.1926599e-001
 3.1967160e-001
 3.2006076e-001
 3.2047012e-001
 3.2094690e-001
 3.2154366e-001
 3.2231316e-001
 3.2330817e-001
 3.2456607e-001
 3.2598674e-001
 3.2740080e-001
 3.2863787e-001
 3.2952762e-001
 3.2991827e-001
 3.2981834e-001
 3.2931867e-001
 3.2851064e-001
 3.2748538e-001
 3.2633689e-001
 3.2517645e-001
 3.2412472e-001
 3.2330221e-001
 3.2283002e-001
 3.2280672e-001
 3.2314393e-001
 3.2365888e-001
 3.2416806e-001
 3.2448766e-001
 3.2446840e-001
 3.2424924e-001
 3.2411408e-001
 3.2434800e-001
 3.2523587e-001
 3.2698286e-001
 3.2912612e-001
 3.3086729e-001
 3.3140734e-001
 3.2994667e-001
 3.2580543e-001
 3.1931406e-001
 3.1130004e-001
 3.0259499e-001
 2.9403049e-001
 2.8637195e-001
 2.7985659e-001
 2.7445307e-001
 2.7013022e-001
 2.6685607e-001
 2.6458588e-001
 2.6314867e-001
 2.6231387e-001
 2.6185033e-001
 2.6152721e-001
 2.6113489e-001
 2.6063979e-001
 2.6009384e-001
 2.5954935e-001
 2.5905919e-001
 2.5868925e-001
 2.5861537e-001
 2.5906682e-001
 2.6027268e-001
 2.6246232e-001
 2.6581731e-001
 2.7013731e-001
 2.7503473e-001
 2.8012389e-001
 2.8501812e-001
 2.8937951e-001
 2.9325753e-001
 2.9688400e-001
 3.0049437e-001
 3.0432320e-001
 3.0857381e-001
 3.1319103e-001
 3.1800151e-001
 3.2283026e-001
 3.2750332e-001
 3.3184752e-001
 3.3572504e-001
 3.3901194e-001
 3.4158486e-001
 3.4331885e-001
 3.4412855e-001
 3.4422293e-001
 3.4394887e-001
 3.4365395e-001
 3.4368613e-001
 3.4435430e-001
 3.4566933e-001
 3.4750378e-001
 3.4972805e-001
 3.5221383e-001
 3.5483089e-001
 3.5743800e-001
 3.5988683e-001
 3.6203066e-001
 3.6372244e-001
 3.6484662e-001
 3.6552891e-001
 3.6600560e-001
 3.6651379e-001
 3.6729047e-001
 3.6853117e-001
 3.7011403e-001
 3.7177384e-001
 3.7324420e-001
 3.7425897e-001
 3.7459961e-001
 3.7440974e-001
 3.7399656e-001
 3.7366799e-001
 3.7373206e-001
 3.7445572e-001
 3.7579939e-001
 3.7758568e-001
 3.7963700e-001
 3.8177428e-001
 3.8382363e-001
 3.8563797e-001
 3.8708273e-001
 3.8802236e-001
 3.8832256e-001
 3.8789251e-001
 3.8696411e-001
 3.8591340e-001
 3.8511667e-001
 3.8495013e-001
 3.8573098e-001
 3.8734651e-001
 3.8949242e-001
 3.9186475e-001
 3.9415923e-001
 3.9610082e-001
 3.9762107e-001
 3.9874452e-001
 3.9949548e-001
 3.9989826e-001
 3.9998838e-001
 3.9988360e-001
 3.9973688e-001
 3.9970160e-001
 3.9993113e-001
 4.0054956e-001
 4.0147376e-001
 4.0253064e-001
 4.0354708e-001
 4.0434909e-001
 4.0479600e-001
 4.0497595e-001
 4.0507564e-001
 4.0528232e-001
 4.0578318e-001
 4.0671942e-001
 4.0791029e-001
 4.0903735e-001
 4.0978080e-001
 4.0982172e-001
 4.0891966e-001
 4.0738168e-001
 4.0574911e-001
 4.0456310e-001
 4.0436506e-001
 4.0559292e-001
 4.0796587e-001
 4.1090038e-001
 4.1381186e-001
 4.1611561e-001
 4.1731140e-001
 4.1747549e-001
 4.1692767e-001
 4.1598809e-001
 4.1497666e-001
 4.1419399e-001
 4.1380319e-001
 4.1391063e-001
 4.1462266e-001
 4.1604510e-001
 4.1822866e-001
 4.2084816e-001
 4.2342344e-001
 4.2547187e-001
 4.2651278e-001
 4.2617425e-001
 4.2481831e-001
 4.2310870e-001
 4.2171147e-001
 4.2129126e-001
 4.2239186e-001
 4.2474914e-001
 4.2776626e-001
 4.3084726e-001
 4.3339556e-001
 4.3489987e-001
 4.3540955e-001
 4.3520355e-001
 4.3456084e-001
 4.3376052e-001
 4.3307948e-001
 4.3267751e-001
 4.3253341e-001
 4.3261108e-001
 4.3287420e-001
 4.3328664e-001
 4.3381229e-001
 4.3442994e-001
 4.3514046e-001
 4.3594638e-001
 4.3685043e-001
 4.3785554e-001
 4.3896380e-001
 4.4015351e-001
 4.4136506e-001
 4.4253665e-001
 4.4360623e-001
 4.4451198e-001
 4.4519228e-001
 4.4563368e-001
 4.4589394e-001
 4.4603655e-001
 4.4612503e-001
 4.4622293e-001
 4.4639331e-001
 4.4666991e-001
 4.4704273e-001
 4.4749844e-001
 4.4802356e-001
 4.4860461e-001
 4.4922835e-001
 4.4987884e-001
 4.5053765e-001
 4.5118582e-001
 4.5180470e-001
 4.5237488e-001
 4.5287785e-001
 4.5330083e-001
 4.5367014e-001
 4.5402676e-001
 4.5441189e-001
 4.5486683e-001
 4.5543259e-001
 4.5615065e-001
 4.5704979e-001
 4.5808542e-001
 4.5918447e-001
 4.6027431e-001
 4.6128124e-001
 4.6213248e-001
 4.6275511e-001
 4.6309140e-001
 4.6317726e-001
 4.6308416e-001
 4.6288350e-001
 4.6264675e-001
 4.6244535e-001
 4.6235079e-001
 4.6242708e-001
 4.6269345e-001
 4.6315262e-001
 4.6380678e-001
 4.6465859e-001
 4.6571046e-001
 4.6696526e-001
 4.6841100e-001
 4.6995407e-001
 4.7146976e-001
 4.7283381e-001
 4.7392088e-001
 4.7460663e-001
 4.7476634e-001
 4.7430837e-001
 4.7333544e-001
 4.7202262e-001
 4.7054446e-001
 4.6907574e-001
 4.6779075e-001
 4.6686497e-001
 4.6644396e-001
 4.6650493e-001
 4.6696392e-001
 4.6773645e-001
 4.6873838e-001
 4.6988541e-001
 4.7109336e-001
 4.7228464e-001
 4.7341770e-001
 4.7446507e-001
 4.7539914e-001
 4.7619238e-001
 4.7681680e-001
 4.7724488e-001
 4.7746038e-001
 4.7751340e-001
 4.7747743e-001
 4.7742611e-001
 4.7743309e-001
 4.7757193e-001
 4.7791636e-001
 4.7852311e-001
 4.7935435e-001
 4.8033851e-001
 4.8140410e-001
 4.8247913e-001
 4.8349223e-001
 4.8437175e-001
 4.8505709e-001
 4.8554832e-001
 4.8586756e-001
 4.8603645e-001
 4.8607698e-001
 4.8601091e-001
 4.8586017e-001
 4.8564836e-001
 4.8540905e-001
 4.8517936e-001
 4.8499635e-001
 4.8489717e-001
 4.8491877e-001
 4.8509839e-001
 4.8546538e-001
 4.8600760e-001
 4.8669839e-001
 4.8751140e-001
 4.8841959e-001
 4.8939660e-001
 4.9041569e-001
 4.9144804e-001
 4.9245191e-001
 4.9338061e-001
 4.9418804e-001
 4.9482799e-001
 4.9525419e-001
 4.9542025e-001
 4.9529520e-001
 4.9493140e-001
 4.9440888e-001
 4.9380818e-001
 4.9320948e-001
 4.9269292e-001
 4.9233896e-001
 4.9222618e-001
 4.9237382e-001
 4.9272418e-001
 4.9321446e-001
 4.9378195e-001
 4.9436370e-001
 4.9489698e-001
 4.9531898e-001
 4.9556831e-001
 4.9563065e-001
 4.9555245e-001
 4.9538419e-001
 4.9517611e-001
 4.9497855e-001
 4.9484193e-001
 4.9481663e-001
 4.9495193e-001
 4.9526128e-001
 4.9571234e-001
 4.9626982e-001
 4.9689865e-001
 4.9756369e-001
 4.9822944e-001
 4.9886081e-001
 4.9942341e-001
 4.9990842e-001
 5.0033897e-001
 5.0074059e-001
 5.0113857e-001
 5.0155824e-001
 5.0202525e-001
 5.0256461e-001
 5.0320095e-001
 5.0392455e-001
 5.0468373e-001
 5.0542367e-001
 5.0608999e-001
 5.0662839e-001
 5.0698417e-001
 5.0710291e-001
 5.0693190e-001
 5.0648242e-001
 5.0584424e-001
 5.0511169e-001
 5.0437969e-001
 5.0374258e-001
 5.0329494e-001
 5.0313139e-001
 5.0334418e-001
 5.0394362e-001
 5.0484073e-001
 5.0594085e-001
 5.0714856e-001
 5.0836915e-001
 5.0950748e-001
 5.1046884e-001
 5.1116019e-001
 5.1155591e-001
 5.1171184e-001
 5.1168877e-001
 5.1154721e-001
 5.1134795e-001
 5.1115161e-001
 5.1101887e-001
 5.1100898e-001
 5.1113415e-001
 5.1135033e-001
 5.1161045e-001
 5.1186705e-001
 5.1207304e-001
 5.1218110e-001
 5.1214391e-001
 5.1191598e-001
 5.1150119e-001
 5.1096302e-001
 5.1036787e-001
 5.0978237e-001
 5.0927299e-001
 5.0890642e-001
 5.0874919e-001
 5.0886565e-001
 5.0925457e-001
 5.0983697e-001
 5.1052970e-001
 5.1124972e-001
 5.1191390e-001
 5.1243913e-001
 5.1274210e-001
 5.1274252e-001
 5.1244390e-001
 5.1194715e-001
 5.1135892e-001
 5.1078552e-001
 5.1033336e-001
 5.1010877e-001
 5.1021844e-001
 5.1076519e-001
 5.1175016e-001
 5.1305765e-001
 5.1456565e-001
 5.1615107e-001
 5.1769197e-001
 5.1906610e-001
 5.2015120e-001
 5.2082765e-001
 5.2106977e-001
 5.2095729e-001
 5.2057582e-001
 5.2001125e-001
 5.1934904e-001
 5.1867491e-001
 5.1807427e-001
 5.1763117e-001
 5.1736951e-001
 5.1724643e-001
 5.1721555e-001
 5.1723051e-001
 5.1724476e-001
 5.1721203e-001
 5.1708585e-001
 5.1682109e-001
 5.1641357e-001
 5.1590425e-001
 5.1533675e-001
 5.1475424e-001
 5.1420051e-001
 5.1371878e-001
 5.1335257e-001
 5.1314539e-001
 5.1313919e-001
 5.1333964e-001
 5.1371151e-001
 5.1421773e-001
 5.1482135e-001
 5.1548487e-001
 5.1617140e-001
 5.1684368e-001
 5.1746482e-001
 5.1799726e-001
 5.1840508e-001
 5.1867783e-001
 5.1883292e-001
 5.1888937e-001
 5.1886624e-001
 5.1878238e-001
 5.1865685e-001
 5.1850849e-001
 5.1835650e-001
 5.1821965e-001
 5.1811671e-001
 5.1805812e-001
 5.1804525e-001
 5.1807940e-001
 5.1816154e-001
 5.1829278e-001
 5.1847434e-001
 5.1870722e-001
 5.1899242e-001
 5.1933110e-001
 5.1972407e-001
 5.2015948e-001
 5.2061260e-001
 5.2105832e-001
 5.2147138e-001
 5.2182609e-001
 5.2209747e-001
 5.2226007e-001
 5.2228868e-001
 5.2215785e-001
 5.2184373e-001
 5.2135777e-001
 5.2074850e-001
 5.2006602e-001
 5.1936102e-001
 5.1868367e-001
 5.1808429e-001
 5.1761305e-001
 5.1732069e-001
 5.1725715e-001
 5.1747066e-001
 5.1795512e-001
 5.1864713e-001
 5.1948124e-001
 5.2039182e-001
 5.2131325e-001
 5.2217996e-001
 5.2292609e-001
 5.2348614e-001
 5.2379441e-001
 5.2378774e-001
 5.2345830e-001
 5.2285600e-001
 5.2203310e-001
 5.2104169e-001
 5.1993454e-001
 5.1876378e-001
 5.1758176e-001
 5.1644081e-001
 5.1539290e-001
 5.1448929e-001
 5.1373816e-001
 5.1310545e-001
 5.1255512e-001
 5.1205146e-001
 5.1155859e-001
 5.1104021e-001
 5.1046050e-001
 5.0978363e-001
 5.0897360e-001
 5.0799590e-001
 5.0684947e-001
 5.0556791e-001
 5.0418568e-001
 5.0273722e-001
 5.0125724e-001
 4.9977991e-001
 4.9834058e-001
 4.9697343e-001
 4.9571300e-001
 4.9459231e-001
 4.9361354e-001
 4.9274668e-001
 4.9196070e-001
 4.9122453e-001
 4.9050748e-001
 4.8977828e-001
 4.8900601e-001
 4.8815969e-001
 4.8720792e-001
 4.8612127e-001
 4.8489156e-001
 4.8353234e-001
 4.8205772e-001
 4.8048308e-001
 4.7882247e-001
 4.7709039e-001
 4.7530100e-001
 4.7346967e-001
 4.7161046e-001
 4.6973827e-001
 4.6787649e-001
 4.6605611e-001
 4.6430990e-001
 4.6266934e-001
 4.6116626e-001
 4.5983210e-001
 4.5869946e-001
 4.5779985e-001
 4.5716503e-001
 4.5682460e-001
 4.5675960e-001
 4.5690414e-001
 4.5719063e-001
 4.5755172e-001
 4.5791951e-001
 4.5822656e-001
 4.5840535e-001
 4.5838824e-001
 4.5810756e-001
 4.5749900e-001
 4.5656195e-001
 4.5535636e-001
 4.5394427e-001
 4.5238870e-001
 4.5075166e-001
 4.4909543e-001
 4.4748205e-001
 4.4597459e-001
 4.4463497e-001
 4.4352314e-001
 4.4264796e-001
 4.4197088e-001
 4.4145188e-001
 4.4105047e-001
 4.4072637e-001
 4.4043916e-001
 4.4014865e-001
 4.3981448e-001
 4.3939638e-001
 4.3885562e-001
 4.3818966e-001
 4.3742853e-001
 4.3660361e-001
 4.3574631e-001
 4.3488768e-001
 4.3405956e-001
 4.3329319e-001
 4.3261987e-001
 4.3207082e-001
 4.3167597e-001
 4.3142962e-001
 4.3129441e-001
 4.3123171e-001
 4.3120289e-001
 4.3116933e-001
 4.3109253e-001
 4.3093377e-001
 4.3065450e-001
 4.3021613e-001
 4.2958242e-001
 4.2876232e-001
 4.2780533e-001
 4.2676303e-001
 4.2568654e-001
 4.2462692e-001
 4.2363510e-001
 4.2276281e-001
 4.2206100e-001
 4.2158085e-001
 4.2137119e-001
 4.2143893e-001
 4.2175296e-001
 4.2228106e-001
 4.2299113e-001
 4.2385098e-001
 4.2482799e-001
 4.2589024e-001
 4.2700535e-001
 4.2814142e-001
 4.2926675e-001
 4.3037152e-001
 4.3146393e-001
 4.3255314e-001
 4.3364757e-001
 4.3475625e-001
 4.3588814e-001
 4.3705213e-001
 4.3825734e-001
 4.3951204e-001
 4.4082469e-001
 4.4218710e-001
 4.4357768e-001
 4.4497344e-001
 4.4635224e-001
 4.4769168e-001
 4.4896966e-001
 4.5016319e-001
 4.5125017e-001
 4.5220813e-001
 4.5301673e-001
 4.5369074e-001
 4.5427459e-001
 4.5481440e-001
 4.5535585e-001
 4.5594487e-001
 4.5662701e-001
 4.5744821e-001
 4.5845431e-001
 4.5969129e-001
 4.6120137e-001
 4.6297342e-001
 4.6495029e-001
 4.6707383e-001
 4.6928445e-001
 4.7152391e-001
 4.7373366e-001
 4.7585508e-001
 4.7782990e-001
 4.7959858e-001
 4.8110595e-001
 4.8234594e-001
 4.8335466e-001
 4.8416850e-001
 4.8482496e-001
 4.8536098e-001
 4.8581374e-001
 4.8622003e-001
 4.8661706e-001
 4.8704195e-001
 4.8753044e-001
 4.8809853e-001
 4.8874521e-001
 4.8946920e-001
 4.9026930e-001
 4.9114445e-001
 4.9209297e-001
 4.9311364e-001
 4.9420530e-001
 4.9536684e-001
 4.9659526e-001
 4.9786672e-001
 4.9913967e-001
 5.0037205e-001
 5.0152218e-001
 5.0254726e-001
 5.0340563e-001
 5.0405520e-001
 5.0445396e-001
 5.0455970e-001
 5.0433338e-001
 5.0378364e-001
 5.0295746e-001
 5.0190341e-001
 5.0066978e-001
 4.9930465e-001
 4.9785605e-001
 4.9637297e-001
 4.9490327e-001
 4.9349529e-001
 4.9219462e-001
 4.9100390e-001
 4.8989266e-001
 4.8882845e-001
 4.8777935e-001
 4.8671287e-001
 4.8559767e-001
 4.8440123e-001
 4.8309168e-001
 4.8163643e-001
 4.8000696e-001
 4.7821510e-001
 4.7630587e-001
 4.7432539e-001
 4.7231907e-001
 4.7033378e-001
 4.6841517e-001
 4.6660909e-001
 4.6496126e-001
 4.6351832e-001
 4.6232334e-001
 4.6138000e-001
 4.6066120e-001
 4.6013921e-001
 4.5978600e-001
 4.5957354e-001
 4.5947403e-001
 4.5945945e-001
 4.5950198e-001
 4.5957360e-001
 4.5964745e-001
 4.5971155e-001
 4.5976558e-001
 4.5980936e-001
 4.5984289e-001
 4.5986602e-001
 4.5987868e-001
 4.5988083e-001
 4.5987239e-001
 4.5985317e-001
 4.5982355e-001
 4.5978910e-001
 4.5975929e-001
 4.5974395e-001
 4.5975259e-001
 4.5979500e-001
 4.5988077e-001
 4.6001968e-001
 4.6022144e-001
 4.6049553e-001
 4.6085051e-001
 4.6127635e-001
 4.6174929e-001
 4.6224490e-001
 4.6273902e-001
 4.6320754e-001
 4.6362630e-001
 4.6397102e-001
 4.6421751e-001
 4.6434155e-001
 4.6432132e-001
 4.6416822e-001
 4.6391854e-001
 4.6360904e-001
 4.6327648e-001
 4.6295756e-001
 4.6268928e-001
 4.6250829e-001
 4.6245143e-001
 4.6255538e-001
 4.6285489e-001
 4.6335274e-001
 4.6402910e-001
 4.6486336e-001
 4.6583518e-001
 4.6692351e-001
 4.6810806e-001
 4.6936825e-001
 4.7068390e-001
 4.7203371e-001
 4.7339791e-001
 4.7476205e-001
 4.7611627e-001
 4.7744957e-001
 4.7875220e-001
 4.8001388e-001
 4.8122445e-001
 4.8237392e-001
 4.8345169e-001
 4.8444769e-001
 4.8535216e-001
 4.8615894e-001
 4.8686442e-001
 4.8746529e-001
 4.8795819e-001
 4.8833978e-001
 4.8860660e-001
 4.8875526e-001
 4.8878241e-001
 4.8868468e-001
 4.8845986e-001
 4.8812175e-001
 4.8769549e-001
 4.8720625e-001
 4.8667932e-001
 4.8614019e-001
 4.8561406e-001
 4.8512620e-001
 4.8470184e-001
 4.8436657e-001
 4.8414338e-001
 4.8402855e-001
 4.8399931e-001
 4.8403269e-001
 4.8410547e-001
 4.8419458e-001
 4.8427698e-001
 4.8432958e-001
 4.8432925e-001
 4.8425290e-001
 4.8407900e-001
 4.8380530e-001
 4.8344302e-001
 4.8300368e-001
 4.8249856e-001
 4.8193923e-001
 4.8133701e-001
 4.8070353e-001
 4.8005021e-001
 4.7938842e-001
 4.7872752e-001
 4.7805378e-001
 4.7733676e-001
 4.7654575e-001
 4.7565001e-001
 4.7461921e-001
 4.7342265e-001
 4.7202963e-001
 4.7040921e-001
 4.6853140e-001
 4.6636671e-001
 4.6390173e-001
 4.6113408e-001
 4.5806086e-001
 4.5468122e-001
 4.5099223e-001
 4.4699174e-001
 4.4267642e-001
 4.3804616e-001
 4.3309769e-001
 4.2783216e-001
 4.2228991e-001
 4.1654229e-001
 4.1065720e-001
 4.0470380e-001
 3.9875132e-001
 3.9286757e-001
 3.8712448e-001
 3.8158992e-001
 3.7633300e-001
 3.7141794e-001
 3.6686519e-001
 3.6266080e-001
 3.5879144e-001
 3.5524306e-001
 3.5200393e-001
 3.4905991e-001
 3.4639770e-001
 3.4400401e-001
 3.4186494e-001
 3.3996731e-001
 3.3828422e-001
 3.3678168e-001
 3.3542511e-001
 3.3418104e-001
 3.3301497e-001
 3.3189270e-001
 3.3077982e-001
 3.2964259e-001
 3.2844663e-001
 3.2716000e-001
 3.2577574e-001
 3.2430422e-001
 3.2275516e-001
 3.2113862e-001
 3.1946447e-001
 3.1774247e-001
 3.1598330e-001
 3.1419662e-001
 3.1239244e-001
 3.1057817e-001
 3.0873755e-001
 3.0683732e-001
 3.0484435e-001
 3.0272514e-001
 3.0044743e-001
 2.9797781e-001
 2.9528305e-001
 2.9233009e-001
 2.8908509e-001
 2.8552163e-001
 2.8166988e-001
 2.7759746e-001
 2.7337134e-001
 2.6906180e-001
 2.6473591e-001
 2.6046187e-001
 2.5630674e-001
 2.5234073e-001
 2.4863097e-001
 2.4523979e-001
 2.4216639e-001
 2.3937026e-001
 2.3681216e-001
 2.3445094e-001
 2.3224607e-001
 2.3015662e-001
 2.2814301e-001
 2.2616431e-001
 2.2417995e-001
 2.2215046e-001
 2.2005352e-001
 2.1787503e-001
 2.1560152e-001
 2.1321891e-001
 2.1071489e-001
 2.0807540e-001
 2.0528698e-001
 2.0233610e-001
 1.9920859e-001
 1.9589685e-001
 1.9243833e-001
 1.8889976e-001
 1.8534730e-001
 1.8184975e-001
 1.7847337e-001
 1.7528519e-001
 1.7235160e-001
 1.6974111e-001
 1.6752006e-001
 1.6575053e-001
 1.6444243e-001
 1.6357458e-001
 1.6312577e-001
 1.6307420e-001
 1.6339839e-001
 1.6407695e-001
 1.6508804e-001
 1.6641025e-001
 1.6802205e-001
 1.6990267e-001
 1.7203338e-001
 1.7439879e-001
 1.7698304e-001
 1.7977034e-001
 1.8274558e-001
 1.8589152e-001
 1.8919303e-001
 1.9263428e-001
 1.9620033e-001
 1.9987381e-001
 2.0364137e-001
 2.0748985e-001
 2.1140689e-001
 2.1537742e-001
 2.1938914e-001
 2.2342880e-001
 2.2748415e-001
 2.3154005e-001
 2.3558418e-001
 2.3960297e-001
 2.4357875e-001
 2.4749263e-001
 2.5132272e-001
 2.5505009e-001
 2.5865486e-001
 2.6211786e-001
 2.6541752e-001
 2.6853478e-001
 2.7144971e-001
 2.7414259e-001
 2.7658772e-001
 2.7875912e-001
 2.8063002e-001
 2.8217366e-001
 2.8336364e-001
 2.8417256e-001
 2.8457406e-001
 2.8454140e-001
 2.8404772e-001
 2.8307262e-001
 2.8165564e-001
 2.7986971e-001
 2.7778780e-001
 2.7548426e-001
 2.7303210e-001
 2.7050471e-001
 2.6797551e-001
 2.6551729e-001
 2.6320475e-001
 2.6110572e-001
 2.5924200e-001
 2.5760913e-001
 2.5620368e-001
 2.5502077e-001
 2.5405619e-001
 2.5330535e-001
 2.5276437e-001
 2.5242862e-001
 2.5229383e-001
 2.5235572e-001
 2.5260806e-001
 2.5302762e-001
 2.5358179e-001
 2.5423792e-001
 2.5496346e-001
 2.5572541e-001
 2.5649124e-001
 2.5722829e-001
 2.5790402e-001
 2.5848544e-001
 2.5894004e-001
 2.5923511e-001
 2.5933796e-001
 2.5921595e-001
 2.5884008e-001
 2.5821608e-001
 2.5736806e-001
 2.5631994e-001
 2.5509664e-001
 2.5372216e-001
 2.5222075e-001
 2.5061643e-001
 2.4893418e-001
 2.4719793e-001
 2.4543200e-001
 2.4366024e-001
 2.4190782e-001
 2.4019858e-001
 2.3855680e-001
 2.3700686e-001
 2.3557262e-001
 2.3427910e-001
 2.3314789e-001
 2.3217976e-001
 2.3136425e-001
 2.3069139e-001
 2.3015054e-001
 2.2973138e-001
 2.2942343e-001
 2.2921649e-001
 2.2910005e-001
 2.2906379e-001
 2.2909726e-001
 2.2919020e-001
 2.2933209e-001
 2.2951265e-001
 2.2972143e-001
 2.2994818e-001
 2.3018233e-001
 2.3041363e-001
 2.3063166e-001
 2.3082611e-001
 2.3098646e-001
 2.3110244e-001
 2.3116459e-001
 2.3117165e-001
 2.3112658e-001
 2.3103234e-001
 2.3089187e-001
 2.3070820e-001
 2.3048413e-001
 2.3022281e-001
 2.2992712e-001
 2.2960004e-001
 2.2924443e-001
 2.2886348e-001
 2.2845997e-001
 2.2803690e-001
 2.2759716e-001
 2.2714394e-001
 2.2668003e-001
 2.2620843e-001
 2.2573210e-001
 2.2525387e-001
 2.2477695e-001
 2.2430421e-001
 2.2383860e-001
 2.2338293e-001
 2.2294043e-001
 2.2251396e-001
 2.2210610e-001
 2.2171679e-001
 2.2134487e-001
 2.2098890e-001
 2.2064751e-001
 2.2031941e-001
 2.2000307e-001
 2.1969740e-001
 2.1940094e-001
 2.1911232e-001
 2.1883017e-001
 2.1855326e-001
 2.1828017e-001
 2.1800950e-001
 2.1773994e-001
 2.1747021e-001
 2.1719894e-001
 2.1692473e-001
 2.1664621e-001
 2.1636213e-001
 2.1607111e-001
 2.1577176e-001
 2.1546279e-001
 2.1514276e-001
 2.1481043e-001
 2.1446444e-001
 2.1410340e-001
 2.1372589e-001
 2.1333073e-001
 2.1291652e-001
 2.1248215e-001
 2.1202850e-001
 2.1155787e-001
 2.1107212e-001
 2.1057330e-001
 2.1006344e-001
 2.0954442e-001
 2.0901850e-001
 2.0848759e-001
 2.0795371e-001
 2.0741875e-001
 2.0688501e-001
 2.0635439e-001
 2.0582883e-001
 2.0531034e-001
 2.0480113e-001
 2.0430310e-001
 2.0381829e-001
 2.0334871e-001
 2.0289628e-001
 2.0246324e-001
 2.0205148e-001
 2.0166305e-001
 2.0129989e-001
 2.0096417e-001
 2.0065784e-001
 2.0038292e-001
 2.0014139e-001
 1.9993535e-001
 1.9976678e-001
 1.9963774e-001
 1.9955018e-001
 1.9950588e-001
 1.9950411e-001
 1.9954312e-001
 1.9962113e-001
 1.9973640e-001
 1.9988710e-001
 2.0007150e-001
 2.0028780e-001
 2.0053430e-001
 2.0080911e-001
 2.0111050e-001
 2.0143670e-001
 2.0178606e-001
 2.0215657e-001
 2.0254663e-001
 2.0295437e-001
 2.0337807e-001
 2.0381606e-001
 2.0426635e-001
 2.0472728e-001
 2.0519705e-001
 2.0567402e-001
 2.0615619e-001
 2.0664193e-001
 2.0712940e-001
 2.0761698e-001
 2.0810267e-001
 2.0858480e-001
 2.0906161e-001
 2.0953132e-001
 2.0999226e-001
 2.1044245e-001
 2.1088047e-001
 2.1130677e-001
 2.1172267e-001
 2.1212921e-001
 2.1252775e-001
 2.1291955e-001
 2.1330594e-001
 2.1368800e-001
 2.1406707e-001
 2.1444440e-001
 2.1482125e-001
 2.1519893e-001
 2.1557856e-001
 2.1596143e-001
 2.1634881e-001
 2.1674204e-001
 2.1714219e-001
 2.1755064e-001
 2.1796855e-001
 2.1839738e-001
 2.1883810e-001
 2.1929209e-001
 2.1976060e-001
 2.2024500e-001
 2.2074629e-001
 2.2126587e-001
 2.2180496e-001
 2.2236481e-001
 2.2294682e-001
 2.2355199e-001
 2.2418168e-001
 2.2483714e-001
 2.2551955e-001
 2.2622789e-001
 2.2696100e-001
 2.2771747e-001
 2.2849615e-001
 2.2929525e-001
 2.3011363e-001
 2.3094983e-001
 2.3180260e-001
 2.3267071e-001
 2.3355235e-001
 2.3444641e-001
 2.3535149e-001
 2.3626643e-001
 2.3718941e-001
 2.3811932e-001
 2.3905477e-001
 2.3999459e-001
 2.4093696e-001
 2.4188074e-001
 2.4282460e-001
 2.4376710e-001
 2.4470714e-001
 2.4564289e-001
 2.4657317e-001
 2.4749663e-001
 2.4841213e-001
 2.4931785e-001
 2.5021261e-001
 2.5109512e-001
 2.5196409e-001
 2.5281781e-001
 2.5365478e-001
 2.5447080e-001
 2.5526097e-001
 2.5601986e-001
 2.5674251e-001
 2.5742391e-001
 2.5805882e-001
 2.5864235e-001
 2.5916916e-001
 2.5963423e-001
 2.6003253e-001
 2.6035899e-001
 2.6060832e-001
 2.6077560e-001
 2.6085562e-001
 2.6084334e-001
 2.6073363e-001
 2.6052147e-001
 2.6020169e-001
 2.5976923e-001
 2.5921881e-001
 2.5854564e-001
 2.5774443e-001
 2.5681016e-001
 2.5573742e-001
 2.5452164e-001
 2.5315747e-001
 2.5163981e-001
 2.4996315e-001
 2.4812318e-001
 2.4611443e-001
 2.4393183e-001
 2.4157152e-001
 2.3903717e-001
 2.3633742e-001
 2.3347907e-001
 2.3046950e-001
 2.2731537e-001
 2.2402559e-001
 2.2060683e-001
 2.1706647e-001
 2.1341106e-001
 2.0964974e-001
 2.0578904e-001
 2.0183641e-001
 1.9779822e-001
 1.9368383e-001
 1.8949968e-001
 1.8525319e-001
 1.8095176e-001
 1.7660177e-001
 1.7221266e-001
 1.6779080e-001
 1.6334365e-001
 1.5887749e-001
 1.5440190e-001
 1.4992318e-001
 1.4544876e-001
 1.4098495e-001
 1.3654134e-001
 1.3212423e-001
 1.2774102e-001
 1.2339914e-001
 1.1910495e-001
 1.1486774e-001
 1.1069280e-001
 1.0658604e-001
 1.0255245e-001
 9.8599903e-002
 9.4733343e-002
 9.0958714e-002
 8.7281078e-002
 8.3708137e-002
 8.0244936e-002
 7.6897405e-002
 7.3671483e-002
 7.0572384e-002
 6.7607515e-002
 6.4782061e-002
 6.2101964e-002
 5.9572559e-002
 5.7200991e-002
 5.4992601e-002
 5.2953288e-002
 5.1088579e-002
 4.9405307e-002
 4.7908932e-002
 4.6605386e-002
 4.5500614e-002
 4.4600360e-002
 4.3910984e-002
 4.3438189e-002
 4.3187901e-002
 4.3166094e-002
 4.3378696e-002
 4.3831617e-002
 4.4528339e-002
 4.5458596e-002
 4.6606481e-002
 4.7956698e-002
 4.9493775e-002
 5.1202651e-002
 5.3067032e-002
 5.5071831e-002
 5.7201568e-002
 5.9440766e-002
 6.1774503e-002
 6.4186186e-002
 6.6660896e-002
 6.9183126e-002
 7.1738042e-002
 7.4308932e-002
 7.6880917e-002
 7.9438508e-002
 8.1966847e-002
 8.4449224e-002
 8.6870782e-002
 8.9216053e-002
 9.1469534e-002
 9.3616255e-002
 9.5639691e-002
 9.7524919e-002
 9.9256448e-002
 1.0081915e-001
 1.0219680e-001
 1.0337430e-001
 1.0433618e-001
 1.0506711e-001
 1.0555425e-001
 1.0580168e-001
 1.0581880e-001
 1.0561503e-001
 1.0519966e-001
 1.0458235e-001
 1.0377241e-001
 1.0277927e-001
 1.0161203e-001
 1.0028071e-001
 9.8794445e-002
 9.7162664e-002
 9.5394358e-002
 9.3499772e-002
 9.1487929e-002
 8.9368261e-002
 8.7149635e-002
 8.4842533e-002
 8.2455859e-002
 7.9999037e-002
 7.7481478e-002
 7.4911989e-002
 7.2301231e-002
 6.9657996e-002
 6.6991717e-002
 6.4311177e-002
 6.1627060e-002
 5.8948159e-002
 5.6283895e-002
 5.3643066e-002
 5.1036343e-002
 4.8472524e-002
 4.5959964e-002
 4.3501560e-002
 4.1097838e-002
 3.8751040e-002
 3.6461689e-002
 3.4230888e-002
 3.2059215e-002
 2.9948812e-002
 2.7900241e-002
 2.5914621e-002
 2.3992576e-002
 2.2136135e-002
 2.0345926e-002
 1.8623047e-002
 1.6968599e-002
 1.5383308e-002
 1.3869029e-002
 1.2426476e-002
 1.1056744e-002
 9.7606340e-003
 8.5398629e-003
 7.3952107e-003
 6.3277730e-003
 5.3384225e-003
 4.4287317e-003
 3.5995510e-003
 2.8519798e-003
 2.1869685e-003
 1.6059314e-003
 1.1097998e-003
 6.9967017e-004
 3.7664248e-004
 1.4141283e-004
-6.9295056e-006
-7.0032431e-005
-4.9470225e-005
 5.3213444e-005
 2.3639249e-004
 4.9850391e-004
 8.3796959e-004
 1.2533218e-003
 1.7427844e-003
 2.3048711e-003
 2.9380028e-003
 3.6406033e-003
 4.4112876e-003
 5.2481098e-003
 6.1496701e-003
 7.1143890e-003
 8.1409430e-003
 9.2272628e-003
 1.0372011e-002
 1.1573611e-002
 1.2830788e-002
 1.4141368e-002
 1.5504066e-002
 1.6917307e-002
 1.8379509e-002
 1.9889466e-002
 2.1444876e-002
 2.3044519e-002
 2.4686819e-002
 2.6370598e-002
 2.8093485e-002
 2.9853890e-002
 3.1647913e-002
 3.3471510e-002
 3.5319339e-002
 3.7187353e-002
 3.9071087e-002
 4.0966049e-002
 4.2868227e-002
 4.4772234e-002
 4.6674039e-002
 4.8569180e-002
 5.0453618e-002
 5.2321982e-002
 5.4170243e-002
 5.5993933e-002
 5.7788990e-002
 5.9550088e-002
 6.1273176e-002
 6.2953785e-002
 6.4587817e-002
 6.6170022e-002
 6.7696318e-002
 6.9162212e-002
 7.0563249e-002
 7.1895257e-002
 7.3153123e-002
 7.4332684e-002
 7.5429492e-002
 7.6439269e-002
 7.7357084e-002
 7.8178696e-002
 7.8899622e-002
 7.9517320e-002
 8.0036916e-002
 8.0466315e-002
 8.0813259e-002
 8.1085503e-002
 8.1290826e-002
 8.1436880e-002
 8.1531465e-002
 8.1582323e-002
 8.1597209e-002
 8.1583858e-002
 8.1550032e-002
 8.1503466e-002
 8.1451900e-002
 8.1403092e-002
 8.1364796e-002
 8.1344754e-002
 8.1350699e-002
 8.1390396e-002
 8.1471577e-002
 8.1601992e-002
 8.1789389e-002
 8.2041569e-002
 8.2366176e-002
 8.2771003e-002
 8.3263792e-002
 8.3852448e-002
 8.4544420e-002
 8.5347600e-002
 8.6269729e-002
 8.7318815e-002
 8.8502109e-002
 8.9824654e-002
 9.1278374e-002
 9.2851706e-002
 9.4533488e-002
 9.6311331e-002
 9.8174058e-002
 1.0011009e-001
 1.0210834e-001
 1.0415627e-001
 1.0624279e-001
 1.0835632e-001
 1.1048578e-001
 1.1261858e-001
 1.1474366e-001
 1.1684945e-001
 1.1892439e-001
 1.2095732e-001
 1.2293577e-001
 1.2484862e-001
 1.2668429e-001
 1.2843162e-001
 1.3007820e-001
 1.3161285e-001
 1.3302407e-001
 1.3430050e-001
 1.3542999e-001
 1.3640130e-001
 1.3720283e-001
 1.3782297e-001
 1.3825029e-001
 1.3847300e-001
 1.3847961e-001
 1.3826154e-001
 1.3782257e-001
 1.3716996e-001
 1.3631080e-001
 1.3525221e-001
 1.3400099e-001
 1.3256484e-001
 1.3095061e-001
 1.2916547e-001
 1.2721601e-001
 1.2511028e-001
 1.2285499e-001
 1.2045724e-001
 1.1792416e-001
 1.1526221e-001
 1.1247980e-001
 1.0958342e-001
 1.0658021e-001
 1.0347652e-001
 1.0028096e-001
 9.6999936e-002
 9.3640558e-002
 9.0209119e-002
 8.6714394e-002
 8.3162680e-002
 7.9561107e-002
 7.5916804e-002
 7.2236001e-002
 6.8527579e-002
 6.4797789e-002
 6.1053753e-002
 5.7301700e-002
