splib07b Record=15488: Quartz GDS74 Sand Ottawa      BECKc AREF
-1.2300000e+034
-1.2300000e+034
-1.2300000e+034
-1.2300000e+034
-1.2300000e+034
-1.2300000e+034
-1.2300000e+034
-1.2300000e+034
-1.2300000e+034
-1.2300000e+034
-1.2300000e+034
-1.2300000e+034
-1.2300000e+034
-1.2300000e+034
-1.2300000e+034
-1.2300000e+034
-1.2300000e+034
-1.2300000e+034
-1.2300000e+034
-1.2300000e+034
-1.2300000e+034
-1.2300000e+034
-1.2300000e+034
-1.2300000e+034
-1.2300000e+034
-1.2300000e+034
-1.2300000e+034
-1.2300000e+034
-1.2300000e+034
-1.2300000e+034
-1.2300000e+034
-1.2300000e+034
-1.2300000e+034
-1.2300000e+034
-1.2300000e+034
-1.2300000e+034
-1.2300000e+034
-1.2300000e+034
-1.2300000e+034
-1.2300000e+034
-1.2300000e+034
-1.2300000e+034
-1.2300000e+034
-1.2300000e+034
-1.2300000e+034
-1.2300000e+034
-1.2300000e+034
-1.2300000e+034
-1.2300000e+034
-1.2300000e+034
-1.2300000e+034
-1.2300000e+034
-1.2300000e+034
-1.2300000e+034
-1.2300000e+034
-1.2300000e+034
-1.2300000e+034
-1.2300000e+034
-1.2300000e+034
-1.2300000e+034
-1.2300000e+034
-1.2300000e+034
-1.2300000e+034
-1.2300000e+034
-1.2300000e+034
-1.2300000e+034
-1.2300000e+034
-1.2300000e+034
-1.2300000e+034
-1.2300000e+034
-1.2300000e+034
-1.2300000e+034
-1.2300000e+034
-1.2300000e+034
-1.2300000e+034
-1.2300000e+034
-1.2300000e+034
-1.2300000e+034
-1.2300000e+034
-1.2300000e+034
-1.2300000e+034
-1.2300000e+034
-1.2300000e+034
-1.2300000e+034
-1.2300000e+034
-1.2300000e+034
-1.2300000e+034
-1.2300000e+034
-1.2300000e+034
-1.2300000e+034
-1.2300000e+034
-1.2300000e+034
-1.2300000e+034
-1.2300000e+034
-1.2300000e+034
-1.2300000e+034
-1.2300000e+034
-1.2300000e+034
-1.2300000e+034
-1.2300000e+034
-1.2300000e+034
-1.2300000e+034
-1.2300000e+034
-1.2300000e+034
-1.2300000e+034
-1.2300000e+034
-1.2300000e+034
-1.2300000e+034
-1.2300000e+034
-1.2300000e+034
-1.2300000e+034
 1.7399831e-001
 1.7399831e-001
 1.7337117e-001
 1.7275159e-001
 1.7214426e-001
 1.7155372e-001
 1.7098452e-001
 1.7044128e-001
 1.6992855e-001
 1.6945088e-001
 1.6901290e-001
 1.6861917e-001
 1.6827422e-001
 1.6798268e-001
 1.6774911e-001
 1.6757807e-001
 1.6747414e-001
 1.6744190e-001
 1.6748592e-001
 1.6761015e-001
 1.6781083e-001
 1.6807924e-001
 1.6840656e-001
 1.6878399e-001
 1.6920277e-001
 1.6965403e-001
 1.7012899e-001
 1.7061885e-001
 1.7111479e-001
 1.7160797e-001
 1.7208968e-001
 1.7255105e-001
 1.7298324e-001
 1.7337753e-001
 1.7372507e-001
 1.7401704e-001
 1.7424844e-001
 1.7442374e-001
 1.7454876e-001
 1.7462943e-001
 1.7467166e-001
 1.7468132e-001
 1.7466430e-001
 1.7462651e-001
 1.7457381e-001
 1.7451212e-001
 1.7444731e-001
 1.7438529e-001
 1.7433195e-001
 1.7429316e-001
 1.7427485e-001
 1.7428148e-001
 1.7431405e-001
 1.7437297e-001
 1.7445868e-001
 1.7457162e-001
 1.7471218e-001
 1.7488086e-001
 1.7507805e-001
 1.7530417e-001
 1.7555964e-001
 1.7584494e-001
 1.7616047e-001
 1.7650664e-001
 1.7688391e-001
 1.7729270e-001
 1.7773126e-001
 1.7819244e-001
 1.7866813e-001
 1.7915025e-001
 1.7963076e-001
 1.8010154e-001
 1.8055452e-001
 1.8098171e-001
 1.8137494e-001
 1.8172613e-001
 1.8202728e-001
 1.8227024e-001
 1.8244700e-001
 1.8254943e-001
 1.8256952e-001
 1.8250516e-001
 1.8236986e-001
 1.8217960e-001
 1.8195033e-001
 1.8169807e-001
 1.8143879e-001
 1.8118848e-001
 1.8096310e-001
 1.8077862e-001
 1.8065105e-001
 1.8059635e-001
 1.8063053e-001
 1.8076955e-001
 1.8102783e-001
 1.8140009e-001
 1.8186742e-001
 1.8241067e-001
 1.8301079e-001
 1.8364848e-001
 1.8430474e-001
 1.8496037e-001
 1.8559624e-001
 1.8619314e-001
 1.8673202e-001
 1.8719371e-001
 1.8756059e-001
 1.8783537e-001
 1.8803459e-001
 1.8817526e-001
 1.8827426e-001
 1.8834855e-001
 1.8841501e-001
 1.8849057e-001
 1.8859214e-001
 1.8873672e-001
 1.8894112e-001
 1.8922234e-001
 1.8959570e-001
 1.9005652e-001
 1.9058590e-001
 1.9116472e-001
 1.9177377e-001
 1.9239403e-001
 1.9300625e-001
 1.9359143e-001
 1.9413032e-001
 1.9460382e-001
 1.9499274e-001
 1.9527800e-001
 1.9544193e-001
 1.9548595e-001
 1.9542497e-001
 1.9527432e-001
 1.9504924e-001
 1.9476490e-001
 1.9443661e-001
 1.9407956e-001
 1.9370903e-001
 1.9334026e-001
 1.9298851e-001
 1.9266899e-001
 1.9239622e-001
 1.9217482e-001
 1.9200231e-001
 1.9187611e-001
 1.9179362e-001
 1.9175224e-001
 1.9174938e-001
 1.9178243e-001
 1.9184881e-001
 1.9194591e-001
 1.9207111e-001
 1.9222182e-001
 1.9239570e-001
 1.9259316e-001
 1.9281679e-001
 1.9306922e-001
 1.9335295e-001
 1.9367060e-001
 1.9402480e-001
 1.9441810e-001
 1.9485313e-001
 1.9533244e-001
 1.9585866e-001
 1.9643427e-001
 1.9706146e-001
 1.9773418e-001
 1.9844095e-001
 1.9916999e-001
 1.9990952e-001
 2.0064774e-001
 2.0137307e-001
 2.0207362e-001
 2.0273775e-001
 2.0335373e-001
 2.0390972e-001
 2.0439398e-001
 2.0479579e-001
 2.0511681e-001
 2.0536797e-001
 2.0556045e-001
 2.0570543e-001
 2.0581400e-001
 2.0589739e-001
 2.0596671e-001
 2.0603311e-001
 2.0610778e-001
 2.0620184e-001
 2.0632645e-001
 2.0649207e-001
 2.0669912e-001
 2.0694055e-001
 2.0720930e-001
 2.0749818e-001
 2.0780002e-001
 2.0810765e-001
 2.0841397e-001
 2.0871177e-001
 2.0899394e-001
 2.0925328e-001
 2.0948268e-001
 2.0967561e-001
 2.0983531e-001
 2.0997219e-001
 2.1009685e-001
 2.1021985e-001
 2.1035182e-001
 2.1050331e-001
 2.1068496e-001
 2.1090725e-001
 2.1118093e-001
 2.1151647e-001
 2.1192449e-001
 2.1241453e-001
 2.1298131e-001
 2.1360834e-001
 2.1427880e-001
 2.1497603e-001
 2.1568318e-001
 2.1638347e-001
 2.1706022e-001
 2.1769667e-001
 2.1827593e-001
 2.1878138e-001
 2.1919623e-001
 2.1950503e-001
 2.1971260e-001
 2.1983905e-001
 2.1990487e-001
 2.1993053e-001
 2.1993648e-001
 2.1994323e-001
 2.1997121e-001
 2.2004095e-001
 2.2017288e-001
 2.2038750e-001
 2.2070529e-001
 2.2114524e-001
 2.2170411e-001
 2.2236186e-001
 2.2309788e-001
 2.2389168e-001
 2.2472270e-001
 2.2557034e-001
 2.2641404e-001
 2.2723335e-001
 2.2800756e-001
 2.2871628e-001
 2.2933891e-001
 2.2985607e-001
 2.3026633e-001
 2.3058221e-001
 2.3081653e-001
 2.3098204e-001
 2.3109162e-001
 2.3115805e-001
 2.3119417e-001
 2.3121281e-001
 2.3122677e-001
 2.3124887e-001
 2.3129191e-001
 2.3136824e-001
 2.3148257e-001
 2.3163369e-001
 2.3182030e-001
 2.3204096e-001
 2.3229446e-001
 2.3257932e-001
 2.3289427e-001
 2.3323791e-001
 2.3360895e-001
 2.3400597e-001
 2.3442772e-001
 2.3487274e-001
 2.3533894e-001
 2.3582357e-001
 2.3632409e-001
 2.3683764e-001
 2.3736174e-001
 2.3789357e-001
 2.3843047e-001
 2.3896977e-001
 2.3950872e-001
 2.4004468e-001
 2.4057503e-001
 2.4109726e-001
 2.4161270e-001
 2.4212565e-001
 2.4264044e-001
 2.4316154e-001
 2.4369338e-001
 2.4424028e-001
 2.4480666e-001
 2.4539687e-001
 2.4601530e-001
 2.4666631e-001
 2.4735443e-001
 2.4808337e-001
 2.4884780e-001
 2.4963504e-001
 2.5043219e-001
 2.5122648e-001
 2.5200498e-001
 2.5275484e-001
 2.5346321e-001
 2.5411716e-001
 2.5470382e-001
 2.5521040e-001
 2.5562400e-001
 2.5593308e-001
 2.5614747e-001
 2.5629440e-001
 2.5640142e-001
 2.5649622e-001
 2.5660643e-001
 2.5675961e-001
 2.5698352e-001
 2.5730565e-001
 2.5775376e-001
 2.5835535e-001
 2.5913808e-001
 2.6012772e-001
 2.6131633e-001
 2.6266912e-001
 2.6415029e-001
 2.6572406e-001
 2.6735488e-001
 2.6900718e-001
 2.7064517e-001
 2.7223310e-001
 2.7373531e-001
 2.7511597e-001
 2.7633956e-001
 2.7737242e-001
 2.7821255e-001
 2.7888432e-001
 2.7941290e-001
 2.7982336e-001
 2.8014088e-001
 2.8039065e-001
 2.8059778e-001
 2.8078732e-001
 2.8098449e-001
 2.8121442e-001
 2.8150222e-001
 2.8187180e-001
 2.8232637e-001
 2.8285196e-001
 2.8343415e-001
 2.8405839e-001
 2.8471032e-001
 2.8537539e-001
 2.8603923e-001
 2.8668734e-001
 2.8730521e-001
 2.8787845e-001
 2.8839713e-001
 2.8886685e-001
 2.8929615e-001
 2.8969356e-001
 2.9006761e-001
 2.9042679e-001
 2.9077971e-001
 2.9113489e-001
 2.9150096e-001
 2.9188392e-001
 2.9228166e-001
 2.9269046e-001
 2.9310653e-001
 2.9352623e-001
 2.9394579e-001
 2.9436138e-001
 2.9476938e-001
 2.9516590e-001
 2.9554883e-001
 2.9592082e-001
 2.9628563e-001
 2.9664698e-001
 2.9700869e-001
 2.9737440e-001
 2.9774791e-001
 2.9813299e-001
 2.9853335e-001
 2.9895183e-001
 2.9938832e-001
 2.9984203e-001
 3.0031216e-001
 3.0079806e-001
 3.0129883e-001
 3.0181387e-001
 3.0234230e-001
 3.0288339e-001
 3.0343580e-001
 3.0399624e-001
 3.0456105e-001
 3.0512661e-001
 3.0568928e-001
 3.0624524e-001
 3.0679095e-001
 3.0732265e-001
 3.0783674e-001
 3.0833200e-001
 3.0881545e-001
 3.0929598e-001
 3.0978224e-001
 3.1028312e-001
 3.1080738e-001
 3.1136394e-001
 3.1196150e-001
 3.1260890e-001
 3.1330821e-001
 3.1403872e-001
 3.1477502e-001
 3.1549135e-001
 3.1616241e-001
 3.1676251e-001
 3.1726614e-001
 3.1764928e-001
 3.1791514e-001
 3.1809062e-001
 3.1820357e-001
 3.1828171e-001
 3.1835288e-001
 3.1844458e-001
 3.1858179e-001
 3.1878671e-001
 3.1908178e-001
 3.1948921e-001
 3.2003134e-001
 3.2072803e-001
 3.2155520e-001
 3.2245022e-001
 3.2334924e-001
 3.2418796e-001
 3.2490259e-001
 3.2543245e-001
 3.2578179e-001
 3.2601234e-001
 3.2618773e-001
 3.2637149e-001
 3.2662725e-001
 3.2701552e-001
 3.2753810e-001
 3.2814476e-001
 3.2878363e-001
 3.2940254e-001
 3.2994950e-001
 3.3037508e-001
 3.3068079e-001
 3.3091339e-001
 3.3112133e-001
 3.3135286e-001
 3.3165652e-001
 3.3207816e-001
 3.3261833e-001
 3.3323690e-001
 3.3389214e-001
 3.3454254e-001
 3.3514637e-001
 3.3566344e-001
 3.3608159e-001
 3.3641383e-001
 3.3667421e-001
 3.3687663e-001
 3.3703503e-001
 3.3716369e-001
 3.3728361e-001
 3.3742172e-001
 3.3760524e-001
 3.3786133e-001
 3.3821729e-001
 3.3869815e-001
 3.3928934e-001
 3.3993989e-001
 3.4059784e-001
 3.4121105e-001
 3.4172744e-001
 3.4209719e-001
 3.4231776e-001
 3.4242955e-001
 3.4247461e-001
 3.4249488e-001
 3.4253246e-001
 3.4262785e-001
 3.4279418e-001
 3.4301916e-001
 3.4328976e-001
 3.4359279e-001
 3.4391513e-001
 3.4424394e-001
 3.4457031e-001
 3.4488937e-001
 3.4519640e-001
 3.4548655e-001
 3.4575507e-001
 3.4599763e-001
 3.4621990e-001
 3.4643656e-001
 3.4666294e-001
 3.4691399e-001
 3.4720507e-001
 3.4755027e-001
 3.4794578e-001
 3.4837085e-001
 3.4880418e-001
 3.4922439e-001
 3.4961027e-001
 3.4994140e-001
 3.5021788e-001
 3.5045892e-001
 3.5068434e-001
 3.5091418e-001
 3.5116792e-001
 3.5145292e-001
 3.5176155e-001
 3.5208535e-001
 3.5241574e-001
 3.5274440e-001
 3.5306281e-001
 3.5336250e-001
 3.5363495e-001
 3.5387191e-001
 3.5407192e-001
 3.5424188e-001
 3.5438922e-001
 3.5452127e-001
 3.5464558e-001
 3.5476938e-001
 3.5490021e-001
 3.5504544e-001
 3.5521239e-001
 3.5540536e-001
 3.5562509e-001
 3.5587198e-001
 3.5614648e-001
 3.5644907e-001
 3.5678008e-001
 3.5714015e-001
 3.5752958e-001
 3.5794875e-001
 3.5839310e-001
 3.5885206e-001
 3.5931483e-001
 3.5977048e-001
 3.6020818e-001
 3.6061692e-001
 3.6098596e-001
 3.6130425e-001
 3.6156127e-001
 3.6175793e-001
 3.6190918e-001
 3.6203098e-001
 3.6213920e-001
 3.6224985e-001
 3.6237878e-001
 3.6254197e-001
 3.6275530e-001
 3.6303446e-001
 3.6338288e-001
 3.6378875e-001
 3.6423951e-001
 3.6472228e-001
 3.6522457e-001
 3.6573359e-001
 3.6623663e-001
 3.6672094e-001
 3.6717415e-001
 3.6759090e-001
 3.6797541e-001
 3.6833230e-001
 3.6866620e-001
 3.6898169e-001
 3.6928359e-001
 3.6957636e-001
 3.6986488e-001
 3.7015364e-001
 3.7044472e-001
 3.7073737e-001
 3.7103036e-001
 3.7132263e-001
 3.7161317e-001
 3.7190077e-001
 3.7218443e-001
 3.7246293e-001
 3.7273526e-001
 3.7300158e-001
 3.7326366e-001
 3.7352332e-001
 3.7378249e-001
 3.7404290e-001
 3.7430644e-001
 3.7457508e-001
 3.7485048e-001
 3.7513465e-001
 3.7542742e-001
 3.7572670e-001
 3.7602997e-001
 3.7633491e-001
 3.7663901e-001
 3.7693992e-001
 3.7723520e-001
 3.7752247e-001
 3.7779927e-001
 3.7806460e-001
 3.7831897e-001
 3.7856293e-001
 3.7879726e-001
 3.7902254e-001
 3.7923941e-001
 3.7944853e-001
 3.7965056e-001
 3.7984616e-001
 3.8003698e-001
 3.8022587e-001
 3.8041583e-001
 3.8060969e-001
 3.8081056e-001
 3.8102135e-001
 3.8124502e-001
 3.8148457e-001
 3.8174266e-001
 3.8201407e-001
 3.8228279e-001
 3.8253227e-001
 3.8274574e-001
 3.8290665e-001
 3.8299823e-001
 3.8300389e-001
 3.8291454e-001
 3.8276309e-001
 3.8259679e-001
 3.8246298e-001
 3.8240901e-001
 3.8248214e-001
 3.8271812e-001
 3.8308871e-001
 3.8354346e-001
 3.8403198e-001
 3.8450384e-001
 3.8490853e-001
 3.8520327e-001
 3.8538757e-001
 3.8547575e-001
 3.8548222e-001
 3.8542116e-001
 3.8530698e-001
 3.8515487e-001
 3.8498563e-001
 3.8482183e-001
 3.8468620e-001
 3.8460124e-001
 3.8458970e-001
 3.8466871e-001
 3.8482487e-001
 3.8503388e-001
 3.8527155e-001
 3.8551375e-001
 3.8573608e-001
 3.8591874e-001
 3.8606551e-001
 3.8618881e-001
 3.8630116e-001
 3.8641483e-001
 3.8654226e-001
 3.8669348e-001
 3.8686523e-001
 3.8704947e-001
 3.8723823e-001
 3.8742346e-001
 3.8759714e-001
 3.8775197e-001
 3.8788494e-001
 3.8799444e-001
 3.8807893e-001
 3.8813680e-001
 3.8816658e-001
 3.8816836e-001
 3.8815236e-001
 3.8813227e-001
 3.8812187e-001
 3.8813487e-001
 3.8818505e-001
 3.8828284e-001
 3.8841978e-001
 3.8858059e-001
 3.8874987e-001
 3.8891235e-001
 3.8905269e-001
 3.8915882e-001
 3.8923696e-001
 3.8930011e-001
 3.8936132e-001
 3.8943347e-001
 3.8952965e-001
 3.8965973e-001
 3.8981655e-001
 3.8998637e-001
 3.9015561e-001
 3.9031062e-001
 3.9043784e-001
 3.9052740e-001
 3.9059249e-001
 3.9065441e-001
 3.9073470e-001
 3.9085463e-001
 3.9103574e-001
 3.9129451e-001
 3.9161906e-001
 3.9198694e-001
 3.9237571e-001
 3.9276308e-001
 3.9312658e-001
 3.9344579e-001
 3.9371234e-001
 3.9392224e-001
 3.9407167e-001
 3.9415658e-001
 3.9417309e-001
 3.9412153e-001
 3.9402801e-001
 3.9392823e-001
 3.9385781e-001
 3.9385238e-001
 3.9394772e-001
 3.9417043e-001
 3.9449349e-001
 3.9486983e-001
 3.9525253e-001
 3.9559436e-001
 3.9584842e-001
 3.9597732e-001
 3.9600325e-001
 3.9597040e-001
 3.9592314e-001
 3.9590564e-001
 3.9596221e-001
 3.9612859e-001
 3.9638799e-001
 3.9670426e-001
 3.9704102e-001
 3.9736199e-001
 3.9763090e-001
 3.9781865e-001
 3.9794070e-001
 3.9802915e-001
 3.9811626e-001
 3.9823419e-001
 3.9841515e-001
 3.9868492e-001
 3.9902994e-001
 3.9942187e-001
 3.9983234e-001
 4.0023282e-001
 4.0059504e-001
 4.0089542e-001
 4.0114108e-001
 4.0135065e-001
 4.0154296e-001
 4.0173665e-001
 4.0195048e-001
 4.0219963e-001
 4.0247792e-001
 4.0277094e-001
 4.0306422e-001
 4.0334332e-001
 4.0359378e-001
 4.0380394e-001
 4.0397909e-001
 4.0413097e-001
 4.0427151e-001
 4.0441263e-001
 4.0456611e-001
 4.0474206e-001
 4.0494010e-001
 4.0515566e-001
 4.0538418e-001
 4.0562114e-001
 4.0586185e-001
 4.0610272e-001
 4.0634534e-001
 4.0659332e-001
 4.0685049e-001
 4.0712038e-001
 4.0740681e-001
 4.0771115e-001
 4.0802124e-001
 4.0831935e-001
 4.0858787e-001
 4.0880916e-001
 4.0896541e-001
 4.0904492e-001
 4.0907341e-001
 4.0909123e-001
 4.0913874e-001
 4.0925631e-001
 4.0948436e-001
 4.0985373e-001
 4.1033429e-001
 4.1087192e-001
 4.1141227e-001
 4.1190150e-001
 4.1228497e-001
 4.1251981e-001
 4.1263330e-001
 4.1268101e-001
 4.1271847e-001
 4.1280133e-001
 4.1298509e-001
 4.1331428e-001
 4.1376293e-001
 4.1427678e-001
 4.1480142e-001
 4.1528288e-001
 4.1566658e-001
 4.1590792e-001
 4.1602433e-001
 4.1605803e-001
 4.1605127e-001
 4.1604635e-001
 4.1608563e-001
 4.1620523e-001
 4.1640127e-001
 4.1665387e-001
 4.1694307e-001
 4.1724893e-001
 4.1755143e-001
 4.1783443e-001
 4.1810575e-001
 4.1838345e-001
 4.1868532e-001
 4.1902915e-001
 4.1943303e-001
 4.1990924e-001
 4.2043617e-001
 4.2097765e-001
 4.2149776e-001
 4.2196047e-001
 4.2232972e-001
 4.2257634e-001
 4.2271528e-001
 4.2277971e-001
 4.2280278e-001
 4.2281768e-001
 4.2285761e-001
 4.2295158e-001
 4.2310086e-001
 4.2329532e-001
 4.2352480e-001
 4.2377928e-001
 4.2404845e-001
 4.2432332e-001
 4.2460099e-001
 4.2488125e-001
 4.2516398e-001
 4.2544898e-001
 4.2573625e-001
 4.2602468e-001
 4.2630938e-001
 4.2658305e-001
 4.2683885e-001
 4.2706966e-001
 4.2726842e-001
 4.2743060e-001
 4.2756733e-001
 4.2769656e-001
 4.2783621e-001
 4.2800412e-001
 4.2821828e-001
 4.2849305e-001
 4.2882001e-001
 4.2918074e-001
 4.2955697e-001
 4.2993042e-001
 4.3028268e-001
 4.3059808e-001
 4.3087727e-001
 4.3112832e-001
 4.3135914e-001
 4.3157759e-001
 4.3179163e-001
 4.3200830e-001
 4.3222883e-001
 4.3245173e-001
 4.3267575e-001
 4.3289950e-001
 4.3312153e-001
 4.3334132e-001
 4.3356267e-001
 4.3379149e-001
 4.3403381e-001
 4.3429542e-001
 4.3458232e-001
 4.3489861e-001
 4.3523696e-001
 4.3558452e-001
 4.3592897e-001
 4.3625766e-001
 4.3655798e-001
 4.3681946e-001
 4.3704659e-001
 4.3725032e-001
 4.3744132e-001
 4.3763053e-001
 4.3782884e-001
 4.3804577e-001
 4.3828323e-001
 4.3853921e-001
 4.3881196e-001
 4.3909976e-001
 4.3940067e-001
 4.3971196e-001
 4.4002402e-001
 4.4032452e-001
 4.4060075e-001
 4.4084030e-001
 4.4103062e-001
 4.4116199e-001
 4.4124421e-001
 4.4129559e-001
 4.4133446e-001
 4.4137913e-001
 4.4144797e-001
 4.4155639e-001
 4.4169974e-001
 4.4186446e-001
 4.4203693e-001
 4.4220352e-001
 4.4235069e-001
 4.4246766e-001
 4.4256371e-001
 4.4265684e-001
 4.4276524e-001
 4.4290698e-001
 4.4310015e-001
 4.4335938e-001
 4.4367361e-001
 4.4402084e-001
 4.4437861e-001
 4.4472492e-001
 4.4503739e-001
 4.4529685e-001
 4.4550490e-001
 4.4567269e-001
 4.4581130e-001
 4.4593179e-001
 4.4604525e-001
 4.4616169e-001
 4.4628203e-001
 4.4640374e-001
 4.4652385e-001
 4.4663966e-001
 4.4674832e-001
 4.4684830e-001
 4.4694737e-001
 4.4705728e-001
 4.4718990e-001
 4.4735703e-001
 4.4757053e-001
 4.4783938e-001
 4.4815120e-001
 4.4848460e-001
 4.4881743e-001
 4.4912824e-001
 4.4939512e-001
 4.4959947e-001
 4.4974649e-001
 4.4985172e-001
 4.4993103e-001
 4.4999999e-001
 4.5007452e-001
 4.5016894e-001
 4.5028809e-001
 4.5043230e-001
 4.5060199e-001
 4.5079768e-001
 4.5101950e-001
 4.5126706e-001
 4.5153341e-001
 4.5180842e-001
 4.5208234e-001
 4.5234483e-001
 4.5258611e-001
 4.5279750e-001
 4.5298073e-001
 4.5314205e-001
 4.5328796e-001
 4.5342493e-001
 4.5355922e-001
 4.5369703e-001
 4.5384207e-001
 4.5399666e-001
 4.5416355e-001
 4.5434502e-001
 4.5454377e-001
 4.5476156e-001
 4.5499471e-001
 4.5523697e-001
 4.5548213e-001
 4.5572412e-001
 4.5595652e-001
 4.5617399e-001
 4.5637640e-001
 4.5656610e-001
 4.5674568e-001
 4.5691741e-001
 4.5708388e-001
 4.5724773e-001
 4.5741430e-001
 4.5758972e-001
 4.5778036e-001
 4.5799267e-001
 4.5823276e-001
 4.5850515e-001
 4.5879886e-001
 4.5909572e-001
 4.5937768e-001
 4.5962659e-001
 4.5982438e-001
 4.5995593e-001
 4.6002993e-001
 4.6006629e-001
 4.6008480e-001
 4.6010545e-001
 4.6014804e-001
 4.6023050e-001
 4.6035403e-001
 4.6051204e-001
 4.6069807e-001
 4.6090543e-001
 4.6112773e-001
 4.6135890e-001
 4.6159914e-001
 4.6185112e-001
 4.6211767e-001
 4.6240160e-001
 4.6270561e-001
 4.6303076e-001
 4.6336335e-001
 4.6368274e-001
 4.6396828e-001
 4.6419936e-001
 4.6435538e-001
 4.6441966e-001
 4.6440807e-001
 4.6435174e-001
 4.6428201e-001
 4.6423030e-001
 4.6422783e-001
 4.6430069e-001
 4.6443257e-001
 4.6458685e-001
 4.6472692e-001
 4.6481603e-001
 4.6481740e-001
 4.6470138e-001
 4.6449515e-001
 4.6425325e-001
 4.6403041e-001
 4.6388155e-001
 4.6386123e-001
 4.6401584e-001
 4.6432173e-001
 4.6472207e-001
 4.6515936e-001
 4.6557620e-001
 4.6591550e-001
 4.6612635e-001
 4.6621239e-001
 4.6620348e-001
 4.6612981e-001
 4.6602139e-001
 4.6590841e-001
 4.6581891e-001
 4.6576488e-001
 4.6575001e-001
 4.6577820e-001
 4.6585315e-001
 4.6597859e-001
 4.6614960e-001
 4.6634939e-001
 4.6656001e-001
 4.6676376e-001
 4.6694356e-001
 4.6709445e-001
 4.6722174e-001
 4.6733096e-001
 4.6742785e-001
 4.6751672e-001
 4.6759242e-001
 4.6764478e-001
 4.6766382e-001
 4.6763933e-001
 4.6756735e-001
 4.6747047e-001
 4.6737894e-001
 4.6732304e-001
 4.6733287e-001
 4.6742681e-001
 4.6759388e-001
 4.6781859e-001
 4.6808532e-001
 4.6837851e-001
 4.6867576e-001
 4.6894524e-001
 4.6915409e-001
 4.6926966e-001
 4.6926254e-001
 4.6916306e-001
 4.6905261e-001
 4.6901426e-001
 4.6913102e-001
 4.6947038e-001
 4.6996632e-001
 4.7048593e-001
 4.7089544e-001
 4.7106138e-001
 4.7089189e-001
 4.7048584e-001
 4.6999630e-001
 4.6957654e-001
 4.6937960e-001
 4.6949050e-001
 4.6982184e-001
 4.7025898e-001
 4.7068784e-001
 4.7099510e-001
 4.7113582e-001
 4.7116524e-001
 4.7114643e-001
 4.7114262e-001
 4.7121421e-001
 4.7137100e-001
 4.7157878e-001
 4.7180176e-001
 4.7200432e-001
 4.7215411e-001
 4.7224867e-001
 4.7230074e-001
 4.7232351e-001
 4.7232983e-001
 4.7233427e-001
 4.7235858e-001
 4.7242677e-001
 4.7256267e-001
 4.7279015e-001
 4.7311217e-001
 4.7347769e-001
 4.7382674e-001
 4.7409981e-001
 4.7423774e-001
 4.7422472e-001
 4.7410914e-001
 4.7394481e-001
 4.7378531e-001
 4.7368291e-001
 4.7366005e-001
 4.7371322e-001
 4.7383767e-001
 4.7402894e-001
 4.7428137e-001
 4.7458163e-001
 4.7491193e-001
 4.7525471e-001
 4.7559214e-001
 4.7590718e-001
 4.7618625e-001
 4.7641647e-001
 4.7658509e-001
 4.7667938e-001
 4.7668770e-001
 4.7661948e-001
 4.7650355e-001
 4.7636899e-001
 4.7624522e-001
 4.7616142e-001
 4.7614589e-001
 4.7620711e-001
 4.7633564e-001
 4.7652134e-001
 4.7675434e-001
 4.7702453e-001
 4.7732139e-001
 4.7762856e-001
 4.7792348e-001
 4.7818372e-001
 4.7838673e-001
 4.7850996e-001
 4.7853258e-001
 4.7846657e-001
 4.7835353e-001
 4.7823635e-001
 4.7815788e-001
 4.7816095e-001
 4.7828615e-001
 4.7853151e-001
 4.7885585e-001
 4.7921696e-001
 4.7957203e-001
 4.7987884e-001
 4.8009646e-001
 4.8021832e-001
 4.8026887e-001
 4.8027399e-001
 4.8025945e-001
 4.8025092e-001
 4.8027331e-001
 4.8033339e-001
 4.8042116e-001
 4.8052606e-001
 4.8063743e-001
 4.8074472e-001
 4.8083770e-001
 4.8091245e-001
 4.8097125e-001
 4.8101634e-001
 4.8105016e-001
 4.8107508e-001
 4.8109379e-001
 4.8111561e-001
 4.8115611e-001
 4.8123094e-001
 4.8135591e-001
 4.8154667e-001
 4.8181799e-001
 4.8216197e-001
 4.8255000e-001
 4.8295251e-001
 4.8334026e-001
 4.8368341e-001
 4.8395371e-001
 4.8414472e-001
 4.8427063e-001
 4.8434642e-001
 4.8438716e-001
 4.8440778e-001
 4.8442316e-001
 4.8444438e-001
 4.8447904e-001
 4.8453459e-001
 4.8461860e-001
 4.8473835e-001
 4.8490089e-001
 4.8510152e-001
 4.8532456e-001
 4.8555419e-001
 4.8577410e-001
 4.8596841e-001
 4.8612219e-001
 4.8624626e-001
 4.8637563e-001
 4.8654634e-001
 4.8679450e-001
 4.8715591e-001
 4.8766446e-001
 4.8830327e-001
 4.8900720e-001
 4.8970976e-001
 4.9034354e-001
 4.9084195e-001
 4.9114117e-001
 4.9124864e-001
 4.9123928e-001
 4.9119127e-001
 4.9118227e-001
 4.9129036e-001
 4.9158955e-001
 4.9207151e-001
 4.9264809e-001
 4.9322808e-001
 4.9372020e-001
 4.9403337e-001
 4.9408019e-001
 4.9386054e-001
 4.9345848e-001
 4.9296167e-001
 4.9245730e-001
 4.9203336e-001
 4.9177423e-001
 4.9170232e-001
 4.9177948e-001
 4.9196491e-001
 4.9221784e-001
 4.9249765e-001
 4.9276343e-001
 4.9297461e-001
 4.9310052e-001
 4.9315062e-001
 4.9314386e-001
 4.9309933e-001
 4.9303597e-001
 4.9297300e-001
 4.9292931e-001
 4.9292395e-001
 4.9297607e-001
 4.9309894e-001
 4.9328357e-001
 4.9351561e-001
 4.9378058e-001
 4.9406403e-001
 4.9435160e-001
 4.9462882e-001
 4.9488133e-001
 4.9509457e-001
 4.9525857e-001
 4.9538067e-001
 4.9547234e-001
 4.9554533e-001
 4.9561101e-001
 4.9568108e-001
 4.9576721e-001
 4.9588081e-001
 4.9603355e-001
 4.9623328e-001
 4.9647340e-001
 4.9674347e-001
 4.9703312e-001
 4.9733207e-001
 4.9762982e-001
 4.9791622e-001
 4.9818063e-001
 4.9841294e-001
 4.9860564e-001
 4.9876329e-001
 4.9889332e-001
 4.9900335e-001
 4.9910083e-001
 4.9919325e-001
 4.9928814e-001
 4.9939299e-001
 4.9951535e-001
 4.9966040e-001
 4.9982399e-001
 4.9999970e-001
 5.0018090e-001
 5.0036120e-001
 5.0053418e-001
 5.0069320e-001
 5.0083184e-001
 5.0094366e-001
 5.0102526e-001
 5.0108659e-001
 5.0114059e-001
 5.0120050e-001
 5.0127947e-001
 5.0139058e-001
 5.0154698e-001
 5.0176167e-001
 5.0204796e-001
 5.0241274e-001
 5.0283802e-001
 5.0329870e-001
 5.0377047e-001
 5.0422859e-001
 5.0464827e-001
 5.0500500e-001
 5.0527388e-001
 5.0543046e-001
 5.0545841e-001
 5.0537676e-001
 5.0521362e-001
 5.0499684e-001
 5.0475472e-001
 5.0451523e-001
 5.0430638e-001
 5.0415623e-001
 5.0409293e-001
 5.0413597e-001
 5.0426930e-001
 5.0446814e-001
 5.0470698e-001
 5.0496089e-001
 5.0520462e-001
 5.0541300e-001
 5.0556093e-001
 5.0562322e-001
 5.0558490e-001
 5.0547355e-001
 5.0532800e-001
 5.0518703e-001
 5.0508928e-001
 5.0507200e-001
 5.0514334e-001
 5.0528866e-001
 5.0549227e-001
 5.0573897e-001
 5.0601304e-001
 5.0629950e-001
 5.0658894e-001
 5.0687635e-001
 5.0715709e-001
 5.0742632e-001
 5.0767928e-001
 5.0791150e-001
 5.0811863e-001
 5.0829697e-001
 5.0844294e-001
 5.0855285e-001
 5.0862312e-001
 5.0865060e-001
 5.0864244e-001
 5.0861388e-001
 5.0858057e-001
 5.0855798e-001
 5.0856167e-001
 5.0860673e-001
 5.0869960e-001
 5.0883973e-001
 5.0902623e-001
 5.0925833e-001
 5.0953531e-001
 5.0985575e-001
 5.1021075e-001
 5.1058453e-001
 5.1096153e-001
 5.1132590e-001
 5.1166195e-001
 5.1195472e-001
 5.1220113e-001
 5.1240814e-001
 5.1258296e-001
 5.1273298e-001
 5.1286530e-001
 5.1298702e-001
 5.1310265e-001
 5.1321435e-001
 5.1332402e-001
 5.1343387e-001
 5.1354605e-001
 5.1366222e-001
 5.1377708e-001
 5.1387972e-001
 5.1395875e-001
 5.1400328e-001
 5.1400197e-001
 5.1394504e-001
 5.1384777e-001
 5.1374626e-001
 5.1367718e-001
 5.1367742e-001
 5.1378363e-001
 5.1402998e-001
 5.1440376e-001
 5.1485306e-001
 5.1532459e-001
 5.1576537e-001
 5.1612180e-001
 5.1634395e-001
 5.1643437e-001
 5.1644027e-001
 5.1641005e-001
 5.1639253e-001
 5.1643616e-001
 5.1658708e-001
 5.1684684e-001
 5.1717937e-001
 5.1754731e-001
 5.1791334e-001
 5.1824003e-001
 5.1849174e-001
 5.1866215e-001
 5.1876962e-001
 5.1883364e-001
 5.1887351e-001
 5.1890868e-001
 5.1895761e-001
 5.1902753e-001
 5.1911533e-001
 5.1921749e-001
 5.1933080e-001
 5.1945174e-001
 5.1957715e-001
 5.1970887e-001
 5.1985198e-001
 5.2001256e-001
 5.2019602e-001
 5.2040821e-001
 5.2065396e-001
 5.2092576e-001
 5.2120513e-001
 5.2147329e-001
 5.2171129e-001
 5.2190036e-001
 5.2202308e-001
 5.2208620e-001
 5.2211756e-001
 5.2214593e-001
 5.2219993e-001
 5.2230805e-001
 5.2249718e-001
 5.2276158e-001
 5.2306712e-001
 5.2337849e-001
 5.2366054e-001
 5.2387798e-001
 5.2399784e-001
 5.2402687e-001
 5.2400625e-001
 5.2397889e-001
 5.2398729e-001
 5.2407420e-001
 5.2427930e-001
 5.2459341e-001
 5.2496374e-001
 5.2533549e-001
 5.2565473e-001
 5.2586657e-001
 5.2592033e-001
 5.2582777e-001
 5.2565694e-001
 5.2547747e-001
 5.2535909e-001
 5.2537155e-001
 5.2558088e-001
 5.2598220e-001
 5.2650803e-001
 5.2708822e-001
 5.2765316e-001
 5.2813256e-001
 5.2845985e-001
 5.2862483e-001
 5.2866834e-001
 5.2863288e-001
 5.2856100e-001
 5.2849525e-001
 5.2847821e-001
 5.2855235e-001
 5.2874684e-001
 5.2904302e-001
 5.2941209e-001
 5.2982473e-001
 5.3025216e-001
 5.3066510e-001
 5.3103471e-001
 5.3133196e-001
 5.3152764e-001
 5.3160322e-001
 5.3157693e-001
 5.3147537e-001
 5.3132498e-001
 5.3115231e-001
 5.3098381e-001
 5.3084606e-001
 5.3076559e-001
 5.3076893e-001
 5.3087378e-001
 5.3106689e-001
 5.3132784e-001
 5.3163636e-001
 5.3197187e-001
 5.3231436e-001
 5.3264308e-001
 5.3293782e-001
 5.3317839e-001
 5.3335041e-001
 5.3346318e-001
 5.3353059e-001
 5.3356689e-001
 5.3358603e-001
 5.3360230e-001
 5.3362983e-001
 5.3368264e-001
 5.3377491e-001
 5.3391647e-001
 5.3410161e-001
 5.3432149e-001
 5.3456652e-001
 5.3482783e-001
 5.3509599e-001
 5.3536206e-001
 5.3561676e-001
 5.3585094e-001
 5.3605837e-001
 5.3624272e-001
 5.3641045e-001
 5.3656781e-001
 5.3672099e-001
 5.3687656e-001
 5.3704059e-001
 5.3721946e-001
 5.3741938e-001
 5.3764468e-001
 5.3789204e-001
 5.3815657e-001
 5.3843337e-001
 5.3871727e-001
 5.3900343e-001
 5.3928673e-001
 5.3956228e-001
 5.3982520e-001
 5.4007047e-001
 5.4029411e-001
 5.4049182e-001
 5.4065973e-001
 5.4079360e-001
 5.4088944e-001
 5.4094326e-001
 5.4095089e-001
 5.4090828e-001
 5.4081511e-001
 5.4068452e-001
 5.4053295e-001
 5.4037696e-001
 5.4023284e-001
 5.4011732e-001
 5.4004669e-001
 5.4003739e-001
 5.4010600e-001
 5.4026318e-001
 5.4049796e-001
 5.4079473e-001
 5.4113710e-001
 5.4150939e-001
 5.4189539e-001
 5.4227930e-001
 5.4264510e-001
 5.4297668e-001
 5.4325843e-001
 5.4347444e-001
 5.4362208e-001
 5.4371017e-001
 5.4374796e-001
 5.4374492e-001
 5.4371041e-001
 5.4365379e-001
 5.4358435e-001
 5.4351163e-001
 5.4344481e-001
 5.4339337e-001
 5.4336661e-001
 5.4337376e-001
 5.4341727e-001
 5.4349387e-001
 5.4359961e-001
 5.4373080e-001
 5.4388368e-001
 5.4405439e-001
 5.4423928e-001
 5.4443455e-001
 5.4463649e-001
 5.4484117e-001
 5.4504502e-001
 5.4524422e-001
 5.4543769e-001
 5.4562682e-001
 5.4581279e-001
 5.4599720e-001
 5.4618126e-001
 5.4636639e-001
 5.4655397e-001
 5.4674542e-001
 5.4694217e-001
 5.4714555e-001
 5.4735690e-001
 5.4757762e-001
 5.4780680e-001
 5.4804140e-001
 5.4827851e-001
 5.4851502e-001
 5.4874790e-001
 5.4897416e-001
 5.4919052e-001
 5.4939407e-001
 5.4958200e-001
 5.4975086e-001
 5.4989797e-001
 5.5002022e-001
 5.5011773e-001
 5.5019385e-001
 5.5025208e-001
 5.5029583e-001
 5.5032843e-001
 5.5035335e-001
 5.5037385e-001
 5.5040425e-001
 5.5050522e-001
 5.5073386e-001
 5.5110985e-001
 5.5158305e-001
 5.5210066e-001
 5.5260962e-001
 5.5305868e-001
 5.5343372e-001
 5.5375707e-001
 5.5405325e-001
 5.5434632e-001
 5.5465990e-001
 5.5500215e-001
 5.5536604e-001
 5.5574399e-001
 5.5612838e-001
 5.5651158e-001
 5.5688560e-001
 5.5724186e-001
 5.5757219e-001
 5.5786794e-001
 5.5812097e-001
 5.5832464e-001
 5.5847996e-001
 5.5859005e-001
 5.5865765e-001
 5.5868578e-001
 5.5867726e-001
 5.5863768e-001
 5.5858320e-001
 5.5853212e-001
 5.5850297e-001
 5.5851418e-001
 5.5858427e-001
 5.5873168e-001
 5.5896759e-001
 5.5927497e-001
 5.5963022e-001
 5.6000954e-001
 5.6038946e-001
 5.6074625e-001
 5.6105632e-001
 5.6129599e-001
 5.6144863e-001
 5.6152457e-001
 5.6154037e-001
 5.6151247e-001
 5.6145746e-001
 5.6139189e-001
 5.6133235e-001
 5.6129521e-001
 5.6129402e-001
 5.6132966e-001
 5.6140059e-001
 5.6150508e-001
 5.6164145e-001
 5.6180787e-001
 5.6200284e-001
 5.6222457e-001
 5.6247026e-001
 5.6273341e-001
 5.6300628e-001
 5.6328148e-001
 5.6355143e-001
 5.6380850e-001
 5.6404519e-001
 5.6425399e-001
 5.6442726e-001
 5.6455749e-001
 5.6463718e-001
 5.6465876e-001
 5.6461912e-001
 5.6453091e-001
 5.6441075e-001
 5.6427497e-001
 5.6414002e-001
 5.6402242e-001
 5.6393856e-001
 5.6390488e-001
 5.6393784e-001
 5.6405383e-001
 5.6426930e-001
 5.6460083e-001
 5.6505775e-001
 5.6562573e-001
 5.6628442e-001
 5.6701392e-001
 5.6779402e-001
 5.6860483e-001
 5.6942594e-001
 5.7023764e-001
 5.7101965e-001
 5.7175177e-001
 5.7241422e-001
 5.7299191e-001
 5.7348841e-001
 5.7391101e-001
 5.7426733e-001
 5.7456464e-001
 5.7481062e-001
 5.7501251e-001
 5.7517791e-001
 5.7531410e-001
 5.7542878e-001
 5.7552785e-001
 5.7561290e-001
 5.7568443e-001
 5.7574284e-001
 5.7578874e-001
 5.7582265e-001
 5.7584482e-001
 5.7585609e-001
 5.7585669e-001
 5.7584727e-001
 5.7583022e-001
 5.7581550e-001
 5.7581413e-001
 5.7583743e-001
 5.7589650e-001
 5.7600272e-001
 5.7616717e-001
 5.7640129e-001
 5.7671601e-001
 5.7712281e-001
 5.7762462e-001
 5.7819712e-001
 5.7881004e-001
 5.7943332e-001
 5.8003670e-001
 5.8059007e-001
 5.8106309e-001
 5.8142591e-001
 5.8164793e-001
 5.8171189e-001
 5.8164197e-001
 5.8147103e-001
 5.8123201e-001
 5.8095795e-001
 5.8068180e-001
 5.8043653e-001
 5.8025509e-001
 5.8016181e-001
 5.8015251e-001
 5.8021730e-001
 5.8034629e-001
 5.8052927e-001
 5.8075655e-001
 5.8101809e-001
 5.8130378e-001
 5.8160663e-001
 5.8192778e-001
 5.8227080e-001
 5.8263868e-001
 5.8303463e-001
 5.8346206e-001
 5.8392423e-001
 5.8442414e-001
 5.8495784e-001
 5.8549738e-001
 5.8601028e-001
 5.8646381e-001
 5.8682537e-001
 5.8706236e-001
 5.8714211e-001
 5.8704960e-001
 5.8682579e-001
 5.8652258e-001
 5.8619219e-001
 5.8588672e-001
 5.8565819e-001
 5.8554631e-001
 5.8555204e-001
 5.8566844e-001
 5.8588856e-001
 5.8620560e-001
 5.8661264e-001
 5.8709878e-001
 5.8764017e-001
 5.8821028e-001
 5.8878285e-001
 5.8933145e-001
 5.8982974e-001
 5.9025311e-001
 5.9058255e-001
 5.9080034e-001
 5.9088868e-001
 5.9082979e-001
 5.9060574e-001
 5.9022290e-001
 5.8976138e-001
 5.8931619e-001
 5.8898187e-001
 5.8885306e-001
 5.8902460e-001
 5.8954561e-001
 5.9032583e-001
 5.9124869e-001
 5.9219712e-001
 5.9305447e-001
 5.9370399e-001
 5.9406698e-001
 5.9418130e-001
 5.9410673e-001
 5.9390312e-001
 5.9363031e-001
 5.9334809e-001
 5.9310788e-001
 5.9293604e-001
 5.9285414e-001
 5.9288412e-001
 5.9304720e-001
 5.9336543e-001
 5.9384084e-001
 5.9441841e-001
 5.9503227e-001
 5.9561640e-001
 5.9610534e-001
 5.9643257e-001
 5.9656382e-001
 5.9655696e-001
 5.9648710e-001
 5.9642917e-001
 5.9645838e-001
 5.9664530e-001
 5.9699440e-001
 5.9745973e-001
 5.9799397e-001
 5.9854966e-001
 5.9908015e-001
 5.9954441e-001
 5.9990543e-001
 6.0012668e-001
 6.0017163e-001
 6.0000926e-001
 5.9969050e-001
 5.9932822e-001
 5.9903693e-001
 5.9893084e-001
 5.9911543e-001
 5.9956712e-001
 6.0016567e-001
 6.0078847e-001
 6.0131282e-001
 6.0162455e-001
 6.0173136e-001
 6.0173184e-001
 6.0172683e-001
 6.0181689e-001
 6.0209465e-001
 6.0253596e-001
 6.0303026e-001
 6.0346520e-001
 6.0372788e-001
 6.0371470e-001
 6.0344541e-001
 6.0303080e-001
 6.0258400e-001
 6.0221797e-001
 6.0203892e-001
 6.0206336e-001
 6.0224092e-001
 6.0252059e-001
 6.0285056e-001
 6.0318196e-001
 6.0349977e-001
 6.0381371e-001
 6.0413414e-001
 6.0447145e-001
 6.0483456e-001
 6.0521305e-001
 6.0558271e-001
 6.0591918e-001
 6.0619783e-001
 6.0639590e-001
 6.0651755e-001
 6.0658562e-001
 6.0662365e-001
 6.0665506e-001
 6.0670197e-001
 6.0677105e-001
 6.0685754e-001
 6.0695684e-001
 6.0706365e-001
 6.0717279e-001
 6.0727245e-001
 6.0734630e-001
 6.0737795e-001
 6.0735089e-001
 6.0725218e-001
 6.0711479e-001
 6.0700393e-001
 6.0698575e-001
 6.0712606e-001
 6.0748273e-001
 6.0800672e-001
 6.0857368e-001
 6.0905808e-001
 6.0933405e-001
 6.0928833e-001
 6.0896629e-001
 6.0852468e-001
 6.0812253e-001
 6.0791838e-001
 6.0805857e-001
 6.0852432e-001
 6.0918236e-001
 6.0989743e-001
 6.1053425e-001
 6.1096609e-001
 6.1118215e-001
 6.1125058e-001
 6.1124164e-001
 6.1122513e-001
 6.1126596e-001
 6.1136585e-001
 6.1148298e-001
 6.1157477e-001
 6.1159861e-001
 6.1151552e-001
 6.1133236e-001
 6.1108685e-001
 6.1081785e-001
 6.1056352e-001
 6.1036044e-001
 6.1021668e-001
 6.1012167e-001
 6.1006439e-001
 6.1003381e-001
 6.1002231e-001
 6.1006272e-001
 6.1021543e-001
 6.1054146e-001
 6.1110157e-001
 6.1194491e-001
 6.1297798e-001
 6.1401230e-001
 6.1485755e-001
 6.1532319e-001
 6.1523879e-001
 6.1467582e-001
 6.1386651e-001
 6.1304581e-001
 6.1244935e-001
 6.1229300e-001
 6.1256450e-001
 6.1310101e-001
 6.1373645e-001
 6.1430526e-001
 6.1465406e-001
 6.1477512e-001
 6.1475635e-001
 6.1468750e-001
 6.1465830e-001
 6.1475122e-001
 6.1496526e-001
 6.1524451e-001
 6.1553228e-001
 6.1577189e-001
 6.1591029e-001
 6.1593628e-001
 6.1586618e-001
 6.1571670e-001
 6.1550450e-001
 6.1524695e-001
 6.1496967e-001
 6.1470348e-001
 6.1447936e-001
 6.1432815e-001
 6.1427945e-001
 6.1434656e-001
 6.1453217e-001
 6.1483902e-001
 6.1526948e-001
 6.1582106e-001
 6.1642879e-001
 6.1698848e-001
 6.1739546e-001
 6.1754465e-001
 6.1734635e-001
 6.1687839e-001
 6.1632502e-001
 6.1587262e-001
 6.1570710e-001
 6.1599416e-001
 6.1666858e-001
 6.1752009e-001
 6.1833638e-001
 6.1890507e-001
 6.1903441e-001
 6.1876386e-001
 6.1827743e-001
 6.1776114e-001
 6.1740124e-001
 6.1736667e-001
 6.1763734e-001
 6.1807567e-001
 6.1854219e-001
 6.1889774e-001
 6.1901522e-001
 6.1890590e-001
 6.1866581e-001
 6.1839241e-001
 6.1818302e-001
 6.1812580e-001
 6.1820614e-001
 6.1834675e-001
 6.1846930e-001
 6.1849570e-001
 6.1835754e-001
 6.1809248e-001
 6.1780280e-001
 6.1759186e-001
 6.1756313e-001
 6.1780715e-001
 6.1828071e-001
 6.1885905e-001
 6.1941636e-001
 6.1982685e-001
 6.1997652e-001
 6.1987561e-001
 6.1960900e-001
 6.1926293e-001
 6.1892343e-001
 6.1867225e-001
 6.1854666e-001
 6.1855668e-001
 6.1871225e-001
 6.1902326e-001
 6.1949253e-001
 6.2004960e-001
 6.2058067e-001
 6.2097126e-001
 6.2110656e-001
 6.2088954e-001
 6.2040079e-001
 6.1982626e-001
 6.1935300e-001
 6.1916870e-001
 6.1943823e-001
 6.2009841e-001
 6.2095219e-001
 6.2180024e-001
 6.2244391e-001
 6.2270379e-001
 6.2260133e-001
 6.2227517e-001
 6.2186557e-001
 6.2151253e-001
 6.2134385e-001
 6.2136441e-001
 6.2150735e-001
 6.2170500e-001
 6.2188977e-001
 6.2199914e-001
 6.2202317e-001
 6.2198198e-001
 6.2189609e-001
 6.2178624e-001
 6.2167388e-001
 6.2159097e-001
 6.2157524e-001
 6.2166452e-001
 6.2189674e-001
 6.2230027e-001
 6.2281239e-001
 6.2331796e-001
 6.2370127e-001
 6.2384671e-001
 6.2365592e-001
 6.2319982e-001
 6.2264496e-001
 6.2215960e-001
 6.2191111e-001
 6.2204629e-001
 6.2250537e-001
 6.2311214e-001
 6.2368959e-001
 6.2406039e-001
 6.2406850e-001
 6.2376100e-001
 6.2329960e-001
 6.2284631e-001
 6.2256372e-001
 6.2259620e-001
 6.2291372e-001
 6.2338966e-001
 6.2389630e-001
 6.2430626e-001
 6.2450367e-001
 6.2448889e-001
 6.2432599e-001
 6.2407964e-001
 6.2381434e-001
 6.2359214e-001
 6.2344867e-001
 6.2340474e-001
 6.2348133e-001
 6.2369931e-001
 6.2407404e-001
 6.2456971e-001
 6.2512255e-001
 6.2566823e-001
 6.2614274e-001
 6.2648779e-001
 6.2669814e-001
 6.2679738e-001
 6.2680936e-001
 6.2675792e-001
 6.2666744e-001
 6.2656593e-001
 6.2648380e-001
 6.2645113e-001
 6.2649816e-001
 6.2664855e-001
 6.2686449e-001
 6.2707579e-001
 6.2721169e-001
 6.2720156e-001
 6.2698579e-001
 6.2660497e-001
 6.2615305e-001
 6.2572438e-001
 6.2541318e-001
 6.2530410e-001
 6.2539315e-001
 6.2562943e-001
 6.2596196e-001
 6.2633932e-001
 6.2671363e-001
 6.2706476e-001
 6.2738782e-001
 6.2767744e-001
 6.2792861e-001
 6.2813473e-001
 6.2827575e-001
 6.2832457e-001
 6.2825388e-001
 6.2803662e-001
 6.2765491e-001
 6.2717211e-001
 6.2669462e-001
 6.2632835e-001
 6.2617958e-001
 6.2633801e-001
 6.2674791e-001
 6.2727910e-001
 6.2780070e-001
 6.2818164e-001
 6.2830859e-001
 6.2821805e-001
 6.2802386e-001
 6.2784046e-001
 6.2778205e-001
 6.2794614e-001
 6.2828487e-001
 6.2867683e-001
 6.2899971e-001
 6.2913138e-001
 6.2896693e-001
 6.2854785e-001
 6.2798965e-001
 6.2740827e-001
 6.2691993e-001
 6.2662953e-001
 6.2654710e-001
 6.2663555e-001
 6.2685728e-001
 6.2717450e-001
 6.2754840e-001
 6.2793005e-001
 6.2826496e-001
 6.2849897e-001
 6.2857777e-001
 6.2845850e-001
 6.2819141e-001
 6.2787366e-001
 6.2760240e-001
 6.2747484e-001
 6.2757403e-001
 6.2786329e-001
 6.2824756e-001
 6.2863135e-001
 6.2891912e-001
 6.2902653e-001
 6.2896234e-001
 6.2878096e-001
 6.2853688e-001
 6.2828481e-001
 6.2807518e-001
 6.2792522e-001
 6.2783599e-001
 6.2780845e-001
 6.2784338e-001
 6.2793684e-001
 6.2804395e-001
 6.2810040e-001
 6.2804151e-001
 6.2780285e-001
 6.2733209e-001
 6.2667435e-001
 6.2592280e-001
 6.2516975e-001
 6.2450826e-001
 6.2401909e-001
 6.2368912e-001
 6.2346035e-001
 6.2327421e-001
 6.2307239e-001
 6.2280482e-001
 6.2248880e-001
 6.2217343e-001
 6.2190801e-001
 6.2174171e-001
 6.2171626e-001
 6.2181336e-001
 6.2198669e-001
 6.2218976e-001
 6.2237591e-001
 6.2250680e-001
 6.2260777e-001
 6.2273383e-001
 6.2294042e-001
 6.2328267e-001
 6.2380236e-001
 6.2443691e-001
 6.2507546e-001
 6.2560612e-001
 6.2591773e-001
 6.2591755e-001
 6.2565577e-001
 6.2524885e-001
 6.2481326e-001
 6.2446588e-001
 6.2430882e-001
 6.2433398e-001
 6.2448269e-001
 6.2469590e-001
 6.2491459e-001
 6.2508804e-001
 6.2522691e-001
 6.2537044e-001
 6.2555760e-001
 6.2582767e-001
 6.2621039e-001
 6.2666577e-001
 6.2712228e-001
 6.2750798e-001
 6.2775129e-001
 6.2779212e-001
 6.2766021e-001
 6.2742537e-001
 6.2715727e-001
 6.2692630e-001
 6.2679464e-001
 6.2677014e-001
 6.2683570e-001
 6.2697434e-001
 6.2716877e-001
 6.2740535e-001
 6.2769419e-001
 6.2805593e-001
 6.2851143e-001
 6.2908137e-001
 6.2977695e-001
 6.3053805e-001
 6.3127238e-001
 6.3188851e-001
 6.3229448e-001
 6.3241553e-001
 6.3230067e-001
 6.3205343e-001
 6.3177752e-001
 6.3157654e-001
 6.3154054e-001
 6.3166219e-001
 6.3189161e-001
 6.3217860e-001
 6.3247329e-001
 6.3273013e-001
 6.3293719e-001
 6.3309735e-001
 6.3321346e-001
 6.3328820e-001
 6.3332623e-001
 6.3334608e-001
 6.3337159e-001
 6.3342696e-001
 6.3353640e-001
 6.3371503e-001
 6.3391483e-001
 6.3406044e-001
 6.3407654e-001
 6.3388789e-001
 6.3343692e-001
 6.3278860e-001
 6.3206035e-001
 6.3136971e-001
 6.3083398e-001
 6.3055515e-001
 6.3052744e-001
 6.3069922e-001
 6.3101882e-001
 6.3143468e-001
 6.3189602e-001
 6.3235712e-001
 6.3277483e-001
 6.3310593e-001
 6.3330716e-001
 6.3334870e-001
 6.3329226e-001
 6.3323778e-001
 6.3328528e-001
 6.3353485e-001
 6.3406241e-001
 6.3478166e-001
 6.3553917e-001
 6.3618070e-001
 6.3655257e-001
 6.3653082e-001
 6.3619012e-001
 6.3568705e-001
 6.3517880e-001
 6.3482231e-001
 6.3475180e-001
 6.3495088e-001
 6.3534123e-001
 6.3584423e-001
 6.3638169e-001
 6.3688123e-001
 6.3731062e-001
 6.3765430e-001
 6.3789660e-001
 6.3802183e-001
 6.3801485e-001
 6.3788760e-001
 6.3769394e-001
 6.3749111e-001
 6.3733643e-001
 6.3728744e-001
 6.3740015e-001
 6.3767695e-001
 6.3803720e-001
 6.3839370e-001
 6.3865876e-001
 6.3874531e-001
 6.3856733e-001
 6.3812298e-001
 6.3753784e-001
 6.3694757e-001
 6.3648820e-001
 6.3629556e-001
 6.3650382e-001
 6.3713980e-001
 6.3807017e-001
 6.3914859e-001
 6.4022803e-001
 6.4116216e-001
 6.4180583e-001
 6.4209253e-001
 6.4207256e-001
 6.4180595e-001
 6.4135253e-001
 6.4077240e-001
 6.4012510e-001
 6.3946253e-001
 6.3882428e-001
 6.3824886e-001
 6.3777483e-001
 6.3744104e-001
 6.3728595e-001
 6.3733977e-001
 6.3757920e-001
 6.3796037e-001
 6.3843960e-001
 6.3897306e-001
 6.3951671e-001
 6.4002734e-001
 6.4046597e-001
 6.4082915e-001
 6.4112586e-001
 6.4136547e-001
 6.4155692e-001
 6.4170957e-001
 6.4183247e-001
 6.4193320e-001
 6.4200741e-001
 6.4204693e-001
 6.4204335e-001
 6.4198834e-001
 6.4187342e-001
 6.4169043e-001
 6.4143503e-001
 6.4112771e-001
 6.4079815e-001
 6.4047658e-001
 6.4019245e-001
 6.3997573e-001
 6.3985610e-001
 6.3985735e-001
 6.3996542e-001
 6.4015257e-001
 6.4039129e-001
 6.4065355e-001
 6.4091146e-001
 6.4113766e-001
 6.4130741e-001
 6.4141637e-001
 6.4146715e-001
 6.4146262e-001
 6.4140546e-001
 6.4129847e-001
 6.4114439e-001
 6.4094925e-001
 6.4073718e-001
 6.4053905e-001
 6.4038587e-001
 6.4030850e-001
 6.4033794e-001
 6.4050508e-001
 6.4083093e-001
 6.4127845e-001
 6.4178991e-001
 6.4230746e-001
 6.4277345e-001
 6.4312989e-001
 6.4331889e-001
 6.4329773e-001
 6.4310807e-001
 6.4282256e-001
 6.4251369e-001
 6.4225382e-001
 6.4211529e-001
 6.4217067e-001
 6.4247483e-001
 6.4298260e-001
 6.4361352e-001
 6.4428717e-001
 6.4492285e-001
 6.4544016e-001
 6.4575851e-001
 6.4581406e-001
 6.4563608e-001
 6.4528710e-001
 6.4482933e-001
 6.4432496e-001
 6.4383644e-001
 6.4342606e-001
 6.4314634e-001
 6.4299607e-001
 6.4295518e-001
 6.4300370e-001
 6.4312178e-001
 6.4328921e-001
 6.4348614e-001
 6.4369410e-001
 6.4390463e-001
 6.4411271e-001
 6.4431286e-001
 6.4450002e-001
 6.4466900e-001
 6.4481443e-001
 6.4493167e-001
 6.4501822e-001
 6.4507234e-001
 6.4509225e-001
 6.4507627e-001
 6.4502275e-001
 6.4492995e-001
 6.4479607e-001
 6.4462054e-001
 6.4440262e-001
 6.4414179e-001
 6.4383727e-001
 6.4348859e-001
 6.4309508e-001
 6.4265633e-001
 6.4218670e-001
 6.4171851e-001
 6.4128530e-001
 6.4092088e-001
 6.4065892e-001
 6.4053309e-001
 6.4057714e-001
 6.4082384e-001
 6.4127511e-001
 6.4189357e-001
 6.4263934e-001
 6.4347237e-001
 6.4435297e-001
 6.4524066e-001
 6.4609575e-001
 6.4687866e-001
 6.4756429e-001
 6.4814615e-001
 6.4861882e-001
 6.4897710e-001
 6.4921558e-001
 6.4932871e-001
 6.4931130e-001
 6.4915860e-001
 6.4888424e-001
 6.4852566e-001
 6.4812160e-001
 6.4771068e-001
 6.4733166e-001
 6.4702320e-001
 6.4682424e-001
 6.4677244e-001
 6.4686757e-001
 6.4706284e-001
 6.4730841e-001
 6.4755452e-001
 6.4775145e-001
 6.4784926e-001
 6.4779806e-001
 6.4754975e-001
 6.4710546e-001
 6.4652795e-001
 6.4588326e-001
 6.4523804e-001
 6.4465845e-001
 6.4421076e-001
 6.4396131e-001
 6.4397466e-001
 6.4425302e-001
 6.4472318e-001
 6.4530724e-001
 6.4592713e-001
 6.4650488e-001
 6.4696282e-001
 6.4722294e-001
 6.4720941e-001
 6.4691705e-001
 6.4642566e-001
 6.4582038e-001
 6.4518577e-001
 6.4460725e-001
 6.4416951e-001
 6.4395756e-001
 6.4405417e-001
 6.4447385e-001
 6.4514905e-001
 6.4600778e-001
 6.4697796e-001
 6.4798707e-001
 6.4896315e-001
 6.4983404e-001
 6.5052873e-001
 6.5101570e-001
 6.5130937e-001
 6.5142739e-001
 6.5138721e-001
 6.5120602e-001
 6.5090138e-001
 6.5049076e-001
 6.4999175e-001
 6.4943129e-001
 6.4884728e-001
 6.4827812e-001
 6.4776218e-001
 6.4733785e-001
 6.4704353e-001
 6.4691764e-001
 6.4699739e-001
 6.4728117e-001
 6.4772272e-001
 6.4827293e-001
 6.4888304e-001
 6.4950413e-001
 6.5008736e-001
 6.5058374e-001
 6.5094537e-001
 6.5115482e-001
 6.5123016e-001
 6.5119076e-001
 6.5105647e-001
 6.5084684e-001
 6.5058160e-001
 6.5028030e-001
 6.4996272e-001
 6.4964300e-001
 6.4932954e-001
 6.4903033e-001
 6.4875340e-001
 6.4850694e-001
 6.4829898e-001
 6.4813733e-001
 6.4803004e-001
 6.4797699e-001
 6.4796925e-001
 6.4799756e-001
 6.4805239e-001
 6.4812446e-001
 6.4820445e-001
 6.4828289e-001
 6.4835078e-001
 6.4840442e-001
 6.4844620e-001
 6.4847928e-001
 6.4850616e-001
 6.4852995e-001
 6.4855337e-001
 6.4857936e-001
 6.4861077e-001
 6.4865011e-001
 6.4869404e-001
 6.4873224e-001
 6.4875394e-001
 6.4874870e-001
 6.4870578e-001
 6.4861441e-001
 6.4846426e-001
 6.4824450e-001
 6.4794451e-001
 6.4755428e-001
 6.4708197e-001
 6.4655489e-001
 6.4600158e-001
 6.4545089e-001
 6.4493114e-001
 6.4447093e-001
 6.4409876e-001
 6.4384329e-001
 6.4373291e-001
 6.4379525e-001
 6.4402968e-001
 6.4440501e-001
 6.4488870e-001
 6.4544851e-001
 6.4605170e-001
 6.4666593e-001
 6.4725852e-001
 6.4779705e-001
 6.4824891e-001
 6.4858282e-001
 6.4879286e-001
 6.4890110e-001
 6.4893091e-001
 6.4890558e-001
 6.4884824e-001
 6.4878243e-001
 6.4873129e-001
 6.4871824e-001
 6.4876640e-001
 6.4889818e-001
 6.4911062e-001
 6.4937407e-001
 6.4965755e-001
 6.4993036e-001
 6.5016145e-001
 6.5031999e-001
 6.5037507e-001
 6.5029591e-001
 6.5005141e-001
 6.4961243e-001
 6.4898562e-001
 6.4821631e-001
 6.4735085e-001
 6.4643615e-001
 6.4551854e-001
 6.4464480e-001
 6.4386189e-001
 6.4321625e-001
 6.4275444e-001
 6.4252144e-001
 6.4251786e-001
 6.4269894e-001
 6.4301783e-001
 6.4342773e-001
 6.4388174e-001
 6.4433306e-001
 6.4473468e-001
 6.4504004e-001
 6.4520210e-001
 6.4517528e-001
 6.4494449e-001
 6.4452505e-001
 6.4393383e-001
 6.4318800e-001
 6.4230430e-001
 6.4129961e-001
 6.4019060e-001
 6.3899463e-001
 6.3772827e-001
 6.3640857e-001
 6.3505131e-001
 6.3367242e-001
 6.3228714e-001
 6.3091075e-001
 6.2955886e-001
 6.2824649e-001
 6.2698960e-001
 6.2580335e-001
 6.2470305e-001
 6.2370336e-001
 6.2280422e-001
 6.2198943e-001
 6.2124288e-001
 6.2054795e-001
 6.1988860e-001
 6.1924827e-001
 6.1861068e-001
 6.1795950e-001
 6.1727798e-001
 6.1655092e-001
 6.1577660e-001
 6.1496723e-001
 6.1413544e-001
 6.1329484e-001
 6.1245781e-001
 6.1163735e-001
 6.1084622e-001
 6.1009759e-001
 6.0940427e-001
 6.0877877e-001
 6.0822594e-001
 6.0774314e-001
 6.0732764e-001
 6.0697663e-001
 6.0668713e-001
 6.0645610e-001
 6.0628116e-001
 6.0615909e-001
 6.0608703e-001
 6.0606217e-001
 6.0608083e-001
 6.0613823e-001
 6.0622984e-001
 6.0635102e-001
 6.0649717e-001
 6.0666358e-001
 6.0684574e-001
 6.0703892e-001
 6.0723865e-001
 6.0744017e-001
 6.0764116e-001
 6.0784119e-001
 6.0803980e-001
 6.0823667e-001
 6.0843116e-001
 6.0862315e-001
 6.0881221e-001
 6.0899776e-001
 6.0917956e-001
 6.0935712e-001
 6.0953236e-001
 6.0970849e-001
 6.0988909e-001
 6.1007768e-001
 6.1027777e-001
 6.1049289e-001
 6.1072642e-001
 6.1098206e-001
 6.1126316e-001
 6.1157322e-001
 6.1191130e-001
 6.1227292e-001
 6.1265361e-001
 6.1304867e-001
 6.1345357e-001
 6.1386347e-001
 6.1427391e-001
 6.1468023e-001
 6.1507791e-001
 6.1546242e-001
 6.1583316e-001
 6.1619371e-001
 6.1654723e-001
 6.1689693e-001
 6.1724627e-001
 6.1759853e-001
 6.1795712e-001
 6.1832529e-001
 6.1870629e-001
 6.1910367e-001
 6.1951965e-001
 6.1995572e-001
 6.2041348e-001
 6.2089455e-001
 6.2140024e-001
 6.2193239e-001
 6.2249225e-001
 6.2308151e-001
 6.2370163e-001
 6.2435400e-001
 6.2503219e-001
 6.2572360e-001
 6.2641567e-001
 6.2709552e-001
 6.2775058e-001
 6.2836760e-001
 6.2893414e-001
 6.2943727e-001
 6.2986439e-001
 6.3020319e-001
 6.3045526e-001
 6.3063377e-001
 6.3075268e-001
 6.3082558e-001
 6.3086623e-001
 6.3088828e-001
 6.3090557e-001
 6.3093179e-001
 6.3098055e-001
 6.3106519e-001
 6.3118893e-001
 6.3134640e-001
 6.3153195e-001
 6.3174015e-001
 6.3196510e-001
 6.3220137e-001
 6.3244331e-001
 6.3268530e-001
 6.3292164e-001
 6.3314712e-001
 6.3336360e-001
 6.3357878e-001
 6.3380063e-001
 6.3403702e-001
 6.3429600e-001
 6.3458538e-001
 6.3491327e-001
 6.3528758e-001
 6.3571626e-001
 6.3620657e-001
 6.3675410e-001
 6.3734466e-001
 6.3796377e-001
 6.3859683e-001
 6.3922912e-001
 6.3984621e-001
 6.4043367e-001
 6.4097691e-001
 6.4146107e-001
 6.4187282e-001
 6.4221174e-001
 6.4248931e-001
 6.4271712e-001
 6.4290690e-001
 6.4307022e-001
 6.4321887e-001
 6.4336437e-001
 6.4351857e-001
 6.4369297e-001
 6.4389867e-001
 6.4413518e-001
 6.4439261e-001
 6.4466083e-001
 6.4492953e-001
 6.4518857e-001
 6.4542782e-001
 6.4563692e-001
 6.4580584e-001
 6.4592427e-001
 6.4598286e-001
 6.4598489e-001
 6.4594412e-001
 6.4587438e-001
 6.4578980e-001
 6.4570439e-001
 6.4563215e-001
 6.4558697e-001
 6.4558309e-001
 6.4563423e-001
 6.4575350e-001
 6.4593834e-001
 6.4617324e-001
 6.4644229e-001
 6.4672971e-001
 6.4701974e-001
 6.4729667e-001
 6.4754444e-001
 6.4774752e-001
 6.4788979e-001
 6.4795691e-001
 6.4795202e-001
 6.4789313e-001
 6.4779830e-001
 6.4768577e-001
 6.4757383e-001
 6.4748067e-001
 6.4742440e-001
 6.4742339e-001
 6.4749575e-001
 6.4765882e-001
 6.4791512e-001
 6.4825594e-001
 6.4867175e-001
 6.4915371e-001
 6.4969212e-001
 6.5027803e-001
 6.5090215e-001
 6.5155542e-001
 6.5222824e-001
 6.5291137e-001
 6.5359229e-001
 6.5425622e-001
 6.5488786e-001
 6.5547234e-001
 6.5599453e-001
 6.5643960e-001
 6.5679258e-001
 6.5703815e-001
 6.5716165e-001
 6.5714955e-001
 6.5701306e-001
 6.5678257e-001
 6.5648860e-001
 6.5616196e-001
 6.5583330e-001
 6.5553337e-001
 6.5529287e-001
 6.5514255e-001
 6.5511292e-001
 6.5523273e-001
 6.5549952e-001
 6.5588719e-001
 6.5636897e-001
 6.5691829e-001
 6.5750819e-001
 6.5811211e-001
 6.5870333e-001
 6.5925521e-001
 6.5974098e-001
 6.6013509e-001
 6.6042852e-001
 6.6062456e-001
 6.6072679e-001
 6.6073900e-001
 6.6066462e-001
 6.6050750e-001
 6.6027117e-001
 6.5995932e-001
 6.5957552e-001
 6.5912408e-001
 6.5861756e-001
 6.5807498e-001
 6.5751541e-001
 6.5695781e-001
 6.5642112e-001
 6.5592468e-001
 6.5548748e-001
 6.5512842e-001
 6.5486658e-001
 6.5471947e-001
 6.5468031e-001
 6.5472519e-001
 6.5482944e-001
 6.5496862e-001
 6.5511805e-001
 6.5525341e-001
 6.5534997e-001
 6.5538329e-001
 6.5532881e-001
 6.5516424e-001
 6.5489554e-001
 6.5454972e-001
 6.5415430e-001
 6.5373653e-001
 6.5332389e-001
 6.5294373e-001
 6.5262336e-001
 6.5239030e-001
 6.5227193e-001
 6.5229291e-001
 6.5244234e-001
 6.5268344e-001
 6.5297914e-001
 6.5329212e-001
 6.5358514e-001
 6.5382105e-001
 6.5396267e-001
 6.5397274e-001
 6.5381420e-001
 6.5345329e-001
 6.5290612e-001
 6.5222329e-001
 6.5145636e-001
 6.5065658e-001
 6.4987570e-001
 6.4916515e-001
 6.4857626e-001
 6.4816052e-001
 6.4796948e-001
 6.4804977e-001
 6.4838338e-001
 6.4890766e-001
 6.4955902e-001
 6.5027362e-001
 6.5098774e-001
 6.5163791e-001
 6.5216035e-001
 6.5249139e-001
 6.5256727e-001
 6.5233022e-001
 6.5179485e-001
 6.5102696e-001
 6.5009290e-001
 6.4905882e-001
 6.4799130e-001
 6.4695638e-001
 6.4602095e-001
 6.4525115e-001
 6.4471334e-001
 6.4446861e-001
 6.4451152e-001
 6.4479125e-001
 6.4525592e-001
 6.4585400e-001
 6.4653331e-001
 6.4724237e-001
 6.4792925e-001
 6.4854252e-001
 6.4902991e-001
 6.4934385e-001
 6.4948356e-001
 6.4948046e-001
 6.4936632e-001
 6.4917320e-001
 6.4893287e-001
 6.4867741e-001
 6.4843845e-001
 6.4824820e-001
 6.4813834e-001
 6.4813852e-001
 6.4824897e-001
 6.4845079e-001
 6.4872450e-001
 6.4905065e-001
 6.4940995e-001
 6.4978302e-001
 6.5015024e-001
 6.5049249e-001
 6.5079010e-001
 6.5102559e-001
 6.5119952e-001
 6.5132535e-001
 6.5141648e-001
 6.5148652e-001
 6.5154880e-001
 6.5161693e-001
 6.5170419e-001
 6.5182424e-001
 6.5199059e-001
 6.5221518e-001
 6.5249330e-001
 6.5280962e-001
 6.5314829e-001
 6.5349364e-001
 6.5383005e-001
 6.5414178e-001
 6.5441310e-001
 6.5462840e-001
 6.5477180e-001
 6.5482938e-001
 6.5480453e-001
 6.5471268e-001
 6.5456885e-001
 6.5438849e-001
 6.5418690e-001
 6.5397930e-001
 6.5378094e-001
 6.5360737e-001
 6.5347356e-001
 6.5339375e-001
 6.5336740e-001
 6.5338504e-001
 6.5343660e-001
 6.5351260e-001
 6.5360314e-001
 6.5369844e-001
 6.5378881e-001
 6.5386432e-001
 6.5391535e-001
 6.5393323e-001
 6.5392143e-001
 6.5389127e-001
 6.5385395e-001
 6.5382087e-001
 6.5380341e-001
 6.5381289e-001
 6.5386063e-001
 6.5395784e-001
 6.5411603e-001
 6.5434468e-001
 6.5463251e-001
 6.5495580e-001
 6.5529025e-001
 6.5561175e-001
 6.5589643e-001
 6.5612006e-001
 6.5625852e-001
 6.5628779e-001
 6.5618384e-001
 6.5592527e-001
 6.5552229e-001
 6.5500414e-001
 6.5440023e-001
 6.5373987e-001
 6.5305299e-001
 6.5236878e-001
 6.5171671e-001
 6.5112627e-001
 6.5062696e-001
 6.5024608e-001
 6.4998651e-001
 6.4983708e-001
 6.4978594e-001
 6.4982146e-001
 6.4993203e-001
 6.5010607e-001
 6.5033185e-001
 6.5059775e-001
 6.5089202e-001
 6.5120357e-001
 6.5152478e-001
 6.5185076e-001
 6.5217620e-001
 6.5249604e-001
 6.5280527e-001
 6.5309882e-001
 6.5337139e-001
 6.5361810e-001
 6.5383381e-001
 6.5401375e-001
 6.5415704e-001
 6.5426517e-001
 6.5433931e-001
 6.5438122e-001
 6.5439206e-001
 6.5437341e-001
 6.5432638e-001
 6.5425277e-001
 6.5415376e-001
 6.5403044e-001
 6.5387923e-001
 6.5369421e-001
 6.5346903e-001
 6.5319800e-001
 6.5287471e-001
 6.5249330e-001
 6.5204740e-001
 6.5153122e-001
 6.5093857e-001
 6.5026563e-001
 6.4953107e-001
 6.4876682e-001
 6.4800507e-001
 6.4727753e-001
 6.4661628e-001
 6.4605308e-001
 6.4562029e-001
 6.4534956e-001
 6.4527297e-001
 6.4541841e-001
 6.4577270e-001
 6.4629972e-001
 6.4696300e-001
 6.4772594e-001
 6.4855254e-001
 6.4940572e-001
 6.5024918e-001
 6.5104657e-001
 6.5176177e-001
 6.5236008e-001
 6.5283275e-001
 6.5318429e-001
 6.5341944e-001
 6.5354282e-001
 6.5355927e-001
 6.5347338e-001
 6.5329003e-001
 6.5301377e-001
 6.5264952e-001
 6.5220255e-001
 6.5168470e-001
 6.5111107e-001
 6.5049732e-001
 6.4985859e-001
 6.4921039e-001
 6.4856780e-001
 6.4794654e-001
 6.4736170e-001
 6.4682865e-001
 6.4636272e-001
 6.4597785e-001
 6.4567345e-001
 6.4544129e-001
 6.4527309e-001
 6.4516050e-001
 6.4509499e-001
 6.4506847e-001
 6.4507240e-001
 6.4509857e-001
 6.4513856e-001
 6.4518398e-001
 6.4522666e-001
 6.4525807e-001
 6.4526999e-001
 6.4525467e-001
 6.4521027e-001
 6.4513814e-001
 6.4503956e-001
 6.4491612e-001
 6.4476901e-001
 6.4459968e-001
 6.4440936e-001
 6.4419967e-001
 6.4397174e-001
 6.4372712e-001
 6.4346695e-001
 6.4319277e-001
 6.4290595e-001
 6.4260781e-001
 6.4229977e-001
 6.4198297e-001
 6.4165908e-001
 6.4132929e-001
 6.4099431e-001
 6.4065439e-001
 6.4031023e-001
 6.3996202e-001
 6.3961023e-001
 6.3925511e-001
 6.3889730e-001
 6.3853705e-001
 6.3817483e-001
 6.3781095e-001
 6.3744575e-001
 6.3707989e-001
 6.3671356e-001
 6.3634723e-001
 6.3598126e-001
 6.3561600e-001
 6.3525206e-001
 6.3488960e-001
 6.3452905e-001
 6.3417095e-001
 6.3381571e-001
 6.3346350e-001
 6.3311458e-001
 6.3276941e-001
 6.3242811e-001
 6.3209057e-001
 6.3175738e-001
 6.3142824e-001
 6.3110381e-001
 6.3078409e-001
 6.3046920e-001
 6.3015938e-001
 6.2985474e-001
 6.2955570e-001
 6.2926221e-001
 6.2897450e-001
 6.2869287e-001
 6.2841737e-001
 6.2814826e-001
 6.2788570e-001
 6.2762982e-001
 6.2738091e-001
 6.2713915e-001
 6.2690467e-001
 6.2667757e-001
 6.2645823e-001
 6.2624681e-001
 6.2604326e-001
 6.2584746e-001
 6.2565923e-001
 6.2547821e-001
 6.2530392e-001
 6.2513608e-001
 6.2497425e-001
 6.2481827e-001
 6.2466776e-001
 6.2452227e-001
 6.2438142e-001
 6.2424511e-001
 6.2411284e-001
 6.2398416e-001
 6.2385893e-001
 6.2373668e-001
 6.2361717e-001
 6.2349993e-001
 6.2338471e-001
 6.2327117e-001
 6.2315893e-001
 6.2304765e-001
 6.2293696e-001
 6.2282658e-001
 6.2271613e-001
 6.2260532e-001
 6.2249368e-001
 6.2238097e-001
 6.2226695e-001
 6.2215108e-001
 6.2203306e-001
 6.2191278e-001
 6.2178987e-001
 6.2166440e-001
 6.2153590e-001
 6.2140447e-001
 6.2126976e-001
 6.2113154e-001
 6.2098980e-001
 6.2084413e-001
 6.2069446e-001
 6.2054074e-001
 6.2038261e-001
 6.2021995e-001
 6.2005246e-001
 6.1988014e-001
 6.1970276e-001
 6.1952013e-001
 6.1933196e-001
 6.1913806e-001
 6.1893851e-001
 6.1873287e-001
 6.1852103e-001
 6.1830276e-001
 6.1807799e-001
 6.1784643e-001
 6.1760795e-001
 6.1736238e-001
 6.1710948e-001
 6.1684912e-001
 6.1658108e-001
 6.1630517e-001
 6.1602128e-001
 6.1572981e-001
 6.1543155e-001
 6.1512715e-001
 6.1481708e-001
 6.1450231e-001
 6.1418337e-001
 6.1386091e-001
 6.1353564e-001
 6.1320829e-001
 6.1287951e-001
 6.1255002e-001
 6.1222029e-001
 6.1189121e-001
 6.1156338e-001
 6.1123753e-001
 6.1091429e-001
 6.1059433e-001
 6.1027831e-001
 6.0996699e-001
 6.0966098e-001
 6.0936099e-001
 6.0906762e-001
 6.0878164e-001
 6.0850376e-001
 6.0823447e-001
 6.0797465e-001
 6.0772485e-001
 6.0748577e-001
 6.0725814e-001
 6.0704267e-001
 6.0683990e-001
 6.0665053e-001
 6.0647422e-001
 6.0631061e-001
 6.0615909e-001
 6.0601920e-001
 6.0589039e-001
 6.0577202e-001
 6.0566384e-001
 6.0556513e-001
 6.0547537e-001
 6.0539418e-001
 6.0532093e-001
 6.0525507e-001
 6.0519606e-001
 6.0514355e-001
 6.0509682e-001
 6.0505551e-001
 6.0501897e-001
 6.0498679e-001
 6.0495836e-001
 6.0493326e-001
 6.0491091e-001
 6.0489076e-001
 6.0487235e-001
 6.0485506e-001
 6.0483843e-001
 6.0482198e-001
 6.0480517e-001
 6.0478753e-001
 6.0476840e-001
 6.0474730e-001
 6.0472387e-001
 6.0469741e-001
 6.0466784e-001
 6.0463494e-001
 6.0459858e-001
 6.0455877e-001
 6.0451531e-001
 6.0446805e-001
 6.0441697e-001
 6.0436183e-001
 6.0430259e-001
 6.0423905e-001
 6.0417116e-001
 6.0409880e-001
 6.0402185e-001
 6.0394013e-001
 6.0385364e-001
 6.0376209e-001
 6.0366553e-001
 6.0356373e-001
 6.0345656e-001
 6.0334396e-001
 6.0322583e-001
 6.0310197e-001
 6.0297233e-001
 6.0283679e-001
 6.0269511e-001
 6.0254729e-001
 6.0239327e-001
 6.0223275e-001
 6.0206568e-001
 6.0189205e-001
 6.0171157e-001
 6.0152400e-001
 6.0132712e-001
 6.0111827e-001
 6.0089457e-001
 6.0065335e-001
 6.0039175e-001
 6.0010707e-001
 5.9979630e-001
 5.9945697e-001
 5.9908611e-001
 5.9868109e-001
 5.9823889e-001
 5.9775692e-001
 5.9723240e-001
 5.9666252e-001
 5.9604430e-001
 5.9537536e-001
 5.9465265e-001
 5.9387344e-001
 5.9303498e-001
 5.9213424e-001
 5.9116888e-001
 5.9013593e-001
 5.8903259e-001
 5.8785582e-001
 5.8660334e-001
 5.8527213e-001
 5.8385932e-001
 5.8236206e-001
 5.8077794e-001
 5.7910401e-001
 5.7733750e-001
 5.7547575e-001
 5.7351685e-001
 5.7146090e-001
 5.6930649e-001
 5.6705254e-001
 5.6469768e-001
 5.6224197e-001
 5.5968398e-001
 5.5702269e-001
 5.5425662e-001
 5.5138600e-001
 5.4840934e-001
 5.4532564e-001
 5.4213333e-001
 5.3883272e-001
 5.3542227e-001
 5.3190100e-001
 5.2826798e-001
 5.2452135e-001
 5.2066195e-001
 5.1668793e-001
 5.1259845e-001
 5.0839144e-001
 5.0406790e-001
 4.9962613e-001
 4.9506497e-001
 4.9038234e-001
 4.8557970e-001
 4.8065487e-001
 4.7560692e-001
 4.7043490e-001
 4.6513668e-001
 4.5971498e-001
 4.5417681e-001
 4.4853315e-001
 4.4279361e-001
 4.3697202e-001
 4.3107796e-001
 4.2512247e-001
 4.1911510e-001
 4.1306981e-001
 4.0699613e-001
 4.0090507e-001
 3.9480770e-001
 3.8871348e-001
 3.8263643e-001
 3.7658608e-001
 3.7057349e-001
 3.6460817e-001
 3.5870406e-001
 3.5287067e-001
 3.4711909e-001
 3.4145898e-001
 3.3590403e-001
 3.3046392e-001
 3.2514966e-001
 3.1997228e-001
 3.1494159e-001
 3.1007099e-001
 3.0537030e-001
 3.0085054e-001
 2.9652175e-001
 2.9239696e-001
 2.8848612e-001
 2.8479818e-001
 2.8132910e-001
 2.7807307e-001
 2.7502176e-001
 2.7216768e-001
 2.6950273e-001
 2.6702067e-001
 2.6471338e-001
 2.6257336e-001
 2.6059318e-001
 2.5876486e-001
 2.5708181e-001
 2.5553608e-001
 2.5412020e-001
 2.5282636e-001
 2.5164777e-001
 2.5057653e-001
 2.4960522e-001
 2.4872611e-001
 2.4793215e-001
 2.4721563e-001
 2.4656907e-001
 2.4598496e-001
 2.4545574e-001
 2.4497414e-001
 2.4453253e-001
 2.4412346e-001
 2.4373934e-001
 2.4337286e-001
 2.4301644e-001
 2.4266261e-001
 2.4230376e-001
 2.4193361e-001
 2.4155109e-001
 2.4115703e-001
 2.4075228e-001
 2.4033765e-001
 2.3991413e-001
 2.3948255e-001
 2.3904377e-001
 2.3859851e-001
 2.3814784e-001
 2.3769256e-001
 2.3723349e-001
 2.3677140e-001
 2.3630737e-001
 2.3584215e-001
 2.3537663e-001
 2.3491150e-001
 2.3444791e-001
 2.3398654e-001
 2.3352835e-001
 2.3307408e-001
 2.3262459e-001
 2.3218089e-001
 2.3174378e-001
 2.3131412e-001
 2.3089264e-001
 2.3048040e-001
 2.3007819e-001
 2.2968687e-001
 2.2930720e-001
 2.2894022e-001
 2.2858670e-001
 2.2824728e-001
 2.2792125e-001
 2.2760743e-001
 2.2730485e-001
 2.2701234e-001
 2.2672877e-001
 2.2645299e-001
 2.2618401e-001
 2.2592065e-001
 2.2566184e-001
 2.2540633e-001
 2.2515321e-001
 2.2490126e-001
 2.2464937e-001
 2.2439647e-001
 2.2414136e-001
 2.2388305e-001
 2.2362037e-001
 2.2335222e-001
 2.2307745e-001
 2.2279502e-001
 2.2250381e-001
 2.2220270e-001
 2.2189045e-001
 2.2156617e-001
 2.2122863e-001
 2.2087677e-001
 2.2050934e-001
 2.2012544e-001
 2.1972384e-001
 2.1930346e-001
 2.1886319e-001
 2.1840204e-001
 2.1792074e-001
 2.1742003e-001
 2.1690078e-001
 2.1636376e-001
 2.1581008e-001
 2.1524048e-001
 2.1465585e-001
 2.1405695e-001
 2.1344489e-001
 2.1282043e-001
 2.1218444e-001
 2.1153779e-001
 2.1088120e-001
 2.1021587e-001
 2.0954251e-001
 2.0886198e-001
 2.0817500e-001
 2.0748278e-001
 2.0678605e-001
 2.0608565e-001
 2.0538229e-001
 2.0467721e-001
 2.0397107e-001
 2.0326480e-001
 2.0255925e-001
 2.0185511e-001
 2.0115362e-001
 2.0045546e-001
 1.9976151e-001
 1.9907251e-001
 1.9838963e-001
 1.9771346e-001
 1.9704416e-001
 1.9638151e-001
 1.9572574e-001
 1.9507670e-001
 1.9443433e-001
 1.9379857e-001
 1.9316924e-001
 1.9254659e-001
 1.9193041e-001
 1.9132064e-001
 1.9071713e-001
 1.9012010e-001
 1.8952936e-001
 1.8894488e-001
 1.8836643e-001
 1.8779428e-001
 1.8722823e-001
 1.8666825e-001
 1.8611413e-001
 1.8556614e-001
 1.8502404e-001
 1.8448780e-001
 1.8395741e-001
 1.8343267e-001
 1.8291378e-001
 1.8240058e-001
 1.8189302e-001
 1.8139093e-001
 1.8089448e-001
 1.8040356e-001
 1.7991808e-001
 1.7943797e-001
 1.7896372e-001
 1.7849568e-001
 1.7803419e-001
 1.7757964e-001
 1.7713235e-001
 1.7669293e-001
 1.7626165e-001
 1.7583890e-001
 1.7542496e-001
 1.7502047e-001
 1.7462569e-001
 1.7424102e-001
 1.7386678e-001
 1.7350350e-001
 1.7315152e-001
 1.7281124e-001
 1.7248304e-001
 1.7216721e-001
 1.7186433e-001
 1.7157473e-001
 1.7129877e-001
 1.7103679e-001
 1.7078935e-001
 1.7055672e-001
 1.7033933e-001
 1.7013749e-001
 1.6995174e-001
 1.6978239e-001
 1.6962986e-001
 1.6949448e-001
 1.6937673e-001
 1.6927673e-001
 1.6919361e-001
 1.6912624e-001
 1.6907343e-001
 1.6903408e-001
 1.6900700e-001
 1.6899106e-001
 1.6898510e-001
 1.6898799e-001
 1.6899858e-001
 1.6901569e-001
 1.6903822e-001
 1.6906497e-001
 1.6909482e-001
 1.6912660e-001
 1.6915922e-001
 1.6919145e-001
 1.6922219e-001
 1.6925026e-001
 1.6927454e-001
 1.6929388e-001
 1.6930711e-001
 1.6931310e-001
 1.6931069e-001
 1.6929874e-001
 1.6927607e-001
 1.6924156e-001
 1.6919410e-001
 1.6913244e-001
 1.6905551e-001
 1.6896215e-001
 1.6885120e-001
 1.6872177e-001
 1.6857414e-001
 1.6840896e-001
 1.6822673e-001
 1.6802813e-001
 1.6781364e-001
 1.6758394e-001
 1.6733959e-001
 1.6708118e-001
 1.6680922e-001
 1.6652440e-001
 1.6622727e-001
 1.6591841e-001
 1.6559842e-001
 1.6526778e-001
 1.6492726e-001
 1.6457736e-001
 1.6421866e-001
 1.6385166e-001
 1.6347714e-001
 1.6309558e-001
 1.6270757e-001
 1.6231360e-001
 1.6191444e-001
 1.6151059e-001
 1.6110262e-001
 1.6069116e-001
 1.6027665e-001
 1.5985990e-001
 1.5944140e-001
 1.5902172e-001
 1.5860134e-001
