splib07b Record=17307: Strontianite HS272.2B        ASDFRb AREF
 8.7682587e-001
 8.7686151e-001
 8.7696761e-001
 8.7717021e-001
 8.7777787e-001
 8.7809563e-001
 8.7824982e-001
 8.7933505e-001
 8.7966353e-001
 8.7939793e-001
 8.7942106e-001
 8.7999916e-001
 8.8061494e-001
 8.8092518e-001
 8.8139534e-001
 8.8179195e-001
 8.8213134e-001
 8.8257641e-001
 8.8303125e-001
 8.8330895e-001
 8.8343769e-001
 8.8383728e-001
 8.8440102e-001
 8.8491929e-001
 8.8552463e-001
 8.8583088e-001
 8.8613629e-001
 8.8680655e-001
 8.8715357e-001
 8.8741863e-001
 8.8789129e-001
 8.8820529e-001
 8.8888597e-001
 8.8965720e-001
 8.8989097e-001
 8.9026660e-001
 8.9084035e-001
 8.9134556e-001
 8.9189738e-001
 8.9230704e-001
 8.9261848e-001
 8.9299792e-001
 8.9352256e-001
 8.9405966e-001
 8.9449674e-001
 8.9498764e-001
 8.9554000e-001
 8.9606100e-001
 8.9634562e-001
 8.9667577e-001
 8.9715844e-001
 8.9766049e-001
 8.9813262e-001
 8.9852512e-001
 8.9887244e-001
 8.9922982e-001
 8.9975238e-001
 9.0035045e-001
 9.0081245e-001
 9.0123576e-001
 9.0169543e-001
 9.0217745e-001
 9.0257347e-001
 9.0292978e-001
 9.0333134e-001
 9.0385419e-001
 9.0440845e-001
 9.0490991e-001
 9.0540856e-001
 9.0582961e-001
 9.0625542e-001
 9.0675205e-001
 9.0714759e-001
 9.0759957e-001
 9.0814960e-001
 9.0861601e-001
 9.0910512e-001
 9.0961307e-001
 9.1006976e-001
 9.1051054e-001
 9.1099066e-001
 9.1150260e-001
 9.1196877e-001
 9.1240102e-001
 9.1285908e-001
 9.1343087e-001
 9.1389638e-001
 9.1430151e-001
 9.1477424e-001
 9.1533267e-001
 9.1584671e-001
 9.1627067e-001
 9.1673577e-001
 9.1716373e-001
 9.1757107e-001
 9.1802835e-001
 9.1849023e-001
 9.1889197e-001
 9.1923672e-001
 9.1963977e-001
 9.2004067e-001
 9.2038691e-001
 9.2067522e-001
 9.2103058e-001
 9.2141914e-001
 9.2175114e-001
 9.2208600e-001
 9.2243910e-001
 9.2279512e-001
 9.2316687e-001
 9.2346984e-001
 9.2373174e-001
 9.2402184e-001
 9.2435700e-001
 9.2468393e-001
 9.2496383e-001
 9.2531472e-001
 9.2560995e-001
 9.2584121e-001
 9.2615545e-001
 9.2649555e-001
 9.2680365e-001
 9.2707312e-001
 9.2738390e-001
 9.2765784e-001
 9.2787212e-001
 9.2822713e-001
 9.2858011e-001
 9.2885911e-001
 9.2915827e-001
 9.2939681e-001
 9.2965907e-001
 9.3000460e-001
 9.3033975e-001
 9.3064022e-001
 9.3093741e-001
 9.3127894e-001
 9.3158579e-001
 9.3184572e-001
 9.3208933e-001
 9.3242294e-001
 9.3278265e-001
 9.3309855e-001
 9.3345541e-001
 9.3381864e-001
 9.3416947e-001
 9.3452930e-001
 9.3490827e-001
 9.3530172e-001
 9.3569905e-001
 9.3611246e-001
 9.3652058e-001
 9.3692201e-001
 9.3738824e-001
 9.3782067e-001
 9.3820310e-001
 9.3856347e-001
 9.3904018e-001
 9.3953866e-001
 9.3996388e-001
 9.4040006e-001
 9.4089228e-001
 9.4138777e-001
 9.4178706e-001
 9.4221091e-001
 9.4267207e-001
 9.4311219e-001
 9.4353265e-001
 9.4388896e-001
 9.4418758e-001
 9.4444585e-001
 9.4469029e-001
 9.4493723e-001
 9.4517237e-001
 9.4544131e-001
 9.4571435e-001
 9.4595462e-001
 9.4609720e-001
 9.4623053e-001
 9.4641191e-001
 9.4660538e-001
 9.4680643e-001
 9.4698787e-001
 9.4714284e-001
 9.4726586e-001
 9.4737744e-001
 9.4748688e-001
 9.4757164e-001
 9.4764328e-001
 9.4773805e-001
 9.4786757e-001
 9.4804734e-001
 9.4819558e-001
 9.4827747e-001
 9.4838214e-001
 9.4849467e-001
 9.4859296e-001
 9.4869435e-001
 9.4880164e-001
 9.4893295e-001
 9.4909525e-001
 9.4925904e-001
 9.4937664e-001
 9.4945598e-001
 9.4955486e-001
 9.4964105e-001
 9.4972801e-001
 9.4987601e-001
 9.5002145e-001
 9.5015746e-001
 9.5030665e-001
 9.5048058e-001
 9.5062476e-001
 9.5073563e-001
 9.5086974e-001
 9.5101923e-001
 9.5116150e-001
 9.5128536e-001
 9.5143443e-001
 9.5159620e-001
 9.5174944e-001
 9.5193070e-001
 9.5210689e-001
 9.5227611e-001
 9.5249045e-001
 9.5267117e-001
 9.5282179e-001
 9.5298493e-001
 9.5315754e-001
 9.5335567e-001
 9.5356941e-001
 9.5379323e-001
 9.5398867e-001
 9.5416898e-001
 9.5435512e-001
 9.5459795e-001
 9.5485759e-001
 9.5509404e-001
 9.5548385e-001
 9.5577103e-001
 9.5584881e-001
 9.5573092e-001
 9.5577866e-001
 9.5595014e-001
 9.5602155e-001
 9.5611519e-001
 9.5623499e-001
 9.5635146e-001
 9.5615357e-001
 9.5641959e-001
 9.5701283e-001
 9.5727158e-001
 9.5741832e-001
 9.5747548e-001
 9.5742351e-001
 9.5731133e-001
 9.5728213e-001
 9.5738888e-001
 9.5766151e-001
 9.5792681e-001
 9.5802981e-001
 9.5798475e-001
 9.5794886e-001
 9.5799673e-001
 9.5807439e-001
 9.5816046e-001
 9.5821792e-001
 9.5829099e-001
 9.5842671e-001
 9.5863229e-001
 9.5884150e-001
 9.5900226e-001
 9.5908457e-001
 9.5892733e-001
 9.5867842e-001
 9.5858610e-001
 9.5878541e-001
 9.5906204e-001
 9.5923340e-001
 9.5941049e-001
 9.5955628e-001
 9.5964521e-001
 9.5972228e-001
 9.5980579e-001
 9.5989257e-001
 9.5999467e-001
 9.6000570e-001
 9.5996028e-001
 9.5993978e-001
 9.5987850e-001
 9.5987540e-001
 9.5994747e-001
 9.5999044e-001
 9.6010900e-001
 9.6024835e-001
 9.6030200e-001
 9.6035171e-001
 9.6041620e-001
 9.6047789e-001
 9.6056551e-001
 9.6067321e-001
 9.6075934e-001
 9.6079355e-001
 9.6078640e-001
 9.6076280e-001
 9.6072292e-001
 9.6080065e-001
 9.6087897e-001
 9.6087182e-001
 9.6084380e-001
 9.6082681e-001
 9.6083760e-001
 9.6085614e-001
 9.6093494e-001
 9.6101975e-001
 9.6106559e-001
 9.6104884e-001
 9.6105880e-001
 9.6111381e-001
 9.6114677e-001
 9.6117115e-001
 9.6118295e-001
 9.6117055e-001
 9.6121854e-001
 9.6131659e-001
 9.6140021e-001
 9.6142548e-001
 9.6139508e-001
 9.6137512e-001
 9.6138424e-001
 9.6147752e-001
 9.6161085e-001
 9.6173334e-001
 9.6187317e-001
 9.6198726e-001
 9.6206236e-001
 9.6209216e-001
 9.6214420e-001
 9.6224630e-001
 9.6238542e-001
 9.6271282e-001
 9.6371597e-001
 9.6519208e-001
 9.6688557e-001
 9.6716803e-001
 9.6622580e-001
 9.6492040e-001
 9.6398860e-001
 9.6362329e-001
 9.6345574e-001
 9.6350610e-001
 9.6359015e-001
 9.6364212e-001
 9.6370351e-001
 9.6371728e-001
 9.6369845e-001
 9.6368462e-001
 9.6369237e-001
 9.6375185e-001
 9.6384394e-001
 9.6391511e-001
 9.6396369e-001
 9.6402496e-001
 9.6411949e-001
 9.6423423e-001
 9.6433330e-001
 9.6440554e-001
 9.6449691e-001
 9.6456015e-001
 9.6458542e-001
 9.6461976e-001
 9.6467924e-001
 9.6473080e-001
 9.6472573e-001
 9.6480531e-001
 9.6494305e-001
 9.6505409e-001
 9.6514112e-001
 9.6515793e-001
 9.6514511e-001
 9.6514064e-001
 9.6521151e-001
 9.6534663e-001
 9.6551067e-001
 9.6558720e-001
 9.6564811e-001
 9.6576333e-001
 9.6586668e-001
 9.6599531e-001
 9.6613592e-001
 9.6626437e-001
 9.6633559e-001
 9.6636653e-001
 9.6639472e-001
 9.6648371e-001
 9.6653980e-001
 9.6654528e-001
 9.6657705e-001
 9.6665829e-001
 9.6677965e-001
 9.6692443e-001
 9.6706599e-001
 9.6719122e-001
 9.6731013e-001
 9.6746069e-001
 9.6754992e-001
 9.6757382e-001
 9.6758354e-001
 9.6763390e-001
 9.6774769e-001
 9.6789634e-001
 9.6801972e-001
 9.6814585e-001
 9.6829379e-001
 9.6844506e-001
 9.6854788e-001
 9.6860951e-001
 9.6866626e-001
 9.6869671e-001
 9.6874368e-001
 9.6882552e-001
 9.6888828e-001
 9.6900481e-001
 9.6914238e-001
 9.6921813e-001
 9.6923149e-001
 9.6924871e-001
 9.6929973e-001
 9.6932942e-001
 9.6931463e-001
 9.6928608e-001
 9.6928316e-001
 9.6930254e-001
 9.6932071e-001
 9.6930999e-001
 9.6941888e-001
 9.6955973e-001
 9.6963060e-001
 9.6960574e-001
 9.6962523e-001
 9.6973479e-001
 9.6986097e-001
 9.7000140e-001
 9.7011781e-001
 9.7020286e-001
 9.7021103e-001
 9.7021264e-001
 9.7024900e-001
 9.7025651e-001
 9.7031564e-001
 9.7042376e-001
 9.7054821e-001
 9.7057003e-001
 9.7051698e-001
 9.7047180e-001
 9.7041678e-001
 9.7041142e-001
 9.7048688e-001
 9.7069591e-001
 9.7087616e-001
 9.7093087e-001
 9.7089905e-001
 9.7093248e-001
 9.7105539e-001
 9.7117877e-001
 9.7121465e-001
 9.7125649e-001
 9.7134292e-001
 9.7143251e-001
 9.7146797e-001
 9.7147751e-001
 9.7150713e-001
 9.7161555e-001
 9.7171354e-001
 9.7175193e-001
 9.7176319e-001
 9.7179204e-001
 9.7185093e-001
 9.7192293e-001
 9.7196996e-001
 9.7200376e-001
 9.7205132e-001
 9.7213900e-001
 9.7220302e-001
 9.7222769e-001
 9.7223592e-001
 9.7228909e-001
 9.7236741e-001
 9.7242731e-001
 9.7244090e-001
 9.7241765e-001
 9.7240978e-001
 9.7246701e-001
 9.7255301e-001
 9.7259945e-001
 9.7258741e-001
 9.7257733e-001
 9.7257060e-001
 9.7255909e-001
 9.7261822e-001
 9.7272468e-001
 9.7279358e-001
 9.7278273e-001
 9.7271430e-001
 9.7268635e-001
 9.7272676e-001
 9.7283262e-001
 9.7293496e-001
 9.7299302e-001
 9.7299975e-001
 9.7299904e-001
 9.7301477e-001
 9.7303116e-001
 9.7305518e-001
 9.7310609e-001
 9.7318453e-001
 9.7330058e-001
 9.7339588e-001
 9.7347701e-001
 9.7362125e-001
 9.7373509e-001
 9.7382069e-001
 9.7392917e-001
 9.7399580e-001
 9.7403502e-001
 9.7407043e-001
 9.7407824e-001
 9.7406930e-001
 9.7405338e-001
 9.7400570e-001
 9.7405273e-001
 9.7413522e-001
 9.7417170e-001
 9.7420132e-001
 9.7424716e-001
 9.7430801e-001
 9.7438389e-001
 9.7441185e-001
 9.7442752e-001
 9.7448570e-001
 9.7455162e-001
 9.7464705e-001
 9.7476614e-001
 9.7484946e-001
 9.7490561e-001
 9.7492880e-001
 9.7486889e-001
 9.7486126e-001
 9.7492594e-001
 9.7500265e-001
 9.7513008e-001
 9.7524548e-001
 9.7531444e-001
 9.7532552e-001
 9.7534543e-001
 9.7542220e-001
 9.7554368e-001
 9.7567624e-001
 9.7577757e-001
 9.7584200e-001
 9.7584271e-001
 9.7579563e-001
 9.7574770e-001
 9.7569990e-001
 9.7571325e-001
 9.7573990e-001
 9.7573215e-001
 9.7576666e-001
 9.7586143e-001
 9.7597986e-001
 9.7609735e-001
 9.7620869e-001
 9.7630316e-001
 9.7635925e-001
 9.7647387e-001
 9.7659177e-001
 9.7665656e-001
 9.7671312e-001
 9.7676790e-001
 9.7681940e-001
 9.7685641e-001
 9.7690457e-001
 9.7694069e-001
 9.7694337e-001
 9.7702664e-001
 9.7718859e-001
 9.7735059e-001
 9.7746027e-001
 9.7753453e-001
 9.7761399e-001
 9.7770417e-001
 9.7779381e-001
 9.7789216e-001
 9.7800112e-001
 9.7806710e-001
 9.7811502e-001
 9.7817421e-001
 9.7823364e-001
 9.7830379e-001
 9.7837919e-001
 9.7845703e-001
 9.7849476e-001
 9.7855943e-001
 9.7867584e-001
 9.7882569e-001
 9.7888201e-001
 9.7887921e-001
 9.7891021e-001
 9.7900933e-001
 9.7913921e-001
 9.7925067e-001
 9.7930968e-001
 9.7929990e-001
 9.7927600e-001
 9.7924727e-001
 9.7934473e-001
 9.7948205e-001
 9.7955239e-001
 9.7953838e-001
 9.7958970e-001
 9.7975093e-001
 9.7993761e-001
 9.8004347e-001
 9.8007798e-001
 9.8007303e-001
 9.8016065e-001
 9.8029751e-001
 9.8040062e-001
 9.8046988e-001
 9.8057824e-001
 9.8073137e-001
 9.8090529e-001
 9.8094499e-001
 9.8095506e-001
 9.8108727e-001
 9.8122752e-001
 9.8131543e-001
 9.8137593e-001
 9.8146307e-001
 9.8156542e-001
 9.8168224e-001
 9.8189282e-001
 9.8197931e-001
 9.8200494e-001
 9.8210222e-001
 9.8227197e-001
 9.8239630e-001
 9.8245877e-001
 9.8253030e-001
 9.8273885e-001
 9.8293608e-001
 9.8293108e-001
 9.8296040e-001
 9.8310053e-001
 9.8327500e-001
 9.8342603e-001
 9.8353839e-001
 9.8366523e-001
 9.8389369e-001
 9.8402703e-001
 9.8384821e-001
 9.8394090e-001
 9.8406756e-001
 9.8412985e-001
 9.8417670e-001
 9.8408461e-001
 9.8402184e-001
 9.8416132e-001
 9.8433942e-001
 9.8427373e-001
 9.8402369e-001
 9.8383868e-001
 9.8389393e-001
 9.8396838e-001
 9.8384595e-001
 9.8377424e-001
 9.8363847e-001
 9.8365116e-001
 9.8386663e-001
 9.8392934e-001
 9.8389643e-001
 9.8386091e-001
 9.8390710e-001
 9.8404729e-001
 9.8413038e-001
 9.8409039e-001
 9.8404866e-001
 9.8408687e-001
 9.8412812e-001
 9.8416740e-001
 9.8424309e-001
 9.8425084e-001
 9.8403060e-001
 9.8401290e-001
 9.8424989e-001
 9.8447126e-001
 9.8461550e-001
 9.8459971e-001
 9.8445749e-001
 9.8423815e-001
 9.8405886e-001
 9.8406625e-001
 9.8422611e-001
 9.8435622e-001
 9.8441678e-001
 9.8441863e-001
 9.8429316e-001
 9.8423618e-001
 9.8432070e-001
 9.8437995e-001
 9.8427123e-001
 9.8405612e-001
 9.8390943e-001
 9.8394448e-001
 9.8416227e-001
 9.8432475e-001
 9.8433203e-001
 9.8430026e-001
 9.8431808e-001
 9.8437840e-001
 9.8441195e-001
 9.8431301e-001
 9.8431617e-001
 9.8451102e-001
 9.8458481e-001
 9.8442006e-001
 9.8437822e-001
 9.8463190e-001
 9.8485154e-001
 9.8488510e-001
 9.8488194e-001
 9.8486209e-001
 9.8482615e-001
 9.8492301e-001
 9.8517317e-001
 9.8531806e-001
 9.8533374e-001
 9.8534495e-001
 9.8534000e-001
 9.8552275e-001
 9.8565090e-001
 9.8552674e-001
 9.8548943e-001
 9.8556495e-001
 9.8555994e-001
 9.8547512e-001
 9.8544002e-001
 9.8552835e-001
 9.8558998e-001
 9.8555559e-001
 9.8555684e-001
 9.8561460e-001
 9.8559576e-001
 9.8550695e-001
 9.8546213e-001
 9.8557568e-001
 9.8575968e-001
 9.8571008e-001
 9.8557657e-001
 9.8560417e-001
 9.8570567e-001
 9.8574096e-001
 9.8567861e-001
 9.8569447e-001
 9.8582298e-001
 9.8591453e-001
 9.8597199e-001
 9.8603487e-001
 9.8605520e-001
 9.8609036e-001
 9.8620403e-001
 9.8628080e-001
 9.8631644e-001
 9.8637563e-001
 9.8643428e-001
 9.8648041e-001
 9.8657024e-001
 9.8673642e-001
 9.8684323e-001
 9.8676348e-001
 9.8672467e-001
 9.8685604e-001
 9.8698431e-001
 9.8704273e-001
 9.8707426e-001
 9.8702151e-001
 9.8695314e-001
 9.8690754e-001
 9.8687118e-001
 9.8691016e-001
 9.8696178e-001
 9.8701310e-001
 9.8709583e-001
 9.8711741e-001
 9.8706913e-001
 9.8700744e-001
 9.8686618e-001
 9.8676574e-001
 9.8685050e-001
 9.8690373e-001
 9.8682344e-001
 9.8674870e-001
 9.8676741e-001
 9.8679686e-001
 9.8678911e-001
 9.8676813e-001
 9.8666984e-001
 9.8656017e-001
 9.8642862e-001
 9.8632967e-001
 9.8634452e-001
 9.8636717e-001
 9.8638254e-001
 9.8640370e-001
 9.8634601e-001
 9.8620981e-001
 9.8611110e-001
 9.8608780e-001
 9.8607993e-001
 9.8603100e-001
 9.8597866e-001
 9.8599994e-001
 9.8602885e-001
 9.8597181e-001
 9.8591071e-001
 9.8591638e-001
 9.8594558e-001
 9.8590618e-001
 9.8582399e-001
 9.8582411e-001
 9.8587304e-001
 9.8592836e-001
 9.8596972e-001
 9.8598206e-001
 9.8602068e-001
 9.8603565e-001
 9.8588634e-001
 9.8575372e-001
 9.8582071e-001
 9.8589122e-001
 9.8587763e-001
 9.8585135e-001
 9.8578799e-001
 9.8573202e-001
 9.8577189e-001
 9.8583472e-001
 9.8580068e-001
 9.8570967e-001
 9.8563713e-001
 9.8561078e-001
 9.8559755e-001
 9.8558998e-001
 9.8560280e-001
 9.8564327e-001
 9.8568952e-001
 9.8574674e-001
 9.8577583e-001
 9.8571491e-001
 9.8567128e-001
 9.8573822e-001
 9.8581165e-001
 9.8588037e-001
 9.8594058e-001
 9.8593557e-001
 9.8594320e-001
 9.8592132e-001
 9.8588419e-001
 9.8591369e-001
 9.8596936e-001
 9.8601264e-001
 9.8604792e-001
 9.8604643e-001
 9.8601788e-001
 9.8605794e-001
 9.8619783e-001
 9.8633289e-001
 9.8646855e-001
 9.8659360e-001
 9.8664403e-001
 9.8668832e-001
 9.8673141e-001
 9.8677248e-001
 9.8668879e-001
 9.8660111e-001
 9.8660028e-001
 9.8660934e-001
 9.8659849e-001
 9.8658055e-001
 9.8658311e-001
 9.8659408e-001
 9.8662847e-001
 9.8668301e-001
 9.8669648e-001
 9.8666441e-001
 9.8668796e-001
 9.8679292e-001
 9.8687154e-001
 9.8689318e-001
 9.8691463e-001
 9.8693502e-001
 9.8695683e-001
 9.8699528e-001
 9.8703510e-001
 9.8712325e-001
 9.8720968e-001
 9.8726392e-001
 9.8731482e-001
 9.8735446e-001
 9.8739064e-001
 9.8732704e-001
 9.8723209e-001
 9.8719931e-001
 9.8719627e-001
 9.8714828e-001
 9.8706681e-001
 9.8701990e-001
 9.8701495e-001
 9.8703134e-001
 9.8707104e-001
 9.8707372e-001
 9.8701525e-001
 9.8696017e-001
 9.8688602e-001
 9.8681825e-001
 9.8680896e-001
 9.8679698e-001
 9.8673326e-001
 9.8666900e-001
 9.8671210e-001
 9.8675728e-001
 9.8681587e-001
 9.8688179e-001
 9.8695278e-001
 9.8701704e-001
 9.8708600e-001
 9.8715436e-001
 9.8714811e-001
 9.8710716e-001
 9.8712003e-001
 9.8717046e-001
 9.8719472e-001
 9.8719472e-001
 9.8718971e-001
 9.8715663e-001
 9.8712760e-001
 9.8711526e-001
 9.8710537e-001
 9.8708075e-001
 9.8704445e-001
 9.8698509e-001
 9.8693037e-001
 9.8688763e-001
 9.8684543e-001
 9.8692209e-001
 9.8701340e-001
 9.8698789e-001
 9.8694187e-001
 9.8685759e-001
 9.8676497e-001
 9.8672205e-001
 9.8668933e-001
 9.8671317e-001
 9.8677325e-001
 9.8680687e-001
 9.8682350e-001
 9.8682880e-001
 9.8683476e-001
 9.8684841e-001
 9.8686320e-001
 9.8686832e-001
 9.8684597e-001
 9.8681927e-001
 9.8678029e-001
 9.8673433e-001
 9.8668718e-001
 9.8665297e-001
 9.8671746e-001
 9.8677677e-001
 9.8667240e-001
 9.8655707e-001
 9.8650348e-001
 9.8646241e-001
 9.8646724e-001
 9.8648286e-001
 9.8650944e-001
 9.8651767e-001
 9.8647153e-001
 9.8641533e-001
 9.8638928e-001
 9.8638535e-001
 9.8637372e-001
 9.8634505e-001
 9.8626888e-001
 9.8616540e-001
 9.8609716e-001
 9.8608541e-001
 9.8609543e-001
 9.8610997e-001
 9.8612195e-001
 9.8614395e-001
 9.8616952e-001
 9.8621410e-001
 9.8625970e-001
 9.8627537e-001
 9.8626584e-001
 9.8609948e-001
 9.8594308e-001
 9.8588681e-001
 9.8583364e-001
 9.8575997e-001
 9.8568976e-001
 9.8560184e-001
 9.8549885e-001
 9.8543262e-001
 9.8538691e-001
 9.8532730e-001
 9.8525810e-001
 9.8520267e-001
 9.8514986e-001
 9.8510486e-001
 9.8507321e-001
 9.8506176e-001
 9.8507351e-001
 9.8516291e-001
 9.8531127e-001
 9.8541003e-001
 9.8545653e-001
 9.8551524e-001
 9.8558807e-001
 9.8566163e-001
 9.8572475e-001
 9.8575890e-001
 9.8572594e-001
 9.8571092e-001
 9.8570704e-001
 9.8568207e-001
 9.8558170e-001
 9.8547387e-001
 9.8535150e-001
 9.8524344e-001
 9.8520499e-001
 9.8516554e-001
 9.8506790e-001
 9.8496342e-001
 9.8483670e-001
 9.8471802e-001
 9.8470443e-001
 9.8470545e-001
 9.8474133e-001
 9.8478496e-001
 9.8475689e-001
 9.8469210e-001
 9.8463452e-001
 9.8459911e-001
 9.8454607e-001
 9.8447376e-001
 9.8434258e-001
 9.8418009e-001
 9.8409462e-001
 9.8405117e-001
 9.8394525e-001
 9.8380065e-001
 9.8367202e-001
 9.8352319e-001
 9.8337251e-001
 9.8326385e-001
 9.8316056e-001
 9.8304713e-001
 9.8295009e-001
 9.8294210e-001
 9.8293489e-001
 9.8290575e-001
 9.8288536e-001
 9.8291284e-001
 9.8293638e-001
 9.8290676e-001
 9.8287308e-001
 9.8281944e-001
 9.8276150e-001
 9.8268831e-001
 9.8262018e-001
 9.8261309e-001
 9.8260987e-001
 9.8263252e-001
 9.8265642e-001
 9.8264450e-001
 9.8263127e-001
 9.8260558e-001
 9.8258877e-001
 9.8262322e-001
 9.8266053e-001
 9.8264372e-001
 9.8259711e-001
 9.8255509e-001
 9.8253781e-001
 9.8243737e-001
 9.8228127e-001
 9.8217249e-001
 9.8207974e-001
 9.8200107e-001
 9.8194474e-001
 9.8191124e-001
 9.8189574e-001
 9.8187751e-001
 9.8188096e-001
 9.8187572e-001
 9.8181772e-001
 9.8173493e-001
 9.8164880e-001
 9.8157579e-001
 9.8153603e-001
 9.8150527e-001
 9.8149163e-001
 9.8149294e-001
 9.8149693e-001
 9.8151326e-001
 9.8161578e-001
 9.8169237e-001
 9.8168445e-001
 9.8168880e-001
 9.8166871e-001
 9.8164064e-001
 9.8164648e-001
 9.8165137e-001
 9.8158890e-001
 9.8152184e-001
 9.8152262e-001
 9.8153180e-001
 9.8154944e-001
 9.8156625e-001
 9.8159713e-001
 9.8163521e-001
 9.8174441e-001
 9.8185581e-001
 9.8191768e-001
 9.8196787e-001
 9.8200613e-001
 9.8204935e-001
 9.8209071e-001
 9.8213035e-001
 9.8209786e-001
 9.8202503e-001
 9.8195559e-001
 9.8189789e-001
 9.8188758e-001
 9.8189408e-001
 9.8184472e-001
 9.8178309e-001
 9.8177052e-001
 9.8177075e-001
 9.8183060e-001
 9.8194546e-001
 9.8201436e-001
 9.8203611e-001
 9.8210907e-001
 9.8222512e-001
 9.8231173e-001
 9.8237711e-001
 9.8242980e-001
 9.8245811e-001
 9.8244369e-001
 9.8237562e-001
 9.8231953e-001
 9.8226905e-001
 9.8225552e-001
 9.8233587e-001
 9.8241061e-001
 9.8244631e-001
 9.8250383e-001
 9.8261213e-001
 9.8274249e-001
 9.8290581e-001
 9.8304784e-001
 9.8312157e-001
 9.8317784e-001
 9.8322195e-001
 9.8326862e-001
 9.8330081e-001
 9.8333603e-001
 9.8338628e-001
 9.8343617e-001
 9.8346758e-001
 9.8347616e-001
 9.8346788e-001
 9.8347801e-001
 9.8350054e-001
 9.8353672e-001
 9.8363549e-001
 9.8372126e-001
 9.8379773e-001
 9.8387849e-001
 9.8392504e-001
 9.8395544e-001
 9.8391873e-001
 9.8388523e-001
 9.8388565e-001
 9.8388457e-001
 9.8379481e-001
 9.8370421e-001
 9.8367089e-001
 9.8362762e-001
 9.8350245e-001
 9.8338991e-001
 9.8342872e-001
 9.8346692e-001
 9.8342931e-001
 9.8339331e-001
 9.8346078e-001
 9.8352927e-001
 9.8354673e-001
 9.8356467e-001
 9.8356652e-001
 9.8356259e-001
 9.8357093e-001
 9.8357987e-001
 9.8350054e-001
 9.8342103e-001
 9.8350459e-001
 9.8359525e-001
 9.8359704e-001
 9.8359406e-001
 9.8366994e-001
 9.8375112e-001
 9.8376393e-001
 9.8377383e-001
 9.8382968e-001
 9.8388553e-001
 9.8385847e-001
 9.8382556e-001
 9.8386103e-001
 9.8390263e-001
 9.8390299e-001
 9.8389882e-001
 9.8386443e-001
 9.8382878e-001
 9.8388034e-001
 9.8394293e-001
 9.8403567e-001
 9.8412687e-001
 9.8418844e-001
 9.8424512e-001
 9.8428100e-001
 9.8431480e-001
 9.8438066e-001
 9.8445421e-001
 9.8450851e-001
 9.8455554e-001
 9.8460472e-001
 9.8465246e-001
 9.8464066e-001
 9.8462319e-001
 9.8469561e-001
 9.8478121e-001
 9.8487705e-001
 9.8497492e-001
 9.8501390e-001
 9.8504621e-001
 9.8507959e-001
 9.8510629e-001
 9.8509938e-001
 9.8508662e-001
 9.8514748e-001
 9.8522353e-001
 9.8527128e-001
 9.8531401e-001
 9.8547590e-001
 9.8565656e-001
 9.8583877e-001
 9.8602152e-001
 9.8612696e-001
 9.8622155e-001
 9.8626423e-001
 9.8629898e-001
 9.8631305e-001
 9.8632205e-001
 9.8632306e-001
 9.8632348e-001
 9.8629737e-001
 9.8626715e-001
 9.8624778e-001
 9.8622888e-001
 9.8618436e-001
 9.8613578e-001
 9.8612297e-001
 9.8611450e-001
 9.8608422e-001
 9.8605162e-001
 9.8600835e-001
 9.8596466e-001
 9.8594373e-001
 9.8592389e-001
 9.8585171e-001
 9.8577732e-001
 9.8584181e-001
 9.8591155e-001
 9.8606879e-001
 9.8622668e-001
 9.8633933e-001
 9.8644978e-001
 9.8655093e-001
 9.8664916e-001
 9.8658377e-001
 9.8652232e-001
 9.8657197e-001
 9.8662120e-001
 9.8667312e-001
 9.8672116e-001
 9.8672950e-001
 9.8673934e-001
 9.8678076e-001
 9.8681337e-001
 9.8676765e-001
 9.8673183e-001
 9.8674911e-001
 9.8676676e-001
 9.8679793e-001
 9.8681533e-001
 9.8676032e-001
 9.8671842e-001
 9.8674101e-001
 9.8674417e-001
 9.8666662e-001
 9.8661679e-001
 9.8665667e-001
 9.8670143e-001
 9.8676509e-001
 9.8682803e-001
 9.8688203e-001
 9.8695183e-001
 9.8705840e-001
 9.8714614e-001
 9.8719478e-001
 9.8723066e-001
 9.8725402e-001
 9.8727006e-001
 9.8725933e-001
 9.8723745e-001
 9.8720437e-001
 9.8716366e-001
 9.8710334e-001
 9.8705941e-001
 9.8703730e-001
 9.8696244e-001
 9.8684865e-001
 9.8677474e-001
 9.8670864e-001
 9.8660541e-001
 9.8648679e-001
 9.8639590e-001
 9.8632663e-001
 9.8630458e-001
 9.8630732e-001
 9.8633617e-001
 9.8637938e-001
 9.8633218e-001
 9.8625022e-001
 9.8624098e-001
 9.8626006e-001
 9.8625755e-001
 9.8623466e-001
 9.8611289e-001
 9.8597002e-001
 9.8590285e-001
 9.8585939e-001
 9.8578888e-001
 9.8570496e-001
 9.8561841e-001
 9.8552966e-001
 9.8547578e-001
 9.8543417e-001
 9.8537809e-001
 9.8532093e-001
 9.8518771e-001
 9.8504889e-001
 9.8508132e-001
 9.8512888e-001
 9.8509496e-001
 9.8505545e-001
 9.8500687e-001
 9.8493773e-001
 9.8486000e-001
 9.8479909e-001
 9.8470372e-001
 9.8461527e-001
 9.8458445e-001
 9.8455054e-001
 9.8448151e-001
 9.8438239e-001
 9.8422164e-001
 9.8410416e-001
 9.8406577e-001
 9.8399723e-001
 9.8388565e-001
 9.8380828e-001
 9.8380429e-001
 9.8375100e-001
 9.8361570e-001
 9.8343855e-001
 9.8325545e-001
 9.8309433e-001
 9.8294204e-001
 9.8287296e-001
 9.8282158e-001
 9.8278016e-001
 9.8276150e-001
 9.8271877e-001
 9.8268783e-001
 9.8270988e-001
 9.8274565e-001
 9.8282200e-001
 9.8287302e-001
 9.8269528e-001
 9.8250979e-001
 9.8245490e-001
 9.8240954e-001
 9.8236579e-001
 9.8230797e-001
 9.8227477e-001
 9.8226076e-001
 9.8227876e-001
 9.8233587e-001
 9.8239237e-001
 9.8243886e-001
 9.8257494e-001
 9.8271304e-001
 9.8289603e-001
 9.8312259e-001
 9.8336625e-001
 9.8357481e-001
 9.8378187e-001
 9.8395020e-001
 9.8406279e-001
 9.8423100e-001
 9.8436940e-001
 9.8446995e-001
 9.8466164e-001
 9.8478556e-001
 9.8477852e-001
 9.8478973e-001
 9.8486364e-001
 9.8498988e-001
 9.8507631e-001
 9.8511541e-001
 9.8512292e-001
 9.8514968e-001
 9.8523098e-001
 9.8537266e-001
 9.8549974e-001
 9.8551190e-001
 9.8552465e-001
 9.8556226e-001
 9.8553544e-001
 9.8540753e-001
 9.8530549e-001
 9.8526359e-001
 9.8518527e-001
 9.8505253e-001
 9.8492318e-001
 9.8472065e-001
 9.8453087e-001
 9.8439115e-001
 9.8428798e-001
 9.8437434e-001
 9.8440832e-001
 9.8432064e-001
 9.8417771e-001
 9.8395681e-001
 9.8385650e-001
 9.8381102e-001
 9.8367971e-001
 9.8350656e-001
 9.8331088e-001
 9.8316467e-001
 9.8296916e-001
 9.8270571e-001
 9.8246348e-001
 9.8220211e-001
 9.8192936e-001
 9.8167127e-001
 9.8141187e-001
 9.8113149e-001
 9.8094451e-001
 9.8085082e-001
 9.8079604e-001
 9.8070371e-001
 9.8057014e-001
 9.8041117e-001
 9.8017639e-001
 9.7994417e-001
 9.7980708e-001
 9.7969741e-001
 9.7963160e-001
 9.7957605e-001
 9.7951156e-001
 9.7941428e-001
 9.7927850e-001
 9.7898096e-001
 9.7867775e-001
 9.7849935e-001
 9.7838271e-001
 9.7838604e-001
 9.7835296e-001
 9.7829443e-001
 9.7823465e-001
 9.7808945e-001
 9.7780877e-001
 9.7757751e-001
 9.7746271e-001
 9.7734630e-001
 9.7730988e-001
 9.7731978e-001
 9.7721970e-001
 9.7708333e-001
 9.7692692e-001
 9.7670287e-001
 9.7645330e-001
 9.7605968e-001
 9.7566921e-001
 9.7527170e-001
 9.7487265e-001
 9.7421300e-001
 9.7349191e-001
 9.7285044e-001
 9.7226721e-001
 9.7170889e-001
 9.7114152e-001
 9.7057873e-001
 9.7004104e-001
 9.6950829e-001
 9.6893024e-001
 9.6835375e-001
 9.6793616e-001
 9.6758336e-001
 9.6727294e-001
 9.6705234e-001
 9.6689719e-001
 9.6691984e-001
 9.6695399e-001
 9.6713740e-001
 9.6732676e-001
 9.6755958e-001
 9.6780771e-001
 9.6805876e-001
 9.6830815e-001
 9.6857804e-001
 9.6889007e-001
 9.6924925e-001
 9.6974689e-001
 9.7023916e-001
 9.7073275e-001
 9.7123420e-001
 9.7180104e-001
 9.7238827e-001
 9.7285318e-001
 9.7321355e-001
 9.7352898e-001
 9.7377086e-001
 9.7401279e-001
 9.7424120e-001
 9.7446871e-001
 9.7463310e-001
 9.7480035e-001
 9.7491705e-001
 9.7501075e-001
 9.7513092e-001
 9.7527426e-001
 9.7535986e-001
 9.7532421e-001
 9.7527575e-001
 9.7518265e-001
 9.7508878e-001
 9.7488874e-001
 9.7468436e-001
 9.7451472e-001
 9.7435313e-001
 9.7423786e-001
 9.7415936e-001
 9.7405118e-001
 9.7389030e-001
 9.7377074e-001
 9.7380334e-001
 9.7382998e-001
 9.7387820e-001
 9.7391629e-001
 9.7403616e-001
 9.7418642e-001
 9.7431183e-001
 9.7440952e-001
 9.7446203e-001
 9.7444314e-001
 9.7442120e-001
 9.7442609e-001
 9.7442722e-001
 9.7443467e-001
 9.7443867e-001
 9.7439140e-001
 9.7432476e-001
 9.7427833e-001
 9.7425145e-001
 9.7425967e-001
 9.7432339e-001
 9.7435468e-001
 9.7424030e-001
 9.7410125e-001
 9.7403562e-001
 9.7394365e-001
 9.7378707e-001
 9.7361350e-001
 9.7342014e-001
 9.7323555e-001
 9.7307396e-001
 9.7291511e-001
 9.7272968e-001
 9.7251439e-001
 9.7229975e-001
 9.7212070e-001
 9.7195667e-001
 9.7185308e-001
 9.7175336e-001
 9.7160786e-001
 9.7144949e-001
 9.7130334e-001
 9.7115993e-001
 9.7101235e-001
 9.7087377e-001
 9.7073573e-001
 9.7056890e-001
 9.7039407e-001
 9.7022092e-001
 9.7004586e-001
 9.6995896e-001
 9.6992397e-001
 9.6990758e-001
 9.6989101e-001
 9.6985245e-001
 9.6976280e-001
 9.6965432e-001
 9.6953875e-001
 9.6942598e-001
 9.6932495e-001
 9.6923470e-001
 9.6898943e-001
 9.6868724e-001
 9.6833104e-001
 9.6796066e-001
 9.6760577e-001
 9.6725363e-001
 9.6689183e-001
 9.6650833e-001
 9.6608341e-001
 9.6560097e-001
 9.6512508e-001
 9.6444207e-001
 9.6376771e-001
 9.6320224e-001
 9.6265316e-001
 9.6205825e-001
 9.6141779e-001
 9.6084595e-001
 9.6037430e-001
 9.5995164e-001
 9.5959550e-001
 9.5926887e-001
 9.5909160e-001
 9.5892549e-001
 9.5918453e-001
 9.5946562e-001
 9.5999163e-001
 9.6056408e-001
 9.6145934e-001
 9.6253693e-001
 9.6359628e-001
 9.6462351e-001
 9.6577412e-001
 9.6710122e-001
 9.6834821e-001
 9.6927983e-001
 9.7019756e-001
 9.7117829e-001
 9.7217947e-001
 9.7291785e-001
 9.7359163e-001
 9.7430485e-001
 9.7503299e-001
 9.7565341e-001
 9.7618866e-001
 9.7674674e-001
 9.7728801e-001
 9.7780108e-001
 9.7819847e-001
 9.7854000e-001
 9.7877562e-001
 9.7903281e-001
 9.7924000e-001
 9.7948515e-001
 9.7979748e-001
 9.8012179e-001
 9.8037547e-001
 9.8058587e-001
 9.8080182e-001
 9.8101264e-001
 9.8121786e-001
 9.8134810e-001
 9.8148137e-001
 9.8163730e-001
 9.8175573e-001
 9.8184460e-001
 9.8192424e-001
 9.8197436e-001
 9.8204386e-001
 9.8217994e-001
 9.8234886e-001
 9.8246610e-001
 9.8250616e-001
 9.8252356e-001
 9.8248422e-001
 9.8245847e-001
 9.8265266e-001
 9.8283303e-001
 9.8287970e-001
 9.8291200e-001
 9.8291266e-001
 9.8291290e-001
 9.8301572e-001
 9.8318160e-001
 9.8329896e-001
 9.8334992e-001
 9.8343545e-001
 9.8357111e-001
 9.8366135e-001
 9.8362577e-001
 9.8357093e-001
 9.8343384e-001
 9.8328930e-001
 9.8329371e-001
 9.8333544e-001
 9.8336452e-001
 9.8337626e-001
 9.8346561e-001
 9.8359263e-001
 9.8367667e-001
 9.8372078e-001
 9.8381263e-001
 9.8401916e-001
 9.8425215e-001
 9.8443776e-001
 9.8462045e-001
 9.8480535e-001
 9.8496377e-001
 9.8492014e-001
 9.8485917e-001
 9.8485106e-001
 9.8487210e-001
 9.8485744e-001
 9.8478860e-001
 9.8459071e-001
 9.8433852e-001
 9.8404270e-001
 9.8367840e-001
 9.8334217e-001
 9.8307395e-001
 9.8282957e-001
 9.8265296e-001
 9.8252594e-001
 9.8258054e-001
 9.8259246e-001
 9.8240203e-001
 9.8215872e-001
 9.8191130e-001
 9.8168576e-001
 9.8148501e-001
 9.8129719e-001
 9.8104966e-001
 9.8072988e-001
 9.8046565e-001
 9.8030984e-001
 9.8015255e-001
 9.8000860e-001
 9.7992140e-001
 9.7992253e-001
 9.7990060e-001
 9.7973555e-001
 9.7958326e-001
 9.7944957e-001
 9.7937477e-001
 9.7932231e-001
 9.7930050e-001
 9.7918284e-001
 9.7902340e-001
 9.7882700e-001
 9.7858566e-001
 9.7833544e-001
 9.7806710e-001
 9.7783518e-001
 9.7755730e-001
 9.7722358e-001
 9.7671741e-001
 9.7621280e-001
 9.7565556e-001
 9.7512853e-001
 9.7461623e-001
 9.7408444e-001
 9.7340369e-001
 9.7271222e-001
 9.7218007e-001
 9.7173113e-001
 9.7115064e-001
 9.7046685e-001
 9.6977168e-001
 9.6909755e-001
 9.6840370e-001
 9.6757686e-001
 9.6677101e-001
 9.6597522e-001
 9.6515441e-001
 9.6415967e-001
 9.6313649e-001
 9.6226335e-001
 9.6142209e-001
 9.6071333e-001
 9.6003658e-001
 9.5955175e-001
 9.5907032e-001
 9.5865232e-001
 9.5827603e-001
 9.5808536e-001
 9.5803028e-001
 9.5814717e-001
 9.5846230e-001
 9.5878494e-001
 9.5913225e-001
 9.5946372e-001
 9.5983952e-001
 9.6024936e-001
 9.6075380e-001
 9.6127075e-001
 9.6192300e-001
 9.6262115e-001
 9.6322787e-001
 9.6380240e-001
 9.6431535e-001
 9.6480620e-001
 9.6521813e-001
 9.6561193e-001
 9.6597743e-001
 9.6624923e-001
 9.6641046e-001
 9.6652728e-001
 9.6669942e-001
 9.6699131e-001
 9.6724856e-001
 9.6738893e-001
 9.6751785e-001
 9.6763349e-001
 9.6771848e-001
 9.6771461e-001
 9.6769983e-001
 9.6759957e-001
 9.6747524e-001
 9.6719533e-001
 9.6686721e-001
 9.6626067e-001
 9.6555984e-001
 9.6489102e-001
 9.6418202e-001
 9.6352094e-001
 9.6290559e-001
 9.6228844e-001
 9.6171868e-001
 9.6113944e-001
 9.6049833e-001
 9.5988387e-001
 9.5932710e-001
 9.5877779e-001
 9.5821089e-001
 9.5761913e-001
 9.5692819e-001
 9.5622897e-001
 9.5540649e-001
 9.5458156e-001
 9.5391756e-001
 9.5325249e-001
 9.5251042e-001
 9.5176154e-001
 9.5104188e-001
 9.5031601e-001
 9.4947875e-001
 9.4861257e-001
 9.4786018e-001
 9.4715393e-001
 9.4629359e-001
 9.4533592e-001
 9.4451350e-001
 9.4380659e-001
 9.4298863e-001
 9.4206834e-001
 9.4112396e-001
 9.4013917e-001
 9.3921459e-001
 9.3836570e-001
 9.3749088e-001
 9.3664503e-001
 9.3578094e-001
 9.3471235e-001
 9.3363339e-001
 9.3248534e-001
 9.3128413e-001
 9.2990178e-001
 9.2848521e-001
 9.2728525e-001
 9.2613256e-001
 9.2500710e-001
 9.2392391e-001
 9.2293853e-001
 9.2194420e-001
 9.2084712e-001
 9.1969806e-001
 9.1862518e-001
 9.1759503e-001
 9.1642004e-001
 9.1508526e-001
 9.1373038e-001
 9.1238451e-001
 9.1108090e-001
 9.0982485e-001
 9.0860856e-001
 9.0753371e-001
 9.0640253e-001
 9.0515345e-001
 9.0397274e-001
 9.0310192e-001
 9.0218920e-001
 9.0100080e-001
 8.9981705e-001
 8.9887655e-001
 8.9787477e-001
 8.9668220e-001
 8.9546388e-001
 8.9439273e-001
 8.9334524e-001
 8.9214540e-001
 8.9091343e-001
 8.8995516e-001
 8.8907522e-001
 8.8812751e-001
 8.8714415e-001
 8.8593078e-001
 8.8462728e-001
 8.8348478e-001
 8.8241541e-001
 8.8124681e-001
 8.7999374e-001
 8.7883407e-001
 8.7779909e-001
 8.7681943e-001
 8.7588251e-001
 8.7487894e-001
 8.7380850e-001
 8.7279552e-001
 8.7189019e-001
 8.7096220e-001
 8.6991519e-001
 8.6879539e-001
 8.6757016e-001
 8.6628896e-001
 8.6477762e-001
 8.6327791e-001
 8.6199510e-001
 8.6067450e-001
 8.5929704e-001
 8.5788858e-001
 8.5627037e-001
 8.5463661e-001
 8.5305578e-001
 8.5145330e-001
 8.4993917e-001
 8.4843028e-001
 8.4645891e-001
 8.4440660e-001
 8.4235489e-001
 8.4021282e-001
 8.3791554e-001
 8.3557206e-001
 8.3320332e-001
 8.3082640e-001
 8.2803011e-001
 8.2505405e-001
 8.2255018e-001
 8.2022661e-001
 8.1777424e-001
 8.1525010e-001
 8.1328505e-001
 8.1173283e-001
 8.1055176e-001
 8.0962813e-001
 8.0902451e-001
 8.0872875e-001
 8.0888087e-001
 8.0952078e-001
 8.1046659e-001
 8.1173706e-001
 8.1320077e-001
 8.1495613e-001
 8.1687462e-001
 8.1905514e-001
 8.2138020e-001
 8.2391411e-001
 8.2642555e-001
 8.2888788e-001
 8.3164227e-001
 8.3506674e-001
 8.3837694e-001
 8.4117472e-001
 8.4412134e-001
 8.4755224e-001
 8.5092950e-001
 8.5397393e-001
 8.5725951e-001
 8.6148113e-001
 8.6560386e-001
 8.6892533e-001
 8.7240982e-001
 8.7651777e-001
 8.8061291e-001
 8.8399750e-001
 8.8744366e-001
 8.9111263e-001
 8.9479929e-001
 8.9784515e-001
 9.0095139e-001
 9.0420681e-001
 9.0751940e-001
 9.1042399e-001
 9.1334426e-001
 9.1589600e-001
 9.1846287e-001
 9.2018390e-001
 9.2194301e-001
 9.2437238e-001
 9.2687058e-001
 9.2849648e-001
 9.3007374e-001
 9.3101794e-001
 9.3195659e-001
 9.3302888e-001
 9.3411756e-001
 9.3517798e-001
 9.3625647e-001
 9.3688601e-001
 9.3745238e-001
 9.3771273e-001
 9.3793637e-001
 9.3842280e-001
 9.3896395e-001
 9.3871343e-001
 9.3831187e-001
 9.3877721e-001
 9.3941259e-001
 9.3929994e-001
 9.3901318e-001
 9.3843186e-001
 9.3780994e-001
 9.3808210e-001
 9.3855625e-001
 9.3836349e-001
 9.3810248e-001
 9.3808240e-001
 9.3805146e-001
 9.3786132e-001
 9.3756986e-001
 9.3707454e-001
 9.3651921e-001
 9.3619239e-001
 9.3600792e-001
 9.3550354e-001
 9.3486315e-001
 9.3391287e-001
 9.3294674e-001
 9.3244070e-001
 9.3196172e-001
 9.3112332e-001
 9.3018889e-001
 9.2978781e-001
 9.2949456e-001
 9.2929357e-001
 9.2918336e-001
 9.2872232e-001
 9.2817217e-001
 9.2716879e-001
 9.2596954e-001
 9.2512590e-001
 9.2436659e-001
 9.2306882e-001
 9.2165381e-001
 9.2029160e-001
 9.1888094e-001
 9.1752917e-001
 9.1620719e-001
 9.1464561e-001
 9.1310292e-001
 9.1212469e-001
 9.1116130e-001
 9.1001749e-001
 9.0868413e-001
 9.0674210e-001
 9.0451777e-001
 9.0151191e-001
 8.9853531e-001
 8.9646691e-001
 8.9449298e-001
 8.9257801e-001
 8.9056659e-001
 8.8854980e-001
 8.8635349e-001
 8.8312429e-001
 8.7965041e-001
 8.7699991e-001
 8.7448549e-001
 8.7254059e-001
 8.7045413e-001
 8.6785954e-001
 8.6513847e-001
 8.6205244e-001
 8.5892653e-001
 8.5647267e-001
 8.5393554e-001
 8.5118943e-001
 8.4807020e-001
 8.4494674e-001
 8.4200037e-001
 8.3975184e-001
 8.3754027e-001
 8.3565724e-001
 8.3410507e-001
 8.3226329e-001
 8.2976049e-001
 8.2781518e-001
 8.2571876e-001
 8.2349849e-001
 8.2155943e-001
 8.1972331e-001
 8.1764448e-001
 8.1598693e-001
 8.1482351e-001
 8.1508040e-001
 8.1490457e-001
 8.1327838e-001
 8.1271452e-001
 8.1325638e-001
 8.1280005e-001
 8.1130219e-001
