splib07b Record=2253: Anthophyllite HS286.2B       ASDFRc AREF
 3.4139952e-001
 3.4233299e-001
 3.4230191e-001
 3.4093755e-001
 3.4045678e-001
 3.4180990e-001
 3.4335357e-001
 3.4265503e-001
 3.4359509e-001
 3.4477079e-001
 3.4370604e-001
 3.4414607e-001
 3.4519190e-001
 3.4568781e-001
 3.4677079e-001
 3.4773105e-001
 3.4842995e-001
 3.4898213e-001
 3.5061619e-001
 3.5176766e-001
 3.5157147e-001
 3.5240805e-001
 3.5370320e-001
 3.5482553e-001
 3.5627300e-001
 3.5786694e-001
 3.5927397e-001
 3.6029017e-001
 3.6228505e-001
 3.6382625e-001
 3.6448488e-001
 3.6686838e-001
 3.6890250e-001
 3.6999381e-001
 3.7115142e-001
 3.7310478e-001
 3.7530217e-001
 3.7704659e-001
 3.7845224e-001
 3.7975249e-001
 3.8127747e-001
 3.8345855e-001
 3.8522282e-001
 3.8653287e-001
 3.8786802e-001
 3.9006260e-001
 3.9198074e-001
 3.9304698e-001
 3.9422327e-001
 3.9585882e-001
 3.9766324e-001
 3.9934418e-001
 4.0078548e-001
 4.0209803e-001
 4.0339994e-001
 4.0512365e-001
 4.0670237e-001
 4.0796909e-001
 4.0961692e-001
 4.1107589e-001
 4.1249424e-001
 4.1428635e-001
 4.1604829e-001
 4.1749951e-001
 4.1877830e-001
 4.2053759e-001
 4.2229432e-001
 4.2386541e-001
 4.2560956e-001
 4.2741781e-001
 4.2921188e-001
 4.3096218e-001
 4.3297771e-001
 4.3494385e-001
 4.3674693e-001
 4.3876159e-001
 4.4087893e-001
 4.4302595e-001
 4.4523948e-001
 4.4753429e-001
 4.4985878e-001
 4.5216835e-001
 4.5482501e-001
 4.5728689e-001
 4.5952636e-001
 4.6210492e-001
 4.6463010e-001
 4.6704200e-001
 4.6949244e-001
 4.7185957e-001
 4.7412047e-001
 4.7629419e-001
 4.7844574e-001
 4.8039782e-001
 4.8218256e-001
 4.8394617e-001
 4.8559111e-001
 4.8707920e-001
 4.8844558e-001
 4.8971468e-001
 4.9085510e-001
 4.9186394e-001
 4.9281815e-001
 4.9347645e-001
 4.9399775e-001
 4.9459103e-001
 4.9513683e-001
 4.9554643e-001
 4.9586278e-001
 4.9627444e-001
 4.9658376e-001
 4.9678132e-001
 4.9703321e-001
 4.9723333e-001
 4.9748129e-001
 4.9783716e-001
 4.9825361e-001
 4.9858141e-001
 4.9888235e-001
 4.9941009e-001
 4.9995291e-001
 5.0049442e-001
 5.0117904e-001
 5.0178063e-001
 5.0252002e-001
 5.0348914e-001
 5.0445700e-001
 5.0542486e-001
 5.0647652e-001
 5.0768286e-001
 5.0892091e-001
 5.1020473e-001
 5.1159191e-001
 5.1296353e-001
 5.1444829e-001
 5.1607949e-001
 5.1779324e-001
 5.1955611e-001
 5.2137142e-001
 5.2326125e-001
 5.2524203e-001
 5.2728689e-001
 5.2934837e-001
 5.3144550e-001
 5.3353816e-001
 5.3563219e-001
 5.3782332e-001
 5.3992140e-001
 5.4201406e-001
 5.4423022e-001
 5.4637659e-001
 5.4851067e-001
 5.5067068e-001
 5.5280918e-001
 5.5489618e-001
 5.5698299e-001
 5.5912280e-001
 5.6132632e-001
 5.6372631e-001
 5.6631660e-001
 5.6909227e-001
 5.7193637e-001
 5.7469761e-001
 5.7734424e-001
 5.7989043e-001
 5.8239818e-001
 5.8489245e-001
 5.8730251e-001
 5.8973664e-001
 5.9222668e-001
 5.9470445e-001
 5.9717643e-001
 5.9963214e-001
 6.0206014e-001
 6.0450041e-001
 6.0696775e-001
 6.0943162e-001
 6.1182183e-001
 6.1419696e-001
 6.1660606e-001
 6.1903387e-001
 6.2153095e-001
 6.2405181e-001
 6.2654984e-001
 6.2900984e-001
 6.3147724e-001
 6.3395029e-001
 6.3634890e-001
 6.3874435e-001
 6.4114535e-001
 6.4352804e-001
 6.4580345e-001
 6.4802605e-001
 6.5026611e-001
 6.5242708e-001
 6.5463406e-001
 6.5693790e-001
 6.5926093e-001
 6.6175246e-001
 6.6438699e-001
 6.6707814e-001
 6.6977602e-001
 6.7248064e-001
 6.7519021e-001
 6.7783356e-001
 6.8041849e-001
 6.8293768e-001
 6.8537909e-001
 6.8769264e-001
 6.8996799e-001
 6.9226575e-001
 6.9452846e-001
 6.9670933e-001
 6.9882017e-001
 7.0087200e-001
 7.0293599e-001
 7.0497966e-001
 7.0694083e-001
 7.0888317e-001
 7.1077681e-001
 7.1259642e-001
 7.1434081e-001
 7.1601719e-001
 7.1764302e-001
 7.1921796e-001
 7.2072667e-001
 7.2218078e-001
 7.2359753e-001
 7.2497350e-001
 7.2630882e-001
 7.2761071e-001
 7.2886389e-001
 7.3009342e-001
 7.3131055e-001
 7.3250914e-001
 7.3362905e-001
 7.3467606e-001
 7.3567504e-001
 7.3646015e-001
 7.3711365e-001
 7.3776370e-001
 7.3840779e-001
 7.3906416e-001
 7.3973447e-001
 7.4042147e-001
 7.4112529e-001
 7.4185354e-001
 7.4260986e-001
 7.4347657e-001
 7.4429172e-001
 7.4492168e-001
 7.4536920e-001
 7.4569702e-001
 7.4604803e-001
 7.4645102e-001
 7.4688101e-001
 7.4732000e-001
 7.4774003e-001
 7.4811006e-001
 7.4844420e-001
 7.4878252e-001
 7.4914032e-001
 7.4944580e-001
 7.4972451e-001
 7.5001138e-001
 7.5026506e-001
 7.5050187e-001
 7.5073445e-001
 7.5096077e-001
 7.5115901e-001
 7.5134099e-001
 7.5152761e-001
 7.5173420e-001
 7.5199264e-001
 7.5228971e-001
 7.5260794e-001
 7.5293607e-001
 7.5325030e-001
 7.5355083e-001
 7.5377029e-001
 7.5392634e-001
 7.5407124e-001
 7.5416988e-001
 7.5432074e-001
 7.5451523e-001
 7.5468117e-001
 7.5480258e-001
 7.5487179e-001
 7.5490642e-001
 7.5493389e-001
 7.5498360e-001
 7.5505614e-001
 7.5514048e-001
 7.5528926e-001
 7.5546044e-001
 7.5560254e-001
 7.5570983e-001
 7.5580835e-001
 7.5592148e-001
 7.5609469e-001
 7.5629151e-001
 7.5647908e-001
 7.5666666e-001
 7.5688219e-001
 7.5709689e-001
 7.5728208e-001
 7.5744474e-001
 7.5758445e-001
 7.5771821e-001
 7.5789899e-001
 7.5805432e-001
 7.5818241e-001
 7.5832069e-001
 7.5852352e-001
 7.5874460e-001
 7.5893462e-001
 7.5912529e-001
 7.5931692e-001
 7.5950867e-001
 7.5969791e-001
 7.5989860e-001
 7.6009887e-001
 7.6028514e-001
 7.6047212e-001
 7.6067942e-001
 7.6090521e-001
 7.6114672e-001
 7.6138026e-001
 7.6159322e-001
 7.6178008e-001
 7.6199418e-001
 7.6223296e-001
 7.6246744e-001
 7.6267952e-001
 7.6288021e-001
 7.6308221e-001
 7.6327765e-001
 7.6345366e-001
 7.6362437e-001
 7.6380789e-001
 7.6396561e-001
 7.6409328e-001
 7.6421756e-001
 7.6437408e-001
 7.6456451e-001
 7.6476699e-001
 7.6496971e-001
 7.6519781e-001
 7.6543742e-001
 7.6566732e-001
 7.6588744e-001
 7.6606834e-001
 7.6624089e-001
 7.6647037e-001
 7.6676083e-001
 7.6707715e-001
 7.6740152e-001
 7.6774526e-001
 7.6807970e-001
 7.6839370e-001
 7.6871741e-001
 7.6903713e-001
 7.6936156e-001
 7.6971143e-001
 7.7009308e-001
 7.7046770e-001
 7.7081484e-001
 7.7114850e-001
 7.7148712e-001
 7.7182871e-001
 7.7216041e-001
 7.7246547e-001
 7.7277386e-001
 7.7311331e-001
 7.7347112e-001
 7.7381134e-001
 7.7412176e-001
 7.7435660e-001
 7.7459788e-001
 7.7490467e-001
 7.7527958e-001
 7.7565926e-001
 7.7600318e-001
 7.7632773e-001
 7.7665395e-001
 7.7696890e-001
 7.7725238e-001
 7.7748895e-001
 7.7768546e-001
 7.7785414e-001
 7.7797574e-001
 7.7812904e-001
 7.7828360e-001
 7.7839476e-001
 7.7848440e-001
 7.7856553e-001
 7.7862561e-001
 7.7864635e-001
 7.7858639e-001
 7.7850246e-001
 7.7844858e-001
 7.7835387e-001
 7.7820671e-001
 7.7804613e-001
 7.7792978e-001
 7.7779925e-001
 7.7761567e-001
 7.7740520e-001
 7.7714413e-001
 7.7683610e-001
 7.7649403e-001
 7.7608126e-001
 7.7560055e-001
 7.7510154e-001
 7.7465826e-001
 7.7413279e-001
 7.7351475e-001
 7.7287972e-001
 7.7222162e-001
 7.7151835e-001
 7.7077079e-001
 7.7005285e-001
 7.6926738e-001
 7.6840913e-001
 7.6755363e-001
 7.6667684e-001
 7.6580220e-001
 7.6494241e-001
 7.6406056e-001
 7.6309633e-001
 7.6205099e-001
 7.6093477e-001
 7.5976139e-001
 7.5857091e-001
 7.5737208e-001
 7.5618500e-001
 7.5495088e-001
 7.5364488e-001
 7.5229865e-001
 7.5089842e-001
 7.4947321e-001
 7.4808341e-001
 7.4662942e-001
 7.4509126e-001
 7.4351555e-001
 7.4185604e-001
 7.4014682e-001
 7.3842257e-001
 7.3665905e-001
 7.3490119e-001
 7.3315674e-001
 7.3142207e-001
 7.2958475e-001
 7.2770661e-001
 7.2586226e-001
 7.2403187e-001
 7.2212517e-001
 7.2013795e-001
 7.1812296e-001
 7.1610862e-001
 7.1408921e-001
 7.1204811e-001
 7.0996308e-001
 7.0783800e-001
 7.0569050e-001
 7.0351690e-001
 7.0130789e-001
 6.9909966e-001
 6.9692737e-001
 6.9475007e-001
 6.9250518e-001
 6.9019943e-001
 6.8794805e-001
 6.8575990e-001
 6.8355650e-001
 6.8129462e-001
 6.7896211e-001
 6.7659295e-001
 6.7420673e-001
 6.7181665e-001
 6.6945332e-001
 6.6710824e-001
 6.6475451e-001
 6.6239309e-001
 6.6002721e-001
 6.5765560e-001
 6.5527797e-001
 6.5288609e-001
 6.5047973e-001
 6.4812809e-001
 6.4582068e-001
 6.4351475e-001
 6.4122617e-001
 6.3890833e-001
 6.3657743e-001
 6.3426751e-001
 6.3195848e-001
 6.2959051e-001
 6.2716365e-001
 6.2472916e-001
 6.2235361e-001
 6.2000513e-001
 6.1763865e-001
 6.1522537e-001
 6.1281556e-001
 6.1044562e-001
 6.0814869e-001
 6.0591203e-001
 6.0368675e-001
 6.0149121e-001
 5.9923136e-001
 5.9695637e-001
 5.9476769e-001
 5.9253854e-001
 5.9028900e-001
 5.8807808e-001
 5.8592844e-001
 5.8383161e-001
 5.8172083e-001
 5.7956117e-001
 5.7735813e-001
 5.7522416e-001
 5.7320493e-001
 5.7122976e-001
 5.6927419e-001
 5.6733692e-001
 5.6542045e-001
 5.6353050e-001
 5.6165189e-001
 5.5977416e-001
 5.5789977e-001
 5.5607229e-001
 5.5429369e-001
 5.5250305e-001
 5.5069357e-001
 5.4889649e-001
 5.4714388e-001
 5.4541808e-001
 5.4368430e-001
 5.4194307e-001
 5.4014796e-001
 5.3840077e-001
 5.3673208e-001
 5.3506750e-001
 5.3340739e-001
 5.3179353e-001
 5.3026891e-001
 5.2877808e-001
 5.2734375e-001
 5.2599174e-001
 5.2460486e-001
 5.2330405e-001
 5.2209187e-001
 5.2084476e-001
 5.1954633e-001
 5.1823080e-001
 5.1692140e-001
 5.1564217e-001
 5.1440698e-001
 5.1319575e-001
 5.1199895e-001
 5.1083463e-001
 5.0971210e-001
 5.0864291e-001
 5.0758779e-001
 5.0652575e-001
 5.0547439e-001
 5.0448120e-001
 5.0361657e-001
 5.0283200e-001
 5.0205433e-001
 5.0129366e-001
 5.0057381e-001
 4.9989921e-001
 4.9926490e-001
 4.9865022e-001
 4.9804252e-001
 4.9738196e-001
 4.9681011e-001
 4.9633169e-001
 4.9582508e-001
 4.9537396e-001
 4.9499747e-001
 4.9466607e-001
 4.9435925e-001
 4.9410433e-001
 4.9390769e-001
 4.9371603e-001
 4.9363759e-001
 4.9361956e-001
 4.9354354e-001
 4.9355063e-001
 4.9362722e-001
 4.9369836e-001
 4.9368677e-001
 4.9369150e-001
 4.9373305e-001
 4.9373433e-001
 4.9365112e-001
 4.9367240e-001
 4.9391693e-001
 4.9434698e-001
 4.9487445e-001
 4.9545184e-001
 4.9606192e-001
 4.9687514e-001
 4.9777186e-001
 4.9854374e-001
 4.9930438e-001
 5.0008279e-001
 5.0086141e-001
 5.0163746e-001
 5.0251180e-001
 5.0345743e-001
 5.0429982e-001
 5.0525016e-001
 5.0629097e-001
 5.0728863e-001
 5.0836033e-001
 5.0952190e-001
 5.1072884e-001
 5.1186639e-001
 5.1314008e-001
 5.1454049e-001
 5.1587749e-001
 5.1730973e-001
 5.1882541e-001
 5.2035660e-001
 5.2200007e-001
 5.2370191e-001
 5.2541286e-001
 5.2710128e-001
 5.2891821e-001
 5.3085619e-001
 5.3283489e-001
 5.3478885e-001
 5.3680146e-001
 5.3893286e-001
 5.4109192e-001
 5.4330730e-001
 5.4556394e-001
 5.4775190e-001
 5.5015963e-001
 5.5267119e-001
 5.5509973e-001
 5.5757743e-001
 5.6016654e-001
 5.6282896e-001
 5.6542963e-001
 5.6808221e-001
 5.7072937e-001
 5.7318670e-001
 5.7588029e-001
 5.7871401e-001
 5.8148575e-001
 5.8426148e-001
 5.8700556e-001
 5.8971733e-001
 5.9243470e-001
 5.9501648e-001
 5.9670967e-001
 6.0045582e-001
 6.0312212e-001
 6.0585511e-001
 6.0866493e-001
 6.1146075e-001
 6.1414135e-001
 6.1687380e-001
 6.1968148e-001
 6.2250817e-001
 6.2526131e-001
 6.2804675e-001
 6.3084346e-001
 6.3351971e-001
 6.3603878e-001
 6.3849711e-001
 6.4110661e-001
 6.4384216e-001
 6.4648175e-001
 6.4893198e-001
 6.5133649e-001
 6.5381902e-001
 6.5634733e-001
 6.5885299e-001
 6.6140270e-001
 6.6394055e-001
 6.6632223e-001
 6.6852999e-001
 6.7069799e-001
 6.7301804e-001
 6.7546171e-001
 6.7767119e-001
 6.7970181e-001
 6.8200558e-001
 6.8442148e-001
 6.8659967e-001
 6.8859130e-001
 6.9061124e-001
 6.9271797e-001
 6.9481575e-001
 6.9682914e-001
 6.9884342e-001
 7.0094746e-001
 7.0303208e-001
 7.0490342e-001
 7.0661992e-001
 7.0845193e-001
 7.1038145e-001
 7.1214861e-001
 7.1383560e-001
 7.1564835e-001
 7.1751851e-001
 7.1923292e-001
 7.2073001e-001
 7.2216278e-001
 7.2370619e-001
 7.2532356e-001
 7.2687441e-001
 7.2832948e-001
 7.2974288e-001
 7.3111093e-001
 7.3241693e-001
 7.3373449e-001
 7.3509014e-001
 7.3636258e-001
 7.3757809e-001
 7.3875856e-001
 7.3993921e-001
 7.4116540e-001
 7.4236405e-001
 7.4346322e-001
 7.4450666e-001
 7.4558699e-001
 7.4668616e-001
 7.4772429e-001
 7.4872798e-001
 7.4976718e-001
 7.5080001e-001
 7.5167596e-001
 7.5245553e-001
 7.5337684e-001
 7.5431764e-001
 7.5513470e-001
 7.5596994e-001
 7.5686496e-001
 7.5776672e-001
 7.5859946e-001
 7.5933319e-001
 7.6005173e-001
 7.6077014e-001
 7.6147079e-001
 7.6212007e-001
 7.6275831e-001
 7.6352245e-001
 7.6434577e-001
 7.6503354e-001
 7.6564318e-001
 7.6627940e-001
 7.6693684e-001
 7.6753867e-001
 7.6812422e-001
 7.6876700e-001
 7.6949149e-001
 7.7018148e-001
 7.7071977e-001
 7.7124089e-001
 7.7183789e-001
 7.7243429e-001
 7.7298009e-001
 7.7353251e-001
 7.7410108e-001
 7.7465099e-001
 7.7513862e-001
 7.7556741e-001
 7.7607018e-001
 7.7660543e-001
 7.7712101e-001
 7.7768666e-001
 7.7821070e-001
 7.7864724e-001
 7.7908069e-001
 7.7951723e-001
 7.7995360e-001
 7.8044432e-001
 7.8094757e-001
 7.8145611e-001
 7.8193843e-001
 7.8232753e-001
 7.8268647e-001
 7.8308696e-001
 7.8350085e-001
 7.8388059e-001
 7.8425342e-001
 7.8461981e-001
 7.8498822e-001
 7.8535116e-001
 7.8568619e-001
 7.8600293e-001
 7.8628528e-001
 7.8657556e-001
 7.8690565e-001
 7.8722388e-001
 7.8748626e-001
 7.8774142e-001
 7.8803772e-001
 7.8833896e-001
 7.8861958e-001
 7.8887945e-001
 7.8912050e-001
 7.8937286e-001
 7.8963768e-001
 7.8992325e-001
 7.9021251e-001
 7.9050308e-001
 7.9076248e-001
 7.9092336e-001
 7.9111034e-001
 7.9141372e-001
 7.9170078e-001
 7.9189086e-001
 7.9207844e-001
 7.9227209e-001
 7.9246318e-001
 7.9265273e-001
 7.9283994e-001
 7.9305434e-001
 7.9328585e-001
 7.9344547e-001
 7.9357493e-001
 7.9370099e-001
 7.9381150e-001
 7.9397267e-001
 7.9420131e-001
 7.9441941e-001
 7.9461712e-001
 7.9480749e-001
 7.9497051e-001
 7.9514295e-001
 7.9538929e-001
 7.9562694e-001
 7.9575413e-001
 7.9587632e-001
 7.9601920e-001
 7.9616338e-001
 7.9634756e-001
 7.9654676e-001
 7.9672503e-001
 7.9688901e-001
 7.9704779e-001
 7.9720986e-001
 7.9743403e-001
 7.9771101e-001
 7.9792893e-001
 7.9808092e-001
 7.9824591e-001
 7.9843825e-001
 7.9862118e-001
 7.9871458e-001
 7.9880142e-001
 7.9890049e-001
 7.9899937e-001
 7.9907131e-001
 7.9914278e-001
 7.9920393e-001
 7.9925758e-001
 7.9936916e-001
 7.9949927e-001
 7.9967940e-001
 7.9988718e-001
 8.0008233e-001
 8.0025423e-001
 8.0041045e-001
 8.0057079e-001
 8.0074352e-001
 8.0093062e-001
 8.0112708e-001
 8.0134767e-001
 8.0155492e-001
 8.0171305e-001
 8.0188197e-001
 8.0211699e-001
 8.0234915e-001
 8.0249453e-001
 8.0263793e-001
 8.0277163e-001
 8.0290574e-001
 8.0304050e-001
 8.0317450e-001
 8.0330110e-001
 8.0342287e-001
 8.0351120e-001
 8.0357587e-001
 8.0367517e-001
 8.0381000e-001
 8.0392218e-001
 8.0400127e-001
 8.0408883e-001
 8.0419487e-001
 8.0428952e-001
 8.0434835e-001
 8.0439818e-001
 8.0439383e-001
 8.0439353e-001
 8.0449671e-001
 8.0459821e-001
 8.0469018e-001
 8.0477995e-001
 8.0481964e-001
 8.0484951e-001
 8.0490094e-001
 8.0495852e-001
 8.0499554e-001
 8.0501962e-001
 8.0505621e-001
 8.0510443e-001
 8.0514795e-001
 8.0518603e-001
 8.0519593e-001
 8.0515927e-001
 8.0510026e-001
 8.0499905e-001
 8.0491865e-001
 8.0490130e-001
 8.0487579e-001
 8.0482161e-001
 8.0477214e-001
 8.0480719e-001
 8.0484104e-001
 8.0500150e-001
 8.0516523e-001
 8.0543393e-001
 8.0571640e-001
 8.0597472e-001
 8.0622357e-001
 8.0646056e-001
 8.0668736e-001
 8.0681390e-001
 8.0688488e-001
 8.0694753e-001
 8.0699837e-001
 8.0703896e-001
 8.0706656e-001
 8.0706406e-001
 8.0700624e-001
 8.0695516e-001
 8.0691838e-001
 8.0689448e-001
 8.0693436e-001
 8.0697376e-001
 8.0700475e-001
 8.0703491e-001
 8.0704594e-001
 8.0705792e-001
 8.0713254e-001
 8.0721331e-001
 8.0728579e-001
 8.0735105e-001
 8.0737925e-001
 8.0740142e-001
 8.0742258e-001
 8.0744153e-001
 8.0742788e-001
 8.0739588e-001
 8.0739588e-001
 8.0742854e-001
 8.0742669e-001
 8.0738807e-001
 8.0735582e-001
 8.0732876e-001
 8.0731571e-001
 8.0731988e-001
 8.0731565e-001
 8.0727953e-001
 8.0724829e-001
 8.0727208e-001
 8.0729485e-001
 8.0729574e-001
 8.0729890e-001
 8.0732960e-001
 8.0736077e-001
 8.0737531e-001
 8.0738759e-001
 8.0739051e-001
 8.0739522e-001
 8.0740494e-001
 8.0741060e-001
 8.0741590e-001
 8.0742329e-001
 8.0742615e-001
 8.0743641e-001
 8.0746138e-001
 8.0748707e-001
 8.0752778e-001
 8.0758518e-001
 8.0763066e-001
 8.0763787e-001
 8.0766666e-001
 8.0775714e-001
 8.0781513e-001
 8.0778879e-001
 8.0775249e-001
 8.0771369e-001
 8.0766869e-001
 8.0754572e-001
 8.0742365e-001
 8.0732101e-001
 8.0721366e-001
 8.0707288e-001
 8.0693740e-001
 8.0682886e-001
 8.0671710e-001
 8.0659682e-001
 8.0648220e-001
 8.0641532e-001
 8.0635810e-001
 8.0629057e-001
 8.0621463e-001
 8.0604315e-001
 8.0583644e-001
 8.0561626e-001
 8.0537540e-001
 8.0509198e-001
 8.0477333e-001
 8.0443394e-001
 8.0407327e-001
 8.0357009e-001
 8.0284476e-001
 8.0204016e-001
 8.0104899e-001
 7.9969722e-001
 7.9746443e-001
 7.9469347e-001
 7.9035407e-001
 7.8522527e-001
 7.7677947e-001
 7.6816690e-001
 7.5861573e-001
 7.4879837e-001
 7.3727071e-001
 7.2595692e-001
 7.1709400e-001
 7.0870835e-001
 7.0428622e-001
 7.0050061e-001
 7.0213711e-001
 7.0453250e-001
 7.1130985e-001
 7.1883780e-001
 7.2771549e-001
 7.3678982e-001
 7.4694753e-001
 7.5736445e-001
 7.6562399e-001
 7.7274084e-001
 7.7875900e-001
 7.8400618e-001
 7.8782099e-001
 7.9054791e-001
 7.9265398e-001
 7.9417533e-001
 7.9526275e-001
 7.9589641e-001
 7.9645228e-001
 7.9691947e-001
 7.9735768e-001
 7.9777765e-001
 7.9822034e-001
 7.9873514e-001
 7.9925269e-001
 7.9979956e-001
 8.0034673e-001
 8.0090022e-001
 8.0144292e-001
 8.0191922e-001
 8.0239069e-001
 8.0282658e-001
 8.0323875e-001
 8.0352169e-001
 8.0380392e-001
 8.0412227e-001
 8.0443102e-001
 8.0463338e-001
 8.0482215e-001
 8.0496782e-001
 8.0510485e-001
 8.0526376e-001
 8.0542964e-001
 8.0557847e-001
 8.0571616e-001
 8.0579340e-001
 8.0585885e-001
 8.0599213e-001
 8.0615991e-001
 8.0629712e-001
 8.0640411e-001
 8.0653036e-001
 8.0666882e-001
 8.0676609e-001
 8.0684614e-001
 8.0689174e-001
 8.0690157e-001
 8.0692738e-001
 8.0695528e-001
 8.0699509e-001
 8.0706739e-001
 8.0713195e-001
 8.0717647e-001
 8.0720425e-001
 8.0721062e-001
 8.0722058e-001
 8.0723131e-001
 8.0723137e-001
 8.0720997e-001
 8.0719543e-001
 8.0722493e-001
 8.0724812e-001
 8.0723745e-001
 8.0724466e-001
 8.0731189e-001
 8.0736995e-001
 8.0737931e-001
 8.0738384e-001
 8.0737519e-001
 8.0736661e-001
 8.0736798e-001
 8.0736965e-001
 8.0737525e-001
 8.0737656e-001
 8.0736864e-001
 8.0736572e-001
 8.0738854e-001
 8.0741245e-001
 8.0749518e-001
 8.0758554e-001
 8.0764550e-001
 8.0769759e-001
 8.0775982e-001
 8.0781770e-001
 8.0782217e-001
 8.0781859e-001
 8.0781782e-001
 8.0782205e-001
 8.0781436e-001
 8.0779344e-001
 8.0779594e-001
 8.0780941e-001
 8.0779880e-001
 8.0778116e-001
 8.0777895e-001
 8.0778331e-001
 8.0778807e-001
 8.0779415e-001
 8.0780989e-001
 8.0782831e-001
 8.0786401e-001
 8.0791569e-001
 8.0796832e-001
 8.0802560e-001
 8.0809647e-001
 8.0818552e-001
 8.0826205e-001
 8.0831605e-001
 8.0837888e-001
 8.0845821e-001
 8.0851674e-001
 8.0852979e-001
 8.0855852e-001
 8.0860794e-001
 8.0865204e-001
 8.0869609e-001
 8.0873102e-001
 8.0874848e-001
 8.0874687e-001
 8.0869806e-001
 8.0866230e-001
 8.0865473e-001
 8.0863267e-001
 8.0857551e-001
 8.0850536e-001
 8.0839610e-001
 8.0828518e-001
 8.0818063e-001
 8.0808538e-001
 8.0802596e-001
 8.0795991e-001
 8.0783576e-001
 8.0771804e-001
 8.0763823e-001
 8.0755812e-001
 8.0751747e-001
 8.0749077e-001
 8.0754501e-001
 8.0760384e-001
 8.0768794e-001
 8.0777019e-001
 8.0782455e-001
 8.0788088e-001
 8.0797863e-001
 8.0807686e-001
 8.0816090e-001
 8.0824172e-001
 8.0829626e-001
 8.0834490e-001
 8.0833125e-001
 8.0831766e-001
 8.0833089e-001
 8.0834216e-001
 8.0829740e-001
 8.0824810e-001
 8.0819398e-001
 8.0813885e-001
 8.0804312e-001
 8.0794495e-001
 8.0789733e-001
 8.0785483e-001
 8.0784881e-001
 8.0784869e-001
 8.0788648e-001
 8.0792481e-001
 8.0792999e-001
 8.0793238e-001
 8.0789816e-001
 8.0786043e-001
 8.0787313e-001
 8.0789012e-001
 8.0784667e-001
 8.0779994e-001
 8.0775619e-001
 8.0771250e-001
 8.0767184e-001
 8.0762964e-001
 8.0754054e-001
 8.0744201e-001
 8.0741751e-001
 8.0740649e-001
 8.0741525e-001
 8.0742383e-001
 8.0737662e-001
 8.0732208e-001
 8.0725574e-001
 8.0718631e-001
 8.0709749e-001
 8.0700141e-001
 8.0691659e-001
 8.0683702e-001
 8.0672419e-001
 8.0660272e-001
 8.0651158e-001
 8.0642647e-001
 8.0631244e-001
 8.0619293e-001
 8.0615944e-001
 8.0613929e-001
 8.0611020e-001
 8.0608219e-001
 8.0604333e-001
 8.0600172e-001
 8.0598134e-001
 8.0596489e-001
 8.0599570e-001
 8.0603236e-001
 8.0600673e-001
 8.0597085e-001
 8.0592340e-001
 8.0587333e-001
 8.0583262e-001
 8.0579430e-001
 8.0572534e-001
 8.0565292e-001
 8.0553871e-001
 8.0541664e-001
 8.0534261e-001
 8.0527484e-001
 8.0519509e-001
 8.0511302e-001
 8.0500942e-001
 8.0490184e-001
 8.0476737e-001
 8.0462945e-001
 8.0449885e-001
 8.0436820e-001
 8.0426431e-001
 8.0416191e-001
 8.0409127e-001
 8.0402434e-001
 8.0394804e-001
 8.0386996e-001
 8.0385917e-001
 8.0385256e-001
 8.0387962e-001
 8.0390817e-001
 8.0392337e-001
 8.0393827e-001
 8.0400008e-001
 8.0406398e-001
 8.0410260e-001
 8.0413979e-001
 8.0416054e-001
 8.0418003e-001
 8.0413502e-001
 8.0408996e-001
 8.0404317e-001
 8.0399477e-001
 8.0394387e-001
 8.0388772e-001
 8.0374736e-001
 8.0360436e-001
 8.0341583e-001
 8.0322570e-001
 8.0305505e-001
 8.0288070e-001
 8.0267376e-001
 8.0247790e-001
 8.0234456e-001
 8.0219799e-001
 8.0197418e-001
 8.0175656e-001
 8.0158001e-001
 8.0141485e-001
 8.0131578e-001
 8.0121493e-001
 8.0109996e-001
 8.0098724e-001
 8.0087209e-001
 8.0075610e-001
 8.0064720e-001
 8.0054575e-001
 8.0045527e-001
 8.0036658e-001
 8.0028778e-001
 8.0019844e-001
 8.0008131e-001
 7.9997402e-001
 7.9989433e-001
 7.9980171e-001
 7.9968101e-001
 7.9956836e-001
 7.9946172e-001
 7.9933828e-001
 7.9919207e-001
 7.9904401e-001
 7.9890257e-001
 7.9877174e-001
 7.9864389e-001
 7.9848367e-001
 7.9829419e-001
 7.9816753e-001
 7.9810309e-001
 7.9802746e-001
 7.9793501e-001
 7.9782254e-001
 7.9770344e-001
 7.9762554e-001
 7.9756624e-001
 7.9745698e-001
 7.9732049e-001
 7.9721624e-001
 7.9713112e-001
 7.9703790e-001
 7.9693794e-001
 7.9683262e-001
 7.9672289e-001
 7.9659224e-001
 7.9645926e-001
 7.9632306e-001
 7.9618227e-001
 7.9603082e-001
 7.9588240e-001
 7.9576135e-001
 7.9563957e-001
 7.9553497e-001
 7.9542905e-001
 7.9524910e-001
 7.9505813e-001
 7.9486859e-001
 7.9468089e-001
 7.9441833e-001
 7.9413861e-001
 7.9383719e-001
 7.9353744e-001
 7.9323018e-001
 7.9292160e-001
 7.9262835e-001
 7.9234469e-001
 7.9212034e-001
 7.9191828e-001
 7.9172164e-001
 7.9148513e-001
 7.9121470e-001
 7.9097086e-001
 7.9075515e-001
 7.9052246e-001
 7.9025733e-001
 7.8996319e-001
 7.8965253e-001
 7.8932810e-001
 7.8897631e-001
 7.8860813e-001
 7.8823417e-001
 7.8782338e-001
 7.8737092e-001
 7.8697985e-001
 7.8664476e-001
 7.8624207e-001
 7.8578246e-001
 7.8544486e-001
 7.8518069e-001
 7.8497905e-001
 7.8478086e-001
 7.8462869e-001
 7.8449667e-001
 7.8438246e-001
 7.8426713e-001
 7.8419495e-001
 7.8414208e-001
 7.8408217e-001
 7.8401560e-001
 7.8394747e-001
 7.8385717e-001
 7.8371167e-001
 7.8357208e-001
 7.8340876e-001
 7.8321195e-001
 7.8291124e-001
 7.8259039e-001
 7.8233552e-001
 7.8205287e-001
 7.8165036e-001
 7.8130853e-001
 7.8105164e-001
 7.8071195e-001
 7.8032273e-001
 7.8004402e-001
 7.7979875e-001
 7.7946699e-001
 7.7909786e-001
 7.7876091e-001
 7.7847731e-001
 7.7818519e-001
 7.7784795e-001
 7.7756661e-001
 7.7730364e-001
 7.7698916e-001
 7.7668864e-001
 7.7642483e-001
 7.7616340e-001
 7.7591491e-001
 7.7566403e-001
 7.7541995e-001
 7.7517211e-001
 7.7489084e-001
 7.7461410e-001
 7.7440107e-001
 7.7416539e-001
 7.7385563e-001
 7.7354699e-001
 7.7329248e-001
 7.7301955e-001
 7.7268523e-001
 7.7238065e-001
 7.7213371e-001
 7.7185678e-001
 7.7151906e-001
 7.7118099e-001
 7.7085930e-001
 7.7048540e-001
 7.7005297e-001
 7.6968372e-001
 7.6936042e-001
 7.6898426e-001
 7.6857489e-001
 7.6820070e-001
 7.6786953e-001
 7.6752418e-001
 7.6714665e-001
 7.6680791e-001
 7.6647979e-001
 7.6613086e-001
 7.6580387e-001
 7.6553440e-001
 7.6529223e-001
 7.6516408e-001
 7.6504993e-001
 7.6484215e-001
 7.6461095e-001
 7.6434314e-001
 7.6406455e-001
 7.6375079e-001
 7.6344025e-001
 7.6317203e-001
 7.6291287e-001
 7.6258087e-001
 7.6220691e-001
 7.6183277e-001
 7.6146412e-001
 7.6112366e-001
 7.6082528e-001
 7.6051623e-001
 7.6009989e-001
 7.5967878e-001
 7.5932765e-001
 7.5902092e-001
 7.5872499e-001
 7.5843263e-001
 7.5817978e-001
 7.5799596e-001
 7.5780404e-001
 7.5751460e-001
 7.5721616e-001
 7.5687718e-001
 7.5653172e-001
 7.5615126e-001
 7.5575620e-001
 7.5536424e-001
 7.5500965e-001
 7.5466394e-001
 7.5428623e-001
 7.5391656e-001
 7.5360417e-001
 7.5329661e-001
 7.5285143e-001
 7.5236702e-001
 7.5190991e-001
 7.5149703e-001
 7.5109053e-001
 7.5068188e-001
 7.5027150e-001
 7.4979806e-001
 7.4932629e-001
 7.4882323e-001
 7.4832261e-001
 7.4782962e-001
 7.4734569e-001
 7.4683774e-001
 7.4627173e-001
 7.4571663e-001
 7.4521899e-001
 7.4471992e-001
 7.4419725e-001
 7.4367386e-001
 7.4316055e-001
 7.4265605e-001
 7.4212140e-001
 7.4156141e-001
 7.4102950e-001
 7.4053007e-001
 7.3999399e-001
 7.3933911e-001
 7.3868763e-001
 7.3810947e-001
 7.3753256e-001
 7.3690784e-001
 7.3626840e-001
 7.3568511e-001
 7.3513973e-001
 7.3456413e-001
 7.3394871e-001
 7.3334509e-001
 7.3278272e-001
 7.3222113e-001
 7.3152512e-001
 7.3082083e-001
 7.3023909e-001
 7.2970653e-001
 7.2916847e-001
 7.2862035e-001
 7.2812170e-001
 7.2771901e-001
 7.2731346e-001
 7.2689575e-001
 7.2647768e-001
 7.2613716e-001
 7.2580451e-001
 7.2553027e-001
 7.2527707e-001
 7.2500515e-001
 7.2471422e-001
 7.2440994e-001
 7.2407842e-001
 7.2376060e-001
 7.2346073e-001
 7.2315681e-001
 7.2285378e-001
 7.2254282e-001
 7.2229248e-001
 7.2206509e-001
 7.2179985e-001
 7.2149706e-001
 7.2114497e-001
 7.2071189e-001
 7.2026646e-001
 7.1978736e-001
 7.1930569e-001
 7.1884906e-001
 7.1839094e-001
 7.1787590e-001
 7.1734172e-001
 7.1685922e-001
 7.1641678e-001
 7.1594137e-001
 7.1541649e-001
 7.1490008e-001
 7.1439832e-001
 7.1387523e-001
 7.1328378e-001
 7.1267247e-001
 7.1216851e-001
 7.1168721e-001
 7.1122050e-001
 7.1077102e-001
 7.1033138e-001
 7.0989162e-001
 7.0940381e-001
 7.0880270e-001
 7.0819777e-001
 7.0759541e-001
 7.0700377e-001
 7.0636427e-001
 7.0571440e-001
 7.0513320e-001
 7.0457894e-001
 7.0406199e-001
 7.0358884e-001
 7.0316297e-001
 7.0282543e-001
 7.0249647e-001
 7.0221478e-001
 7.0192510e-001
 7.0160222e-001
 7.0128059e-001
 7.0083088e-001
 7.0035458e-001
 6.9989866e-001
 6.9945145e-001
 6.9898832e-001
 6.9849575e-001
 6.9799972e-001
 6.9753176e-001
 6.9707221e-001
 6.9666219e-001
 6.9625890e-001
 6.9583106e-001
 6.9536906e-001
 6.9481361e-001
 6.9423753e-001
 6.9375259e-001
 6.9333714e-001
 6.9290227e-001
 6.9240689e-001
 6.9189137e-001
 6.9138008e-001
 6.9088024e-001
 6.9040734e-001
 6.8995082e-001
 6.8953222e-001
 6.8911165e-001
 6.8869650e-001
 6.8826288e-001
 6.8782723e-001
 6.8740404e-001
 6.8699664e-001
 6.8662250e-001
 6.8626297e-001
 6.8591696e-001
 6.8556315e-001
 6.8524146e-001
 6.8491620e-001
 6.8460107e-001
 6.8428773e-001
 6.8401802e-001
 6.8377948e-001
 6.8354309e-001
 6.8331331e-001
 6.8307120e-001
 6.8278545e-001
 6.8247652e-001
 6.8211573e-001
 6.8174350e-001
 6.8132555e-001
 6.8090463e-001
 6.8043399e-001
 6.7994004e-001
 6.7934817e-001
 6.7872840e-001
 6.7814666e-001
 6.7760623e-001
 6.7704630e-001
 6.7643720e-001
 6.7585433e-001
 6.7533469e-001
 6.7478383e-001
 6.7418694e-001
 6.7360044e-001
 6.7300808e-001
 6.7246443e-001
 6.7191386e-001
 6.7134213e-001
 6.7083836e-001
 6.7038393e-001
 6.6988534e-001
 6.6935402e-001
 6.6886091e-001
 6.6847986e-001
 6.6809821e-001
 6.6762930e-001
 6.6712737e-001
 6.6661662e-001
 6.6609919e-001
 6.6558254e-001
 6.6507268e-001
 6.6460705e-001
 6.6417497e-001
 6.6364735e-001
 6.6300458e-001
 6.6236013e-001
 6.6168135e-001
 6.6095853e-001
 6.6014338e-001
 6.5933013e-001
 6.5855545e-001
 6.5777779e-001
 6.5696549e-001
 6.5616184e-001
 6.5547389e-001
 6.5482718e-001
 6.5414643e-001
 6.5343744e-001
 6.5282333e-001
 6.5235126e-001
 6.5187824e-001
 6.5141588e-001
 6.5097541e-001
 6.5056586e-001
 6.5014738e-001
 6.4981282e-001
 6.4950258e-001
 6.4914238e-001
 6.4877123e-001
 6.4829832e-001
 6.4776903e-001
 6.4726579e-001
 6.4678615e-001
 6.4627987e-001
 6.4573532e-001
 6.4519519e-001
 6.4469481e-001
 6.4419752e-001
 6.4363277e-001
 6.4306182e-001
 6.4258069e-001
 6.4211440e-001
 6.4158529e-001
 6.4104497e-001
 6.4052451e-001
 6.3999748e-001
 6.3940060e-001
 6.3876134e-001
 6.3815117e-001
 6.3755441e-001
 6.3691014e-001
 6.3620627e-001
 6.3552421e-001
 6.3486922e-001
 6.3422608e-001
 6.3354576e-001
 6.3283491e-001
 6.3224167e-001
 6.3165790e-001
 6.3109678e-001
 6.3053423e-001
 6.2995511e-001
 6.2939453e-001
 6.2878990e-001
 6.2814587e-001
 6.2750256e-001
 6.2683398e-001
 6.2615466e-001
 6.2542057e-001
 6.2471384e-001
 6.2406546e-001
 6.2339437e-001
 6.2265497e-001
 6.2193209e-001
 6.2128019e-001
 6.2067443e-001
 6.2001169e-001
 6.1934227e-001
 6.1877310e-001
 6.1827075e-001
 6.1776775e-001
 6.1723799e-001
 6.1670655e-001
 6.1619520e-001
 6.1570925e-001
 6.1519390e-001
 6.1465687e-001
 6.1410314e-001
 6.1355501e-001
 6.1293596e-001
 6.1233038e-001
 6.1181897e-001
 6.1130524e-001
 6.1063486e-001
 6.0995144e-001
 6.0930377e-001
 6.0868317e-001
 6.0793471e-001
 6.0707802e-001
 6.0629195e-001
 6.0559893e-001
 6.0486072e-001
 6.0400778e-001
 6.0318774e-001
 6.0249239e-001
 6.0178274e-001
 6.0100514e-001
 6.0023028e-001
 5.9961164e-001
 5.9900177e-001
 5.9838599e-001
 5.9777415e-001
 5.9735620e-001
 5.9697038e-001
 5.9644610e-001
 5.9585297e-001
 5.9537244e-001
 5.9496593e-001
 5.9455514e-001
 5.9414679e-001
 5.9374744e-001
 5.9335178e-001
 5.9294236e-001
 5.9255308e-001
 5.9217209e-001
 5.9182519e-001
 5.9146267e-001
 5.9103316e-001
 5.9061813e-001
 5.9026909e-001
 5.8991432e-001
 5.8946496e-001
 5.8897614e-001
 5.8845592e-001
 5.8792090e-001
 5.8730155e-001
 5.8659875e-001
 5.8589453e-001
 5.8520979e-001
 5.8450276e-001
 5.8376908e-001
 5.8308363e-001
 5.8252853e-001
 5.8196199e-001
 5.8140755e-001
 5.8086038e-001
 5.8055723e-001
 5.8025062e-001
 5.7990175e-001
 5.7954693e-001
 5.7934177e-001
 5.7912713e-001
 5.7882088e-001
 5.7846826e-001
 5.7811821e-001
 5.7776552e-001
 5.7736504e-001
 5.7692677e-001
 5.7654673e-001
 5.7620215e-001
 5.7574916e-001
 5.7516593e-001
 5.7452196e-001
 5.7379639e-001
 5.7302779e-001
 5.7212925e-001
 5.7124996e-001
 5.7044935e-001
 5.6965417e-001
 5.6890500e-001
 5.6816745e-001
 5.6770968e-001
 5.6726867e-001
 5.6694508e-001
 5.6663162e-001
 5.6636930e-001
 5.6611609e-001
 5.6590974e-001
 5.6572556e-001
 5.6549376e-001
 5.6524062e-001
 5.6493962e-001
 5.6459552e-001
 5.6431103e-001
 5.6406629e-001
 5.6380481e-001
 5.6353408e-001
 5.6321108e-001
 5.6279832e-001
 5.6233859e-001
 5.6171757e-001
 5.6105340e-001
 5.6027889e-001
 5.5948365e-001
 5.5845839e-001
 5.5742073e-001
 5.5636877e-001
 5.5528450e-001
 5.5401510e-001
 5.5271661e-001
 5.5140710e-001
 5.5008686e-001
 5.4852748e-001
 5.4692322e-001
 5.4543191e-001
 5.4396904e-001
 5.4230011e-001
 5.4051107e-001
 5.3880697e-001
 5.3716946e-001
 5.3533971e-001
 5.3329474e-001
 5.3125745e-001
 5.2927917e-001
 5.2705669e-001
 5.2441597e-001
 5.2172792e-001
 5.1891172e-001
 5.1581931e-001
 5.1193839e-001
 5.0798374e-001
 5.0386494e-001
 4.9963090e-001
 4.9459419e-001
 4.8955631e-001
 4.8521304e-001
 4.8082146e-001
 4.7662091e-001
 4.7239682e-001
 4.6975935e-001
 4.6725556e-001
 4.6562645e-001
 4.6413714e-001
 4.6343026e-001
 4.6290705e-001
 4.6243745e-001
 4.6198457e-001
 4.6110958e-001
 4.6002880e-001
 4.5819825e-001
 4.5587340e-001
 4.5295227e-001
 4.4954091e-001
 4.4537067e-001
 4.4047603e-001
 4.3564773e-001
 4.3093941e-001
 4.2632067e-001
 4.2187616e-001
 4.1816869e-001
 4.1592786e-001
 4.1431627e-001
 4.1434515e-001
 4.1489390e-001
 4.1711599e-001
 4.1983029e-001
 4.2465377e-001
 4.2961246e-001
 4.3507856e-001
 4.4068983e-001
 4.4736210e-001
 4.5408297e-001
 4.5984045e-001
 4.6567217e-001
 4.7170612e-001
 4.7782120e-001
 4.8280337e-001
 4.8778713e-001
 4.9271196e-001
 4.9768883e-001
 5.0164431e-001
 5.0542247e-001
 5.0885171e-001
 5.1223809e-001
 5.1470971e-001
 5.1693690e-001
 5.1891977e-001
 5.2083153e-001
 5.2214867e-001
 5.2317733e-001
 5.2382386e-001
 5.2426869e-001
 5.2449447e-001
 5.2460432e-001
 5.2462995e-001
 5.2457434e-001
 5.2433795e-001
 5.2394778e-001
 5.2353632e-001
 5.2311230e-001
 5.2268308e-001
 5.2222431e-001
 5.2168077e-001
 5.2104038e-001
 5.2042556e-001
 5.1986247e-001
 5.1928538e-001
 5.1867378e-001
 5.1803702e-001
 5.1738477e-001
 5.1670742e-001
 5.1597500e-001
 5.1522636e-001
 5.1441216e-001
 5.1347393e-001
 5.1220614e-001
 5.1086903e-001
 5.0932789e-001
 5.0772864e-001
 5.0598216e-001
 5.0422668e-001
 5.0251061e-001
 5.0073755e-001
 4.9862736e-001
 4.9651027e-001
 4.9451452e-001
 4.9248394e-001
 4.9034891e-001
 4.8819333e-001
 4.8634434e-001
 4.8447171e-001
 4.8274496e-001
 4.8101312e-001
 4.7972235e-001
 4.7841737e-001
 4.7733748e-001
 4.7624865e-001
 4.7573426e-001
 4.7526056e-001
 4.7516125e-001
 4.7508073e-001
 4.7571290e-001
 4.7637838e-001
 4.7771713e-001
 4.7916013e-001
 4.8093611e-001
 4.8276582e-001
 4.8526958e-001
 4.8788005e-001
 4.9043167e-001
 4.9303150e-001
 4.9592909e-001
 4.9893492e-001
 5.0122523e-001
 5.0339854e-001
 5.0558156e-001
 5.0781786e-001
 5.0927186e-001
 5.1063383e-001
 5.1189041e-001
 5.1311857e-001
 5.1380891e-001
 5.1437503e-001
 5.1489329e-001
 5.1543492e-001
 5.1572222e-001
 5.1598221e-001
 5.1603603e-001
 5.1600140e-001
 5.1578587e-001
 5.1549846e-001
 5.1498854e-001
 5.1443332e-001
 5.1392615e-001
 5.1344079e-001
 5.1317936e-001
 5.1297379e-001
 5.1285714e-001
 5.1273310e-001
 5.1254082e-001
 5.1232684e-001
 5.1224464e-001
 5.1222044e-001
 5.1244152e-001
 5.1269430e-001
 5.1290703e-001
 5.1315629e-001
 5.1343721e-001
 5.1369089e-001
 5.1372552e-001
 5.1373070e-001
 5.1390362e-001
 5.1412088e-001
 5.1427889e-001
 5.1446396e-001
 5.1486135e-001
 5.1525509e-001
 5.1526427e-001
 5.1524299e-001
 5.1557237e-001
 5.1595235e-001
 5.1587659e-001
 5.1567286e-001
 5.1554298e-001
 5.1547956e-001
 5.1498020e-001
 5.1441175e-001
 5.1378971e-001
 5.1308972e-001
 5.1284587e-001
 5.1266211e-001
 5.1255572e-001
 5.1244718e-001
 5.1178861e-001
 5.1107913e-001
 5.1077652e-001
 5.1063591e-001
 5.1083738e-001
 5.1098633e-001
 5.1144397e-001
 5.1201063e-001
 5.1304889e-001
 5.1425469e-001
 5.1580650e-001
 5.1738846e-001
 5.1897365e-001
 5.2074176e-001
 5.2255166e-001
 5.2440250e-001
 5.2577591e-001
 5.2681857e-001
 5.2739435e-001
 5.2828652e-001
 5.2934366e-001
 5.3039128e-001
 5.3116930e-001
 5.3161442e-001
 5.3143698e-001
 5.3141004e-001
 5.3164816e-001
 5.3213525e-001
 5.3246617e-001
 5.3252500e-001
 5.3287041e-001
 5.3289139e-001
 5.3202140e-001
 5.3132188e-001
 5.3113335e-001
 5.3162754e-001
 5.3244227e-001
 5.3314614e-001
 5.3419727e-001
