splib07b Record=4686: Clinochlore_Fe GDS157         BECKa AREF
-1.2300000e+034
-1.2300000e+034
-1.2300000e+034
-1.2300000e+034
-1.2300000e+034
-1.2300000e+034
-1.2300000e+034
-1.2300000e+034
-1.2300000e+034
-1.2300000e+034
-1.2300000e+034
-1.2300000e+034
-1.2300000e+034
-1.2300000e+034
-1.2300000e+034
-1.2300000e+034
-1.2300000e+034
-1.2300000e+034
-1.2300000e+034
-1.2300000e+034
-1.2300000e+034
-1.2300000e+034
-1.2300000e+034
-1.2300000e+034
 2.6623810e-002
 2.6623810e-002
 2.6632987e-002
 2.6642203e-002
 2.6651479e-002
 2.6660841e-002
 2.6670309e-002
 2.6679903e-002
 2.6689650e-002
 2.6699573e-002
 2.6709689e-002
 2.6720027e-002
 2.6730608e-002
 2.6741451e-002
 2.6752582e-002
 2.6764024e-002
 2.6775796e-002
 2.6787929e-002
 2.6800435e-002
 2.6813343e-002
 2.6826672e-002
 2.6840448e-002
 2.6854692e-002
 2.6869429e-002
 2.6884677e-002
 2.6900468e-002
 2.6916904e-002
 2.6934130e-002
 2.6952289e-002
 2.6971526e-002
 2.6991989e-002
 2.7013823e-002
 2.7037172e-002
 2.7062183e-002
 2.7089000e-002
 2.7117772e-002
 2.7148636e-002
 2.7181748e-002
 2.7217247e-002
 2.7255280e-002
 2.7295994e-002
 2.7339529e-002
 2.7386036e-002
 2.7435660e-002
 2.7488543e-002
 2.7544836e-002
 2.7604679e-002
 2.7668217e-002
 2.7735604e-002
 2.7806938e-002
 2.7881926e-002
 2.7960027e-002
 2.8040675e-002
 2.8123327e-002
 2.8207431e-002
 2.8292427e-002
 2.8377770e-002
 2.8462898e-002
 2.8547266e-002
 2.8630322e-002
 2.8711507e-002
 2.8790273e-002
 2.8866068e-002
 2.8938336e-002
 2.9006522e-002
 2.9070085e-002
 2.9128458e-002
 2.9181097e-002
 2.9227447e-002
 2.9266957e-002
 2.9299116e-002
 2.9323922e-002
 2.9341694e-002
 2.9352752e-002
 2.9357420e-002
 2.9356021e-002
 2.9348874e-002
 2.9336303e-002
 2.9318633e-002
 2.9296182e-002
 2.9269274e-002
 2.9238230e-002
 2.9203376e-002
 2.9165028e-002
 2.9123515e-002
 2.9079152e-002
 2.9032269e-002
 2.8983185e-002
 2.8932221e-002
 2.8879730e-002
 2.8826063e-002
 2.8771590e-002
 2.8716665e-002
 2.8661650e-002
 2.8606908e-002
 2.8552799e-002
 2.8499676e-002
 2.8447909e-002
 2.8397856e-002
 2.8349876e-002
 2.8304329e-002
 2.8261576e-002
 2.8221976e-002
 2.8185893e-002
 2.8153686e-002
 2.8125715e-002
 2.8102301e-002
 2.8083352e-002
 2.8068490e-002
 2.8057339e-002
 2.8049517e-002
 2.8044652e-002
 2.8042357e-002
 2.8042259e-002
 2.8043980e-002
 2.8047143e-002
 2.8051360e-002
 2.8056266e-002
 2.8061472e-002
 2.8066605e-002
 2.8071286e-002
 2.8075136e-002
 2.8077779e-002
 2.8078977e-002
 2.8078869e-002
 2.8077638e-002
 2.8075477e-002
 2.8072573e-002
 2.8069116e-002
 2.8065294e-002
 2.8061295e-002
 2.8057309e-002
 2.8053526e-002
 2.8050128e-002
 2.8047316e-002
 2.8045267e-002
 2.8044175e-002
 2.8044229e-002
 2.8045557e-002
 2.8048139e-002
 2.8051933e-002
 2.8056892e-002
 2.8062977e-002
 2.8070135e-002
 2.8078334e-002
 2.8087525e-002
 2.8097661e-002
 2.8108703e-002
 2.8120607e-002
 2.8133327e-002
 2.8146818e-002
 2.8161041e-002
 2.8175950e-002
 2.8191600e-002
 2.8208291e-002
 2.8226372e-002
 2.8246185e-002
 2.8268071e-002
 2.8292378e-002
 2.8319445e-002
 2.8349623e-002
 2.8383248e-002
 2.8420664e-002
 2.8462222e-002
 2.8508259e-002
 2.8559124e-002
 2.8615151e-002
 2.8676694e-002
 2.8743695e-002
 2.8815117e-002
 2.8889734e-002
 2.8966330e-002
 2.9043684e-002
 2.9120591e-002
 2.9195827e-002
 2.9268183e-002
 2.9336439e-002
 2.9399382e-002
 2.9455785e-002
 2.9504448e-002
 2.9544143e-002
 2.9573843e-002
 2.9594731e-002
 2.9609537e-002
 2.9621026e-002
 2.9631954e-002
 2.9645082e-002
 2.9663172e-002
 2.9688980e-002
 2.9725270e-002
 2.9774792e-002
 2.9840322e-002
 2.9924609e-002
 3.0030144e-002
 3.0156128e-002
 3.0299403e-002
 3.0456776e-002
 3.0625096e-002
 3.0801162e-002
 3.0981770e-002
 3.1163778e-002
 3.1343982e-002
 3.1519197e-002
 3.1686228e-002
 3.1841923e-002
 3.1983290e-002
 3.2110263e-002
 3.2224759e-002
 3.2328743e-002
 3.2424178e-002
 3.2513045e-002
 3.2597288e-002
 3.2678895e-002
 3.2759834e-002
 3.2842051e-002
 3.2927521e-002
 3.3018216e-002
 3.3116020e-002
 3.3221886e-002
 3.3336043e-002
 3.3458740e-002
 3.3590198e-002
 3.3730678e-002
 3.3880398e-002
 3.4039609e-002
 3.4208551e-002
 3.4387447e-002
 3.4576528e-002
 3.4776062e-002
 3.4986161e-002
 3.5205547e-002
 3.5432007e-002
 3.5663240e-002
 3.5896961e-002
 3.6130924e-002
 3.6362834e-002
 3.6590401e-002
 3.6811385e-002
 3.7023488e-002
 3.7224442e-002
 3.7411947e-002
 3.7583955e-002
 3.7740894e-002
 3.7885096e-002
 3.8018879e-002
 3.8144596e-002
 3.8264561e-002
 3.8381144e-002
 3.8496658e-002
 3.8613468e-002
 3.8733903e-002
 3.8860299e-002
 3.8994975e-002
 3.9140135e-002
 3.9295472e-002
 3.9458968e-002
 3.9628532e-002
 3.9802078e-002
 3.9977524e-002
 4.0152814e-002
 4.0325832e-002
 4.0494531e-002
 4.0656820e-002
 4.0810615e-002
 4.0953815e-002
 4.1084561e-002
 4.1203428e-002
 4.1312825e-002
 4.1415252e-002
 4.1513149e-002
 4.1608974e-002
 4.1705213e-002
 4.1804321e-002
 4.1908756e-002
 4.2021003e-002
 4.2143509e-002
 4.2278744e-002
 4.2429004e-002
 4.2594403e-002
 4.2773347e-002
 4.2964276e-002
 4.3165579e-002
 4.3375663e-002
 4.3592915e-002
 4.3815784e-002
 4.4042621e-002
 4.4271886e-002
 4.4501957e-002
 4.4731237e-002
 4.4958174e-002
 4.5182135e-002
 4.5403026e-002
 4.5620862e-002
 4.5835592e-002
 4.6047185e-002
 4.6255596e-002
 4.6460833e-002
 4.6662830e-002
 4.6861593e-002
 4.7057070e-002
 4.7249243e-002
 4.7438066e-002
 4.7623727e-002
 4.7806486e-002
 4.7986601e-002
 4.8164394e-002
 4.8340116e-002
 4.8514027e-002
 4.8686452e-002
 4.8857644e-002
 4.9027860e-002
 4.9197420e-002
 4.9366586e-002
 4.9535625e-002
 4.9704690e-002
 4.9873881e-002
 5.0043251e-002
 5.0212916e-002
 5.0382923e-002
 5.0553367e-002
 5.0724294e-002
 5.0895825e-002
 5.1067997e-002
 5.1240928e-002
 5.1414669e-002
 5.1589280e-002
 5.1764328e-002
 5.1939089e-002
 5.2112769e-002
 5.2284621e-002
 5.2453876e-002
 5.2619755e-002
 5.2781496e-002
 5.2938350e-002
 5.3089518e-002
 5.3234264e-002
 5.3371813e-002
 5.3501483e-002
 5.3623904e-002
 5.3740758e-002
 5.3853724e-002
 5.3964488e-002
 5.4074742e-002
 5.4186173e-002
 5.4300457e-002
 5.4419309e-002
 5.4544393e-002
 5.4677397e-002
 5.4820023e-002
 5.4973807e-002
 5.5138141e-002
 5.5310696e-002
 5.5489149e-002
 5.5671118e-002
 5.5854298e-002
 5.6036305e-002
 5.6214809e-002
 5.6387424e-002
 5.6551851e-002
 5.6705695e-002
 5.6846648e-002
 5.6972511e-002
 5.7083812e-002
 5.7183191e-002
 5.7273377e-002
 5.7357058e-002
 5.7436954e-002
 5.7515759e-002
 5.7596181e-002
 5.7680938e-002
 5.7772711e-002
 5.7874214e-002
 5.7988178e-002
 5.8117110e-002
 5.8260694e-002
 5.8416370e-002
 5.8581494e-002
 5.8753457e-002
 5.8929659e-002
 5.9107445e-002
 5.9284206e-002
 5.9457298e-002
 5.9624095e-002
 5.9781983e-002
 5.9928354e-002
 6.0060725e-002
 6.0179166e-002
 6.0285788e-002
 6.0382739e-002
 6.0472198e-002
 6.0556300e-002
 6.0637224e-002
 6.0717124e-002
 6.0798161e-002
 6.0882486e-002
 6.0972266e-002
 6.1069652e-002
 6.1176699e-002
 6.1293468e-002
 6.1418474e-002
 6.1550148e-002
 6.1686970e-002
 6.1827369e-002
 6.1969820e-002
 6.2112778e-002
 6.2254686e-002
 6.2393997e-002
 6.2529162e-002
 6.2658630e-002
 6.2780991e-002
 6.2896475e-002
 6.3006751e-002
 6.3113481e-002
 6.3218363e-002
 6.3323073e-002
 6.3429311e-002
 6.3538775e-002
 6.3653111e-002
 6.3774042e-002
 6.3903220e-002
 6.4042345e-002
 6.4193025e-002
 6.4354979e-002
 6.4526498e-002
 6.4705804e-002
 6.4891107e-002
 6.5080658e-002
 6.5272652e-002
 6.5465361e-002
 6.5656975e-002
 6.5845735e-002
 6.6029839e-002
 6.6207550e-002
 6.6377185e-002
 6.6538870e-002
 6.6694215e-002
 6.6844866e-002
 6.6992462e-002
 6.7138679e-002
 6.7285135e-002
 6.7433521e-002
 6.7585468e-002
 6.7742631e-002
 6.7906648e-002
 6.8078488e-002
 6.8256833e-002
 6.8439968e-002
 6.8626106e-002
 6.8813495e-002
 6.9000371e-002
 6.9184981e-002
 6.9365568e-002
 6.9540396e-002
 6.9708101e-002
 6.9868773e-002
 7.0022725e-002
 7.0170306e-002
 7.0311844e-002
 7.0447721e-002
 7.0578240e-002
 7.0703782e-002
 7.0824645e-002
 7.0941195e-002
 7.1053825e-002
 7.1162887e-002
 7.1268797e-002
 7.1371920e-002
 7.1472652e-002
 7.1571343e-002
 7.1668416e-002
 7.1764223e-002
 7.1859121e-002
 7.1953252e-002
 7.2046749e-002
 7.2139725e-002
 7.2232328e-002
 7.2324656e-002
 7.2416872e-002
 7.2509065e-002
 7.2601378e-002
 7.2693892e-002
 7.2786570e-002
 7.2879374e-002
 7.2972246e-002
 7.3065147e-002
 7.3157981e-002
 7.3250733e-002
 7.3343322e-002
 7.3435687e-002
 7.3527686e-002
 7.3618658e-002
 7.3707893e-002
 7.3794670e-002
 7.3878266e-002
 7.3957980e-002
 7.4033089e-002
 7.4102879e-002
 7.4166611e-002
 7.4224472e-002
 7.4279554e-002
 7.4335635e-002
 7.4396476e-002
 7.4465826e-002
 7.4547455e-002
 7.4645102e-002
 7.4762225e-002
 7.4896544e-002
 7.5040728e-002
 7.5187355e-002
 7.5328946e-002
 7.5458042e-002
 7.5567484e-002
 7.5656250e-002
 7.5728565e-002
 7.5788900e-002
 7.5841673e-002
 7.5891323e-002
 7.5942315e-002
 7.5999878e-002
 7.6069824e-002
 7.6158062e-002
 7.6270409e-002
 7.6412745e-002
 7.6590441e-002
 7.6799862e-002
 7.7029437e-002
 7.7267349e-002
 7.7501692e-002
 7.7720620e-002
 7.7912807e-002
 7.8076907e-002
 7.8220524e-002
 7.8351535e-002
 7.8477807e-002
 7.8607224e-002
 7.8747347e-002
 7.8900173e-002
 7.9062693e-002
 7.9231717e-002
 7.9404064e-002
 7.9576544e-002
 7.9746075e-002
 7.9911865e-002
 8.0075152e-002
 8.0237217e-002
 8.0399401e-002
 8.0562964e-002
 8.0729060e-002
 8.0895618e-002
 8.1057720e-002
 8.1210338e-002
 8.1348442e-002
 8.1466988e-002
 8.1561267e-002
 8.1632607e-002
 8.1687823e-002
 8.1733942e-002
 8.1777982e-002
 8.1826955e-002
 8.1887543e-002
 8.1959993e-002
 8.2038686e-002
 8.2117811e-002
 8.2191572e-002
 8.2254134e-002
 8.2300045e-002
 8.2331091e-002
 8.2355678e-002
 8.2382455e-002
 8.2420081e-002
 8.2477175e-002
 8.2561895e-002
 8.2672626e-002
 8.2798727e-002
 8.2929328e-002
 8.3053470e-002
 8.3160251e-002
 8.3239146e-002
 8.3287723e-002
 8.3311014e-002
 8.3314329e-002
 8.3302982e-002
 8.3282292e-002
 8.3257742e-002
 8.3238997e-002
 8.3239503e-002
 8.3272912e-002
 8.3352804e-002
 8.3492801e-002
 8.3705463e-002
 8.3982214e-002
 8.4294841e-002
 8.4614314e-002
 8.4911749e-002
 8.5158177e-002
 8.5326046e-002
 8.5417017e-002
 8.5459955e-002
 8.5484788e-002
 8.5521445e-002
 8.5599311e-002
 8.5730396e-002
 8.5905522e-002
 8.6114228e-002
 8.6346067e-002
 8.6590581e-002
 8.6837374e-002
 8.7075949e-002
 8.7295875e-002
 8.7486900e-002
 8.7646045e-002
 8.7779231e-002
 8.7892860e-002
 8.7993398e-002
 8.8087283e-002
 8.8180929e-002
 8.8280782e-002
 8.8393278e-002
 8.8524774e-002
 8.8678151e-002
 8.8852100e-002
 8.9045018e-002
 8.9255281e-002
 8.9481331e-002
 8.9721568e-002
 8.9974403e-002
 9.0238251e-002
 9.0511471e-002
 9.0791732e-002
 9.1075681e-002
 9.1359980e-002
 9.1641307e-002
 9.1916285e-002
 9.2181526e-002
 9.2433706e-002
 9.2669427e-002
 9.2885450e-002
 9.3081929e-002
 9.3263231e-002
 9.3434006e-002
 9.3598902e-002
 9.3762569e-002
 9.3929641e-002
 9.4104819e-002
 9.4292723e-002
 9.4497897e-002
 9.4720997e-002
 9.4957806e-002
 9.5203824e-002
 9.5454477e-002
 9.5705293e-002
 9.5951721e-002
 9.6189238e-002
 9.6413292e-002
 9.6619487e-002
 9.6807018e-002
 9.6979707e-002
 9.7141653e-002
 9.7296983e-002
 9.7449765e-002
 9.7604133e-002
 9.7764187e-002
 9.7934045e-002
 9.8117724e-002
 9.8316438e-002
 9.8527774e-002
 9.8749086e-002
 9.8977730e-002
 9.9211119e-002
 9.9446580e-002
 9.9681489e-002
 9.9913187e-002
 1.0013908e-001
 1.0035828e-001
 1.0057200e-001
 1.0078164e-001
 1.0098854e-001
 1.0119408e-001
 1.0139962e-001
 1.0160656e-001
 1.0181624e-001
 1.0203003e-001
 1.0224791e-001
 1.0246817e-001
 1.0268894e-001
 1.0290842e-001
 1.0312475e-001
 1.0333610e-001
 1.0354063e-001
 1.0373651e-001
 1.0392190e-001
 1.0409605e-001
 1.0425948e-001
 1.0441282e-001
 1.0455672e-001
 1.0469180e-001
 1.0481866e-001
 1.0493799e-001
 1.0505038e-001
 1.0515649e-001
 1.0525725e-001
 1.0535398e-001
 1.0544802e-001
 1.0554071e-001
 1.0563341e-001
 1.0572746e-001
 1.0582422e-001
 1.0592502e-001
 1.0603115e-001
 1.0614096e-001
 1.0624902e-001
 1.0634965e-001
 1.0643713e-001
 1.0650577e-001
 1.0654984e-001
 1.0656368e-001
 1.0654455e-001
 1.0650636e-001
 1.0646864e-001
 1.0645098e-001
 1.0647296e-001
 1.0655414e-001
 1.0670858e-001
 1.0691959e-001
 1.0715988e-001
 1.0740218e-001
 1.0761919e-001
 1.0778359e-001
 1.0787378e-001
 1.0789986e-001
 1.0788294e-001
 1.0784414e-001
 1.0780456e-001
 1.0778535e-001
 1.0780420e-001
 1.0785976e-001
 1.0794398e-001
 1.0804886e-001
 1.0816634e-001
 1.0828839e-001
 1.0840841e-001
 1.0852785e-001
 1.0865100e-001
 1.0878214e-001
 1.0892557e-001
 1.0908555e-001
 1.0926509e-001
 1.0945969e-001
 1.0966218e-001
 1.0986552e-001
 1.1006255e-001
 1.1024614e-001
 1.1041033e-001
 1.1055571e-001
 1.1068514e-001
 1.1080156e-001
 1.1090782e-001
 1.1100683e-001
 1.1110219e-001
 1.1120149e-001
 1.1131369e-001
 1.1144788e-001
 1.1161302e-001
 1.1181813e-001
 1.1206897e-001
 1.1235279e-001
 1.1265010e-001
 1.1294145e-001
 1.1320744e-001
 1.1342856e-001
 1.1358996e-001
 1.1370336e-001
 1.1378995e-001
 1.1387099e-001
 1.1396769e-001
 1.1410133e-001
 1.1428937e-001
 1.1452782e-001
 1.1480475e-001
 1.1510829e-001
 1.1542658e-001
 1.1574773e-001
 1.1606133e-001
 1.1636592e-001
 1.1666317e-001
 1.1695474e-001
 1.1724234e-001
 1.1752768e-001
 1.1781210e-001
 1.1809540e-001
 1.1837658e-001
 1.1865476e-001
 1.1892904e-001
 1.1919852e-001
 1.1946172e-001
 1.1971435e-001
 1.1995091e-001
 1.2016594e-001
 1.2035404e-001
 1.2050971e-001
 1.2063041e-001
 1.2073085e-001
 1.2083206e-001
 1.2095513e-001
 1.2112111e-001
 1.2135106e-001
 1.2166081e-001
 1.2203479e-001
 1.2244596e-001
 1.2286716e-001
 1.2327122e-001
 1.2363111e-001
 1.2392432e-001
 1.2415665e-001
 1.2434431e-001
 1.2450358e-001
 1.2465066e-001
 1.2480188e-001
 1.2497142e-001
 1.2516119e-001
 1.2536855e-001
 1.2559083e-001
 1.2582533e-001
 1.2606943e-001
 1.2632032e-001
 1.2657444e-001
 1.2682812e-001
 1.2707752e-001
 1.2731883e-001
 1.2754837e-001
 1.2776171e-001
 1.2795083e-001
 1.2810645e-001
 1.2821914e-001
 1.2827958e-001
 1.2827839e-001
 1.2820984e-001
 1.2809025e-001
 1.2794435e-001
 1.2779684e-001
 1.2767251e-001
 1.2759604e-001
 1.2758721e-001
 1.2763517e-001
 1.2771741e-001
 1.2781143e-001
 1.2789470e-001
 1.2794468e-001
 1.2794414e-001
 1.2790859e-001
 1.2786606e-001
 1.2784457e-001
 1.2787223e-001
 1.2797703e-001
 1.2818076e-001
 1.2846592e-001
 1.2879992e-001
 1.2915021e-001
 1.2948418e-001
 1.2976915e-001
 1.2997934e-001
 1.3013089e-001
 1.3025624e-001
 1.3038783e-001
 1.3055821e-001
 1.3079974e-001
 1.3113733e-001
 1.3154772e-001
 1.3198884e-001
 1.3241899e-001
 1.3279592e-001
 1.3307787e-001
 1.3323139e-001
 1.3327812e-001
 1.3326098e-001
 1.3322303e-001
 1.3320720e-001
 1.3325652e-001
 1.3340662e-001
 1.3364594e-001
 1.3394447e-001
 1.3427213e-001
 1.3459885e-001
 1.3489474e-001
 1.3513379e-001
 1.3531762e-001
 1.3545838e-001
 1.3556826e-001
 1.3565956e-001
 1.3574444e-001
 1.3583396e-001
 1.3593148e-001
 1.3603726e-001
 1.3615166e-001
 1.3627490e-001
 1.3640741e-001
 1.3654891e-001
 1.3669640e-001
 1.3684565e-001
 1.3699244e-001
 1.3713263e-001
 1.3726188e-001
 1.3737708e-001
 1.3748153e-001
 1.3758115e-001
 1.3768193e-001
 1.3778980e-001
 1.3791072e-001
 1.3804923e-001
 1.3820082e-001
 1.3835731e-001
 1.3851053e-001
 1.3865228e-001
 1.3877434e-001
 1.3887015e-001
 1.3894333e-001
 1.3900170e-001
 1.3905309e-001
 1.3910529e-001
 1.3916618e-001
 1.3924173e-001
 1.3932633e-001
 1.3940957e-001
 1.3948105e-001
 1.3953038e-001
 1.3954711e-001
 1.3952337e-001
 1.3946806e-001
 1.3939680e-001
 1.3932532e-001
 1.3926929e-001
 1.3924442e-001
 1.3926351e-001
 1.3932000e-001
 1.3939941e-001
 1.3948725e-001
 1.3956903e-001
 1.3963021e-001
 1.3965873e-001
 1.3965811e-001
 1.3963847e-001
 1.3960990e-001
 1.3958248e-001
 1.3956635e-001
 1.3957009e-001
 1.3959239e-001
 1.3962780e-001
 1.3967089e-001
 1.3971621e-001
 1.3975827e-001
 1.3979192e-001
 1.3981365e-001
 1.3982062e-001
 1.3981007e-001
 1.3977915e-001
 1.3972510e-001
 1.3964707e-001
 1.3955736e-001
 1.3947396e-001
 1.3941471e-001
 1.3939756e-001
 1.3944037e-001
 1.3955654e-001
 1.3972804e-001
 1.3992386e-001
 1.4011286e-001
 1.4026392e-001
 1.4034592e-001
 1.4033343e-001
 1.4023997e-001
 1.4009564e-001
 1.3993035e-001
 1.3977426e-001
 1.3965739e-001
 1.3960555e-001
 1.3961570e-001
 1.3967243e-001
 1.3976030e-001
 1.3986392e-001
 1.3996789e-001
 1.4005877e-001
 1.4013737e-001
 1.4021033e-001
 1.4028451e-001
 1.4036660e-001
 1.4046340e-001
 1.4057934e-001
 1.4070302e-001
 1.4081626e-001
 1.4090070e-001
 1.4093818e-001
 1.4091039e-001
 1.4080368e-001
 1.4063627e-001
 1.4044029e-001
 1.4024773e-001
 1.4009076e-001
 1.4000148e-001
 1.4000656e-001
 1.4009489e-001
 1.4023912e-001
 1.4041157e-001
 1.4058486e-001
 1.4073145e-001
 1.4082730e-001
 1.4087343e-001
 1.4088157e-001
 1.4086355e-001
 1.4083122e-001
 1.4079638e-001
 1.4076942e-001
 1.4075041e-001
 1.4073491e-001
 1.4071850e-001
 1.4069672e-001
 1.4066514e-001
 1.4062043e-001
 1.4056726e-001
 1.4051378e-001
 1.4046820e-001
 1.4043874e-001
 1.4043353e-001
 1.4045887e-001
 1.4050670e-001
 1.4056288e-001
 1.4061311e-001
 1.4064319e-001
 1.4063886e-001
 1.4058879e-001
 1.4050272e-001
 1.4039983e-001
 1.4029910e-001
 1.4021978e-001
 1.4018090e-001
 1.4019793e-001
 1.4025874e-001
 1.4033915e-001
 1.4041477e-001
 1.4046142e-001
 1.4045475e-001
 1.4037497e-001
 1.4023526e-001
 1.4006352e-001
 1.3988765e-001
 1.3973565e-001
 1.3963540e-001
 1.3961028e-001
 1.3964950e-001
 1.3972710e-001
 1.3981694e-001
 1.3989298e-001
 1.3992913e-001
 1.3990276e-001
 1.3981675e-001
 1.3968560e-001
 1.3952370e-001
 1.3934563e-001
 1.3916579e-001
 1.3899747e-001
 1.3884509e-001
 1.3870899e-001
 1.3858955e-001
 1.3848706e-001
 1.3840191e-001
 1.3833399e-001
 1.3828015e-001
 1.3823579e-001
 1.3819630e-001
 1.3815710e-001
 1.3811353e-001
 1.3806145e-001
 1.3799952e-001
 1.3792783e-001
 1.3784643e-001
 1.3775532e-001
 1.3765460e-001
 1.3754472e-001
 1.3742927e-001
 1.3731325e-001
 1.3720164e-001
 1.3709949e-001
 1.3701180e-001
 1.3694252e-001
 1.3688780e-001
 1.3684015e-001
 1.3679208e-001
 1.3673604e-001
 1.3666457e-001
 1.3657129e-001
 1.3645895e-001
 1.3633454e-001
 1.3620490e-001
 1.3607711e-001
 1.3595803e-001
 1.3585372e-001
 1.3576262e-001
 1.3567971e-001
 1.3559999e-001
 1.3551837e-001
 1.3542990e-001
 1.3533007e-001
 1.3521856e-001
 1.3509715e-001
 1.3496749e-001
 1.3483132e-001
 1.3469030e-001
 1.3454649e-001
 1.3440348e-001
 1.3426587e-001
 1.3413821e-001
 1.3402501e-001
 1.3393086e-001
 1.3385923e-001
 1.3380496e-001
 1.3375889e-001
 1.3371184e-001
 1.3365464e-001
 1.3357803e-001
 1.3347413e-001
 1.3334458e-001
 1.3319568e-001
 1.3303374e-001
 1.3286498e-001
 1.3269584e-001
 1.3253224e-001
 1.3237782e-001
 1.3223520e-001
 1.3210689e-001
 1.3199545e-001
 1.3190341e-001
 1.3183244e-001
 1.3177699e-001
 1.3172807e-001
 1.3167672e-001
 1.3161393e-001
 1.3153073e-001
 1.3141963e-001
 1.3128556e-001
 1.3113931e-001
 1.3099173e-001
 1.3085373e-001
 1.3073605e-001
 1.3064760e-001
 1.3058019e-001
 1.3051765e-001
 1.3044366e-001
 1.3034201e-001
 1.3019642e-001
 1.2999339e-001
 1.2974267e-001
 1.2946488e-001
 1.2918095e-001
 1.2891175e-001
 1.2867802e-001
 1.2849785e-001
 1.2836528e-001
 1.2826286e-001
 1.2817305e-001
 1.2807836e-001
 1.2796123e-001
 1.2780702e-001
 1.2762551e-001
 1.2743816e-001
 1.2726665e-001
 1.2713255e-001
 1.2705705e-001
 1.2703869e-001
 1.2704401e-001
 1.2703706e-001
 1.2698196e-001
 1.2684496e-001
 1.2663051e-001
 1.2637492e-001
 1.2611581e-001
 1.2589052e-001
 1.2573181e-001
 1.2563334e-001
 1.2556940e-001
 1.2551412e-001
 1.2544164e-001
 1.2533270e-001
 1.2519741e-001
 1.2505411e-001
 1.2492114e-001
 1.2481680e-001
 1.2474924e-001
 1.2470100e-001
 1.2465081e-001
 1.2457740e-001
 1.2445976e-001
 1.2429217e-001
 1.2409069e-001
 1.2387340e-001
 1.2365800e-001
 1.2346188e-001
 1.2329163e-001
 1.2314457e-001
 1.2301791e-001
 1.2290864e-001
 1.2281326e-001
 1.2272296e-001
 1.2262617e-001
 1.2251136e-001
 1.2236692e-001
 1.2218543e-001
 1.2197784e-001
 1.2176052e-001
 1.2154975e-001
 1.2136186e-001
 1.2120697e-001
 1.2107940e-001
 1.2097117e-001
 1.2087417e-001
 1.2078043e-001
 1.2068584e-001
 1.2059191e-001
 1.2050071e-001
 1.2041421e-001
 1.2033407e-001
 1.2025561e-001
 1.2016854e-001
 1.2006240e-001
 1.1992669e-001
 1.1975324e-001
 1.1955273e-001
 1.1934570e-001
 1.1915286e-001
 1.1899471e-001
 1.1888642e-001
 1.1881699e-001
 1.1876795e-001
 1.1872084e-001
 1.1865719e-001
 1.1856493e-001
 1.1844850e-001
 1.1831509e-001
 1.1817173e-001
 1.1802547e-001
 1.1787982e-001
 1.1773288e-001
 1.1758240e-001
 1.1742595e-001
 1.1726160e-001
 1.1709193e-001
 1.1692381e-001
 1.1676426e-001
 1.1662019e-001
 1.1649773e-001
 1.1639410e-001
 1.1630214e-001
 1.1621454e-001
 1.1612406e-001
 1.1602373e-001
 1.1590789e-001
 1.1577142e-001
 1.1560904e-001
 1.1541555e-001
 1.1518645e-001
 1.1492894e-001
 1.1466126e-001
 1.1440169e-001
 1.1416876e-001
 1.1398086e-001
 1.1385557e-001
 1.1379336e-001
 1.1377922e-001
 1.1379767e-001
 1.1383320e-001
 1.1387031e-001
 1.1389382e-001
 1.1389592e-001
 1.1387528e-001
 1.1383088e-001
 1.1376166e-001
 1.1366658e-001
 1.1354472e-001
 1.1339755e-001
 1.1322854e-001
 1.1304146e-001
 1.1283988e-001
 1.1262745e-001
 1.1240795e-001
 1.1218734e-001
 1.1197357e-001
 1.1177458e-001
 1.1159851e-001
 1.1145329e-001
 1.1134648e-001
 1.1127605e-001
 1.1123109e-001
 1.1120045e-001
 1.1117289e-001
 1.1113725e-001
 1.1108271e-001
 1.1100604e-001
 1.1091103e-001
 1.1080164e-001
 1.1068199e-001
 1.1055605e-001
 1.1042777e-001
 1.1029901e-001
 1.1016963e-001
 1.1003953e-001
 1.0990849e-001
 1.0977638e-001
 1.0964311e-001
 1.0951020e-001
 1.0938068e-001
 1.0925756e-001
 1.0914397e-001
 1.0904294e-001
 1.0895728e-001
 1.0888462e-001
 1.0881774e-001
 1.0874923e-001
 1.0867163e-001
 1.0857759e-001
 1.0846009e-001
 1.0832097e-001
 1.0817036e-001
 1.0801862e-001
 1.0787629e-001
 1.0775372e-001
 1.0766081e-001
 1.0759589e-001
 1.0754637e-001
 1.0749926e-001
 1.0744153e-001
 1.0736022e-001
 1.0724289e-001
 1.0708974e-001
 1.0691289e-001
 1.0672483e-001
 1.0653827e-001
 1.0636566e-001
 1.0621931e-001
 1.0610498e-001
 1.0602222e-001
 1.0597035e-001
 1.0594863e-001
 1.0595645e-001
 1.0599262e-001
 1.0604650e-001
 1.0609835e-001
 1.0612812e-001
 1.0611565e-001
 1.0604087e-001
 1.0588482e-001
 1.0565313e-001
 1.0537498e-001
 1.0508059e-001
 1.0479993e-001
 1.0456336e-001
 1.0439970e-001
 1.0431316e-001
 1.0428382e-001
 1.0429083e-001
 1.0431333e-001
 1.0433047e-001
 1.0432210e-001
 1.0428292e-001
 1.0422213e-001
 1.0414946e-001
 1.0407467e-001
 1.0400754e-001
 1.0395742e-001
 1.0392500e-001
 1.0390264e-001
 1.0388227e-001
 1.0385589e-001
 1.0381543e-001
 1.0375289e-001
 1.0366021e-001
 1.0353214e-001
 1.0337412e-001
 1.0319415e-001
 1.0300043e-001
 1.0280091e-001
 1.0260370e-001
 1.0241684e-001
 1.0224841e-001
 1.0210651e-001
 1.0199682e-001
 1.0191616e-001
 1.0185906e-001
 1.0182001e-001
 1.0179359e-001
 1.0177433e-001
 1.0175675e-001
 1.0173540e-001
 1.0170480e-001
 1.0166065e-001
 1.0160333e-001
 1.0153432e-001
 1.0145508e-001
 1.0136715e-001
 1.0127197e-001
 1.0117108e-001
 1.0106593e-001
 1.0095803e-001
 1.0084893e-001
 1.0074031e-001
 1.0063398e-001
 1.0053167e-001
 1.0043516e-001
 1.0034625e-001
 1.0026663e-001
 1.0019812e-001
 1.0014247e-001
 1.0010058e-001
 1.0006991e-001
 1.0004707e-001
 1.0002863e-001
 1.0001119e-001
 9.9991351e-002
 9.9965692e-002
 9.9930808e-002
 9.9883310e-002
 9.9820860e-002
 9.9745758e-002
 9.9661291e-002
 9.9570893e-002
 9.9477895e-002
 9.9385686e-002
 9.9297643e-002
 9.9217080e-002
 9.9147439e-002
 9.9091083e-002
 9.9046566e-002
 9.9011406e-002
 9.8983146e-002
 9.8959327e-002
 9.8937474e-002
 9.8915122e-002
 9.8889820e-002
 9.8859094e-002
 9.8821074e-002
 9.8776385e-002
 9.8726332e-002
 9.8672122e-002
 9.8615050e-002
 9.8556384e-002
 9.8497361e-002
 9.8439276e-002
 9.8383367e-002
 9.8330669e-002
 9.8281130e-002
 9.8234460e-002
 9.8190352e-002
 9.8148495e-002
 9.8108619e-002
 9.8070368e-002
 9.8033488e-002
 9.7997658e-002
 9.7962312e-002
 9.7925819e-002
 9.7886235e-002
 9.7841665e-002
 9.7790174e-002
 9.7729824e-002
 9.7658701e-002
 9.7574882e-002
 9.7476460e-002
 9.7364172e-002
 9.7250253e-002
 9.7149789e-002
 9.7077973e-002
 9.7049959e-002
 9.7079597e-002
 9.7159632e-002
 9.7265899e-002
 9.7373694e-002
 9.7458325e-002
 9.7495094e-002
 9.7460859e-002
 9.7357415e-002
 9.7206928e-002
 9.7031944e-002
 9.6855290e-002
 9.6699528e-002
 9.6586302e-002
 9.6521094e-002
 9.6495964e-002
 9.6502677e-002
 9.6532971e-002
 9.6578613e-002
 9.6631378e-002
 9.6684001e-002
 9.6729897e-002
 9.6762568e-002
 9.6775442e-002
 9.6762031e-002
 9.6716434e-002
 9.6643947e-002
 9.6558884e-002
 9.6475966e-002
 9.6409805e-002
 9.6375011e-002
 9.6385382e-002
 9.6439958e-002
 9.6525617e-002
 9.6628904e-002
 9.6736312e-002
 9.6834369e-002
 9.6910015e-002
 9.6956000e-002
 9.6970066e-002
 9.6950077e-002
 9.6893921e-002
 9.6799403e-002
 9.6665204e-002
 9.6502177e-002
 9.6331708e-002
 9.6175209e-002
 9.6054345e-002
 9.5990606e-002
 9.6004196e-002
 9.6091874e-002
 9.6230961e-002
 9.6398003e-002
 9.6569762e-002
 9.6722767e-002
 9.6834585e-002
 9.6897498e-002
 9.6916117e-002
 9.6895449e-002
 9.6840560e-002
 9.6756451e-002
 9.6648350e-002
 9.6525475e-002
 9.6400186e-002
 9.6285142e-002
 9.6192792e-002
 9.6135758e-002
 9.6125841e-002
 9.6162841e-002
 9.6236221e-002
 9.6335232e-002
 9.6448980e-002
 9.6566692e-002
 9.6677937e-002
 9.6777968e-002
 9.6867129e-002
 9.6945830e-002
 9.7014554e-002
 9.7073704e-002
 9.7123750e-002
 9.7165421e-002
 9.7199544e-002
 9.7227059e-002
 9.7248852e-002
 9.7265817e-002
 9.7278856e-002
 9.7289383e-002
 9.7299181e-002
 9.7310051e-002
 9.7323790e-002
 9.7342215e-002
 9.7366937e-002
 9.7396545e-002
 9.7426899e-002
 9.7453877e-002
 9.7473234e-002
 9.7480841e-002
 9.7472884e-002
 9.7452313e-002
 9.7427994e-002
 9.7408973e-002
 9.7404264e-002
 9.7422883e-002
 9.7473398e-002
 9.7555153e-002
 9.7659469e-002
 9.7777493e-002
 9.7900264e-002
 9.8018929e-002
 9.8124832e-002
 9.8215081e-002
 9.8291695e-002
 9.8356791e-002
 9.8412603e-002
 9.8461233e-002
 9.8504759e-002
 9.8542683e-002
 9.8572224e-002
 9.8590612e-002
 9.8595008e-002
 9.8582625e-002
 9.8550968e-002
 9.8503634e-002
 9.8449618e-002
 9.8398075e-002
 9.8358162e-002
 9.8339051e-002
 9.8349467e-002
 9.8390333e-002
 9.8455660e-002
 9.8539218e-002
 9.8634720e-002
 9.8735981e-002
 9.8836869e-002
 9.8934390e-002
 9.9028297e-002
 9.9118315e-002
 9.9204332e-002
 9.9286065e-002
 9.9363424e-002
 9.9436305e-002
 9.9504948e-002
 9.9569514e-002
 9.9630162e-002
 9.9687077e-002
 9.9740416e-002
 9.9790350e-002
 9.9837147e-002
 9.9881269e-002
 9.9923253e-002
 9.9963620e-002
 1.0000291e-001
 1.0004165e-001
 1.0008039e-001
 1.0011964e-001
 1.0015994e-001
 1.0020222e-001
 1.0024873e-001
 1.0030210e-001
 1.0036486e-001
 1.0043963e-001
 1.0052899e-001
 1.0063551e-001
 1.0076181e-001
 1.0091040e-001
 1.0108183e-001
 1.0126914e-001
 1.0146353e-001
 1.0165644e-001
 1.0183907e-001
 1.0200285e-001
 1.0213898e-001
 1.0223883e-001
 1.0229374e-001
 1.0229877e-001
 1.0226270e-001
 1.0219737e-001
 1.0211465e-001
 1.0202636e-001
 1.0194439e-001
 1.0188058e-001
 1.0184679e-001
 1.0185486e-001
 1.0191281e-001
 1.0201457e-001
 1.0215099e-001
 1.0231274e-001
 1.0249068e-001
 1.0267549e-001
 1.0285798e-001
 1.0302900e-001
 1.0317919e-001
 1.0330191e-001
 1.0339954e-001
 1.0347664e-001
 1.0353768e-001
 1.0358723e-001
 1.0362986e-001
 1.0367003e-001
 1.0371231e-001
 1.0376120e-001
 1.0382029e-001
 1.0388942e-001
 1.0396767e-001
 1.0405409e-001
 1.0414772e-001
 1.0424764e-001
 1.0435283e-001
 1.0446241e-001
 1.0457543e-001
 1.0469069e-001
 1.0480638e-001
 1.0492039e-001
 1.0503075e-001
 1.0513533e-001
 1.0523213e-001
 1.0531915e-001
 1.0539427e-001
 1.0545550e-001
 1.0550173e-001
 1.0553563e-001
 1.0556071e-001
 1.0558045e-001
 1.0559837e-001
 1.0561796e-001
 1.0564276e-001
 1.0567623e-001
 1.0572189e-001
 1.0578226e-001
 1.0585602e-001
 1.0594103e-001
 1.0603507e-001
 1.0613599e-001
 1.0624154e-001
 1.0634959e-001
 1.0645798e-001
 1.0656446e-001
 1.0666692e-001
 1.0676317e-001
 1.0685272e-001
 1.0693663e-001
 1.0701585e-001
 1.0709155e-001
 1.0716471e-001
 1.0723644e-001
 1.0730776e-001
 1.0737975e-001
 1.0745351e-001
 1.0753003e-001
 1.0761045e-001
 1.0769571e-001
 1.0778586e-001
 1.0788000e-001
 1.0797706e-001
 1.0807615e-001
 1.0817620e-001
 1.0827632e-001
 1.0837542e-001
 1.0847258e-001
 1.0856685e-001
 1.0865717e-001
 1.0874263e-001
 1.0882220e-001
 1.0889560e-001
 1.0896306e-001
 1.0902480e-001
 1.0908119e-001
 1.0913241e-001
 1.0917877e-001
 1.0922054e-001
 1.0925799e-001
 1.0929140e-001
 1.0932104e-001
 1.0934717e-001
 1.0937009e-001
 1.0939060e-001
 1.0940998e-001
 1.0942952e-001
 1.0945053e-001
 1.0947431e-001
 1.0950217e-001
 1.0953541e-001
 1.0957532e-001
 1.0962322e-001
 1.0968041e-001
 1.0974819e-001
 1.0982779e-001
 1.0991891e-001
 1.1001962e-001
 1.1012805e-001
 1.1024226e-001
 1.1036026e-001
 1.1048020e-001
 1.1060005e-001
 1.1077563e-001
 1.1108737e-001
 1.1130449e-001
 1.1141580e-001
 1.1144942e-001
 1.1143522e-001
 1.1140303e-001
 1.1138177e-001
 1.1137880e-001
 1.1138013e-001
 1.1137083e-001
 1.1133602e-001
 1.1126155e-001
 1.1115163e-001
 1.1102837e-001
 1.1091473e-001
 1.1083359e-001
 1.1080697e-001
 1.1083672e-001
 1.1090488e-001
 1.1099270e-001
 1.1108138e-001
 1.1115218e-001
 1.1119083e-001
 1.1120056e-001
 1.1118888e-001
 1.1116327e-001
 1.1113121e-001
 1.1110020e-001
 1.1107539e-001
 1.1105312e-001
 1.1102748e-001
 1.1099266e-001
 1.1094280e-001
 1.1087204e-001
 1.1077453e-001
 1.1064637e-001
 1.1049107e-001
 1.1031380e-001
 1.1011988e-001
 1.0991452e-001
 1.0970299e-001
 1.0949049e-001
 1.0928233e-001
 1.0908438e-001
 1.0890520e-001
 1.0875384e-001
 1.0863947e-001
 1.0857116e-001
 1.0855807e-001
 1.0860927e-001
 1.0873390e-001
 1.0893436e-001
 1.0918827e-001
 1.0946727e-001
 1.0974322e-001
 1.0998778e-001
 1.1017274e-001
 1.1026984e-001
 1.1025083e-001
 1.1009610e-001
 1.0981788e-001
 1.0943583e-001
 1.0896953e-001
 1.0843851e-001
 1.0786249e-001
 1.0726094e-001
 1.0665361e-001
 1.0605995e-001
 1.0549971e-001
 1.0499234e-001
 1.0455758e-001
 1.0420976e-001
 1.0394454e-001
 1.0375326e-001
 1.0362729e-001
 1.0355799e-001
 1.0353673e-001
 1.0355484e-001
 1.0360372e-001
 1.0367470e-001
 1.0375915e-001
 1.0384842e-001
 1.0393390e-001
 1.0400827e-001
 1.0406906e-001
 1.0411485e-001
 1.0414425e-001
 1.0415585e-001
 1.0414822e-001
 1.0411997e-001
 1.0406969e-001
 1.0399598e-001
 1.0389740e-001
 1.0377257e-001
 1.0362148e-001
 1.0344899e-001
 1.0326109e-001
 1.0306371e-001
 1.0286285e-001
 1.0266444e-001
 1.0247446e-001
 1.0229887e-001
 1.0214363e-001
 1.0201471e-001
 1.0191636e-001
 1.0184701e-001
 1.0180379e-001
 1.0178383e-001
 1.0178425e-001
 1.0180222e-001
 1.0183486e-001
 1.0187930e-001
 1.0193269e-001
 1.0199216e-001
 1.0205579e-001
 1.0212493e-001
 1.0220157e-001
 1.0228777e-001
 1.0238553e-001
 1.0249688e-001
 1.0262383e-001
 1.0276844e-001
 1.0293270e-001
 1.0311867e-001
 1.0332664e-001
 1.0355147e-001
 1.0378662e-001
 1.0402577e-001
 1.0426242e-001
 1.0449020e-001
 1.0470262e-001
 1.0489333e-001
 1.0505585e-001
 1.0518606e-001
 1.0528737e-001
 1.0536476e-001
 1.0542326e-001
 1.0546783e-001
 1.0550349e-001
 1.0553524e-001
 1.0556806e-001
 1.0560547e-001
 1.0564614e-001
 1.0568776e-001
 1.0572799e-001
 1.0576449e-001
 1.0579497e-001
 1.0581707e-001
 1.0582848e-001
 1.0583049e-001
 1.0583622e-001
 1.0586125e-001
 1.0592105e-001
 1.0603121e-001
 1.0620723e-001
 1.0646470e-001
 1.0681907e-001
 1.0727483e-001
 1.0780027e-001
 1.0835671e-001
 1.0890521e-001
 1.0940710e-001
 1.0982341e-001
 1.1011545e-001
 1.1026148e-001
 1.1029448e-001
 1.1025827e-001
 1.1019672e-001
 1.1015367e-001
 1.1017295e-001
 1.1028287e-001
 1.1046240e-001
 1.1068086e-001
 1.1090747e-001
 1.1111155e-001
 1.1126234e-001
 1.1134081e-001
 1.1136457e-001
 1.1135836e-001
 1.1134697e-001
 1.1135519e-001
 1.1140779e-001
 1.1152089e-001
 1.1168355e-001
 1.1187959e-001
 1.1209290e-001
 1.1230725e-001
 1.1250655e-001
 1.1267862e-001
 1.1282405e-001
 1.1294579e-001
 1.1304677e-001
 1.1312999e-001
 1.1319836e-001
 1.1325528e-001
 1.1330536e-001
 1.1335347e-001
 1.1340445e-001
 1.1346320e-001
 1.1353453e-001
 1.1362208e-001
 1.1372546e-001
 1.1384371e-001
 1.1397567e-001
 1.1412033e-001
 1.1427663e-001
 1.1444215e-001
 1.1461034e-001
 1.1477382e-001
 1.1492527e-001
 1.1505737e-001
 1.1516280e-001
 1.1523763e-001
 1.1528838e-001
 1.1532352e-001
 1.1535145e-001
 1.1538061e-001
 1.1541939e-001
 1.1547060e-001
 1.1552042e-001
 1.1555184e-001
 1.1554794e-001
 1.1549174e-001
 1.1536845e-001
 1.1519509e-001
 1.1501297e-001
 1.1486414e-001
 1.1479054e-001
 1.1483103e-001
 1.1497941e-001
 1.1519501e-001
 1.1543641e-001
 1.1566219e-001
 1.1583295e-001
 1.1593892e-001
 1.1599267e-001
 1.1600739e-001
 1.1599624e-001
 1.1597223e-001
 1.1594643e-001
 1.1592839e-001
 1.1592767e-001
 1.1595377e-001
 1.1601473e-001
 1.1609698e-001
 1.1617086e-001
 1.1620632e-001
 1.1617330e-001
 1.1604509e-001
 1.1584209e-001
 1.1561961e-001
 1.1543381e-001
 1.1534090e-001
 1.1539206e-001
 1.1556915e-001
 1.1580308e-001
 1.1602333e-001
 1.1615957e-001
 1.1614703e-001
 1.1599904e-001
 1.1578628e-001
 1.1558066e-001
 1.1545406e-001
 1.1547346e-001
 1.1563767e-001
 1.1589569e-001
 1.1619552e-001
 1.1648513e-001
 1.1671496e-001
 1.1686859e-001
 1.1695384e-001
 1.1697903e-001
 1.1695242e-001
 1.1688262e-001
 1.1678212e-001
 1.1666623e-001
 1.1655028e-001
 1.1644962e-001
 1.1637882e-001
 1.1634123e-001
 1.1633226e-001
 1.1634713e-001
 1.1638106e-001
 1.1642941e-001
 1.1648943e-001
 1.1655962e-001
 1.1663855e-001
 1.1672474e-001
 1.1681684e-001
 1.1691422e-001
 1.1701675e-001
 1.1712436e-001
 1.1723696e-001
 1.1735404e-001
 1.1746947e-001
 1.1757305e-001
 1.1765467e-001
 1.1770407e-001
 1.1771272e-001
 1.1769319e-001
 1.1767282e-001
 1.1767926e-001
 1.1774019e-001
 1.1788018e-001
 1.1808477e-001
 1.1831244e-001
 1.1852108e-001
 1.1866864e-001
 1.1871695e-001
 1.1867885e-001
 1.1860219e-001
 1.1853558e-001
 1.1852761e-001
 1.1862236e-001
 1.1880749e-001
 1.1903197e-001
 1.1924390e-001
 1.1939149e-001
 1.1942782e-001
 1.1936715e-001
 1.1926532e-001
 1.1917912e-001
 1.1916523e-001
 1.1927553e-001
 1.1950239e-001
 1.1979755e-001
 1.2011221e-001
 1.2039749e-001
 1.2060808e-001
 1.2074161e-001
 1.2082487e-001
 1.2088516e-001
 1.2094974e-001
 1.2104439e-001
 1.2117673e-001
 1.2134228e-001
 1.2153630e-001
 1.2175407e-001
 1.2198989e-001
 1.2222721e-001
 1.2244213e-001
 1.2261071e-001
 1.2270886e-001
 1.2271619e-001
 1.2265545e-001
 1.2257784e-001
 1.2253510e-001
 1.2257895e-001
 1.2275566e-001
 1.2304684e-001
 1.2339168e-001
 1.2372837e-001
 1.2399538e-001
 1.2413715e-001
 1.2416971e-001
 1.2415578e-001
 1.2415892e-001
 1.2424266e-001
 1.2446442e-001
 1.2480889e-001
 1.2521388e-001
 1.2561640e-001
 1.2595341e-001
 1.2616785e-001
 1.2627105e-001
 1.2631874e-001
 1.2636726e-001
 1.2647299e-001
 1.2668693e-001
 1.2699838e-001
 1.2735714e-001
 1.2771238e-001
 1.2801312e-001
 1.2821321e-001
 1.2832010e-001
 1.2837532e-001
 1.2842095e-001
 1.2849908e-001
 1.2864856e-001
 1.2887174e-001
 1.2914790e-001
 1.2945580e-001
 1.2977436e-001
 1.3008423e-001
 1.3038646e-001
 1.3069460e-001
 1.3102262e-001
 1.3138442e-001
 1.3179125e-001
 1.3222323e-001
 1.3264155e-001
 1.3300698e-001
 1.3328026e-001
 1.3342740e-001
 1.3347091e-001
 1.3346879e-001
 1.3347945e-001
 1.3356134e-001
 1.3376749e-001
 1.3409112e-001
 1.3448879e-001
 1.3491651e-001
 1.3532999e-001
 1.3568842e-001
 1.3598511e-001
 1.3623436e-001
 1.3645078e-001
 1.3664897e-001
 1.3684291e-001
 1.3703983e-001
 1.3724293e-001
 1.3745517e-001
 1.3767967e-001
 1.3792044e-001
 1.3819151e-001
 1.3851275e-001
 1.3890433e-001
 1.3938634e-001
 1.3997406e-001
 1.4063139e-001
 1.4129087e-001
 1.4188503e-001
 1.4234623e-001
 1.4261511e-001
 1.4271766e-001
 1.4273141e-001
 1.4273450e-001
 1.4280511e-001
 1.4301379e-001
 1.4335233e-001
 1.4376576e-001
 1.4419849e-001
 1.4459470e-001
 1.4490435e-001
 1.4513490e-001
 1.4532775e-001
 1.4552483e-001
 1.4576793e-001
 1.4609490e-001
 1.4650221e-001
 1.4696217e-001
 1.4744635e-001
 1.4792672e-001
 1.4837769e-001
 1.4879997e-001
 1.4920922e-001
 1.4962159e-001
 1.5005319e-001
 1.5051700e-001
 1.5099497e-001
 1.5145066e-001
 1.5184772e-001
 1.5214974e-001
 1.5232646e-001
 1.5240955e-001
 1.5246654e-001
 1.5256533e-001
 1.5277390e-001
 1.5315206e-001
 1.5368006e-001
 1.5429239e-001
 1.5492307e-001
 1.5550619e-001
 1.5598176e-001
 1.5635204e-001
 1.5665446e-001
 1.5692687e-001
 1.5720695e-001
 1.5752952e-001
 1.5789928e-001
 1.5830405e-001
 1.5873118e-001
 1.5916830e-001
 1.5960366e-001
 1.6003254e-001
 1.6045395e-001
 1.6086714e-001
 1.6127132e-001
 1.6166571e-001
 1.6204989e-001
 1.6242337e-001
 1.6278593e-001
 1.6313721e-001
 1.6347735e-001
 1.6380969e-001
 1.6413982e-001
 1.6447321e-001
 1.6481544e-001
 1.6517127e-001
 1.6553989e-001
 1.6591738e-001
 1.6629970e-001
 1.6668293e-001
 1.6706347e-001
 1.6744360e-001
 1.6782852e-001
 1.6822354e-001
 1.6863377e-001
 1.6906387e-001
 1.6951205e-001
 1.6997321e-001
 1.7044185e-001
 1.7091286e-001
 1.7138022e-001
 1.7183141e-001
 1.7225048e-001
 1.7262109e-001
 1.7292720e-001
 1.7315657e-001
 1.7333192e-001
 1.7349482e-001
 1.7368712e-001
 1.7395063e-001
 1.7432271e-001
 1.7479889e-001
 1.7535280e-001
 1.7595769e-001
 1.7658707e-001
 1.7721432e-001
 1.7781685e-001
 1.7837395e-001
 1.7886482e-001
 1.7926879e-001
 1.7956907e-001
 1.7978646e-001
 1.7996146e-001
 1.8013470e-001
 1.8034677e-001
 1.8063428e-001
 1.8099768e-001
 1.8141876e-001
 1.8187863e-001
 1.8235883e-001
 1.8284206e-001
 1.8332243e-001
 1.8380015e-001
 1.8427517e-001
 1.8474768e-001
 1.8521680e-001
 1.8567188e-001
 1.8609712e-001
 1.8647681e-001
 1.8679525e-001
 1.8704069e-001
 1.8723521e-001
 1.8741870e-001
 1.8763106e-001
 1.8791223e-001
 1.8829700e-001
 1.8877468e-001
 1.8931174e-001
 1.8987435e-001
 1.9042878e-001
 1.9094364e-001
 1.9141026e-001
 1.9183137e-001
 1.9220982e-001
 1.9254822e-001
 1.9285057e-001
 1.9313045e-001
 1.9340636e-001
 1.9369683e-001
 1.9402023e-001
 1.9439341e-001
 1.9481841e-001
 1.9529006e-001
 1.9580276e-001
 1.9635127e-001
 1.9692919e-001
 1.9752125e-001
 1.9810738e-001
 1.9866781e-001
 1.9918269e-001
 1.9963472e-001
 2.0002623e-001
 2.0036998e-001
 2.0067865e-001
 2.0096487e-001
 2.0124029e-001
 2.0150714e-001
 2.0176345e-001
 2.0200710e-001
 2.0223597e-001
 2.0244761e-001
 2.0263731e-001
 2.0279934e-001
 2.0292783e-001
 2.0301689e-001
 2.0305997e-001
 2.0304368e-001
 2.0295152e-001
 2.0276679e-001
 2.0247301e-001
 2.0205992e-001
 2.0156854e-001
 2.0106475e-001
 2.0061480e-001
 2.0028463e-001
 2.0013203e-001
 2.0014830e-001
 2.0029278e-001
 2.0052469e-001
 2.0080309e-001
 2.0109119e-001
 2.0138395e-001
 2.0169130e-001
 2.0202343e-001
 2.0239049e-001
 2.0280439e-001
 2.0328973e-001
 2.0387769e-001
 2.0459929e-001
 2.0548579e-001
 2.0655963e-001
 2.0777935e-001
 2.0907301e-001
 2.1036865e-001
 2.1159348e-001
 2.1268359e-001
 2.1363626e-001
 2.1447766e-001
 2.1523421e-001
 2.1593186e-001
 2.1659373e-001
 2.1721624e-001
 2.1778376e-001
 2.1828011e-001
 2.1868956e-001
 2.1900110e-001
 2.1924075e-001
 2.1945158e-001
 2.1967678e-001
 2.1995963e-001
 2.2033589e-001
 2.2078487e-001
 2.2125968e-001
 2.2171348e-001
 2.2209944e-001
 2.2237885e-001
 2.2257480e-001
 2.2273874e-001
 2.2292213e-001
 2.2317663e-001
 2.2354555e-001
 2.2401226e-001
 2.2453277e-001
 2.2506291e-001
 2.2555868e-001
 2.2598180e-001
 2.2634012e-001
 2.2666186e-001
 2.2697549e-001
 2.2730917e-001
 2.2768627e-001
 2.2809258e-001
 2.2849713e-001
 2.2886865e-001
 2.2917610e-001
 2.2939542e-001
 2.2955383e-001
 2.2970136e-001
 2.2988820e-001
 2.3016451e-001
 2.3057166e-001
 2.3108745e-001
 2.3166098e-001
 2.3224173e-001
 2.3277895e-001
 2.3323041e-001
 2.3361416e-001
 2.3397507e-001
 2.3435812e-001
 2.3480833e-001
 2.3536351e-001
 2.3601294e-001
 2.3672426e-001
 2.3746507e-001
 2.3820318e-001
 2.3890872e-001
 2.3957272e-001
 2.4019489e-001
 2.4077508e-001
 2.4131277e-001
 2.4180757e-001
 2.4225697e-001
 2.4265769e-001
 2.4300611e-001
 2.4329905e-001
 2.4353556e-001
 2.4373205e-001
 2.4391238e-001
 2.4410033e-001
 2.4431980e-001
 2.4459074e-001
 2.4490653e-001
 2.4524879e-001
 2.4559943e-001
 2.4594025e-001
 2.4625789e-001
 2.4657148e-001
 2.4691433e-001
 2.4731961e-001
 2.4782060e-001
 2.4844085e-001
 2.4913594e-001
 2.4983354e-001
 2.5046110e-001
 2.5094616e-001
 2.5123039e-001
 2.5135398e-001
 2.5139791e-001
 2.5144336e-001
 2.5157154e-001
 2.5184986e-001
 2.5225326e-001
 2.5271845e-001
 2.5318155e-001
 2.5357920e-001
 2.5386178e-001
 2.5407335e-001
 2.5429663e-001
 2.5461426e-001
 2.5510901e-001
 2.5584316e-001
 2.5674164e-001
 2.5767279e-001
 2.5850525e-001
 2.5910756e-001
 2.5937209e-001
 2.5934860e-001
 2.5915119e-001
 2.5889397e-001
 2.5869098e-001
 2.5865540e-001
 2.5883749e-001
 2.5919122e-001
 2.5966257e-001
 2.6019752e-001
 2.6074171e-001
 2.6124164e-001
 2.6167017e-001
 2.6204053e-001
 2.6236910e-001
 2.6267257e-001
 2.6296756e-001
 2.6327050e-001
 2.6359394e-001
 2.6394397e-001
 2.6432654e-001
 2.6474744e-001
 2.6521251e-001
 2.6572725e-001
 2.6628786e-001
 2.6687652e-001
 2.6747432e-001
 2.6806191e-001
 2.6862025e-001
 2.6913062e-001
 2.6958585e-001
 2.6999593e-001
 2.7037251e-001
 2.7072716e-001
 2.7107143e-001
 2.7141696e-001
 2.7177089e-001
 2.7213472e-001
 2.7250931e-001
 2.7289554e-001
 2.7329409e-001
 2.7370596e-001
 2.7413112e-001
 2.7456477e-001
 2.7499971e-001
 2.7542910e-001
 2.7584600e-001
 2.7624351e-001
 2.7661479e-001
 2.7695504e-001
 2.7727416e-001
 2.7758750e-001
 2.7791047e-001
 2.7825832e-001
 2.7864635e-001
 2.7908999e-001
 2.7960074e-001
 2.8016555e-001
 2.8076279e-001
 2.8137052e-001
 2.8196692e-001
 2.8253025e-001
 2.8303838e-001
 2.8347439e-001
 2.8385025e-001
 2.8418887e-001
 2.8451294e-001
 2.8484541e-001
 2.8520906e-001
 2.8562701e-001
 2.8611693e-001
 2.8666818e-001
 2.8725913e-001
 2.8786844e-001
 2.8847423e-001
 2.8905508e-001
 2.8958941e-001
 2.9005948e-001
 2.9047006e-001
 2.9083386e-001
 2.9116389e-001
 2.9147309e-001
 2.9177442e-001
 2.9208070e-001
 2.9240382e-001
 2.9274940e-001
 2.9312098e-001
 2.9352161e-001
 2.9395485e-001
 2.9442391e-001
 2.9493225e-001
 2.9548186e-001
 2.9606634e-001
 2.9667652e-001
 2.9730326e-001
 2.9793751e-001
 2.9856980e-001
 2.9919103e-001
 2.9979274e-001
 3.0037063e-001
 3.0092141e-001
 3.0144227e-001
 3.0193025e-001
 3.0238226e-001
 3.0279547e-001
 3.0316821e-001
 3.0350757e-001
 3.0382368e-001
 3.0412650e-001
 3.0442607e-001
 3.0473244e-001
 3.0505568e-001
 3.0540469e-001
 3.0578125e-001
 3.0618489e-001
 3.0661505e-001
 3.0707136e-001
 3.0755308e-001
 3.0805981e-001
 3.0859011e-001
 3.0913740e-001
 3.0969352e-001
 3.1024987e-001
 3.1079823e-001
 3.1133035e-001
 3.1183797e-001
 3.1231439e-001
 3.1276375e-001
 3.1319350e-001
 3.1361127e-001
 3.1402442e-001
 3.1444052e-001
 3.1486717e-001
 3.1530976e-001
 3.1576270e-001
 3.1621620e-001
 3.1666070e-001
 3.1708673e-001
 3.1748474e-001
 3.1784496e-001
 3.1816104e-001
 3.1844345e-001
 3.1870839e-001
 3.1897187e-001
 3.1925017e-001
 3.1955940e-001
 3.1991577e-001
 3.2033518e-001
 3.2082066e-001
 3.2135928e-001
 3.2193688e-001
 3.2253954e-001
 3.2315278e-001
 3.2376266e-001
 3.2435504e-001
 3.2491618e-001
 3.2544127e-001
 3.2593787e-001
 3.2641411e-001
 3.2687822e-001
 3.2733852e-001
 3.2780290e-001
 3.2827967e-001
 3.2877687e-001
 3.2929730e-001
 3.2983682e-001
 3.3039096e-001
 3.3095545e-001
 3.3152583e-001
 3.3209744e-001
 3.3266598e-001
 3.3322701e-001
 3.3377600e-001
 3.3430785e-001
 3.3481777e-001
 3.3530092e-001
 3.3575243e-001
 3.3616742e-001
 3.3654085e-001
 3.3686814e-001
 3.3715075e-001
 3.3739769e-001
 3.3761862e-001
 3.3782291e-001
 3.3802029e-001
 3.3822027e-001
 3.3843237e-001
 3.3866605e-001
 3.3892614e-001
 3.3921173e-001
 3.3952183e-001
 3.3985507e-001
 3.4021038e-001
 3.4058657e-001
 3.4098256e-001
 3.4139699e-001
 3.4182858e-001
 3.4227571e-001
 3.4273699e-001
 3.4321040e-001
 3.4369463e-001
 3.4418797e-001
 3.4468886e-001
 3.4519562e-001
 3.4570271e-001
 3.4620029e-001
 3.4667832e-001
 3.4712666e-001
 3.4753501e-001
 3.4789333e-001
 3.4819150e-001
 3.4841993e-001
 3.4858370e-001
 3.4870601e-001
 3.4881109e-001
 3.4892300e-001
 3.4906599e-001
 3.4926412e-001
 3.4954160e-001
 3.4992188e-001
 3.5040697e-001
 3.5097274e-001
 3.5159406e-001
 3.5224551e-001
 3.5290205e-001
 3.5353807e-001
 3.5412836e-001
 3.5464817e-001
 3.5508966e-001
 3.5546416e-001
 3.5578454e-001
 3.5606357e-001
 3.5631403e-001
 3.5654867e-001
 3.5678008e-001
 3.5702097e-001
 3.5727766e-001
 3.5754928e-001
 3.5783461e-001
 3.5813245e-001
 3.5844150e-001
 3.5876071e-001
 3.5908860e-001
 3.5942423e-001
 3.5977194e-001
 3.6014211e-001
 3.6054572e-001
 3.6099336e-001
 3.6149588e-001
 3.6206415e-001
 3.6270905e-001
 3.6344054e-001
 3.6424962e-001
 3.6510536e-001
 3.6597598e-001
 3.6682886e-001
 3.6763212e-001
 3.6835366e-001
 3.6896148e-001
 3.6942419e-001
 3.6973754e-001
 3.6992741e-001
 3.7002125e-001
 3.7004659e-001
 3.7003091e-001
 3.7000170e-001
 3.6998641e-001
 3.7001204e-001
 3.7009022e-001
 3.7021545e-001
 3.7038136e-001
 3.7058157e-001
 3.7080970e-001
 3.7105939e-001
 3.7132421e-001
 3.7159792e-001
 3.7187415e-001
 3.7214968e-001
 3.7242478e-001
 3.7269992e-001
 3.7297553e-001
 3.7325189e-001
 3.7352943e-001
 3.7380862e-001
 3.7408999e-001
 3.7437367e-001
 3.7466019e-001
 3.7494934e-001
 3.7524000e-001
 3.7553126e-001
 3.7582192e-001
 3.7611097e-001
 3.7639743e-001
 3.7668031e-001
 3.7695840e-001
 3.7723070e-001
 3.7749633e-001
 3.7775549e-001
 3.7800953e-001
 3.7826017e-001
 3.7850899e-001
 3.7875751e-001
 3.7900746e-001
 3.7926021e-001
 3.7951750e-001
 3.7978086e-001
 3.8005185e-001
 3.8033044e-001
 3.8061512e-001
 3.8090414e-001
 3.8119605e-001
 3.8148904e-001
 3.8178146e-001
 3.8207173e-001
 3.8235831e-001
 3.8263926e-001
 3.8291320e-001
 3.8317841e-001
 3.8343343e-001
 3.8367683e-001
 3.8390702e-001
 3.8412252e-001
 3.8432175e-001
 3.8450339e-001
 3.8466579e-001
 3.8480744e-001
 3.8492706e-001
 3.8502654e-001
 3.8511118e-001
 3.8518646e-001
 3.8525793e-001
 3.8533106e-001
 3.8541138e-001
 3.8550425e-001
 3.8561532e-001
 3.8574997e-001
 3.8591355e-001
 3.8610545e-001
 3.8631934e-001
 3.8654834e-001
 3.8678586e-001
 3.8702506e-001
 3.8725927e-001
 3.8748181e-001
 3.8768589e-001
 3.8786486e-001
 3.8801220e-001
 3.8812840e-001
 3.8822073e-001
 3.8829699e-001
 3.8836470e-001
 3.8843167e-001
 3.8850549e-001
 3.8859394e-001
 3.8870457e-001
 3.8884509e-001
 3.8902298e-001
 3.8924152e-001
 3.8949916e-001
 3.8979453e-001
 3.9012626e-001
 3.9049283e-001
 3.9089283e-001
 3.9132467e-001
 3.9178696e-001
 3.9227816e-001
 3.9279684e-001
 3.9333788e-001
 3.9389303e-001
 3.9445397e-001
 3.9501247e-001
 3.9555985e-001
 3.9608786e-001
 3.9658809e-001
 3.9705223e-001
 3.9747190e-001
 3.9783889e-001
 3.9815208e-001
 3.9841697e-001
 3.9863944e-001
 3.9882517e-001
 3.9898008e-001
 3.9910984e-001
 3.9922044e-001
 3.9931756e-001
 3.9940703e-001
 3.9949465e-001
 3.9958644e-001
 3.9968845e-001
 3.9980683e-001
 3.9994767e-001
 4.0011713e-001
 4.0032136e-001
 4.0056637e-001
 4.0085831e-001
 4.0120333e-001
 4.0160713e-001
 4.0206471e-001
 4.0256134e-001
 4.0308180e-001
 4.0361097e-001
 4.0413347e-001
 4.0463412e-001
 4.0509778e-001
 4.0550914e-001
 4.0585315e-001
 4.0611491e-001
 4.0629137e-001
 4.0639019e-001
 4.0641958e-001
 4.0638757e-001
 4.0630227e-001
 4.0617192e-001
 4.0600449e-001
 4.0580818e-001
 4.0559110e-001
 4.0536135e-001
 4.0512598e-001
 4.0489095e-001
 4.0466258e-001
 4.0444684e-001
 4.0424982e-001
 4.0407756e-001
 4.0393618e-001
 4.0383178e-001
 4.0377036e-001
 4.0375787e-001
 4.0379533e-001
 4.0387943e-001
 4.0400675e-001
 4.0417388e-001
 4.0437731e-001
 4.0461352e-001
 4.0487918e-001
 4.0517077e-001
 4.0548488e-001
 4.0581778e-001
 4.0616134e-001
 4.0650359e-001
 4.0683225e-001
 4.0713489e-001
 4.0739951e-001
 4.0761375e-001
 4.0776542e-001
 4.0784213e-001
 4.0783179e-001
 4.0772292e-001
 4.0752029e-001
 4.0724307e-001
 4.0691116e-001
 4.0654433e-001
 4.0616229e-001
 4.0578482e-001
 4.0543187e-001
 4.0512305e-001
 4.0487823e-001
 4.0471628e-001
 4.0464008e-001
 4.0463793e-001
 4.0469787e-001
 4.0480775e-001
 4.0495548e-001
 4.0512899e-001
 4.0531620e-001
 4.0550506e-001
 4.0568346e-001
 4.0583974e-001
 4.0597078e-001
 4.0608066e-001
 4.0617400e-001
 4.0625522e-001
 4.0632868e-001
 4.0639895e-001
 4.0647051e-001
 4.0654781e-001
 4.0663522e-001
 4.0673751e-001
 4.0686390e-001
 4.0702727e-001
 4.0724072e-001
 4.0751737e-001
 4.0787035e-001
 4.0831283e-001
 4.0885776e-001
 4.0951833e-001
 4.1030762e-001
 4.1123757e-001
 4.1229939e-001
 4.1346535e-001
 4.1470796e-001
 4.1599956e-001
 4.1731259e-001
 4.1861877e-001
 4.1989076e-001
 4.2110065e-001
 4.2222106e-001
 4.2322508e-001
 4.2411011e-001
 4.2489335e-001
 4.2559269e-001
 4.2622578e-001
 4.2681038e-001
 4.2736441e-001
 4.2790562e-001
 4.2845196e-001
 4.2902097e-001
 4.2962989e-001
 4.3028426e-001
 4.3098009e-001
 4.3171251e-001
 4.3247718e-001
 4.3326962e-001
 4.3408555e-001
 4.3492001e-001
 4.3576881e-001
 4.3662736e-001
 4.3749115e-001
 4.3835425e-001
 4.3920904e-001
 4.4004828e-001
 4.4086465e-001
 4.4165099e-001
 4.4239956e-001
 4.4310319e-001
 4.4375464e-001
 4.4434661e-001
 4.4487199e-001
 4.4533339e-001
 4.4574067e-001
 4.4610393e-001
 4.4643342e-001
 4.4673899e-001
 4.4703090e-001
 4.4731918e-001
 4.4761410e-001
 4.4792557e-001
 4.4826335e-001
 4.4862911e-001
 4.4901854e-001
 4.4942674e-001
 4.4984898e-001
 4.5028064e-001
 4.5071703e-001
 4.5115328e-001
 4.5158476e-001
 4.5200676e-001
 4.5241469e-001
 4.5280629e-001
 4.5318070e-001
 4.5353743e-001
 4.5387587e-001
 4.5419544e-001
 4.5449549e-001
 4.5477542e-001
 4.5503470e-001
 4.5527273e-001
 4.5548904e-001
 4.5568642e-001
 4.5587024e-001
 4.5604575e-001
 4.5621836e-001
 4.5639333e-001
 4.5657605e-001
 4.5677188e-001
 4.5698619e-001
 4.5722422e-001
 4.5749095e-001
 4.5778444e-001
 4.5809749e-001
 4.5842254e-001
 4.5875221e-001
 4.5907918e-001
 4.5939597e-001
 4.5969525e-001
 4.5996952e-001
 4.6021143e-001
 4.6041408e-001
 4.6057856e-001
 4.6071196e-001
 4.6082163e-001
 4.6091488e-001
 4.6099907e-001
 4.6108145e-001
 4.6116936e-001
 4.6127015e-001
 4.6139115e-001
 4.6153897e-001
 4.6171141e-001
 4.6189937e-001
 4.6209362e-001
 4.6228489e-001
 4.6246386e-001
 4.6262124e-001
 4.6274787e-001
 4.6283448e-001
 4.6287164e-001
 4.6285132e-001
 4.6277955e-001
 4.6267349e-001
 4.6255040e-001
 4.6242777e-001
 4.6232274e-001
 4.6225283e-001
 4.6223521e-001
 4.6228740e-001
 4.6242657e-001
 4.6266872e-001
 4.6300828e-001
 4.6342400e-001
 4.6389413e-001
 4.6439710e-001
 4.6491134e-001
 4.6541491e-001
 4.6588627e-001
 4.6630380e-001
 4.6664575e-001
 4.6689203e-001
 4.6704218e-001
 4.6711037e-001
 4.6711123e-001
 4.6705928e-001
 4.6696916e-001
 4.6685541e-001
 4.6673250e-001
 4.6661514e-001
 4.6651775e-001
 4.6645421e-001
 4.6642700e-001
 4.6643060e-001
 4.6645924e-001
 4.6650720e-001
 4.6656865e-001
 4.6663800e-001
 4.6670941e-001
 4.6677721e-001
 4.6683556e-001
 4.6687886e-001
 4.6690172e-001
 4.6689910e-001
 4.6686593e-001
 4.6679723e-001
 4.6668786e-001
 4.6653286e-001
 4.6632713e-001
 4.6606570e-001
 4.6574345e-001
 4.6535611e-001
 4.6491122e-001
 4.6442395e-001
 4.6390992e-001
 4.6338454e-001
 4.6286356e-001
 4.6236253e-001
 4.6189681e-001
 4.6148205e-001
 4.6113381e-001
 4.6086630e-001
 4.6067524e-001
 4.6054399e-001
 4.6045533e-001
 4.6039224e-001
 4.6033752e-001
 4.6027416e-001
 4.6018499e-001
 4.6005303e-001
 4.5986104e-001
 4.5959327e-001
 4.5924965e-001
 4.5884156e-001
 4.5838022e-001
 4.5787698e-001
 4.5734316e-001
 4.5679003e-001
 4.5622912e-001
 4.5567173e-001
 4.5512912e-001
 4.5461151e-001
 4.5411664e-001
 4.5363316e-001
 4.5314959e-001
 4.5265442e-001
 4.5213640e-001
 4.5158407e-001
 4.5098588e-001
 4.5033035e-001
 4.4960627e-001
 4.4880286e-001
 4.4791821e-001
 4.4695649e-001
 4.4592166e-001
 4.4481847e-001
 4.4365093e-001
 4.4242328e-001
 4.4113940e-001
 4.3980420e-001
 4.3842164e-001
 4.3699455e-001
 4.3550852e-001
 4.3393883e-001
 4.3225965e-001
 4.3044546e-001
 4.2847070e-001
 4.2630926e-001
 4.2393664e-001
 4.2132685e-001
 4.1845426e-001
 4.1529572e-001
 4.1186690e-001
 4.0820560e-001
 4.0435061e-001
 4.0033981e-001
 3.9621401e-001
 3.9201117e-001
 3.8777003e-001
 3.8352951e-001
 3.7932751e-001
 3.7520528e-001
 3.7120649e-001
 3.6737919e-001
 3.6377066e-001
 3.6043087e-001
 3.5740700e-001
 3.5474724e-001
 3.5249922e-001
 3.5071212e-001
 3.4943357e-001
 3.4870601e-001
 3.4850633e-001
 3.4876940e-001
 3.4942919e-001
 3.5041976e-001
 3.5167521e-001
 3.5313007e-001
 3.5471761e-001
 3.5637227e-001
 3.5802814e-001
 3.5962337e-001
 3.6113665e-001
 3.6257419e-001
 3.6394227e-001
 3.6524752e-001
 3.6649555e-001
 3.6769301e-001
 3.6884615e-001
 3.6996129e-001
 3.7104499e-001
 3.7210125e-001
 3.7311587e-001
 3.7406227e-001
 3.7491414e-001
 3.7564427e-001
 3.7622625e-001
 3.7663344e-001
 3.7683916e-001
 3.7681669e-001
 3.7653941e-001
 3.7598407e-001
 3.7516424e-001
 3.7411624e-001
 3.7287733e-001
 3.7148422e-001
 3.6997369e-001
 3.6838225e-001
 3.6674747e-001
 3.6510587e-001
 3.6349422e-001
 3.6194709e-001
 3.6047822e-001
 3.5908702e-001
 3.5777307e-001
 3.5653552e-001
 3.5537466e-001
 3.5428980e-001
 3.5328034e-001
 3.5234588e-001
 3.5148591e-001
 3.5069975e-001
 3.4998113e-001
 3.4932065e-001
 3.4870887e-001
 3.4813654e-001
 3.4759420e-001
 3.4707254e-001
 3.4656191e-001
 3.4605327e-001
 3.4553710e-001
 3.4500423e-001
 3.4444812e-001
 3.4386355e-001
 3.4324580e-001
 3.4258977e-001
 3.4189039e-001
 3.4114257e-001
 3.4034154e-001
 3.3948216e-001
 3.3855939e-001
 3.3756882e-001
 3.3651447e-001
 3.3540443e-001
 3.3424696e-001
 3.3305046e-001
 3.3182296e-001
 3.3057335e-001
 3.2930964e-001
 3.2804027e-001
 3.2677311e-001
 3.2551774e-001
 3.2428801e-001
 3.2310131e-001
 3.2197475e-001
 3.2092625e-001
 3.1997290e-001
 3.1913206e-001
 3.1842101e-001
 3.1785747e-001
 3.1745863e-001
 3.1723991e-001
 3.1719846e-001
 3.1732064e-001
 3.1759259e-001
 3.1800061e-001
 3.1853101e-001
 3.1917006e-001
 3.1990376e-001
 3.2071853e-001
 3.2160059e-001
 3.2253784e-001
 3.2353222e-001
 3.2459450e-001
 3.2573530e-001
 3.2696536e-001
 3.2829571e-001
 3.2973629e-001
 3.3129808e-001
 3.3299184e-001
 3.3482864e-001
 3.3681607e-001
 3.3894184e-001
 3.4118146e-001
 3.4351066e-001
 3.4590364e-001
 3.4833622e-001
 3.5078382e-001
 3.5322157e-001
 3.5562542e-001
 3.5796946e-001
 3.6023095e-001
 3.6240023e-001
 3.6447546e-001
 3.6645347e-001
 3.6833256e-001
 3.7011057e-001
 3.7178567e-001
 3.7335491e-001
 3.7481645e-001
 3.7616813e-001
 3.7740776e-001
 3.7853417e-001
 3.7955230e-001
 3.8047177e-001
 3.8130194e-001
 3.8205227e-001
 3.8273180e-001
 3.8335007e-001
 3.8391635e-001
 3.8444021e-001
 3.8493073e-001
 3.8539734e-001
 3.8584945e-001
 3.8629642e-001
 3.8674748e-001
 3.8721123e-001
 3.8768893e-001
 3.8817784e-001
 3.8867524e-001
 3.8917822e-001
 3.8968414e-001
 3.9019018e-001
 3.9069372e-001
 3.9119181e-001
 3.9168170e-001
 3.9216074e-001
 3.9262629e-001
 3.9307520e-001
 3.9350498e-001
 3.9391279e-001
 3.9429596e-001
 3.9465171e-001
 3.9497715e-001
 3.9526984e-001
 3.9552897e-001
 3.9575464e-001
 3.9594695e-001
 3.9610609e-001
 3.9623222e-001
 3.9632541e-001
 3.9638585e-001
 3.9641362e-001
 3.9640895e-001
 3.9637187e-001
 3.9630258e-001
 3.9620119e-001
 3.9606789e-001
 3.9590278e-001
 3.9570594e-001
 3.9547762e-001
 3.9521790e-001
 3.9492685e-001
 3.9460468e-001
 3.9425156e-001
 3.9386758e-001
 3.9345303e-001
 3.9300880e-001
 3.9253673e-001
 3.9203829e-001
 3.9151490e-001
 3.9096823e-001
 3.9039958e-001
 3.8981089e-001
 3.8920349e-001
 3.8857895e-001
 3.8793862e-001
 3.8728443e-001
 3.8661772e-001
 3.8594007e-001
 3.8525283e-001
 3.8455787e-001
 3.8385662e-001
 3.8315064e-001
 3.8244134e-001
 3.8173020e-001
 3.8101915e-001
 3.8030949e-001
 3.7960282e-001
 3.7890041e-001
 3.7820429e-001
 3.7751576e-001
 3.7683624e-001
 3.7616599e-001
 3.7550533e-001
 3.7485394e-001
 3.7421182e-001
 3.7357888e-001
 3.7295485e-001
 3.7234002e-001
 3.7173414e-001
 3.7113717e-001
 3.7054884e-001
 3.6996946e-001
 3.6939871e-001
 3.6883652e-001
 3.6828279e-001
 3.6773765e-001
 3.6720091e-001
 3.6667249e-001
 3.6615220e-001
 3.6564019e-001
 3.6513630e-001
 3.6464044e-001
 3.6415255e-001
 3.6367247e-001
 3.6320031e-001
 3.6273590e-001
 3.6227918e-001
 3.6183000e-001
 3.6138842e-001
 3.6095431e-001
 3.6052763e-001
 3.6010805e-001
 3.5969558e-001
 3.5928997e-001
 3.5889101e-001
 3.5849842e-001
 3.5811201e-001
 3.5773170e-001
 3.5735720e-001
 3.5698831e-001
 3.5662475e-001
 3.5626650e-001
 3.5591328e-001
 3.5556486e-001
 3.5522100e-001
 3.5488161e-001
 3.5454646e-001
 3.5421532e-001
 3.5388795e-001
 3.5356411e-001
 3.5324380e-001
 3.5292667e-001
 3.5261256e-001
 3.5230118e-001
 3.5199243e-001
 3.5168615e-001
 3.5138202e-001
 3.5107985e-001
 3.5077953e-001
 3.5048079e-001
 3.5018349e-001
 3.4988734e-001
 3.4959218e-001
 3.4929803e-001
 3.4900481e-001
 3.4871259e-001
 3.4842125e-001
 3.4813100e-001
 3.4784165e-001
 3.4755337e-001
 3.4726593e-001
 3.4697965e-001
 3.4669432e-001
 3.4641001e-001
 3.4612665e-001
 3.4584436e-001
 3.4556308e-001
 3.4528282e-001
 3.4500363e-001
 3.4472543e-001
 3.4444830e-001
 3.4417221e-001
 3.4389716e-001
 3.4362316e-001
 3.4335026e-001
 3.4307843e-001
 3.4280765e-001
 3.4253791e-001
 3.4226933e-001
 3.4200180e-001
 3.4173533e-001
 3.4147003e-001
 3.4120578e-001
 3.4094265e-001
 3.4068069e-001
 3.4042007e-001
 3.4016103e-001
 3.3990398e-001
 3.3964911e-001
 3.3939677e-001
 3.3914718e-001
 3.3890072e-001
 3.3865762e-001
 3.3841822e-001
 3.3818272e-001
 3.3795148e-001
 3.3772480e-001
 3.3750293e-001
 3.3728614e-001
 3.3707470e-001
 3.3686903e-001
 3.3666936e-001
 3.3647591e-001
 3.3628899e-001
 3.3610895e-001
 3.3593604e-001
 3.3577058e-001
 3.3561277e-001
 3.3546302e-001
 3.3532158e-001
 3.3518866e-001
 3.3506462e-001
 3.3494976e-001
 3.3484432e-001
 3.3474866e-001
 3.3466300e-001
 3.3458760e-001
 3.3452222e-001
 3.3446646e-001
 3.3441985e-001
 3.3438194e-001
 3.3435240e-001
 3.3433074e-001
 3.3431655e-001
 3.3430937e-001
 3.3430883e-001
 3.3431450e-001
 3.3432588e-001
 3.3434263e-001
 3.3436430e-001
 3.3439046e-001
 3.3442065e-001
 3.3445451e-001
 3.3449161e-001
 3.3453149e-001
 3.3457366e-001
 3.3461782e-001
 3.3466351e-001
 3.3471024e-001
 3.3475766e-001
 3.3480531e-001
 3.3485276e-001
 3.3489960e-001
 3.3494544e-001
 3.3498979e-001
 3.3503222e-001
 3.3507240e-001
 3.3510977e-001
 3.3514392e-001
 3.3517370e-001
 3.3519784e-001
 3.3521491e-001
 3.3522373e-001
 3.3522284e-001
 3.3521101e-001
 3.3518681e-001
 3.3514905e-001
 3.3509630e-001
 3.3502728e-001
 3.3494061e-001
 3.3483502e-001
 3.3470917e-001
 3.3456171e-001
 3.3439130e-001
 3.3419666e-001
 3.3397645e-001
 3.3372936e-001
 3.3345404e-001
 3.3314908e-001
 3.3281329e-001
 3.3244538e-001
 3.3204389e-001
 3.3160743e-001
 3.3113486e-001
 3.3062476e-001
 3.3007586e-001
 3.2948667e-001
 3.2885605e-001
 3.2818270e-001
 3.2746512e-001
 3.2670221e-001
 3.2589254e-001
 3.2503569e-001
 3.2413045e-001
 3.2317588e-001
 3.2217082e-001
 3.2111484e-001
 3.2000667e-001
 3.1884542e-001
 3.1762984e-001
 3.1635958e-001
 3.1503338e-001
 3.1365031e-001
 3.1220907e-001
 3.1070942e-001
 3.0915007e-001
 3.0753005e-001
 3.0584845e-001
 3.0410388e-001
 3.0229619e-001
 3.0042413e-001
 2.9848668e-001
 2.9648241e-001
 2.9441136e-001
 2.9227209e-001
 2.9006365e-001
 2.8778458e-001
 2.8543496e-001
 2.8301337e-001
 2.8051886e-001
 2.7795044e-001
 2.7530658e-001
 2.7258795e-001
 2.6979619e-001
 2.6693434e-001
 2.6400477e-001
 2.6101211e-001
 2.5795862e-001
 2.5484753e-001
 2.5168115e-001
 2.4846415e-001
 2.4519882e-001
 2.4188831e-001
 2.3853573e-001
 2.3514339e-001
 2.3171601e-001
 2.2825590e-001
 2.2476615e-001
 2.2124906e-001
 2.1770944e-001
 2.1414950e-001
 2.1057241e-001
 2.0698039e-001
 2.0337830e-001
 1.9976838e-001
 1.9615375e-001
 1.9253750e-001
 1.8892191e-001
 1.8531178e-001
 1.8170941e-001
 1.7811786e-001
 1.7453945e-001
 1.7097893e-001
 1.6743861e-001
 1.6392151e-001
 1.6042915e-001
 1.5696543e-001
 1.5353173e-001
 1.5013026e-001
 1.4676242e-001
 1.4343195e-001
 1.4014034e-001
 1.3688976e-001
 1.3368241e-001
 1.3051973e-001
 1.2740543e-001
 1.2434098e-001
 1.2132858e-001
 1.1836968e-001
 1.1546797e-001
 1.1262489e-001
 1.0984267e-001
 1.0712285e-001
 1.0446893e-001
 1.0188249e-001
 9.9365696e-002
 9.6920758e-002
 9.4549336e-002
 9.2254758e-002
 9.0038627e-002
 8.7903187e-002
 8.5850134e-002
 8.3882667e-002
 8.2002468e-002
 8.0211744e-002
 7.8512326e-002
 7.6906458e-002
 7.5391114e-002
 7.3962264e-002
 7.2615921e-002
 7.1347773e-002
 7.0154414e-002
 6.9031529e-002
 6.7975111e-002
 6.6980913e-002
 6.6045403e-002
 6.5164328e-002
 6.4333677e-002
 6.3549258e-002
 6.2807441e-002
 6.2104024e-002
 6.1434988e-002
 6.0796175e-002
 6.0183901e-002
 5.9593979e-002
 5.9022415e-002
 5.8465187e-002
 5.7918161e-002
 5.7377592e-002
 5.6839336e-002
 5.6299385e-002
 5.5753596e-002
 5.5198226e-002
 5.4629125e-002
 5.4042298e-002
 5.3433578e-002
 5.2799247e-002
 5.2135158e-002
 5.1438153e-002
 5.0709505e-002
 4.9951758e-002
 4.9168002e-002
 4.8360784e-002
 4.7532819e-002
 4.6686638e-002
 4.5825366e-002
 4.4951532e-002
 4.4067852e-002
 4.3176845e-002
 4.2281661e-002
 4.1384809e-002
 4.0489011e-002
 3.9596997e-002
 3.8711283e-002
 3.7835013e-002
 3.6970701e-002
 3.6121063e-002
 3.5288647e-002
 3.4476556e-002
 3.3687323e-002
 3.2923669e-002
 3.2188151e-002
 3.1483844e-002
 3.0813288e-002
 3.0179212e-002
 2.9584205e-002
 2.9031277e-002
 2.8522998e-002
 2.8062100e-002
 2.7651308e-002
 2.7292654e-002
 2.6985385e-002
 2.6727533e-002
 2.6517229e-002
 2.6352562e-002
 2.6231740e-002
 2.6152842e-002
 2.6114000e-002
 2.6113341e-002
 2.6148988e-002
 2.6219068e-002
 2.6321707e-002
 2.6455030e-002
 2.6617207e-002
 2.6806289e-002
 2.7020434e-002
 2.7257767e-002
 2.7516486e-002
 2.7794588e-002
 2.8090263e-002
 2.8401632e-002
 2.8726904e-002
 2.9064052e-002
 2.9411275e-002
 2.9766703e-002
 3.0128462e-002
 3.0494763e-002
 3.0863559e-002
 3.1233067e-002
 3.1601410e-002
 3.1966805e-002
 3.2327201e-002
 3.2681026e-002
 3.3027690e-002
 3.3366978e-002
 3.3698432e-002
 3.4021854e-002
 3.4336947e-002
 3.4643427e-002
 3.4941066e-002
 3.5229441e-002
 3.5508331e-002
 3.5777442e-002
 3.6036551e-002
 3.6285240e-002
 3.6523286e-002
 3.6750395e-002
 3.6966331e-002
 3.7170701e-002
 3.7363265e-002
 3.7543736e-002
 3.7711862e-002
 3.7867270e-002
 3.8009714e-002
 3.8138904e-002
 3.8254555e-002
 3.8356390e-002
 3.8444076e-002
 3.8517352e-002
 3.8575932e-002
 3.8619522e-002
 3.8647819e-002
 3.8660541e-002
 3.8657404e-002
 3.8638212e-002
 3.8603276e-002
 3.8553022e-002
 3.8487893e-002
 3.8408320e-002
 3.8314715e-002
 3.8207553e-002
 3.8087253e-002
 3.7954248e-002
 3.7808936e-002
 3.7651826e-002
 3.7483312e-002
 3.7303835e-002
 3.7113782e-002
 3.6913678e-002
 3.6703914e-002
 3.6484931e-002
 3.6257152e-002
 3.6020953e-002
 3.5776895e-002
 3.5525352e-002
 3.5266761e-002
 3.5001487e-002
 3.4730095e-002
 3.4452956e-002
 3.4170508e-002
 3.3883113e-002
 3.3591345e-002
 3.3295568e-002
 3.2996222e-002
 3.2693665e-002
 3.2388482e-002
 3.2081060e-002
 3.1772006e-002
 3.1461969e-002
 3.1151505e-002
 3.0841418e-002
 3.0532259e-002
 3.0224686e-002
 2.9919261e-002
 2.9616773e-002
 2.9317793e-002
 2.9022958e-002
 2.8732846e-002
 2.8448237e-002
 2.8169699e-002
 2.7897881e-002
 2.7633423e-002
 2.7376903e-002
 2.7129091e-002
 2.6890563e-002
 2.6661962e-002
 2.6443880e-002
 2.6237065e-002
 2.6042098e-002
 2.5859632e-002
 2.5690261e-002
 2.5534717e-002
 2.5393594e-002
 2.5267532e-002
 2.5157176e-002
 2.5063153e-002
 2.4986142e-002
 2.4926765e-002
 2.4885470e-002
 2.4861891e-002
 2.4855470e-002
 2.4865625e-002
 2.4891790e-002
 2.4933400e-002
 2.4989864e-002
 2.5060618e-002
 2.5145095e-002
 2.5242742e-002
 2.5352946e-002
 2.5475152e-002
 2.5608793e-002
 2.5753293e-002
 2.5908124e-002
 2.6072634e-002
 2.6246294e-002
 2.6428526e-002
 2.6618809e-002
 2.6816480e-002
 2.7021008e-002
 2.7231827e-002
 2.7448412e-002
 2.7670093e-002
 2.7896345e-002
 2.8126601e-002
 2.8360285e-002
 2.8596886e-002
 2.8835716e-002
 2.9076263e-002
 2.9317951e-002
 2.9560270e-002
