splib07b Record=8924: Hypersthene PYX02.g 7um       BECKc AREF
-1.2300000e+034
-1.2300000e+034
-1.2300000e+034
-1.2300000e+034
-1.2300000e+034
-1.2300000e+034
-1.2300000e+034
-1.2300000e+034
-1.2300000e+034
-1.2300000e+034
-1.2300000e+034
-1.2300000e+034
-1.2300000e+034
-1.2300000e+034
-1.2300000e+034
-1.2300000e+034
-1.2300000e+034
-1.2300000e+034
-1.2300000e+034
-1.2300000e+034
-1.2300000e+034
-1.2300000e+034
-1.2300000e+034
-1.2300000e+034
-1.2300000e+034
-1.2300000e+034
-1.2300000e+034
-1.2300000e+034
-1.2300000e+034
-1.2300000e+034
-1.2300000e+034
-1.2300000e+034
-1.2300000e+034
-1.2300000e+034
-1.2300000e+034
-1.2300000e+034
-1.2300000e+034
-1.2300000e+034
-1.2300000e+034
-1.2300000e+034
-1.2300000e+034
-1.2300000e+034
-1.2300000e+034
-1.2300000e+034
-1.2300000e+034
-1.2300000e+034
-1.2300000e+034
-1.2300000e+034
-1.2300000e+034
-1.2300000e+034
-1.2300000e+034
-1.2300000e+034
-1.2300000e+034
-1.2300000e+034
-1.2300000e+034
-1.2300000e+034
-1.2300000e+034
-1.2300000e+034
-1.2300000e+034
-1.2300000e+034
-1.2300000e+034
-1.2300000e+034
-1.2300000e+034
-1.2300000e+034
-1.2300000e+034
-1.2300000e+034
-1.2300000e+034
-1.2300000e+034
-1.2300000e+034
-1.2300000e+034
-1.2300000e+034
-1.2300000e+034
 5.0510351e-002
 5.0510351e-002
 5.0788116e-002
 5.1069058e-002
 5.1355030e-002
 5.1647935e-002
 5.1949661e-002
 5.2262072e-002
 5.2587066e-002
 5.2926511e-002
 5.3282291e-002
 5.3656314e-002
 5.4050438e-002
 5.4466542e-002
 5.4906540e-002
 5.5372275e-002
 5.5865645e-002
 5.6388572e-002
 5.6942865e-002
 5.7530455e-002
 5.8153234e-002
 5.8813047e-002
 5.9511442e-002
 6.0246110e-002
 6.1012156e-002
 6.1804738e-002
 6.2619060e-002
 6.3450158e-002
 6.4293213e-002
 6.5143421e-002
 6.5995812e-002
 6.6845588e-002
 6.7687906e-002
 6.8517834e-002
 6.9330566e-002
 7.0121236e-002
 7.0884950e-002
 7.1616888e-002
 7.2312132e-002
 7.2965890e-002
 7.3573641e-002
 7.4135929e-002
 7.4656397e-002
 7.5138688e-002
 7.5586520e-002
 7.6003596e-002
 7.6393597e-002
 7.6760188e-002
 7.7107094e-002
 7.7437982e-002
 7.7756539e-002
 7.8066491e-002
 7.8371480e-002
 7.8675218e-002
 7.8981414e-002
 7.9293720e-002
 7.9615846e-002
 7.9951502e-002
 8.0304109e-002
 8.0674507e-002
 8.1061795e-002
 8.1464991e-002
 8.1883177e-002
 8.2315445e-002
 8.2760818e-002
 8.3218321e-002
 8.3687089e-002
 8.4166147e-002
 8.4654503e-002
 8.5151315e-002
 8.5655585e-002
 8.6166330e-002
 8.6682707e-002
 8.7203726e-002
 8.7728389e-002
 8.8255771e-002
 8.8784561e-002
 8.9313410e-002
 8.9841112e-002
 9.0366319e-002
 9.0887718e-002
 9.1404065e-002
 9.1914058e-002
 9.2416316e-002
 9.2909649e-002
 9.3392722e-002
 9.3864232e-002
 9.4322830e-002
 9.4767317e-002
 9.5196314e-002
 9.5609300e-002
 9.6007414e-002
 9.6392095e-002
 9.6764781e-002
 9.7126983e-002
 9.7480074e-002
 9.7825587e-002
 9.8164946e-002
 9.8499581e-002
 9.8830923e-002
 9.9160485e-002
 9.9489696e-002
 9.9819966e-002
 1.0015281e-001
 1.0048965e-001
 1.0083172e-001
 1.0117983e-001
 1.0153466e-001
 1.0189687e-001
 1.0226718e-001
 1.0264628e-001
 1.0303481e-001
 1.0343354e-001
 1.0384310e-001
 1.0426418e-001
 1.0469752e-001
 1.0514376e-001
 1.0560362e-001
 1.0607773e-001
 1.0656686e-001
 1.0707086e-001
 1.0758772e-001
 1.0811505e-001
 1.0865045e-001
 1.0919150e-001
 1.0973590e-001
 1.1028117e-001
 1.1082503e-001
 1.1136505e-001
 1.1189882e-001
 1.1242396e-001
 1.1293814e-001
 1.1343890e-001
 1.1392424e-001
 1.1439574e-001
 1.1485750e-001
 1.1531375e-001
 1.1576874e-001
 1.1622660e-001
 1.1669162e-001
 1.1716797e-001
 1.1765987e-001
 1.1817145e-001
 1.1870701e-001
 1.1927073e-001
 1.1986643e-001
 1.2049401e-001
 1.2115039e-001
 1.2183241e-001
 1.2253710e-001
 1.2326129e-001
 1.2400180e-001
 1.2475570e-001
 1.2551983e-001
 1.2629105e-001
 1.2706624e-001
 1.2784240e-001
 1.2861647e-001
 1.2938738e-001
 1.3015513e-001
 1.3091983e-001
 1.3168149e-001
 1.3244033e-001
 1.3319631e-001
 1.3394965e-001
 1.3470039e-001
 1.3544860e-001
 1.3619433e-001
 1.3693777e-001
 1.3767894e-001
 1.3841838e-001
 1.3915670e-001
 1.3989459e-001
 1.4063267e-001
 1.4137174e-001
 1.4211233e-001
 1.4285524e-001
 1.4360113e-001
 1.4435062e-001
 1.4510435e-001
 1.4586312e-001
 1.4662744e-001
 1.4739668e-001
 1.4816953e-001
 1.4894447e-001
 1.4972000e-001
 1.5049480e-001
 1.5126732e-001
 1.5203609e-001
 1.5279979e-001
 1.5355688e-001
 1.5430592e-001
 1.5504541e-001
 1.5577424e-001
 1.5649374e-001
 1.5720755e-001
 1.5791912e-001
 1.5863198e-001
 1.5934956e-001
 1.6007550e-001
 1.6081321e-001
 1.6156636e-001
 1.6233835e-001
 1.6313274e-001
 1.6395296e-001
 1.6480237e-001
 1.6567995e-001
 1.6658197e-001
 1.6750446e-001
 1.6844346e-001
 1.6939494e-001
 1.7035520e-001
 1.7132011e-001
 1.7228588e-001
 1.7324856e-001
 1.7420417e-001
 1.7514871e-001
 1.7607868e-001
 1.7699353e-001
 1.7789519e-001
 1.7878585e-001
 1.7966747e-001
 1.8054199e-001
 1.8141161e-001
 1.8227828e-001
 1.8314394e-001
 1.8401080e-001
 1.8488081e-001
 1.8575600e-001
 1.8663816e-001
 1.8752725e-001
 1.8842131e-001
 1.8931870e-001
 1.9021754e-001
 1.9111598e-001
 1.9201212e-001
 1.9290432e-001
 1.9379063e-001
 1.9466935e-001
 1.9553861e-001
 1.9639660e-001
 1.9724154e-001
 1.9807404e-001
 1.9889587e-001
 1.9970921e-001
 2.0051599e-001
 2.0131817e-001
 2.0211774e-001
 2.0291682e-001
 2.0371723e-001
 2.0452115e-001
 2.0533051e-001
 2.0614733e-001
 2.0697342e-001
 2.0780967e-001
 2.0865591e-001
 2.0951192e-001
 2.1037768e-001
 2.1125300e-001
 2.1213761e-001
 2.1303156e-001
 2.1393462e-001
 2.1484651e-001
 2.1576728e-001
 2.1669672e-001
 2.1763462e-001
 2.1858008e-001
 2.1953204e-001
 2.2048904e-001
 2.2144999e-001
 2.2241350e-001
 2.2337832e-001
 2.2434306e-001
 2.2530667e-001
 2.2626768e-001
 2.2722496e-001
 2.2817719e-001
 2.2912313e-001
 2.3006250e-001
 2.3099592e-001
 2.3192379e-001
 2.3284677e-001
 2.3376533e-001
 2.3467997e-001
 2.3559114e-001
 2.3649955e-001
 2.3740551e-001
 2.3830976e-001
 2.3921269e-001
 2.4011487e-001
 2.4101633e-001
 2.4191722e-001
 2.4281742e-001
 2.4371672e-001
 2.4461524e-001
 2.4551284e-001
 2.4640940e-001
 2.4730499e-001
 2.4819946e-001
 2.4909267e-001
 2.4998474e-001
 2.5087544e-001
 2.5176430e-001
 2.5265029e-001
 2.5353271e-001
 2.5441051e-001
 2.5528288e-001
 2.5614890e-001
 2.5700772e-001
 2.5785825e-001
 2.5869977e-001
 2.5953129e-001
 2.6035205e-001
 2.6116118e-001
 2.6195988e-001
 2.6275089e-001
 2.6353714e-001
 2.6432133e-001
 2.6510635e-001
 2.6589501e-001
 2.6669014e-001
 2.6749453e-001
 2.6831087e-001
 2.6914215e-001
 2.6999116e-001
 2.7086049e-001
 2.7174953e-001
 2.7265522e-001
 2.7357423e-001
 2.7450353e-001
 2.7543992e-001
 2.7638018e-001
 2.7732116e-001
 2.7825961e-001
 2.7919233e-001
 2.8011614e-001
 2.8102803e-001
 2.8192481e-001
 2.8280622e-001
 2.8367421e-001
 2.8453064e-001
 2.8537750e-001
 2.8621680e-001
 2.8705043e-001
 2.8788042e-001
 2.8870863e-001
 2.8953701e-001
 2.9036760e-001
 2.9120222e-001
 2.9204303e-001
 2.9289246e-001
 2.9375345e-001
 2.9462889e-001
 2.9552183e-001
 2.9643515e-001
 2.9737192e-001
 2.9833502e-001
 2.9932740e-001
 3.0035204e-001
 3.0141181e-001
 3.0250970e-001
 3.0364844e-001
 3.0482492e-001
 3.0603167e-001
 3.0726087e-001
 3.0850479e-001
 3.0975574e-001
 3.1100625e-001
 3.1224841e-001
 3.1347454e-001
 3.1467697e-001
 3.1584787e-001
 3.1697968e-001
 3.1806517e-001
 3.1910431e-001
 3.2010323e-001
 3.2106811e-001
 3.2200506e-001
 3.2292053e-001
 3.2382050e-001
 3.2471150e-001
 3.2559961e-001
 3.2649097e-001
 3.2739192e-001
 3.2830870e-001
 3.2924724e-001
 3.3020931e-001
 3.3119321e-001
 3.3219704e-001
 3.3321884e-001
 3.3425698e-001
 3.3530936e-001
 3.3637437e-001
 3.3745000e-001
 3.3853450e-001
 3.3962590e-001
 3.4072164e-001
 3.4181714e-001
 3.4290746e-001
 3.4398732e-001
 3.4505165e-001
 3.4609535e-001
 3.4711328e-001
 3.4810036e-001
 3.4905165e-001
 3.4996483e-001
 3.5084736e-001
 3.5170859e-001
 3.5255787e-001
 3.5340467e-001
 3.5425845e-001
 3.5512847e-001
 3.5602418e-001
 3.5695496e-001
 3.5792616e-001
 3.5893044e-001
 3.5995746e-001
 3.6099723e-001
 3.6203945e-001
 3.6307392e-001
 3.6409044e-001
 3.6507887e-001
 3.6602899e-001
 3.6693454e-001
 3.6780182e-001
 3.6863986e-001
 3.6945763e-001
 3.7026420e-001
 3.7106863e-001
 3.7187985e-001
 3.7270698e-001
 3.7355903e-001
 3.7444219e-001
 3.7535328e-001
 3.7628740e-001
 3.7723950e-001
 3.7820458e-001
 3.7917754e-001
 3.8015336e-001
 3.8112691e-001
 3.8209322e-001
 3.8304913e-001
 3.8399681e-001
 3.8493991e-001
 3.8588208e-001
 3.8682684e-001
 3.8777786e-001
 3.8873881e-001
 3.8971320e-001
 3.9070466e-001
 3.9171246e-001
 3.9272067e-001
 3.9371058e-001
 3.9466316e-001
 3.9555958e-001
 3.9638090e-001
 3.9710823e-001
 3.9772418e-001
 3.9824104e-001
 3.9869663e-001
 3.9912984e-001
 3.9957938e-001
 4.0008408e-001
 4.0068108e-001
 4.0137893e-001
 4.0216085e-001
 4.0300941e-001
 4.0390700e-001
 4.0483600e-001
 4.0577894e-001
 4.0671954e-001
 4.0764272e-001
 4.0853360e-001
 4.0937695e-001
 4.1015771e-001
 4.1086200e-001
 4.1149673e-001
 4.1208762e-001
 4.1266102e-001
 4.1324306e-001
 4.1386005e-001
 4.1453698e-001
 4.1527650e-001
 4.1606128e-001
 4.1687343e-001
 4.1769478e-001
 4.1850743e-001
 4.1929388e-001
 4.2004749e-001
 4.2077148e-001
 4.2146915e-001
 4.2214411e-001
 4.2279974e-001
 4.2343947e-001
 4.2406806e-001
 4.2469150e-001
 4.2531574e-001
 4.2594674e-001
 4.2659044e-001
 4.2725244e-001
 4.2793134e-001
 4.2861965e-001
 4.2930955e-001
 4.2999321e-001
 4.3066287e-001
 4.3131098e-001
 4.3193683e-001
 4.3254527e-001
 4.3314186e-001
 4.3373182e-001
 4.3432051e-001
 4.3491289e-001
 4.3550903e-001
 4.3610415e-001
 4.3669337e-001
 4.3727198e-001
 4.3783516e-001
 4.3837819e-001
 4.3890196e-001
 4.3941239e-001
 4.3991548e-001
 4.4041741e-001
 4.4092414e-001
 4.4144163e-001
 4.4197533e-001
 4.4252977e-001
 4.4310990e-001
 4.4372022e-001
 4.4436553e-001
 4.4504964e-001
 4.4575983e-001
 4.4646797e-001
 4.4714561e-001
 4.4776404e-001
 4.4829485e-001
 4.4871125e-001
 4.4902843e-001
 4.4929984e-001
 4.4958043e-001
 4.4992512e-001
 4.5038891e-001
 4.5102364e-001
 4.5182097e-001
 4.5271629e-001
 4.5364287e-001
 4.5453417e-001
 4.5532358e-001
 4.5594755e-001
 4.5640749e-001
 4.5676515e-001
 4.5708477e-001
 4.5743042e-001
 4.5786530e-001
 4.5841298e-001
 4.5904973e-001
 4.5974869e-001
 4.6048310e-001
 4.6122622e-001
 4.6195143e-001
 4.6263182e-001
 4.6324071e-001
 4.6375191e-001
 4.6416065e-001
 4.6448827e-001
 4.6475753e-001
 4.6499139e-001
 4.6521282e-001
 4.6544456e-001
 4.6570960e-001
 4.6603078e-001
 4.6643043e-001
 4.6691450e-001
 4.6746805e-001
 4.6807519e-001
 4.6871975e-001
 4.6938583e-001
 4.7005728e-001
 4.7071823e-001
 4.7135258e-001
 4.7194460e-001
 4.7248814e-001
 4.7298908e-001
 4.7345400e-001
 4.7388956e-001
 4.7430232e-001
 4.7469881e-001
 4.7508574e-001
 4.7546959e-001
 4.7585696e-001
 4.7625238e-001
 4.7665760e-001
 4.7707435e-001
 4.7750437e-001
 4.7794929e-001
 4.7841075e-001
 4.7889063e-001
 4.7939050e-001
 4.7991207e-001
 4.8045444e-001
 4.8101380e-001
 4.8158622e-001
 4.8216742e-001
 4.8275360e-001
 4.8334065e-001
 4.8392448e-001
 4.8450106e-001
 4.8506647e-001
 4.8561943e-001
 4.8616219e-001
 4.8669714e-001
 4.8722678e-001
 4.8775336e-001
 4.8827952e-001
 4.8880753e-001
 4.8933998e-001
 4.8987916e-001
 4.9042541e-001
 4.9097663e-001
 4.9153048e-001
 4.9208462e-001
 4.9263683e-001
 4.9318478e-001
 4.9372610e-001
 4.9425849e-001
 4.9477962e-001
 4.9528828e-001
 4.9578461e-001
 4.9626890e-001
 4.9674115e-001
 4.9720171e-001
 4.9765056e-001
 4.9808818e-001
 4.9851456e-001
 4.9892995e-001
 4.9933344e-001
 4.9972281e-001
 5.0009561e-001
 5.0044954e-001
 5.0078225e-001
 5.0109148e-001
 5.0137472e-001
 5.0162965e-001
 5.0185406e-001
 5.0205171e-001
 5.0223398e-001
 5.0241256e-001
 5.0259936e-001
 5.0280613e-001
 5.0304484e-001
 5.0332719e-001
 5.0366515e-001
 5.0407022e-001
 5.0454348e-001
 5.0507176e-001
 5.0564152e-001
 5.0623858e-001
 5.0684941e-001
 5.0746000e-001
 5.0805670e-001
 5.0862539e-001
 5.0915253e-001
 5.0963068e-001
 5.1006067e-001
 5.1044410e-001
 5.1078224e-001
 5.1107669e-001
 5.1132876e-001
 5.1153994e-001
 5.1171404e-001
 5.1186866e-001
 5.1202601e-001
 5.1220834e-001
 5.1243770e-001
 5.1273650e-001
 5.1312017e-001
 5.1356751e-001
 5.1404458e-001
 5.1451749e-001
 5.1495242e-001
 5.1531523e-001
 5.1557976e-001
 5.1576275e-001
 5.1589602e-001
 5.1601130e-001
 5.1614028e-001
 5.1631474e-001
 5.1656049e-001
 5.1687074e-001
 5.1722670e-001
 5.1761031e-001
 5.1800293e-001
 5.1838607e-001
 5.1874369e-001
 5.1907265e-001
 5.1937431e-001
 5.1965022e-001
 5.1990175e-001
 5.2013040e-001
 5.2033931e-001
 5.2054143e-001
 5.2075279e-001
 5.2098989e-001
 5.2126896e-001
 5.2160633e-001
 5.2201295e-001
 5.2247131e-001
 5.2295291e-001
 5.2342987e-001
 5.2387393e-001
 5.2425689e-001
 5.2455610e-001
 5.2478015e-001
 5.2494878e-001
 5.2508169e-001
 5.2519852e-001
 5.2531922e-001
 5.2546149e-001
 5.2563387e-001
 5.2584070e-001
 5.2608687e-001
 5.2637696e-001
 5.2671570e-001
 5.2710491e-001
 5.2753103e-001
 5.2797467e-001
 5.2841651e-001
 5.2883720e-001
 5.2921736e-001
 5.2954185e-001
 5.2981967e-001
 5.3006828e-001
 5.3030521e-001
 5.3054810e-001
 5.3081459e-001
 5.3111899e-001
 5.3145748e-001
 5.3181905e-001
 5.3219295e-001
 5.3256863e-001
 5.3293514e-001
 5.3328246e-001
 5.3360510e-001
 5.3389889e-001
 5.3415990e-001
 5.3438395e-001
 5.3456718e-001
 5.3470796e-001
 5.3481960e-001
 5.3492081e-001
 5.3503031e-001
 5.3516680e-001
 5.3534907e-001
 5.3559268e-001
 5.3589582e-001
 5.3624994e-001
 5.3664649e-001
 5.3707701e-001
 5.3753310e-001
 5.3800571e-001
 5.3848267e-001
 5.3895086e-001
 5.3939718e-001
 5.3980833e-001
 5.4017127e-001
 5.4047632e-001
 5.4073507e-001
 5.4096717e-001
 5.4119241e-001
 5.4143018e-001
 5.4170030e-001
 5.4201871e-001
 5.4237992e-001
 5.4277062e-001
 5.4317695e-001
 5.4358554e-001
 5.4398304e-001
 5.4435700e-001
 5.4470342e-001
 5.4502118e-001
 5.4530925e-001
 5.4556650e-001
 5.4579204e-001
 5.4598624e-001
 5.4615974e-001
 5.4632670e-001
 5.4650140e-001
 5.4669815e-001
 5.4693109e-001
 5.4721224e-001
 5.4753971e-001
 5.4790652e-001
 5.4830563e-001
 5.4872990e-001
 5.4917222e-001
 5.4962456e-001
 5.5007160e-001
 5.5049568e-001
 5.5087918e-001
 5.5120420e-001
 5.5145311e-001
 5.5161452e-001
 5.5171657e-001
 5.5180269e-001
 5.5191612e-001
 5.5210018e-001
 5.5239826e-001
 5.5284327e-001
 5.5340403e-001
 5.5402416e-001
 5.5464786e-001
 5.5521870e-001
 5.5568051e-001
 5.5598801e-001
 5.5616277e-001
 5.5625224e-001
 5.5630398e-001
 5.5636555e-001
 5.5648452e-001
 5.5669999e-001
 5.5699825e-001
 5.5734473e-001
 5.5770522e-001
 5.5804503e-001
 5.5833006e-001
 5.5852938e-001
 5.5863756e-001
 5.5865836e-001
 5.5859590e-001
 5.5845386e-001
 5.5823642e-001
 5.5795330e-001
 5.5765224e-001
 5.5739570e-001
 5.5724615e-001
 5.5726618e-001
 5.5751824e-001
 5.5805063e-001
 5.5882186e-001
 5.5975455e-001
 5.6077141e-001
 5.6179571e-001
 5.6274939e-001
 5.6356514e-001
 5.6423479e-001
 5.6477439e-001
 5.6519961e-001
 5.6552660e-001
 5.6577134e-001
 5.6595075e-001
 5.6608832e-001
 5.6621033e-001
 5.6634283e-001
 5.6651217e-001
 5.6674439e-001
 5.6706023e-001
 5.6744337e-001
 5.6786317e-001
 5.6828868e-001
 5.6868905e-001
 5.6903374e-001
 5.6929696e-001
 5.6948823e-001
 5.6963068e-001
 5.6974775e-001
 5.6986278e-001
 5.6999898e-001
 5.7017618e-001
 5.7039011e-001
 5.7062733e-001
 5.7087398e-001
 5.7111639e-001
 5.7134098e-001
 5.7153654e-001
 5.7170963e-001
 5.7187396e-001
 5.7204324e-001
 5.7223111e-001
 5.7245117e-001
 5.7271427e-001
 5.7301039e-001
 5.7332176e-001
 5.7363027e-001
 5.7391781e-001
 5.7416654e-001
 5.7436192e-001
 5.7451445e-001
 5.7464463e-001
 5.7477266e-001
 5.7491922e-001
 5.7510477e-001
 5.7534570e-001
 5.7563138e-001
 5.7594019e-001
 5.7625031e-001
 5.7653999e-001
 5.7678777e-001
 5.7697511e-001
 5.7710791e-001
 5.7720190e-001
 5.7727277e-001
 5.7733619e-001
 5.7740796e-001
 5.7750160e-001
 5.7761759e-001
 5.7775056e-001
 5.7789522e-001
 5.7804632e-001
 5.7819861e-001
 5.7834673e-001
 5.7848626e-001
 5.7861292e-001
 5.7872236e-001
 5.7881039e-001
 5.7887274e-001
 5.7890677e-001
 5.7892179e-001
 5.7893175e-001
 5.7895082e-001
 5.7899314e-001
 5.7907265e-001
 5.7920092e-001
 5.7937086e-001
 5.7956743e-001
 5.7977581e-001
 5.7998115e-001
 5.8016849e-001
 5.8032548e-001
 5.8045769e-001
 5.8057833e-001
 5.8070046e-001
 5.8083725e-001
 5.8100188e-001
 5.8120400e-001
 5.8142972e-001
 5.8165461e-001
 5.8185482e-001
 5.8200592e-001
 5.8208388e-001
 5.8207023e-001
 5.8198768e-001
 5.8187646e-001
 5.8177680e-001
 5.8172894e-001
 5.8177316e-001
 5.8194232e-001
 5.8221775e-001
 5.8255845e-001
 5.8292335e-001
 5.8327156e-001
 5.8356202e-001
 5.8375865e-001
 5.8385992e-001
 5.8387935e-001
 5.8383054e-001
 5.8372694e-001
 5.8358210e-001
 5.8341044e-001
 5.8323157e-001
 5.8306760e-001
 5.8294064e-001
 5.8287293e-001
 5.8288634e-001
 5.8299857e-001
 5.8319473e-001
 5.8344591e-001
 5.8372283e-001
 5.8399659e-001
 5.8423805e-001
 5.8442235e-001
 5.8455455e-001
 5.8465242e-001
 5.8473420e-001
 5.8481789e-001
 5.8492172e-001
 5.8506095e-001
 5.8523226e-001
 5.8542383e-001
 5.8562374e-001
 5.8582032e-001
 5.8600169e-001
 5.8615851e-001
 5.8629876e-001
 5.8643836e-001
 5.8659315e-001
 5.8677888e-001
 5.8701158e-001
 5.8730203e-001
 5.8762431e-001
 5.8793658e-001
 5.8819616e-001
 5.8836132e-001
 5.8838964e-001
 5.8824861e-001
 5.8797616e-001
 5.8764184e-001
 5.8731461e-001
 5.8706462e-001
 5.8696097e-001
 5.8706218e-001
 5.8734453e-001
 5.8774799e-001
 5.8821172e-001
 5.8867538e-001
 5.8907855e-001
 5.8936840e-001
 5.8955067e-001
 5.8965707e-001
 5.8971953e-001
 5.8976996e-001
 5.8984035e-001
 5.8995813e-001
 5.9011793e-001
 5.9029919e-001
 5.9048152e-001
 5.9064460e-001
 5.9076780e-001
 5.9083432e-001
 5.9085524e-001
 5.9085381e-001
 5.9085387e-001
 5.9087867e-001
 5.9095174e-001
 5.9109277e-001
 5.9129184e-001
 5.9152544e-001
 5.9176993e-001
 5.9200197e-001
 5.9219772e-001
 5.9233689e-001
 5.9242213e-001
 5.9246665e-001
 5.9248352e-001
 5.9248620e-001
 5.9248799e-001
 5.9250116e-001
 5.9253120e-001
 5.9258032e-001
 5.9265065e-001
 5.9274465e-001
 5.9286433e-001
 5.9301102e-001
 5.9317815e-001
 5.9335548e-001
 5.9353298e-001
 5.9370029e-001
 5.9384733e-001
 5.9396493e-001
 5.9405190e-001
 5.9411085e-001
 5.9414417e-001
 5.9415478e-001
 5.9414494e-001
 5.9411848e-001
 5.9408772e-001
 5.9406912e-001
 5.9407920e-001
 5.9413439e-001
 5.9425122e-001
 5.9444255e-001
 5.9469461e-001
 5.9498107e-001
 5.9527493e-001
 5.9555006e-001
 5.9577936e-001
 5.9593982e-001
 5.9603137e-001
 5.9606558e-001
 5.9605396e-001
 5.9600800e-001
 5.9593928e-001
 5.9585935e-001
 5.9577936e-001
 5.9571022e-001
 5.9566301e-001
 5.9564871e-001
 5.9567845e-001
 5.9576160e-001
 5.9589642e-001
 5.9607559e-001
 5.9629172e-001
 5.9653747e-001
 5.9680551e-001
 5.9708697e-001
 5.9736055e-001
 5.9759933e-001
 5.9777623e-001
 5.9786415e-001
 5.9783602e-001
 5.9767044e-001
 5.9739226e-001
 5.9704810e-001
 5.9668499e-001
 5.9635007e-001
 5.9608996e-001
 5.9594667e-001
 5.9592110e-001
 5.9599376e-001
 5.9614581e-001
 5.9635764e-001
 5.9661013e-001
 5.9688461e-001
 5.9716463e-001
 5.9743589e-001
 5.9768361e-001
 5.9789306e-001
 5.9804988e-001
 5.9814167e-001
 5.9817570e-001
 5.9816891e-001
 5.9813827e-001
 5.9810048e-001
 5.9807265e-001
 5.9806937e-001
 5.9808779e-001
 5.9811634e-001
 5.9814316e-001
 5.9815675e-001
 5.9814566e-001
 5.9811151e-001
 5.9807462e-001
 5.9805655e-001
 5.9807891e-001
 5.9816170e-001
 5.9829712e-001
 5.9845394e-001
 5.9860015e-001
 5.9870386e-001
 5.9873784e-001
 5.9871614e-001
 5.9867287e-001
 5.9864265e-001
 5.9865981e-001
 5.9874749e-001
 5.9887850e-001
 5.9901154e-001
 5.9910542e-001
 5.9911895e-001
 5.9903270e-001
 5.9888148e-001
 5.9870833e-001
 5.9855640e-001
 5.9846830e-001
 5.9846067e-001
 5.9851289e-001
 5.9860122e-001
 5.9870231e-001
 5.9879327e-001
 5.9886891e-001
 5.9893888e-001
 5.9901273e-001
 5.9910071e-001
 5.9921098e-001
 5.9933633e-001
 5.9946162e-001
 5.9957212e-001
 5.9965271e-001
 5.9969223e-001
 5.9969747e-001
 5.9968013e-001
 5.9965199e-001
 5.9962487e-001
 5.9960979e-001
 5.9961569e-001
 5.9965128e-001
 5.9972537e-001
 5.9984624e-001
 6.0000587e-001
 6.0017204e-001
 6.0031039e-001
 6.0038686e-001
 6.0036969e-001
 6.0027081e-001
 6.0014069e-001
 6.0003108e-001
 5.9999359e-001
 6.0007232e-001
 6.0024524e-001
 6.0045618e-001
 6.0064894e-001
 6.0076720e-001
 6.0077190e-001
 6.0070497e-001
 6.0063195e-001
 6.0061812e-001
 6.0072887e-001
 6.0099512e-001
 6.0135829e-001
 6.0174513e-001
 6.0208315e-001
 6.0229999e-001
 6.0236764e-001
 6.0232383e-001
 6.0221177e-001
 6.0207409e-001
 6.0195291e-001
 6.0186404e-001
 6.0180086e-001
 6.0175574e-001
 6.0172117e-001
 6.0169065e-001
 6.0166788e-001
 6.0166162e-001
 6.0168093e-001
 6.0173464e-001
 6.0182703e-001
 6.0194051e-001
 6.0205072e-001
 6.0213369e-001
 6.0216516e-001
 6.0212243e-001
 6.0201418e-001
 6.0187674e-001
 6.0174739e-001
 6.0166365e-001
 6.0166281e-001
 6.0178024e-001
 6.0201162e-001
 6.0231757e-001
 6.0265702e-001
 6.0298896e-001
 6.0327256e-001
 6.0346842e-001
 6.0356832e-001
 6.0359216e-001
 6.0356098e-001
 6.0349560e-001
 6.0341710e-001
 6.0334605e-001
 6.0329521e-001
 6.0327035e-001
 6.0327709e-001
 6.0332090e-001
 6.0340738e-001
 6.0354125e-001
 6.0371435e-001
 6.0390604e-001
 6.0409558e-001
 6.0426205e-001
 6.0438472e-001
 6.0444373e-001
 6.0443985e-001
 6.0439301e-001
 6.0432386e-001
 6.0425287e-001
 6.0420078e-001
 6.0418719e-001
 6.0421443e-001
 6.0426867e-001
 6.0433573e-001
 6.0440093e-001
 6.0445029e-001
 6.0447007e-001
 6.0446578e-001
 6.0446012e-001
 6.0447651e-001
 6.0453844e-001
 6.0466927e-001
 6.0489082e-001
 6.0519093e-001
 6.0552579e-001
 6.0585052e-001
 6.0611999e-001
 6.0628945e-001
 6.0631597e-001
 6.0619915e-001
 6.0597831e-001
 6.0569441e-001
 6.0538828e-001
 6.0510087e-001
 6.0487199e-001
 6.0472035e-001
 6.0464466e-001
 6.0464311e-001
 6.0471374e-001
 6.0485458e-001
 6.0506302e-001
 6.0532326e-001
 6.0560691e-001
 6.0588515e-001
 6.0612911e-001
 6.0630995e-001
 6.0640013e-001
 6.0639977e-001
 6.0633522e-001
 6.0623401e-001
 6.0612339e-001
 6.0603082e-001
 6.0598272e-001
 6.0598952e-001
 6.0604566e-001
 6.0614496e-001
 6.0628140e-001
 6.0644889e-001
 6.0664123e-001
 6.0685021e-001
 6.0706574e-001
 6.0727763e-001
 6.0747558e-001
 6.0764939e-001
 6.0778922e-001
 6.0789084e-001
 6.0795534e-001
 6.0798430e-001
 6.0797912e-001
 6.0794139e-001
 6.0787272e-001
 6.0778296e-001
 6.0768932e-001
 6.0760921e-001
 6.0756046e-001
 6.0756052e-001
 6.0762602e-001
 6.0775268e-001
 6.0791564e-001
 6.0808975e-001
 6.0824943e-001
 6.0836923e-001
 6.0842478e-001
 6.0841286e-001
 6.0835177e-001
 6.0826015e-001
 6.0815680e-001
 6.0806060e-001
 6.0799021e-001
 6.0796458e-001
 6.0799730e-001
 6.0808086e-001
 6.0820341e-001
 6.0835260e-001
 6.0851604e-001
 6.0868186e-001
 6.0883749e-001
 6.0897100e-001
 6.0906994e-001
 6.0912579e-001
 6.0914367e-001
 6.0913211e-001
 6.0909975e-001
 6.0905504e-001
 6.0900670e-001
 6.0896331e-001
 6.0893321e-001
 6.0892534e-001
 6.0894555e-001
 6.0899121e-001
 6.0905677e-001
 6.0913730e-001
 6.0922718e-001
 6.0932136e-001
 6.0941470e-001
 6.0950172e-001
 6.0957724e-001
 6.0963768e-001
 6.0968596e-001
 6.0972643e-001
 6.0976362e-001
 6.0980201e-001
 6.0984617e-001
 6.0990047e-001
 6.0996950e-001
 6.1005759e-001
 6.1016774e-001
 6.1029637e-001
 6.1043817e-001
 6.1058795e-001
 6.1074060e-001
 6.1089081e-001
 6.1103338e-001
 6.1116314e-001
 6.1127490e-001
 6.1136425e-001
 6.1143130e-001
 6.1147666e-001
 6.1150122e-001
 6.1150581e-001
 6.1149126e-001
 6.1145842e-001
 6.1140811e-001
 6.1134124e-001
 6.1125916e-001
 6.1116654e-001
 6.1106819e-001
 6.1096931e-001
 6.1087513e-001
 6.1079067e-001
 6.1072105e-001
 6.1067134e-001
 6.1064672e-001
 6.1065090e-001
 6.1068165e-001
 6.1073530e-001
 6.1080825e-001
 6.1089677e-001
 6.1099726e-001
 6.1110610e-001
 6.1121947e-001
 6.1133391e-001
 6.1144567e-001
 6.1155218e-001
 6.1165053e-001
 6.1173797e-001
 6.1181200e-001
 6.1186969e-001
 6.1190856e-001
 6.1192566e-001
 6.1191845e-001
 6.1188638e-001
 6.1183697e-001
 6.1178058e-001
 6.1172736e-001
 6.1168712e-001
 6.1167020e-001
 6.1168647e-001
 6.1174625e-001
 6.1185944e-001
 6.1203003e-001
 6.1223501e-001
 6.1244488e-001
 6.1262971e-001
 6.1275989e-001
 6.1280775e-001
 6.1277622e-001
 6.1269367e-001
 6.1258888e-001
 6.1249077e-001
 6.1242831e-001
 6.1242849e-001
 6.1248910e-001
 6.1258405e-001
 6.1268687e-001
 6.1277074e-001
 6.1280906e-001
 6.1277694e-001
 6.1267900e-001
 6.1254352e-001
 6.1239994e-001
 6.1227739e-001
 6.1220497e-001
 6.1221021e-001
 6.1229157e-001
 6.1242366e-001
 6.1258078e-001
 6.1273664e-001
 6.1286539e-001
 6.1294258e-001
 6.1296660e-001
 6.1295485e-001
 6.1292547e-001
 6.1289626e-001
 6.1288542e-001
 6.1290962e-001
 6.1296737e-001
 6.1304176e-001
 6.1311549e-001
 6.1317104e-001
 6.1319107e-001
 6.1315972e-001
 6.1308324e-001
 6.1298662e-001
 6.1289537e-001
 6.1283493e-001
 6.1283082e-001
 6.1290652e-001
 6.1305207e-001
 6.1322951e-001
 6.1340016e-001
 6.1352521e-001
 6.1356574e-001
 6.1348593e-001
 6.1329359e-001
 6.1303401e-001
 6.1275369e-001
 6.1249882e-001
 6.1231583e-001
 6.1224848e-001
 6.1229825e-001
 6.1243087e-001
 6.1261117e-001
 6.1280358e-001
 6.1297297e-001
 6.1308563e-001
 6.1313498e-001
 6.1313766e-001
 6.1311126e-001
 6.1307281e-001
 6.1303985e-001
 6.1302888e-001
 6.1304313e-001
 6.1307460e-001
 6.1311477e-001
 6.1315542e-001
 6.1318809e-001
 6.1320478e-001
 6.1320347e-001
 6.1318773e-001
 6.1316121e-001
 6.1312759e-001
 6.1309040e-001
 6.1305302e-001
 6.1301661e-001
 6.1297983e-001
 6.1294144e-001
 6.1290020e-001
 6.1285472e-001
 6.1280406e-001
 6.1274993e-001
 6.1269718e-001
 6.1265022e-001
 6.1261386e-001
 6.1259270e-001
 6.1259079e-001
 6.1260122e-001
 6.1260772e-001
 6.1259389e-001
 6.1254281e-001
 6.1243820e-001
 6.1226469e-001
 6.1203235e-001
 6.1177278e-001
 6.1151886e-001
 6.1130267e-001
 6.1115700e-001
 6.1111236e-001
 6.1116558e-001
 6.1128384e-001
 6.1143368e-001
 6.1158127e-001
 6.1169297e-001
 6.1173677e-001
 6.1170894e-001
 6.1163080e-001
 6.1152428e-001
 6.1141145e-001
 6.1131448e-001
 6.1125445e-001
 6.1123574e-001
 6.1124802e-001
 6.1128062e-001
 6.1132252e-001
 6.1136317e-001
 6.1139184e-001
 6.1140376e-001
 6.1139899e-001
 6.1137760e-001
 6.1133999e-001
 6.1128628e-001
 6.1121672e-001
 6.1113214e-001
 6.1103415e-001
 6.1092412e-001
 6.1080348e-001
 6.1067373e-001
 6.1053640e-001
 6.1039358e-001
 6.1024785e-001
 6.1010206e-001
 6.0995871e-001
 6.0982066e-001
 6.0969025e-001
 6.0956663e-001
 6.0944599e-001
 6.0932404e-001
 6.0919708e-001
 6.0906076e-001
 6.0891128e-001
 6.0874450e-001
 6.0855800e-001
 6.0835487e-001
 6.0813922e-001
 6.0791546e-001
 6.0768777e-001
 6.0746062e-001
 6.0723805e-001
 6.0702437e-001
 6.0682392e-001
 6.0664016e-001
 6.0647416e-001
 6.0632598e-001
 6.0619605e-001
 6.0608459e-001
 6.0599190e-001
 6.0591817e-001
 6.0586387e-001
 6.0582924e-001
 6.0581309e-001
 6.0580915e-001
 6.0581005e-001
 6.0580838e-001
 6.0579669e-001
 6.0576749e-001
 6.0571349e-001
 6.0562724e-001
 6.0550129e-001
 6.0533112e-001
 6.0512197e-001
 6.0488206e-001
 6.0461891e-001
 6.0434020e-001
 6.0405403e-001
 6.0376793e-001
 6.0349000e-001
 6.0322767e-001
 6.0298681e-001
 6.0276484e-001
 6.0255742e-001
 6.0236037e-001
 6.0216928e-001
 6.0197991e-001
 6.0178804e-001
 6.0158920e-001
 6.0137922e-001
 6.0115474e-001
 6.0091615e-001
 6.0066444e-001
 6.0040098e-001
 6.0012674e-001
 5.9984285e-001
 5.9955072e-001
 5.9925115e-001
 5.9894556e-001
 5.9863544e-001
 5.9832472e-001
 5.9801745e-001
 5.9771782e-001
 5.9743017e-001
 5.9715831e-001
 5.9690684e-001
 5.9667975e-001
 5.9648108e-001
 5.9631282e-001
 5.9616721e-001
 5.9603453e-001
 5.9590489e-001
 5.9576875e-001
 5.9561622e-001
 5.9543747e-001
 5.9522295e-001
 5.9496266e-001
 5.9465069e-001
 5.9429455e-001
 5.9390485e-001
 5.9349281e-001
 5.9306866e-001
 5.9264374e-001
 5.9222847e-001
 5.9183383e-001
 5.9147066e-001
 5.9114611e-001
 5.9085542e-001
 5.9059030e-001
 5.9034276e-001
 5.9010470e-001
 5.8986801e-001
 5.8962470e-001
 5.8936650e-001
 5.8908552e-001
 5.8877349e-001
 5.8842283e-001
 5.8803248e-001
 5.8760738e-001
 5.8715355e-001
 5.8667630e-001
 5.8618152e-001
 5.8567441e-001
 5.8516091e-001
 5.8464652e-001
 5.8413655e-001
 5.8363700e-001
 5.8315307e-001
 5.8269066e-001
 5.8225077e-001
 5.8183098e-001
 5.8142883e-001
 5.8104151e-001
 5.8066672e-001
 5.8030146e-001
 5.7994342e-001
 5.7958990e-001
 5.7923806e-001
 5.7888561e-001
 5.7852972e-001
 5.7816797e-001
 5.7779908e-001
 5.7742286e-001
 5.7703960e-001
 5.7664919e-001
 5.7625186e-001
 5.7584739e-001
 5.7543612e-001
 5.7501799e-001
 5.7459289e-001
 5.7416111e-001
 5.7372254e-001
 5.7327741e-001
 5.7282579e-001
 5.7236856e-001
 5.7190627e-001
 5.7143915e-001
 5.7096839e-001
 5.7049400e-001
 5.7001704e-001
 5.6953794e-001
 5.6905711e-001
 5.6857550e-001
 5.6809336e-001
 5.6761158e-001
 5.6712991e-001
 5.6664795e-001
 5.6616515e-001
 5.6568068e-001
 5.6519425e-001
 5.6470501e-001
 5.6421274e-001
 5.6346649e-001
 5.6193954e-001
 5.6035501e-001
 5.5871111e-001
 5.5701983e-001
 5.5529332e-001
 5.5354422e-001
 5.5178457e-001
 5.5001909e-001
 5.4824620e-001
 5.4646307e-001
 5.4466784e-001
 5.4285800e-001
 5.4103869e-001
 5.3922063e-001
 5.3741592e-001
 5.3563553e-001
 5.3389060e-001
 5.3217167e-001
 5.3045100e-001
 5.2869910e-001
 5.2688736e-001
 5.2498645e-001
 5.2297729e-001
 5.2088094e-001
 5.1872677e-001
 5.1654541e-001
 5.1436627e-001
 5.1221997e-001
 5.1012939e-001
 5.0809383e-001
 5.0610536e-001
 5.0415713e-001
 5.0224125e-001
 5.0035083e-001
 4.9847829e-001
 4.9661523e-001
 4.9475083e-001
 4.9287257e-001
 4.9096891e-001
 4.8902729e-001
 4.8703626e-001
 4.8498327e-001
 4.8285681e-001
 4.8065165e-001
 4.7839159e-001
 4.7610584e-001
 4.7382462e-001
 4.7157723e-001
 4.6939394e-001
 4.6730420e-001
 4.6533754e-001
 4.6351385e-001
 4.6181372e-001
 4.6020928e-001
 4.5867223e-001
 4.5717481e-001
 4.5568857e-001
 4.5418590e-001
 4.5263824e-001
 4.5102501e-001
 4.4935068e-001
 4.4762644e-001
 4.4586298e-001
 4.4407088e-001
 4.4226143e-001
 4.4044501e-001
 4.3863294e-001
 4.3683553e-001
 4.3506417e-001
 4.3332914e-001
 4.3164176e-001
 4.3001059e-001
 4.2843813e-001
 4.2692453e-001
 4.2547077e-001
 4.2407700e-001
 4.2274424e-001
 4.2147270e-001
 4.2026296e-001
 4.1911584e-001
 4.1803157e-001
 4.1701105e-001
 4.1605455e-001
 4.1516131e-001
 4.1432434e-001
 4.1353589e-001
 4.1278782e-001
 4.1207224e-001
 4.1138104e-001
 4.1070637e-001
 4.1004008e-001
 4.0937436e-001
 4.0870112e-001
 4.0801233e-001
 4.0730256e-001
 4.0657467e-001
 4.0583375e-001
 4.0508455e-001
 4.0433204e-001
 4.0358108e-001
 4.0283665e-001
 4.0210357e-001
 4.0138677e-001
 4.0069118e-001
 4.0002173e-001
 3.9938349e-001
 3.9878136e-001
 3.9822060e-001
 3.9770615e-001
 3.9724320e-001
 3.9683664e-001
 3.9649171e-001
 3.9621335e-001
 3.9600670e-001
 3.9587525e-001
 3.9581716e-001
 3.9582938e-001
 3.9590907e-001
 3.9605314e-001
 3.9625868e-001
 3.9652267e-001
 3.9684218e-001
 3.9721417e-001
 3.9763582e-001
 3.9810452e-001
 3.9862004e-001
 3.9918235e-001
 3.9979154e-001
 4.0044755e-001
 4.0115055e-001
 4.0190041e-001
 4.0269735e-001
 4.0354118e-001
 4.0443012e-001
 4.0535542e-001
 4.0630686e-001
 4.0727463e-001
 4.0824834e-001
 4.0921819e-001
 4.1017377e-001
 4.1110530e-001
 4.1200703e-001
 4.1288826e-001
 4.1376126e-001
 4.1463852e-001
 4.1553205e-001
 4.1645452e-001
 4.1741797e-001
 4.1843480e-001
 4.1951638e-001
 4.2066994e-001
 4.2190260e-001
 4.2322090e-001
 4.2463183e-001
 4.2614198e-001
 4.2775849e-001
 4.2948776e-001
 4.3133110e-001
 4.3326983e-001
 4.3528250e-001
 4.3734649e-001
 4.3944034e-001
 4.4154152e-001
 4.4362828e-001
 4.4568568e-001
 4.4772020e-001
 4.4974342e-001
 4.5176625e-001
 4.5380038e-001
 4.5585650e-001
 4.5794049e-001
 4.6003836e-001
 4.6213344e-001
 4.6420798e-001
 4.6624541e-001
 4.6822798e-001
 4.7014591e-001
 4.7201151e-001
 4.7384098e-001
 4.7565129e-001
 4.7745851e-001
 4.7927976e-001
 4.8112705e-001
 4.8300084e-001
 4.8489839e-001
 4.8681766e-001
 4.8875576e-001
 4.9071085e-001
 4.9268401e-001
 4.9468967e-001
 4.9674389e-001
 4.9886322e-001
 5.0106430e-001
 5.0336307e-001
 5.0576186e-001
 5.0821698e-001
 5.1067740e-001
 5.1309091e-001
 5.1540637e-001
 5.1757181e-001
 5.1955879e-001
 5.2140945e-001
 5.2317971e-001
 5.2492404e-001
 5.2669835e-001
 5.2855802e-001
 5.3053665e-001
 5.3260243e-001
 5.3470975e-001
 5.3681451e-001
 5.3887194e-001
 5.4083806e-001
 5.4268801e-001
 5.4446113e-001
 5.4620790e-001
 5.4797852e-001
 5.4982394e-001
 5.5179369e-001
 5.5391049e-001
 5.5611366e-001
 5.5832690e-001
 5.6047451e-001
 5.6247938e-001
 5.6426930e-001
 5.6582433e-001
 5.6716466e-001
 5.6831104e-001
 5.6928462e-001
 5.7010943e-001
 5.7084954e-001
 5.7159919e-001
 5.7245392e-001
 5.7350892e-001
 5.7485187e-001
 5.7645816e-001
 5.7821751e-001
 5.8001834e-001
 5.8174902e-001
 5.8330381e-001
 5.8465904e-001
 5.8585435e-001
 5.8693087e-001
 5.8792937e-001
 5.8888924e-001
 5.8983523e-001
 5.9078002e-001
 5.9173656e-001
 5.9271681e-001
 5.9373236e-001
 5.9477687e-001
 5.9583080e-001
 5.9687477e-001
 5.9788829e-001
 5.9885281e-001
 5.9976053e-001
 6.0061240e-001
 6.0140878e-001
 6.0215068e-001
 6.0283905e-001
 6.0347682e-001
 6.0406744e-001
 6.0461515e-001
 6.0512382e-001
 6.0559869e-001
 6.0606384e-001
 6.0655612e-001
 6.0711336e-001
 6.0777301e-001
 6.0856813e-001
 6.0946739e-001
 6.1039335e-001
 6.1126757e-001
 6.1201173e-001
 6.1255312e-001
 6.1290222e-001
 6.1312872e-001
 6.1330396e-001
 6.1349881e-001
 6.1378121e-001
 6.1417532e-001
 6.1467445e-001
 6.1527115e-001
 6.1595738e-001
 6.1672401e-001
 6.1753523e-001
 6.1833733e-001
 6.1907548e-001
 6.1969525e-001
 6.2014621e-001
 6.2042904e-001
 6.2058061e-001
 6.2063843e-001
 6.2064046e-001
 6.2062347e-001
 6.2061554e-001
 6.2063867e-001
 6.2071437e-001
 6.2086427e-001
 6.2110770e-001
 6.2143016e-001
 6.2179369e-001
 6.2216026e-001
 6.2249160e-001
 6.2275171e-001
 6.2293875e-001
 6.2307322e-001
 6.2317669e-001
 6.2327033e-001
 6.2337494e-001
 6.2350625e-001
 6.2367594e-001
 6.2389565e-001
 6.2417716e-001
 6.2453008e-001
 6.2493724e-001
 6.2536329e-001
 6.2577242e-001
 6.2612879e-001
 6.2639964e-001
 6.2658900e-001
 6.2672597e-001
 6.2684017e-001
 6.2696117e-001
 6.2711596e-001
 6.2729794e-001
 6.2747788e-001
 6.2762630e-001
 6.2771362e-001
 6.2771362e-001
 6.2764227e-001
 6.2754399e-001
 6.2746400e-001
 6.2744695e-001
 6.2753415e-001
 6.2771946e-001
 6.2796539e-001
 6.2823379e-001
 6.2848669e-001
 6.2868816e-001
 6.2883031e-001
 6.2892371e-001
 6.2897956e-001
 6.2900865e-001
 6.2902188e-001
 6.2902772e-001
 6.2903309e-001
 6.2904489e-001
 6.2906998e-001
 6.2911528e-001
 6.2918669e-001
 6.2928957e-001
 6.2942928e-001
 6.2961119e-001
 6.2983817e-001
 6.3008493e-001
 6.3030761e-001
 6.3046181e-001
 6.3050354e-001
 6.3039482e-001
 6.3017184e-001
 6.2991846e-001
 6.2971938e-001
 6.2965947e-001
 6.2981457e-001
 6.3015765e-001
 6.3059491e-001
 6.3103199e-001
 6.3137406e-001
 6.3153487e-001
 6.3152516e-001
 6.3141787e-001
 6.3128662e-001
 6.3120544e-001
 6.3124144e-001
 6.3138431e-001
 6.3157475e-001
 6.3175267e-001
 6.3185775e-001
 6.3183689e-001
 6.3171583e-001
 6.3156986e-001
 6.3147569e-001
 6.3150948e-001
 6.3173860e-001
 6.3212919e-001
 6.3258338e-001
 6.3300270e-001
 6.3328832e-001
 6.3335210e-001
 6.3322175e-001
 6.3299733e-001
 6.3278031e-001
 6.3267189e-001
 6.3276386e-001
 6.3303971e-001
 6.3341630e-001
 6.3380939e-001
 6.3413495e-001
 6.3431454e-001
 6.3433605e-001
 6.3422835e-001
 6.3402051e-001
 6.3374203e-001
 6.3342357e-001
 6.3311082e-001
 6.3285899e-001
 6.3272321e-001
 6.3275892e-001
 6.3301384e-001
 6.3345730e-001
 6.3401055e-001
 6.3459396e-001
 6.3512808e-001
 6.3553888e-001
 6.3580865e-001
 6.3595390e-001
 6.3599187e-001
 6.3593972e-001
 6.3581514e-001
 6.3564199e-001
 6.3544810e-001
 6.3526112e-001
 6.3510877e-001
 6.3501811e-001
 6.3500875e-001
 6.3509589e-001
 6.3529491e-001
 6.3562101e-001
 6.3608336e-001
 6.3662952e-001
 6.3717085e-001
 6.3761771e-001
 6.3788068e-001
 6.3788074e-001
 6.3764703e-001
 6.3727254e-001
 6.3685095e-001
 6.3647640e-001
 6.3623589e-001
 6.3614869e-001
 6.3619429e-001
 6.3635105e-001
 6.3659817e-001
 6.3691384e-001
 6.3727152e-001
 6.3764149e-001
 6.3799453e-001
 6.3830090e-001
 6.3853335e-001
 6.3868564e-001
 6.3876373e-001
 6.3877374e-001
 6.3872188e-001
 6.3861561e-001
 6.3847458e-001
 6.3832539e-001
 6.3819486e-001
 6.3810968e-001
 6.3809395e-001
 6.3814390e-001
 6.3823992e-001
 6.3836253e-001
 6.3849181e-001
 6.3860881e-001
 6.3870102e-001
 6.3875967e-001
 6.3877612e-001
 6.3874149e-001
 6.3865107e-001
 6.3853598e-001
 6.3844824e-001
 6.3844001e-001
 6.3856328e-001
 6.3886052e-001
 6.3927925e-001
 6.3971329e-001
 6.4005601e-001
 6.4020103e-001
 6.4005572e-001
 6.3966399e-001
 6.3914609e-001
 6.3862294e-001
 6.3821536e-001
 6.3803357e-001
 6.3808107e-001
 6.3830310e-001
 6.3864368e-001
 6.3904744e-001
 6.3945991e-001
 6.3983923e-001
 6.4015120e-001
 6.4036107e-001
 6.4043456e-001
 6.4034307e-001
 6.4011359e-001
 6.3980418e-001
 6.3947266e-001
 6.3917726e-001
 6.3897294e-001
 6.3888502e-001
 6.3892287e-001
 6.3909549e-001
 6.3941222e-001
 6.3987499e-001
 6.4042062e-001
 6.4095104e-001
 6.4136696e-001
 6.4156973e-001
 6.4147550e-001
 6.4113629e-001
 6.4067787e-001
 6.4022642e-001
 6.3990819e-001
 6.3983411e-001
 6.3997507e-001
 6.4022738e-001
 6.4048642e-001
 6.4064765e-001
 6.4061970e-001
 6.4043158e-001
 6.4017630e-001
 6.3994718e-001
 6.3983774e-001
 6.3992888e-001
 6.4018792e-001
 6.4052212e-001
 6.4083821e-001
 6.4104295e-001
 6.4105439e-001
 6.4088953e-001
 6.4061755e-001
 6.4030826e-001
 6.4003116e-001
 6.3984972e-001
 6.3976985e-001
 6.3976818e-001
 6.3982087e-001
 6.3990420e-001
 6.3999534e-001
 6.4008200e-001
 6.4015692e-001
 6.4021283e-001
 6.4024252e-001
 6.4024061e-001
 6.4021546e-001
 6.4018315e-001
 6.4015961e-001
 6.4016074e-001
 6.4019930e-001
 6.4025944e-001
 6.4031136e-001
 6.4032471e-001
 6.4026922e-001
 6.4011914e-001
 6.3988638e-001
 6.3960236e-001
 6.3929838e-001
 6.3900602e-001
 6.3875544e-001
 6.3856757e-001
 6.3845867e-001
 6.3844496e-001
 6.3854247e-001
 6.3875973e-001
 6.3903874e-001
 6.3928902e-001
 6.3941932e-001
 6.3933843e-001
 6.3897181e-001
 6.3838065e-001
 6.3769501e-001
 6.3704479e-001
 6.3655996e-001
 6.3635278e-001
 6.3638490e-001
 6.3654351e-001
 6.3671535e-001
 6.3678700e-001
 6.3665330e-001
 6.3627690e-001
 6.3565373e-001
 6.3477975e-001
 6.3365096e-001
 6.3226956e-001
 6.3068300e-001
 6.2896150e-001
 6.2717503e-001
 6.2539482e-001
 6.2369418e-001
 6.2217420e-001
 6.2094969e-001
 6.2013501e-001
 6.1984533e-001
 6.2017500e-001
 6.2105691e-001
 6.2234646e-001
 6.2389725e-001
 6.2556386e-001
 6.2720531e-001
 6.2871808e-001
 6.3001555e-001
 6.3101232e-001
 6.3162249e-001
 6.3177907e-001
 6.3156331e-001
 6.3112819e-001
 6.3062656e-001
 6.3021141e-001
 6.3001841e-001
 6.3004589e-001
 6.3022691e-001
 6.3049430e-001
 6.3078076e-001
 6.3102353e-001
 6.3119775e-001
 6.3129556e-001
 6.3130957e-001
 6.3123214e-001
 6.3106042e-001
 6.3082832e-001
 6.3058680e-001
 6.3038677e-001
 6.3027936e-001
 6.3030601e-001
 6.3043439e-001
 6.3059777e-001
 6.3072896e-001
 6.3076109e-001
 6.3063854e-001
 6.3039029e-001
 6.3008571e-001
 6.2979352e-001
 6.2958288e-001
 6.2951070e-001
 6.2954205e-001
 6.2959975e-001
 6.2960607e-001
 6.2948370e-001
 6.2916934e-001
 6.2870800e-001
 6.2819380e-001
 6.2772107e-001
 6.2738425e-001
 6.2726271e-001
 6.2732196e-001
 6.2747645e-001
 6.2763995e-001
 6.2772650e-001
 6.2766242e-001
 6.2746632e-001
 6.2719840e-001
 6.2691891e-001
 6.2668842e-001
 6.2655663e-001
 6.2649477e-001
 6.2643921e-001
 6.2632596e-001
 6.2609118e-001
 6.2568599e-001
 6.2517112e-001
 6.2465650e-001
 6.2425202e-001
 6.2406766e-001
 6.2419116e-001
 6.2455028e-001
 6.2500137e-001
 6.2540084e-001
 6.2560481e-001
 6.2549299e-001
 6.2511355e-001
 6.2458855e-001
 6.2404054e-001
 6.2359184e-001
 6.2334400e-001
 6.2324846e-001
 6.2319070e-001
 6.2305617e-001
 6.2273031e-001
 6.2211990e-001
 6.2128329e-001
 6.2034452e-001
 6.1942762e-001
 6.1865753e-001
 6.1814106e-001
 6.1786342e-001
 6.1775750e-001
 6.1775595e-001
 6.1779135e-001
 6.1780465e-001
 6.1779433e-001
 6.1778402e-001
 6.1779720e-001
 6.1785740e-001
 6.1798024e-001
 6.1812741e-001
 6.1823732e-001
 6.1824834e-001
 6.1809886e-001
 6.1773986e-001
 6.1720943e-001
 6.1658245e-001
 6.1593390e-001
 6.1533862e-001
 6.1485928e-001
 6.1447406e-001
 6.1412555e-001
 6.1375600e-001
 6.1330789e-001
 6.1273581e-001
 6.1207557e-001
 6.1139709e-001
 6.1077011e-001
 6.1026508e-001
 6.0993963e-001
 6.0976911e-001
 6.0969478e-001
 6.0965788e-001
 6.0959941e-001
 6.0947073e-001
 6.0929096e-001
 6.0910708e-001
 6.0896635e-001
 6.0891593e-001
 6.0898960e-001
 6.0913283e-001
 6.0925454e-001
 6.0926384e-001
 6.0906971e-001
 6.0859996e-001
 6.0790795e-001
 6.0709780e-001
 6.0627365e-001
 6.0553974e-001
 6.0499907e-001
 6.0468709e-001
 6.0453528e-001
 6.0446608e-001
 6.0440230e-001
 6.0426652e-001
 6.0398221e-001
 6.0352409e-001
 6.0294431e-001
 6.0230231e-001
 6.0165673e-001
 6.0106677e-001
 6.0059041e-001
 6.0024732e-001
 5.9999901e-001
 5.9980148e-001
 5.9961122e-001
 5.9938443e-001
 5.9907812e-001
 5.9867752e-001
 5.9821028e-001
 5.9770757e-001
 5.9720099e-001
 5.9672159e-001
 5.9630036e-001
 5.9594929e-001
 5.9565258e-001
 5.9539199e-001
 5.9514910e-001
 5.9490585e-001
 5.9464407e-001
 5.9435493e-001
 5.9404254e-001
 5.9371245e-001
 5.9336984e-001
 5.9302038e-001
 5.9266943e-001
 5.9232080e-001
 5.9196913e-001
 5.9160572e-001
 5.9122163e-001
 5.9080780e-001
 5.9035558e-001
 5.8985573e-001
 5.8930326e-001
 5.8871472e-001
 5.8811527e-001
 5.8752990e-001
 5.8698404e-001
 5.8650255e-001
 5.8611065e-001
 5.8582729e-001
 5.8563358e-001
 5.8549678e-001
 5.8538377e-001
 5.8526152e-001
 5.8509696e-001
 5.8485723e-001
 5.8451509e-001
 5.8407921e-001
 5.8357155e-001
 5.8301419e-001
 5.8242917e-001
 5.8183843e-001
 5.8126384e-001
 5.8072460e-001
 5.8022016e-001
 5.7974333e-001
 5.7928681e-001
 5.7884347e-001
 5.7840580e-001
 5.7796663e-001
 5.7751936e-001
 5.7706267e-001
 5.7659698e-001
 5.7612270e-001
 5.7564020e-001
 5.7514971e-001
 5.7465202e-001
 5.7414812e-001
 5.7364517e-001
 5.7315195e-001
 5.7267749e-001
 5.7223082e-001
 5.7182080e-001
 5.7145631e-001
 5.7114321e-001
 5.7087010e-001
 5.7061869e-001
 5.7037103e-001
 5.7010901e-001
 5.6981468e-001
 5.6946993e-001
 5.6906050e-001
 5.6859386e-001
 5.6808567e-001
 5.6755108e-001
 5.6700563e-001
 5.6646448e-001
 5.6594306e-001
 5.6545407e-001
 5.6499380e-001
 5.6455290e-001
 5.6412190e-001
 5.6369162e-001
 5.6325281e-001
 5.6279582e-001
 5.6231362e-001
 5.6181169e-001
 5.6129956e-001
 5.6078702e-001
 5.6028354e-001
 5.5979913e-001
 5.5934334e-001
 5.5892390e-001
 5.5853707e-001
 5.5817550e-001
 5.5783170e-001
 5.5749828e-001
 5.5716771e-001
 5.5683243e-001
 5.5648583e-001
 5.5612594e-001
 5.5575210e-001
 5.5536371e-001
 5.5496049e-001
 5.5454171e-001
 5.5410695e-001
 5.5365598e-001
 5.5318969e-001
 5.5271012e-001
 5.5221874e-001
 5.5171722e-001
 5.5120713e-001
 5.5069029e-001
 5.5016869e-001
 5.4964668e-001
 5.4912907e-001
 5.4862112e-001
 5.4812783e-001
 5.4765409e-001
 5.4720503e-001
 5.4678547e-001
 5.4639983e-001
 5.4605085e-001
 5.4574156e-001
 5.4547459e-001
 5.4525316e-001
 5.4507995e-001
 5.4495788e-001
 5.4488945e-001
 5.4486501e-001
 5.4485899e-001
 5.4484481e-001
 5.4479599e-001
 5.4468596e-001
 5.4448813e-001
 5.4417604e-001
 5.4372394e-001
 5.4313529e-001
 5.4245132e-001
 5.4171515e-001
 5.4097009e-001
 5.4025930e-001
 5.3962642e-001
 5.3911453e-001
 5.3876591e-001
 5.3858358e-001
 5.3852206e-001
 5.3853244e-001
 5.3856599e-001
 5.3857380e-001
 5.3850710e-001
 5.3831702e-001
 5.3795606e-001
 5.3741312e-001
 5.3672302e-001
 5.3592402e-001
 5.3505367e-001
 5.3414989e-001
 5.3325027e-001
 5.3239298e-001
 5.3161520e-001
 5.3093582e-001
 5.3035128e-001
 5.2985644e-001
 5.2944654e-001
 5.2911663e-001
 5.2886158e-001
 5.2867639e-001
 5.2855605e-001
 5.2848858e-001
 5.2845395e-001
 5.2843171e-001
 5.2840132e-001
 5.2834225e-001
 5.2823400e-001
 5.2805609e-001
 5.2778858e-001
 5.2743381e-001
 5.2702063e-001
 5.2657938e-001
 5.2614045e-001
 5.2573431e-001
 5.2539146e-001
 5.2514225e-001
 5.2501619e-001
 5.2501315e-001
 5.2509755e-001
 5.2523184e-001
 5.2537841e-001
 5.2549952e-001
 5.2555764e-001
 5.2551508e-001
 5.2533519e-001
 5.2500850e-001
 5.2455860e-001
 5.2401060e-001
 5.2338940e-001
 5.2272028e-001
 5.2202868e-001
 5.2133954e-001
 5.2067769e-001
 5.2005744e-001
 5.1948094e-001
 5.1894963e-001
 5.1846474e-001
 5.1802760e-001
 5.1763946e-001
 5.1730198e-001
 5.1701623e-001
 5.1678073e-001
 5.1659083e-001
 5.1644194e-001
 5.1632905e-001
 5.1624739e-001
 5.1619220e-001
 5.1615870e-001
 5.1614213e-001
 5.1613885e-001
 5.1614702e-001
 5.1616436e-001
 5.1618904e-001
 5.1621902e-001
 5.1625222e-001
 5.1628673e-001
 5.1632035e-001
 5.1634759e-001
 5.1635897e-001
 5.1634496e-001
 5.1629579e-001
 5.1620185e-001
 5.1605356e-001
 5.1584119e-001
 5.1555562e-001
 5.1519895e-001
 5.1478636e-001
 5.1433361e-001
 5.1385635e-001
 5.1337063e-001
 5.1289219e-001
 5.1243675e-001
 5.1201969e-001
 5.1164728e-001
 5.1131463e-001
 5.1101673e-001
 5.1074839e-001
 5.1050448e-001
 5.1027977e-001
 5.1006907e-001
 5.0986737e-001
 5.0966948e-001
 5.0947309e-001
 5.0927854e-001
 5.0908649e-001
 5.0889760e-001
 5.0871247e-001
 5.0853169e-001
 5.0835598e-001
 5.0818586e-001
 5.0802207e-001
 5.0786513e-001
 5.0771618e-001
 5.0757635e-001
 5.0744724e-001
 5.0733018e-001
 5.0722653e-001
 5.0713766e-001
 5.0706506e-001
 5.0701004e-001
 5.0697392e-001
 5.0695813e-001
 5.0696051e-001
 5.0697553e-001
 5.0699729e-001
 5.0702018e-001
 5.0703830e-001
 5.0704598e-001
 5.0703734e-001
 5.0700670e-001
 5.0694823e-001
 5.0685644e-001
 5.0673169e-001
 5.0658083e-001
 5.0641084e-001
 5.0622892e-001
 5.0604212e-001
 5.0585753e-001
 5.0568229e-001
 5.0552338e-001
 5.0538802e-001
 5.0528300e-001
 5.0520885e-001
 5.0515938e-001
 5.0512820e-001
 5.0510895e-001
 5.0509512e-001
 5.0508022e-001
 5.0505799e-001
 5.0502181e-001
 5.0496536e-001
 5.0488240e-001
 5.0477344e-001
 5.0464582e-001
 5.0450724e-001
 5.0436550e-001
 5.0422817e-001
 5.0410295e-001
 5.0399762e-001
 5.0391984e-001
 5.0387728e-001
 5.0387728e-001
 5.0391781e-001
 5.0398725e-001
 5.0407356e-001
 5.0416487e-001
 5.0424892e-001
 5.0431383e-001
 5.0434756e-001
 5.0433803e-001
 5.0427324e-001
 5.0414175e-001
 5.0394678e-001
 5.0370634e-001
 5.0343913e-001
 5.0316393e-001
 5.0289941e-001
 5.0266421e-001
 5.0247705e-001
 5.0235665e-001
 5.0232172e-001
 5.0239003e-001
 5.0255942e-001
 5.0280702e-001
 5.0310963e-001
 5.0344372e-001
 5.0378573e-001
 5.0411224e-001
 5.0439996e-001
 5.0462514e-001
 5.0476456e-001
 5.0479555e-001
 5.0471795e-001
 5.0455314e-001
 5.0432354e-001
 5.0405186e-001
 5.0376052e-001
 5.0347197e-001
 5.0320882e-001
 5.0299340e-001
 5.0284827e-001
 5.0279510e-001
 5.0283754e-001
 5.0296140e-001
 5.0315195e-001
 5.0339425e-001
 5.0367332e-001
 5.0397444e-001
 5.0428289e-001
 5.0458366e-001
 5.0486183e-001
 5.0510311e-001
 5.0530297e-001
 5.0546652e-001
 5.0559908e-001
 5.0570613e-001
 5.0579327e-001
 5.0586575e-001
 5.0592917e-001
 5.0598896e-001
 5.0605047e-001
 5.0611919e-001
 5.0619888e-001
 5.0629175e-001
 5.0640005e-001
 5.0652611e-001
 5.0667197e-001
 5.0683993e-001
 5.0703210e-001
 5.0725091e-001
 5.0749838e-001
 5.0777668e-001
 5.0808477e-001
 5.0841868e-001
 5.0877446e-001
 5.0914794e-001
 5.0953519e-001
 5.0993210e-001
 5.1033485e-001
 5.1073909e-001
 5.1114082e-001
 5.1153618e-001
 5.1192063e-001
 5.1228946e-001
 5.1263767e-001
 5.1296067e-001
 5.1325363e-001
 5.1351172e-001
 5.1373005e-001
 5.1390392e-001
 5.1402849e-001
 5.1409954e-001
 5.1412332e-001
 5.1411581e-001
 5.1409346e-001
 5.1407260e-001
 5.1406962e-001
 5.1410085e-001
 5.1418275e-001
 5.1433164e-001
 5.1456392e-001
 5.1489508e-001
 5.1532316e-001
 5.1583046e-001
 5.1639855e-001
 5.1700902e-001
 5.1764351e-001
 5.1828372e-001
 5.1891142e-001
 5.1950788e-001
 5.2005488e-001
 5.2053493e-001
 5.2094573e-001
 5.2129889e-001
 5.2160621e-001
 5.2188009e-001
 5.2213222e-001
 5.2237481e-001
 5.2261996e-001
 5.2287948e-001
 5.2316552e-001
 5.2348977e-001
 5.2385181e-001
 5.2424192e-001
 5.2464956e-001
 5.2506441e-001
 5.2547604e-001
 5.2587390e-001
 5.2624774e-001
 5.2658713e-001
 5.2688169e-001
 5.2712166e-001
 5.2731246e-001
 5.2747232e-001
 5.2762014e-001
 5.2777457e-001
 5.2795440e-001
 5.2817851e-001
 5.2846563e-001
 5.2883464e-001
 5.2930415e-001
 5.2989149e-001
 5.3058714e-001
 5.3135818e-001
 5.3217077e-001
 5.3299117e-001
 5.3378564e-001
 5.3452069e-001
 5.3516221e-001
 5.3567660e-001
 5.3603011e-001
 5.3619128e-001
 5.3616703e-001
 5.3599739e-001
 5.3572357e-001
 5.3538686e-001
 5.3502816e-001
 5.3468895e-001
 5.3441030e-001
 5.3423327e-001
 5.3419906e-001
 5.3434688e-001
 5.3467888e-001
 5.3516620e-001
 5.3577912e-001
 5.3648758e-001
 5.3726172e-001
 5.3807169e-001
 5.3888768e-001
 5.3968000e-001
 5.4041833e-001
 5.4107440e-001
 5.4164159e-001
 5.4213202e-001
 5.4255790e-001
 5.4293197e-001
 5.4326659e-001
 5.4357463e-001
 5.4386824e-001
 5.4416007e-001
 5.4446268e-001
 5.4478806e-001
 5.4513943e-001
 5.4551250e-001
 5.4590285e-001
 5.4630631e-001
 5.4671842e-001
 5.4713476e-001
 5.4755080e-001
 5.4796243e-001
 5.4836512e-001
 5.4875475e-001
 5.4913151e-001
 5.4949909e-001
 5.4986113e-001
 5.5022162e-001
 5.5058414e-001
 5.5095255e-001
 5.5133045e-001
 5.5172199e-001
 5.5213058e-001
 5.5255985e-001
 5.5301058e-001
 5.5348152e-001
 5.5397052e-001
 5.5447632e-001
 5.5499715e-001
 5.5553150e-001
 5.5607748e-001
 5.5663371e-001
 5.5719846e-001
 5.5776995e-001
 5.5834317e-001
 5.5891067e-001
 5.5946475e-001
 5.5999804e-001
 5.6050289e-001
 5.6097156e-001
 5.6139666e-001
 5.6177068e-001
 5.6208593e-001
 5.6233573e-001
 5.6252730e-001
 5.6267864e-001
 5.6280816e-001
 5.6293434e-001
 5.6307524e-001
 5.6324953e-001
 5.6347537e-001
 5.6377131e-001
 5.6415552e-001
 5.6464505e-001
 5.6523532e-001
 5.6590509e-001
 5.6663233e-001
 5.6739527e-001
 5.6817216e-001
 5.6894118e-001
 5.6968063e-001
 5.7036847e-001
 5.7098299e-001
 5.7150376e-001
 5.7193059e-001
 5.7227874e-001
 5.7256418e-001
 5.7280260e-001
 5.7300973e-001
 5.7320142e-001
 5.7339346e-001
 5.7360172e-001
 5.7384187e-001
 5.7412887e-001
 5.7446492e-001
 5.7484257e-001
 5.7525426e-001
 5.7569230e-001
 5.7614875e-001
 5.7661611e-001
 5.7708669e-001
 5.7755286e-001
 5.7800680e-001
 5.7844138e-001
 5.7885647e-001
 5.7925767e-001
 5.7965016e-001
 5.8003932e-001
 5.8043087e-001
 5.8083010e-001
 5.8124262e-001
 5.8167362e-001
 5.8212870e-001
 5.8261275e-001
 5.8312052e-001
 5.8363980e-001
 5.8415800e-001
 5.8466274e-001
 5.8514154e-001
 5.8558172e-001
 5.8597088e-001
 5.8629656e-001
 5.8654624e-001
 5.8670890e-001
 5.8679098e-001
 5.8681262e-001
 5.8679420e-001
 5.8675593e-001
 5.8671814e-001
 5.8670110e-001
 5.8672500e-001
 5.8681035e-001
 5.8697724e-001
 5.8724439e-001
 5.8760637e-001
 5.8804089e-001
 5.8852470e-001
 5.8903497e-001
 5.8954877e-001
 5.9004325e-001
 5.9049547e-001
 5.9088230e-001
 5.9118092e-001
 5.9137034e-001
 5.9145457e-001
 5.9145600e-001
 5.9139717e-001
 5.9130067e-001
 5.9118909e-001
 5.9108520e-001
 5.9101146e-001
 5.9099054e-001
 5.9104514e-001
 5.9119606e-001
 5.9144050e-001
 5.9175932e-001
 5.9213287e-001
 5.9254158e-001
 5.9296560e-001
 5.9338540e-001
 5.9378129e-001
 5.9413385e-001
 5.9442306e-001
 5.9463114e-001
 5.9475917e-001
 5.9482217e-001
 5.9483540e-001
 5.9481406e-001
 5.9477311e-001
 5.9472811e-001
 5.9469402e-001
 5.9468621e-001
 5.9471971e-001
 5.9480876e-001
 5.9495342e-001
 5.9514391e-001
 5.9537035e-001
 5.9562284e-001
 5.9589154e-001
 5.9616667e-001
 5.9643811e-001
 5.9669608e-001
 5.9693074e-001
 5.9713292e-001
 5.9730178e-001
 5.9744269e-001
 5.9756082e-001
 5.9766167e-001
 5.9775013e-001
 5.9783190e-001
 5.9791195e-001
 5.9799582e-001
 5.9808868e-001
 5.9819543e-001
 5.9831691e-001
 5.9845084e-001
 5.9859508e-001
 5.9874737e-001
 5.9890550e-001
 5.9906727e-001
 5.9923035e-001
 5.9939271e-001
 5.9955198e-001
 5.9970599e-001
 5.9985375e-001
 5.9999412e-001
 6.0012674e-001
 6.0025078e-001
 6.0036552e-001
 6.0047042e-001
 6.0056460e-001
 6.0064745e-001
 6.0071820e-001
 6.0077649e-001
 6.0082400e-001
 6.0086399e-001
 6.0089970e-001
 6.0093451e-001
 6.0097164e-001
 6.0101444e-001
 6.0106611e-001
 6.0113007e-001
 6.0120952e-001
 6.0130721e-001
 6.0141957e-001
 6.0153884e-001
 6.0165715e-001
 6.0176677e-001
 6.0185981e-001
 6.0192853e-001
 6.0196507e-001
 6.0196167e-001
 6.0191041e-001
 6.0180485e-001
 6.0165125e-001
 6.0146499e-001
 6.0126102e-001
 6.0105467e-001
 6.0086119e-001
 6.0069567e-001
 6.0057336e-001
 6.0050958e-001
 6.0051930e-001
 6.0061586e-001
 6.0078686e-001
 6.0100424e-001
 6.0123980e-001
 6.0146528e-001
 6.0165203e-001
 6.0177207e-001
 6.0179693e-001
 6.0169828e-001
 6.0144776e-001
 6.0102075e-001
 6.0043198e-001
 5.9972084e-001
 5.9892702e-001
 5.9809089e-001
 5.9725201e-001
 5.9645045e-001
 5.9572566e-001
 5.9511817e-001
 5.9466749e-001
 5.9440893e-001
 5.9432691e-001
 5.9437436e-001
 5.9450358e-001
 5.9466732e-001
 5.9481776e-001
 5.9490752e-001
 5.9488899e-001
 5.9471470e-001
 5.9433699e-001
 5.9371299e-001
 5.9285092e-001
 5.9178996e-001
 5.9056967e-001
 5.8922935e-001
 5.8780921e-001
 5.8634853e-001
 5.8488697e-001
 5.8346409e-001
 5.8211917e-001
 5.8089131e-001
 5.7980478e-001
 5.7887614e-001
 5.7812160e-001
 5.7755804e-001
 5.7720149e-001
 5.7706851e-001
 5.7717544e-001
 5.7753873e-001
 5.7817477e-001
 5.7909602e-001
 5.8027655e-001
 5.8166707e-001
 5.8321708e-001
 5.8487725e-001
 5.8659762e-001
 5.8832896e-001
 5.9002054e-001
 5.9162307e-001
 5.9308672e-001
 5.9436613e-001
 5.9545773e-001
 5.9638411e-001
 5.9716755e-001
 5.9783077e-001
 5.9839624e-001
 5.9888625e-001
 5.9932345e-001
 5.9973025e-001
 6.0012937e-001
 6.0054141e-001
 6.0097271e-001
 6.0142034e-001
 6.0188168e-001
 6.0235357e-001
 6.0283327e-001
 6.0331792e-001
 6.0380477e-001
 6.0429078e-001
 6.0477316e-001
 6.0524899e-001
 6.0571504e-001
 6.0616779e-001
 6.0660338e-001
 6.0701847e-001
 6.0740948e-001
 6.0777289e-001
 6.0810494e-001
 6.0840219e-001
 6.0866106e-001
 6.0887820e-001
 6.0905170e-001
 6.0918099e-001
 6.0926527e-001
 6.0930359e-001
 6.0929543e-001
 6.0923982e-001
 6.0913610e-001
 6.0898346e-001
 6.0878116e-001
 6.0852897e-001
 6.0823214e-001
 6.0789919e-001
 6.0753816e-001
 6.0715771e-001
 6.0676628e-001
 6.0637206e-001
 6.0598356e-001
 6.0560894e-001
 6.0525697e-001
 6.0493511e-001
 6.0464609e-001
 6.0438937e-001
 6.0416454e-001
 6.0397112e-001
 6.0380864e-001
 6.0367662e-001
 6.0357463e-001
 6.0350215e-001
 6.0345876e-001
 6.0344398e-001
 6.0345727e-001
 6.0349762e-001
 6.0356385e-001
 6.0365462e-001
 6.0376865e-001
 6.0390466e-001
 6.0406137e-001
 6.0423750e-001
 6.0443193e-001
 6.0464317e-001
 6.0487002e-001
 6.0511130e-001
 6.0536557e-001
 6.0563171e-001
 6.0590833e-001
 6.0619336e-001
 6.0648465e-001
 6.0677981e-001
 6.0707647e-001
 6.0737240e-001
 6.0766518e-001
 6.0795259e-001
 6.0823232e-001
 6.0850203e-001
 6.0875928e-001
 6.0900199e-001
 6.0922772e-001
 6.0943407e-001
 6.0961884e-001
 6.0977972e-001
 6.0991430e-001
 6.1002034e-001
 6.1009586e-001
 6.1014134e-001
 6.1015880e-001
 6.1015034e-001
 6.1011773e-001
 6.1006302e-001
 6.0998821e-001
 6.0989547e-001
 6.0978645e-001
 6.0966343e-001
 6.0952806e-001
 6.0938263e-001
 6.0922903e-001
 6.0906923e-001
 6.0890514e-001
 6.0873884e-001
 6.0857219e-001
 6.0840738e-001
 6.0824621e-001
 6.0809070e-001
 6.0794288e-001
 6.0780472e-001
 6.0767794e-001
 6.0756296e-001
 6.0745919e-001
 6.0736614e-001
 6.0728347e-001
 6.0721046e-001
 6.0714680e-001
 6.0709184e-001
 6.0704523e-001
 6.0700643e-001
 6.0697490e-001
 6.0695022e-001
 6.0693181e-001
 6.0691917e-001
 6.0691190e-001
 6.0690951e-001
 6.0691136e-001
 6.0691714e-001
 6.0692632e-001
 6.0693824e-001
 6.0695261e-001
 6.0696876e-001
 6.0698640e-001
 6.0700482e-001
 6.0702372e-001
 6.0704249e-001
 6.0706073e-001
 6.0707819e-001
 6.0709488e-001
 6.0711074e-001
 6.0712588e-001
 6.0714006e-001
 6.0715336e-001
 6.0716569e-001
 6.0717708e-001
 6.0718733e-001
 6.0719669e-001
 6.0720497e-001
 6.0721207e-001
 6.0721797e-001
 6.0722274e-001
 6.0722631e-001
 6.0722864e-001
 6.0722971e-001
 6.0722935e-001
 6.0722774e-001
 6.0722470e-001
 6.0722023e-001
 6.0721427e-001
 6.0720688e-001
 6.0719794e-001
 6.0718745e-001
 6.0717535e-001
 6.0716164e-001
 6.0714620e-001
 6.0712910e-001
 6.0711026e-001
 6.0708982e-001
 6.0706776e-001
 6.0704416e-001
 6.0701919e-001
 6.0699302e-001
 6.0696548e-001
 6.0693693e-001
 6.0690731e-001
 6.0687679e-001
 6.0684538e-001
 6.0681319e-001
 6.0678047e-001
 6.0674703e-001
 6.0671324e-001
 6.0667902e-001
 6.0664445e-001
 6.0660970e-001
 6.0657489e-001
 6.0654002e-001
 6.0650522e-001
 6.0647058e-001
 6.0643625e-001
 6.0640222e-001
 6.0636860e-001
 6.0633558e-001
 6.0630316e-001
 6.0627139e-001
 6.0624051e-001
 6.0621053e-001
 6.0618156e-001
 6.0615355e-001
 6.0612673e-001
 6.0610110e-001
 6.0607648e-001
 6.0605276e-001
 6.0602993e-001
 6.0600787e-001
 6.0598648e-001
 6.0596561e-001
 6.0594529e-001
 6.0592538e-001
 6.0590577e-001
 6.0588646e-001
 6.0586715e-001
 6.0584790e-001
 6.0582864e-001
 6.0580927e-001
 6.0578966e-001
 6.0576969e-001
 6.0574937e-001
 6.0572851e-001
 6.0570711e-001
 6.0568494e-001
 6.0566211e-001
 6.0563838e-001
 6.0561371e-001
 6.0558802e-001
 6.0556120e-001
 6.0553312e-001
 6.0550380e-001
 6.0547304e-001
 6.0544080e-001
 6.0540706e-001
 6.0537153e-001
 6.0533452e-001
 6.0529584e-001
 6.0525572e-001
 6.0521406e-001
 6.0517114e-001
 6.0512680e-001
 6.0508114e-001
 6.0503441e-001
 6.0498643e-001
 6.0493737e-001
 6.0488737e-001
 6.0483634e-001
 6.0478443e-001
 6.0473162e-001
 6.0467803e-001
 6.0462379e-001
 6.0456890e-001
 6.0451335e-001
 6.0445726e-001
 6.0440069e-001
 6.0434377e-001
 6.0428637e-001
 6.0422873e-001
 6.0417092e-001
 6.0411286e-001
 6.0405469e-001
 6.0399640e-001
 6.0393816e-001
 6.0388005e-001
 6.0382199e-001
 6.0376412e-001
 6.0370660e-001
 6.0364956e-001
 6.0359329e-001
 6.0353810e-001
 6.0348421e-001
 6.0343212e-001
 6.0338205e-001
 6.0333419e-001
 6.0328889e-001
 6.0324645e-001
 6.0320723e-001
 6.0317141e-001
 6.0313946e-001
 6.0311145e-001
 6.0308778e-001
 6.0306877e-001
 6.0305470e-001
 6.0304594e-001
 6.0304272e-001
 6.0304523e-001
 6.0305393e-001
 6.0306901e-001
 6.0309082e-001
 6.0311961e-001
 6.0315573e-001
 6.0319942e-001
 6.0325110e-001
 6.0331094e-001
 6.0337925e-001
 6.0345632e-001
 6.0354257e-001
 6.0363805e-001
 6.0374308e-001
 6.0385537e-001
 6.0397249e-001
 6.0409153e-001
 6.0420972e-001
 6.0432452e-001
 6.0443300e-001
 6.0453254e-001
 6.0462034e-001
 6.0469371e-001
 6.0474992e-001
 6.0478616e-001
 6.0479981e-001
 6.0478806e-001
 6.0474813e-001
 6.0467744e-001
 6.0457307e-001
 6.0443246e-001
 6.0425276e-001
 6.0403126e-001
 6.0376519e-001
 6.0345197e-001
 6.0308868e-001
 6.0267270e-001
 6.0220116e-001
 6.0167146e-001
 6.0108083e-001
 6.0042667e-001
 5.9970582e-001
 5.9891605e-001
 5.9805441e-001
 5.9711814e-001
 5.9610415e-001
 5.9500635e-001
 5.9381866e-001
 5.9253407e-001
 5.9114558e-001
 5.8964652e-001
 5.8803052e-001
 5.8629066e-001
 5.8442008e-001
 5.8241171e-001
 5.8025962e-001
 5.7795674e-001
 5.7549632e-001
 5.7287085e-001
 5.7007498e-001
 5.6710124e-001
 5.6394303e-001
 5.6059361e-001
 5.5704522e-001
 5.5329287e-001
 5.4932910e-001
 5.4514718e-001
 5.4073918e-001
 5.3610051e-001
 5.3122342e-001
 5.2610111e-001
 5.2072567e-001
 5.1509279e-001
 5.0919461e-001
 5.0302428e-001
 4.9657512e-001
 4.8983869e-001
 4.8281482e-001
 4.7551796e-001
 4.6797130e-001
 4.6019629e-001
 4.5221981e-001
 4.4406340e-001
 4.3575025e-001
 4.2730156e-001
 4.1874468e-001
 4.1010085e-001
 4.0139332e-001
 3.9264536e-001
 3.8387811e-001
 3.7511903e-001
 3.6638930e-001
 3.5771215e-001
 3.4910884e-001
 3.4060669e-001
 3.3222690e-001
 3.2399276e-001
 3.1592557e-001
 3.0805248e-001
 3.0039480e-001
 2.9297581e-001
 2.8581873e-001
 2.7894521e-001
 2.7238178e-001
 2.6615009e-001
 2.6027334e-001
 2.5477356e-001
 2.4967657e-001
 2.4500433e-001
 2.4077548e-001
 2.3698197e-001
 2.3360904e-001
 2.3063925e-001
 2.2805610e-001
 2.2584255e-001
 2.2398318e-001
 2.2246091e-001
 2.2125921e-001
 2.2036159e-001
 2.1975139e-001
 2.1941242e-001
 2.1932799e-001
 2.1948154e-001
 2.1985675e-001
 2.2043689e-001
 2.2120552e-001
 2.2214611e-001
 2.2324245e-001
 2.2447750e-001
 2.2583500e-001
 2.2729841e-001
 2.2885126e-001
 2.3047741e-001
 2.3215955e-001
 2.3388159e-001
 2.3562700e-001
 2.3737969e-001
 2.3912232e-001
 2.4083878e-001
 2.4251257e-001
 2.4412754e-001
 2.4566875e-001
 2.4713492e-001
 2.4852870e-001
 2.4985270e-001
 2.5110990e-001
 2.5230226e-001
 2.5343281e-001
 2.5450414e-001
 2.5551912e-001
 2.5647995e-001
 2.5738946e-001
 2.5825030e-001
 2.5906527e-001
 2.5983667e-001
 2.6056734e-001
 2.6125988e-001
 2.6191708e-001
 2.6254129e-001
 2.6313528e-001
 2.6370174e-001
 2.6424319e-001
 2.6476252e-001
 2.6526210e-001
 2.6574457e-001
 2.6621270e-001
 2.6666918e-001
 2.6711643e-001
 2.6755720e-001
 2.6799414e-001
 2.6843002e-001
 2.6886716e-001
 2.6930842e-001
 2.6975596e-001
 2.7020964e-001
 2.7066892e-001
 2.7113265e-001
 2.7160025e-001
 2.7207080e-001
 2.7254370e-001
 2.7301788e-001
 2.7349269e-001
 2.7396733e-001
 2.7444106e-001
 2.7491292e-001
 2.7538219e-001
 2.7584803e-001
 2.7630970e-001
 2.7676651e-001
 2.7721742e-001
 2.7766171e-001
 2.7809867e-001
 2.7852750e-001
 2.7894723e-001
 2.7935717e-001
 2.7975658e-001
 2.8014463e-001
 2.8052041e-001
 2.8088319e-001
 2.8123221e-001
 2.8156671e-001
 2.8188574e-001
 2.8218859e-001
 2.8247443e-001
 2.8274253e-001
 2.8299227e-001
 2.8322425e-001
 2.8343937e-001
 2.8363857e-001
 2.8382286e-001
 2.8399315e-001
 2.8415036e-001
 2.8429544e-001
 2.8442943e-001
 2.8455311e-001
 2.8466755e-001
 2.8477359e-001
 2.8487226e-001
 2.8496447e-001
 2.8505120e-001
 2.8513333e-001
 2.8521183e-001
 2.8528762e-001
 2.8536171e-001
 2.8543496e-001
 2.8550839e-001
 2.8558287e-001
 2.8565943e-001
 2.8573892e-001
 2.8582236e-001
 2.8591064e-001
 2.8600475e-001
 2.8610557e-001
 2.8621405e-001
 2.8633124e-001
 2.8645793e-001
 2.8659520e-001
 2.8674370e-001
 2.8690356e-001
 2.8707454e-001
 2.8725636e-001
 2.8744888e-001
 2.8765184e-001
 2.8786507e-001
 2.8808835e-001
 2.8832141e-001
 2.8856409e-001
 2.8881615e-001
 2.8907743e-001
 2.8934765e-001
 2.8962657e-001
 2.8991404e-001
 2.9020995e-001
 2.9051381e-001
 2.9082564e-001
 2.9114512e-001
 2.9147214e-001
 2.9180634e-001
 2.9214758e-001
 2.9249567e-001
 2.9285032e-001
 2.9321146e-001
 2.9357874e-001
 2.9395196e-001
 2.9433092e-001
 2.9471555e-001
 2.9510543e-001
 2.9550037e-001
 2.9590026e-001
 2.9630473e-001
 2.9671264e-001
 2.9712275e-001
 2.9753384e-001
 2.9794464e-001
 2.9835403e-001
 2.9876050e-001
 2.9916295e-001
 2.9956013e-001
 2.9995084e-001
 3.0033365e-001
 3.0070740e-001
 3.0107087e-001
 3.0142286e-001
 3.0176196e-001
 3.0208698e-001
 3.0239674e-001
 3.0268991e-001
 3.0296525e-001
 3.0322155e-001
 3.0345750e-001
 3.0367181e-001
 3.0386341e-001
 3.0403081e-001
 3.0417290e-001
 3.0428842e-001
 3.0437610e-001
 3.0443463e-001
 3.0446282e-001
 3.0445939e-001
 3.0442315e-001
 3.0435276e-001
 3.0424753e-001
 3.0410880e-001
 3.0393854e-001
 3.0373865e-001
 3.0351126e-001
 3.0325821e-001
 3.0298156e-001
 3.0268309e-001
 3.0236498e-001
 3.0202913e-001
 3.0167750e-001
 3.0131191e-001
 3.0093461e-001
 3.0054739e-001
 3.0015230e-001
 2.9975125e-001
 2.9934606e-001
 2.9893896e-001
 2.9853186e-001
 2.9812667e-001
 2.9772526e-001
 2.9732978e-001
 2.9694211e-001
 2.9656425e-001
 2.9619807e-001
 2.9584566e-001
 2.9550895e-001
 2.9518992e-001
 2.9489049e-001
 2.9461259e-001
 2.9435828e-001
 2.9412952e-001
 2.9392782e-001
 2.9375270e-001
 2.9360351e-001
 2.9347923e-001
 2.9337901e-001
 2.9330203e-001
 2.9324743e-001
 2.9321435e-001
 2.9320195e-001
 2.9320931e-001
 2.9323563e-001
 2.9327995e-001
 2.9334152e-001
 2.9341939e-001
 2.9351282e-001
 2.9362085e-001
 2.9374263e-001
 2.9387733e-001
 2.9402411e-001
 2.9418203e-001
 2.9435030e-001
 2.9452804e-001
 2.9471439e-001
 2.9490843e-001
 2.9510936e-001
 2.9531634e-001
 2.9552847e-001
 2.9574493e-001
 2.9596481e-001
 2.9618728e-001
 2.9641145e-001
 2.9663655e-001
