splib07b Record=18243: Topaz Jos_#22                 BECKb AREF
-1.2300000e+034
-1.2300000e+034
-1.2300000e+034
-1.2300000e+034
-1.2300000e+034
-1.2300000e+034
-1.2300000e+034
-1.2300000e+034
-1.2300000e+034
-1.2300000e+034
-1.2300000e+034
-1.2300000e+034
-1.2300000e+034
-1.2300000e+034
-1.2300000e+034
-1.2300000e+034
-1.2300000e+034
-1.2300000e+034
-1.2300000e+034
-1.2300000e+034
-1.2300000e+034
-1.2300000e+034
-1.2300000e+034
-1.2300000e+034
-1.2300000e+034
-1.2300000e+034
-1.2300000e+034
-1.2300000e+034
-1.2300000e+034
-1.2300000e+034
-1.2300000e+034
-1.2300000e+034
-1.2300000e+034
-1.2300000e+034
-1.2300000e+034
-1.2300000e+034
-1.2300000e+034
-1.2300000e+034
-1.2300000e+034
-1.2300000e+034
-1.2300000e+034
-1.2300000e+034
-1.2300000e+034
-1.2300000e+034
-1.2300000e+034
-1.2300000e+034
-1.2300000e+034
-1.2300000e+034
 1.0748459e-001
 1.0748459e-001
 1.0749166e-001
 1.0752432e-001
 1.0759775e-001
 1.0772710e-001
 1.0792758e-001
 1.0821436e-001
 1.0860259e-001
 1.0910744e-001
 1.0974416e-001
 1.1052781e-001
 1.1147363e-001
 1.1259684e-001
 1.1391249e-001
 1.1543584e-001
 1.1718211e-001
 1.1916634e-001
 1.2140377e-001
 1.2390970e-001
 1.2669908e-001
 1.2978731e-001
 1.3318931e-001
 1.3692039e-001
 1.4099590e-001
 1.4542845e-001
 1.5020640e-001
 1.5530290e-001
 1.6069007e-001
 1.6634081e-001
 1.7222793e-001
 1.7832363e-001
 1.8460095e-001
 1.9103205e-001
 1.9758980e-001
 2.0424709e-001
 2.1097600e-001
 2.1774940e-001
 2.2454023e-001
 2.3132053e-001
 2.3806317e-001
 2.4474114e-001
 2.5132641e-001
 2.5779191e-001
 2.6411057e-001
 2.7025440e-001
 2.7619806e-001
 2.8193513e-001
 2.8747052e-001
 2.9281017e-001
 2.9795995e-001
 3.0292505e-001
 3.0771127e-001
 3.1232452e-001
 3.1677002e-001
 3.2105359e-001
 3.2518107e-001
 3.2915777e-001
 3.3298942e-001
 3.3668187e-001
 3.4024042e-001
 3.4367108e-001
 3.4697914e-001
 3.5017052e-001
 3.5325009e-001
 3.5621703e-001
 3.5906667e-001
 3.6179394e-001
 3.6439413e-001
 3.6686239e-001
 3.6919379e-001
 3.7138346e-001
 3.7342662e-001
 3.7531835e-001
 3.7705380e-001
 3.7862819e-001
 3.8003653e-001
 3.8127407e-001
 3.8233593e-001
 3.8321722e-001
 3.8391307e-001
 3.8441873e-001
 3.8473132e-001
 3.8487330e-001
 3.8488340e-001
 3.8480052e-001
 3.8466370e-001
 3.8451186e-001
 3.8438395e-001
 3.8431898e-001
 3.8435596e-001
 3.8453379e-001
 3.8489139e-001
 3.8546792e-001
 3.8630220e-001
 3.8743317e-001
 3.8889998e-001
 3.9074150e-001
 3.9299646e-001
 3.9568168e-001
 3.9875737e-001
 4.0217483e-001
 4.0588629e-001
 4.0984321e-001
 4.1399682e-001
 4.1829953e-001
 4.2270267e-001
 4.2715740e-001
 4.3161631e-001
 4.3603057e-001
 4.4035184e-001
 4.4453144e-001
 4.4852179e-001
 4.5227394e-001
 4.5575920e-001
 4.5899659e-001
 4.6201271e-001
 4.6483409e-001
 4.6748799e-001
 4.7000062e-001
 4.7239923e-001
 4.7471035e-001
 4.7696060e-001
 4.7917655e-001
 4.8138541e-001
 4.8361364e-001
 4.8588780e-001
 4.8823503e-001
 4.9068183e-001
 4.9324465e-001
 4.9591503e-001
 4.9867961e-001
 5.0152510e-001
 5.0443906e-001
 5.0740808e-001
 5.1041895e-001
 5.1345903e-001
 5.1651508e-001
 5.1957381e-001
 5.2262270e-001
 5.2564842e-001
 5.2863789e-001
 5.3157783e-001
 5.3445578e-001
 5.3726536e-001
 5.4001993e-001
 5.4273528e-001
 5.4542732e-001
 5.4811162e-001
 5.5080462e-001
 5.5352193e-001
 5.5627966e-001
 5.5909371e-001
 5.6197989e-001
 5.6495380e-001
 5.6803209e-001
 5.7122999e-001
 5.7456243e-001
 5.7802421e-001
 5.8159703e-001
 5.8526200e-001
 5.8900112e-001
 5.9279531e-001
 5.9662652e-001
 6.0047603e-001
 6.0432523e-001
 6.0815507e-001
 6.1194772e-001
 6.1568433e-001
 6.1934721e-001
 6.2293440e-001
 6.2645334e-001
 6.2991166e-001
 6.3331801e-001
 6.3667989e-001
 6.4000505e-001
 6.4330208e-001
 6.4657861e-001
 6.4984256e-001
 6.5310168e-001
 6.5636450e-001
 6.5963751e-001
 6.6291767e-001
 6.6619390e-001
 6.6945481e-001
 6.7268908e-001
 6.7588598e-001
 6.7903376e-001
 6.8212181e-001
 6.8513876e-001
 6.8807328e-001
 6.9091398e-001
 6.9365025e-001
 6.9627148e-001
 6.9878238e-001
 7.0119762e-001
 7.0353192e-001
 7.0580000e-001
 7.0801705e-001
 7.1019763e-001
 7.1235687e-001
 7.1450943e-001
 7.1667027e-001
 7.1885401e-001
 7.2107589e-001
 7.2334939e-001
 7.2567195e-001
 7.2803009e-001
 7.3040962e-001
 7.3279631e-001
 7.3517650e-001
 7.3753601e-001
 7.3986053e-001
 7.4213648e-001
 7.4434948e-001
 7.4648559e-001
 7.4853063e-001
 7.5047177e-001
 7.5230861e-001
 7.5405043e-001
 7.5570637e-001
 7.5728571e-001
 7.5879776e-001
 7.6025188e-001
 7.6165712e-001
 7.6302320e-001
 7.6435894e-001
 7.6567400e-001
 7.6697737e-001
 7.6827753e-001
 7.6956868e-001
 7.7083528e-001
 7.7206129e-001
 7.7323073e-001
 7.7432764e-001
 7.7533633e-001
 7.7624047e-001
 7.7702439e-001
 7.7767217e-001
 7.7816772e-001
 7.7849507e-001
 7.7864057e-001
 7.7862066e-001
 7.7847379e-001
 7.7823919e-001
 7.7795577e-001
 7.7766281e-001
 7.7739912e-001
 7.7720392e-001
 7.7711636e-001
 7.7717531e-001
 7.7741992e-001
 7.7788937e-001
 7.7861959e-001
 7.7960461e-001
 7.8080720e-001
 7.8218979e-001
 7.8371429e-001
 7.8534299e-001
 7.8703773e-001
 7.8876108e-001
 7.9047495e-001
 7.9214162e-001
 7.9372323e-001
 7.9518181e-001
 7.9648155e-001
 7.9761654e-001
 7.9860270e-001
 7.9945654e-001
 8.0019444e-001
 8.0083299e-001
 8.0138874e-001
 8.0187809e-001
 8.0231756e-001
 8.0272377e-001
 8.0311310e-001
 8.0350226e-001
 8.0390680e-001
 8.0433440e-001
 8.0478573e-001
 8.0526167e-001
 8.0576295e-001
 8.0629027e-001
 8.0684435e-001
 8.0742604e-001
 8.0803603e-001
 8.0867505e-001
 8.0934393e-001
 8.1004339e-001
 8.1077409e-001
 8.1153625e-001
 8.1232983e-001
 8.1315488e-001
 8.1401128e-001
 8.1489897e-001
 8.1581783e-001
 8.1676757e-001
 8.1774861e-001
 8.1876040e-001
 8.1980318e-001
 8.2087678e-001
 8.2198077e-001
 8.2311076e-001
 8.2425940e-001
 8.2541895e-001
 8.2658201e-001
 8.2774091e-001
 8.2888818e-001
 8.3001602e-001
 8.3111709e-001
 8.3218366e-001
 8.3320832e-001
 8.3418345e-001
 8.3510178e-001
 8.3596253e-001
 8.3676976e-001
 8.3752757e-001
 8.3824009e-001
 8.3891153e-001
 8.3954597e-001
 8.4014744e-001
 8.4072042e-001
 8.4126860e-001
 8.4179640e-001
 8.4230787e-001
 8.4280711e-001
 8.4329575e-001
 8.4377390e-001
 8.4424144e-001
 8.4469831e-001
 8.4514457e-001
 8.4558004e-001
 8.4600484e-001
 8.4641874e-001
 8.4682196e-001
 8.4721422e-001
 8.4759569e-001
 8.4796613e-001
 8.4832543e-001
 8.4867287e-001
 8.4900820e-001
 8.4933078e-001
 8.4964031e-001
 8.4993613e-001
 8.5021782e-001
 8.5048503e-001
 8.5073698e-001
 8.5097349e-001
 8.5119385e-001
 8.5139829e-001
 8.5159421e-001
 8.5179526e-001
 8.5201514e-001
 8.5226756e-001
 8.5256642e-001
 8.5292542e-001
 8.5335821e-001
 8.5387850e-001
 8.5450017e-001
 8.5523671e-001
 8.5610229e-001
 8.5710889e-001
 8.5824555e-001
 8.5948259e-001
 8.6078995e-001
 8.6213750e-001
 8.6349487e-001
 8.6483228e-001
 8.6611950e-001
 8.6732614e-001
 8.6842209e-001
 8.6937743e-001
 8.7016189e-001
 8.7074721e-001
 8.7113446e-001
 8.7134910e-001
 8.7141669e-001
 8.7136310e-001
 8.7121409e-001
 8.7099552e-001
 8.7073320e-001
 8.7045294e-001
 8.7018043e-001
 8.6994165e-001
 8.6976224e-001
 8.6966699e-001
 8.6966181e-001
 8.6973810e-001
 8.6988622e-001
 8.7009692e-001
 8.7036061e-001
 8.7066805e-001
 8.7101001e-001
 8.7137687e-001
 8.7175918e-001
 8.7214774e-001
 8.7253302e-001
 8.7290615e-001
 8.7326372e-001
 8.7360692e-001
 8.7393749e-001
 8.7425673e-001
 8.7456620e-001
 8.7486732e-001
 8.7516171e-001
 8.7545073e-001
 8.7573588e-001
 8.7601870e-001
 8.7630057e-001
 8.7658322e-001
 8.7686980e-001
 8.7716496e-001
 8.7747329e-001
 8.7779939e-001
 8.7814802e-001
 8.7852377e-001
 8.7893134e-001
 8.7937546e-001
 8.7986052e-001
 8.8039142e-001
 8.8096708e-001
 8.8156849e-001
 8.8217288e-001
 8.8275772e-001
 8.8330001e-001
 8.8377720e-001
 8.8416648e-001
 8.8444507e-001
 8.8459033e-001
 8.8459164e-001
 8.8447803e-001
 8.8428664e-001
 8.8405472e-001
 8.8381952e-001
 8.8361812e-001
 8.8348764e-001
 8.8346547e-001
 8.8358861e-001
 8.8388002e-001
 8.8431501e-001
 8.8485926e-001
 8.8547826e-001
 8.8613778e-001
 8.8680321e-001
 8.8744032e-001
 8.8801467e-001
 8.8849181e-001
 8.8884974e-001
 8.8910675e-001
 8.8928974e-001
 8.8942599e-001
 8.8954198e-001
 8.8966501e-001
 8.8982183e-001
 8.9003944e-001
 8.9034474e-001
 8.9075214e-001
 8.9123374e-001
 8.9175314e-001
 8.9227360e-001
 8.9275885e-001
 8.9317185e-001
 8.9347619e-001
 8.9363539e-001
 8.9361280e-001
 8.9338905e-001
 8.9300287e-001
 8.9250541e-001
 8.9194757e-001
 8.9138073e-001
 8.9085573e-001
 8.9042366e-001
 8.9013541e-001
 8.9004230e-001
 8.9017546e-001
 8.9049858e-001
 8.9096093e-001
 8.9151180e-001
 8.9210057e-001
 8.9267653e-001
 8.9318907e-001
 8.9358932e-001
 8.9386439e-001
 8.9403236e-001
 8.9411259e-001
 8.9412427e-001
 8.9408654e-001
 8.9401835e-001
 8.9393330e-001
 8.9384001e-001
 8.9374709e-001
 8.9366329e-001
 8.9359701e-001
 8.9355654e-001
 8.9354211e-001
 8.9354724e-001
 8.9356524e-001
 8.9358914e-001
 8.9361227e-001
 8.9362824e-001
 8.9364040e-001
 8.9366019e-001
 8.9369971e-001
 8.9377087e-001
 8.9388561e-001
 8.9405477e-001
 8.9427298e-001
 8.9451975e-001
 8.9477426e-001
 8.9501554e-001
 8.9522284e-001
 8.9537638e-001
 8.9547938e-001
 8.9555568e-001
 8.9562953e-001
 8.9572543e-001
 8.9586794e-001
 8.9607972e-001
 8.9635450e-001
 8.9665961e-001
 8.9696145e-001
 8.9722663e-001
 8.9742142e-001
 8.9751393e-001
 8.9750338e-001
 8.9741778e-001
 8.9728540e-001
 8.9713520e-001
 8.9699554e-001
 8.9689380e-001
 8.9682853e-001
 8.9677304e-001
 8.9669955e-001
 8.9658004e-001
 8.9638686e-001
 8.9609408e-001
 8.9571512e-001
 8.9529854e-001
 8.9489430e-001
 8.9455247e-001
 8.9432311e-001
 8.9425397e-001
 8.9435065e-001
 8.9458019e-001
 8.9490831e-001
 8.9530057e-001
 8.9572263e-001
 8.9614046e-001
 8.9652801e-001
 8.9686596e-001
 8.9713562e-001
 8.9731818e-001
 8.9739478e-001
 8.9734787e-001
 8.9718741e-001
 8.9694828e-001
 8.9666647e-001
 8.9637774e-001
 8.9611822e-001
 8.9592308e-001
 8.9581656e-001
 8.9581245e-001
 8.9592451e-001
 8.9616591e-001
 8.9655030e-001
 8.9708912e-001
 8.9775079e-001
 8.9846408e-001
 8.9915603e-001
 8.9975405e-001
 9.0018523e-001
 9.0038085e-001
 9.0035415e-001
 9.0019494e-001
 8.9999580e-001
 8.9984965e-001
 8.9984745e-001
 9.0002310e-001
 9.0034127e-001
 9.0076256e-001
 9.0124720e-001
 9.0175575e-001
 9.0224874e-001
 9.0268654e-001
 9.0302968e-001
 9.0323931e-001
 9.0330493e-001
 9.0324998e-001
 9.0310025e-001
 9.0288156e-001
 9.0261948e-001
 9.0233982e-001
 9.0206838e-001
 9.0183079e-001
 9.0165240e-001
 9.0154749e-001
 9.0151572e-001
 9.0155661e-001
 9.0166920e-001
 9.0185267e-001
 9.0210629e-001
 9.0242922e-001
 9.0282053e-001
 9.0327936e-001
 9.0379488e-001
 9.0434462e-001
 9.0490514e-001
 9.0545344e-001
 9.0596598e-001
 9.0641958e-001
 9.0679103e-001
 9.0705687e-001
 9.0719467e-001
 9.0720719e-001
 9.0712893e-001
 9.0699643e-001
 9.0684617e-001
 9.0671456e-001
 9.0663803e-001
 9.0665329e-001
 9.0679663e-001
 9.0710372e-001
 9.0757704e-001
 9.0817738e-001
 9.0886307e-001
 9.0959191e-001
 9.1032255e-001
 9.1101301e-001
 9.1162133e-001
 9.1210598e-001
 9.1242582e-001
 9.1257203e-001
 9.1257596e-001
 9.1247213e-001
 9.1229439e-001
 9.1207689e-001
 9.1185403e-001
 9.1165966e-001
 9.1152811e-001
 9.1149294e-001
 9.1156697e-001
 9.1173661e-001
 9.1198653e-001
 9.1230142e-001
 9.1266596e-001
 9.1306496e-001
 9.1348296e-001
 9.1390473e-001
 9.1431493e-001
 9.1470170e-001
 9.1505766e-001
 9.1537547e-001
 9.1564780e-001
 9.1586745e-001
 9.1602689e-001
 9.1611922e-001
 9.1613692e-001
 9.1607314e-001
 9.1593564e-001
 9.1575068e-001
 9.1554612e-001
 9.1534954e-001
 9.1518873e-001
 9.1509110e-001
 9.1508478e-001
 9.1519701e-001
 9.1545510e-001
 9.1586196e-001
 9.1638875e-001
 9.1700506e-001
 9.1767985e-001
 9.1838259e-001
 9.1908246e-001
 9.1974884e-001
 9.2035103e-001
 9.2085862e-001
 9.2125881e-001
 9.2156130e-001
 9.2177713e-001
 9.2191756e-001
 9.2199385e-001
 9.2201722e-001
 9.2199886e-001
 9.2194986e-001
 9.2188168e-001
 9.2180616e-001
 9.2173642e-001
 9.2168546e-001
 9.2166644e-001
 9.2169249e-001
 9.2177659e-001
 9.2193192e-001
 9.2216498e-001
 9.2244631e-001
 9.2273355e-001
 9.2298502e-001
 9.2315823e-001
 9.2321157e-001
 9.2311585e-001
 9.2291653e-001
 9.2268395e-001
 9.2248905e-001
 9.2240238e-001
 9.2249465e-001
 9.2281991e-001
 9.2334044e-001
 9.2398620e-001
 9.2468762e-001
 9.2537463e-001
 9.2597747e-001
 9.2643583e-001
 9.2674333e-001
 9.2691225e-001
 9.2695546e-001
 9.2688495e-001
 9.2671359e-001
 9.2645890e-001
 9.2616946e-001
 9.2590445e-001
 9.2572308e-001
 9.2568451e-001
 9.2584789e-001
 9.2625540e-001
 9.2685145e-001
 9.2754591e-001
 9.2824948e-001
 9.2887181e-001
 9.2932326e-001
 9.2953390e-001
 9.2954743e-001
 9.2944765e-001
 9.2931879e-001
 9.2924464e-001
 9.2930943e-001
 9.2957687e-001
 9.2999637e-001
 9.3047643e-001
 9.3092543e-001
 9.3125182e-001
 9.3136400e-001
 9.3119115e-001
 9.3078274e-001
 9.3023080e-001
 9.2962772e-001
 9.2906570e-001
 9.2863697e-001
 9.2841798e-001
 9.2839265e-001
 9.2851186e-001
 9.2872655e-001
 9.2898744e-001
 9.2924541e-001
 9.2946017e-001
 9.2964256e-001
 9.2982185e-001
 9.3002754e-001
 9.3028891e-001
 9.3063557e-001
 9.3108749e-001
 9.3161243e-001
 9.3215853e-001
 9.3267405e-001
 9.3310732e-001
 9.3340653e-001
 9.3353027e-001
 9.3349892e-001
 9.3335456e-001
 9.3314010e-001
 9.3289763e-001
 9.3267006e-001
 9.3249536e-001
 9.3238664e-001
 9.3234748e-001
 9.3238199e-001
 9.3249345e-001
 9.3268603e-001
 9.3295997e-001
 9.3329740e-001
 9.3367314e-001
 9.3406236e-001
 9.3443984e-001
 9.3478072e-001
 9.3506277e-001
 9.3528098e-001
 9.3543673e-001
 9.3553144e-001
 9.3556625e-001
 9.3554294e-001
 9.3546438e-001
 9.3534559e-001
 9.3520516e-001
 9.3506217e-001
 9.3493569e-001
 9.3484455e-001
 9.3480361e-001
 9.3480349e-001
 9.3482548e-001
 9.3485105e-001
 9.3486160e-001
 9.3483871e-001
 9.3476963e-001
 9.3467975e-001
 9.3460816e-001
 9.3459415e-001
 9.3467683e-001
 9.3489569e-001
 9.3527621e-001
 9.3576229e-001
 9.3626660e-001
 9.3670189e-001
 9.3698078e-001
 9.3701601e-001
 9.3674242e-001
 9.3623012e-001
 9.3560070e-001
 9.3497556e-001
 9.3447655e-001
 9.3422520e-001
 9.3431878e-001
 9.3470526e-001
 9.3527550e-001
 9.3592060e-001
 9.3653119e-001
 9.3699837e-001
 9.3723047e-001
 9.3724459e-001
 9.3709970e-001
 9.3685442e-001
 9.3656778e-001
 9.3629861e-001
 9.3609917e-001
 9.3598062e-001
 9.3593860e-001
 9.3596846e-001
 9.3606585e-001
 9.3622601e-001
 9.3644255e-001
 9.3669653e-001
 9.3696445e-001
 9.3722260e-001
 9.3744719e-001
 9.3761444e-001
 9.3770587e-001
 9.3773288e-001
 9.3771875e-001
 9.3768728e-001
 9.3766147e-001
 9.3766516e-001
 9.3771559e-001
 9.3779308e-001
 9.3786317e-001
 9.3789154e-001
 9.3784362e-001
 9.3768513e-001
 9.3739086e-001
 9.3699539e-001
 9.3655688e-001
 9.3613297e-001
 9.3578184e-001
 9.3556118e-001
 9.3551910e-001
 9.3563819e-001
 9.3587571e-001
 9.3618870e-001
 9.3653435e-001
 9.3686974e-001
 9.3715614e-001
 9.3738079e-001
 9.3754125e-001
 9.3763524e-001
 9.3766034e-001
 9.3761432e-001
 9.3749821e-001
 9.3733388e-001
 9.3715233e-001
 9.3698406e-001
 9.3685979e-001
 9.3681031e-001
 9.3685925e-001
 9.3698573e-001
 9.3715084e-001
 9.3731576e-001
 9.3744147e-001
 9.3748909e-001
 9.3742615e-001
 9.3726176e-001
 9.3702179e-001
 9.3673223e-001
 9.3641901e-001
 9.3610805e-001
 9.3582207e-001
 9.3556201e-001
 9.3532002e-001
 9.3508840e-001
 9.3485945e-001
 9.3462533e-001
 9.3438184e-001
 9.3414843e-001
 9.3395400e-001
 9.3382764e-001
 9.3379855e-001
 9.3389529e-001
 9.3413907e-001
 9.3449527e-001
 9.3490762e-001
 9.3531948e-001
 9.3567401e-001
 9.3591499e-001
 9.3599540e-001
 9.3593615e-001
 9.3578511e-001
 9.3559039e-001
 9.3540007e-001
 9.3526226e-001
 9.3521810e-001
 9.3526322e-001
 9.3537396e-001
 9.3552685e-001
 9.3569821e-001
 9.3586493e-001
 9.3600410e-001
 9.3610191e-001
 9.3614697e-001
 9.3612832e-001
 9.3603504e-001
 9.3585593e-001
 9.3558568e-001
 9.3525827e-001
 9.3492329e-001
 9.3463087e-001
 9.3443072e-001
 9.3437290e-001
 9.3449587e-001
 9.3476051e-001
 9.3509531e-001
 9.3542856e-001
 9.3568867e-001
 9.3580377e-001
 9.3571621e-001
 9.3546253e-001
 9.3511838e-001
 9.3476021e-001
 9.3446374e-001
 9.3430555e-001
 9.3434757e-001
 9.3455833e-001
 9.3486619e-001
 9.3519944e-001
 9.3548667e-001
 9.3565589e-001
 9.3564522e-001
 9.3545783e-001
 9.3512470e-001
 9.3467700e-001
 9.3414551e-001
 9.3356162e-001
 9.3295819e-001
 9.3237942e-001
 9.3187535e-001
 9.3149555e-001
 9.3128979e-001
 9.3130779e-001
 9.3158770e-001
 9.3208748e-001
 9.3273133e-001
 9.3344253e-001
 9.3414515e-001
 9.3476260e-001
 9.3522543e-001
 9.3551224e-001
 9.3562156e-001
 9.3555236e-001
 9.3530363e-001
 9.3487430e-001
 9.3427283e-001
 9.3357539e-001
 9.3288702e-001
 9.3231350e-001
 9.3195981e-001
 9.3193161e-001
 9.3231118e-001
 9.3301922e-001
 9.3390518e-001
 9.3481892e-001
 9.3561006e-001
 9.3612820e-001
 9.3624759e-001
 9.3601805e-001
 9.3556589e-001
 9.3501824e-001
 9.3450153e-001
 9.3414271e-001
 9.3404967e-001
 9.3419665e-001
 9.3449879e-001
 9.3487161e-001
 9.3522990e-001
 9.3548930e-001
 9.3557543e-001
 9.3549234e-001
 9.3527806e-001
 9.3497103e-001
 9.3460947e-001
 9.3423158e-001
 9.3387306e-001
 9.3354923e-001
 9.3326735e-001
 9.3303376e-001
 9.3285561e-001
 9.3273932e-001
 9.3269104e-001
 9.3271089e-001
 9.3279594e-001
 9.3294388e-001
 9.3315190e-001
 9.3341750e-001
 9.3373495e-001
 9.3407649e-001
 9.3440390e-001
 9.3467975e-001
 9.3486595e-001
 9.3492454e-001
 9.3482566e-001
 9.3459803e-001
 9.3429613e-001
 9.3397528e-001
 9.3369013e-001
 9.3349576e-001
 9.3343884e-001
 9.3350500e-001
 9.3365216e-001
 9.3383878e-001
 9.3402225e-001
 9.3416089e-001
 9.3422067e-001
 9.3422675e-001
 9.3423140e-001
 9.3428713e-001
 9.3444604e-001
 9.3476063e-001
 9.3527144e-001
 9.3593144e-001
 9.3665373e-001
 9.3735152e-001
 9.3793702e-001
 9.3832368e-001
 9.3843794e-001
 9.3831116e-001
 9.3802243e-001
 9.3765074e-001
 9.3727511e-001
 9.3697512e-001
 9.3682027e-001
 9.3681133e-001
 9.3691635e-001
 9.3710369e-001
 9.3734139e-001
 9.3759799e-001
 9.3784297e-001
 9.3805850e-001
 9.3823218e-001
 9.3835175e-001
 9.3840486e-001
 9.3837941e-001
 9.3826538e-001
 9.3807274e-001
 9.3782026e-001
 9.3752688e-001
 9.3721157e-001
 9.3689322e-001
 9.3659091e-001
 9.3632442e-001
 9.3611401e-001
 9.3597972e-001
 9.3594199e-001
 9.3602109e-001
 9.3623060e-001
 9.3653315e-001
 9.3686783e-001
 9.3717360e-001
 9.3738919e-001
 9.3745351e-001
 9.3731862e-001
 9.3703878e-001
 9.3671679e-001
 9.3645513e-001
 9.3635660e-001
 9.3652421e-001
 9.3704242e-001
 9.3785471e-001
 9.3883771e-001
 9.3986773e-001
 9.4082087e-001
 9.4157398e-001
 9.4201750e-001
 9.4216061e-001
 9.4206768e-001
 9.4180340e-001
 9.4143242e-001
 9.4101965e-001
 9.4062704e-001
 9.4029415e-001
 9.4005024e-001
 9.3992454e-001
 9.3994594e-001
 9.4014376e-001
 9.4053966e-001
 9.4109875e-001
 9.4175863e-001
 9.4245660e-001
 9.4313025e-001
 9.4371676e-001
 9.4416183e-001
 9.4447356e-001
 9.4469124e-001
 9.4485384e-001
 9.4500053e-001
 9.4517064e-001
 9.4539779e-001
 9.4567460e-001
 9.4597316e-001
 9.4626570e-001
 9.4652432e-001
 9.4672096e-001
 9.4683206e-001
 9.4686699e-001
 9.4685137e-001
 9.4681102e-001
 9.4677144e-001
 9.4675851e-001
 9.4679499e-001
 9.4687974e-001
 9.4700015e-001
 9.4714344e-001
 9.4729674e-001
 9.4744718e-001
 9.4758379e-001
 9.4770843e-001
 9.4782948e-001
 9.4795555e-001
 9.4809496e-001
 9.4825602e-001
 9.4843650e-001
 9.4861901e-001
 9.4878531e-001
 9.4891685e-001
 9.4899660e-001
 9.4902664e-001
 9.4902509e-001
 9.4901115e-001
 9.4900358e-001
 9.4902140e-001
 9.4908571e-001
 9.4921815e-001
 9.4944048e-001
 9.4977474e-001
 9.5022839e-001
 9.5074660e-001
 9.5125645e-001
 9.5168531e-001
 9.5196086e-001
 9.5203948e-001
 9.5195055e-001
 9.5173442e-001
 9.5143139e-001
 9.5108211e-001
 9.5073873e-001
 9.5046890e-001
 9.5034242e-001
 9.5042831e-001
 9.5079023e-001
 9.5138901e-001
 9.5209801e-001
 9.5278651e-001
 9.5332497e-001
 9.5360017e-001
 9.5364285e-001
 9.5355666e-001
 9.5344532e-001
 9.5341295e-001
 9.5354056e-001
 9.5380569e-001
 9.5415586e-001
 9.5453918e-001
 9.5490313e-001
 9.5520568e-001
 9.5543116e-001
 9.5556724e-001
 9.5560217e-001
 9.5552450e-001
 9.5535231e-001
 9.5514649e-001
 9.5497179e-001
 9.5489281e-001
 9.5496958e-001
 9.5518047e-001
 9.5543265e-001
 9.5563084e-001
 9.5567989e-001
 9.5549953e-001
 9.5514077e-001
 9.5472217e-001
 9.5436305e-001
 9.5418215e-001
 9.5426756e-001
 9.5456153e-001
 9.5496404e-001
 9.5537525e-001
 9.5569509e-001
 9.5585918e-001
 9.5589399e-001
 9.5584053e-001
 9.5574015e-001
 9.5563316e-001
 9.5553571e-001
 9.5542574e-001
 9.5527869e-001
 9.5506942e-001
 9.5477676e-001
 9.5444107e-001
 9.5415789e-001
 9.5402437e-001
 9.5413804e-001
 9.5457774e-001
 9.5525819e-001
 9.5600808e-001
 9.5665520e-001
 9.5702767e-001
 9.5699722e-001
 9.5664412e-001
 9.5611101e-001
 9.5553976e-001
 9.5507264e-001
 9.5484585e-001
 9.5487493e-001
 9.5506775e-001
 9.5532823e-001
 9.5556045e-001
 9.5566827e-001
 9.5556092e-001
 9.5525110e-001
 9.5484424e-001
 9.5444947e-001
 9.5417565e-001
 9.5413178e-001
 9.5442086e-001
 9.5502979e-001
 9.5583934e-001
 9.5672745e-001
 9.5757127e-001
 9.5824862e-001
 9.5864189e-001
 9.5873797e-001
 9.5861733e-001
 9.5836449e-001
 9.5806372e-001
 9.5779926e-001
 9.5765203e-001
 9.5763320e-001
 9.5769066e-001
 9.5777011e-001
 9.5781684e-001
 9.5777661e-001
 9.5759761e-001
 9.5728230e-001
 9.5688248e-001
 9.5645243e-001
 9.5604557e-001
 9.5571601e-001
 9.5551568e-001
 9.5545703e-001
 9.5551574e-001
 9.5566672e-001
 9.5588434e-001
 9.5614320e-001
 9.5641822e-001
 9.5669228e-001
 9.5695579e-001
 9.5719874e-001
 9.5741194e-001
 9.5758569e-001
 9.5771092e-001
 9.5778596e-001
 9.5781654e-001
 9.5780832e-001
 9.5776743e-001
 9.5769948e-001
 9.5761043e-001
 9.5750511e-001
 9.5738763e-001
 9.5726192e-001
 9.5713216e-001
 9.5700246e-001
 9.5687699e-001
 9.5676714e-001
 9.5669061e-001
 9.5666564e-001
 9.5670998e-001
 9.5684183e-001
 9.5707774e-001
 9.5740718e-001
 9.5779371e-001
 9.5819968e-001
 9.5858788e-001
 9.5892060e-001
 9.5916164e-001
 9.5929992e-001
 9.5934784e-001
 9.5931882e-001
 9.5922655e-001
 9.5908427e-001
 9.5890582e-001
 9.5871049e-001
 9.5852321e-001
 9.5836896e-001
 9.5827264e-001
 9.5825934e-001
 9.5835215e-001
 9.5853549e-001
 9.5875633e-001
 9.5896041e-001
 9.5909321e-001
 9.5910025e-001
 9.5893008e-001
 9.5859206e-001
 9.5815408e-001
 9.5768625e-001
 9.5725840e-001
 9.5694119e-001
 9.5680183e-001
 9.5685202e-001
 9.5704901e-001
 9.5734799e-001
 9.5770431e-001
 9.5807332e-001
 9.5841122e-001
 9.5870155e-001
 9.5895362e-001
 9.5917773e-001
 9.5938462e-001
 9.5958453e-001
 9.5978743e-001
 9.5999032e-001
 9.6017826e-001
 9.6033561e-001
 9.6044648e-001
 9.6049553e-001
 9.6046674e-001
 9.6034473e-001
 9.6012169e-001
 9.5982075e-001
 9.5947272e-001
 9.5910835e-001
 9.5875829e-001
 9.5845336e-001
 9.5822412e-001
 9.5810151e-001
 9.5811611e-001
 9.5828784e-001
 9.5859367e-001
 9.5900047e-001
 9.5947462e-001
 9.5998281e-001
 9.6049160e-001
 9.6096760e-001
 9.6137762e-001
 9.6168792e-001
 9.6187437e-001
 9.6194816e-001
 9.6192932e-001
 9.6183795e-001
 9.6169406e-001
 9.6151769e-001
 9.6132904e-001
 9.6114808e-001
 9.6099472e-001
 9.6088469e-001
 9.6081543e-001
 9.6077985e-001
 9.6077085e-001
 9.6078146e-001
 9.6080482e-001
 9.6083361e-001
 9.6086103e-001
 9.6087980e-001
 9.6088511e-001
 9.6087921e-001
 9.6086681e-001
 9.6085227e-001
 9.6084005e-001
 9.6083462e-001
 9.6084058e-001
 9.6086216e-001
 9.6090418e-001
 9.6096992e-001
 9.6105945e-001
 9.6117163e-001
 9.6130550e-001
 9.6146011e-001
 9.6163440e-001
 9.6182728e-001
 9.6203780e-001
 9.6226501e-001
 9.6250600e-001
 9.6275097e-001
 9.6298808e-001
 9.6320552e-001
 9.6339154e-001
 9.6353453e-001
 9.6362251e-001
 9.6364373e-001
 9.6358651e-001
 9.6344417e-001
 9.6323067e-001
 9.6296555e-001
 9.6266818e-001
 9.6235812e-001
 9.6205479e-001
 9.6177757e-001
 9.6154588e-001
 9.6137923e-001
 9.6129185e-001
 9.6127552e-001
 9.6131700e-001
 9.6140260e-001
 9.6151865e-001
 9.6165162e-001
 9.6178794e-001
 9.6191388e-001
 9.6201611e-001
 9.6208292e-001
 9.6211177e-001
 9.6210223e-001
 9.6205395e-001
 9.6196651e-001
 9.6183956e-001
 9.6167272e-001
 9.6146560e-001
 9.6121788e-001
 9.6093327e-001
 9.6063352e-001
 9.6034467e-001
 9.6009296e-001
 9.5990467e-001
 9.5980400e-001
 9.5978427e-001
 9.5981395e-001
 9.5986056e-001
 9.5989180e-001
 9.5987529e-001
 9.5978093e-001
 9.5961547e-001
 9.5941550e-001
 9.5921850e-001
 9.5906192e-001
 9.5898318e-001
 9.5901763e-001
 9.5916557e-001
 9.5939827e-001
 9.5968682e-001
 9.6000165e-001
 9.6031386e-001
 9.6059477e-001
 9.6082729e-001
 9.6100360e-001
 9.6111649e-001
 9.6115834e-001
 9.6112186e-001
 9.6100038e-001
 9.6080315e-001
 9.6055162e-001
 9.6026826e-001
 9.5997488e-001
 9.5969373e-001
 9.5944667e-001
 9.5925421e-001
 9.5913529e-001
 9.5910877e-001
 9.5919341e-001
 9.5940828e-001
 9.5976931e-001
 9.6024030e-001
 9.6074265e-001
 9.6119618e-001
 9.6152079e-001
 9.6163642e-001
 9.6146870e-001
 9.6103972e-001
 9.6045250e-001
 9.5981151e-001
 9.5922244e-001
 9.5879006e-001
 9.5861375e-001
 9.5869565e-001
 9.5895690e-001
 9.5931560e-001
 9.5969063e-001
 9.6000016e-001
 9.6016645e-001
 9.6017474e-001
 9.6006358e-001
 9.5987272e-001
 9.5964247e-001
 9.5941275e-001
 9.5922244e-001
 9.5908993e-001
 9.5901698e-001
 9.5900416e-001
 9.5905274e-001
 9.5916337e-001
 9.5933700e-001
 9.5957416e-001
 9.5987457e-001
 9.6023846e-001
 9.6066564e-001
 9.6115607e-001
 9.6170861e-001
 9.6229827e-001
 9.6288103e-001
 9.6341133e-001
 9.6384448e-001
 9.6413517e-001
 9.6424091e-001
 9.6416456e-001
 9.6394819e-001
 9.6363455e-001
 9.6326667e-001
 9.6288759e-001
 9.6253955e-001
 9.6224833e-001
 9.6202588e-001
 9.6188396e-001
 9.6183401e-001
 9.6188772e-001
 9.6205544e-001
 9.6232808e-001
 9.6267897e-001
 9.6308184e-001
 9.6350932e-001
 9.6393496e-001
 9.6433103e-001
 9.6465915e-001
 9.6487117e-001
 9.6491861e-001
 9.6475309e-001
 9.6432626e-001
 9.6359545e-001
 9.6262509e-001
 9.6157372e-001
 9.6060163e-001
 9.5987064e-001
 9.5954102e-001
 9.5976335e-001
 9.6048886e-001
 9.6149629e-001
 9.6255696e-001
 9.6344405e-001
 9.6392894e-001
 9.6379745e-001
 9.6307075e-001
 9.6197814e-001
 9.6075547e-001
 9.5963943e-001
 9.5886552e-001
 9.5865846e-001
 9.5901924e-001
 9.5975399e-001
 9.6066058e-001
 9.6153861e-001
 9.6218592e-001
 9.6241170e-001
 9.6220511e-001
 9.6171671e-001
 9.6110195e-001
 9.6051663e-001
 9.6011633e-001
 9.6004987e-001
 9.6033126e-001
 9.6085578e-001
 9.6151394e-001
 9.6219677e-001
 9.6279478e-001
 9.6320301e-001
 9.6339244e-001
 9.6340227e-001
 9.6327406e-001
 9.6304959e-001
 9.6277034e-001
 9.6247804e-001
 9.6221417e-001
 9.6201032e-001
 9.6186286e-001
 9.6175998e-001
 9.6169037e-001
 9.6164209e-001
 9.6160382e-001
 9.6156371e-001
 9.6151030e-001
 9.6143198e-001
 9.6132040e-001
 9.6117902e-001
 9.6101367e-001
 9.6083057e-001
 9.6063554e-001
 9.6043462e-001
 9.6023381e-001
 9.6003908e-001
 9.5985651e-001
 9.5969218e-001
 9.5955259e-001
 9.5944446e-001
 9.5937431e-001
 9.5934886e-001
 9.5937490e-001
 9.5945889e-001
 9.5960754e-001
 9.5982760e-001
 9.6011931e-001
 9.6046084e-001
 9.6082491e-001
 9.6118438e-001
 9.6151239e-001
 9.6178150e-001
 9.6196479e-001
 9.6203500e-001
 9.6196514e-001
 9.6174049e-001
 9.6139145e-001
 9.6095860e-001
 9.6048313e-001
 9.6000528e-001
 9.5956618e-001
 9.5920640e-001
 9.5896667e-001
 9.5888776e-001
 9.5899642e-001
 9.5926720e-001
 9.5966327e-001
 9.6014708e-001
 9.6068174e-001
 9.6123040e-001
 9.6175545e-001
 9.6222013e-001
 9.6258700e-001
 9.6282959e-001
 9.6295995e-001
 9.6299905e-001
 9.6296787e-001
 9.6288764e-001
 9.6277916e-001
 9.6266359e-001
 9.6256185e-001
 9.6249497e-001
 9.6247858e-001
 9.6250802e-001
 9.6257377e-001
 9.6266639e-001
 9.6277648e-001
 9.6289462e-001
 9.6301138e-001
 9.6311730e-001
 9.6320307e-001
 9.6326017e-001
 9.6328461e-001
 9.6327329e-001
 9.6322304e-001
 9.6313083e-001
 9.6299344e-001
 9.6280766e-001
 9.6257049e-001
 9.6227902e-001
 9.6193266e-001
 9.6154320e-001
 9.6112472e-001
 9.6069121e-001
 9.6025681e-001
 9.5983595e-001
 9.5944244e-001
 9.5909035e-001
 9.5879406e-001
 9.5856768e-001
 9.5842457e-001
 9.5836562e-001
 9.5837975e-001
 9.5845491e-001
 9.5857936e-001
 9.5874149e-001
 9.5892936e-001
 9.5913106e-001
 9.5933497e-001
 9.5952922e-001
 9.5970213e-001
 9.5984185e-001
 9.5993692e-001
 9.5998448e-001
 9.5999008e-001
 9.5995939e-001
 9.5989823e-001
 9.5981240e-001
 9.5970774e-001
 9.5958972e-001
 9.5946437e-001
 9.5933741e-001
 9.5921457e-001
 9.5910168e-001
 9.5900434e-001
 9.5892507e-001
 9.5886284e-001
 9.5881706e-001
 9.5878673e-001
 9.5877087e-001
 9.5876884e-001
 9.5877957e-001
 9.5880216e-001
 9.5883596e-001
 9.5887983e-001
 9.5893300e-001
 9.5899457e-001
 9.5906293e-001
 9.5913565e-001
 9.5921022e-001
 9.5928437e-001
 9.5935559e-001
 9.5942146e-001
 9.5947963e-001
 9.5952755e-001
 9.5956296e-001
 9.5958334e-001
 9.5958638e-001
 9.5956963e-001
 9.5953250e-001
 9.5947617e-001
 9.5940179e-001
 9.5931053e-001
 9.5920360e-001
 9.5908231e-001
 9.5894784e-001
 9.5872378e-001
 9.5821029e-001
 9.5763814e-001
 9.5706683e-001
 9.5658207e-001
 9.5627022e-001
 9.5621806e-001
 9.5650691e-001
 9.5709628e-001
 9.5782518e-001
 9.5852733e-001
 9.5903641e-001
 9.5919204e-001
 9.5896655e-001
 9.5846254e-001
 9.5778847e-001
 9.5705253e-001
 9.5636076e-001
 9.5576221e-001
 9.5525122e-001
 9.5481950e-001
 9.5445889e-001
 9.5416117e-001
 9.5391732e-001
 9.5371604e-001
 9.5354509e-001
 9.5339233e-001
 9.5324576e-001
 9.5309311e-001
 9.5292735e-001
 9.5276022e-001
 9.5260859e-001
 9.5248866e-001
 9.5241702e-001
 9.5241046e-001
 9.5248526e-001
 9.5264924e-001
 9.5287675e-001
 9.5313400e-001
 9.5338726e-001
 9.5360297e-001
 9.5374721e-001
 9.5378643e-001
 9.5368701e-001
 9.5342678e-001
 9.5302838e-001
 9.5252460e-001
 9.5194829e-001
 9.5133245e-001
 9.5071000e-001
 9.5011377e-001
 9.4957662e-001
 9.4912213e-001
 9.4873887e-001
 9.4840711e-001
 9.4810730e-001
 9.4781989e-001
 9.4752502e-001
 9.4720340e-001
 9.4683528e-001
 9.4640684e-001
 9.4592661e-001
 9.4540787e-001
 9.4486403e-001
 9.4430864e-001
 9.4375485e-001
 9.4321632e-001
 9.4270617e-001
 9.4223797e-001
 9.4182515e-001
 9.4148088e-001
 9.4121879e-001
 9.4104707e-001
 9.4095498e-001
 9.4092792e-001
 9.4095081e-001
 9.4100899e-001
 9.4108760e-001
 9.4117177e-001
 9.4124675e-001
 9.4129753e-001
 9.4130939e-001
 9.4126755e-001
 9.4115716e-001
 9.4097024e-001
 9.4072402e-001
 9.4044101e-001
 9.4014382e-001
 9.3985522e-001
 9.3959779e-001
 9.3939394e-001
 9.3926662e-001
 9.3923825e-001
 9.3933141e-001
 9.3956894e-001
 9.3996304e-001
 9.4048995e-001
 9.4111776e-001
 9.4181520e-001
 9.4255006e-001
 9.4329101e-001
 9.4400591e-001
 9.4466352e-001
 9.4523174e-001
 9.4567907e-001
 9.4598311e-001
 9.4615436e-001
 9.4621021e-001
 9.4616830e-001
 9.4604611e-001
 9.4586098e-001
 9.4563055e-001
 9.4537234e-001
 9.4510388e-001
 9.4484252e-001
 9.4460303e-001
 9.4439059e-001
 9.4420809e-001
 9.4405884e-001
 9.4394553e-001
 9.4387144e-001
 9.4383949e-001
 9.4385284e-001
 9.4391453e-001
 9.4402760e-001
 9.4419497e-001
 9.4441980e-001
 9.4470507e-001
 9.4505382e-001
 9.4546908e-001
 9.4595391e-001
 9.4651121e-001
 9.4714427e-001
 9.4785589e-001
 9.4863749e-001
 9.4944251e-001
 9.5021570e-001
 9.5090252e-001
 9.5144778e-001
 9.5179683e-001
 9.5189464e-001
 9.5168632e-001
 9.5114321e-001
 9.5032215e-001
 9.4929820e-001
 9.4814569e-001
 9.4693977e-001
 9.4575489e-001
 9.4466615e-001
 9.4374794e-001
 9.4305527e-001
 9.4257832e-001
 9.4229394e-001
 9.4217926e-001
 9.4221109e-001
 9.4236660e-001
 9.4262254e-001
 9.4295597e-001
 9.4334626e-001
 9.4377923e-001
 9.4424319e-001
 9.4472533e-001
 9.4521385e-001
 9.4569612e-001
 9.4616002e-001
 9.4659650e-001
 9.4700682e-001
 9.4739401e-001
 9.4776130e-001
 9.4811201e-001
 9.4844908e-001
 9.4877398e-001
 9.4908130e-001
 9.4936460e-001
 9.4961721e-001
 9.4983286e-001
 9.5000482e-001
 9.5012742e-001
 9.5019752e-001
 9.5021236e-001
 9.5016915e-001
 9.5006526e-001
 9.4989783e-001
 9.4967860e-001
 9.4946367e-001
 9.4931811e-001
 9.4930679e-001
 9.4949460e-001
 9.4994652e-001
 9.5068181e-001
 9.5157903e-001
 9.5248961e-001
 9.5326507e-001
 9.5375669e-001
 9.5381594e-001
 9.5336419e-001
 9.5253670e-001
 9.5150948e-001
 9.5045924e-001
 9.4956172e-001
 9.4899333e-001
 9.4886762e-001
 9.4910699e-001
 9.4959825e-001
 9.5022762e-001
 9.5088190e-001
 9.5144737e-001
 9.5184290e-001
 9.5208323e-001
 9.5220190e-001
 9.5223206e-001
 9.5220697e-001
 9.5215994e-001
 9.5211768e-001
 9.5208710e-001
 9.5207161e-001
 9.5207465e-001
 9.5209950e-001
 9.5214939e-001
 9.5223337e-001
 9.5237726e-001
 9.5260990e-001
 9.5296019e-001
 9.5345676e-001
 9.5412326e-001
 9.5490408e-001
 9.5568353e-001
 9.5634359e-001
 9.5676684e-001
 9.5684528e-001
 9.5660710e-001
 9.5618463e-001
 9.5571262e-001
 9.5532572e-001
 9.5515084e-001
 9.5519954e-001
 9.5539594e-001
 9.5566273e-001
 9.5592159e-001
 9.5609903e-001
 9.5617616e-001
 9.5617586e-001
 9.5612198e-001
 9.5603836e-001
 9.5595002e-001
 9.5590019e-001
 9.5594567e-001
 9.5614368e-001
 9.5655119e-001
 9.5721781e-001
 9.5808619e-001
 9.5902002e-001
 9.5988148e-001
 9.6053153e-001
 9.6083945e-001
 9.6077287e-001
 9.6037227e-001
 9.5968002e-001
 9.5873839e-001
 9.5759553e-001
 9.5638335e-001
 9.5529515e-001
 9.5452559e-001
 9.5426899e-001
 9.5469922e-001
 9.5570546e-001
 9.5696878e-001
 9.5816606e-001
 9.5897377e-001
 9.5909238e-001
 9.5854223e-001
 9.5757622e-001
 9.5645195e-001
 9.5542693e-001
 9.5474654e-001
 9.5448041e-001
 9.5457238e-001
 9.5496368e-001
 9.5559555e-001
 9.5640719e-001
 9.5731640e-001
 9.5822477e-001
 9.5903409e-001
 9.5964521e-001
 9.5997030e-001
 9.6005929e-001
 9.6006006e-001
 9.6012330e-001
 9.6039855e-001
 9.6101850e-001
 9.6187991e-001
 9.6271247e-001
 9.6324283e-001
 9.6319771e-001
 9.6233261e-001
 9.6078187e-001
 9.5894748e-001
 9.5723581e-001
 9.5605338e-001
 9.5577383e-001
 9.5634276e-001
 9.5740622e-001
 9.5860481e-001
 9.5957899e-001
 9.5999444e-001
 9.5984924e-001
 9.5937091e-001
 9.5879203e-001
 9.5834446e-001
 9.5824564e-001
 9.5851707e-001
 9.5904571e-001
 9.5971608e-001
 9.6041209e-001
 9.6102351e-001
 9.6150684e-001
 9.6186411e-001
 9.6209854e-001
 9.6221286e-001
 9.6220976e-001
 9.6208429e-001
 9.6182638e-001
 9.6142620e-001
 9.6087354e-001
 9.6016568e-001
 9.5938987e-001
 9.5869476e-001
 9.5822978e-001
 9.5814437e-001
 9.5857197e-001
 9.5944744e-001
 9.6057212e-001
 9.6174490e-001
 9.6276474e-001
 9.6344304e-001
 9.6374822e-001
 9.6375287e-001
 9.6353209e-001
 9.6316022e-001
 9.6270955e-001
 9.6222085e-001
 9.6171319e-001
 9.6120602e-001
 9.6071845e-001
 9.6026897e-001
 9.5986724e-001
 9.5951688e-001
 9.5922196e-001
 9.5898604e-001
 9.5881474e-001
 9.5873499e-001
 9.5878762e-001
 9.5901370e-001
 9.5945448e-001
 9.6014446e-001
 9.6104151e-001
 9.6205223e-001
 9.6308333e-001
 9.6404117e-001
 9.6483260e-001
 9.6536893e-001
 9.6556485e-001
 9.6533525e-001
 9.6459472e-001
 9.6327770e-001
 9.6155196e-001
 9.5973396e-001
 9.5814317e-001
 9.5709860e-001
 9.5689070e-001
 9.5746779e-001
 9.5856023e-001
 9.5989513e-001
 9.6119839e-001
 9.6221185e-001
 9.6283901e-001
 9.6308774e-001
 9.6296728e-001
 9.6248704e-001
 9.6166402e-001
 9.6060187e-001
 9.5945901e-001
 9.5839506e-001
 9.5756936e-001
 9.5712721e-001
 9.5705593e-001
 9.5724308e-001
 9.5757496e-001
 9.5793784e-001
 9.5822549e-001
 9.5841479e-001
 9.5853513e-001
 9.5861614e-001
 9.5868814e-001
 9.5878327e-001
 9.5895761e-001
 9.5928276e-001
 9.5983011e-001
 9.6067160e-001
 9.6185786e-001
 9.6321535e-001
 9.6443176e-001
 9.6519274e-001
 9.6518350e-001
 9.6413320e-001
 9.6224135e-001
 9.5999634e-001
 9.5789009e-001
 9.5641643e-001
 9.5601934e-001
 9.5662767e-001
 9.5785534e-001
 9.5931143e-001
 9.6060550e-001
 9.6138096e-001
 9.6164429e-001
 9.6162164e-001
 9.6154267e-001
 9.6163696e-001
 9.6210676e-001
 9.6286654e-001
 9.6365684e-001
 9.6421611e-001
 9.6428269e-001
 9.6362704e-001
 9.6235961e-001
 9.6079338e-001
 9.5924419e-001
 9.5802796e-001
 9.5743454e-001
 9.5747596e-001
 9.5799994e-001
 9.5885217e-001
 9.5987773e-001
 9.6092618e-001
 9.6188784e-001
 9.6267700e-001
 9.6320862e-001
 9.6339709e-001
 9.6317112e-001
 9.6260029e-001
 9.6183681e-001
 9.6103495e-001
 9.6034807e-001
 9.5991898e-001
 9.5977926e-001
 9.5989567e-001
 9.6023405e-001
 9.6076047e-001
 9.6143967e-001
 9.6222609e-001
 9.6306747e-001
 9.6391165e-001
 9.6470690e-001
 9.6540248e-001
 9.6596104e-001
 9.6635336e-001
 9.6655047e-001
 9.6652317e-001
 9.6625179e-001
 9.6581054e-001
 9.6532756e-001
 9.6493143e-001
 9.6475118e-001
 9.6489727e-001
 9.6530014e-001
 9.6578795e-001
 9.6618760e-001
 9.6632594e-001
 9.6605581e-001
 9.6548349e-001
 9.6485835e-001
 9.6443236e-001
 9.6445644e-001
 9.6514386e-001
 9.6633810e-001
 9.6767354e-001
 9.6878278e-001
 9.6929860e-001
 9.6890181e-001
 9.6773797e-001
 9.6621376e-001
 9.6473765e-001
 9.6371871e-001
 9.6351844e-001
 9.6404499e-001
 9.6495491e-001
 9.6590179e-001
 9.6653944e-001
 9.6655893e-001
 9.6600932e-001
 9.6513695e-001
 9.6419001e-001
 9.6341664e-001
 9.6303809e-001
 9.6301436e-001
 9.6316355e-001
 9.6330178e-001
 9.6324515e-001
 9.6283579e-001
 9.6215510e-001
 9.6141493e-001
 9.6082896e-001
 9.6061057e-001
 9.6094042e-001
 9.6169841e-001
 9.6260148e-001
 9.6336424e-001
 9.6370184e-001
 9.6337152e-001
 9.6251583e-001
 9.6148640e-001
 9.6063560e-001
 9.6031642e-001
 9.6082956e-001
 9.6199733e-001
 9.6338665e-001
 9.6456200e-001
 9.6508795e-001
 9.6458906e-001
 9.6323723e-001
 9.6149457e-001
 9.5982587e-001
 9.5869589e-001
 9.5851499e-001
 9.5919955e-001
 9.6040577e-001
 9.6178770e-001
 9.6299833e-001
 9.6372318e-001
 9.6392667e-001
 9.6372002e-001
 9.6321583e-001
 9.6252638e-001
 9.6175200e-001
 9.6088284e-001
 9.5985234e-001
 9.5859355e-001
 9.5703924e-001
 9.5514345e-001
 9.5304680e-001
 9.5098835e-001
 9.4920629e-001
 9.4793946e-001
 9.4739294e-001
 9.4747883e-001
 9.4795805e-001
 9.4859004e-001
 9.4913453e-001
 9.4938177e-001
 9.4938451e-001
 9.4933081e-001
 9.4940925e-001
 9.4980872e-001
 9.5068389e-001
 9.5189899e-001
 9.5317024e-001
 9.5421267e-001
 9.5474088e-001
 9.5451492e-001
 9.5367372e-001
 9.5254844e-001
 9.5147127e-001
 9.5077527e-001
 9.5074296e-001
 9.5123738e-001
 9.5191127e-001
 9.5241481e-001
 9.5239913e-001
 9.5157337e-001
 9.5013624e-001
 9.4853187e-001
 9.4720525e-001
 9.4660151e-001
 9.4709897e-001
 9.4851369e-001
 9.5038426e-001
 9.5224690e-001
 9.5363802e-001
 9.5415890e-001
 9.5394653e-001
 9.5340347e-001
 9.5293319e-001
 9.5293927e-001
 9.5375496e-001
 9.5513207e-001
 9.5653892e-001
 9.5744139e-001
 9.5730513e-001
 9.5568985e-001
 9.5291483e-001
 9.4966942e-001
 9.4664478e-001
 9.4453418e-001
 9.4381231e-001
 9.4320887e-001
 9.4060886e-001
 9.3389326e-001
 9.2094213e-001
 9.0012819e-001
 8.7376505e-001
 8.4608316e-001
 8.2130563e-001
 8.0366141e-001
 7.9684377e-001
 8.0028534e-001
 8.1137973e-001
 8.2750946e-001
 8.4605759e-001
 8.6458921e-001
 8.8205904e-001
 8.9810103e-001
 9.1234869e-001
 9.2443824e-001
 9.3404973e-001
 9.4128299e-001
 9.4642848e-001
 9.4977814e-001
 9.5162189e-001
 9.5226365e-001
 9.5209450e-001
 9.5154679e-001
 9.5105344e-001
 9.5104694e-001
 9.5189321e-001
 9.5343918e-001
 9.5529169e-001
 9.5705432e-001
 9.5833236e-001
 9.5878726e-001
 9.5851463e-001
 9.5781100e-001
 9.5697379e-001
 9.5630062e-001
 9.5605618e-001
 9.5625675e-001
 9.5680386e-001
 9.5759863e-001
 9.5854217e-001
 9.5953596e-001
 9.6048087e-001
 9.6127862e-001
 9.6183062e-001
 9.6203834e-001
 9.6182722e-001
 9.6130228e-001
 9.6064973e-001
 9.6005595e-001
 9.5970786e-001
 9.5976412e-001
 9.6017379e-001
 9.6079206e-001
 9.6147352e-001
 9.6207243e-001
 9.6246642e-001
 9.6270102e-001
 9.6289736e-001
 9.6317679e-001
 9.6366072e-001
 9.6444094e-001
 9.6539420e-001
 9.6630031e-001
 9.6693939e-001
 9.6709144e-001
 9.6658075e-001
 9.6555483e-001
 9.6430463e-001
 9.6312088e-001
 9.6229494e-001
 9.6207100e-001
 9.6235430e-001
 9.6290106e-001
 9.6346706e-001
 9.6380812e-001
 9.6372050e-001
 9.6329397e-001
 9.6274561e-001
 9.6229321e-001
 9.6215475e-001
 9.6250737e-001
 9.6324015e-001
 9.6411687e-001
 9.6490121e-001
 9.6535623e-001
 9.6528709e-001
 9.6479148e-001
 9.6409285e-001
 9.6341598e-001
 9.6298492e-001
 9.6298939e-001
 9.6337557e-001
 9.6398544e-001
 9.6466041e-001
 9.6524227e-001
 9.6559638e-001
 9.6575403e-001
 9.6581692e-001
 9.6588713e-001
 9.6606690e-001
 9.6643680e-001
 9.6693009e-001
 9.6741748e-001
 9.6776974e-001
 9.6785748e-001
 9.6757901e-001
 9.6702367e-001
 9.6636081e-001
 9.6575975e-001
 9.6539021e-001
 9.6539545e-001
 9.6573824e-001
 9.6630669e-001
 9.6698838e-001
 9.6767068e-001
 9.6824545e-001
 9.6863019e-001
 9.6875352e-001
 9.6854383e-001
 9.6792984e-001
 9.6686637e-001
 9.6548462e-001
 9.6398807e-001
 9.6258146e-001
 9.6146846e-001
 9.6082550e-001
 9.6064341e-001
 9.6083766e-001
 9.6132314e-001
 9.6201491e-001
 9.6282953e-001
 9.6369261e-001
 9.6453416e-001
 9.6528387e-001
 9.6587175e-001
 9.6622854e-001
 9.6634334e-001
 9.6629536e-001
 9.6617144e-001
 9.6605796e-001
 9.6604198e-001
 9.6620876e-001
 9.6657932e-001
 9.6707594e-001
 9.6761256e-001
 9.6810329e-001
 9.6846223e-001
 9.6860451e-001
 9.6850598e-001
 9.6823484e-001
 9.6786678e-001
 9.6747732e-001
 9.6714216e-001
 9.6693641e-001
 9.6688312e-001
 9.6692908e-001
 9.6701449e-001
 9.6707970e-001
 9.6706486e-001
 9.6691126e-001
 9.6661144e-001
 9.6623451e-001
 9.6585578e-001
 9.6555048e-001
 9.6539396e-001
 9.6546024e-001
 9.6575409e-001
 9.6617830e-001
 9.6662718e-001
 9.6699542e-001
 9.6717721e-001
 9.6706724e-001
 9.6658480e-001
 9.6580482e-001
 9.6486241e-001
 9.6389234e-001
 9.6302974e-001
 9.6240932e-001
 9.6216619e-001
 9.6240687e-001
 9.6306139e-001
 9.6399313e-001
 9.6506548e-001
 9.6614075e-001
 9.6708238e-001
 9.6775359e-001
 9.6804106e-001
 9.6797687e-001
 9.6764797e-001
 9.6714133e-001
 9.6654397e-001
 9.6594280e-001
 9.6542490e-001
 9.6506363e-001
 9.6484894e-001
 9.6474022e-001
 9.6469629e-001
 9.6467626e-001
 9.6463919e-001
 9.6454418e-001
 9.6435827e-001
 9.6409619e-001
 9.6379071e-001
 9.6347415e-001
 9.6317947e-001
 9.6293890e-001
 9.6278524e-001
 9.6274716e-001
 9.6283108e-001
 9.6303517e-001
 9.6335727e-001
 9.6379566e-001
 9.6434838e-001
 9.6501333e-001
 9.6578139e-001
 9.6659970e-001
 9.6740025e-001
 9.6811396e-001
 9.6867275e-001
 9.6900815e-001
 9.6905160e-001
 9.6875435e-001
 9.6818143e-001
 9.6743900e-001
 9.6663314e-001
 9.6586984e-001
 9.6525580e-001
 9.6489674e-001
 9.6487516e-001
 9.6513748e-001
 9.6558100e-001
 9.6610314e-001
 9.6660155e-001
 9.6697348e-001
 9.6711653e-001
 9.6694887e-001
 9.6650767e-001
 9.6587211e-001
 9.6512085e-001
 9.6433359e-001
 9.6358919e-001
 9.6296686e-001
 9.6253109e-001
 9.6226621e-001
 9.6212757e-001
 9.6207064e-001
 9.6205109e-001
 9.6202433e-001
 9.6194589e-001
 9.6178490e-001
 9.6158528e-001
 9.6141750e-001
 9.6135169e-001
 9.6145827e-001
 9.6180749e-001
 9.6246952e-001
 9.6349001e-001
 9.6477878e-001
 9.6619898e-001
 9.6761405e-001
 9.6888620e-001
 9.6987891e-001
 9.7045517e-001
 9.7050935e-001
 9.7010618e-001
 9.6936888e-001
 9.6842074e-001
 9.6738470e-001
 9.6638381e-001
 9.6554166e-001
 9.6495098e-001
 9.6454078e-001
 9.6418470e-001
 9.6375644e-001
 9.6312982e-001
 9.6217847e-001
 9.6077609e-001
 9.5879936e-001
 9.5626926e-001
 9.5338869e-001
 9.5037323e-001
 9.4743788e-001
 9.4479960e-001
 9.4267327e-001
 9.4127458e-001
 9.4081432e-001
 9.4132221e-001
 9.4259644e-001
 9.4441986e-001
 9.4657576e-001
 9.4884765e-001
 9.5101756e-001
 9.5286906e-001
 9.5418900e-001
 9.5490175e-001
 9.5510542e-001
 9.5490968e-001
 9.5442396e-001
 9.5375758e-001
 9.5302051e-001
 9.5232207e-001
 9.5177025e-001
 9.5142657e-001
 9.5129365e-001
 9.5137036e-001
 9.5165557e-001
 9.5214802e-001
 9.5284712e-001
 9.5375103e-001
 9.5485818e-001
 9.5613325e-001
 9.5750058e-001
 9.5888084e-001
 9.6019554e-001
 9.6136624e-001
 9.6231425e-001
 9.6296060e-001
 9.6322864e-001
 9.6310550e-001
 9.6265686e-001
 9.6195316e-001
 9.6106523e-001
 9.6006358e-001
 9.5901871e-001
 9.5800102e-001
 9.5708042e-001
 9.5628989e-001
 9.5561868e-001
 9.5505339e-001
 9.5458049e-001
 9.5418662e-001
 9.5385826e-001
 9.5358199e-001
 9.5334464e-001
 9.5314783e-001
 9.5301038e-001
 9.5295233e-001
 9.5299351e-001
 9.5315403e-001
 9.5345372e-001
 9.5391250e-001
 9.5454967e-001
 9.5535070e-001
 9.5626295e-001
 9.5723081e-001
 9.5819902e-001
 9.5911175e-001
 9.5991385e-001
 9.6054983e-001
 9.6096551e-001
 9.6114409e-001
 9.6111327e-001
 9.6090347e-001
 9.6054476e-001
 9.6006745e-001
 9.5950204e-001
 9.5887864e-001
 9.5822769e-001
 9.5758277e-001
 9.5698190e-001
 9.5646256e-001
 9.5606279e-001
 9.5582044e-001
 9.5577335e-001
 9.5595938e-001
 9.5641482e-001
 9.5712519e-001
 9.5801812e-001
 9.5901698e-001
 9.6004587e-001
 9.6102881e-001
 9.6188962e-001
 9.6255207e-001
 9.6294224e-001
 9.6304899e-001
 9.6293354e-001
 9.6266103e-001
 9.6229666e-001
 9.6190572e-001
 9.6155316e-001
 9.6130413e-001
 9.6122241e-001
 9.6131867e-001
 9.6154439e-001
 9.6184784e-001
 9.6217692e-001
 9.6247995e-001
 9.6270514e-001
 9.6280038e-001
 9.6271569e-001
 9.6244961e-001
 9.6205574e-001
 9.6159047e-001
 9.6111012e-001
 9.6067131e-001
 9.6033072e-001
 9.6014440e-001
 9.6016759e-001
 9.6040815e-001
 9.6082222e-001
 9.6136338e-001
 9.6198499e-001
 9.6264023e-001
 9.6328259e-001
 9.6386528e-001
 9.6434194e-001
 9.6466702e-001
 9.6482754e-001
 9.6484649e-001
 9.6474886e-001
 9.6455967e-001
 9.6430367e-001
 9.6400571e-001
 9.6369082e-001
 9.6338385e-001
 9.6310967e-001
 9.6289253e-001
 9.6273923e-001
 9.6263689e-001
 9.6257192e-001
 9.6253079e-001
 9.6249986e-001
 9.6246541e-001
 9.6241397e-001
 9.6233183e-001
 9.6220535e-001
 9.6202135e-001
 9.6177781e-001
 9.6148473e-001
 9.6115255e-001
 9.6079201e-001
 9.6041363e-001
 9.6002775e-001
 9.5964539e-001
 9.5927691e-001
 9.5893276e-001
 9.5862317e-001
 9.5835000e-001
 9.5810550e-001
 9.5788175e-001
 9.5767063e-001
 9.5746440e-001
 9.5725471e-001
 9.5703381e-001
 9.5679361e-001
 9.5652598e-001
 9.5622361e-001
 9.5589036e-001
 9.5554245e-001
 9.5519644e-001
 9.5486951e-001
 9.5457822e-001
 9.5433921e-001
 9.5416939e-001
 9.5408553e-001
 9.5410424e-001
 9.5424163e-001
 9.5449436e-001
 9.5483875e-001
 9.5525050e-001
 9.5570517e-001
 9.5617819e-001
 9.5664531e-001
 9.5708185e-001
 9.5746356e-001
 9.5776576e-001
 9.5796508e-001
 9.5805466e-001
 9.5804596e-001
 9.5795077e-001
 9.5778137e-001
 9.5754951e-001
 9.5726752e-001
 9.5694709e-001
 9.5660043e-001
 9.5623940e-001
 9.5587617e-001
 9.5551944e-001
 9.5517486e-001
 9.5484829e-001
 9.5454520e-001
 9.5427138e-001
 9.5403242e-001
 9.5383394e-001
 9.5368159e-001
 9.5358104e-001
 9.5353746e-001
 9.5354575e-001
 9.5359015e-001
 9.5365471e-001
 9.5372343e-001
 9.5378023e-001
 9.5380902e-001
 9.5379382e-001
 9.5371860e-001
 9.5356715e-001
 9.5332420e-001
 9.5298910e-001
 9.5257568e-001
 9.5209843e-001
 9.5157170e-001
 9.5101035e-001
 9.5042861e-001
 9.4984102e-001
 9.4926226e-001
 9.4870639e-001
 9.4818801e-001
 9.4771266e-001
 9.4727755e-001
 9.4687980e-001
 9.4651669e-001
 9.4618499e-001
 9.4588190e-001
 9.4560432e-001
 9.4534951e-001
 9.4511431e-001
 9.4489610e-001
 9.4469416e-001
 9.4451034e-001
 9.4434655e-001
 9.4420475e-001
 9.4408673e-001
 9.4399428e-001
 9.4392949e-001
 9.4389403e-001
 9.4388992e-001
 9.4391870e-001
 9.4397706e-001
 9.4405657e-001
 9.4414872e-001
 9.4424510e-001
 9.4433707e-001
 9.4441611e-001
 9.4447398e-001
 9.4450188e-001
 9.4449127e-001
 9.4443446e-001
 9.4433373e-001
 9.4420177e-001
 9.4405150e-001
 9.4389594e-001
 9.4374800e-001
 9.4362062e-001
 9.4352680e-001
 9.4347954e-001
 9.4349158e-001
 9.4357544e-001
 9.4372725e-001
 9.4392860e-001
 9.4416034e-001
 9.4440377e-001
 9.4463950e-001
 9.4484884e-001
 9.4501263e-001
 9.4511187e-001
 9.4512749e-001
 9.4504154e-001
 9.4485748e-001
 9.4459802e-001
 9.4428682e-001
 9.4394767e-001
 9.4360399e-001
 9.4327950e-001
 9.4299793e-001
 9.4278276e-001
 9.4265771e-001
 9.4264543e-001
 9.4274753e-001
 9.4294691e-001
 9.4322550e-001
 9.4356549e-001
 9.4394892e-001
 9.4435799e-001
 9.4477475e-001
 9.4518119e-001
 9.4555926e-001
 9.4589216e-001
 9.4617480e-001
 9.4641405e-001
 9.4661695e-001
 9.4679075e-001
 9.4694227e-001
 9.4707888e-001
 9.4720751e-001
 9.4733524e-001
 9.4746929e-001
 9.4761628e-001
 9.4777340e-001
 9.4792974e-001
 9.4807398e-001
 9.4819504e-001
 9.4828147e-001
 9.4832212e-001
 9.4830573e-001
 9.4822109e-001
 9.4805676e-001
 9.4780254e-001
 9.4746238e-001
 9.4705296e-001
 9.4659132e-001
 9.4609493e-001
 9.4558090e-001
 9.4506639e-001
 9.4456869e-001
 9.4410473e-001
 9.4369197e-001
 9.4334692e-001
 9.4307494e-001
 9.4287175e-001
 9.4273275e-001
 9.4265336e-001
 9.4262892e-001
 9.4265479e-001
 9.4272649e-001
 9.4283938e-001
 9.4298863e-001
 9.4316971e-001
 9.4337547e-001
 9.4359642e-001
 9.4382322e-001
 9.4404668e-001
 9.4425726e-001
 9.4444561e-001
 9.4460237e-001
 9.4471830e-001
 9.4478387e-001
 9.4479007e-001
 9.4473255e-001
 9.4461125e-001
 9.4442594e-001
 9.4417667e-001
 9.4386339e-001
 9.4348603e-001
 9.4304454e-001
 9.4253874e-001
 9.4196856e-001
 9.4133472e-001
 9.4064528e-001
 9.3991512e-001
 9.3915975e-001
 9.3839425e-001
 9.3763375e-001
 9.3689322e-001
 9.3618840e-001
 9.3553424e-001
 9.3494570e-001
 9.3443638e-001
 9.3398899e-001
 9.3356097e-001
 9.3310893e-001
 9.3258959e-001
 9.3195915e-001
 9.3117493e-001
 9.3019319e-001
 9.2897069e-001
 9.2746353e-001
 9.2562932e-001
 9.2342412e-001
 9.2080474e-001
 9.1772777e-001
 9.1414899e-001
 9.1002667e-001
 9.0531665e-001
 8.9997572e-001
 8.9395893e-001
 8.8722569e-001
 8.7972701e-001
 8.7134421e-001
 8.6189890e-001
 8.5121787e-001
 8.3912146e-001
 8.2543170e-001
 8.0996728e-001
 7.9255784e-001
 7.7302229e-001
 7.5118279e-001
 7.2690272e-001
 7.0068526e-001
 6.7356956e-001
 6.4659023e-001
 6.2078816e-001
 5.9719872e-001
 5.7687414e-001
 5.6084943e-001
 5.5016518e-001
 5.4586208e-001
 5.4890746e-001
 5.5908823e-001
 5.7526511e-001
 5.9627324e-001
 6.2095445e-001
 6.4813185e-001
 6.7664647e-001
 7.0533359e-001
 7.3303497e-001
 7.5857246e-001
 7.8084248e-001
 7.9956168e-001
 8.1509483e-001
 8.2781321e-001
 8.3809960e-001
 8.4633255e-001
 8.5289073e-001
 8.5815370e-001
 8.6249793e-001
 8.6630327e-001
 8.6993390e-001
 8.7353820e-001
 8.7709510e-001
 8.8058180e-001
 8.8397455e-001
 8.8725030e-001
 8.9038414e-001
 8.9335281e-001
 8.9613289e-001
 8.9870113e-001
 9.0103263e-001
 9.0310371e-001
 9.0488982e-001
 9.0636611e-001
 9.0750819e-001
 9.0829068e-001
 9.0868926e-001
 9.0867913e-001
 9.0823561e-001
 9.0733409e-001
 9.0595299e-001
 9.0411568e-001
 9.0187925e-001
 8.9930284e-001
 8.9644438e-001
 8.9336187e-001
 8.9011395e-001
 8.8675773e-001
 8.8335323e-001
 8.7995791e-001
 8.7662780e-001
 8.7338698e-001
 8.7023824e-001
 8.6718184e-001
 8.6421871e-001
 8.6134881e-001
 8.5857481e-001
 8.5589641e-001
 8.5331500e-001
 8.5083115e-001
 8.4844726e-001
 8.4619415e-001
 8.4412080e-001
 8.4227693e-001
 8.4071231e-001
 8.3947742e-001
 8.3862191e-001
 8.3819568e-001
 8.3824873e-001
 8.3883077e-001
 8.3998585e-001
 8.4167373e-001
 8.4379452e-001
 8.4624499e-001
 8.4892356e-001
 8.5172826e-001
 8.5455710e-001
 8.5730839e-001
 8.5987908e-001
 8.6216766e-001
 8.6407876e-001
 8.6560649e-001
 8.6680794e-001
 8.6774278e-001
 8.6846995e-001
 8.6904901e-001
 8.6953872e-001
 8.6999846e-001
 8.7048739e-001
 8.7106466e-001
 8.7178642e-001
 8.7266570e-001
 8.7368548e-001
 8.7482834e-001
 8.7607694e-001
 8.7741297e-001
 8.7881929e-001
 8.8027817e-001
 8.8177252e-001
 8.8328379e-001
 8.8479376e-001
 8.8626605e-001
 8.8765281e-001
 8.8890600e-001
 8.8997662e-001
 8.9081675e-001
 8.9137834e-001
 8.9161271e-001
 8.9147174e-001
 8.9090717e-001
 8.8987654e-001
 8.8841116e-001
 8.8659477e-001
 8.8451099e-001
 8.8224393e-001
 8.7987751e-001
 8.7749529e-001
 8.7518233e-001
 8.7302208e-001
 8.7109852e-001
 8.6949241e-001
 8.6824977e-001
 8.6739057e-001
 8.6693460e-001
 8.6690217e-001
 8.6731321e-001
 8.6818737e-001
 8.6954504e-001
 8.7140650e-001
 8.7379086e-001
 8.7671191e-001
 8.8010246e-001
 8.8384068e-001
 8.8780493e-001
 8.9187038e-001
 8.9591527e-001
 8.9981675e-001
 9.0345293e-001
 9.0669954e-001
 9.0943426e-001
 9.1154504e-001
 9.1304296e-001
 9.1402131e-001
 9.1457546e-001
 9.1480070e-001
 9.1479212e-001
 9.1464514e-001
 9.1445446e-001
 9.1431576e-001
 9.1432381e-001
 9.1456670e-001
 9.1504151e-001
 9.1568631e-001
 9.1643810e-001
 9.1723430e-001
 9.1801131e-001
 9.1870642e-001
 9.1925669e-001
 9.1959924e-001
 9.1967082e-001
 9.1941047e-001
 9.1877908e-001
 9.1775185e-001
 9.1630363e-001
 9.1441065e-001
 9.1204792e-001
 9.0919095e-001
 9.0581417e-001
 9.0189475e-001
 8.9740717e-001
 8.9233935e-001
 8.8682133e-001
 8.8107926e-001
 8.7533706e-001
 8.6981976e-001
 8.6475223e-001
 8.6035889e-001
 8.5686672e-001
 8.5449976e-001
 8.5348302e-001
 8.5401744e-001
 8.5602540e-001
 8.5925347e-001
 8.6344510e-001
 8.6834526e-001
 8.7369508e-001
 8.7923968e-001
 8.8472229e-001
 8.8988680e-001
 8.9447778e-001
 8.9825559e-001
 9.0119374e-001
 9.0339607e-001
 9.0496898e-001
 9.0601760e-001
 9.0664846e-001
 9.0696740e-001
 9.0708035e-001
 9.0709329e-001
 9.0711224e-001
 9.0723598e-001
 9.0748417e-001
 9.0782785e-001
 9.0823704e-001
 9.0868175e-001
 9.0913236e-001
 9.0955889e-001
 9.0993154e-001
 9.1022032e-001
 9.1039550e-001
 9.1042739e-001
 9.1028845e-001
 9.0995246e-001
 9.0939325e-001
 9.0858442e-001
 9.0750027e-001
 9.0611428e-001
 9.0440023e-001
 9.0233219e-001
 8.9988309e-001
 8.9703357e-001
 8.9382201e-001
 8.9032310e-001
 8.8661116e-001
 8.8276303e-001
 8.7885332e-001
 8.7495720e-001
 8.7114888e-001
 8.6750555e-001
 8.6410141e-001
 8.6100584e-001
 8.5822755e-001
 8.5573852e-001
 8.5351175e-001
 8.5151857e-001
 8.4973097e-001
 8.4812045e-001
 8.4665972e-001
 8.4532052e-001
 8.4407449e-001
 8.4289598e-001
 8.4178555e-001
 8.4075814e-001
 8.3982873e-001
 8.3901292e-001
 8.3832568e-001
 8.3778280e-001
 8.3739918e-001
 8.3719033e-001
 8.3717144e-001
 8.3735543e-001
 8.3773094e-001
 8.3827227e-001
 8.3895385e-001
 8.3974952e-001
 8.4063381e-001
 8.4158093e-001
 8.4256524e-001
 8.4356064e-001
 8.4454149e-001
 8.4548217e-001
 8.4635878e-001
 8.4714836e-001
 8.4782743e-001
 8.4837312e-001
 8.4876239e-001
 8.4897202e-001
 8.4897900e-001
 8.4876025e-001
 8.4829283e-001
 8.4755653e-001
 8.4656554e-001
 8.4535229e-001
 8.4394938e-001
 8.4238952e-001
 8.4070522e-001
 8.3892977e-001
 8.3709568e-001
 8.3523566e-001
 8.3338189e-001
 8.3156735e-001
 8.2981598e-001
 8.2814807e-001
 8.2658368e-001
 8.2514364e-001
 8.2384801e-001
 8.2271689e-001
 8.2177049e-001
 8.2102901e-001
 8.2051313e-001
 8.2023931e-001
 8.2019180e-001
 8.2033658e-001
 8.2063961e-001
 8.2106662e-001
 8.2158357e-001
 8.2215631e-001
 8.2275069e-001
 8.2333249e-001
 8.2386762e-001
 8.2432193e-001
 8.2466382e-001
 8.2488436e-001
 8.2498711e-001
 8.2497609e-001
 8.2485479e-001
 8.2462722e-001
 8.2429707e-001
 8.2386804e-001
 8.2334393e-001
 8.2272863e-001
 8.2202584e-001
 8.2123941e-001
 8.2037270e-001
 8.1943005e-001
 8.1841546e-001
 8.1733632e-001
 8.1620210e-001
 8.1502181e-001
 8.1380552e-001
 8.1256217e-001
 8.1130129e-001
 8.1003195e-001
 8.0876410e-001
 8.0750680e-001
 8.0626941e-001
 8.0506110e-001
 8.0389190e-001
 8.0277061e-001
 8.0170685e-001
 8.0071014e-001
 7.9978931e-001
 7.9895431e-001
 7.9821318e-001
 7.9756248e-001
 7.9699284e-001
 7.9649538e-001
 7.9606038e-001
 7.9567879e-001
 7.9534107e-001
 7.9503822e-001
 7.9476076e-001
 7.9449952e-001
 7.9424506e-001
 7.9398805e-001
 7.9371935e-001
 7.9342973e-001
 7.9310954e-001
 7.9274976e-001
 7.9234105e-001
 7.9187417e-001
 7.9133958e-001
 7.9072821e-001
 7.9003066e-001
 7.8923774e-001
 7.8834110e-001
 7.8734112e-001
 7.8624338e-001
 7.8505296e-001
 7.8377479e-001
 7.8241432e-001
 7.8097612e-001
 7.7946615e-001
 7.7788931e-001
 7.7625060e-001
 7.7455497e-001
 7.7280831e-001
 7.7101541e-001
 7.6918137e-001
 7.6731098e-001
 7.6541030e-001
 7.6348412e-001
 7.6153749e-001
 7.5957561e-001
 7.5760323e-001
 7.5562644e-001
 7.5364995e-001
 7.5167888e-001
 7.4971801e-001
 7.4777341e-001
 7.4584967e-001
 7.4395156e-001
 7.4207783e-001
 7.4022645e-001
 7.3839378e-001
 7.3657662e-001
 7.3477191e-001
 7.3297608e-001
 7.3118669e-001
 7.2940034e-001
 7.2761387e-001
 7.2582370e-001
 7.2402763e-001
 7.2222203e-001
 7.2040367e-001
 7.1856910e-001
 7.1671605e-001
 7.1484089e-001
 7.1294051e-001
 7.1101129e-001
 7.0905119e-001
 7.0705640e-001
 7.0502377e-001
 7.0295030e-001
 7.0083237e-001
 6.9866771e-001
 6.9645280e-001
 6.9418442e-001
 6.9185895e-001
 6.8947428e-001
 6.8702686e-001
 6.8451405e-001
 6.8193758e-001
 6.7930335e-001
 6.7661542e-001
 6.7387831e-001
 6.7109686e-001
 6.6827488e-001
 6.6541851e-001
 6.6253155e-001
 6.5961885e-001
 6.5668422e-001
 6.5373373e-001
 6.5077138e-001
 6.4780188e-001
 6.4482898e-001
 6.4185888e-001
 6.3889563e-001
 6.3594353e-001
 6.3300759e-001
 6.3009155e-001
 6.2720162e-001
 6.2434155e-001
 6.2151623e-001
 6.1872941e-001
 6.1598718e-001
 6.1329359e-001
 6.1065322e-001
 6.0807008e-001
 6.0555011e-001
 6.0309726e-001
 6.0071629e-001
 5.9841168e-001
 5.9618771e-001
 5.9404862e-001
 5.9199703e-001
 5.9003586e-001
 5.8816767e-001
 5.8639646e-001
 5.8472466e-001
 5.8315533e-001
 5.8169103e-001
 5.8033562e-001
 5.7909155e-001
 5.7796198e-001
 5.7694960e-001
 5.7605779e-001
 5.7528955e-001
 5.7464755e-001
 5.7413512e-001
 5.7375491e-001
 5.7351029e-001
 5.7340401e-001
 5.7343918e-001
 5.7361871e-001
 5.7394570e-001
 5.7442302e-001
 5.7505375e-001
 5.7584107e-001
 5.7678753e-001
 5.7789636e-001
 5.7917064e-001
 5.8061326e-001
 5.8222765e-001
 5.8401603e-001
 5.8598042e-001
 5.8811331e-001
 5.9040332e-001
 5.9283769e-001
 5.9540528e-001
 5.9809411e-001
 6.0089332e-001
 6.0378969e-001
 6.0677212e-001
 6.0982895e-001
 6.1294824e-001
 6.1611921e-001
 6.1932838e-001
 6.2256485e-001
 6.2581676e-001
 6.2907326e-001
 6.3232100e-001
 6.3554889e-001
 6.3874537e-001
 6.4189923e-001
 6.4499724e-001
 6.4802849e-001
 6.5098119e-001
 6.5384418e-001
 6.5660429e-001
 6.5925068e-001
 6.6177136e-001
 6.6415459e-001
 6.6638935e-001
 6.6846251e-001
 6.7036301e-001
 6.7207915e-001
 6.7360151e-001
 6.7493367e-001
 6.7608643e-001
 6.7707008e-001
 6.7789507e-001
 6.7857146e-001
 6.7910975e-001
 6.7952019e-001
 6.7981315e-001
 6.7999905e-001
 6.8008804e-001
 6.8009055e-001
 6.8001693e-001
 6.7987746e-001
 6.7968243e-001
 6.7944235e-001
 6.7916733e-001
 6.7886776e-001
 6.7855412e-001
 6.7823648e-001
 6.7792541e-001
 6.7763114e-001
 6.7736387e-001
 6.7713422e-001
 6.7695236e-001
 6.7682844e-001
 6.7677313e-001
 6.7679656e-001
 6.7690909e-001
 6.7712104e-001
 6.7744285e-001
 6.7788464e-001
 6.7845500e-001
 6.7915076e-001
 6.7996395e-001
 6.8088621e-001
 6.8190950e-001
 6.8302608e-001
 6.8422759e-001
 6.8550652e-001
 6.8685406e-001
 6.8826252e-001
 6.8972385e-001
 6.9123030e-001
 6.9277316e-001
 6.9434464e-001
 6.9593674e-001
 6.9754183e-001
 6.9915110e-001
 7.0075679e-001
 7.0235091e-001
 7.0392543e-001
 7.0547259e-001
 7.0698369e-001
 7.0845091e-001
 7.0986629e-001
 7.1122217e-001
 7.1250969e-001
 7.1372116e-001
 7.1484864e-001
 7.1588427e-001
 7.1681941e-001
 7.1764636e-001
 7.1835691e-001
 7.1894443e-001
 7.1940941e-001
 7.1975487e-001
 7.1998447e-001
 7.2010154e-001
 7.2010928e-001
 7.2001123e-001
 7.1981066e-001
 7.1951091e-001
 7.1911532e-001
 7.1862739e-001
 7.1805036e-001
 7.1738756e-001
 7.1664238e-001
 7.1581829e-001
 7.1491855e-001
 7.1394664e-001
 7.1290565e-001
 7.1179897e-001
 7.1063024e-001
 7.0940274e-001
 7.0811975e-001
 7.0678437e-001
 7.0540047e-001
 7.0397115e-001
 7.0249987e-001
 7.0098937e-001
 6.9944400e-001
 6.9786674e-001
 6.9626075e-001
 6.9462955e-001
 6.9297606e-001
 6.9130200e-001
 6.8959451e-001
 6.8783569e-001
 6.8600720e-001
 6.8409228e-001
 6.8207258e-001
 6.7993027e-001
 6.7764705e-001
 6.7520624e-001
 6.7258942e-001
 6.6977888e-001
 6.6675675e-001
 6.6350448e-001
 6.6000575e-001
 6.5624213e-001
 6.5219569e-001
 6.4784759e-001
 6.4318216e-001
 6.3818049e-001
 6.3282496e-001
 6.2709618e-001
 6.2097907e-001
 6.1445463e-001
 6.0750502e-001
 6.0011244e-001
 5.9225708e-001
 5.8392501e-001
 5.7509649e-001
 5.6575382e-001
 5.5587673e-001
 5.4545218e-001
 5.3445995e-001
 5.2289116e-001
 5.1078427e-001
 4.9820432e-001
 4.8520777e-001
 4.7185382e-001
 4.5819858e-001
 4.4430777e-001
 4.3023750e-001
 4.1604701e-001
 4.0179563e-001
 3.8753921e-001
 3.7334380e-001
 3.5926536e-001
 3.4536317e-001
 3.3169317e-001
 3.1832132e-001
 3.0530351e-001
 2.9269910e-001
 2.8056443e-001
 2.6896471e-001
 2.5795615e-001
 2.4759811e-001
 2.3794982e-001
 2.2906856e-001
 2.2101788e-001
 2.1385477e-001
 2.0763862e-001
 2.0242757e-001
 1.9828331e-001
 1.9526385e-001
 1.9342843e-001
 1.9283634e-001
 1.9353226e-001
 1.9547907e-001
 1.9861211e-001
 2.0286697e-001
 2.0818049e-001
 2.1448556e-001
 2.2171885e-001
 2.2981584e-001
 2.3871411e-001
 2.4834500e-001
 2.5864595e-001
 2.6955244e-001
 2.8100276e-001
 2.9292691e-001
 3.0526301e-001
 3.1794649e-001
 3.3091605e-001
 3.4410089e-001
 3.5743955e-001
 3.7086755e-001
 3.8432029e-001
 3.9773649e-001
 4.1104522e-001
 4.2418510e-001
 4.3709168e-001
 4.4970340e-001
 4.6194959e-001
 4.7376886e-001
 4.8509672e-001
 4.9587107e-001
 5.0602221e-001
 5.1548833e-001
 5.2421641e-001
 5.3221339e-001
 5.3950763e-001
 5.4612201e-001
 5.5208504e-001
 5.5742323e-001
 5.6216431e-001
 5.6633246e-001
 5.6995541e-001
 5.7305980e-001
 5.7567275e-001
 5.7781953e-001
 5.7952744e-001
 5.8082289e-001
 5.8173263e-001
 5.8228320e-001
 5.8250093e-001
 5.8241254e-001
 5.8204460e-001
 5.8142340e-001
 5.8057600e-001
 5.7952869e-001
 5.7830793e-001
 5.7694018e-001
 5.7545245e-001
 5.7387114e-001
 5.7222265e-001
 5.7053334e-001
 5.6883031e-001
 5.6713998e-001
 5.6548870e-001
 5.6390321e-001
 5.6240606e-001
 5.6100351e-001
 5.5969518e-001
 5.5848122e-001
 5.5736125e-001
 5.5633599e-001
 5.5540514e-001
 5.5456859e-001
 5.5382657e-001
 5.5317903e-001
 5.5262607e-001
 5.5216771e-001
 5.5180383e-001
 5.5153459e-001
 5.5136007e-001
 5.5128020e-001
 5.5129516e-001
 5.5140477e-001
 5.5160916e-001
 5.5190843e-001
 5.5230248e-001
 5.5279154e-001
 5.5337542e-001
 5.5405426e-001
 5.5482799e-001
 5.5569679e-001
 5.5666083e-001
 5.5771965e-001
 5.5887365e-001
 5.6012279e-001
 5.6146741e-001
 5.6290692e-001
 5.6444007e-001
 5.6605816e-001
 5.6775063e-001
 5.6950569e-001
 5.7131284e-001
 5.7316113e-001
 5.7503945e-001
 5.7693750e-001
 5.7884341e-001
 5.8074647e-001
 5.8263594e-001
 5.8450121e-001
 5.8633047e-001
 5.8811319e-001
 5.8983850e-001
 5.9149575e-001
 5.9307319e-001
 5.9456027e-001
 5.9594613e-001
 5.9722000e-001
 5.9837031e-001
 5.9938651e-001
 6.0025764e-001
 6.0097259e-001
 6.0152078e-001
 6.0189080e-001
 6.0207194e-001
 6.0205323e-001
 6.0182357e-001
 6.0137218e-001
 6.0068804e-001
 5.9976029e-001
 5.9858197e-001
 5.9716648e-001
 5.9553236e-001
 5.9369832e-001
 5.9168285e-001
 5.8950430e-001
 5.8718216e-001
 5.8473456e-001
 5.8218032e-001
 5.7953721e-001
 5.7682544e-001
 5.7406276e-001
 5.7126802e-001
 5.6845909e-001
 5.6565601e-001
 5.6287676e-001
 5.6013995e-001
 5.5746430e-001
 5.5486768e-001
 5.5237013e-001
 5.4998970e-001
 5.4774499e-001
 5.4565412e-001
 5.4373676e-001
 5.4201108e-001
 5.4049569e-001
 5.3920901e-001
 5.3817022e-001
 5.3739774e-001
 5.3691012e-001
 5.3672606e-001
 5.3686428e-001
 5.3733784e-001
 5.3813541e-001
 5.3923923e-001
 5.4063165e-001
 5.4229420e-001
 5.4420936e-001
 5.4635912e-001
 5.4872626e-001
 5.5129182e-001
 5.5403835e-001
 5.5694807e-001
 5.6000382e-001
 5.6318623e-001
 5.6647807e-001
 5.6986171e-001
 5.7331908e-001
 5.7683313e-001
 5.8038431e-001
 5.8395565e-001
 5.8752930e-001
 5.9108812e-001
 5.9461260e-001
 5.9808564e-001
 6.0148942e-001
 6.0480690e-001
 6.0801852e-001
 6.1110723e-001
 6.1405522e-001
 6.1684448e-001
 6.1945778e-001
 6.2187606e-001
 6.2408209e-001
 6.2606192e-001
 6.2781888e-001
 6.2935913e-001
 6.3069052e-001
 6.3182020e-001
 6.3275552e-001
 6.3350326e-001
 6.3407093e-001
 6.3446575e-001
 6.3469487e-001
 6.3476539e-001
 6.3468462e-001
 6.3445979e-001
 6.3409799e-001
 6.3360649e-001
 6.3299257e-001
 6.3226342e-001
 6.3142616e-001
 6.3048780e-001
 6.2945598e-001
 6.2833774e-001
 6.2714028e-001
 6.2587047e-001
 6.2453610e-001
 6.2314397e-001
 6.2170154e-001
 6.2021583e-001
 6.1869383e-001
 6.1714327e-001
 6.1557108e-001
 6.1398453e-001
 6.1239040e-001
