splib07b Record=1135: Alunite GDS84 Na03            BECKa AREF
-1.2300000e+034
-1.2300000e+034
-1.2300000e+034
-1.2300000e+034
-1.2300000e+034
-1.2300000e+034
-1.2300000e+034
-1.2300000e+034
-1.2300000e+034
-1.2300000e+034
-1.2300000e+034
-1.2300000e+034
-1.2300000e+034
-1.2300000e+034
-1.2300000e+034
-1.2300000e+034
-1.2300000e+034
-1.2300000e+034
-1.2300000e+034
-1.2300000e+034
-1.2300000e+034
-1.2300000e+034
-1.2300000e+034
-1.2300000e+034
-1.2300000e+034
-1.2300000e+034
-1.2300000e+034
-1.2300000e+034
-1.2300000e+034
-1.2300000e+034
-1.2300000e+034
-1.2300000e+034
-1.2300000e+034
-1.2300000e+034
-1.2300000e+034
-1.2300000e+034
-1.2300000e+034
-1.2300000e+034
-1.2300000e+034
-1.2300000e+034
-1.2300000e+034
-1.2300000e+034
-1.2300000e+034
-1.2300000e+034
-1.2300000e+034
-1.2300000e+034
-1.2300000e+034
-1.2300000e+034
 1.7089534e-001
 1.7089534e-001
 1.7093119e-001
 1.7096709e-001
 1.7100297e-001
 1.7103890e-001
 1.7107484e-001
 1.7111079e-001
 1.7114681e-001
 1.7118287e-001
 1.7121898e-001
 1.7125511e-001
 1.7129134e-001
 1.7132764e-001
 1.7136399e-001
 1.7140043e-001
 1.7143695e-001
 1.7147356e-001
 1.7151026e-001
 1.7154709e-001
 1.7158398e-001
 1.7162101e-001
 1.7165817e-001
 1.7169544e-001
 1.7173284e-001
 1.7177036e-001
 1.7180811e-001
 1.7184614e-001
 1.7188451e-001
 1.7192332e-001
 1.7196269e-001
 1.7200267e-001
 1.7204334e-001
 1.7208482e-001
 1.7212716e-001
 1.7217048e-001
 1.7221484e-001
 1.7226030e-001
 1.7230697e-001
 1.7235497e-001
 1.7240433e-001
 1.7245516e-001
 1.7250755e-001
 1.7256157e-001
 1.7261732e-001
 1.7267486e-001
 1.7273429e-001
 1.7279544e-001
 1.7285806e-001
 1.7292185e-001
 1.7298657e-001
 1.7305191e-001
 1.7311762e-001
 1.7318343e-001
 1.7324905e-001
 1.7331421e-001
 1.7337865e-001
 1.7344205e-001
 1.7350420e-001
 1.7356478e-001
 1.7362355e-001
 1.7368020e-001
 1.7373449e-001
 1.7378612e-001
 1.7383485e-001
 1.7388044e-001
 1.7392279e-001
 1.7396174e-001
 1.7399716e-001
 1.7402886e-001
 1.7405675e-001
 1.7408067e-001
 1.7410044e-001
 1.7411597e-001
 1.7412709e-001
 1.7413366e-001
 1.7413552e-001
 1.7413256e-001
 1.7412458e-001
 1.7411149e-001
 1.7409311e-001
 1.7406934e-001
 1.7404011e-001
 1.7400697e-001
 1.7397238e-001
 1.7393887e-001
 1.7390896e-001
 1.7388515e-001
 1.7386992e-001
 1.7386582e-001
 1.7387536e-001
 1.7390107e-001
 1.7394535e-001
 1.7401086e-001
 1.7410003e-001
 1.7421535e-001
 1.7435938e-001
 1.7453463e-001
 1.7474359e-001
 1.7498697e-001
 1.7526105e-001
 1.7556138e-001
 1.7588356e-001
 1.7622316e-001
 1.7657569e-001
 1.7693682e-001
 1.7730209e-001
 1.7766699e-001
 1.7802718e-001
 1.7837824e-001
 1.7871569e-001
 1.7903510e-001
 1.7933209e-001
 1.7960216e-001
 1.7984295e-001
 1.8005691e-001
 1.8024734e-001
 1.8041749e-001
 1.8057071e-001
 1.8071021e-001
 1.8083936e-001
 1.8096142e-001
 1.8107961e-001
 1.8119729e-001
 1.8131773e-001
 1.8144423e-001
 1.8158002e-001
 1.8172845e-001
 1.8189278e-001
 1.8207547e-001
 1.8227684e-001
 1.8249694e-001
 1.8273568e-001
 1.8299313e-001
 1.8326926e-001
 1.8356408e-001
 1.8387762e-001
 1.8420982e-001
 1.8456070e-001
 1.8493028e-001
 1.8531854e-001
 1.8572551e-001
 1.8615112e-001
 1.8659544e-001
 1.8705736e-001
 1.8753320e-001
 1.8801875e-001
 1.8850982e-001
 1.8900216e-001
 1.8949167e-001
 1.8997414e-001
 1.9044539e-001
 1.9090125e-001
 1.9133748e-001
 1.9174992e-001
 1.9213441e-001
 1.9248672e-001
 1.9280338e-001
 1.9308935e-001
 1.9335540e-001
 1.9361247e-001
 1.9387150e-001
 1.9414334e-001
 1.9443896e-001
 1.9476928e-001
 1.9514522e-001
 1.9557762e-001
 1.9607751e-001
 1.9665577e-001
 1.9732194e-001
 1.9806950e-001
 1.9888023e-001
 1.9973578e-001
 2.0061797e-001
 2.0150843e-001
 2.0238879e-001
 2.0324090e-001
 2.0404634e-001
 2.0478682e-001
 2.0544398e-001
 2.0599961e-001
 2.0643695e-001
 2.0676011e-001
 2.0698772e-001
 2.0713873e-001
 2.0723209e-001
 2.0728676e-001
 2.0732166e-001
 2.0735575e-001
 2.0740803e-001
 2.0749734e-001
 2.0764272e-001
 2.0786306e-001
 2.0817612e-001
 2.0858352e-001
 2.0907547e-001
 2.0964199e-001
 2.1027300e-001
 2.1095859e-001
 2.1168865e-001
 2.1245328e-001
 2.1324246e-001
 2.1404615e-001
 2.1485426e-001
 2.1565694e-001
 2.1644476e-001
 2.1721685e-001
 2.1797864e-001
 2.1873553e-001
 2.1949290e-001
 2.2025630e-001
 2.2103111e-001
 2.2182269e-001
 2.2263670e-001
 2.2347841e-001
 2.2435330e-001
 2.2526674e-001
 2.2622356e-001
 2.2721815e-001
 2.2823787e-001
 2.2926973e-001
 2.3030075e-001
 2.3131791e-001
 2.3230846e-001
 2.3325928e-001
 2.3415761e-001
 2.3499039e-001
 2.3574470e-001
 2.3640753e-001
 2.3696731e-001
 2.3742932e-001
 2.3781134e-001
 2.3813137e-001
 2.3840736e-001
 2.3865737e-001
 2.3889942e-001
 2.3915146e-001
 2.3943156e-001
 2.3975775e-001
 2.4014798e-001
 2.4062024e-001
 2.4119137e-001
 2.4186078e-001
 2.4261515e-001
 2.4344113e-001
 2.4432513e-001
 2.4525350e-001
 2.4621296e-001
 2.4718985e-001
 2.4817060e-001
 2.4914183e-001
 2.5008994e-001
 2.5100145e-001
 2.5186357e-001
 2.5267553e-001
 2.5344491e-001
 2.5417989e-001
 2.5488836e-001
 2.5557828e-001
 2.5625750e-001
 2.5693417e-001
 2.5761616e-001
 2.5831148e-001
 2.5902808e-001
 2.5977394e-001
 2.6055646e-001
 2.6137662e-001
 2.6222992e-001
 2.6311225e-001
 2.6401919e-001
 2.6494631e-001
 2.6588926e-001
 2.6684383e-001
 2.6780543e-001
 2.6876998e-001
 2.6973292e-001
 2.7069005e-001
 2.7163702e-001
 2.7257305e-001
 2.7349925e-001
 2.7441701e-001
 2.7532780e-001
 2.7623290e-001
 2.7713355e-001
 2.7803132e-001
 2.7892748e-001
 2.7982327e-001
 2.8072020e-001
 2.8161958e-001
 2.8252262e-001
 2.8342885e-001
 2.8433660e-001
 2.8524396e-001
 2.8614932e-001
 2.8705084e-001
 2.8794667e-001
 2.8883505e-001
 2.8971431e-001
 2.9058254e-001
 2.9143801e-001
 2.9227903e-001
 2.9310384e-001
 2.9391229e-001
 2.9470578e-001
 2.9548541e-001
 2.9625249e-001
 2.9700819e-001
 2.9775378e-001
 2.9849038e-001
 2.9921940e-001
 2.9994187e-001
 3.0065921e-001
 3.0137253e-001
 3.0208308e-001
 3.0279201e-001
 3.0350059e-001
 3.0420989e-001
 3.0492097e-001
 3.0563518e-001
 3.0635360e-001
 3.0707732e-001
 3.0780759e-001
 3.0854556e-001
 3.0929223e-001
 3.1004894e-001
 3.1081671e-001
 3.1159484e-001
 3.1238160e-001
 3.1317517e-001
 3.1397346e-001
 3.1477487e-001
 3.1557739e-001
 3.1637916e-001
 3.1717819e-001
 3.1797284e-001
 3.1876102e-001
 3.1954107e-001
 3.2031098e-001
 3.2106999e-001
 3.2181770e-001
 3.2255411e-001
 3.2327887e-001
 3.2399192e-001
 3.2469299e-001
 3.2538193e-001
 3.2605854e-001
 3.2672250e-001
 3.2737371e-001
 3.2801208e-001
 3.2863739e-001
 3.2925084e-001
 3.2985473e-001
 3.3045122e-001
 3.3104268e-001
 3.3163145e-001
 3.3221972e-001
 3.3280987e-001
 3.3340400e-001
 3.3400449e-001
 3.3461359e-001
 3.3523369e-001
 3.3586672e-001
 3.3651158e-001
 3.3716449e-001
 3.3782151e-001
 3.3847895e-001
 3.3913279e-001
 3.3977932e-001
 3.4041464e-001
 3.4103489e-001
 3.4163618e-001
 3.4221473e-001
 3.4276664e-001
 3.4328848e-001
 3.4378159e-001
 3.4425157e-001
 3.4470400e-001
 3.4514463e-001
 3.4557894e-001
 3.4601271e-001
 3.4645155e-001
 3.4690106e-001
 3.4736687e-001
 3.4785464e-001
 3.4836996e-001
 3.4891823e-001
 3.4949836e-001
 3.5010451e-001
 3.5073051e-001
 3.5137013e-001
 3.5201731e-001
 3.5266608e-001
 3.5331023e-001
 3.5394359e-001
 3.5456002e-001
 3.5515344e-001
 3.5571775e-001
 3.5624731e-001
 3.5674199e-001
 3.5720694e-001
 3.5764715e-001
 3.5806775e-001
 3.5847387e-001
 3.5887057e-001
 3.5926306e-001
 3.5965630e-001
 3.6005542e-001
 3.6046550e-001
 3.6089176e-001
 3.6133891e-001
 3.6180690e-001
 3.6229160e-001
 3.6278880e-001
 3.6329415e-001
 3.6380354e-001
 3.6431268e-001
 3.6481732e-001
 3.6531332e-001
 3.6579630e-001
 3.6626205e-001
 3.6670801e-001
 3.6713719e-001
 3.6755380e-001
 3.6796179e-001
 3.6836535e-001
 3.6876848e-001
 3.6917543e-001
 3.6959013e-001
 3.7001684e-001
 3.7045825e-001
 3.7091264e-001
 3.7137747e-001
 3.7185004e-001
 3.7232786e-001
 3.7280834e-001
 3.7328878e-001
 3.7376669e-001
 3.7423936e-001
 3.7470511e-001
 3.7516499e-001
 3.7562045e-001
 3.7607324e-001
 3.7652490e-001
 3.7697706e-001
 3.7743121e-001
 3.7788901e-001
 3.7835202e-001
 3.7882158e-001
 3.7929788e-001
 3.7978107e-001
 3.8027102e-001
 3.8076791e-001
 3.8127169e-001
 3.8178250e-001
 3.8230032e-001
 3.8282517e-001
 3.8335651e-001
 3.8389158e-001
 3.8442734e-001
 3.8496074e-001
 3.8548860e-001
 3.8600785e-001
 3.8651529e-001
 3.8700792e-001
 3.8748255e-001
 3.8793921e-001
 3.8838804e-001
 3.8884136e-001
 3.8931152e-001
 3.8981092e-001
 3.9035183e-001
 3.9094672e-001
 3.9160788e-001
 3.9234763e-001
 3.9317074e-001
 3.9405558e-001
 3.9497519e-001
 3.9590243e-001
 3.9681044e-001
 3.9767200e-001
 3.9846015e-001
 3.9914945e-001
 3.9974612e-001
 4.0028340e-001
 4.0079573e-001
 4.0131742e-001
 4.0188289e-001
 4.0252456e-001
 4.0324399e-001
 4.0401509e-001
 4.0481105e-001
 4.0560487e-001
 4.0636957e-001
 4.0707928e-001
 4.0772817e-001
 4.0832824e-001
 4.0889195e-001
 4.0943173e-001
 4.0996003e-001
 4.1048947e-001
 4.1103405e-001
 4.1160914e-001
 4.1223028e-001
 4.1291279e-001
 4.1367212e-001
 4.1452244e-001
 4.1545606e-001
 4.1644552e-001
 4.1746303e-001
 4.1848046e-001
 4.1946968e-001
 4.2040360e-001
 4.2127082e-001
 4.2207432e-001
 4.2281741e-001
 4.2350355e-001
 4.2413604e-001
 4.2471871e-001
 4.2526367e-001
 4.2579055e-001
 4.2631924e-001
 4.2686969e-001
 4.2746177e-001
 4.2811427e-001
 4.2882556e-001
 4.2957577e-001
 4.3034413e-001
 4.3111011e-001
 4.3185303e-001
 4.3255305e-001
 4.3320748e-001
 4.3382868e-001
 4.3442982e-001
 4.3502393e-001
 4.3562418e-001
 4.3624306e-001
 4.3688455e-001
 4.3754470e-001
 4.3821925e-001
 4.3890420e-001
 4.3959510e-001
 4.4028786e-001
 4.4097805e-001
 4.4166091e-001
 4.4233218e-001
 4.4298711e-001
 4.4362122e-001
 4.4423023e-001
 4.4481808e-001
 4.4539577e-001
 4.4597486e-001
 4.4656667e-001
 4.4718269e-001
 4.4783348e-001
 4.4851318e-001
 4.4920084e-001
 4.4987509e-001
 4.5051435e-001
 4.5109719e-001
 4.5160350e-001
 4.5204124e-001
 4.5244411e-001
 4.5284712e-001
 4.5328495e-001
 4.5379257e-001
 4.5440286e-001
 4.5511290e-001
 4.5588633e-001
 4.5668533e-001
 4.5747229e-001
 4.5820966e-001
 4.5886123e-001
 4.5942262e-001
 4.5991907e-001
 4.6037695e-001
 4.6082279e-001
 4.6128255e-001
 4.6176997e-001
 4.6228388e-001
 4.6282217e-001
 4.6338272e-001
 4.6396354e-001
 4.6456254e-001
 4.6517763e-001
 4.6580669e-001
 4.6644759e-001
 4.6709666e-001
 4.6774861e-001
 4.6839765e-001
 4.6903846e-001
 4.6966535e-001
 4.7027272e-001
 4.7085506e-001
 4.7140682e-001
 4.7192255e-001
 4.7240469e-001
 4.7286478e-001
 4.7331506e-001
 4.7376776e-001
 4.7423512e-001
 4.7472936e-001
 4.7526273e-001
 4.7584742e-001
 4.7649541e-001
 4.7720724e-001
 4.7796962e-001
 4.7876826e-001
 4.7958907e-001
 4.8041785e-001
 4.8124027e-001
 4.8204216e-001
 4.8280922e-001
 4.8352769e-001
 4.8419586e-001
 4.8482716e-001
 4.8543590e-001
 4.8603648e-001
 4.8664328e-001
 4.8727074e-001
 4.8793325e-001
 4.8864520e-001
 4.8942059e-001
 4.9026102e-001
 4.9115220e-001
 4.9207908e-001
 4.9302626e-001
 4.9397883e-001
 4.9492148e-001
 4.9583900e-001
 4.9671614e-001
 4.9753824e-001
 4.9830383e-001
 4.9902853e-001
 4.9972913e-001
 5.0042230e-001
 5.0112468e-001
 5.0185311e-001
 5.0262421e-001
 5.0345474e-001
 5.0436103e-001
 5.0534320e-001
 5.0638050e-001
 5.0745118e-001
 5.0853342e-001
 5.0960553e-001
 5.1064533e-001
 5.1163125e-001
 5.1254123e-001
 5.1335400e-001
 5.1406699e-001
 5.1470190e-001
 5.1528192e-001
 5.1583016e-001
 5.1637000e-001
 5.1692444e-001
 5.1751691e-001
 5.1817042e-001
 5.1890790e-001
 5.1973355e-001
 5.2062827e-001
 5.2157110e-001
 5.2254140e-001
 5.2351815e-001
 5.2448070e-001
 5.2540815e-001
 5.2627975e-001
 5.2707481e-001
 5.2778924e-001
 5.2843845e-001
 5.2904004e-001
 5.2961123e-001
 5.3016937e-001
 5.3073162e-001
 5.3131545e-001
 5.3193808e-001
 5.3261644e-001
 5.3335142e-001
 5.3412348e-001
 5.3491133e-001
 5.3569376e-001
 5.3644955e-001
 5.3715777e-001
 5.3779721e-001
 5.3834653e-001
 5.3878522e-001
 5.3911543e-001
 5.3936893e-001
 5.3957981e-001
 5.3978199e-001
 5.4000938e-001
 5.4029596e-001
 5.4067564e-001
 5.4117191e-001
 5.4174954e-001
 5.4235333e-001
 5.4292816e-001
 5.4341865e-001
 5.4376966e-001
 5.4394048e-001
 5.4397160e-001
 5.4393160e-001
 5.4388905e-001
 5.4391223e-001
 5.4406989e-001
 5.4441398e-001
 5.4490495e-001
 5.4547119e-001
 5.4604125e-001
 5.4654354e-001
 5.4690653e-001
 5.4707408e-001
 5.4707718e-001
 5.4697692e-001
 5.4683465e-001
 5.4671156e-001
 5.4666889e-001
 5.4675591e-001
 5.4695529e-001
 5.4722619e-001
 5.4752773e-001
 5.4781902e-001
 5.4805917e-001
 5.4821593e-001
 5.4830515e-001
 5.4835999e-001
 5.4841340e-001
 5.4849863e-001
 5.4864842e-001
 5.4888797e-001
 5.4919553e-001
 5.4953289e-001
 5.4986215e-001
 5.5014509e-001
 5.5034363e-001
 5.5042958e-001
 5.5043155e-001
 5.5039829e-001
 5.5037886e-001
 5.5042195e-001
 5.5057657e-001
 5.5088043e-001
 5.5130881e-001
 5.5181420e-001
 5.5234909e-001
 5.5286616e-001
 5.5331796e-001
 5.5366468e-001
 5.5391222e-001
 5.5408257e-001
 5.5419767e-001
 5.5427963e-001
 5.5435038e-001
 5.5443025e-001
 5.5453050e-001
 5.5465889e-001
 5.5482310e-001
 5.5503088e-001
 5.5529010e-001
 5.5560464e-001
 5.5595696e-001
 5.5632138e-001
 5.5667239e-001
 5.5698454e-001
 5.5723220e-001
 5.5739754e-001
 5.5750906e-001
 5.5761170e-001
 5.5775064e-001
 5.5797088e-001
 5.5831772e-001
 5.5882388e-001
 5.5944991e-001
 5.6012952e-001
 5.6079698e-001
 5.6138593e-001
 5.6183052e-001
 5.6207871e-001
 5.6216407e-001
 5.6215113e-001
 5.6210476e-001
 5.6208962e-001
 5.6217051e-001
 5.6240106e-001
 5.6276929e-001
 5.6323898e-001
 5.6377357e-001
 5.6433684e-001
 5.6489247e-001
 5.6540883e-001
 5.6588328e-001
 5.6632400e-001
 5.6673908e-001
 5.6713676e-001
 5.6752521e-001
 5.6791162e-001
 5.6829947e-001
 5.6869000e-001
 5.6908494e-001
 5.6948566e-001
 5.6989384e-001
 5.7031161e-001
 5.7074487e-001
 5.7120109e-001
 5.7168764e-001
 5.7221198e-001
 5.7278150e-001
 5.7339972e-001
 5.7404590e-001
 5.7469034e-001
 5.7530326e-001
 5.7585484e-001
 5.7631534e-001
 5.7666391e-001
 5.7693321e-001
 5.7717681e-001
 5.7744801e-001
 5.7780021e-001
 5.7828683e-001
 5.7894915e-001
 5.7975286e-001
 5.8063531e-001
 5.8153385e-001
 5.8238554e-001
 5.8312756e-001
 5.8371007e-001
 5.8416218e-001
 5.8454335e-001
 5.8491355e-001
 5.8533216e-001
 5.8585882e-001
 5.8654296e-001
 5.8736867e-001
 5.8829534e-001
 5.8928245e-001
 5.9028924e-001
 5.9127486e-001
 5.9220284e-001
 5.9306014e-001
 5.9384334e-001
 5.9454876e-001
 5.9517318e-001
 5.9571278e-001
 5.9616822e-001
 5.9656501e-001
 5.9693807e-001
 5.9732264e-001
 5.9775370e-001
 5.9826666e-001
 5.9889001e-001
 5.9961212e-001
 6.0040581e-001
 6.0124308e-001
 6.0209715e-001
 6.0293984e-001
 6.0374671e-001
 6.0450923e-001
 6.0522527e-001
 6.0589278e-001
 6.0650951e-001
 6.0707384e-001
 6.0758555e-001
 6.0805893e-001
 6.0851371e-001
 6.0896939e-001
 6.0944605e-001
 6.0996294e-001
 6.1053765e-001
 6.1117136e-001
 6.1185926e-001
 6.1259657e-001
 6.1337817e-001
 6.1419970e-001
 6.1505467e-001
 6.1593175e-001
 6.1681652e-001
 6.1769450e-001
 6.1855191e-001
 6.1937398e-001
 6.2014878e-001
 6.2087733e-001
 6.2156582e-001
 6.2222058e-001
 6.2284774e-001
 6.2345409e-001
 6.2404585e-001
 6.2463379e-001
 6.2522942e-001
 6.2584460e-001
 6.2649083e-001
 6.2717986e-001
 6.2792128e-001
 6.2870783e-001
 6.2952697e-001
 6.3036525e-001
 6.3120961e-001
 6.3204718e-001
 6.3286626e-001
 6.3366890e-001
 6.3446158e-001
 6.3525116e-001
 6.3604444e-001
 6.3684797e-001
 6.3766807e-001
 6.3850397e-001
 6.3935333e-001
 6.4021343e-001
 6.4108127e-001
 6.4195484e-001
 6.4282912e-001
 6.4368969e-001
 6.4451736e-001
 6.4529306e-001
 6.4599764e-001
 6.4661175e-001
 6.4712346e-001
 6.4756447e-001
 6.4798582e-001
 6.4843822e-001
 6.4897215e-001
 6.4963877e-001
 6.5047801e-001
 6.5146041e-001
 6.5252638e-001
 6.5361750e-001
 6.5467465e-001
 6.5563852e-001
 6.5645969e-001
 6.5714949e-001
 6.5774560e-001
 6.5828538e-001
 6.5880609e-001
 6.5934533e-001
 6.5993679e-001
 6.6058904e-001
 6.6130000e-001
 6.6206771e-001
 6.6289026e-001
 6.6376531e-001
 6.6468906e-001
 6.6564089e-001
 6.6659468e-001
 6.6752368e-001
 6.6840136e-001
 6.6920084e-001
 6.6990143e-001
 6.7052257e-001
 6.7109960e-001
 6.7166889e-001
 6.7226624e-001
 6.7292738e-001
 6.7368317e-001
 6.7452282e-001
 6.7541993e-001
 6.7634743e-001
 6.7727840e-001
 6.7818582e-001
 6.7904574e-001
 6.7985547e-001
 6.8062061e-001
 6.8134779e-001
 6.8204290e-001
 6.8271190e-001
 6.8336058e-001
 6.8399179e-001
 6.8460757e-001
 6.8520916e-001
 6.8579859e-001
 6.8637753e-001
 6.8694979e-001
 6.8753576e-001
 6.8816149e-001
 6.8885440e-001
 6.8964106e-001
 6.9054824e-001
 6.9159353e-001
 6.9272840e-001
 6.9387674e-001
 6.9496107e-001
 6.9590509e-001
 6.9663191e-001
 6.9708031e-001
 6.9729942e-001
 6.9738597e-001
 6.9743741e-001
 6.9755071e-001
 6.9782299e-001
 6.9833583e-001
 6.9905895e-001
 6.9991434e-001
 7.0082247e-001
 7.0170504e-001
 7.0248300e-001
 7.0309031e-001
 7.0355344e-001
 7.0393813e-001
 7.0431125e-001
 7.0473903e-001
 7.0528805e-001
 7.0601398e-001
 7.0689410e-001
 7.0787215e-001
 7.0889038e-001
 7.0989227e-001
 7.1082073e-001
 7.1162605e-001
 7.1231216e-001
 7.1290666e-001
 7.1343720e-001
 7.1393120e-001
 7.1441656e-001
 7.1491814e-001
 7.1544105e-001
 7.1598220e-001
 7.1653771e-001
 7.1710432e-001
 7.1767843e-001
 7.1825641e-001
 7.1883327e-001
 7.1940309e-001
 7.1996075e-001
 7.2050017e-001
 7.2101593e-001
 7.2150457e-001
 7.2197878e-001
 7.2245866e-001
 7.2296399e-001
 7.2351503e-001
 7.2413158e-001
 7.2482938e-001
 7.2559196e-001
 7.2638834e-001
 7.2718775e-001
 7.2795868e-001
 7.2867054e-001
 7.2929698e-001
 7.2984797e-001
 7.3034996e-001
 7.3082918e-001
 7.3131239e-001
 7.3182565e-001
 7.3239249e-001
 7.3301214e-001
 7.3367310e-001
 7.3436409e-001
 7.3507315e-001
 7.3578924e-001
 7.3650050e-001
 7.3719436e-001
 7.3785806e-001
 7.3847842e-001
 7.3904300e-001
 7.3953837e-001
 7.3995525e-001
 7.4031049e-001
 7.4063218e-001
 7.4094951e-001
 7.4129063e-001
 7.4168456e-001
 7.4215502e-001
 7.4269044e-001
 7.4326271e-001
 7.4384344e-001
 7.4440491e-001
 7.4491835e-001
 7.4536061e-001
 7.4574441e-001
 7.4609882e-001
 7.4645364e-001
 7.4683797e-001
 7.4728179e-001
 7.4780941e-001
 7.4841082e-001
 7.4905908e-001
 7.4972695e-001
 7.5038826e-001
 7.5101531e-001
 7.5158525e-001
 7.5210339e-001
 7.5258821e-001
 7.5305867e-001
 7.5353324e-001
 7.5403100e-001
 7.5456786e-001
 7.5514054e-001
 7.5573677e-001
 7.5634378e-001
 7.5694937e-001
 7.5754058e-001
 7.5810617e-001
 7.5864154e-001
 7.5914544e-001
 7.5961703e-001
 7.6005507e-001
 7.6045865e-001
 7.6082820e-001
 7.6117903e-001
 7.6153272e-001
 7.6191103e-001
 7.6233596e-001
 7.6282889e-001
 7.6340699e-001
 7.6404703e-001
 7.6470685e-001
 7.6534414e-001
 7.6591682e-001
 7.6638275e-001
 7.6670712e-001
 7.6691574e-001
 7.6706314e-001
 7.6720411e-001
 7.6739329e-001
 7.6768547e-001
 7.6812673e-001
 7.6869196e-001
 7.6932263e-001
 7.6995999e-001
 7.7054483e-001
 7.7101856e-001
 7.7132958e-001
 7.7148926e-001
 7.7153873e-001
 7.7151954e-001
 7.7147299e-001
 7.7144045e-001
 7.7146053e-001
 7.7154845e-001
 7.7170807e-001
 7.7194321e-001
 7.7225775e-001
 7.7265555e-001
 7.7313745e-001
 7.7368093e-001
 7.7425176e-001
 7.7481580e-001
 7.7533865e-001
 7.7578610e-001
 7.7612942e-001
 7.7638191e-001
 7.7657843e-001
 7.7675366e-001
 7.7694231e-001
 7.7717870e-001
 7.7747124e-001
 7.7779263e-001
 7.7811217e-001
 7.7839971e-001
 7.7862668e-001
 7.7879655e-001
 7.7893978e-001
 7.7908760e-001
 7.7927125e-001
 7.7951825e-001
 7.7982372e-001
 7.8016692e-001
 7.8052717e-001
 7.8088367e-001
 7.8121930e-001
 7.8153467e-001
 7.8183490e-001
 7.8212535e-001
 7.8241140e-001
 7.8269255e-001
 7.8295475e-001
 7.8318202e-001
 7.8335792e-001
 7.8346688e-001
 7.8352082e-001
 7.8357106e-001
 7.8367198e-001
 7.8387827e-001
 7.8424019e-001
 7.8473800e-001
 7.8529149e-001
 7.8581786e-001
 7.8623533e-001
 7.8647327e-001
 7.8656286e-001
 7.8658640e-001
 7.8662664e-001
 7.8676617e-001
 7.8706372e-001
 7.8746897e-001
 7.8790009e-001
 7.8827560e-001
 7.8851384e-001
 7.8857905e-001
 7.8855062e-001
 7.8852648e-001
 7.8860438e-001
 7.8888035e-001
 7.8937042e-001
 7.8997278e-001
 7.9057568e-001
 7.9106814e-001
 7.9134494e-001
 7.9141384e-001
 7.9138190e-001
 7.9135936e-001
 7.9145628e-001
 7.9176790e-001
 7.9226053e-001
 7.9283386e-001
 7.9338712e-001
 7.9381979e-001
 7.9405761e-001
 7.9415131e-001
 7.9418761e-001
 7.9425317e-001
 7.9443479e-001
 7.9477698e-001
 7.9521513e-001
 7.9566699e-001
 7.9605079e-001
 7.9628545e-001
 7.9635441e-001
 7.9633701e-001
 7.9632032e-001
 7.9639149e-001
 7.9663324e-001
 7.9704207e-001
 7.9753852e-001
 7.9803997e-001
 7.9846454e-001
 7.9873925e-001
 7.9887938e-001
 7.9894572e-001
 7.9899937e-001
 7.9910165e-001
 7.9930043e-001
 7.9958117e-001
 7.9991025e-001
 8.0025452e-001
 8.0058068e-001
 8.0085588e-001
 8.0106366e-001
 8.0120063e-001
 8.0126446e-001
 8.0125284e-001
 8.0116314e-001
 8.0099440e-001
 8.0077356e-001
 8.0055261e-001
 8.0038476e-001
 8.0032301e-001
 8.0042034e-001
 8.0072641e-001
 8.0122679e-001
 8.0184823e-001
 8.0251598e-001
 8.0315465e-001
 8.0368936e-001
 8.0404836e-001
 8.0422562e-001
 8.0427527e-001
 8.0425328e-001
 8.0421585e-001
 8.0421925e-001
 8.0431712e-001
 8.0451638e-001
 8.0478126e-001
 8.0507433e-001
 8.0535805e-001
 8.0559510e-001
 8.0574983e-001
 8.0581981e-001
 8.0583352e-001
 8.0582058e-001
 8.0581069e-001
 8.0583316e-001
 8.0591697e-001
 8.0607373e-001
 8.0629933e-001
 8.0658954e-001
 8.0693954e-001
 8.0734491e-001
 8.0780035e-001
 8.0828708e-001
 8.0877453e-001
 8.0923063e-001
 8.0962431e-001
 8.0992389e-001
 8.1009978e-001
 8.1016129e-001
 8.1015420e-001
 8.1012529e-001
 8.1012166e-001
 8.1019032e-001
 8.1037611e-001
 8.1068164e-001
 8.1106985e-001
 8.1150198e-001
 8.1193984e-001
 8.1234455e-001
 8.1267887e-001
 8.1292987e-001
 8.1310779e-001
 8.1322402e-001
 8.1328946e-001
 8.1331521e-001
 8.1331283e-001
 8.1329948e-001
 8.1329769e-001
 8.1333029e-001
 8.1342024e-001
 8.1359017e-001
 8.1386149e-001
 8.1422490e-001
 8.1464136e-001
 8.1507170e-001
 8.1547558e-001
 8.1581354e-001
 8.1604713e-001
 8.1616884e-001
 8.1620055e-001
 8.1616533e-001
 8.1608576e-001
 8.1598520e-001
 8.1588626e-001
 8.1580800e-001
 8.1576592e-001
 8.1577545e-001
 8.1585163e-001
 8.1600994e-001
 8.1626475e-001
 8.1661087e-001
 8.1702405e-001
 8.1747949e-001
 8.1795239e-001
 8.1841761e-001
 8.1885111e-001
 8.1923932e-001
 8.1957936e-001
 8.1986874e-001
 8.2010502e-001
 8.2028580e-001
 8.2040882e-001
 8.2047844e-001
 8.2050490e-001
 8.2049876e-001
 8.2047069e-001
 8.2043129e-001
 8.2039106e-001
 8.2035786e-001
 8.2033747e-001
 8.2033509e-001
 8.2035625e-001
 8.2040650e-001
 8.2049114e-001
 8.2061571e-001
 8.2078338e-001
 8.2098871e-001
 8.2122451e-001
 8.2148314e-001
 8.2175720e-001
 8.2203919e-001
 8.2232171e-001
 8.2259738e-001
 8.2285863e-001
 8.2309985e-001
 8.2332200e-001
 8.2352793e-001
 8.2372034e-001
 8.2390201e-001
 8.2407570e-001
 8.2424414e-001
 8.2441008e-001
 8.2457626e-001
 8.2474482e-001
 8.2491595e-001
 8.2508862e-001
 8.2526255e-001
 8.2543689e-001
 8.2561117e-001
 8.2578480e-001
 8.2595706e-001
 8.2612735e-001
 8.2629573e-001
 8.2646543e-001
 8.2664013e-001
 8.2682353e-001
 8.2701975e-001
 8.2723236e-001
 8.2746512e-001
 8.2772195e-001
 8.2800663e-001
 8.2832021e-001
 8.2865298e-001
 8.2899231e-001
 8.2932574e-001
 8.2964087e-001
 8.2992500e-001
 8.3016568e-001
 8.3035040e-001
 8.3046675e-001
 8.3050752e-001
 8.3048749e-001
 8.3042711e-001
 8.3034688e-001
 8.3026701e-001
 8.3020794e-001
 8.3019000e-001
 8.3023375e-001
 8.3035934e-001
 8.3058071e-001
 8.3088547e-001
 8.3125424e-001
 8.3166760e-001
 8.3210641e-001
 8.3255154e-001
 8.3298326e-001
 8.3338267e-001
 8.3373034e-001
 8.3401227e-001
 8.3423626e-001
 8.3441556e-001
 8.3456337e-001
 8.3469319e-001
 8.3481830e-001
 8.3495194e-001
 8.3510733e-001
 8.3529806e-001
 8.3553231e-001
 8.3579946e-001
 8.3608335e-001
 8.3636785e-001
 8.3663714e-001
 8.3687484e-001
 8.3706522e-001
 8.3719206e-001
 8.3723938e-001
 8.3719736e-001
 8.3708245e-001
 8.3691782e-001
 8.3672684e-001
 8.3653259e-001
 8.3635843e-001
 8.3622742e-001
 8.3616298e-001
 8.3618832e-001
 8.3631837e-001
 8.3653361e-001
 8.3680534e-001
 8.3710492e-001
 8.3740360e-001
 8.3767402e-001
 8.3790559e-001
 8.3810192e-001
 8.3826691e-001
 8.3840448e-001
 8.3851856e-001
 8.3861327e-001
 8.3869839e-001
 8.3878779e-001
 8.3889598e-001
 8.3903688e-001
 8.3922470e-001
 8.3947229e-001
 8.3976877e-001
 8.4008443e-001
 8.4038866e-001
 8.4065115e-001
 8.4084159e-001
 8.4093159e-001
 8.4093106e-001
 8.4088022e-001
 8.4082049e-001
 8.4079331e-001
 8.4083998e-001
 8.4099954e-001
 8.4127212e-001
 8.4162629e-001
 8.4202915e-001
 8.4244806e-001
 8.4285080e-001
 8.4320539e-001
 8.4349924e-001
 8.4373426e-001
 8.4391356e-001
 8.4403956e-001
 8.4411496e-001
 8.4414321e-001
 8.4413415e-001
 8.4410352e-001
 8.4406739e-001
 8.4404153e-001
 8.4404194e-001
 8.4408373e-001
 8.4416950e-001
 8.4429073e-001
 8.4443885e-001
 8.4460533e-001
 8.4478146e-001
 8.4495920e-001
 8.4513456e-001
 8.4530807e-001
 8.4548008e-001
 8.4565115e-001
 8.4582156e-001
 8.4599179e-001
 8.4615940e-001
 8.4631991e-001
 8.4646887e-001
 8.4660161e-001
 8.4671366e-001
 8.4680116e-001
 8.4687060e-001
 8.4693778e-001
 8.4701854e-001
 8.4712887e-001
 8.4728450e-001
 8.4750021e-001
 8.4776658e-001
 8.4805387e-001
 8.4833211e-001
 8.4857088e-001
 8.4874010e-001
 8.4881204e-001
 8.4880483e-001
 8.4877521e-001
 8.4878105e-001
 8.4888077e-001
 8.4913206e-001
 8.4958816e-001
 8.5021877e-001
 8.5092133e-001
 8.5159129e-001
 8.5212386e-001
 8.5241449e-001
 8.5236531e-001
 8.5199678e-001
 8.5143095e-001
 8.5079366e-001
 8.5021001e-001
 8.4980577e-001
 8.4969985e-001
 8.4989673e-001
 8.5030156e-001
 8.5081720e-001
 8.5134518e-001
 8.5178828e-001
 8.5205275e-001
 8.5212350e-001
 8.5205281e-001
 8.5189515e-001
 8.5170501e-001
 8.5153705e-001
 8.5144371e-001
 8.5143936e-001
 8.5150540e-001
 8.5162222e-001
 8.5176998e-001
 8.5192907e-001
 8.5208029e-001
 8.5221207e-001
 8.5232002e-001
 8.5239983e-001
 8.5244709e-001
 8.5245764e-001
 8.5242778e-001
 8.5236758e-001
 8.5229880e-001
 8.5224378e-001
 8.5222477e-001
 8.5226399e-001
 8.5238236e-001
 8.5257715e-001
 8.5282481e-001
 8.5310072e-001
 8.5338080e-001
 8.5364032e-001
 8.5385656e-001
 8.5402876e-001
 8.5417700e-001
 8.5432172e-001
 8.5448337e-001
 8.5468256e-001
 8.5493815e-001
 8.5524255e-001
 8.5556418e-001
 8.5587025e-001
 8.5612851e-001
 8.5630631e-001
 8.5637254e-001
 8.5632467e-001
 8.5618520e-001
 8.5597748e-001
 8.5572517e-001
 8.5545146e-001
 8.5518008e-001
 8.5493439e-001
 8.5473317e-001
 8.5457981e-001
 8.5447365e-001
 8.5441452e-001
 8.5440177e-001
 8.5443521e-001
 8.5451424e-001
 8.5463852e-001
 8.5480773e-001
 8.5502017e-001
 8.5526931e-001
 8.5554832e-001
 8.5584950e-001
 8.5616583e-001
 8.5649002e-001
 8.5681456e-001
 8.5713249e-001
 8.5743630e-001
 8.5771924e-001
 8.5797602e-001
 8.5820162e-001
 8.5839111e-001
 8.5853934e-001
 8.5864156e-001
 8.5869265e-001
 8.5868776e-001
 8.5862184e-001
 8.5849375e-001
 8.5831654e-001
 8.5810643e-001
 8.5787964e-001
 8.5765189e-001
 8.5743994e-001
 8.5725957e-001
 8.5712707e-001
 8.5705858e-001
 8.5706449e-001
 8.5713363e-001
 8.5725027e-001
 8.5739833e-001
 8.5756230e-001
 8.5772592e-001
 8.5787344e-001
 8.5798913e-001
 8.5805696e-001
 8.5806602e-001
 8.5802299e-001
 8.5793889e-001
 8.5782450e-001
 8.5769087e-001
 8.5754865e-001
 8.5740906e-001
 8.5728264e-001
 8.5718066e-001
 8.5711110e-001
 8.5707331e-001
 8.5706371e-001
 8.5707939e-001
 8.5711706e-001
 8.5717356e-001
 8.5724562e-001
 8.5733014e-001
 8.5742378e-001
 8.5752326e-001
 8.5762465e-001
 8.5772359e-001
 8.5781598e-001
 8.5789752e-001
 8.5796416e-001
 8.5801172e-001
 8.5803598e-001
 8.5803258e-001
 8.5799956e-001
 8.5794145e-001
 8.5786474e-001
 8.5777605e-001
 8.5768169e-001
 8.5758811e-001
 8.5750180e-001
 8.5742915e-001
 8.5737675e-001
 8.5734898e-001
 8.5734278e-001
 8.5735309e-001
 8.5737509e-001
 8.5740381e-001
 8.5743445e-001
 8.5746211e-001
 8.5748166e-001
 8.5748839e-001
 8.5747737e-001
 8.5744381e-001
 8.5738790e-001
 8.5731453e-001
 8.5722870e-001
 8.5713524e-001
 8.5703933e-001
 8.5694581e-001
 8.5685992e-001
 8.5678637e-001
 8.5673034e-001
 8.5669678e-001
 8.5669065e-001
 8.5671681e-001
 8.5677493e-001
 8.5686016e-001
 8.5696703e-001
 8.5709053e-001
 8.5722542e-001
 8.5736632e-001
 8.5750812e-001
 8.5764557e-001
 8.5777342e-001
 8.5788661e-001
 8.5797971e-001
 8.5804778e-001
 8.5809022e-001
 8.5811102e-001
 8.5811400e-001
 8.5810333e-001
 8.5808301e-001
 8.5805690e-001
 8.5802913e-001
 8.5800368e-001
 8.5798460e-001
 8.5797590e-001
 8.5798150e-001
 8.5800540e-001
 8.5804868e-001
 8.5810941e-001
 8.5818565e-001
 8.5827571e-001
 8.5837758e-001
 8.5848927e-001
 8.5860896e-001
 8.5873473e-001
 8.5886472e-001
 8.5899699e-001
 8.5912961e-001
 8.5926068e-001
 8.5938889e-001
 8.5951316e-001
 8.5963255e-001
 8.5974604e-001
 8.5985273e-001
 8.5995162e-001
 8.6004174e-001
 8.6015856e-001
 8.6031348e-001
 8.6034346e-001
 8.6026353e-001
 8.6012793e-001
 8.5999262e-001
 8.5991353e-001
 8.5994416e-001
 8.6008120e-001
 8.6026454e-001
 8.6043209e-001
 8.6052138e-001
 8.6047298e-001
 8.6029220e-001
 8.6004758e-001
 8.5981071e-001
 8.5965294e-001
 8.5964274e-001
 8.5977978e-001
 8.5999644e-001
 8.6022210e-001
 8.6038637e-001
 8.6041892e-001
 8.6027110e-001
 8.5998034e-001
 8.5960490e-001
 8.5920268e-001
 8.5883200e-001
 8.5855091e-001
 8.5840100e-001
 8.5836071e-001
 8.5839266e-001
 8.5846013e-001
 8.5852593e-001
 8.5855317e-001
 8.5850465e-001
 8.5835516e-001
 8.5812330e-001
 8.5783851e-001
 8.5753006e-001
 8.5722733e-001
 8.5695952e-001
 8.5675609e-001
 8.5664630e-001
 8.5664880e-001
 8.5674179e-001
 8.5689408e-001
 8.5707420e-001
 8.5725111e-001
 8.5739338e-001
 8.5746980e-001
 8.5744911e-001
 8.5730976e-001
 8.5706705e-001
 8.5674447e-001
 8.5636592e-001
 8.5595495e-001
 8.5553521e-001
 8.5513055e-001
 8.5476452e-001
 8.5445440e-001
 8.5419405e-001
 8.5397184e-001
 8.5377610e-001
 8.5359532e-001
 8.5341763e-001
 8.5323167e-001
 8.5302562e-001
 8.5278797e-001
 8.5250705e-001
 8.5217106e-001
 8.5176867e-001
 8.5129392e-001
 8.5076237e-001
 8.5019416e-001
 8.4960979e-001
 8.4902942e-001
 8.4847337e-001
 8.4796184e-001
 8.4751529e-001
 8.4715396e-001
 8.4689790e-001
 8.4676766e-001
 8.4678346e-001
 8.4695607e-001
 8.4726226e-001
 8.4767121e-001
 8.4815222e-001
 8.4867454e-001
 8.4920722e-001
 8.4971970e-001
 8.5018104e-001
 8.5056055e-001
 8.5082734e-001
 8.5095078e-001
 8.5091197e-001
 8.5073423e-001
 8.5045010e-001
 8.5009223e-001
 8.4969294e-001
 8.4928489e-001
 8.4890074e-001
 8.4857273e-001
 8.4833372e-001
 8.4821606e-001
 8.4824073e-001
 8.4838849e-001
 8.4863114e-001
 8.4894091e-001
 8.4928966e-001
 8.4964937e-001
 8.4999192e-001
 8.5028964e-001
 8.5051417e-001
 8.5063767e-001
 8.5064274e-001
 8.5054892e-001
 8.5038322e-001
 8.5017288e-001
 8.4994507e-001
 8.4972709e-001
 8.4954596e-001
 8.4942901e-001
 8.4940326e-001
 8.4949613e-001
 8.4972304e-001
 8.5006070e-001
 8.5047716e-001
 8.5094100e-001
 8.5142046e-001
 8.5188377e-001
 8.5229927e-001
 8.5263544e-001
 8.5286033e-001
 8.5295206e-001
 8.5291982e-001
 8.5277975e-001
 8.5254794e-001
 8.5224032e-001
 8.5187298e-001
 8.5146201e-001
 8.5102332e-001
 8.5057145e-001
 8.5011554e-001
 8.4966391e-001
 8.4922463e-001
 8.4880590e-001
 8.4841579e-001
 8.4806269e-001
 8.4775460e-001
 8.4750122e-001
 8.4731692e-001
 8.4721708e-001
 8.4721732e-001
 8.4733284e-001
 8.4757906e-001
 8.4797156e-001
 8.4852546e-001
 8.4923488e-001
 8.5002333e-001
 8.5080099e-001
 8.5147738e-001
 8.5196257e-001
 8.5216630e-001
 8.5199857e-001
 8.5141760e-001
 8.5053676e-001
 8.4949970e-001
 8.4845096e-001
 8.4753424e-001
 8.4689379e-001
 8.4661931e-001
 8.4662819e-001
 8.4680450e-001
 8.4703147e-001
 8.4719318e-001
 8.4717304e-001
 8.4689057e-001
 8.4637743e-001
 8.4568745e-001
 8.4487426e-001
 8.4399152e-001
 8.4309310e-001
 8.4221852e-001
 8.4136319e-001
 8.4051436e-001
 8.3965868e-001
 8.3878350e-001
 8.3787537e-001
 8.3693486e-001
 8.3600301e-001
 8.3512932e-001
 8.3436280e-001
 8.3375263e-001
 8.3334816e-001
 8.3317322e-001
 8.3317441e-001
 8.3328360e-001
 8.3343250e-001
 8.3355284e-001
 8.3357644e-001
 8.3346039e-001
 8.3323812e-001
 8.3295786e-001
 8.3266753e-001
 8.3241546e-001
 8.3224976e-001
 8.3220816e-001
 8.3229786e-001
 8.3252025e-001
 8.3287662e-001
 8.3336836e-001
 8.3399689e-001
 8.3476287e-001
 8.3566558e-001
 8.3670431e-001
 8.3787799e-001
 8.3918589e-001
 8.4062660e-001
 8.4219199e-001
 8.4385270e-001
 8.4557503e-001
 8.4732586e-001
 8.4907067e-001
 8.5077596e-001
 8.5240078e-001
 8.5389942e-001
 8.5522467e-001
 8.5633075e-001
 8.5717487e-001
 8.5776722e-001
 8.5815734e-001
 8.5839623e-001
 8.5853481e-001
 8.5862309e-001
 8.5869956e-001
 8.5879368e-001
 8.5893488e-001
 8.5915220e-001
 8.5947275e-001
 8.5988754e-001
 8.6036098e-001
 8.6085713e-001
 8.6133957e-001
 8.6177260e-001
 8.6213005e-001
 8.6239189e-001
 8.6253887e-001
 8.6255115e-001
 8.6241400e-001
 8.6217952e-001
 8.6194956e-001
 8.6182696e-001
 8.6191475e-001
 8.6230630e-001
 8.6296070e-001
 8.6373872e-001
 8.6449802e-001
 8.6509675e-001
 8.6540198e-001
 8.6540437e-001
 8.6518502e-001
 8.6482745e-001
 8.6441475e-001
 8.6402774e-001
 8.6371100e-001
 8.6348307e-001
 8.6336178e-001
 8.6336470e-001
 8.6350685e-001
 8.6376184e-001
 8.6407310e-001
 8.6438411e-001
 8.6463779e-001
 8.6478126e-001
 8.6481822e-001
 8.6479247e-001
 8.6474919e-001
 8.6473280e-001
 8.6478597e-001
 8.6491531e-001
 8.6510271e-001
 8.6532909e-001
 8.6557543e-001
 8.6582279e-001
 8.6605167e-001
 8.6624229e-001
 8.6637479e-001
 8.6642921e-001
 8.6638850e-001
 8.6627519e-001
 8.6613894e-001
 8.6603016e-001
 8.6599916e-001
 8.6609226e-001
 8.6630195e-001
 8.6658233e-001
 8.6688733e-001
 8.6717033e-001
 8.6738801e-001
 8.6753130e-001
 8.6761642e-001
 8.6765969e-001
 8.6767751e-001
 8.6768556e-001
 8.6769044e-001
 8.6769301e-001
 8.6769372e-001
 8.6769283e-001
 8.6769056e-001
 8.6767972e-001
 8.6764836e-001
 8.6758476e-001
 8.6747676e-001
 8.6731553e-001
 8.6713219e-001
 8.6698449e-001
 8.6693162e-001
 8.6703175e-001
 8.6733806e-001
 8.6782855e-001
 8.6843103e-001
 8.6907196e-001
 8.6967808e-001
 8.7018108e-001
 8.7057674e-001
 8.7090373e-001
 8.7120181e-001
 8.7151062e-001
 8.7186509e-001
 8.7224132e-001
 8.7257594e-001
 8.7280500e-001
 8.7286437e-001
 8.7269813e-001
 8.7235010e-001
 8.7193096e-001
 8.7155277e-001
 8.7132704e-001
 8.7135631e-001
 8.7162650e-001
 8.7204641e-001
 8.7252367e-001
 8.7296540e-001
 8.7328434e-001
 8.7345654e-001
 8.7349939e-001
 8.7343127e-001
 8.7327021e-001
 8.7303543e-001
 8.7275368e-001
 8.7245661e-001
 8.7217653e-001
 8.7194532e-001
 8.7179238e-001
 8.7171572e-001
 8.7169284e-001
 8.7170088e-001
 8.7171721e-001
 8.7172031e-001
 8.7170446e-001
 8.7167436e-001
 8.7163490e-001
 8.7159085e-001
 8.7154597e-001
 8.7149036e-001
 8.7140542e-001
 8.7127256e-001
 8.7107301e-001
 8.7079203e-001
 8.7046093e-001
 8.7014019e-001
 8.6989057e-001
 8.6977333e-001
 8.6984354e-001
 8.7008840e-001
 8.7045240e-001
 8.7087947e-001
 8.7131304e-001
 8.7169975e-001
 8.7201804e-001
 8.7226683e-001
 8.7244505e-001
 8.7255192e-001
 8.7258744e-001
 8.7256294e-001
 8.7249708e-001
 8.7240815e-001
 8.7231481e-001
 8.7223166e-001
 8.7212831e-001
 8.7194651e-001
 8.7162745e-001
 8.7111235e-001
 8.7035316e-001
 8.6942273e-001
 8.6846805e-001
 8.6763722e-001
 8.6707878e-001
 8.6692262e-001
 8.6709708e-001
 8.6740649e-001
 8.6765289e-001
 8.6763865e-001
 8.6718559e-001
 8.6632729e-001
 8.6522722e-001
 8.6405069e-001
 8.6296368e-001
 8.6211836e-001
 8.6152661e-001
 8.6111444e-001
 8.6080676e-001
 8.6052847e-001
 8.6020833e-001
 8.5981613e-001
 8.5934699e-001
 8.5879618e-001
 8.5815889e-001
 8.5742986e-001
 8.5659677e-001
 8.5564369e-001
 8.5455400e-001
 8.5331154e-001
 8.5190725e-001
 8.5041374e-001
 8.4895092e-001
 8.4763968e-001
 8.4660065e-001
 8.4593934e-001
 8.4559560e-001
 8.4541106e-001
 8.4522623e-001
 8.4488165e-001
 8.4423393e-001
 8.4330761e-001
 8.4222627e-001
 8.4111440e-001
 8.4009761e-001
 8.3928877e-001
 8.3868176e-001
 8.3819991e-001
 8.3776599e-001
 8.3730274e-001
 8.3673900e-001
 8.3606905e-001
 8.3532560e-001
 8.3454156e-001
 8.3375001e-001
 8.3297837e-001
 8.3219874e-001
 8.3135194e-001
 8.3037758e-001
 8.2921571e-001
 8.2780647e-001
 8.2609719e-001
 8.2403755e-001
 8.2157773e-001
 8.1866723e-001
 8.1527531e-001
 8.1154633e-001
 8.0772638e-001
 8.0406314e-001
 8.0080348e-001
 7.9817599e-001
 7.9620665e-001
 7.9480833e-001
 7.9389226e-001
 7.9337007e-001
 7.9316580e-001
 7.9332721e-001
 7.9397279e-001
 7.9522115e-001
 7.9719120e-001
 7.9997683e-001
 8.0342847e-001
 8.0725640e-001
 8.1117195e-001
 8.1488562e-001
 8.1813705e-001
 8.2094496e-001
 8.2348263e-001
 8.2592654e-001
 8.2845306e-001
 8.3121747e-001
 8.3417165e-001
 8.3715701e-001
 8.4001303e-001
 8.4257984e-001
 8.4471124e-001
 8.4640861e-001
 8.4775305e-001
 8.4882641e-001
 8.4971106e-001
 8.5047889e-001
 8.5111207e-001
 8.5154301e-001
 8.5170358e-001
 8.5152555e-001
 8.5095859e-001
 8.5011739e-001
 8.4920645e-001
 8.4843224e-001
 8.4800005e-001
 8.4808987e-001
 8.4864211e-001
 8.4946811e-001
 8.5037678e-001
 8.5117799e-001
 8.5169059e-001
 8.5181910e-001
 8.5151404e-001
 8.5072654e-001
 8.4940749e-001
 8.4752542e-001
 8.4521186e-001
 8.4268409e-001
 8.4016031e-001
 8.3785844e-001
 8.3598077e-001
 8.3457237e-001
 8.3359700e-001
 8.3301675e-001
 8.3279437e-001
 8.3288008e-001
 8.3311033e-001
 8.3326262e-001
 8.3311331e-001
 8.3243930e-001
 8.3104289e-001
 8.2895720e-001
 8.2633555e-001
 8.2333434e-001
 8.2010800e-001
 8.1681639e-001
 8.1366026e-001
 8.1086159e-001
 8.0864400e-001
 8.0722946e-001
 8.0680239e-001
 8.0721301e-001
 8.0813813e-001
 8.0925316e-001
 8.1023347e-001
 8.1078809e-001
 8.1091738e-001
 8.1077260e-001
 8.1050575e-001
 8.1026906e-001
 8.1019801e-001
 8.1028223e-001
 8.1043738e-001
 8.1057805e-001
 8.1061906e-001
 8.1048918e-001
 8.1023514e-001
 8.0996436e-001
 8.0978441e-001
 8.0980313e-001
 8.1011736e-001
 8.1073207e-001
 8.1160605e-001
 8.1269771e-001
 8.1396484e-001
 8.1536525e-001
 8.1684995e-001
 8.1836730e-001
 8.1986433e-001
 8.2128942e-001
 8.2258302e-001
 8.2362539e-001
 8.2426572e-001
 8.2435364e-001
 8.2373863e-001
 8.2230747e-001
 8.2026172e-001
 8.1795764e-001
 8.1575310e-001
 8.1400555e-001
 8.1302452e-001
 8.1272185e-001
 8.1281304e-001
 8.1301188e-001
 8.1303257e-001
 8.1262267e-001
 8.1180578e-001
 8.1074053e-001
 8.0958629e-001
 8.0850291e-001
 8.0762792e-001
 8.0692112e-001
 8.0625647e-001
 8.0550647e-001
 8.0454451e-001
 8.0325288e-001
 8.0158907e-001
 7.9954720e-001
 7.9712254e-001
 7.9430914e-001
 7.9110962e-001
 7.8759009e-001
 7.8385025e-001
 7.7998757e-001
 7.7610016e-001
 7.7227467e-001
 7.6850402e-001
 7.6473987e-001
 7.6093066e-001
 7.5702590e-001
 7.5298065e-001
 7.4880493e-001
 7.4453104e-001
 7.4019194e-001
 7.3581982e-001
 7.3136121e-001
 7.2606575e-001
 7.1885699e-001
 7.0865375e-001
 6.9438225e-001
 6.7520458e-001
 6.5216959e-001
 6.2720841e-001
 6.0225159e-001
 5.7924771e-001
 5.5996948e-001
 5.4497862e-001
 5.3426892e-001
 5.2783763e-001
 5.2567428e-001
 5.2772385e-001
 5.3356856e-001
 5.4261756e-001
 5.5428296e-001
 5.6797588e-001
 5.8307433e-001
 5.9870785e-001
 6.1387891e-001
 6.2760055e-001
 6.3888234e-001
 6.4686829e-001
 6.5170276e-001
 6.5399534e-001
 6.5435529e-001
 6.5339184e-001
 6.5166306e-001
 6.4933830e-001
 6.4641094e-001
 6.4287335e-001
 6.3871688e-001
 6.3395309e-001
 6.2871760e-001
 6.2320441e-001
 6.1760628e-001
 6.1211997e-001
 6.0693538e-001
 6.0222095e-001
 5.9813392e-001
 5.9483474e-001
 5.9248054e-001
 5.9118557e-001
 5.9074146e-001
 5.9079641e-001
 5.9099787e-001
 5.9099311e-001
 5.9044027e-001
 5.8907288e-001
 5.8665913e-001
 5.8296669e-001
 5.7776338e-001
 5.7079196e-001
 5.6163323e-001
 5.4979008e-001
 5.3476620e-001
 5.1606083e-001
 4.9353495e-001
 4.6953592e-001
 4.4750470e-001
 4.3088701e-001
 4.2312810e-001
 4.2709726e-001
 4.4152376e-001
 4.6334851e-001
 4.8951128e-001
 5.1693273e-001
 5.4280752e-001
 5.6612849e-001
 5.8667022e-001
 6.0419583e-001
 6.1848372e-001
 6.2938875e-001
 6.3734102e-001
 6.4301741e-001
 6.4709270e-001
 6.5024513e-001
 6.5308136e-001
 6.5571612e-001
 6.5805328e-001
 6.5999782e-001
 6.6145408e-001
 6.6237855e-001
 6.6308659e-001
 6.6404575e-001
 6.6572434e-001
 6.6859013e-001
 6.7301416e-001
 6.7868805e-001
 6.8502277e-001
 6.9142777e-001
 6.9731343e-001
 7.0216417e-001
 7.0599967e-001
 7.0905966e-001
 7.1158493e-001
 7.1381480e-001
 7.1596760e-001
 7.1810627e-001
 7.2023064e-001
 7.2233856e-001
 7.2442961e-001
 7.2649556e-001
 7.2847968e-001
 7.3030585e-001
 7.3189640e-001
 7.3317510e-001
 7.3407823e-001
 7.3462641e-001
 7.3487502e-001
 7.3487991e-001
 7.3469663e-001
 7.3438388e-001
 7.3402154e-001
 7.3369777e-001
 7.3350078e-001
 7.3351890e-001
 7.3383927e-001
 7.3447943e-001
 7.3535091e-001
 7.3635620e-001
 7.3739785e-001
 7.3837805e-001
 7.3920023e-001
 7.3981643e-001
 7.4025291e-001
 7.4054188e-001
 7.4071580e-001
 7.4080724e-001
 7.4084830e-001
 7.4086225e-001
 7.4085832e-001
 7.4084485e-001
 7.4083000e-001
 7.4082214e-001
 7.4082947e-001
 7.4085903e-001
 7.4091691e-001
 7.4100846e-001
 7.4113959e-001
 7.4131584e-001
 7.4154258e-001
 7.4180758e-001
 7.4207222e-001
 7.4229622e-001
 7.4243861e-001
 7.4245918e-001
 7.4231768e-001
 7.4200338e-001
 7.4154907e-001
 7.4099070e-001
 7.4036425e-001
 7.3970598e-001
 7.3905206e-001
 7.3843557e-001
 7.3787206e-001
 7.3737097e-001
 7.3694086e-001
 7.3659080e-001
 7.3632967e-001
 7.3616642e-001
 7.3610646e-001
 7.3613268e-001
 7.3621964e-001
 7.3634213e-001
 7.3647434e-001
 7.3659092e-001
 7.3666644e-001
 7.3667949e-001
 7.3663282e-001
 7.3653841e-001
 7.3640841e-001
 7.3625487e-001
 7.3608971e-001
 7.3592514e-001
 7.3577136e-001
 7.3562807e-001
 7.3549104e-001
 7.3535609e-001
 7.3521888e-001
 7.3507512e-001
 7.3492062e-001
 7.3475194e-001
 7.3457074e-001
 7.3438036e-001
 7.3418444e-001
 7.3398644e-001
 7.3378974e-001
 7.3359793e-001
 7.3341471e-001
 7.3324519e-001
 7.3309499e-001
 7.3296982e-001
 7.3287541e-001
 7.3281717e-001
 7.3280090e-001
 7.3282963e-001
 7.3289174e-001
 7.3297030e-001
 7.3304802e-001
 7.3310798e-001
 7.3313308e-001
 7.3310614e-001
 7.3301405e-001
 7.3286611e-001
 7.3267961e-001
 7.3247194e-001
 7.3226041e-001
 7.3206234e-001
 7.3189527e-001
 7.3177207e-001
 7.3168141e-001
 7.3160332e-001
 7.3151761e-001
 7.3140407e-001
 7.3124272e-001
 7.3101330e-001
 7.3070049e-001
 7.3031610e-001
 7.2988164e-001
 7.2941822e-001
 7.2894770e-001
 7.2849119e-001
 7.2807020e-001
 7.2770298e-001
 7.2739053e-001
 7.2712773e-001
 7.2690934e-001
 7.2672999e-001
 7.2658485e-001
 7.2646862e-001
 7.2637606e-001
 7.2630197e-001
 7.2624153e-001
 7.2618937e-001
 7.2614068e-001
 7.2609013e-001
 7.2603285e-001
 7.2596008e-001
 7.2584355e-001
 7.2564852e-001
 7.2533983e-001
 7.2488266e-001
 7.2424215e-001
 7.2338319e-001
 7.2228366e-001
 7.2099012e-001
 7.1957433e-001
 7.1810657e-001
 7.1665764e-001
 7.1529812e-001
 7.1409935e-001
 7.1311736e-001
 7.1232980e-001
 7.1168751e-001
 7.1114194e-001
 7.1064389e-001
 7.1014434e-001
 7.0959449e-001
 7.0894605e-001
 7.0818526e-001
 7.0734221e-001
 7.0644993e-001
 7.0554090e-001
 7.0464885e-001
 7.0380640e-001
 7.0304656e-001
 7.0240158e-001
 7.0187587e-001
 7.0143813e-001
 7.0105463e-001
 7.0069170e-001
 7.0031559e-001
 6.9989294e-001
 6.9938987e-001
 6.9877362e-001
 6.9804144e-001
 6.9722950e-001
 6.9637591e-001
 6.9551891e-001
 6.9469643e-001
 6.9394732e-001
 6.9330955e-001
 6.9282019e-001
 6.9247562e-001
 6.9222122e-001
 6.9199920e-001
 6.9175154e-001
 6.9142032e-001
 6.9094771e-001
 6.9027579e-001
 6.8934798e-001
 6.8815029e-001
 6.8672204e-001
 6.8510652e-001
 6.8334609e-001
 6.8148363e-001
 6.7956138e-001
 6.7762303e-001
 6.7570984e-001
 6.7382902e-001
 6.7194480e-001
 6.7001849e-001
 6.6801298e-001
 6.6588956e-001
 6.6360992e-001
 6.6113532e-001
 6.5842980e-001
 6.5548968e-001
 6.5235388e-001
 6.4906281e-001
 6.4565915e-001
 6.4218360e-001
 6.3867730e-001
 6.3518143e-001
 6.3173610e-001
 6.2836766e-001
 6.2508053e-001
 6.2187922e-001
 6.1876696e-001
 6.1574972e-001
 6.1283076e-001
 6.1001450e-001
 6.0730398e-001
 6.0468864e-001
 6.0213715e-001
 5.9961808e-001
 5.9709889e-001
 5.9454936e-001
 5.9193707e-001
 5.8923048e-001
 5.8639878e-001
 5.8344001e-001
 5.8038884e-001
 5.7728016e-001
 5.7414931e-001
 5.7103103e-001
 5.6796223e-001
 5.6497747e-001
 5.6211245e-001
 5.5940402e-001
 5.5689353e-001
 5.5462056e-001
 5.5262518e-001
 5.5094761e-001
 5.4962778e-001
 5.4870647e-001
 5.4822242e-001
 5.4818004e-001
 5.4854405e-001
 5.4927629e-001
 5.5033898e-001
 5.5169439e-001
 5.5330503e-001
 5.5513227e-001
 5.5713969e-001
 5.5932021e-001
 5.6170064e-001
 5.6431061e-001
 5.6717765e-001
 5.7033134e-001
 5.7380038e-001
 5.7761461e-001
 5.8179986e-001
 5.8634269e-001
 5.9118176e-001
 5.9625453e-001
 6.0149443e-001
 6.0683876e-001
 6.1222357e-001
 6.1758614e-001
 6.2286055e-001
 6.2800002e-001
 6.3297379e-001
 6.3775194e-001
 6.4230573e-001
 6.4660311e-001
 6.5061539e-001
 6.5431267e-001
 6.5766656e-001
 6.6066784e-001
 6.6333348e-001
 6.6568094e-001
 6.6772783e-001
 6.6949087e-001
 6.7098773e-001
 6.7223591e-001
 6.7325288e-001
 6.7405617e-001
 6.7466712e-001
 6.7511159e-001
 6.7541587e-001
 6.7560613e-001
 6.7570829e-001
 6.7574835e-001
 6.7575270e-001
 6.7574728e-001
 6.7575830e-001
 6.7581117e-001
 6.7591333e-001
 6.7605311e-001
 6.7621738e-001
 6.7639333e-001
 6.7656785e-001
 6.7672831e-001
 6.7686152e-001
 6.7695475e-001
 6.7699486e-001
 6.7696941e-001
 6.7687440e-001
 6.7671514e-001
 6.7649740e-001
 6.7622703e-001
 6.7590982e-001
 6.7555141e-001
 6.7515779e-001
 6.7473471e-001
 6.7428780e-001
 6.7382288e-001
 6.7334431e-001
 6.7285442e-001
 6.7235577e-001
 6.7185074e-001
 6.7134190e-001
 6.7083162e-001
 6.7032248e-001
 6.6981661e-001
 6.6931695e-001
 6.6882557e-001
 6.6834098e-001
 6.6785794e-001
 6.6737044e-001
 6.6687351e-001
 6.6636103e-001
 6.6582763e-001
 6.6526753e-001
 6.6467535e-001
 6.6404545e-001
 6.6337234e-001
 6.6265446e-001
 6.6189522e-001
 6.6109741e-001
 6.6026431e-001
 6.5939903e-001
 6.5850443e-001
 6.5758413e-001
 6.5664101e-001
 6.5567821e-001
 6.5469855e-001
 6.5370262e-001
 6.5268749e-001
 6.5165019e-001
 6.5058756e-001
 6.4949739e-001
 6.4837641e-001
 6.4722180e-001
 6.4603060e-001
 6.4479965e-001
 6.4352673e-001
 6.4220929e-001
 6.4084589e-001
 6.3943475e-001
 6.3797504e-001
 6.3646495e-001
 6.3490307e-001
 6.3328749e-001
 6.3161761e-001
 6.2989140e-001
 6.2810791e-001
 6.2627101e-001
 6.2439167e-001
 6.2247998e-001
 6.2054640e-001
 6.1860132e-001
 6.1665469e-001
 6.1471790e-001
 6.1280090e-001
 6.1091399e-001
 6.0906684e-001
 6.0725868e-001
 6.0547602e-001
 6.0370541e-001
 6.0193306e-001
 6.0014623e-001
 5.9833109e-001
 5.9647411e-001
 5.9456187e-001
 5.9258038e-001
 5.9051776e-001
 5.8837688e-001
 5.8617622e-001
 5.8393461e-001
 5.8167261e-001
 5.7940888e-001
 5.7716280e-001
 5.7495314e-001
 5.7280040e-001
 5.7072330e-001
 5.6874084e-001
 5.6686378e-001
 5.6509459e-001
 5.6343675e-001
 5.6189233e-001
 5.6046396e-001
 5.5915374e-001
 5.5796504e-001
 5.5690002e-001
 5.5596131e-001
 5.5515075e-001
 5.5445945e-001
 5.5386716e-001
 5.5335349e-001
 5.5289793e-001
 5.5248022e-001
 5.5207986e-001
 5.5167639e-001
 5.5124933e-001
 5.5077815e-001
 5.5024326e-001
 5.4963738e-001
 5.4896522e-001
 5.4823178e-001
 5.4744285e-001
 5.4660326e-001
 5.4571837e-001
 5.4479313e-001
 5.4383326e-001
 5.4284370e-001
 5.4183000e-001
 5.4080170e-001
 5.3977215e-001
 5.3875566e-001
 5.3776574e-001
 5.3681612e-001
 5.3592026e-001
 5.3509247e-001
 5.3434622e-001
 5.3369522e-001
 5.3315252e-001
 5.3271908e-001
 5.3238416e-001
 5.3213656e-001
 5.3196543e-001
 5.3185934e-001
 5.3180742e-001
 5.3179860e-001
 5.3182167e-001
 5.3186554e-001
 5.3191948e-001
 5.3197753e-001
 5.3203875e-001
 5.3210199e-001
 5.3216636e-001
 5.3223085e-001
 5.3229457e-001
 5.3235632e-001
 5.3241533e-001
 5.3247052e-001
 5.3252047e-001
 5.3255528e-001
 5.3255725e-001
 5.3250849e-001
 5.3239113e-001
 5.3218734e-001
 5.3187889e-001
 5.3144836e-001
 5.3087747e-001
 5.3014857e-001
 5.2924430e-001
 5.2816683e-001
 5.2693385e-001
 5.2556401e-001
 5.2407604e-001
 5.2248800e-001
 5.2081931e-001
 5.1908815e-001
 5.1731330e-001
 5.1551276e-001
 5.1370579e-001
 5.1190645e-001
 5.1012522e-001
 5.0837260e-001
 5.0665987e-001
 5.0499731e-001
 5.0339556e-001
 5.0186527e-001
 5.0041664e-001
 4.9906108e-001
 4.9780864e-001
 4.9666587e-001
 4.9563581e-001
 4.9472207e-001
 4.9392757e-001
 4.9325538e-001
 4.9270859e-001
 4.9229050e-001
 4.9200422e-001
 4.9185273e-001
 4.9183851e-001
 4.9195006e-001
 4.9216381e-001
 4.9245602e-001
 4.9280280e-001
 4.9318042e-001
 4.9356493e-001
 4.9393252e-001
 4.9425936e-001
 4.9452165e-001
 4.9469644e-001
 4.9477762e-001
 4.9477306e-001
 4.9469113e-001
 4.9454033e-001
 4.9432904e-001
 4.9406552e-001
 4.9375832e-001
 4.9341568e-001
 4.9304613e-001
 4.9265748e-001
 4.9224699e-001
 4.9180329e-001
 4.9131492e-001
 4.9077022e-001
 4.9015760e-001
 4.8946524e-001
 4.8868188e-001
 4.8779574e-001
 4.8679522e-001
 4.8566985e-001
 4.8442775e-001
 4.8309386e-001
 4.8169234e-001
 4.8024809e-001
 4.7878519e-001
 4.7732916e-001
 4.7590429e-001
 4.7453517e-001
 4.7324622e-001
 4.7206187e-001
 4.7099084e-001
 4.7003031e-001
 4.6917692e-001
 4.6842742e-001
 4.6777880e-001
 4.6722773e-001
 4.6677083e-001
 4.6640494e-001
 4.6612680e-001
 4.6593338e-001
 4.6582299e-001
 4.6579531e-001
 4.6585011e-001
 4.6598709e-001
 4.6620595e-001
 4.6650654e-001
 4.6688840e-001
 4.6735132e-001
 4.6789503e-001
 4.6851796e-001
 4.6919879e-001
 4.6989956e-001
 4.7058252e-001
 4.7120965e-001
 4.7174296e-001
 4.7214434e-001
 4.7237581e-001
 4.7239950e-001
 4.7217718e-001
 4.7167358e-001
 4.7089165e-001
 4.6986496e-001
 4.6862787e-001
 4.6721435e-001
 4.6565935e-001
 4.6399701e-001
 4.6226159e-001
 4.6048710e-001
 4.5870864e-001
 4.5695794e-001
 4.5523143e-001
 4.5349786e-001
 4.5172614e-001
 4.4988415e-001
 4.4794008e-001
 4.4586226e-001
 4.4361827e-001
 4.4117749e-001
 4.3850759e-001
 4.3557879e-001
 4.3239027e-001
 4.2896640e-001
 4.2532974e-001
 4.2150381e-001
 4.1751099e-001
 4.1337660e-001
 4.0912318e-001
 4.0477404e-001
 4.0035155e-001
 3.9588106e-001
 3.9138052e-001
 3.8686618e-001
 3.8235402e-001
 3.7785900e-001
 3.7339938e-001
 3.6899003e-001
 3.6464706e-001
 3.6038548e-001
 3.5622332e-001
 3.5217562e-001
 3.4825709e-001
 3.4448066e-001
 3.4086195e-001
 3.3741391e-001
 3.3415037e-001
 3.3108509e-001
 3.2823125e-001
 3.2560405e-001
 3.2321665e-001
 3.2108039e-001
 3.1917202e-001
 3.1744418e-001
 3.1584746e-001
 3.1433302e-001
 3.1285152e-001
 3.1135482e-001
 3.0979368e-001
 3.0811921e-001
 3.0628252e-001
 3.0423784e-001
 3.0199233e-001
 2.9958954e-001
 2.9707414e-001
 2.9449034e-001
 2.9188415e-001
 2.8929973e-001
 2.8678188e-001
 2.8437483e-001
 2.8212446e-001
 2.8007370e-001
 2.7824748e-001
 2.7665713e-001
 2.7531475e-001
 2.7423134e-001
 2.7341819e-001
 2.7288660e-001
 2.7264798e-001
 2.7271378e-001
 2.7309525e-001
 2.7379981e-001
 2.7478281e-001
 2.7596119e-001
 2.7725184e-001
 2.7857146e-001
 2.7983695e-001
 2.8096434e-001
 2.8187066e-001
 2.8247258e-001
 2.8268662e-001
 2.8243944e-001
 2.8178826e-001
 2.8088307e-001
 2.7987561e-001
 2.7891749e-001
 2.7816096e-001
 2.7775764e-001
 2.7785924e-001
 2.7861795e-001
 2.8018507e-001
 2.8269911e-001
 2.8612232e-001
 2.9029411e-001
 2.9505238e-001
 3.0023181e-001
 3.0567023e-001
 3.1120449e-001
 3.1667268e-001
 3.2190904e-001
 3.2675171e-001
 3.3104476e-001
 3.3472601e-001
 3.3779496e-001
 3.4025490e-001
 3.4210825e-001
 3.4335753e-001
 3.4400526e-001
 3.4405354e-001
 3.4350500e-001
 3.4236217e-001
 3.4063932e-001
 3.3850792e-001
 3.3624443e-001
 3.3412790e-001
 3.3243677e-001
 3.3145085e-001
 3.3144864e-001
 3.3270901e-001
 3.3551180e-001
 3.4013453e-001
 3.4682763e-001
 3.5548133e-001
 3.6574361e-001
 3.7726066e-001
 3.8967037e-001
 4.0261874e-001
 4.1574916e-001
 4.2870808e-001
 4.4113266e-001
 4.5266944e-001
 4.6298352e-001
 4.7200608e-001
 4.7983786e-001
 4.8658952e-001
 4.9236920e-001
 4.9728516e-001
 5.0144655e-001
 5.0495964e-001
 5.0793391e-001
 5.1047724e-001
 5.1269466e-001
 5.1464021e-001
 5.1633781e-001
 5.1780987e-001
 5.1907945e-001
 5.2016842e-001
 5.2109993e-001
 5.2189642e-001
 5.2258056e-001
 5.2317512e-001
 5.2370143e-001
 5.2416939e-001
 5.2458102e-001
 5.2493817e-001
 5.2524269e-001
 5.2549648e-001
 5.2570146e-001
 5.2585953e-001
 5.2597249e-001
 5.2604228e-001
 5.2607089e-001
 5.2606130e-001
 5.2601719e-001
 5.2594203e-001
 5.2583963e-001
 5.2571362e-001
 5.2556759e-001
 5.2540523e-001
 5.2523029e-001
 5.2504617e-001
 5.2485615e-001
 5.2465701e-001
 5.2444160e-001
 5.2420270e-001
 5.2393293e-001
 5.2362525e-001
 5.2327240e-001
 5.2286708e-001
 5.2240217e-001
 5.2187020e-001
 5.2126527e-001
 5.2059215e-001
 5.1986289e-001
 5.1908940e-001
 5.1828408e-001
 5.1745892e-001
 5.1662594e-001
 5.1579708e-001
 5.1498485e-001
 5.1420105e-001
 5.1345509e-001
 5.1272535e-001
 5.1197106e-001
 5.1115167e-001
 5.1022619e-001
 5.0915366e-001
 5.0789291e-001
 5.0640357e-001
 5.0464451e-001
 5.0257486e-001
 5.0015402e-001
 4.9735200e-001
 4.9414283e-001
 4.9050099e-001
 4.8640010e-001
 4.8181671e-001
 4.7672436e-001
 4.7109771e-001
 4.6491128e-001
 4.5813802e-001
 4.5076641e-001
 4.4289505e-001
 4.3469307e-001
 4.2632860e-001
 4.1797587e-001
 4.0980312e-001
 4.0198043e-001
 3.9467633e-001
 3.8806447e-001
 3.8231331e-001
 3.7758014e-001
 3.7388965e-001
 3.7118667e-001
 3.6941677e-001
 3.6852345e-001
 3.6845103e-001
 3.6914408e-001
 3.7054658e-001
 3.7260279e-001
 3.7525719e-001
 3.7845349e-001
 3.8211975e-001
 3.8617855e-001
 3.9055148e-001
 3.9516023e-001
 3.9992759e-001
 4.0477297e-001
 4.0961909e-001
 4.1438770e-001
 4.1900152e-001
 4.2338479e-001
 4.2751372e-001
 4.3139181e-001
 4.3502352e-001
 4.3841109e-001
 4.4155911e-001
 4.4447130e-001
 4.4715202e-001
 4.4960389e-001
 4.5183125e-001
 4.5383829e-001
 4.5563355e-001
 4.5722830e-001
 4.5863268e-001
 4.5985815e-001
 4.6091563e-001
 4.6181628e-001
 4.6257061e-001
 4.6318987e-001
 4.6368495e-001
 4.6406499e-001
 4.6431938e-001
 4.6442702e-001
 4.6436635e-001
 4.6411595e-001
 4.6365428e-001
 4.6296012e-001
 4.6201187e-001
 4.6078813e-001
 4.5926702e-001
 4.5742834e-001
 4.5525476e-001
 4.5273194e-001
 4.4984448e-001
 4.4657934e-001
 4.4292140e-001
 4.3885618e-001
 4.3436915e-001
 4.2944455e-001
 4.2407033e-001
 4.1823745e-001
 4.1200182e-001
 4.0545276e-001
 3.9868486e-001
 3.9178789e-001
 3.8485327e-001
 3.7797073e-001
 3.7123492e-001
 3.6473554e-001
 3.5856393e-001
 3.5281157e-001
 3.4756014e-001
 3.4281677e-001
 3.3854192e-001
 3.3469698e-001
 3.3124250e-001
 3.2814148e-001
 3.2535443e-001
 3.2284269e-001
 3.2056716e-001
 3.1849021e-001
 3.1657270e-001
 3.1477591e-001
 3.1306088e-001
 3.1138974e-001
 3.0972612e-001
 3.0805841e-001
 3.0638805e-001
 3.0471629e-001
 3.0304545e-001
 3.0137679e-001
 2.9971182e-001
 2.9805180e-001
 2.9639912e-001
 2.9475486e-001
 2.9312077e-001
 2.9149795e-001
 2.8988877e-001
 2.8829446e-001
 2.8671661e-001
 2.8515679e-001
 2.8361621e-001
 2.8209722e-001
 2.8060114e-001
 2.7913010e-001
 2.7768624e-001
 2.7627280e-001
 2.7489185e-001
 2.7354592e-001
 2.7223715e-001
 2.7096868e-001
 2.6974264e-001
 2.6856157e-001
 2.6742789e-001
 2.6634389e-001
 2.6531258e-001
 2.6433617e-001
 2.6341707e-001
 2.6255763e-001
 2.6176071e-001
 2.6102865e-001
 2.6036388e-001
 2.5976878e-001
 2.5924611e-001
 2.5879815e-001
 2.5842693e-001
 2.5812933e-001
 2.5790006e-001
 2.5773358e-001
 2.5762436e-001
 2.5756705e-001
 2.5755602e-001
 2.5758585e-001
 2.5765112e-001
 2.5774628e-001
 2.5786594e-001
 2.5800449e-001
 2.5815657e-001
 2.5831661e-001
 2.5847927e-001
 2.5863892e-001
 2.5879014e-001
 2.5892749e-001
 2.5904542e-001
 2.5913855e-001
 2.5920135e-001
 2.5922829e-001
 2.5921398e-001
 2.5915286e-001
 2.5903955e-001
 2.5886852e-001
 2.5863484e-001
 2.5833833e-001
 2.5798127e-001
 2.5756574e-001
 2.5709397e-001
 2.5656810e-001
 2.5599018e-001
 2.5536269e-001
 2.5468770e-001
 2.5396729e-001
 2.5320357e-001
 2.5239900e-001
 2.5155562e-001
 2.5067559e-001
 2.4976096e-001
 2.4881420e-001
 2.4783738e-001
 2.4683267e-001
 2.4580197e-001
 2.4474797e-001
 2.4367258e-001
 2.4257803e-001
 2.4146648e-001
 2.4033983e-001
 2.3920080e-001
 2.3805134e-001
 2.3689359e-001
 2.3572946e-001
 2.3456168e-001
 2.3339218e-001
 2.3222323e-001
 2.3105760e-001
 2.2989932e-001
 2.2875153e-001
 2.2761770e-001
 2.2650124e-001
 2.2540535e-001
 2.2433400e-001
 2.2329038e-001
 2.2227792e-001
 2.2129981e-001
 2.2036000e-001
 2.1946171e-001
 2.1860833e-001
 2.1780317e-001
 2.1705000e-001
 2.1635212e-001
 2.1571295e-001
 2.1513592e-001
 2.1462438e-001
 2.1418203e-001
 2.1381214e-001
 2.1351822e-001
 2.1330361e-001
 2.1317185e-001
 2.1312641e-001
 2.1317065e-001
 2.1330807e-001
 2.1354207e-001
 2.1387613e-001
 2.1431364e-001
 2.1485808e-001
 2.1551223e-001
 2.1627197e-001
 2.1713077e-001
 2.1808192e-001
 2.1911897e-001
 2.2023474e-001
 2.2142278e-001
 2.2267637e-001
 2.2398910e-001
 2.2535372e-001
 2.2676377e-001
 2.2821259e-001
 2.2969382e-001
 2.3120002e-001
 2.3272491e-001
 2.3426172e-001
 2.3580380e-001
 2.3734479e-001
 2.3887725e-001
 2.4039488e-001
 2.4189095e-001
 2.4335910e-001
 2.4479197e-001
 2.4618317e-001
 2.4752603e-001
 2.4881414e-001
 2.5004017e-001
 2.5119776e-001
 2.5228018e-001
 2.5328076e-001
 2.5419298e-001
 2.5500974e-001
 2.5572565e-001
 2.5634336e-001
 2.5686917e-001
 2.5730902e-001
 2.5766927e-001
 2.5795609e-001
 2.5817573e-001
 2.5833428e-001
 2.5843802e-001
 2.5849316e-001
 2.5850585e-001
 2.5848234e-001
 2.5842878e-001
 2.5835142e-001
 2.5825644e-001
 2.5814998e-001
 2.5803834e-001
 2.5792772e-001
 2.5782421e-001
 2.5773409e-001
 2.5766361e-001
 2.5761887e-001
 2.5760615e-001
 2.5763160e-001
 2.5770143e-001
 2.5782183e-001
 2.5799903e-001
 2.5823918e-001
 2.5854862e-001
 2.5893337e-001
 2.5939971e-001
 2.5995383e-001
 2.6060104e-001
 2.6133898e-001
 2.6216283e-001
 2.6306748e-001
 2.6404810e-001
 2.6509920e-001
 2.6621595e-001
 2.6739326e-001
 2.6862615e-001
 2.6990980e-001
 2.7123860e-001
 2.7260777e-001
 2.7401224e-001
 2.7544734e-001
 2.7690729e-001
 2.7838743e-001
 2.7988261e-001
 2.8138825e-001
 2.8289852e-001
 2.8440866e-001
 2.8591377e-001
 2.8740871e-001
 2.8888875e-001
 2.9034814e-001
 2.9178220e-001
 2.9318592e-001
 2.9455444e-001
 2.9588223e-001
 2.9716444e-001
 2.9839602e-001
 2.9957223e-001
 3.0068749e-001
 3.0173743e-001
 3.0272058e-001
 3.0363697e-001
 3.0448598e-001
 3.0526760e-001
 3.0598158e-001
 3.0662778e-001
 3.0720606e-001
 3.0771598e-001
 3.0815744e-001
 3.0853024e-001
 3.0883425e-001
 3.0906907e-001
 3.0923459e-001
 3.0933055e-001
 3.0935687e-001
 3.0931318e-001
 3.0919942e-001
 3.0901524e-001
 3.0876052e-001
 3.0843493e-001
 3.0803841e-001
 3.0757073e-001
 3.0703160e-001
 3.0642068e-001
 3.0573812e-001
 3.0498347e-001
 3.0415654e-001
 3.0325696e-001
 3.0228490e-001
 3.0123994e-001
 3.0012187e-001
 2.9893088e-001
 2.9766965e-001
 2.9634261e-001
 2.9495338e-001
 2.9350594e-001
 2.9200381e-001
 2.9045165e-001
 2.8885299e-001
 2.8721184e-001
 2.8553161e-001
 2.8381708e-001
 2.8207177e-001
 2.8029960e-001
 2.7850407e-001
 2.7668995e-001
 2.7486071e-001
 2.7302030e-001
 2.7117267e-001
 2.6932123e-001
 2.6747081e-001
 2.6562494e-001
 2.6378751e-001
 2.6196200e-001
 2.6015317e-001
 2.5836459e-001
 2.5660011e-001
 2.5486323e-001
 2.5315878e-001
 2.5149021e-001
 2.4986145e-001
 2.4827640e-001
 2.4673867e-001
 2.4525180e-001
 2.4381199e-001
 2.4241346e-001
 2.4105006e-001
 2.3971663e-001
 2.3840708e-001
 2.3711556e-001
 2.3583600e-001
 2.3456320e-001
 2.3329107e-001
 2.3201375e-001
 2.3072551e-001
 2.2942021e-001
 2.2809266e-001
 2.2673674e-001
 2.2534670e-001
 2.2391634e-001
 2.2244057e-001
 2.2091323e-001
 2.1932855e-001
 2.1768029e-001
 2.1596348e-001
 2.1417189e-001
 2.1229976e-001
 2.1034127e-001
 2.0829010e-001
 2.0614147e-001
 2.0388906e-001
 2.0152709e-001
 1.9904916e-001
 1.9645065e-001
 1.9372515e-001
 1.9086860e-001
 1.8788612e-001
 1.8478839e-001
 1.8158406e-001
 1.7828238e-001
 1.7489189e-001
 1.7142349e-001
 1.6788572e-001
 1.6428785e-001
 1.6063921e-001
 1.5694821e-001
 1.5322593e-001
 1.4948077e-001
 1.4572209e-001
 1.4195825e-001
 1.3820039e-001
 1.3445689e-001
 1.3073708e-001
 1.2704939e-001
 1.2340487e-001
 1.1981197e-001
 1.1627997e-001
 1.1281818e-001
 1.0943513e-001
 1.0614174e-001
 1.0294647e-001
 9.9858664e-002
 9.6886918e-002
 9.4041958e-002
 9.1332376e-002
 8.8767469e-002
 8.6355992e-002
 8.4106401e-002
 8.2014509e-002
 8.0072992e-002
 7.8274548e-002
 7.6611482e-002
 7.5077288e-002
 7.3664226e-002
 7.2365001e-002
 7.1172014e-002
 7.0078515e-002
 6.9076918e-002
 6.8159901e-002
 6.7319967e-002
 6.6550195e-002
 6.5843076e-002
 6.5191284e-002
 6.4587384e-002
 6.4024344e-002
 6.3494697e-002
 6.2991150e-002
 6.2506370e-002
 6.2032949e-002
 6.1563808e-002
 6.1091505e-002
 6.0608722e-002
 6.0108054e-002
 5.9582405e-002
 5.9024356e-002
 5.8426592e-002
 5.7781648e-002
 5.7082511e-002
 5.6321729e-002
 5.5493478e-002
 5.4599714e-002
 5.3644683e-002
 5.2633338e-002
 5.1569931e-002
 5.0458953e-002
 4.9304612e-002
 4.8111942e-002
 4.6885151e-002
 4.5628738e-002
 4.4346869e-002
 4.3044645e-002
 4.1726254e-002
 4.0396173e-002
 3.9058894e-002
 3.7718575e-002
 3.6380351e-002
 3.5048377e-002
 3.3727147e-002
 3.2420833e-002
 3.1134548e-002
 2.9872464e-002
 2.8639058e-002
 2.7438540e-002
 2.6275966e-002
 2.5155535e-002
 2.4081729e-002
 2.3058800e-002
 2.2091717e-002
 2.1184716e-002
 2.0342285e-002
 1.9568909e-002
 1.8867984e-002
 1.8238794e-002
 1.7678661e-002
 1.7185086e-002
 1.6755484e-002
 1.6387558e-002
 1.6078701e-002
 1.5826417e-002
 1.5628166e-002
 1.5481548e-002
 1.5384009e-002
 1.5333051e-002
 1.5326183e-002
 1.5360914e-002
 1.5434735e-002
 1.5545148e-002
 1.5689662e-002
 1.5865816e-002
 1.6071036e-002
 1.6302863e-002
 1.6558796e-002
 1.6836407e-002
 1.7133070e-002
 1.7446350e-002
 1.7773747e-002
 1.8112764e-002
 1.8460993e-002
 1.8815765e-002
 1.9174667e-002
 1.9535201e-002
 1.9894958e-002
 2.0251267e-002
 2.0602049e-002
 2.0946750e-002
 2.1285363e-002
 2.1617640e-002
 2.1943582e-002
 2.2263106e-002
 2.2576127e-002
 2.2882633e-002
 2.3182394e-002
 2.3475403e-002
 2.3761574e-002
 2.4040887e-002
 2.4313126e-002
 2.4578277e-002
 2.4836257e-002
 2.5087040e-002
 2.5330422e-002
 2.5566379e-002
 2.5794828e-002
 2.6015738e-002
 2.6228921e-002
 2.6434345e-002
 2.6631925e-002
 2.6821582e-002
 2.7003266e-002
 2.7176814e-002
 2.7342187e-002
 2.7499299e-002
 2.7648099e-002
 2.7788434e-002
 2.7920261e-002
 2.8043488e-002
 2.8158199e-002
 2.8265003e-002
 2.8364776e-002
 2.8458357e-002
 2.8546594e-002
 2.8630346e-002
 2.8710419e-002
 2.8787678e-002
 2.8862962e-002
 2.8937135e-002
 2.9011007e-002
 2.9085437e-002
 2.9161271e-002
 2.9239368e-002
 2.9320536e-002
 2.9405637e-002
 2.9495519e-002
 2.9591015e-002
 2.9692998e-002
 2.9802267e-002
 2.9919688e-002
 3.0046102e-002
 3.0182386e-002
 3.0329321e-002
 3.0487781e-002
 3.0658608e-002
 3.0842694e-002
 3.1040791e-002
 3.1253789e-002
 3.1482525e-002
 3.1727910e-002
 3.1990670e-002
 3.2271352e-002
 3.2568920e-002
 3.2881916e-002
 3.3208970e-002
 3.3548471e-002
 3.3899032e-002
 3.4259208e-002
 3.4627620e-002
 3.5002656e-002
 3.5382930e-002
 3.5766996e-002
 3.6153492e-002
 3.6540773e-002
 3.6927477e-002
 3.7312154e-002
 3.7693348e-002
 3.8069684e-002
 3.8439538e-002
 3.8801543e-002
 3.9154239e-002
 3.9496254e-002
 3.9825976e-002
 4.0142018e-002
 4.0442944e-002
 4.0727343e-002
 4.0993642e-002
 4.1240454e-002
 4.1466311e-002
 4.1669771e-002
 4.1849412e-002
 4.2003695e-002
 4.2131219e-002
 4.2230885e-002
 4.2303193e-002
 4.2348996e-002
 4.2369179e-002
 4.2364646e-002
 4.2336263e-002
 4.2284925e-002
 4.2211510e-002
 4.2116903e-002
 4.2001963e-002
 4.1867614e-002
 4.1714720e-002
 4.1544169e-002
 4.1356847e-002
 4.1153572e-002
 4.0935334e-002
 4.0702969e-002
 4.0457357e-002
 4.0199321e-002
 3.9929871e-002
 3.9649818e-002
 3.9360054e-002
 3.9061390e-002
 3.8754843e-002
 3.8441230e-002
 3.8121443e-002
 3.7796356e-002
 3.7466772e-002
 3.7133742e-002
 3.6798056e-002
 3.6460608e-002
 3.6122192e-002
