splib07b Record=18619: Tourmaline HS282.2B           BECKc AREF
-1.2300000e+034
-1.2300000e+034
-1.2300000e+034
-1.2300000e+034
-1.2300000e+034
-1.2300000e+034
-1.2300000e+034
-1.2300000e+034
-1.2300000e+034
-1.2300000e+034
-1.2300000e+034
-1.2300000e+034
-1.2300000e+034
-1.2300000e+034
-1.2300000e+034
-1.2300000e+034
-1.2300000e+034
-1.2300000e+034
-1.2300000e+034
-1.2300000e+034
-1.2300000e+034
-1.2300000e+034
-1.2300000e+034
-1.2300000e+034
-1.2300000e+034
-1.2300000e+034
-1.2300000e+034
-1.2300000e+034
-1.2300000e+034
-1.2300000e+034
-1.2300000e+034
-1.2300000e+034
-1.2300000e+034
-1.2300000e+034
-1.2300000e+034
-1.2300000e+034
-1.2300000e+034
-1.2300000e+034
-1.2300000e+034
-1.2300000e+034
-1.2300000e+034
-1.2300000e+034
-1.2300000e+034
-1.2300000e+034
-1.2300000e+034
-1.2300000e+034
-1.2300000e+034
-1.2300000e+034
 5.0277233e-002
 5.0277233e-002
 5.2973635e-002
 5.5664666e-002
 5.8347262e-002
 6.1017994e-002
 6.3673802e-002
 6.6311613e-002
 6.8928018e-002
 7.1519926e-002
 7.4084297e-002
 7.6617695e-002
 7.9117060e-002
 8.1579313e-002
 8.4001042e-002
 8.6379193e-002
 8.8710666e-002
 9.0992063e-002
 9.3220323e-002
 9.5392354e-002
 9.7504750e-002
 9.9554554e-002
 1.0153837e-001
 1.0345312e-001
 1.0529570e-001
 1.0706265e-001
 1.0874987e-001
 1.1035257e-001
 1.1186578e-001
 1.1328475e-001
 1.1460469e-001
 1.1582067e-001
 1.1692794e-001
 1.1792159e-001
 1.1879683e-001
 1.1954884e-001
 1.2017275e-001
 1.2066375e-001
 1.2101702e-001
 1.2122768e-001
 1.2129093e-001
 1.2120195e-001
 1.2095588e-001
 1.2054791e-001
 1.1997315e-001
 1.1922685e-001
 1.1830547e-001
 1.1722047e-001
 1.1599298e-001
 1.1464413e-001
 1.1319505e-001
 1.1166703e-001
 1.1008120e-001
 1.0845865e-001
 1.0682072e-001
 1.0518852e-001
 1.0358315e-001
 1.0202593e-001
 1.0053798e-001
 9.9140413e-002
 9.7854525e-002
 9.6701391e-002
 9.5702298e-002
 9.4878338e-002
 9.4249181e-002
 9.3816333e-002
 9.3569733e-002
 9.3499146e-002
 9.3594313e-002
 9.3844987e-002
 9.4240904e-002
 9.4771810e-002
 9.5427498e-002
 9.6197665e-002
 9.7072072e-002
 9.8040514e-002
 9.9092655e-002
 1.0021828e-001
 1.0140721e-001
 1.0264908e-001
 1.0393369e-001
 1.0525084e-001
 1.0659017e-001
 1.0794130e-001
 1.0929374e-001
 1.1063687e-001
 1.1196017e-001
 1.1325321e-001
 1.1450535e-001
 1.1570597e-001
 1.1684477e-001
 1.1791108e-001
 1.1889427e-001
 1.1978401e-001
 1.2056964e-001
 1.2124059e-001
 1.2178645e-001
 1.2219660e-001
 1.2246051e-001
 1.2257515e-001
 1.2255597e-001
 1.2242132e-001
 1.2218956e-001
 1.2187902e-001
 1.2150811e-001
 1.2109512e-001
 1.2065843e-001
 1.2021641e-001
 1.1978736e-001
 1.1938967e-001
 1.1904168e-001
 1.1876177e-001
 1.1856825e-001
 1.1847948e-001
 1.1850566e-001
 1.1863642e-001
 1.1885820e-001
 1.1915737e-001
 1.1952043e-001
 1.1993371e-001
 1.2038372e-001
 1.2085684e-001
 1.2133949e-001
 1.2181804e-001
 1.2227901e-001
 1.2270878e-001
 1.2309372e-001
 1.2342033e-001
 1.2367500e-001
 1.2385155e-001
 1.2396276e-001
 1.2402440e-001
 1.2405220e-001
 1.2406194e-001
 1.2406938e-001
 1.2409028e-001
 1.2414040e-001
 1.2423547e-001
 1.2439130e-001
 1.2462363e-001
 1.2494820e-001
 1.2538081e-001
 1.2593715e-001
 1.2663303e-001
 1.2747490e-001
 1.2844545e-001
 1.2952338e-001
 1.3068740e-001
 1.3191615e-001
 1.3318862e-001
 1.3448331e-001
 1.3577917e-001
 1.3705486e-001
 1.3828914e-001
 1.3946058e-001
 1.4054821e-001
 1.4153054e-001
 1.4238770e-001
 1.4311481e-001
 1.4371750e-001
 1.4420167e-001
 1.4457326e-001
 1.4483806e-001
 1.4500208e-001
 1.4507110e-001
 1.4505108e-001
 1.4494783e-001
 1.4476728e-001
 1.4451529e-001
 1.4419855e-001
 1.4383332e-001
 1.4344272e-001
 1.4304997e-001
 1.4267820e-001
 1.4235067e-001
 1.4209057e-001
 1.4192109e-001
 1.4186545e-001
 1.4194685e-001
 1.4218847e-001
 1.4261356e-001
 1.4324263e-001
 1.4406258e-001
 1.4503647e-001
 1.4612693e-001
 1.4729646e-001
 1.4850789e-001
 1.4972365e-001
 1.5090656e-001
 1.5201914e-001
 1.5302399e-001
 1.5388370e-001
 1.5456101e-001
 1.5502137e-001
 1.5526889e-001
 1.5533474e-001
 1.5525074e-001
 1.5504870e-001
 1.5476039e-001
 1.5441769e-001
 1.5405227e-001
 1.5369602e-001
 1.5338069e-001
 1.5313815e-001
 1.5300013e-001
 1.5299693e-001
 1.5313844e-001
 1.5342000e-001
 1.5383671e-001
 1.5438357e-001
 1.5505570e-001
 1.5584812e-001
 1.5675581e-001
 1.5777396e-001
 1.5889756e-001
 1.6012168e-001
 1.6144124e-001
 1.6285023e-001
 1.6432507e-001
 1.6583027e-001
 1.6732976e-001
 1.6878752e-001
 1.7016746e-001
 1.7143382e-001
 1.7255041e-001
 1.7348146e-001
 1.7419085e-001
 1.7464261e-001
 1.7480074e-001
 1.7463350e-001
 1.7416696e-001
 1.7346898e-001
 1.7260846e-001
 1.7165430e-001
 1.7067546e-001
 1.6974071e-001
 1.6891903e-001
 1.6827919e-001
 1.6789015e-001
 1.6782083e-001
 1.6814001e-001
 1.6891152e-001
 1.7012730e-001
 1.7172657e-001
 1.7364796e-001
 1.7582949e-001
 1.7820923e-001
 1.8072584e-001
 1.8331733e-001
 1.8592176e-001
 1.8847775e-001
 1.9092338e-001
 1.9319685e-001
 1.9523922e-001
 1.9703402e-001
 1.9859503e-001
 1.9993743e-001
 2.0107588e-001
 2.0202523e-001
 2.0280032e-001
 2.0341608e-001
 2.0388731e-001
 2.0422888e-001
 2.0445563e-001
 2.0458242e-001
 2.0462421e-001
 2.0459798e-001
 2.0452215e-001
 2.0441516e-001
 2.0429544e-001
 2.0418145e-001
 2.0409168e-001
 2.0404454e-001
 2.0405847e-001
 2.0415196e-001
 2.0434344e-001
 2.0465137e-001
 2.0509273e-001
 2.0566387e-001
 2.0634548e-001
 2.0711789e-001
 2.0796156e-001
 2.0885675e-001
 2.0978373e-001
 2.1072307e-001
 2.1165498e-001
 2.1255974e-001
 2.1341786e-001
 2.1420965e-001
 2.1491672e-001
 2.1554019e-001
 2.1609592e-001
 2.1660011e-001
 2.1706901e-001
 2.1751879e-001
 2.1796560e-001
 2.1842569e-001
 2.1891528e-001
 2.1945053e-001
 2.2004770e-001
 2.2072296e-001
 2.2149159e-001
 2.2235519e-001
 2.2330509e-001
 2.2433214e-001
 2.2542743e-001
 2.2658190e-001
 2.2778644e-001
 2.2903191e-001
 2.3030956e-001
 2.3161004e-001
 2.3292461e-001
 2.3424406e-001
 2.3555963e-001
 2.3686603e-001
 2.3816112e-001
 2.3944251e-001
 2.4070783e-001
 2.4195495e-001
 2.4318156e-001
 2.4438520e-001
 2.4556385e-001
 2.4671505e-001
 2.4783649e-001
 2.4892603e-001
 2.4998161e-001
 2.5100601e-001
 2.5200570e-001
 2.5298733e-001
 2.5395742e-001
 2.5492266e-001
 2.5588959e-001
 2.5686482e-001
 2.5785479e-001
 2.5886631e-001
 2.5990576e-001
 2.6097995e-001
 2.6209494e-001
 2.6325011e-001
 2.6443949e-001
 2.6565731e-001
 2.6689729e-001
 2.6815367e-001
 2.6942027e-001
 2.7069113e-001
 2.7196023e-001
 2.7322137e-001
 2.7446875e-001
 2.7569640e-001
 2.7689862e-001
 2.7807686e-001
 2.7923805e-001
 2.8038916e-001
 2.8153741e-001
 2.8268999e-001
 2.8385386e-001
 2.8503612e-001
 2.8624392e-001
 2.8748420e-001
 2.8876415e-001
 2.9009095e-001
 2.9147062e-001
 2.9289216e-001
 2.9433122e-001
 2.9576290e-001
 2.9716268e-001
 2.9850549e-001
 2.9976684e-001
 3.0092180e-001
 3.0194560e-001
 3.0281341e-001
 3.0350053e-001
 3.0398217e-001
 3.0423597e-001
 3.0427805e-001
 3.0415565e-001
 3.0391696e-001
 3.0361012e-001
 3.0328327e-001
 3.0298448e-001
 3.0276200e-001
 3.0266386e-001
 3.0273834e-001
 3.0303344e-001
 3.0359733e-001
 3.0447522e-001
 3.0566329e-001
 3.0711788e-001
 3.0879417e-001
 3.1064725e-001
 3.1263232e-001
 3.1470495e-001
 3.1682009e-001
 3.1893289e-001
 3.2099861e-001
 3.2297221e-001
 3.2480916e-001
 3.2646671e-001
 3.2793397e-001
 3.2922679e-001
 3.3036160e-001
 3.3135486e-001
 3.3222330e-001
 3.3298329e-001
 3.3365148e-001
 3.3424431e-001
 3.3477828e-001
 3.3526993e-001
 3.3573589e-001
 3.3619210e-001
 3.3664766e-001
 3.3710560e-001
 3.3756876e-001
 3.3804005e-001
 3.3852237e-001
 3.3901861e-001
 3.3953169e-001
 3.4006447e-001
 3.4061980e-001
 3.4120068e-001
 3.4181014e-001
 3.4245238e-001
 3.4313190e-001
 3.4385291e-001
 3.4461978e-001
 3.4543687e-001
 3.4630847e-001
 3.4723902e-001
 3.4823290e-001
 3.4928823e-001
 3.5038298e-001
 3.5149106e-001
 3.5258612e-001
 3.5364214e-001
 3.5463306e-001
 3.5553256e-001
 3.5631451e-001
 3.5695279e-001
 3.5743213e-001
 3.5777384e-001
 3.5800645e-001
 3.5815862e-001
 3.5825899e-001
 3.5833630e-001
 3.5841906e-001
 3.5853598e-001
 3.5871568e-001
 3.5897699e-001
 3.5930586e-001
 3.5968152e-001
 3.6008301e-001
 3.6048964e-001
 3.6088052e-001
 3.6123487e-001
 3.6153182e-001
 3.6175057e-001
 3.6187905e-001
 3.6193460e-001
 3.6194071e-001
 3.6192086e-001
 3.6189869e-001
 3.6189750e-001
 3.6194092e-001
 3.6205241e-001
 3.6225545e-001
 3.6256495e-001
 3.6296666e-001
 3.6344010e-001
 3.6396489e-001
 3.6452061e-001
 3.6508688e-001
 3.6564329e-001
 3.6616942e-001
 3.6664483e-001
 3.6705145e-001
 3.6737880e-001
 3.6761817e-001
 3.6776078e-001
 3.6779797e-001
 3.6772087e-001
 3.6752084e-001
 3.6719114e-001
 3.6676201e-001
 3.6629635e-001
 3.6585790e-001
 3.6551046e-001
 3.6531791e-001
 3.6534089e-001
 3.6558193e-001
 3.6599284e-001
 3.6652359e-001
 3.6712414e-001
 3.6774454e-001
 3.6833632e-001
 3.6888346e-001
 3.6939803e-001
 3.6989316e-001
 3.7038186e-001
 3.7087724e-001
 3.7138999e-001
 3.7188658e-001
 3.7229434e-001
 3.7253955e-001
 3.7254801e-001
 3.7224588e-001
 3.7156546e-001
 3.7055886e-001
 3.6938435e-001
 3.6820364e-001
 3.6717877e-001
 3.6647177e-001
 3.6623609e-001
 3.6646655e-001
 3.6701614e-001
 3.6773291e-001
 3.6846501e-001
 3.6906040e-001
 3.6937380e-001
 3.6938685e-001
 3.6919490e-001
 3.6889738e-001
 3.6859354e-001
 3.6838293e-001
 3.6835936e-001
 3.6851171e-001
 3.6873400e-001
 3.6891720e-001
 3.6895195e-001
 3.6872908e-001
 3.6814675e-001
 3.6724740e-001
 3.6620387e-001
 3.6519361e-001
 3.6439395e-001
 3.6398247e-001
 3.6412698e-001
 3.6480552e-001
 3.6582384e-001
 3.6698163e-001
 3.6807862e-001
 3.6891431e-001
 3.6929697e-001
 3.6920789e-001
 3.6878574e-001
 3.6817509e-001
 3.6752033e-001
 3.6696607e-001
 3.6664993e-001
 3.6657420e-001
 3.6661676e-001
 3.6665127e-001
 3.6655101e-001
 3.6618966e-001
 3.6544868e-001
 3.6437401e-001
 3.6316249e-001
 3.6201644e-001
 3.6113843e-001
 3.6073077e-001
 3.6098561e-001
 3.6188740e-001
 3.6322826e-001
 3.6479366e-001
 3.6636844e-001
 3.6773810e-001
 3.6869463e-001
 3.6917269e-001
 3.6923930e-001
 3.6896655e-001
 3.6842641e-001
 3.6769095e-001
 3.6683136e-001
 3.6590397e-001
 3.6495095e-001
 3.6401409e-001
 3.6313501e-001
 3.6235473e-001
 3.6169416e-001
 3.6114946e-001
 3.6071548e-001
 3.6038682e-001
 3.6015835e-001
 3.6002466e-001
 3.5998061e-001
 3.6002091e-001
 3.6013997e-001
 3.6032504e-001
 3.6055404e-001
 3.6080444e-001
 3.6105371e-001
 3.6127934e-001
 3.6145875e-001
 3.6156940e-001
 3.6158878e-001
 3.6149484e-001
 3.6128452e-001
 3.6097786e-001
 3.6059642e-001
 3.6016169e-001
 3.5969526e-001
 3.5921860e-001
 3.5875323e-001
 3.5832077e-001
 3.5794234e-001
 3.5762993e-001
 3.5738364e-001
 3.5720286e-001
 3.5708702e-001
 3.5703558e-001
 3.5704792e-001
 3.5712352e-001
 3.5726181e-001
 3.5746184e-001
 3.5771343e-001
 3.5799423e-001
 3.5828128e-001
 3.5855156e-001
 3.5878208e-001
 3.5894990e-001
 3.5903198e-001
 3.5900542e-001
 3.5884768e-001
 3.5855722e-001
 3.5815865e-001
 3.5767797e-001
 3.5714155e-001
 3.5657552e-001
 3.5600603e-001
 3.5545930e-001
 3.5496166e-001
 3.5453871e-001
 3.5420218e-001
 3.5394555e-001
 3.5376137e-001
 3.5364211e-001
 3.5358021e-001
 3.5356808e-001
 3.5359827e-001
 3.5366309e-001
 3.5375521e-001
 3.5387000e-001
 3.5400662e-001
 3.5416448e-001
 3.5434294e-001
 3.5454136e-001
 3.5475919e-001
 3.5499579e-001
 3.5525051e-001
 3.5552257e-001
 3.5580450e-001
 3.5608006e-001
 3.5633245e-001
 3.5654500e-001
 3.5670081e-001
 3.5678321e-001
 3.5677543e-001
 3.5666069e-001
 3.5642278e-001
 3.5606670e-001
 3.5562474e-001
 3.5513115e-001
 3.5461989e-001
 3.5412529e-001
 3.5368127e-001
 3.5332215e-001
 3.5308200e-001
 3.5299423e-001
 3.5306495e-001
 3.5326454e-001
 3.5356113e-001
 3.5392272e-001
 3.5431737e-001
 3.5471308e-001
 3.5507804e-001
 3.5538030e-001
 3.5558847e-001
 3.5569569e-001
 3.5572708e-001
 3.5570997e-001
 3.5567153e-001
 3.5563904e-001
 3.5563976e-001
 3.5570106e-001
 3.5585004e-001
 3.5611337e-001
 3.5648951e-001
 3.5694015e-001
 3.5742441e-001
 3.5790136e-001
 3.5833016e-001
 3.5866982e-001
 3.5887954e-001
 3.5893127e-001
 3.5886848e-001
 3.5875902e-001
 3.5867086e-001
 3.5867196e-001
 3.5883024e-001
 3.5919461e-001
 3.5970831e-001
 3.6027819e-001
 3.6081100e-001
 3.6121345e-001
 3.6139226e-001
 3.6127925e-001
 3.6094636e-001
 3.6051390e-001
 3.6010242e-001
 3.5983238e-001
 3.5982424e-001
 3.6017132e-001
 3.6081406e-001
 3.6163953e-001
 3.6253503e-001
 3.6338755e-001
 3.6408418e-001
 3.6453229e-001
 3.6475277e-001
 3.6480647e-001
 3.6475420e-001
 3.6465690e-001
 3.6457533e-001
 3.6456025e-001
 3.6460456e-001
 3.6468092e-001
 3.6476198e-001
 3.6482039e-001
 3.6482871e-001
 3.6476928e-001
 3.6467990e-001
 3.6461788e-001
 3.6464065e-001
 3.6480564e-001
 3.6517009e-001
 3.6577240e-001
 3.6654109e-001
 3.6736563e-001
 3.6813572e-001
 3.6874077e-001
 3.6907029e-001
 3.6904022e-001
 3.6871889e-001
 3.6822885e-001
 3.6769295e-001
 3.6723378e-001
 3.6697417e-001
 3.6701414e-001
 3.6732250e-001
 3.6782095e-001
 3.6843097e-001
 3.6907431e-001
 3.6967248e-001
 3.7016037e-001
 3.7055069e-001
 3.7088370e-001
 3.7120008e-001
 3.7154034e-001
 3.7194508e-001
 3.7244549e-001
 3.7301931e-001
 3.7362459e-001
 3.7421930e-001
 3.7476164e-001
 3.7520969e-001
 3.7552881e-001
 3.7572837e-001
 3.7583351e-001
 3.7586954e-001
 3.7586156e-001
 3.7583488e-001
 3.7581465e-001
 3.7582529e-001
 3.7589109e-001
 3.7603632e-001
 3.7628531e-001
 3.7666234e-001
 3.7718433e-001
 3.7782454e-001
 3.7854052e-001
 3.7928954e-001
 3.8002872e-001
 3.8071570e-001
 3.8131204e-001
 3.8180575e-001
 3.8219467e-001
 3.8247651e-001
 3.8264906e-001
 3.8271019e-001
 3.8266376e-001
 3.8255140e-001
 3.8242859e-001
 3.8235077e-001
 3.8237351e-001
 3.8255227e-001
 3.8293043e-001
 3.8347802e-001
 3.8413796e-001
 3.8485286e-001
 3.8556534e-001
 3.8621834e-001
 3.8676512e-001
 3.8722435e-001
 3.8763905e-001
 3.8805234e-001
 3.8850716e-001
 3.8904679e-001
 3.8970563e-001
 3.9046609e-001
 3.9129108e-001
 3.9214328e-001
 3.9298528e-001
 3.9378011e-001
 3.9449355e-001
 3.9511132e-001
 3.9562652e-001
 3.9603245e-001
 3.9632216e-001
 3.9648899e-001
 3.9653462e-001
 3.9651462e-001
 3.9650473e-001
 3.9658090e-001
 3.9681900e-001
 3.9729479e-001
 3.9806518e-001
 3.9906853e-001
 4.0019789e-001
 4.0134645e-001
 4.0240723e-001
 4.0327317e-001
 4.0385789e-001
 4.0420207e-001
 4.0439525e-001
 4.0452728e-001
 4.0468785e-001
 4.0496659e-001
 4.0543541e-001
 4.0605390e-001
 4.0673846e-001
 4.0740505e-001
 4.0797028e-001
 4.0834993e-001
 4.0848187e-001
 4.0843809e-001
 4.0834290e-001
 4.0832058e-001
 4.0849552e-001
 4.0899229e-001
 4.0990910e-001
 4.1118160e-001
 4.1268113e-001
 4.1427884e-001
 4.1584694e-001
 4.1725573e-001
 4.1839114e-001
 4.1922495e-001
 4.1976342e-001
 4.2001280e-001
 4.1997939e-001
 4.1966939e-001
 4.1910332e-001
 4.1839102e-001
 4.1767779e-001
 4.1710916e-001
 4.1683036e-001
 4.1698694e-001
 4.1769063e-001
 4.1883707e-001
 4.2023644e-001
 4.2169851e-001
 4.2303303e-001
 4.2405060e-001
 4.2459893e-001
 4.2477626e-001
 4.2477927e-001
 4.2480502e-001
 4.2505077e-001
 4.2571330e-001
 4.2694852e-001
 4.2864200e-001
 4.3057173e-001
 4.3251535e-001
 4.3425021e-001
 4.3555480e-001
 4.3624607e-001
 4.3640512e-001
 4.3621758e-001
 4.3586975e-001
 4.3554771e-001
 4.3543771e-001
 4.3569583e-001
 4.3628040e-001
 4.3707058e-001
 4.3794492e-001
 4.3878195e-001
 4.3946066e-001
 4.3988201e-001
 4.4009763e-001
 4.4021955e-001
 4.4035995e-001
 4.4063115e-001
 4.4114539e-001
 4.4199288e-001
 4.4311506e-001
 4.4439408e-001
 4.4571140e-001
 4.4694826e-001
 4.4798690e-001
 4.4872710e-001
 4.4919685e-001
 4.4947544e-001
 4.4964245e-001
 4.4977742e-001
 4.4995990e-001
 4.5026010e-001
 4.5068380e-001
 4.5121080e-001
 4.5182079e-001
 4.5249316e-001
 4.5320800e-001
 4.5394775e-001
 4.5471945e-001
 4.5553848e-001
 4.5642132e-001
 4.5738390e-001
 4.5844203e-001
 4.5960534e-001
 4.6083403e-001
 4.6207002e-001
 4.6325418e-001
 4.6432769e-001
 4.6523169e-001
 4.6592075e-001
 4.6644232e-001
 4.6688169e-001
 4.6732473e-001
 4.6785712e-001
 4.6856439e-001
 4.6951520e-001
 4.7065663e-001
 4.7188681e-001
 4.7310263e-001
 4.7420132e-001
 4.7508019e-001
 4.7565648e-001
 4.7598678e-001
 4.7618547e-001
 4.7636753e-001
 4.7664776e-001
 4.7714096e-001
 4.7793958e-001
 4.7897768e-001
 4.8012370e-001
 4.8124522e-001
 4.8220983e-001
 4.8288542e-001
 4.8316592e-001
 4.8312837e-001
 4.8292756e-001
 4.8271847e-001
 4.8265630e-001
 4.8289594e-001
 4.8356453e-001
 4.8459259e-001
 4.8582780e-001
 4.8711601e-001
 4.8830464e-001
 4.8924014e-001
 4.8979664e-001
 4.9004233e-001
 4.9012807e-001
 4.9020529e-001
 4.9042541e-001
 4.9093980e-001
 4.9187458e-001
 4.9317741e-001
 4.9471998e-001
 4.9637178e-001
 4.9800435e-001
 4.9948803e-001
 5.0070924e-001
 5.0166911e-001
 5.0241673e-001
 5.0300264e-001
 5.0347674e-001
 5.0388908e-001
 5.0428575e-001
 5.0468475e-001
 5.0509220e-001
 5.0551349e-001
 5.0595480e-001
 5.0642169e-001
 5.0691986e-001
 5.0745451e-001
 5.0802982e-001
 5.0865072e-001
 5.0932133e-001
 5.1004666e-001
 5.1083112e-001
 5.1167971e-001
 5.1259816e-001
 5.1359117e-001
 5.1466447e-001
 5.1582336e-001
 5.1706845e-001
 5.1836783e-001
 5.1967502e-001
 5.2094424e-001
 5.2212816e-001
 5.2318096e-001
 5.2405894e-001
 5.2473843e-001
 5.2520525e-001
 5.2544487e-001
 5.2544290e-001
 5.2518481e-001
 5.2466851e-001
 5.2398050e-001
 5.2324700e-001
 5.2259427e-001
 5.2214891e-001
 5.2203709e-001
 5.2236664e-001
 5.2310795e-001
 5.2417034e-001
 5.2546173e-001
 5.2689153e-001
 5.2836800e-001
 5.2980697e-001
 5.3117657e-001
 5.3246826e-001
 5.3367472e-001
 5.3478664e-001
 5.3579670e-001
 5.3669679e-001
 5.3748226e-001
 5.3814942e-001
 5.3869474e-001
 5.3911495e-001
 5.3940618e-001
 5.3957295e-001
 5.3967708e-001
 5.3980696e-001
 5.4005110e-001
 5.4049754e-001
 5.4123515e-001
 5.4233360e-001
 5.4372305e-001
 5.4526973e-001
 5.4683912e-001
 5.4829812e-001
 5.4951155e-001
 5.5036479e-001
 5.5088431e-001
 5.5116183e-001
 5.5128950e-001
 5.5135930e-001
 5.5146348e-001
 5.5168223e-001
 5.5200565e-001
 5.5238217e-001
 5.5276000e-001
 5.5308759e-001
 5.5331308e-001
 5.5339855e-001
 5.5341166e-001
 5.5346859e-001
 5.5368632e-001
 5.5418134e-001
 5.5507064e-001
 5.5644387e-001
 5.5818766e-001
 5.6009305e-001
 5.6195015e-001
 5.6355083e-001
 5.6468433e-001
 5.6517285e-001
 5.6507468e-001
 5.6455940e-001
 5.6379712e-001
 5.6295818e-001
 5.6221235e-001
 5.6171232e-001
 5.6146932e-001
 5.6142950e-001
 5.6153786e-001
 5.6174040e-001
 5.6198210e-001
 5.6221533e-001
 5.6244469e-001
 5.6269944e-001
 5.6300914e-001
 5.6340319e-001
 5.6391126e-001
 5.6455582e-001
 5.6530648e-001
 5.6610739e-001
 5.6690216e-001
 5.6763536e-001
 5.6825042e-001
 5.6869513e-001
 5.6894475e-001
 5.6898808e-001
 5.6881368e-001
 5.6841046e-001
 5.6776679e-001
 5.6688499e-001
 5.6586927e-001
 5.6487381e-001
 5.6405324e-001
 5.6356168e-001
 5.6355351e-001
 5.6415784e-001
 5.6529897e-001
 5.6680447e-001
 5.6850010e-001
 5.7021201e-001
 5.7176715e-001
 5.7300639e-001
 5.7390010e-001
 5.7447886e-001
 5.7477403e-001
 5.7481688e-001
 5.7463902e-001
 5.7427645e-001
 5.7380641e-001
 5.7332498e-001
 5.7292879e-001
 5.7271445e-001
 5.7277858e-001
 5.7319963e-001
 5.7391089e-001
 5.7477403e-001
 5.7565069e-001
 5.7640219e-001
 5.7688993e-001
 5.7699829e-001
 5.7679749e-001
 5.7644898e-001
 5.7611471e-001
 5.7595694e-001
 5.7613456e-001
 5.7665861e-001
 5.7733083e-001
 5.7793617e-001
 5.7826072e-001
 5.7810247e-001
 5.7747865e-001
 5.7659024e-001
 5.7564521e-001
 5.7485020e-001
 5.7439286e-001
 5.7429665e-001
 5.7450390e-001
 5.7495624e-001
 5.7559544e-001
 5.7635671e-001
 5.7714790e-001
 5.7786882e-001
 5.7841909e-001
 5.7869887e-001
 5.7865995e-001
 5.7838386e-001
 5.7797164e-001
 5.7752454e-001
 5.7714283e-001
 5.7688361e-001
 5.7674116e-001
 5.7670516e-001
 5.7676518e-001
 5.7691091e-001
 5.7713544e-001
 5.7743466e-001
 5.7780439e-001
 5.7824063e-001
 5.7873744e-001
 5.7927203e-001
 5.7981336e-001
 5.8033007e-001
 5.8079135e-001
 5.8116710e-001
 5.8143353e-001
 5.8156860e-001
 5.8155018e-001
 5.8135623e-001
 5.8098924e-001
 5.8051318e-001
 5.8000273e-001
 5.7953137e-001
 5.7917261e-001
 5.7895619e-001
 5.7884836e-001
 5.7881063e-001
 5.7880396e-001
 5.7879090e-001
 5.7875395e-001
 5.7869369e-001
 5.7861131e-001
 5.7850778e-001
 5.7838804e-001
 5.7829070e-001
 5.7827187e-001
 5.7838756e-001
 5.7869411e-001
 5.7921642e-001
 5.7983661e-001
 5.8039445e-001
 5.8072996e-001
 5.8068323e-001
 5.8018506e-001
 5.7939953e-001
 5.7852888e-001
 5.7777441e-001
 5.7733607e-001
 5.7730478e-001
 5.7760882e-001
 5.7816309e-001
 5.7888258e-001
 5.7968163e-001
 5.8047134e-001
 5.8115870e-001
 5.8165067e-001
 5.8185446e-001
 5.8169276e-001
 5.8123016e-001
 5.8060491e-001
 5.7995605e-001
 5.7942277e-001
 5.7911932e-001
 5.7904291e-001
 5.7915598e-001
 5.7942098e-001
 5.7980043e-001
 5.8025664e-001
 5.8075517e-001
 5.8126259e-001
 5.8174658e-001
 5.8217436e-001
 5.8251315e-001
 5.8273160e-001
 5.8282375e-001
 5.8280689e-001
 5.8269888e-001
 5.8251774e-001
 5.8228153e-001
 5.8200735e-001
 5.8169812e-001
 5.8134371e-001
 5.8093339e-001
 5.8045667e-001
 5.7990277e-001
 5.7926291e-001
 5.7856262e-001
 5.7785779e-001
 5.7720661e-001
 5.7666647e-001
 5.7629490e-001
 5.7614636e-001
 5.7621425e-001
 5.7643563e-001
 5.7674575e-001
 5.7707942e-001
 5.7737219e-001
 5.7756191e-001
 5.7764488e-001
 5.7767069e-001
 5.7769102e-001
 5.7775766e-001
 5.7792199e-001
 5.7823241e-001
 5.7866651e-001
 5.7913721e-001
 5.7955515e-001
 5.7983065e-001
 5.7987422e-001
 5.7960111e-001
 5.7902306e-001
 5.7824075e-001
 5.7735878e-001
 5.7648128e-001
 5.7571250e-001
 5.7515335e-001
 5.7483363e-001
 5.7471716e-001
 5.7476532e-001
 5.7493937e-001
 5.7520056e-001
 5.7551032e-001
 5.7583082e-001
 5.7612532e-001
 5.7635695e-001
 5.7648879e-001
 5.7648408e-001
 5.7630849e-001
 5.7598007e-001
 5.7556611e-001
 5.7513529e-001
 5.7475710e-001
 5.7450020e-001
 5.7443100e-001
 5.7455826e-001
 5.7483619e-001
 5.7521701e-001
 5.7565314e-001
 5.7609642e-001
 5.7650048e-001
 5.7684290e-001
 5.7712418e-001
 5.7734609e-001
 5.7750976e-001
 5.7761699e-001
 5.7766992e-001
 5.7769156e-001
 5.7772350e-001
 5.7780850e-001
 5.7798922e-001
 5.7830822e-001
 5.7880485e-001
 5.7944900e-001
 5.8014381e-001
 5.8079040e-001
 5.8128893e-001
 5.8154047e-001
 5.8145034e-001
 5.8103067e-001
 5.8039492e-001
 5.7966101e-001
 5.7894641e-001
 5.7836926e-001
 5.7804292e-001
 5.7798958e-001
 5.7814384e-001
 5.7843637e-001
 5.7879800e-001
 5.7915974e-001
 5.7945371e-001
 5.7964855e-001
 5.7974720e-001
 5.7975435e-001
 5.7967424e-001
 5.7951182e-001
 5.7927144e-001
 5.7896012e-001
 5.7858741e-001
 5.7816291e-001
 5.7769608e-001
 5.7719636e-001
 5.7667351e-001
 5.7613683e-001
 5.7559717e-001
 5.7507038e-001
 5.7457304e-001
 5.7412243e-001
 5.7373512e-001
 5.7342821e-001
 5.7321846e-001
 5.7312286e-001
 5.7315814e-001
 5.7333291e-001
 5.7362086e-001
 5.7398826e-001
 5.7440066e-001
 5.7482421e-001
 5.7522464e-001
 5.7556772e-001
 5.7581949e-001
 5.7594562e-001
 5.7592553e-001
 5.7579136e-001
 5.7558835e-001
 5.7536197e-001
 5.7515740e-001
 5.7502002e-001
 5.7499510e-001
 5.7512802e-001
 5.7546389e-001
 5.7602715e-001
 5.7675850e-001
 5.7757711e-001
 5.7840288e-001
 5.7915556e-001
 5.7975447e-001
 5.8011943e-001
 5.8016998e-001
 5.7982576e-001
 5.7903790e-001
 5.7788420e-001
 5.7647419e-001
 5.7491773e-001
 5.7332343e-001
 5.7180202e-001
 5.7046211e-001
 5.6941366e-001
 5.6876618e-001
 5.6859773e-001
 5.6886023e-001
 5.6947362e-001
 5.7035702e-001
 5.7143074e-001
 5.7261443e-001
 5.7382739e-001
 5.7499021e-001
 5.7602173e-001
 5.7685804e-001
 5.7749927e-001
 5.7796162e-001
 5.7826185e-001
 5.7841641e-001
 5.7844192e-001
 5.7835484e-001
 5.7817167e-001
 5.7790893e-001
 5.7758480e-001
 5.7722330e-001
 5.7685035e-001
 5.7649153e-001
 5.7617259e-001
 5.7591945e-001
 5.7575774e-001
 5.7571316e-001
 5.7581168e-001
 5.7606572e-001
 5.7643384e-001
 5.7686061e-001
 5.7729024e-001
 5.7766759e-001
 5.7793671e-001
 5.7804227e-001
 5.7792860e-001
 5.7754028e-001
 5.7684821e-001
 5.7593405e-001
 5.7490778e-001
 5.7388061e-001
 5.7296240e-001
 5.7226366e-001
 5.7189488e-001
 5.7196653e-001
 5.7258886e-001
 5.7381064e-001
 5.7541776e-001
 5.7712954e-001
 5.7866377e-001
 5.7973856e-001
 5.8009022e-001
 5.7973486e-001
 5.7891542e-001
 5.7788098e-001
 5.7688123e-001
 5.7616526e-001
 5.7596797e-001
 5.7628906e-001
 5.7693756e-001
 5.7771742e-001
 5.7843184e-001
 5.7888472e-001
 5.7889050e-001
 5.7843912e-001
 5.7766289e-001
 5.7669950e-001
 5.7568532e-001
 5.7475710e-001
 5.7404804e-001
 5.7362038e-001
 5.7347977e-001
 5.7363003e-001
 5.7407469e-001
 5.7481754e-001
 5.7585853e-001
 5.7712466e-001
 5.7848555e-001
 5.7980746e-001
 5.8095795e-001
 5.8180457e-001
 5.8222109e-001
 5.8220768e-001
 5.8186704e-001
 5.8130467e-001
 5.8062690e-001
 5.7993913e-001
 5.7934368e-001
 5.7888573e-001
 5.7856202e-001
 5.7836843e-001
 5.7830030e-001
 5.7835346e-001
 5.7852221e-001
 5.7877904e-001
 5.7907808e-001
 5.7937306e-001
 5.7961756e-001
 5.7976538e-001
 5.7977396e-001
 5.7966644e-001
 5.7952070e-001
 5.7941633e-001
 5.7943296e-001
 5.7965022e-001
 5.8014154e-001
 5.8087599e-001
 5.8173424e-001
 5.8259511e-001
 5.8333653e-001
 5.8383697e-001
 5.8398300e-001
 5.8379841e-001
 5.8342338e-001
 5.8300179e-001
 5.8267730e-001
 5.8259380e-001
 5.8288616e-001
 5.8353764e-001
 5.8440185e-001
 5.8532947e-001
 5.8617002e-001
 5.8677393e-001
 5.8699894e-001
 5.8683473e-001
 5.8638418e-001
 5.8575362e-001
 5.8504909e-001
 5.8437729e-001
 5.8384055e-001
 5.8348012e-001
 5.8328468e-001
 5.8324087e-001
 5.8333552e-001
 5.8355558e-001
 5.8388728e-001
 5.8430874e-001
 5.8479118e-001
 5.8530533e-001
 5.8582234e-001
 5.8631259e-001
 5.8674741e-001
 5.8710098e-001
 5.8734918e-001
 5.8746874e-001
 5.8743602e-001
 5.8722746e-001
 5.8682477e-001
 5.8630031e-001
 5.8580506e-001
 5.8549333e-001
 5.8551872e-001
 5.8603507e-001
 5.8718348e-001
 5.8887905e-001
 5.9083784e-001
 5.9277147e-001
 5.9438908e-001
 5.9540224e-001
 5.9553629e-001
 5.9480202e-001
 5.9345692e-001
 5.9176850e-001
 5.9000248e-001
 5.8842653e-001
 5.8729768e-001
 5.8670855e-001
 5.8660769e-001
 5.8693808e-001
 5.8764273e-001
 5.8866525e-001
 5.8994579e-001
 5.9138119e-001
 5.9283018e-001
 5.9414804e-001
 5.9519225e-001
 5.9581858e-001
 5.9589273e-001
 5.9544230e-001
 5.9463865e-001
 5.9365803e-001
 5.9267730e-001
 5.9187233e-001
 5.9141290e-001
 5.9133434e-001
 5.9155333e-001
 5.9198242e-001
 5.9253442e-001
 5.9312135e-001
 5.9365869e-001
 5.9410816e-001
 5.9447384e-001
 5.9476125e-001
 5.9497571e-001
 5.9512269e-001
 5.9520769e-001
 5.9523606e-001
 5.9521455e-001
 5.9515393e-001
 5.9506607e-001
 5.9496278e-001
 5.9485573e-001
 5.9475684e-001
 5.9467793e-001
 5.9463066e-001
 5.9462684e-001
 5.9467673e-001
 5.9478426e-001
 5.9495223e-001
 5.9518313e-001
 5.9547979e-001
 5.9584504e-001
 5.9628123e-001
 5.9679157e-001
 5.9737819e-001
 5.9804136e-001
 5.9877163e-001
 5.9955657e-001
 6.0038477e-001
 6.0124379e-001
 6.0212237e-001
 6.0300791e-001
 6.0388887e-001
 6.0475367e-001
 6.0558552e-001
 6.0635346e-001
 6.0702211e-001
 6.0755658e-001
 6.0792208e-001
 6.0808349e-001
 6.0800570e-001
 6.0765398e-001
 6.0699308e-001
 6.0601342e-001
 6.0479605e-001
 6.0344267e-001
 6.0205609e-001
 6.0073745e-001
 5.9958982e-001
 5.9871465e-001
 5.9821385e-001
 5.9818977e-001
 5.9870696e-001
 5.9969145e-001
 6.0103869e-001
 6.0264248e-001
 6.0439801e-001
 6.0620081e-001
 6.0794443e-001
 6.0952473e-001
 6.1083531e-001
 6.1180037e-001
 6.1244702e-001
 6.1282778e-001
 6.1299485e-001
 6.1300021e-001
 6.1289608e-001
 6.1273474e-001
 6.1256814e-001
 6.1244839e-001
 6.1241513e-001
 6.1246026e-001
 6.1256456e-001
 6.1270922e-001
 6.1287493e-001
 6.1304271e-001
 6.1319357e-001
 6.1330831e-001
 6.1336786e-001
 6.1336148e-001
 6.1330903e-001
 6.1323774e-001
 6.1317497e-001
 6.1314768e-001
 6.1318326e-001
 6.1330897e-001
 6.1355180e-001
 6.1393917e-001
 6.1448842e-001
 6.1517906e-001
 6.1598247e-001
 6.1686891e-001
 6.1780995e-001
 6.1877567e-001
 6.1973757e-001
 6.2066668e-001
 6.2153333e-001
 6.2230915e-001
 6.2296528e-001
 6.2349606e-001
 6.2391675e-001
 6.2424308e-001
 6.2449110e-001
 6.2467676e-001
 6.2481612e-001
 6.2492502e-001
 6.2501949e-001
 6.2511545e-001
 6.2522894e-001
 6.2537593e-001
 6.2557179e-001
 6.2582141e-001
 6.2611932e-001
 6.2645930e-001
 6.2683553e-001
 6.2724185e-001
 6.2767249e-001
 6.2812120e-001
 6.2858212e-001
 6.2904948e-001
 6.2951690e-001
 6.2997872e-001
 6.3042879e-001
 6.3086420e-001
 6.3128501e-001
 6.3169068e-001
 6.3208139e-001
 6.3245684e-001
 6.3281715e-001
 6.3316184e-001
 6.3349110e-001
 6.3380486e-001
 6.3410276e-001
 6.3438499e-001
 6.3465124e-001
 6.3490433e-001
 6.3514888e-001
 6.3539004e-001
 6.3563293e-001
 6.3588256e-001
 6.3614392e-001
 6.3642198e-001
 6.3672185e-001
 6.3704872e-001
 6.3740742e-001
 6.3780302e-001
 6.3824040e-001
 6.3871849e-001
 6.3923019e-001
 6.3976836e-001
 6.4032614e-001
 6.4089596e-001
 6.4147109e-001
 6.4204383e-001
 6.4288390e-001
 6.4440531e-001
 6.4555985e-001
 6.4633369e-001
 6.4688438e-001
 6.4737689e-001
 6.4797628e-001
 6.4884228e-001
 6.5001357e-001
 6.5140778e-001
 6.5293831e-001
 6.5451765e-001
 6.5605968e-001
 6.5748847e-001
 6.5873975e-001
 6.5974921e-001
 6.6045302e-001
 6.6079235e-001
 6.6083020e-001
 6.6074884e-001
 6.6073549e-001
 6.6097718e-001
 6.6166133e-001
 6.6291058e-001
 6.6459697e-001
 6.6653252e-001
 6.6852838e-001
 6.7039669e-001
 6.7194855e-001
 6.7305028e-001
 6.7377681e-001
 6.7425358e-001
 6.7460597e-001
 6.7495942e-001
 6.7543924e-001
 6.7617089e-001
 6.7723703e-001
 6.7855716e-001
 6.8001217e-001
 6.8148243e-001
 6.8284905e-001
 6.8399256e-001
 6.8479377e-001
 6.8513346e-001
 6.8494004e-001
 6.8432301e-001
 6.8343383e-001
 6.8242449e-001
 6.8144649e-001
 6.8065190e-001
 6.8019211e-001
 6.8021911e-001
 6.8083364e-001
 6.8194783e-001
 6.8342876e-001
 6.8514454e-001
 6.8696231e-001
 6.8875003e-001
 6.9037503e-001
 6.9170523e-001
 6.9264168e-001
 6.9321018e-001
 6.9346529e-001
 6.9346124e-001
 6.9325244e-001
 6.9289339e-001
 6.9243848e-001
 6.9194198e-001
 6.9145840e-001
 6.9104218e-001
 6.9074762e-001
 6.9062918e-001
 6.9072431e-001
 6.9100863e-001
 6.9144392e-001
 6.9199193e-001
 6.9261444e-001
 6.9327319e-001
 6.9392973e-001
 6.9454616e-001
 6.9508392e-001
 6.9550502e-001
 6.9577092e-001
 6.9584352e-001
 6.9569868e-001
 6.9536233e-001
 6.9487184e-001
 6.9426441e-001
 6.9357735e-001
 6.9284785e-001
 6.9211316e-001
 6.9141060e-001
 6.9077748e-001
 6.9025087e-001
 6.8986821e-001
 6.8965364e-001
 6.8958592e-001
 6.8963385e-001
 6.8976587e-001
 6.8995088e-001
 6.9015759e-001
 6.9035453e-001
 6.9051045e-001
 6.9059408e-001
 6.9057417e-001
 6.9042599e-001
 6.9014853e-001
 6.8974549e-001
 6.8922096e-001
 6.8857855e-001
 6.8782240e-001
 6.8695611e-001
 6.8598384e-001
 6.8490916e-001
 6.8373632e-001
 6.8247557e-001
 6.8116140e-001
 6.7983270e-001
 6.7852879e-001
 6.7728829e-001
 6.7615086e-001
 6.7515516e-001
 6.7434043e-001
 6.7374581e-001
 6.7341030e-001
 6.7335391e-001
 6.7353231e-001
 6.7388719e-001
 6.7436069e-001
 6.7489475e-001
 6.7543131e-001
 6.7591220e-001
 6.7627978e-001
 6.7647547e-001
 6.7646056e-001
 6.7625856e-001
 6.7590666e-001
 6.7544150e-001
 6.7490017e-001
 6.7431951e-001
 6.7373645e-001
 6.7318773e-001
 6.7269814e-001
 6.7225081e-001
 6.7182118e-001
 6.7138416e-001
 6.7091471e-001
 6.7038804e-001
 6.6977930e-001
 6.6906345e-001
 6.6823190e-001
 6.6732943e-001
 6.6641140e-001
 6.6553366e-001
 6.6475135e-001
 6.6412038e-001
 6.6369599e-001
 6.6353387e-001
 6.6365266e-001
 6.6395235e-001
 6.6430908e-001
 6.6459870e-001
 6.6469771e-001
 6.6448188e-001
 6.6382754e-001
 6.6266811e-001
 6.6112167e-001
 6.5934181e-001
 6.5748352e-001
 6.5570045e-001
 6.5414727e-001
 6.5293014e-001
 6.5200454e-001
 6.5129590e-001
 6.5072942e-001
 6.5023071e-001
 6.4972502e-001
 6.4916074e-001
 6.4855802e-001
 6.4795136e-001
 6.4737499e-001
 6.4686334e-001
 6.4645070e-001
 6.4615571e-001
 6.4594787e-001
 6.4578706e-001
 6.4563340e-001
 6.4544672e-001
 6.4518702e-001
 6.4483219e-001
 6.4441538e-001
 6.4398068e-001
 6.4357203e-001
 6.4323312e-001
 6.4300805e-001
 6.4291537e-001
 6.4289618e-001
 6.4287657e-001
 6.4278293e-001
 6.4254123e-001
 6.4207780e-001
 6.4135635e-001
 6.4045393e-001
 6.3946927e-001
 6.3850141e-001
 6.3764912e-001
 6.3701093e-001
 6.3664579e-001
 6.3649124e-001
 6.3646269e-001
 6.3647497e-001
 6.3644332e-001
 6.3628280e-001
 6.3593334e-001
 6.3540930e-001
 6.3473880e-001
 6.3395011e-001
 6.3307101e-001
 6.3213009e-001
 6.3116431e-001
 6.3023746e-001
 6.2941843e-001
 6.2877578e-001
 6.2837851e-001
 6.2828624e-001
 6.2842351e-001
 6.2861186e-001
 6.2867010e-001
 6.2841707e-001
 6.2768584e-001
 6.2651646e-001
 6.2510735e-001
 6.2366015e-001
 6.2237656e-001
 6.2144721e-001
 6.2089890e-001
 6.2063485e-001
 6.2055510e-001
 6.2055969e-001
 6.2055242e-001
 6.2049097e-001
 6.2037307e-001
 6.2019783e-001
 6.1996400e-001
 6.1967224e-001
 6.1934870e-001
 6.1903840e-001
 6.1878663e-001
 6.1863911e-001
 6.1863619e-001
 6.1874944e-001
 6.1889929e-001
 6.1900449e-001
 6.1898434e-001
 6.1876345e-001
 6.1834711e-001
 6.1779952e-001
 6.1718667e-001
 6.1657441e-001
 6.1602610e-001
 6.1557466e-001
 6.1523092e-001
 6.1500466e-001
 6.1490577e-001
 6.1494148e-001
 6.1507893e-001
 6.1525613e-001
 6.1541075e-001
 6.1548001e-001
 6.1540639e-001
 6.1520153e-001
 6.1492664e-001
 6.1464405e-001
 6.1441630e-001
 6.1429965e-001
 6.1426681e-001
 6.1423051e-001
 6.1410207e-001
 6.1379284e-001
 6.1322552e-001
 6.1247599e-001
 6.1172897e-001
 6.1117196e-001
 6.1099249e-001
 6.1135858e-001
 6.1218363e-001
 6.1320013e-001
 6.1413604e-001
 6.1471969e-001
 6.1470205e-001
 6.1412889e-001
 6.1325538e-001
 6.1234063e-001
 6.1164355e-001
 6.1140263e-001
 6.1158305e-001
 6.1195797e-001
 6.1229694e-001
 6.1236924e-001
 6.1196595e-001
 6.1116076e-001
 6.1022413e-001
 6.0943067e-001
 6.0905492e-001
 6.0934460e-001
 6.1020029e-001
 6.1128205e-001
 6.1224538e-001
 6.1274540e-001
 6.1246884e-001
 6.1150408e-001
 6.1021608e-001
 6.0897529e-001
 6.0815287e-001
 6.0808957e-001
 6.0875547e-001
 6.0986656e-001
 6.1113298e-001
 6.1226588e-001
 6.1299527e-001
 6.1329323e-001
 6.1329687e-001
 6.1314631e-001
 6.1298180e-001
 6.1293548e-001
 6.1303896e-001
 6.1325544e-001
 6.1354721e-001
 6.1387646e-001
 6.1420661e-001
 6.1451578e-001
 6.1479217e-001
 6.1502427e-001
 6.1520034e-001
 6.1531115e-001
 6.1537528e-001
 6.1543018e-001
 6.1551374e-001
 6.1566365e-001
 6.1591333e-001
 6.1624467e-001
 6.1660504e-001
 6.1694157e-001
 6.1720073e-001
 6.1733502e-001
 6.1736208e-001
 6.1734235e-001
 6.1733747e-001
 6.1740875e-001
 6.1761045e-001
 6.1791182e-001
 6.1822623e-001
 6.1846566e-001
 6.1854255e-001
 6.1837775e-001
 6.1799228e-001
 6.1747301e-001
 6.1690724e-001
 6.1638302e-001
 6.1598390e-001
 6.1574781e-001
 6.1568278e-001
 6.1579627e-001
 6.1609566e-001
 6.1658585e-001
 6.1723787e-001
 6.1800152e-001
 6.1882639e-001
 6.1966193e-001
 6.2045866e-001
 6.2118316e-001
 6.2181157e-001
 6.2232077e-001
 6.2268651e-001
 6.2288892e-001
 6.2294269e-001
 6.2288547e-001
 6.2275511e-001
 6.2258953e-001
 6.2242413e-001
 6.2226564e-001
 6.2210268e-001
 6.2192363e-001
 6.2171704e-001
 6.2147492e-001
 6.2123203e-001
 6.2105024e-001
 6.2099135e-001
 6.2111765e-001
 6.2148505e-001
 6.2208062e-001
 6.2284875e-001
 6.2373310e-001
 6.2467724e-001
 6.2562782e-001
 6.2655735e-001
 6.2745613e-001
 6.2831455e-001
 6.2912309e-001
 6.2987059e-001
 6.3053715e-001
 6.3109642e-001
 6.3152188e-001
 6.3178706e-001
 6.3186866e-001
 6.3177669e-001
 6.3154155e-001
 6.3119388e-001
 6.3076448e-001
 6.3028902e-001
 6.2985498e-001
 6.2958187e-001
 6.2958968e-001
 6.2999815e-001
 6.3090944e-001
 6.3223326e-001
 6.3376206e-001
 6.3528746e-001
 6.3660097e-001
 6.3751036e-001
 6.3799733e-001
 6.3814825e-001
 6.3805121e-001
 6.3779414e-001
 6.3746536e-001
 6.3715833e-001
 6.3696945e-001
 6.3699484e-001
 6.3733125e-001
 6.3805604e-001
 6.3905305e-001
 6.4009029e-001
 6.4093447e-001
 6.4135200e-001
 6.4114219e-001
 6.4044052e-001
 6.3958156e-001
 6.3890249e-001
 6.3874072e-001
 6.3939238e-001
 6.4073354e-001
 6.4239389e-001
 6.4399880e-001
 6.4517480e-001
 6.4558804e-001
 6.4531231e-001
 6.4465976e-001
 6.4394534e-001
 6.4348394e-001
 6.4356047e-001
 6.4415604e-001
 6.4507496e-001
 6.4611971e-001
 6.4709276e-001
 6.4781207e-001
 6.4824855e-001
 6.4846265e-001
 6.4851558e-001
 6.4846867e-001
 6.4838201e-001
 6.4830506e-001
 6.4828104e-001
 6.4835346e-001
 6.4856541e-001
 6.4895517e-001
 6.4951128e-001
 6.5019405e-001
 6.5096360e-001
 6.5177959e-001
 6.5260148e-001
 6.5338135e-001
 6.5406781e-001
 6.5460873e-001
 6.5495241e-001
 6.5505695e-001
 6.5497464e-001
 6.5481138e-001
 6.5467334e-001
 6.5466696e-001
 6.5488541e-001
 6.5529746e-001
 6.5580177e-001
 6.5629649e-001
 6.5667975e-001
 6.5686214e-001
 6.5687478e-001
 6.5681589e-001
 6.5678412e-001
 6.5687841e-001
 6.5718454e-001
 6.5766633e-001
 6.5821999e-001
 6.5874124e-001
 6.5912557e-001
 6.5928209e-001
 6.5924937e-001
 6.5913683e-001
 6.5905416e-001
 6.5911168e-001
 6.5940392e-001
 6.5988225e-001
 6.6041976e-001
 6.6088867e-001
 6.6116130e-001
 6.6112626e-001
 6.6082317e-001
 6.6037327e-001
 6.5989870e-001
 6.5952176e-001
 6.5935677e-001
 6.5944868e-001
 6.5980482e-001
 6.6043198e-001
 6.6133714e-001
 6.6251940e-001
 6.6390091e-001
 6.6536486e-001
 6.6679305e-001
 6.6806823e-001
 6.6908383e-001
 6.6984230e-001
 6.7040348e-001
 6.7082769e-001
 6.7117518e-001
 6.7150128e-001
 6.7181784e-001
 6.7211396e-001
 6.7237818e-001
 6.7259926e-001
 6.7276579e-001
 6.7286593e-001
 6.7288774e-001
 6.7281926e-001
 6.7264837e-001
 6.7237049e-001
 6.7204732e-001
 6.7177528e-001
 6.7165095e-001
 6.7177081e-001
 6.7221481e-001
 6.7291528e-001
 6.7372811e-001
 6.7450863e-001
 6.7511225e-001
 6.7540908e-001
 6.7539930e-001
 6.7515004e-001
 6.7472863e-001
 6.7420274e-001
 6.7363989e-001
 6.7310935e-001
 6.7268038e-001
 6.7242259e-001
 6.7240548e-001
 6.7267698e-001
 6.7309952e-001
 6.7344177e-001
 6.7347103e-001
 6.7295486e-001
 6.7169821e-001
 6.6982073e-001
 6.6760206e-001
 6.6532207e-001
 6.6326243e-001
 6.6168803e-001
 6.6073567e-001
 6.6047806e-001
 6.6098726e-001
 6.6233522e-001
 6.6455966e-001
 6.6741294e-001
 6.7050189e-001
 6.7343479e-001
 6.7581898e-001
 6.7731768e-001
 6.7805439e-001
 6.7838293e-001
 6.7865807e-001
 6.7923468e-001
 6.8041724e-001
 6.8208957e-001
 6.8392998e-001
 6.8561459e-001
 6.8682009e-001
 6.8726170e-001
 6.8697971e-001
 6.8617278e-001
 6.8504012e-001
 6.8378216e-001
 6.8259078e-001
 6.8159747e-001
 6.8090415e-001
 6.8061262e-001
 6.8082482e-001
 6.8160677e-001
 6.8273741e-001
 6.8385750e-001
 6.8460560e-001
 6.8462145e-001
 6.8360686e-001
 6.8176419e-001
 6.7953813e-001
 6.7737353e-001
 6.7571551e-001
 6.7495137e-001
 6.7500675e-001
 6.7558706e-001
 6.7639631e-001
 6.7713839e-001
 6.7754734e-001
 6.7759234e-001
 6.7735499e-001
 6.7691725e-001
 6.7636096e-001
 6.7574549e-001
 6.7495060e-001
 6.7377138e-001
 6.7200208e-001
 6.6943812e-001
 6.6589868e-001
 6.6139311e-001
 6.5602058e-001
 6.4987868e-001
 6.4306986e-001
 6.3570803e-001
 6.2803084e-001
 6.2033129e-001
 6.1290807e-001
 6.0605443e-001
 6.0005283e-001
 5.9508926e-001
 5.9130865e-001
 5.8885205e-001
 5.8786196e-001
 5.8844483e-001
 5.9043574e-001
 5.9354287e-001
 5.9747493e-001
 6.0194057e-001
 6.0666847e-001
 6.1152846e-001
 6.1645949e-001
 6.2139946e-001
 6.2628806e-001
 6.3106829e-001
 6.3574064e-001
 6.4032936e-001
 6.4485854e-001
 6.4935327e-001
 6.5382260e-001
 6.5818113e-001
 6.6229838e-001
 6.6604459e-001
 6.6928738e-001
 6.7191589e-001
 6.7395681e-001
 6.7549914e-001
 6.7663127e-001
 6.7744273e-001
 6.7802858e-001
 6.7852950e-001
 6.7910546e-001
 6.7991698e-001
 6.8112475e-001
 6.8285620e-001
 6.8500006e-001
 6.8733782e-001
 6.8965155e-001
 6.9172353e-001
 6.9336593e-001
 6.9460762e-001
 6.9557405e-001
 6.9639069e-001
 6.9718337e-001
 6.9806206e-001
 6.9903105e-001
 7.0004737e-001
 7.0106828e-001
 7.0205092e-001
 7.0295435e-001
 7.0375592e-001
 7.0444036e-001
 7.0499247e-001
 7.0539665e-001
 7.0564622e-001
 7.0579350e-001
 7.0591593e-001
 7.0609152e-001
 7.0639777e-001
 7.0689827e-001
 7.0755404e-001
 7.0828277e-001
 7.0900160e-001
 7.0962799e-001
 7.1008974e-001
 7.1038741e-001
 7.1055198e-001
 7.1061504e-001
 7.1060789e-001
 7.1056187e-001
 7.1050811e-001
 7.1047759e-001
 7.1050131e-001
 7.1061039e-001
 7.1083581e-001
 7.1120870e-001
 7.1176076e-001
 7.1252322e-001
 7.1352774e-001
 7.1478361e-001
 7.1615273e-001
 7.1743500e-001
 7.1843064e-001
 7.1893877e-001
 7.1879876e-001
 7.1811557e-001
 7.1710378e-001
 7.1597916e-001
 7.1495676e-001
 7.1422547e-001
 7.1379596e-001
 7.1360594e-001
 7.1359283e-001
 7.1369380e-001
 7.1385127e-001
 7.1404040e-001
 7.1424961e-001
 7.1446747e-001
 7.1468258e-001
 7.1488518e-001
 7.1507597e-001
 7.1525991e-001
 7.1544224e-001
 7.1562803e-001
 7.1582228e-001
 7.1602911e-001
 7.1625108e-001
 7.1649075e-001
 7.1675068e-001
 7.1703327e-001
 7.1734089e-001
 7.1766675e-001
 7.1798980e-001
 7.1828806e-001
 7.1853924e-001
 7.1872151e-001
 7.1881318e-001
 7.1882290e-001
 7.1880507e-001
 7.1881783e-001
 7.1891940e-001
 7.1916777e-001
 7.1962005e-001
 7.2026694e-001
 7.2100025e-001
 7.2170377e-001
 7.2226089e-001
 7.2255516e-001
 7.2247207e-001
 7.2199464e-001
 7.2125137e-001
 7.2038245e-001
 7.1952808e-001
 7.1882838e-001
 7.1842235e-001
 7.1836805e-001
 7.1860492e-001
 7.1906298e-001
 7.1967196e-001
 7.2036159e-001
 7.2106171e-001
 7.2170752e-001
 7.2226655e-001
 7.2271883e-001
 7.2304463e-001
 7.2322392e-001
 7.2323704e-001
 7.2306389e-001
 7.2269291e-001
 7.2216219e-001
 7.2152883e-001
 7.2085011e-001
 7.2018331e-001
 7.1958554e-001
 7.1911407e-001
 7.1881670e-001
 7.1868348e-001
 7.1868277e-001
 7.1878272e-001
 7.1895182e-001
 7.1915823e-001
 7.1937019e-001
 7.1956116e-001
 7.1973521e-001
 7.1990776e-001
 7.2009444e-001
 7.2031099e-001
 7.2057265e-001
 7.2089541e-001
 7.2128969e-001
 7.2173709e-001
 7.2220838e-001
 7.2267467e-001
 7.2310632e-001
 7.2347426e-001
 7.2374940e-001
 7.2390813e-001
 7.2396123e-001
 7.2393167e-001
 7.2384286e-001
 7.2371793e-001
 7.2358000e-001
 7.2345233e-001
 7.2335446e-001
 7.2328454e-001
 7.2323275e-001
 7.2318941e-001
 7.2314501e-001
 7.2308952e-001
 7.2301352e-001
 7.2291356e-001
 7.2282434e-001
 7.2279394e-001
 7.2287035e-001
 7.2310191e-001
 7.2353661e-001
 7.2422260e-001
 7.2518814e-001
 7.2634721e-001
 7.2757220e-001
 7.2873628e-001
 7.2971213e-001
 7.3037279e-001
 7.3059100e-001
 7.3027205e-001
 7.2950679e-001
 7.2845161e-001
 7.2726232e-001
 7.2609603e-001
 7.2510886e-001
 7.2445709e-001
 7.2426647e-001
 7.2449094e-001
 7.2502398e-001
 7.2575861e-001
 7.2658873e-001
 7.2740710e-001
 7.2810739e-001
 7.2860008e-001
 7.2889090e-001
 7.2901893e-001
 7.2902316e-001
 7.2894263e-001
 7.2881621e-001
 7.2868299e-001
 7.2857553e-001
 7.2849011e-001
 7.2841084e-001
 7.2832173e-001
 7.2820681e-001
 7.2805005e-001
 7.2783548e-001
 7.2755277e-001
 7.2722298e-001
 7.2687787e-001
 7.2654909e-001
 7.2626829e-001
 7.2606730e-001
 7.2597772e-001
 7.2602338e-001
 7.2618651e-001
 7.2643459e-001
 7.2673535e-001
 7.2705656e-001
 7.2736591e-001
 7.2763121e-001
 7.2782063e-001
 7.2792101e-001
 7.2794372e-001
 7.2790128e-001
 7.2780645e-001
 7.2767222e-001
 7.2751111e-001
 7.2733593e-001
 7.2715950e-001
 7.2699809e-001
 7.2687191e-001
 7.2680169e-001
 7.2680807e-001
 7.2691184e-001
 7.2713345e-001
 7.2749364e-001
 7.2801214e-001
 7.2867501e-001
 7.2942489e-001
 7.3020232e-001
 7.3094755e-001
 7.3160100e-001
 7.3210269e-001
 7.3239285e-001
 7.3241353e-001
 7.3215920e-001
 7.3169106e-001
 7.3107445e-001
 7.3037457e-001
 7.2965676e-001
 7.2898614e-001
 7.2842836e-001
 7.2804731e-001
 7.2786224e-001
 7.2783709e-001
 7.2793257e-001
 7.2810870e-001
 7.2832632e-001
 7.2854578e-001
 7.2872746e-001
 7.2883284e-001
 7.2885507e-001
 7.2882652e-001
 7.2878212e-001
 7.2875661e-001
 7.2878486e-001
 7.2890157e-001
 7.2914177e-001
 7.2953898e-001
 7.3009139e-001
 7.3075402e-001
 7.3147953e-001
 7.3221934e-001
 7.3292637e-001
 7.3355275e-001
 7.3405075e-001
 7.3437351e-001
 7.3449671e-001
 7.3442471e-001
 7.3416293e-001
 7.3371679e-001
 7.3309213e-001
 7.3229450e-001
 7.3132938e-001
 7.3020333e-001
 7.2896039e-001
 7.2768825e-001
 7.2647709e-001
 7.2541690e-001
 7.2459877e-001
 7.2411251e-001
 7.2404855e-001
 7.2449398e-001
 7.2542948e-001
 7.2670949e-001
 7.2818178e-001
 7.2969371e-001
 7.3109323e-001
 7.3222715e-001
 7.3294330e-001
 7.3309368e-001
 7.3266327e-001
 7.3179430e-001
 7.3063743e-001
 7.2934365e-001
 7.2806358e-001
 7.2694790e-001
 7.2614789e-001
 7.2581059e-001
 7.2597396e-001
 7.2654939e-001
 7.2744071e-001
 7.2855234e-001
 7.2978824e-001
 7.3105288e-001
 7.3224998e-001
 7.3328513e-001
 7.3410720e-001
 7.3471433e-001
 7.3510748e-001
 7.3528743e-001
 7.3525512e-001
 7.3501164e-001
 7.3455751e-001
 7.3389500e-001
 7.3305428e-001
 7.3209769e-001
 7.3108929e-001
 7.3009384e-001
 7.2917533e-001
 7.2839803e-001
 7.2782594e-001
 7.2752178e-001
 7.2749484e-001
 7.2769475e-001
 7.2806793e-001
 7.2856086e-001
 7.2911978e-001
 7.2969127e-001
 7.3022163e-001
 7.3065865e-001
 7.3098034e-001
 7.3120004e-001
 7.3133242e-001
 7.3139256e-001
 7.3139507e-001
 7.3135489e-001
 7.3128688e-001
 7.3120588e-001
 7.3112619e-001
 7.3105365e-001
 7.3098344e-001
 7.3091060e-001
 7.3083001e-001
 7.3073673e-001
 7.3062551e-001
 7.3049152e-001
 7.3032951e-001
 7.3013449e-001
 7.2990179e-001
 7.2963625e-001
 7.2935313e-001
 7.2906834e-001
 7.2879791e-001
 7.2855753e-001
 7.2836298e-001
 7.2823024e-001
 7.2817528e-001
 7.2821373e-001
 7.2836089e-001
 7.2861236e-001
 7.2894239e-001
 7.2932470e-001
 7.2973257e-001
 7.3013961e-001
 7.3051924e-001
 7.3084486e-001
 7.3108995e-001
 7.3122787e-001
 7.3123330e-001
 7.3110640e-001
 7.3087519e-001
 7.3056895e-001
 7.3021698e-001
 7.2984868e-001
 7.2949314e-001
 7.2917986e-001
 7.2893786e-001
 7.2879684e-001
 7.2878462e-001
 7.2890228e-001
 7.2912198e-001
 7.2941470e-001
 7.2975093e-001
 7.3010164e-001
 7.3043758e-001
 7.3072976e-001
 7.3094881e-001
 7.3106551e-001
 7.3105168e-001
 7.3090398e-001
 7.3064476e-001
 7.3029757e-001
 7.2988605e-001
 7.2943372e-001
 7.2896385e-001
 7.2850049e-001
 7.2806704e-001
 7.2768694e-001
 7.2738314e-001
 7.2716290e-001
 7.2701746e-001
 7.2693706e-001
 7.2691196e-001
 7.2693276e-001
 7.2698975e-001
 7.2707319e-001
 7.2717363e-001
 7.2728133e-001
 7.2738683e-001
 7.2748250e-001
 7.2756273e-001
 7.2762227e-001
 7.2765553e-001
 7.2765702e-001
 7.2762150e-001
 7.2754335e-001
 7.2741705e-001
 7.2723734e-001
 7.2699922e-001
 7.2670746e-001
 7.2637713e-001
 7.2602373e-001
 7.2566259e-001
 7.2530907e-001
 7.2497869e-001
 7.2468680e-001
 7.2444904e-001
 7.2428048e-001
 7.2419608e-001
 7.2419667e-001
 7.2426903e-001
 7.2439927e-001
 7.2457397e-001
 7.2477895e-001
 7.2500080e-001
 7.2522551e-001
 7.2543943e-001
 7.2562879e-001
 7.2578001e-001
 7.2588396e-001
 7.2593552e-001
 7.2592998e-001
 7.2586256e-001
 7.2572857e-001
 7.2552305e-001
 7.2524136e-001
 7.2487873e-001
 7.2443026e-001
 7.2389174e-001
 7.2326976e-001
 7.2258067e-001
 7.2184247e-001
 7.2107226e-001
 7.2028720e-001
 7.1950442e-001
 7.1874183e-001
 7.1801621e-001
 7.1734524e-001
 7.1674526e-001
 7.1622217e-001
 7.1577054e-001
 7.1538448e-001
 7.1505845e-001
 7.1478653e-001
 7.1456307e-001
 7.1438235e-001
 7.1423858e-001
 7.1412599e-001
 7.1403897e-001
 7.1397507e-001
 7.1393454e-001
 7.1391761e-001
 7.1392506e-001
 7.1395719e-001
 7.1401435e-001
 7.1409696e-001
 7.1420562e-001
 7.1434045e-001
 7.1450210e-001
 7.1468949e-001
 7.1490061e-001
 7.1513307e-001
 7.1538484e-001
 7.1565372e-001
 7.1593750e-001
 7.1623397e-001
 7.1654093e-001
 7.1685618e-001
 7.1717775e-001
 7.1750391e-001
 7.1783394e-001
 7.1816695e-001
 7.1850240e-001
 7.1883923e-001
 7.1917659e-001
 7.1951383e-001
 7.1985000e-001
 7.2018445e-001
 7.2051597e-001
 7.2083849e-001
 7.2114122e-001
 7.2141349e-001
 7.2164416e-001
 7.2182256e-001
 7.2193766e-001
 7.2197860e-001
 7.2193456e-001
 7.2179461e-001
 7.2154880e-001
 7.2120565e-001
 7.2078985e-001
 7.2032696e-001
 7.1984255e-001
 7.1936202e-001
 7.1891063e-001
 7.1851426e-001
 7.1819800e-001
 7.1798766e-001
 7.1790713e-001
 7.1795654e-001
 7.1811402e-001
 7.1835697e-001
 7.1866316e-001
 7.1900994e-001
 7.1937472e-001
 7.1973526e-001
 7.2006887e-001
 7.2035313e-001
 7.2056621e-001
 7.2069919e-001
 7.2075433e-001
 7.2073454e-001
 7.2064245e-001
 7.2048092e-001
 7.2025245e-001
 7.1996015e-001
 7.1960634e-001
 7.1919417e-001
 7.1872687e-001
 7.1822089e-001
 7.1770364e-001
 7.1720332e-001
 7.1674782e-001
 7.1636504e-001
 7.1608293e-001
 7.1592963e-001
 7.1593291e-001
 7.1612078e-001
 7.1651876e-001
 7.1711046e-001
 7.1784246e-001
 7.1866065e-001
 7.1951109e-001
 7.2033954e-001
 7.2109157e-001
 7.2171307e-001
 7.2214997e-001
 7.2234809e-001
 7.2225660e-001
 7.2188526e-001
 7.2129512e-001
 7.2054857e-001
 7.1970868e-001
 7.1883786e-001
 7.1799868e-001
 7.1725386e-001
 7.1666586e-001
 7.1629763e-001
 7.1620786e-001
 7.1639168e-001
 7.1679068e-001
 7.1734470e-001
 7.1799362e-001
 7.1867746e-001
 7.1933627e-001
 7.1990949e-001
 7.2033745e-001
 7.2055978e-001
 7.2052038e-001
 7.2022486e-001
 7.1973109e-001
 7.1909773e-001
 7.1838421e-001
 7.1764904e-001
 7.1695191e-001
 7.1635139e-001
 7.1590680e-001
 7.1567702e-001
 7.1571779e-001
 7.1602720e-001
 7.1655673e-001
 7.1725613e-001
 7.1807593e-001
 7.1896553e-001
 7.1987510e-001
 7.2075462e-001
 7.2155434e-001
 7.2222376e-001
 7.2271574e-001
 7.2302443e-001
 7.2317815e-001
 7.2320551e-001
 7.2313577e-001
 7.2299784e-001
 7.2282076e-001
 7.2263342e-001
 7.2246498e-001
 7.2234434e-001
 7.2229910e-001
 7.2233462e-001
 7.2243851e-001
 7.2259796e-001
 7.2279990e-001
 7.2303170e-001
 7.2328019e-001
 7.2353250e-001
 7.2377598e-001
 7.2399747e-001
 7.2418493e-001
 7.2433591e-001
 7.2445595e-001
 7.2455072e-001
 7.2462606e-001
 7.2468758e-001
 7.2474116e-001
 7.2479242e-001
 7.2484708e-001
 7.2491091e-001
 7.2498935e-001
 7.2508389e-001
 7.2519326e-001
 7.2531581e-001
 7.2544992e-001
 7.2559404e-001
 7.2574669e-001
 7.2590631e-001
 7.2607130e-001
 7.2624010e-001
 7.2641093e-001
 7.2657913e-001
 7.2673780e-001
 7.2687972e-001
 7.2699779e-001
 7.2708511e-001
 7.2713453e-001
 7.2713894e-001
 7.2709149e-001
 7.2698480e-001
 7.2681290e-001
 7.2658038e-001
 7.2630048e-001
 7.2598654e-001
 7.2565180e-001
 7.2531003e-001
 7.2497439e-001
 7.2465825e-001
 7.2437507e-001
 7.2413832e-001
 7.2396016e-001
 7.2383559e-001
 7.2374690e-001
 7.2367591e-001
 7.2360468e-001
 7.2351485e-001
 7.2338855e-001
 7.2320753e-001
 7.2295368e-001
 7.2260886e-001
 7.2215664e-001
 7.2160095e-001
 7.2096181e-001
 7.2025907e-001
 7.1951294e-001
 7.1874315e-001
 7.1797031e-001
 7.1721417e-001
 7.1649492e-001
 7.1583247e-001
 7.1524549e-001
 7.1473211e-001
 7.1427500e-001
 7.1385670e-001
 7.1345925e-001
 7.1306574e-001
 7.1265811e-001
 7.1221906e-001
 7.1173090e-001
 7.1117616e-001
 7.1053851e-001
 7.0981586e-001
 7.0901722e-001
 7.0815200e-001
 7.0722908e-001
 7.0625758e-001
 7.0524687e-001
 7.0420551e-001
 7.0314342e-001
 7.0206934e-001
 7.0099223e-001
 6.9991839e-001
 6.9885296e-001
 6.9780040e-001
 6.9676548e-001
 6.9575250e-001
 6.9476670e-001
 6.9381243e-001
 6.9289452e-001
 6.9201738e-001
 6.9118404e-001
 6.9037431e-001
 6.8955123e-001
 6.8867767e-001
 6.8771619e-001
 6.8662977e-001
 6.8538141e-001
 6.8393362e-001
 6.8224907e-001
 6.8029112e-001
 6.7802107e-001
 6.7538577e-001
 6.7232162e-001
 6.6876382e-001
 6.6465014e-001
 6.5991604e-001
 6.5449762e-001
 6.4832950e-001
 6.4135081e-001
 6.3349617e-001
 6.2471634e-001
 6.1514503e-001
 6.0505086e-001
 5.9469831e-001
 5.8435398e-001
 5.7428443e-001
 5.6475419e-001
 5.5603445e-001
 5.4838938e-001
 5.4208571e-001
 5.3737289e-001
 5.3429949e-001
 5.3277147e-001
 5.3269333e-001
 5.3397000e-001
 5.3650534e-001
 5.4020399e-001
 5.4497039e-001
 5.5071056e-001
 5.5732626e-001
 5.6471711e-001
 5.7270604e-001
 5.8106518e-001
 5.8956754e-001
 5.9798038e-001
 6.0607678e-001
 6.1362779e-001
 6.2040615e-001
 6.2617970e-001
 6.3072121e-001
 6.3381755e-001
 6.3544452e-001
 6.3570309e-001
 6.3469791e-001
 6.3253278e-001
 6.2931174e-001
 6.2513769e-001
 6.2011653e-001
 6.1435133e-001
 6.0794622e-001
 6.0101026e-001
 5.9374142e-001
 5.8638787e-001
 5.7920009e-001
 5.7242715e-001
 5.6632298e-001
 5.6113636e-001
 5.5711806e-001
 5.5451852e-001
 5.5358845e-001
 5.5455369e-001
 5.5734384e-001
 5.6169689e-001
 5.6734914e-001
 5.7403249e-001
 5.8148289e-001
 5.8943522e-001
 5.9762603e-001
 6.0578620e-001
 6.1365247e-001
 6.2097514e-001
 6.2768656e-001
 6.3383055e-001
 6.3945729e-001
 6.4461553e-001
 6.4935386e-001
 6.5372217e-001
 6.5776694e-001
 6.6153800e-001
 6.6508406e-001
 6.6844916e-001
 6.7161322e-001
 6.7451930e-001
 6.7710942e-001
 6.7932558e-001
 6.8110859e-001
 6.8240082e-001
 6.8314391e-001
 6.8327969e-001
 6.8274975e-001
 6.8150109e-001
 6.7953652e-001
 6.7689401e-001
 6.7361140e-001
 6.6972876e-001
 6.6528374e-001
 6.6031516e-001
 6.5486002e-001
 6.4895964e-001
 6.4265126e-001
 6.3598031e-001
 6.2906748e-001
 6.2207854e-001
 6.1518490e-001
 6.0855299e-001
 6.0235077e-001
 5.9674525e-001
 5.9190696e-001
 5.8800268e-001
 5.8520049e-001
 5.8364797e-001
 5.8327484e-001
 5.8387578e-001
 5.8524406e-001
 5.8717352e-001
 5.8945656e-001
 5.9188682e-001
 5.9425765e-001
 5.9636241e-001
 5.9799469e-001
 5.9896356e-001
 5.9925616e-001
 5.9896570e-001
 5.9818649e-001
 5.9701377e-001
 5.9554201e-001
 5.9386605e-001
 5.9207994e-001
 5.9027946e-001
 5.8855873e-001
 5.8700651e-001
 5.8564878e-001
 5.8447385e-001
 5.8347046e-001
 5.8262628e-001
 5.8192956e-001
 5.8136833e-001
 5.8093071e-001
 5.8060491e-001
 5.8037901e-001
 5.8023793e-001
 5.8013737e-001
 5.8001494e-001
 5.7980794e-001
 5.7945400e-001
 5.7889038e-001
 5.7805502e-001
 5.7688504e-001
 5.7531810e-001
 5.7329112e-001
 5.7074928e-001
 5.6770563e-001
 5.6421363e-001
 5.6032640e-001
 5.5609977e-001
 5.5158687e-001
 5.4684180e-001
 5.4191726e-001
 5.3686976e-001
 5.3175211e-001
 5.2662015e-001
 5.2154827e-001
 5.1662034e-001
 5.1192379e-001
 5.0754255e-001
 5.0356168e-001
 5.0006562e-001
 4.9714109e-001
 4.9487236e-001
 4.9334446e-001
 4.9263582e-001
 4.9276036e-001
 4.9369457e-001
 4.9541461e-001
 4.9789694e-001
 5.0111866e-001
 5.0505447e-001
 5.0968146e-001
 5.1497579e-001
 5.2091527e-001
 5.2746558e-001
 5.3451997e-001
 5.4192793e-001
 5.4953992e-001
 5.5720121e-001
 5.6476247e-001
 5.7207257e-001
 5.7898015e-001
 5.8533567e-001
 5.9098494e-001
 5.9579271e-001
 5.9976125e-001
 6.0296971e-001
 6.0549605e-001
 6.0742056e-001
 6.0882276e-001
 6.0978222e-001
 6.1037791e-001
 6.1068964e-001
 6.1079675e-001
 6.1077869e-001
 6.1070997e-001
 6.1061829e-001
 6.1050606e-001
 6.1037529e-001
 6.1022782e-001
 6.1006594e-001
 6.0989153e-001
 6.0970658e-001
 6.0951322e-001
 6.0931355e-001
 6.0910946e-001
 6.0890305e-001
 6.0869628e-001
 6.0849130e-001
 6.0828990e-001
 6.0809129e-001
 6.0789376e-001
 6.0769522e-001
 6.0749394e-001
 6.0728794e-001
 6.0707533e-001
 6.0685420e-001
 6.0662276e-001
 6.0637891e-001
 6.0612088e-001
 6.0584670e-001
 6.0555446e-001
 6.0524231e-001
 6.0490841e-001
 6.0455078e-001
 6.0416734e-001
 6.0375649e-001
 6.0331649e-001
 6.0284740e-001
 6.0235012e-001
 6.0182631e-001
 6.0127687e-001
 6.0070288e-001
 6.0010540e-001
 5.9948593e-001
 5.9884536e-001
 5.9818494e-001
 5.9750563e-001
 5.9680867e-001
 5.9609532e-001
 5.9536672e-001
 5.9462386e-001
 5.9386790e-001
 5.9310007e-001
 5.9232163e-001
 5.9153360e-001
 5.9073687e-001
 5.8993304e-001
 5.8912301e-001
 5.8830810e-001
 5.8748960e-001
 5.8666998e-001
 5.8585072e-001
 5.8503371e-001
 5.8422107e-001
 5.8341414e-001
 5.8261544e-001
 5.8182651e-001
 5.8104932e-001
 5.8028555e-001
 5.7953745e-001
 5.7880652e-001
 5.7809496e-001
 5.7740420e-001
 5.7673669e-001
 5.7609397e-001
 5.7547796e-001
 5.7489055e-001
 5.7433349e-001
 5.7380891e-001
 5.7331854e-001
 5.7286429e-001
 5.7244802e-001
 5.7207161e-001
 5.7173687e-001
 5.7144552e-001
 5.7119644e-001
 5.7098752e-001
 5.7081658e-001
 5.7068121e-001
 5.7057935e-001
 5.7050866e-001
 5.7046700e-001
 5.7045203e-001
 5.7046169e-001
 5.7049370e-001
 5.7054573e-001
 5.7061571e-001
 5.7070118e-001
 5.7080019e-001
 5.7091039e-001
 5.7102960e-001
 5.7115537e-001
 5.7128578e-001
 5.7141846e-001
 5.7155114e-001
 5.7168174e-001
 5.7180792e-001
 5.7192743e-001
 5.7203811e-001
 5.7213777e-001
 5.7222414e-001
 5.7229495e-001
 5.7234794e-001
 5.7238108e-001
 5.7239223e-001
 5.7238162e-001
 5.7235014e-001
 5.7229900e-001
 5.7222933e-001
 5.7214218e-001
 5.7203859e-001
 5.7191968e-001
 5.7178658e-001
 5.7164031e-001
 5.7148194e-001
 5.7131267e-001
 5.7113361e-001
 5.7094562e-001
 5.7074988e-001
 5.7054764e-001
 5.7033992e-001
 5.7012773e-001
 5.6991208e-001
 5.6969422e-001
 5.6947523e-001
 5.6925619e-001
 5.6903809e-001
 5.6882209e-001
 5.6860918e-001
 5.6840062e-001
 5.6819743e-001
 5.6800067e-001
 5.6781137e-001
 5.6763083e-001
 5.6745994e-001
 5.6729972e-001
 5.6715131e-001
 5.6701458e-001
 5.6688869e-001
 5.6677318e-001
 5.6666726e-001
 5.6657040e-001
 5.6648183e-001
 5.6640100e-001
 5.6632733e-001
 5.6626004e-001
 5.6619853e-001
 5.6614220e-001
 5.6609035e-001
 5.6604230e-001
 5.6599754e-001
 5.6595522e-001
 5.6591481e-001
 5.6587577e-001
 5.6583732e-001
 5.6579888e-001
 5.6575978e-001
 5.6571937e-001
 5.6567699e-001
 5.6563199e-001
 5.6558377e-001
 5.6553167e-001
 5.6547493e-001
 5.6541306e-001
 5.6534541e-001
 5.6527132e-001
 5.6519002e-001
 5.6510103e-001
 5.6500387e-001
 5.6490004e-001
 5.6479168e-001
 5.6468129e-001
 5.6457090e-001
 5.6446290e-001
 5.6435955e-001
 5.6426305e-001
 5.6417567e-001
 5.6409985e-001
 5.6403756e-001
 5.6399131e-001
 5.6396329e-001
 5.6395566e-001
 5.6397080e-001
 5.6401098e-001
 5.6407839e-001
 5.6417537e-001
 5.6430405e-001
 5.6446689e-001
 5.6466609e-001
 5.6490386e-001
 5.6518239e-001
 5.6550419e-001
 5.6587136e-001
 5.6628609e-001
 5.6675071e-001
 5.6726754e-001
 5.6783891e-001
 5.6846690e-001
 5.6915385e-001
 5.6990206e-001
 5.7071286e-001
 5.7158023e-001
 5.7249534e-001
 5.7344967e-001
 5.7443452e-001
 5.7544059e-001
 5.7645947e-001
 5.7748222e-001
 5.7850021e-001
 5.7950485e-001
 5.8048671e-001
 5.8143741e-001
 5.8234823e-001
 5.8321041e-001
 5.8401489e-001
 5.8475298e-001
 5.8541596e-001
 5.8599520e-001
 5.8648157e-001
 5.8686650e-001
 5.8714116e-001
 5.8729672e-001
 5.8732456e-001
 5.8721566e-001
 5.8696139e-001
 5.8655292e-001
 5.8598137e-001
 5.8523816e-001
 5.8431447e-001
 5.8320135e-001
 5.8188987e-001
 5.8037174e-001
 5.7863945e-001
 5.7669532e-001
 5.7454520e-001
 5.7219642e-001
 5.6965476e-001
 5.6692654e-001
 5.6401819e-001
 5.6093508e-001
 5.5768520e-001
 5.5427396e-001
 5.5070794e-001
 5.4699230e-001
 5.4313523e-001
 5.3914219e-001
 5.3501946e-001
 5.3077233e-001
 5.2640921e-001
 5.2193534e-001
 5.1735705e-001
 5.1268077e-001
 5.0791150e-001
 5.0305796e-001
 4.9812534e-001
 4.9311984e-001
 4.8804665e-001
 4.8291451e-001
 4.7772846e-001
 4.7249493e-001
 4.6721894e-001
 4.6190926e-001
 4.5657104e-001
 4.5121053e-001
 4.4583499e-001
 4.4045597e-001
 4.3509114e-001
 4.2975423e-001
 4.2446029e-001
 4.1922313e-001
 4.1406038e-001
 4.0898570e-001
 4.0401423e-001
 3.9915985e-001
 3.9443994e-001
 3.8986838e-001
 3.8546020e-001
 3.8122952e-001
 3.7719333e-001
 3.7336573e-001
 3.6976171e-001
 3.6639634e-001
 3.6328399e-001
 3.6044112e-001
 3.5788211e-001
 3.5562199e-001
 3.5367534e-001
 3.5205817e-001
 3.5078499e-001
 3.4987089e-001
 3.4933078e-001
 3.4918010e-001
 3.4943366e-001
 3.5010645e-001
 3.5121360e-001
 3.5277057e-001
 3.5478631e-001
 3.5723931e-001
 3.6009607e-001
 3.6332372e-001
 3.6688715e-001
 3.7075356e-001
 3.7488928e-001
 3.7926191e-001
 3.8383570e-001
 3.8857809e-001
 3.9345551e-001
 3.9843437e-001
 4.0348226e-001
 4.0856329e-001
 4.1364497e-001
 4.1869384e-001
 4.2367736e-001
 4.2855963e-001
 4.3330827e-001
 4.3788967e-001
 4.4227129e-001
 4.4641742e-001
 4.5029566e-001
 4.5387226e-001
 4.5711377e-001
 4.5998719e-001
 4.6245757e-001
 4.6449205e-001
 4.6605706e-001
 4.6711925e-001
 4.6764445e-001
 4.6759942e-001
 4.6695709e-001
 4.6572712e-001
 4.6393326e-001
 4.6159849e-001
 4.5874599e-001
 4.5539808e-001
 4.5157957e-001
 4.4731295e-001
 4.4262132e-001
 4.3752795e-001
 4.3205464e-001
 4.2622718e-001
 4.2006752e-001
 4.1359884e-001
 4.0684271e-001
 3.9982554e-001
 3.9256889e-001
 3.8509601e-001
 3.7742820e-001
 3.6959237e-001
 3.6160982e-001
 3.5350379e-001
 3.4529749e-001
 3.3701205e-001
 3.2867470e-001
 3.2030660e-001
 3.1193095e-001
 3.0356899e-001
 2.9524785e-001
 2.8698879e-001
 2.7881491e-001
 2.7074754e-001
 2.6281118e-001
 2.5501046e-001
 2.4734733e-001
 2.3982361e-001
 2.3243947e-001
 2.2520031e-001
 2.1810621e-001
 2.1115911e-001
 2.0435922e-001
 1.9771166e-001
 1.9121669e-001
 1.8487623e-001
 1.7869064e-001
 1.7266478e-001
 1.6679904e-001
 1.6109528e-001
 1.5555407e-001
 1.5017995e-001
 1.4497346e-001
 1.3993649e-001
 1.3507089e-001
 1.3037744e-001
 1.2586029e-001
 1.2152016e-001
 1.1735893e-001
 1.1337756e-001
 1.0957980e-001
 1.0596658e-001
 1.0253978e-001
 9.9300526e-002
 9.6252248e-002
 9.3396015e-002
 9.0732798e-002
 8.8258699e-002
 8.5967749e-002
 8.3855607e-002
 8.1916250e-002
 8.0144227e-002
 7.8533709e-002
 7.7080026e-002
 7.5777330e-002
 7.4620172e-002
 7.3602863e-002
 7.2720446e-002
 7.1967207e-002
 7.1337707e-002
 7.0826493e-002
 7.0428029e-002
 7.0137061e-002
 6.9948025e-002
 6.9855474e-002
 6.9853976e-002
 6.9938071e-002
 7.0102304e-002
 7.0341229e-002
 7.0649467e-002
 7.1021423e-002
 7.1451724e-002
 7.1934901e-002
 7.2465673e-002
 7.3038287e-002
 7.3647462e-002
 7.4287720e-002
 7.4953616e-002
 7.5640753e-002
 7.6348655e-002
 7.7078685e-002
 7.7832058e-002
 7.8610212e-002
 7.9413950e-002
 8.0244698e-002
 8.1103668e-002
 8.1992283e-002
 8.2911350e-002
 8.3862290e-002
 8.4846318e-002
 8.5864656e-002
 8.6918756e-002
 8.8009365e-002
 8.9137934e-002
 9.0305656e-002
 9.1514081e-002
 9.2763819e-002
 9.4056398e-002
 9.5393002e-002
 9.6775204e-002
 9.8203570e-002
 9.9679619e-002
 1.0120457e-001
 1.0277966e-001
 1.0440649e-001
 1.0608550e-001
 1.0781828e-001
 1.0960606e-001
 1.1145051e-001
 1.1335196e-001
 1.1531176e-001
 1.1732959e-001
 1.1940517e-001
 1.2153680e-001
 1.2372419e-001
 1.2596661e-001
 1.2826326e-001
 1.3061403e-001
 1.3301702e-001
 1.3547201e-001
 1.3797832e-001
 1.4053573e-001
 1.4314230e-001
 1.4579792e-001
 1.4850183e-001
 1.5125391e-001
 1.5405215e-001
 1.5689640e-001
 1.5978594e-001
 1.6272072e-001
 1.6569859e-001
 1.6871950e-001
 1.7178269e-001
 1.7488743e-001
 1.7803369e-001
 1.8121929e-001
 1.8444414e-001
 1.8770757e-001
 1.9100957e-001
 1.9434784e-001
 1.9772241e-001
 2.0113252e-001
 2.0457774e-001
 2.0805286e-001
 2.1155438e-001
 2.1507804e-001
 2.1861957e-001
 2.2217560e-001
 2.2574010e-001
 2.2930969e-001
 2.3288009e-001
 2.3644787e-001
 2.4000709e-001
 2.4355428e-001
 2.4708524e-001
 2.5059649e-001
 2.5408211e-001
 2.5753865e-001
 2.6096189e-001
 2.6434749e-001
 2.6769200e-001
 2.7098957e-001
 2.7423674e-001
 2.7742922e-001
 2.8056350e-001
 2.8363380e-001
 2.8663662e-001
 2.8956768e-001
 2.9242343e-001
 2.9519814e-001
 2.9788834e-001
 3.0048972e-001
 3.0299857e-001
 3.0540946e-001
 3.0771983e-001
 3.0993161e-001
 3.1204805e-001
 3.1407273e-001
 3.1600803e-001
 3.1785762e-001
 3.1962478e-001
 3.2131308e-001
 3.2292500e-001
 3.2446417e-001
 3.2593378e-001
 3.2733744e-001
 3.2867771e-001
 3.2995814e-001
 3.3118197e-001
 3.3235249e-001
 3.3347306e-001
 3.3454654e-001
 3.3557630e-001
 3.3656564e-001
 3.3751801e-001
 3.3843619e-001
 3.3932358e-001
 3.4018353e-001
 3.4101939e-001
 3.4183401e-001
 3.4263080e-001
 3.4341308e-001
 3.4418395e-001
 3.4494695e-001
 3.4570485e-001
 3.4646115e-001
 3.4721851e-001
 3.4797761e-001
 3.4873807e-001
 3.4950003e-001
 3.5026345e-001
 3.5102838e-001
 3.5179451e-001
 3.5256189e-001
 3.5333058e-001
 3.5410056e-001
 3.5487145e-001
 3.5564348e-001
 3.5641649e-001
 3.5719052e-001
 3.5796562e-001
 3.5874140e-001
 3.5951805e-001
 3.6029544e-001
 3.6107370e-001
 3.6185250e-001
 3.6263192e-001
 3.6341184e-001
 3.6419252e-001
 3.6497343e-001
 3.6575475e-001
 3.6653644e-001
 3.6731845e-001
 3.6810085e-001
 3.6888334e-001
 3.6966598e-001
 3.7044868e-001
 3.7123165e-001
