splib07b Record=17402: Syngenite GDS139              BECKa AREF
-1.2300000e+034
-1.2300000e+034
-1.2300000e+034
-1.2300000e+034
-1.2300000e+034
-1.2300000e+034
-1.2300000e+034
-1.2300000e+034
-1.2300000e+034
-1.2300000e+034
-1.2300000e+034
-1.2300000e+034
-1.2300000e+034
-1.2300000e+034
-1.2300000e+034
-1.2300000e+034
-1.2300000e+034
-1.2300000e+034
-1.2300000e+034
-1.2300000e+034
-1.2300000e+034
-1.2300000e+034
-1.2300000e+034
-1.2300000e+034
 2.4979782e-001
 2.4979782e-001
 2.5169110e-001
 2.5358531e-001
 2.5548083e-001
 2.5737831e-001
 2.5927806e-001
 2.6118073e-001
 2.6308686e-001
 2.6499683e-001
 2.6691121e-001
 2.6883060e-001
 2.7075535e-001
 2.7268600e-001
 2.7462325e-001
 2.7656734e-001
 2.7851889e-001
 2.8047854e-001
 2.8244653e-001
 2.8442359e-001
 2.8641009e-001
 2.8840661e-001
 2.9041368e-001
 2.9243174e-001
 2.9446128e-001
 2.9650292e-001
 2.9855621e-001
 3.0062053e-001
 3.0269536e-001
 3.0477986e-001
 3.0687341e-001
 3.0897540e-001
 3.1108505e-001
 3.1320176e-001
 3.1532499e-001
 3.1745380e-001
 3.1958771e-001
 3.2172605e-001
 3.2386807e-001
 3.2601306e-001
 3.2816058e-001
 3.3030969e-001
 3.3245984e-001
 3.3461046e-001
 3.3676073e-001
 3.3891010e-001
 3.4105775e-001
 3.4320307e-001
 3.4534556e-001
 3.4748423e-001
 3.4961784e-001
 3.5174462e-001
 3.5386261e-001
 3.5597008e-001
 3.5806528e-001
 3.6014631e-001
 3.6221141e-001
 3.6425871e-001
 3.6628640e-001
 3.6829281e-001
 3.7027591e-001
 3.7223405e-001
 3.7416536e-001
 3.7606803e-001
 3.7794021e-001
 3.7978023e-001
 3.8158607e-001
 3.8335603e-001
 3.8508835e-001
 3.8678116e-001
 3.8843274e-001
 3.9004353e-001
 3.9161471e-001
 3.9314780e-001
 3.9464432e-001
 3.9610556e-001
 3.9753306e-001
 3.9892828e-001
 4.0029252e-001
 4.0162730e-001
 4.0293407e-001
 4.0421417e-001
 4.0546915e-001
 4.0670040e-001
 4.0790936e-001
 4.0909746e-001
 4.1026607e-001
 4.1141677e-001
 4.1255078e-001
 4.1366941e-001
 4.1477367e-001
 4.1586459e-001
 4.1694316e-001
 4.1801044e-001
 4.1906741e-001
 4.2011511e-001
 4.2115462e-001
 4.2218691e-001
 4.2321298e-001
 4.2423394e-001
 4.2525077e-001
 4.2626441e-001
 4.2727607e-001
 4.2828658e-001
 4.2929709e-001
 4.3030864e-001
 4.3132198e-001
 4.3233657e-001
 4.3335095e-001
 4.3436339e-001
 4.3537229e-001
 4.3637615e-001
 4.3737325e-001
 4.3836197e-001
 4.3934083e-001
 4.4030824e-001
 4.4126233e-001
 4.4220185e-001
 4.4312501e-001
 4.4403023e-001
 4.4491592e-001
 4.4578055e-001
 4.4662234e-001
 4.4744077e-001
 4.4823736e-001
 4.4901398e-001
 4.4977275e-001
 4.5051545e-001
 4.5124406e-001
 4.5196059e-001
 4.5266697e-001
 4.5336500e-001
 4.5405677e-001
 4.5474416e-001
 4.5542914e-001
 4.5611355e-001
 4.5679945e-001
 4.5748872e-001
 4.5818245e-001
 4.5887938e-001
 4.5957786e-001
 4.6027634e-001
 4.6097320e-001
 4.6166688e-001
 4.6235576e-001
 4.6303836e-001
 4.6371290e-001
 4.6437785e-001
 4.6503165e-001
 4.6567273e-001
 4.6629936e-001
 4.6691012e-001
 4.6750337e-001
 4.6807861e-001
 4.6863887e-001
 4.6918723e-001
 4.6972707e-001
 4.7026175e-001
 4.7079450e-001
 4.7132862e-001
 4.7186744e-001
 4.7241426e-001
 4.7297227e-001
 4.7354490e-001
 4.7413543e-001
 4.7474709e-001
 4.7538319e-001
 4.7604707e-001
 4.7674030e-001
 4.7746015e-001
 4.7820324e-001
 4.7896603e-001
 4.7974497e-001
 4.8053688e-001
 4.8133811e-001
 4.8214528e-001
 4.8295495e-001
 4.8376364e-001
 4.8456782e-001
 4.8536423e-001
 4.8614928e-001
 4.8691982e-001
 4.8767474e-001
 4.8841453e-001
 4.8913980e-001
 4.8985121e-001
 4.9054909e-001
 4.9123424e-001
 4.9190715e-001
 4.9256837e-001
 4.9321830e-001
 4.9385777e-001
 4.9448720e-001
 4.9510717e-001
 4.9572006e-001
 4.9632868e-001
 4.9693623e-001
 4.9754584e-001
 4.9816069e-001
 4.9878374e-001
 4.9941820e-001
 5.0006711e-001
 5.0073373e-001
 5.0142097e-001
 5.0213200e-001
 5.0286955e-001
 5.0363088e-001
 5.0440931e-001
 5.0519818e-001
 5.0599074e-001
 5.0678051e-001
 5.0756049e-001
 5.0832421e-001
 5.0906503e-001
 5.0977618e-001
 5.1045084e-001
 5.1108259e-001
 5.1166523e-001
 5.1220232e-001
 5.1270384e-001
 5.1318002e-001
 5.1364100e-001
 5.1409698e-001
 5.1455808e-001
 5.1503456e-001
 5.1553655e-001
 5.1607424e-001
 5.1665783e-001
 5.1729745e-001
 5.1800251e-001
 5.1876986e-001
 5.1958787e-001
 5.2044481e-001
 5.2132851e-001
 5.2222735e-001
 5.2312946e-001
 5.2402264e-001
 5.2489549e-001
 5.2573580e-001
 5.2653182e-001
 5.2727157e-001
 5.2794456e-001
 5.2855641e-001
 5.2912498e-001
 5.2966827e-001
 5.3020406e-001
 5.3075033e-001
 5.3132510e-001
 5.3194624e-001
 5.3263187e-001
 5.3339976e-001
 5.3426790e-001
 5.3525424e-001
 5.3637511e-001
 5.3762370e-001
 5.3897667e-001
 5.4041022e-001
 5.4190040e-001
 5.4342335e-001
 5.4495561e-001
 5.4647303e-001
 5.4795200e-001
 5.4936880e-001
 5.5069941e-001
 5.5192000e-001
 5.5300850e-001
 5.5396342e-001
 5.5479866e-001
 5.5552888e-001
 5.5616814e-001
 5.5673087e-001
 5.5723143e-001
 5.5768412e-001
 5.5810332e-001
 5.5850345e-001
 5.5889869e-001
 5.5930346e-001
 5.5973160e-001
 5.6018937e-001
 5.6067747e-001
 5.6119674e-001
 5.6174767e-001
 5.6233090e-001
 5.6294703e-001
 5.6359684e-001
 5.6428087e-001
 5.6499976e-001
 5.6575412e-001
 5.6654471e-001
 5.6737167e-001
 5.6823093e-001
 5.6911463e-001
 5.7001531e-001
 5.7092512e-001
 5.7183629e-001
 5.7274121e-001
 5.7363212e-001
 5.7450116e-001
 5.7534093e-001
 5.7614350e-001
 5.7690114e-001
 5.7760674e-001
 5.7826191e-001
 5.7887471e-001
 5.7945335e-001
 5.8000600e-001
 5.8054096e-001
 5.8106637e-001
 5.8159053e-001
 5.8212179e-001
 5.8266813e-001
 5.8323789e-001
 5.8383924e-001
 5.8448005e-001
 5.8515996e-001
 5.8587337e-001
 5.8661389e-001
 5.8737576e-001
 5.8815277e-001
 5.8893877e-001
 5.8972782e-001
 5.9051383e-001
 5.9129059e-001
 5.9205210e-001
 5.9279251e-001
 5.9350580e-001
 5.9419149e-001
 5.9485322e-001
 5.9549445e-001
 5.9611881e-001
 5.9672982e-001
 5.9733105e-001
 5.9792608e-001
 5.9851861e-001
 5.9911191e-001
 5.9970987e-001
 6.0031593e-001
 6.0093343e-001
 6.0156196e-001
 6.0219836e-001
 6.0283941e-001
 6.0348159e-001
 6.0412192e-001
 6.0475677e-001
 6.0538316e-001
 6.0599774e-001
 6.0659707e-001
 6.0717797e-001
 6.0773718e-001
 6.0827160e-001
 6.0878223e-001
 6.0927302e-001
 6.0974807e-001
 6.1021143e-001
 6.1066735e-001
 6.1111975e-001
 6.1157280e-001
 6.1203063e-001
 6.1249721e-001
 6.1297667e-001
 6.1347318e-001
 6.1399055e-001
 6.1452848e-001
 6.1508334e-001
 6.1565173e-001
 6.1623001e-001
 6.1681461e-001
 6.1740196e-001
 6.1798847e-001
 6.1857057e-001
 6.1914450e-001
 6.1970693e-001
 6.2025422e-001
 6.2078291e-001
 6.2129337e-001
 6.2178868e-001
 6.2227207e-001
 6.2274677e-001
 6.2321609e-001
 6.2368304e-001
 6.2415111e-001
 6.2462330e-001
 6.2510288e-001
 6.2559313e-001
 6.2609720e-001
 6.2661821e-001
 6.2715471e-001
 6.2770224e-001
 6.2825590e-001
 6.2881118e-001
 6.2936324e-001
 6.2990749e-001
 6.3043910e-001
 6.3095355e-001
 6.3144588e-001
 6.3191170e-001
 6.3234597e-001
 6.3274467e-001
 6.3310927e-001
 6.3344657e-001
 6.3376331e-001
 6.3406634e-001
 6.3436228e-001
 6.3465792e-001
 6.3496023e-001
 6.3527584e-001
 6.3561147e-001
 6.3597405e-001
 6.3637018e-001
 6.3680649e-001
 6.3728499e-001
 6.3780391e-001
 6.3836151e-001
 6.3895595e-001
 6.3958538e-001
 6.4024836e-001
 6.4094275e-001
 6.4166695e-001
 6.4241910e-001
 6.4319742e-001
 6.4399999e-001
 6.4482522e-001
 6.4566839e-001
 6.4652324e-001
 6.4738309e-001
 6.4824140e-001
 6.4909184e-001
 6.4992768e-001
 6.5074271e-001
 6.5153009e-001
 6.5228337e-001
 6.5299606e-001
 6.5366173e-001
 6.5427428e-001
 6.5483618e-001
 6.5535688e-001
 6.5584600e-001
 6.5631318e-001
 6.5676808e-001
 6.5722042e-001
 6.5767986e-001
 6.5815604e-001
 6.5865856e-001
 6.5919709e-001
 6.5977651e-001
 6.6038609e-001
 6.6101199e-001
 6.6164041e-001
 6.6225719e-001
 6.6284877e-001
 6.6340101e-001
 6.6390014e-001
 6.6433245e-001
 6.6468990e-001
 6.6498512e-001
 6.6523474e-001
 6.6545516e-001
 6.6566300e-001
 6.6587496e-001
 6.6610748e-001
 6.6637725e-001
 6.6670072e-001
 6.6708994e-001
 6.6754156e-001
 6.6804951e-001
 6.6860729e-001
 6.6920877e-001
 6.6984731e-001
 6.7051673e-001
 6.7121077e-001
 6.7192298e-001
 6.7264587e-001
 6.7336750e-001
 6.7407513e-001
 6.7475575e-001
 6.7539692e-001
 6.7598557e-001
 6.7650920e-001
 6.7695481e-001
 6.7730963e-001
 6.7756814e-001
 6.7774850e-001
 6.7787415e-001
 6.7796820e-001
 6.7805421e-001
 6.7815524e-001
 6.7829472e-001
 6.7849588e-001
 6.7878211e-001
 6.7916960e-001
 6.7965114e-001
 6.8021417e-001
 6.8084645e-001
 6.8153566e-001
 6.8226939e-001
 6.8303525e-001
 6.8382096e-001
 6.8461412e-001
 6.8540347e-001
 6.8618000e-001
 6.8693614e-001
 6.8766385e-001
 6.8835545e-001
 6.8900269e-001
 6.8959790e-001
 6.9013363e-001
 6.9061285e-001
 6.9104749e-001
 6.9144970e-001
 6.9183177e-001
 6.9220579e-001
 6.9258350e-001
 6.9296741e-001
 6.9335139e-001
 6.9372964e-001
 6.9409585e-001
 6.9444406e-001
 6.9476837e-001
 6.9507003e-001
 6.9535601e-001
 6.9563395e-001
 6.9591099e-001
 6.9619465e-001
 6.9649184e-001
 6.9680452e-001
 6.9713026e-001
 6.9746655e-001
 6.9781047e-001
 6.9815946e-001
 6.9851094e-001
 6.9886553e-001
 6.9922668e-001
 6.9959807e-001
 6.9998300e-001
 7.0038521e-001
 7.0080727e-001
 7.0123744e-001
 7.0165062e-001
 7.0202184e-001
 7.0232546e-001
 7.0253617e-001
 7.0263118e-001
 7.0263392e-001
 7.0260978e-001
 7.0262557e-001
 7.0274800e-001
 7.0304388e-001
 7.0357573e-001
 7.0432544e-001
 7.0520252e-001
 7.0611370e-001
 7.0696574e-001
 7.0766562e-001
 7.0812410e-001
 7.0833862e-001
 7.0838344e-001
 7.0833617e-001
 7.0827413e-001
 7.0827478e-001
 7.0841187e-001
 7.0868820e-001
 7.0904249e-001
 7.0941091e-001
 7.0972985e-001
 7.0993549e-001
 7.0996791e-001
 7.0984048e-001
 7.0963347e-001
 7.0943016e-001
 7.0931315e-001
 7.0936543e-001
 7.0966578e-001
 7.1021330e-001
 7.1093369e-001
 7.1175045e-001
 7.1258646e-001
 7.1336508e-001
 7.1401191e-001
 7.1450108e-001
 7.1485150e-001
 7.1508408e-001
 7.1521914e-001
 7.1527761e-001
 7.1528059e-001
 7.1526408e-001
 7.1527719e-001
 7.1536964e-001
 7.1559113e-001
 7.1599144e-001
 7.1661669e-001
 7.1744305e-001
 7.1838146e-001
 7.1934021e-001
 7.2022796e-001
 7.2095317e-001
 7.2142810e-001
 7.2164100e-001
 7.2165143e-001
 7.2152132e-001
 7.2131318e-001
 7.2108817e-001
 7.2088450e-001
 7.2071183e-001
 7.2057801e-001
 7.2049099e-001
 7.2045881e-001
 7.2048932e-001
 7.2059041e-001
 7.2077012e-001
 7.2103590e-001
 7.2138435e-001
 7.2179794e-001
 7.2225833e-001
 7.2274774e-001
 7.2324753e-001
 7.2373974e-001
 7.2420597e-001
 7.2462821e-001
 7.2498852e-001
 7.2528255e-001
 7.2552186e-001
 7.2571957e-001
 7.2588849e-001
 7.2604162e-001
 7.2619164e-001
 7.2635162e-001
 7.2653437e-001
 7.2675246e-001
 7.2700852e-001
 7.2729272e-001
 7.2759420e-001
 7.2790259e-001
 7.2820723e-001
 7.2849715e-001
 7.2876215e-001
 7.2899121e-001
 7.2917414e-001
 7.2931117e-001
 7.2941518e-001
 7.2950035e-001
 7.2958040e-001
 7.2966957e-001
 7.2978151e-001
 7.2993040e-001
 7.3013008e-001
 7.3039430e-001
 7.3072380e-001
 7.3110372e-001
 7.3151803e-001
 7.3195064e-001
 7.3238587e-001
 7.3280728e-001
 7.3319918e-001
 7.3354548e-001
 7.3383045e-001
 7.3405069e-001
 7.3421818e-001
 7.3434579e-001
 7.3444670e-001
 7.3453361e-001
 7.3461962e-001
 7.3471755e-001
 7.3484063e-001
 7.3500127e-001
 7.3520446e-001
 7.3544466e-001
 7.3571581e-001
 7.3601168e-001
 7.3632652e-001
 7.3665386e-001
 7.3698783e-001
 7.3732227e-001
 7.3765111e-001
 7.3797065e-001
 7.3827994e-001
 7.3857838e-001
 7.3886508e-001
 7.3913938e-001
 7.3940063e-001
 7.3964810e-001
 7.3988116e-001
 7.4009895e-001
 7.4030143e-001
 7.4048924e-001
 7.4066311e-001
 7.4082363e-001
 7.4097157e-001
 7.4110764e-001
 7.4123251e-001
 7.4134684e-001
 7.4145132e-001
 7.4155015e-001
 7.4165148e-001
 7.4176389e-001
 7.4189585e-001
 7.4205583e-001
 7.4225253e-001
 7.4249429e-001
 7.4278986e-001
 7.4314725e-001
 7.4356568e-001
 7.4403173e-001
 7.4453133e-001
 7.4505049e-001
 7.4557489e-001
 7.4609071e-001
 7.4658388e-001
 7.4703997e-001
 7.4744529e-001
 7.4779248e-001
 7.4808264e-001
 7.4831760e-001
 7.4849898e-001
 7.4862868e-001
 7.4870849e-001
 7.4873990e-001
 7.4872839e-001
 7.4869859e-001
 7.4868143e-001
 7.4870825e-001
 7.4881023e-001
 7.4901849e-001
 7.4935359e-001
 7.4977815e-001
 7.5023413e-001
 7.5066394e-001
 7.5100958e-001
 7.5121331e-001
 7.5123352e-001
 7.5111902e-001
 7.5095016e-001
 7.5080734e-001
 7.5077087e-001
 7.5092089e-001
 7.5131828e-001
 7.5191402e-001
 7.5262016e-001
 7.5334966e-001
 7.5401467e-001
 7.5452775e-001
 7.5481862e-001
 7.5491500e-001
 7.5487906e-001
 7.5477254e-001
 7.5465769e-001
 7.5459641e-001
 7.5464201e-001
 7.5479865e-001
 7.5505280e-001
 7.5539112e-001
 7.5580013e-001
 7.5626647e-001
 7.5677377e-001
 7.5728792e-001
 7.5776899e-001
 7.5817680e-001
 7.5847143e-001
 7.5861269e-001
 7.5857383e-001
 7.5840306e-001
 7.5817609e-001
 7.5796807e-001
 7.5785458e-001
 7.5791097e-001
 7.5819445e-001
 7.5865901e-001
 7.5922120e-001
 7.5979763e-001
 7.6030511e-001
 7.6066017e-001
 7.6079822e-001
 7.6076311e-001
 7.6063776e-001
 7.6050502e-001
 7.6044780e-001
 7.6054895e-001
 7.6087242e-001
 7.6137114e-001
 7.6195794e-001
 7.6254594e-001
 7.6304793e-001
 7.6337689e-001
 7.6346403e-001
 7.6334864e-001
 7.6310903e-001
 7.6282364e-001
 7.6257074e-001
 7.6242888e-001
 7.6246411e-001
 7.6267093e-001
 7.6301795e-001
 7.6347345e-001
 7.6400596e-001
 7.6458395e-001
 7.6517558e-001
 7.6574910e-001
 7.6627243e-001
 7.6671374e-001
 7.6704103e-001
 7.6722229e-001
 7.6723534e-001
 7.6711708e-001
 7.6692581e-001
 7.6672006e-001
 7.6655799e-001
 7.6649839e-001
 7.6658815e-001
 7.6680785e-001
 7.6711297e-001
 7.6745921e-001
 7.6780206e-001
 7.6809728e-001
 7.6830751e-001
 7.6843888e-001
 7.6851380e-001
 7.6855451e-001
 7.6858312e-001
 7.6862204e-001
 7.6868951e-001
 7.6878029e-001
 7.6887989e-001
 7.6897418e-001
 7.6904875e-001
 7.6908952e-001
 7.6908678e-001
 7.6906013e-001
 7.6904005e-001
 7.6905686e-001
 7.6914120e-001
 7.6932329e-001
 7.6962644e-001
 7.7002811e-001
 7.7048886e-001
 7.7096939e-001
 7.7143002e-001
 7.7183145e-001
 7.7214134e-001
 7.7237046e-001
 7.7254629e-001
 7.7269626e-001
 7.7284759e-001
 7.7302796e-001
 7.7325886e-001
 7.7352756e-001
 7.7380788e-001
 7.7407372e-001
 7.7429897e-001
 7.7445763e-001
 7.7452844e-001
 7.7452207e-001
 7.7446079e-001
 7.7436733e-001
 7.7426416e-001
 7.7417380e-001
 7.7411652e-001
 7.7409881e-001
 7.7412176e-001
 7.7418655e-001
 7.7429420e-001
 7.7444595e-001
 7.7464187e-001
 7.7487659e-001
 7.7514261e-001
 7.7543223e-001
 7.7573800e-001
 7.7605212e-001
 7.7636665e-001
 7.7667135e-001
 7.7695459e-001
 7.7720517e-001
 7.7741146e-001
 7.7756244e-001
 7.7764928e-001
 7.7768213e-001
 7.7767766e-001
 7.7765334e-001
 7.7762586e-001
 7.7761245e-001
 7.7762794e-001
 7.7767354e-001
 7.7774531e-001
 7.7783906e-001
 7.7795076e-001
 7.7807629e-001
 7.7821130e-001
 7.7834964e-001
 7.7848434e-001
 7.7860850e-001
 7.7871543e-001
 7.7879810e-001
 7.7885258e-001
 7.7889401e-001
 7.7894497e-001
 7.7902794e-001
 7.7916569e-001
 7.7938080e-001
 7.7968836e-001
 7.8005534e-001
 7.8042948e-001
 7.8075844e-001
 7.8099000e-001
 7.8107178e-001
 7.8096467e-001
 7.8071499e-001
 7.8040314e-001
 7.8010970e-001
 7.7991521e-001
 7.7990019e-001
 7.8012931e-001
 7.8056318e-001
 7.8112096e-001
 7.8172141e-001
 7.8228348e-001
 7.8272605e-001
 7.8298181e-001
 7.8307396e-001
 7.8306252e-001
 7.8300714e-001
 7.8296793e-001
 7.8300464e-001
 7.8316671e-001
 7.8343350e-001
 7.8375638e-001
 7.8408635e-001
 7.8437454e-001
 7.8457201e-001
 7.8463763e-001
 7.8458029e-001
 7.8442913e-001
 7.8421396e-001
 7.8396392e-001
 7.8370839e-001
 7.8347534e-001
 7.8328007e-001
 7.8313309e-001
 7.8304517e-001
 7.8302670e-001
 7.8308845e-001
 7.8323740e-001
 7.8345746e-001
 7.8372288e-001
 7.8400820e-001
 7.8428739e-001
 7.8453493e-001
 7.8472996e-001
 7.8488499e-001
 7.8502607e-001
 7.8517938e-001
 7.8537112e-001
 7.8562742e-001
 7.8596759e-001
 7.8636360e-001
 7.8676808e-001
 7.8713357e-001
 7.8741235e-001
 7.8755701e-001
 7.8753060e-001
 7.8736699e-001
 7.8713030e-001
 7.8688401e-001
 7.8669244e-001
 7.8661907e-001
 7.8671581e-001
 7.8694850e-001
 7.8724843e-001
 7.8754604e-001
 7.8777182e-001
 7.8785664e-001
 7.8774518e-001
 7.8747994e-001
 7.8714484e-001
 7.8682333e-001
 7.8659946e-001
 7.8655678e-001
 7.8676277e-001
 7.8717017e-001
 7.8768361e-001
 7.8820759e-001
 7.8864622e-001
 7.8890401e-001
 7.8890097e-001
 7.8866643e-001
 7.8827626e-001
 7.8780615e-001
 7.8733224e-001
 7.8693032e-001
 7.8666729e-001
 7.8654647e-001
 7.8654414e-001
 7.8663641e-001
 7.8679955e-001
 7.8700954e-001
 7.8724349e-001
 7.8748387e-001
 7.8771579e-001
 7.8792441e-001
 7.8809488e-001
 7.8821224e-001
 7.8826386e-001
 7.8825343e-001
 7.8819156e-001
 7.8808939e-001
 7.8795725e-001
 7.8780609e-001
 7.8764629e-001
 7.8748506e-001
 7.8732884e-001
 7.8718346e-001
 7.8705531e-001
 7.8695035e-001
 7.8687412e-001
 7.8682792e-001
 7.8681093e-001
 7.8682256e-001
 7.8686219e-001
 7.8692895e-001
 7.8702164e-001
 7.8713298e-001
 7.8725326e-001
 7.8737307e-001
 7.8748256e-001
 7.8757232e-001
 7.8763318e-001
 7.8766012e-001
 7.8764999e-001
 7.8759968e-001
 7.8750587e-001
 7.8736544e-001
 7.8717774e-001
 7.8696185e-001
 7.8674537e-001
 7.8655571e-001
 7.8642070e-001
 7.8636754e-001
 7.8641629e-001
 7.8652841e-001
 7.8663981e-001
 7.8668630e-001
 7.8660381e-001
 7.8632802e-001
 7.8580886e-001
 7.8509909e-001
 7.8429770e-001
 7.8350317e-001
 7.8281498e-001
 7.8233182e-001
 7.8213757e-001
 7.8220493e-001
 7.8245676e-001
 7.8281546e-001
 7.8320372e-001
 7.8354418e-001
 7.8376853e-001
 7.8387791e-001
 7.8390443e-001
 7.8388017e-001
 7.8383738e-001
 7.8380823e-001
 7.8382117e-001
 7.8387654e-001
 7.8396142e-001
 7.8406328e-001
 7.8416950e-001
 7.8426731e-001
 7.8434616e-001
 7.8441334e-001
 7.8448349e-001
 7.8457171e-001
 7.8469259e-001
 7.8486115e-001
 7.8508830e-001
 7.8535432e-001
 7.8562546e-001
 7.8586799e-001
 7.8604817e-001
 7.8613222e-001
 7.8609419e-001
 7.8596681e-001
 7.8580940e-001
 7.8568161e-001
 7.8564316e-001
 7.8575379e-001
 7.8606141e-001
 7.8652537e-001
 7.8706425e-001
 7.8759617e-001
 7.8803986e-001
 7.8831309e-001
 7.8834754e-001
 7.8817540e-001
 7.8787547e-001
 7.8752649e-001
 7.8720778e-001
 7.8699809e-001
 7.8696734e-001
 7.8711176e-001
 7.8739399e-001
 7.8777653e-001
 7.8822207e-001
 7.8869271e-001
 7.8915220e-001
 7.8957260e-001
 7.8992981e-001
 7.9020005e-001
 7.9035950e-001
 7.9038411e-001
 7.9025555e-001
 7.8999799e-001
 7.8965592e-001
 7.8927368e-001
 7.8889561e-001
 7.8856635e-001
 7.8832608e-001
 7.8818208e-001
 7.8812611e-001
 7.8814995e-001
 7.8824508e-001
 7.8840327e-001
 7.8861433e-001
 7.8885388e-001
 7.8909045e-001
 7.8929263e-001
 7.8942937e-001
 7.8946894e-001
 7.8938550e-001
 7.8919542e-001
 7.8893507e-001
 7.8864115e-001
 7.8835034e-001
 7.8809923e-001
 7.8792006e-001
 7.8781027e-001
 7.8775072e-001
 7.8772205e-001
 7.8770500e-001
 7.8768039e-001
 7.8763217e-001
 7.8757274e-001
 7.8752756e-001
 7.8752244e-001
 7.8758305e-001
 7.8773499e-001
 7.8799736e-001
 7.8833741e-001
 7.8869641e-001
 7.8901595e-001
 7.8923744e-001
 7.8930235e-001
 7.8916144e-001
 7.8884059e-001
 7.8840214e-001
 7.8790849e-001
 7.8742248e-001
 7.8700626e-001
 7.8671598e-001
 7.8655165e-001
 7.8648669e-001
 7.8649420e-001
 7.8654724e-001
 7.8661871e-001
 7.8668511e-001
 7.8674781e-001
 7.8682107e-001
 7.8691906e-001
 7.8705585e-001
 7.8724509e-001
 7.8746605e-001
 7.8765029e-001
 7.8772521e-001
 7.8761870e-001
 7.8726512e-001
 7.8671610e-001
 7.8612179e-001
 7.8563595e-001
 7.8541148e-001
 7.8557652e-001
 7.8604615e-001
 7.8663021e-001
 7.8713810e-001
 7.8737909e-001
 7.8721511e-001
 7.8674525e-001
 7.8613454e-001
 7.8554839e-001
 7.8515148e-001
 7.8503674e-001
 7.8511733e-001
 7.8527892e-001
 7.8540713e-001
 7.8538901e-001
 7.8518665e-001
 7.8486979e-001
 7.8451699e-001
 7.8420615e-001
 7.8401214e-001
 7.8394473e-001
 7.8395802e-001
 7.8400421e-001
 7.8403580e-001
 7.8401077e-001
 7.8393602e-001
 7.8384298e-001
 7.8376341e-001
 7.8372902e-001
 7.8376371e-001
 7.8385675e-001
 7.8398710e-001
 7.8413427e-001
 7.8427714e-001
 7.8440070e-001
 7.8450471e-001
 7.8459084e-001
 7.8466111e-001
 7.8471744e-001
 7.8476793e-001
 7.8482997e-001
 7.8492165e-001
 7.8506088e-001
 7.8526396e-001
 7.8550929e-001
 7.8574288e-001
 7.8590977e-001
 7.8595495e-001
 7.8583378e-001
 7.8559291e-001
 7.8532559e-001
 7.8512579e-001
 7.8508723e-001
 7.8527725e-001
 7.8564090e-001
 7.8608727e-001
 7.8652537e-001
 7.8686476e-001
 7.8704649e-001
 7.8709513e-001
 7.8704822e-001
 7.8694344e-001
 7.8681815e-001
 7.8670990e-001
 7.8665531e-001
 7.8669101e-001
 7.8685367e-001
 7.8717637e-001
 7.8762841e-001
 7.8812146e-001
 7.8856564e-001
 7.8887099e-001
 7.8895932e-001
 7.8885907e-001
 7.8865445e-001
 7.8843009e-001
 7.8827065e-001
 7.8824252e-001
 7.8832549e-001
 7.8847361e-001
 7.8864098e-001
 7.8878146e-001
 7.8885120e-001
 7.8884220e-001
 7.8877902e-001
 7.8868735e-001
 7.8859299e-001
 7.8852153e-001
 7.8849828e-001
 7.8853667e-001
 7.8864032e-001
 7.8881228e-001
 7.8905553e-001
 7.8937322e-001
 7.8976715e-001
 7.9021919e-001
 7.9069191e-001
 7.9114795e-001
 7.9154944e-001
 7.9185873e-001
 7.9203969e-001
 7.9208875e-001
 7.9203123e-001
 7.9189390e-001
 7.9170340e-001
 7.9148650e-001
 7.9126936e-001
 7.9107159e-001
 7.9090673e-001
 7.9078782e-001
 7.9072815e-001
 7.9074097e-001
 7.9083854e-001
 7.9101485e-001
 7.9124749e-001
 7.9151279e-001
 7.9178786e-001
 7.9204923e-001
 7.9227448e-001
 7.9245710e-001
 7.9260564e-001
 7.9272902e-001
 7.9283619e-001
 7.9293621e-001
 7.9303747e-001
 7.9313821e-001
 7.9322737e-001
 7.9329306e-001
 7.9332393e-001
 7.9330820e-001
 7.9323530e-001
 7.9311025e-001
 7.9295349e-001
 7.9278576e-001
 7.9262799e-001
 7.9250091e-001
 7.9242480e-001
 7.9240751e-001
 7.9244560e-001
 7.9253495e-001
 7.9267162e-001
 7.9285151e-001
 7.9307032e-001
 7.9331756e-001
 7.9357678e-001
 7.9383141e-001
 7.9406470e-001
 7.9426003e-001
 7.9440147e-001
 7.9448712e-001
 7.9452854e-001
 7.9453766e-001
 7.9452652e-001
 7.9450703e-001
 7.9449099e-001
 7.9448575e-001
 7.9449409e-001
 7.9451877e-001
 7.9456270e-001
 7.9462850e-001
 7.9471856e-001
 7.9482669e-001
 7.9493868e-001
 7.9504001e-001
 7.9511601e-001
 7.9515219e-001
 7.9513466e-001
 7.9506451e-001
 7.9495764e-001
 7.9482996e-001
 7.9469782e-001
 7.9457730e-001
 7.9448444e-001
 7.9443079e-001
 7.9442358e-001
 7.9446995e-001
 7.9457724e-001
 7.9475230e-001
 7.9500145e-001
 7.9531056e-001
 7.9564565e-001
 7.9597193e-001
 7.9625481e-001
 7.9645956e-001
 7.9655313e-001
 7.9653561e-001
 7.9643899e-001
 7.9629713e-001
 7.9614353e-001
 7.9601187e-001
 7.9593456e-001
 7.9591990e-001
 7.9595304e-001
 7.9601783e-001
 7.9609847e-001
 7.9617894e-001
 7.9624301e-001
 7.9627496e-001
 7.9626310e-001
 7.9621267e-001
 7.9613310e-001
 7.9603392e-001
 7.9592443e-001
 7.9581422e-001
 7.9571259e-001
 7.9562908e-001
 7.9557306e-001
 7.9555178e-001
 7.9556358e-001
 7.9560477e-001
 7.9567164e-001
 7.9576039e-001
 7.9586726e-001
 7.9598856e-001
 7.9612058e-001
 7.9625946e-001
 7.9640138e-001
 7.9654223e-001
 7.9667735e-001
 7.9680264e-001
 7.9691339e-001
 7.9700541e-001
 7.9707450e-001
 7.9711592e-001
 7.9712540e-001
 7.9710042e-001
 7.9704565e-001
 7.9696763e-001
 7.9687262e-001
 7.9676729e-001
 7.9665804e-001
 7.9655141e-001
 7.9645365e-001
 7.9637152e-001
 7.9631060e-001
 7.9627419e-001
 7.9626465e-001
 7.9628450e-001
 7.9633641e-001
 7.9642242e-001
 7.9654539e-001
 7.9670757e-001
 7.9691154e-001
 7.9715723e-001
 7.9743403e-001
 7.9772913e-001
 7.9802912e-001
 7.9832107e-001
 7.9859185e-001
 7.9882836e-001
 7.9901749e-001
 7.9914618e-001
 7.9920602e-001
 7.9920751e-001
 7.9916626e-001
 7.9909772e-001
 7.9901725e-001
 7.9894042e-001
 7.9888254e-001
 7.9885930e-001
 7.9888588e-001
 7.9897231e-001
 7.9910558e-001
 7.9926652e-001
 7.9943621e-001
 7.9959548e-001
 7.9972547e-001
 7.9980719e-001
 7.9982144e-001
 7.9974937e-001
 7.9958034e-001
 7.9933894e-001
 7.9905862e-001
 7.9877299e-001
 7.9851562e-001
 7.9832011e-001
 7.9821992e-001
 7.9824865e-001
 7.9843998e-001
 7.9881501e-001
 7.9934353e-001
 7.9998243e-001
 8.0068767e-001
 8.0141598e-001
 8.0212390e-001
 8.0276775e-001
 8.0330402e-001
 8.0368912e-001
 8.0389583e-001
 8.0396342e-001
 8.0394930e-001
 8.0391091e-001
 8.0390537e-001
 8.0398732e-001
 8.0416572e-001
 8.0441332e-001
 8.0470157e-001
 8.0500209e-001
 8.0528641e-001
 8.0552727e-001
 8.0571812e-001
 8.0586869e-001
 8.0598927e-001
 8.0609024e-001
 8.0618185e-001
 8.0627412e-001
 8.0636835e-001
 8.0645913e-001
 8.0654109e-001
 8.0660844e-001
 8.0665588e-001
 8.0667800e-001
 8.0667543e-001
 8.0665344e-001
 8.0661762e-001
 8.0657309e-001
 8.0652547e-001
 8.0648035e-001
 8.0644733e-001
 8.0643904e-001
 8.0646831e-001
 8.0654776e-001
 8.0669051e-001
 8.0690730e-001
 8.0718184e-001
 8.0747443e-001
 8.0774504e-001
 8.0795342e-001
 8.0805928e-001
 8.0802560e-001
 8.0786532e-001
 8.0763286e-001
 8.0738431e-001
 8.0717516e-001
 8.0706114e-001
 8.0709481e-001
 8.0727160e-001
 8.0753940e-001
 8.0784476e-001
 8.0813408e-001
 8.0835402e-001
 8.0845410e-001
 8.0843502e-001
 8.0834055e-001
 8.0821562e-001
 8.0810529e-001
 8.0805469e-001
 8.0810589e-001
 8.0825472e-001
 8.0845785e-001
 8.0867088e-001
 8.0884922e-001
 8.0894846e-001
 8.0892718e-001
 8.0879748e-001
 8.0861652e-001
 8.0844277e-001
 8.0833501e-001
 8.0835170e-001
 8.0854732e-001
 8.0890566e-001
 8.0935019e-001
 8.0980289e-001
 8.1018561e-001
 8.1041998e-001
 8.1043297e-001
 8.1023788e-001
 8.0992222e-001
 8.0957556e-001
 8.0928761e-001
 8.0914819e-001
 8.0924153e-001
 8.0956066e-001
 8.1001973e-001
 8.1053102e-001
 8.1100601e-001
 8.1135684e-001
 8.1149977e-001
 8.1142944e-001
 8.1120771e-001
 8.1089878e-001
 8.1056643e-001
 8.1027502e-001
 8.1008554e-001
 8.1001031e-001
 8.1001890e-001
 8.1007969e-001
 8.1016088e-001
 8.1023085e-001
 8.1025970e-001
 8.1024802e-001
 8.1022340e-001
 8.1021416e-001
 8.1024843e-001
 8.1035459e-001
 8.1055897e-001
 8.1085271e-001
 8.1119549e-001
 8.1154692e-001
 8.1186575e-001
 8.1211120e-001
 8.1224424e-001
 8.1226146e-001
 8.1219006e-001
 8.1205851e-001
 8.1189513e-001
 8.1172830e-001
 8.1158566e-001
 8.1147903e-001
 8.1140637e-001
 8.1136554e-001
 8.1135410e-001
 8.1136954e-001
 8.1140935e-001
 8.1146544e-001
 8.1152499e-001
 8.1157470e-001
 8.1160164e-001
 8.1159270e-001
 8.1153601e-001
 8.1144214e-001
 8.1134152e-001
 8.1126517e-001
 8.1124401e-001
 8.1130928e-001
 8.1148934e-001
 8.1176764e-001
 8.1208658e-001
 8.1238735e-001
 8.1261122e-001
 8.1269926e-001
 8.1259567e-001
 8.1229913e-001
 8.1185788e-001
 8.1132090e-001
 8.1073833e-001
 8.1015927e-001
 8.0963361e-001
 8.0921078e-001
 8.0892694e-001
 8.0877173e-001
 8.0872434e-001
 8.0876386e-001
 8.0886930e-001
 8.0902004e-001
 8.0919498e-001
 8.0937344e-001
 8.0953449e-001
 8.0966192e-001
 8.0975598e-001
 8.0982047e-001
 8.0985940e-001
 8.0987662e-001
 8.0987597e-001
 8.0986136e-001
 8.0983680e-001
 8.0980599e-001
 8.0977309e-001
 8.0974197e-001
 8.0971688e-001
 8.0970192e-001
 8.0970097e-001
 8.0971831e-001
 8.0975795e-001
 8.0982399e-001
 8.0992067e-001
 8.1004912e-001
 8.1020087e-001
 8.1036514e-001
 8.1053120e-001
 8.1068802e-001
 8.1082493e-001
 8.1093109e-001
 8.1099564e-001
 8.1100786e-001
 8.1096101e-001
 8.1086302e-001
 8.1072569e-001
 8.1056017e-001
 8.1037807e-001
 8.1019098e-001
 8.1001025e-001
 8.0984735e-001
 8.0971384e-001
 8.0961889e-001
 8.0956316e-001
 8.0954552e-001
 8.0956477e-001
 8.0961949e-001
 8.0970871e-001
 8.0983114e-001
 8.0998552e-001
 8.1017059e-001
 8.1038362e-001
 8.1061429e-001
 8.1085151e-001
 8.1108409e-001
 8.1130028e-001
 8.1148899e-001
 8.1163853e-001
 8.1173784e-001
 8.1177533e-001
 8.1174415e-001
 8.1165326e-001
 8.1151593e-001
 8.1134492e-001
 8.1115341e-001
 8.1095427e-001
 8.1076050e-001
 8.1058514e-001
 8.1044108e-001
 8.1033796e-001
 8.1027156e-001
 8.1023490e-001
 8.1022090e-001
 8.1022251e-001
 8.1023258e-001
 8.1024402e-001
 8.1024975e-001
 8.1024271e-001
 8.1021726e-001
 8.1017447e-001
 8.1011641e-001
 8.1004542e-001
 8.0996382e-001
 8.0987394e-001
 8.0977792e-001
 8.0967808e-001
 8.0957681e-001
 8.0947626e-001
 8.0937868e-001
 8.0928528e-001
 8.0919600e-001
 8.0911088e-001
 8.0902976e-001
 8.0895305e-001
 8.0888039e-001
 8.0881190e-001
 8.0874765e-001
 8.0868751e-001
 8.0863160e-001
 8.0857980e-001
 8.0853230e-001
 8.0848920e-001
 8.0845082e-001
 8.0841756e-001
 8.0838972e-001
 8.0836779e-001
 8.0835217e-001
 8.0834305e-001
 8.0834091e-001
 8.0834609e-001
 8.0835897e-001
 8.0837995e-001
 8.0840927e-001
 8.0844682e-001
 8.0849171e-001
 8.0854309e-001
 8.0860019e-001
 8.0866206e-001
 8.0872792e-001
 8.0879688e-001
 8.0886817e-001
 8.0894089e-001
 8.0901426e-001
 8.0908746e-001
 8.0915940e-001
 8.0922931e-001
 8.0929601e-001
 8.0935806e-001
 8.0941433e-001
 8.0946368e-001
 8.0950463e-001
 8.0953622e-001
 8.0955696e-001
 8.0956596e-001
 8.0956167e-001
 8.0954307e-001
 8.0950904e-001
 8.0945981e-001
 8.0939764e-001
 8.0932468e-001
 8.0924302e-001
 8.0915481e-001
 8.0906218e-001
 8.0896735e-001
 8.0882579e-001
 8.0857086e-001
 8.0840081e-001
 8.0832773e-001
 8.0831951e-001
 8.0834234e-001
 8.0836236e-001
 8.0834645e-001
 8.0827785e-001
 8.0815601e-001
 8.0798131e-001
 8.0775410e-001
 8.0747503e-001
 8.0715698e-001
 8.0682468e-001
 8.0650318e-001
 8.0621773e-001
 8.0599225e-001
 8.0581981e-001
 8.0566394e-001
 8.0548656e-001
 8.0525011e-001
 8.0491638e-001
 8.0446225e-001
 8.0392122e-001
 8.0334079e-001
 8.0276829e-001
 8.0225098e-001
 8.0183655e-001
 8.0155879e-001
 8.0140173e-001
 8.0133671e-001
 8.0133528e-001
 8.0136907e-001
 8.0140942e-001
 8.0142796e-001
 8.0140245e-001
 8.0133498e-001
 8.0123305e-001
 8.0110437e-001
 8.0095655e-001
 8.0079740e-001
 8.0063456e-001
 8.0047560e-001
 8.0032688e-001
 8.0018950e-001
 8.0006319e-001
 7.9994804e-001
 7.9984361e-001
 7.9975003e-001
 7.9966712e-001
 7.9959458e-001
 7.9953229e-001
 7.9947972e-001
 7.9943609e-001
 7.9940093e-001
 7.9937345e-001
 7.9935294e-001
 7.9933894e-001
 7.9933065e-001
 7.9932767e-001
 7.9932964e-001
 7.9933667e-001
 7.9934871e-001
 7.9936576e-001
 7.9938769e-001
 7.9941452e-001
 7.9944617e-001
 7.9948264e-001
 7.9952383e-001
 7.9956973e-001
 7.9962027e-001
 7.9967606e-001
 7.9973906e-001
 7.9981178e-001
 7.9989690e-001
 7.9999685e-001
 8.0011421e-001
 8.0025148e-001
 8.0041128e-001
 8.0059612e-001
 8.0080843e-001
 8.0105078e-001
 8.0132580e-001
 8.0163252e-001
 8.0195779e-001
 8.0228531e-001
 8.0259937e-001
 8.0288392e-001
 8.0312294e-001
 8.0330032e-001
 8.0340034e-001
 8.0340672e-001
 8.0330366e-001
 8.0307502e-001
 8.0271566e-001
 8.0225825e-001
 8.0174392e-001
 8.0121356e-001
 8.0070829e-001
 8.0026913e-001
 7.9993701e-001
 7.9975307e-001
 7.9975832e-001
 7.9999369e-001
 8.0048132e-001
 8.0117726e-001
 8.0202353e-001
 8.0296183e-001
 8.0393422e-001
 8.0488247e-001
 8.0574852e-001
 8.0647415e-001
 8.0700147e-001
 8.0727220e-001
 8.0725038e-001
 8.0697596e-001
 8.0650479e-001
 8.0589306e-001
 8.0519646e-001
 8.0447143e-001
 8.0377364e-001
 8.0315924e-001
 8.0268419e-001
 8.0240458e-001
 8.0235773e-001
 8.0251956e-001
 8.0285192e-001
 8.0331761e-001
 8.0387878e-001
 8.0449796e-001
 8.0513734e-001
 8.0575961e-001
 8.0632681e-001
 8.0680847e-001
 8.0719751e-001
 8.0749160e-001
 8.0768836e-001
 8.0778533e-001
 8.0778039e-001
 8.0767125e-001
 8.0745542e-001
 8.0713588e-001
 8.0673206e-001
 8.0626738e-001
 8.0576468e-001
 8.0524719e-001
 8.0473816e-001
 8.0426043e-001
 8.0383736e-001
 8.0349034e-001
 8.0323589e-001
 8.0308938e-001
 8.0306602e-001
 8.0318135e-001
 8.0345064e-001
 8.0388945e-001
 8.0451280e-001
 8.0531490e-001
 8.0621970e-001
 8.0713767e-001
 8.0797893e-001
 8.0865395e-001
 8.0907273e-001
 8.0914593e-001
 8.0883217e-001
 8.0824536e-001
 8.0753022e-001
 8.0683190e-001
 8.0629468e-001
 8.0606365e-001
 8.0622697e-001
 8.0669385e-001
 8.0733848e-001
 8.0803418e-001
 8.0865544e-001
 8.0907577e-001
 8.0921280e-001
 8.0912131e-001
 8.0888277e-001
 8.0857867e-001
 8.0829054e-001
 8.0810004e-001
 8.0806303e-001
 8.0815554e-001
 8.0833828e-001
 8.0857211e-001
 8.0881745e-001
 8.0903506e-001
 8.0919868e-001
 8.0932271e-001
 8.0942947e-001
 8.0954123e-001
 8.0967999e-001
 8.0986816e-001
 8.1011927e-001
 8.1042016e-001
 8.1075233e-001
 8.1109768e-001
 8.1143779e-001
 8.1175435e-001
 8.1202918e-001
 8.1224453e-001
 8.1238282e-001
 8.1242621e-001
 8.1235707e-001
 8.1215775e-001
 8.1182426e-001
 8.1139457e-001
 8.1091428e-001
 8.1042916e-001
 8.0998474e-001
 8.0962676e-001
 8.0938631e-001
 8.0925077e-001
 8.0919939e-001
 8.0921143e-001
 8.0926627e-001
 8.0934298e-001
 8.0943459e-001
 8.0957478e-001
 8.0980444e-001
 8.1016481e-001
 8.1069672e-001
 8.1143373e-001
 8.1229639e-001
 8.1311917e-001
 8.1373399e-001
 8.1397301e-001
 8.1368351e-001
 8.1293303e-001
 8.1195700e-001
 8.1099492e-001
 8.1028599e-001
 8.1005365e-001
 8.1028861e-001
 8.1080532e-001
 8.1141448e-001
 8.1192619e-001
 8.1216252e-001
 8.1211084e-001
 8.1188309e-001
 8.1159425e-001
 8.1135887e-001
 8.1128693e-001
 8.1141198e-001
 8.1171161e-001
 8.1216198e-001
 8.1273872e-001
 8.1341547e-001
 8.1412739e-001
 8.1478119e-001
 8.1528336e-001
 8.1553966e-001
 8.1546623e-001
 8.1511927e-001
 8.1465721e-001
 8.1424183e-001
 8.1403393e-001
 8.1418163e-001
 8.1464785e-001
 8.1525922e-001
 8.1584013e-001
 8.1621426e-001
 8.1621879e-001
 8.1587076e-001
 8.1531835e-001
 8.1471276e-001
 8.1420505e-001
 8.1393808e-001
 8.1394285e-001
 8.1416869e-001
 8.1456339e-001
 8.1507492e-001
 8.1565052e-001
 8.1623578e-001
 8.1677443e-001
 8.1721056e-001
 8.1748766e-001
 8.1755477e-001
 8.1743002e-001
 8.1718111e-001
 8.1687677e-001
 8.1658566e-001
 8.1637353e-001
 8.1626499e-001
 8.1625581e-001
 8.1634110e-001
 8.1651580e-001
 8.1677371e-001
 8.1708932e-001
 8.1742364e-001
 8.1773758e-001
 8.1799185e-001
 8.1814969e-001
 8.1820500e-001
 8.1817323e-001
 8.1807035e-001
 8.1791216e-001
 8.1771505e-001
 8.1750107e-001
 8.1729633e-001
 8.1712663e-001
 8.1701803e-001
 8.1699389e-001
 8.1704044e-001
 8.1711882e-001
 8.1718940e-001
 8.1721246e-001
 8.1715214e-001
 8.1701654e-001
 8.1684464e-001
 8.1667584e-001
 8.1654966e-001
 8.1650239e-001
 8.1653017e-001
 8.1660187e-001
 8.1668562e-001
 8.1674975e-001
 8.1676620e-001
 8.1675464e-001
 8.1676710e-001
 8.1685644e-001
 8.1707495e-001
 8.1746751e-001
 8.1797701e-001
 8.1847739e-001
 8.1884187e-001
 8.1894308e-001
 8.1866860e-001
 8.1808382e-001
 8.1737417e-001
 8.1672728e-001
 8.1633049e-001
 8.1635505e-001
 8.1676763e-001
 8.1739914e-001
 8.1807745e-001
 8.1863099e-001
 8.1890011e-001
 8.1887579e-001
 8.1864882e-001
 8.1831187e-001
 8.1795752e-001
 8.1767362e-001
 8.1748760e-001
 8.1738734e-001
 8.1736010e-001
 8.1739306e-001
 8.1747454e-001
 8.1760508e-001
 8.1779331e-001
 8.1804806e-001
 8.1837821e-001
 8.1878763e-001
 8.1922257e-001
 8.1959116e-001
 8.1980133e-001
 8.1976086e-001
 8.1938910e-001
 8.1874460e-001
 8.1797564e-001
 8.1723189e-001
 8.1666303e-001
 8.1640679e-001
 8.1646091e-001
 8.1673241e-001
 8.1712705e-001
 8.1755078e-001
 8.1791317e-001
 8.1817389e-001
 8.1832379e-001
 8.1835425e-001
 8.1825662e-001
 8.1802571e-001
 8.1769258e-001
 8.1731194e-001
 8.1693834e-001
 8.1662703e-001
 8.1642944e-001
 8.1635964e-001
 8.1640762e-001
 8.1656307e-001
 8.1681573e-001
 8.1715244e-001
 8.1752592e-001
 8.1786722e-001
 8.1810743e-001
 8.1817764e-001
 8.1801635e-001
 8.1764889e-001
 8.1715429e-001
 8.1661236e-001
 8.1610322e-001
 8.1569952e-001
 8.1539470e-001
 8.1513268e-001
 8.1485689e-001
 8.1451064e-001
 8.1404477e-001
 8.1349456e-001
 8.1294692e-001
 8.1248945e-001
 8.1221026e-001
 8.1218535e-001
 8.1236374e-001
 8.1261688e-001
 8.1281483e-001
 8.1282783e-001
 8.1253952e-001
 8.1198037e-001
 8.1127012e-001
 8.1053013e-001
 8.0988145e-001
 8.0943531e-001
 8.0919695e-001
 8.0910724e-001
 8.0910665e-001
 8.0913502e-001
 8.0913603e-001
 8.0908799e-001
 8.0899060e-001
 8.0884379e-001
 8.0864751e-001
 8.0840516e-001
 8.0815709e-001
 8.0796564e-001
 8.0789340e-001
 8.0800319e-001
 8.0834651e-001
 8.0885935e-001
 8.0940884e-001
 8.0986160e-001
 8.1008351e-001
 8.0995786e-001
 8.0953920e-001
 8.0898428e-001
 8.0845052e-001
 8.0809623e-001
 8.0806261e-001
 8.0832243e-001
 8.0874956e-001
 8.0921626e-001
 8.0959517e-001
 8.0976897e-001
 8.0972224e-001
 8.0950010e-001
 8.0914783e-001
 8.0871117e-001
 8.0823696e-001
 8.0778491e-001
 8.0742335e-001
 8.0721980e-001
 8.0724233e-001
 8.0754775e-001
 8.0808222e-001
 8.0872816e-001
 8.0936712e-001
 8.0988109e-001
 8.1016129e-001
 8.1019843e-001
 8.1003976e-001
 8.0973315e-001
 8.0932659e-001
 8.0887085e-001
 8.0844575e-001
 8.0814767e-001
 8.0807292e-001
 8.0831826e-001
 8.0896127e-001
 8.0989689e-001
 8.1091690e-001
 8.1181091e-001
 8.1236953e-001
 8.1240749e-001
 8.1197816e-001
 8.1126946e-001
 8.1047058e-001
 8.0977082e-001
 8.0934387e-001
 8.0921316e-001
 8.0931878e-001
 8.0959928e-001
 8.0999345e-001
 8.1044161e-001
 8.1089765e-001
 8.1132323e-001
 8.1167990e-001
 8.1192946e-001
 8.1203872e-001
 8.1202352e-001
 8.1192714e-001
 8.1179291e-001
 8.1166416e-001
 8.1158328e-001
 8.1158084e-001
 8.1168133e-001
 8.1190914e-001
 8.1228858e-001
 8.1283778e-001
 8.1351554e-001
 8.1424850e-001
 8.1496251e-001
 8.1558400e-001
 8.1604660e-001
 8.1635511e-001
 8.1655252e-001
 8.1668204e-001
 8.1678694e-001
 8.1690615e-001
 8.1703496e-001
 8.1714571e-001
 8.1721032e-001
 8.1720096e-001
 8.1709468e-001
 8.1691635e-001
 8.1671619e-001
 8.1654459e-001
 8.1645203e-001
 8.1648207e-001
 8.1661719e-001
 8.1680739e-001
 8.1700224e-001
 8.1715137e-001
 8.1720948e-001
 8.1717640e-001
 8.1707609e-001
 8.1693232e-001
 8.1676930e-001
 8.1661040e-001
 8.1647158e-001
 8.1636560e-001
 8.1630504e-001
 8.1630236e-001
 8.1636482e-001
 8.1645221e-001
 8.1649995e-001
 8.1644285e-001
 8.1621587e-001
 8.1576645e-001
 8.1514770e-001
 8.1446928e-001
 8.1384033e-001
 8.1337023e-001
 8.1315511e-001
 8.1317419e-001
 8.1334704e-001
 8.1359214e-001
 8.1382835e-001
 8.1398010e-001
 8.1401998e-001
 8.1394500e-001
 8.1375289e-001
 8.1344080e-001
 8.1300962e-001
 8.1248617e-001
 8.1191146e-001
 8.1132591e-001
 8.1077075e-001
 8.1028408e-001
 8.0988228e-001
 8.0957079e-001
 8.0935502e-001
 8.0924028e-001
 8.0922812e-001
 8.0928671e-001
 8.0936801e-001
 8.0942357e-001
 8.0940497e-001
 8.0927277e-001
 8.0906022e-001
 8.0883700e-001
 8.0867332e-001
 8.0863893e-001
 8.0878943e-001
 8.0905813e-001
 8.0931842e-001
 8.0944276e-001
 8.0930382e-001
 8.0879617e-001
 8.0799705e-001
 8.0707318e-001
 8.0619192e-001
 8.0552047e-001
 8.0520588e-001
 8.0522299e-001
 8.0546379e-001
 8.0581909e-001
 8.0617994e-001
 8.0644393e-001
 8.0656338e-001
 8.0651730e-001
 8.0628455e-001
 8.0584419e-001
 8.0518746e-001
 8.0440325e-001
 8.0362791e-001
 8.0299848e-001
 8.0265123e-001
 8.0269647e-001
 8.0303091e-001
 8.0344898e-001
 8.0374444e-001
 8.0371094e-001
 8.0317557e-001
 8.0222982e-001
 8.0109227e-001
 7.9998165e-001
 7.9911673e-001
 7.9868978e-001
 7.9868191e-001
 7.9897404e-001
 7.9944634e-001
 7.9997927e-001
 8.0046117e-001
 8.0084419e-001
 8.0111063e-001
 8.0124277e-001
 8.0122298e-001
 8.0103403e-001
 8.0066174e-001
 8.0009317e-001
 7.9931539e-001
 7.9831570e-001
 7.9709607e-001
 7.9577219e-001
 7.9451281e-001
 7.9348773e-001
 7.9286563e-001
 7.9278404e-001
 7.9313552e-001
 7.9369956e-001
 7.9425502e-001
 7.9458082e-001
 7.9448652e-001
 7.9401356e-001
 7.9331070e-001
 7.9252660e-001
 7.9181033e-001
 7.9129463e-001
 7.9099256e-001
 7.9086113e-001
 7.9085785e-001
 7.9093993e-001
 7.9106319e-001
 7.9117191e-001
 7.9120541e-001
 7.9110277e-001
 7.9080337e-001
 7.9025805e-001
 7.8950393e-001
 7.8861701e-001
 7.8767341e-001
 7.8674990e-001
 7.8591478e-001
 7.8517944e-001
 7.8452957e-001
 7.8395146e-001
 7.8343058e-001
 7.8294885e-001
 7.8246021e-001
 7.8190637e-001
 7.8122854e-001
 7.8036821e-001
 7.7927661e-001
 7.7797568e-001
 7.7652001e-001
 7.7496314e-001
 7.7335918e-001
 7.7175838e-001
 7.7018845e-001
 7.6866573e-001
 7.6720673e-001
 7.6582778e-001
 7.6453507e-001
 7.6325530e-001
 7.6188129e-001
 7.6030552e-001
 7.5842029e-001
 7.5614470e-001
 7.5358009e-001
 7.5090736e-001
 7.4830753e-001
 7.4596322e-001
 7.4402493e-001
 7.4242866e-001
 7.4101764e-001
 7.3963583e-001
 7.3812598e-001
 7.3635185e-001
 7.3432022e-001
 7.3209840e-001
 7.2975594e-001
 7.2736055e-001
 7.2497869e-001
 7.2266436e-001
 7.2046757e-001
 7.1843702e-001
 7.1662182e-001
 7.1507186e-001
 7.1384543e-001
 7.1300268e-001
 7.1260434e-001
 7.1271104e-001
 7.1335733e-001
 7.1439660e-001
 7.1560699e-001
 7.1676612e-001
 7.1765190e-001
 7.1807206e-001
 7.1804202e-001
 7.1766341e-001
 7.1703804e-001
 7.1626806e-001
 7.1544981e-001
 7.1464181e-001
 7.1388668e-001
 7.1322781e-001
 7.1270794e-001
 7.1235883e-001
 7.1213830e-001
 7.1197355e-001
 7.1179187e-001
 7.1152043e-001
 7.1109611e-001
 7.1052027e-001
 7.0982099e-001
 7.0902616e-001
 7.0816362e-001
 7.0725745e-001
 7.0630765e-001
 7.0530343e-001
 7.0423412e-001
 7.0308930e-001
 7.0185852e-001
 7.0055842e-001
 6.9924545e-001
 6.9797939e-001
 6.9682008e-001
 6.9582796e-001
 6.9506180e-001
 6.9453311e-001
 6.9418043e-001
 6.9393659e-001
 6.9373411e-001
 6.9350547e-001
 6.9318420e-001
 6.9273895e-001
 6.9219339e-001
 6.9157517e-001
 6.9091201e-001
 6.9023156e-001
 6.8956178e-001
 6.8891674e-001
 6.8829089e-001
 6.8767691e-001
 6.8706799e-001
 6.8645674e-001
 6.8583608e-001
 6.8520308e-001
 6.8456137e-001
 6.8391466e-001
 6.8326688e-001
 6.8262196e-001
 6.8198377e-001
 6.8135786e-001
 6.8075192e-001
 6.8017358e-001
 6.7963076e-001
 6.7913145e-001
 6.7868334e-001
 6.7829418e-001
 6.7797112e-001
 6.7772120e-001
 6.7755133e-001
 6.7746866e-001
 6.7747974e-001
 6.7759192e-001
 6.7780781e-001
 6.7810482e-001
 6.7845070e-001
 6.7881328e-001
 6.7915982e-001
 6.7945820e-001
 6.7967618e-001
 6.7979014e-001
 6.7982966e-001
 6.7984462e-001
 6.7988485e-001
 6.8000031e-001
 6.8024081e-001
 6.8065608e-001
 6.8128520e-001
 6.8210077e-001
 6.8305129e-001
 6.8408418e-001
 6.8514770e-001
 6.8618983e-001
 6.8715888e-001
 6.8801087e-001
 6.8875414e-001
 6.8941569e-001
 6.9002277e-001
 6.9060206e-001
 6.9118088e-001
 6.9178623e-001
 6.9244087e-001
 6.9314164e-001
 6.9387543e-001
 6.9462967e-001
 6.9539136e-001
 6.9614798e-001
 6.9688630e-001
 6.9759524e-001
 6.9827241e-001
 6.9891888e-001
 6.9953525e-001
 7.0012254e-001
 7.0068169e-001
 7.0121354e-001
 7.0172161e-001
 7.0222372e-001
 7.0274287e-001
 7.0330220e-001
 7.0392513e-001
 7.0463443e-001
 7.0545340e-001
 7.0639771e-001
 7.0744234e-001
 7.0854622e-001
 7.0966935e-001
 7.1077120e-001
 7.1181142e-001
 7.1274984e-001
 7.1355462e-001
 7.1424603e-001
 7.1486229e-001
 7.1544152e-001
 7.1602207e-001
 7.1664214e-001
 7.1733993e-001
 7.1814626e-001
 7.1904939e-001
 7.2002292e-001
 7.2104049e-001
 7.2207588e-001
 7.2310233e-001
 7.2409356e-001
 7.2502875e-001
 7.2591907e-001
 7.2678667e-001
 7.2765332e-001
 7.2854102e-001
 7.2947210e-001
 7.3046875e-001
 7.3154455e-001
 7.3267066e-001
 7.3380309e-001
 7.3489767e-001
 7.3590994e-001
 7.3679596e-001
 7.3751158e-001
 7.3802572e-001
 7.3837882e-001
 7.3863560e-001
 7.3886073e-001
 7.3911917e-001
 7.3947579e-001
 7.3999506e-001
 7.4072719e-001
 7.4164230e-001
 7.4268383e-001
 7.4379432e-001
 7.4491733e-001
 7.4599582e-001
 7.4697292e-001
 7.4779320e-001
 7.4844325e-001
 7.4896574e-001
 7.4940664e-001
 7.4981201e-001
 7.5022781e-001
 7.5070024e-001
 7.5127512e-001
 7.5199789e-001
 7.5287616e-001
 7.5387114e-001
 7.5494081e-001
 7.5604296e-001
 7.5713593e-001
 7.5817692e-001
 7.5912416e-001
 7.5993627e-001
 7.6060140e-001
 7.6114374e-001
 7.6159042e-001
 7.6196849e-001
 7.6230508e-001
 7.6262695e-001
 7.6296121e-001
 7.6333445e-001
 7.6375437e-001
 7.6420486e-001
 7.6466888e-001
 7.6512897e-001
 7.6556790e-001
 7.6596832e-001
 7.6631278e-001
 7.6658446e-001
 7.6678073e-001
 7.6691622e-001
 7.6700717e-001
 7.6706922e-001
 7.6711851e-001
 7.6717114e-001
 7.6724285e-001
 7.6734954e-001
 7.6749933e-001
 7.6769114e-001
 7.6792341e-001
 7.6819432e-001
 7.6850235e-001
 7.6884580e-001
 7.6922309e-001
 7.6963240e-001
 7.7006876e-001
 7.7052349e-001
 7.7098751e-001
 7.7145171e-001
 7.7190703e-001
 7.7234453e-001
 7.7275515e-001
 7.7313000e-001
 7.7346182e-001
 7.7374601e-001
 7.7397805e-001
 7.7415335e-001
 7.7426726e-001
 7.7431530e-001
 7.7429289e-001
 7.7419567e-001
 7.7403033e-001
 7.7381569e-001
 7.7357209e-001
 7.7331924e-001
 7.7307707e-001
 7.7286565e-001
 7.7270490e-001
 7.7261406e-001
 7.7259094e-001
 7.7260810e-001
 7.7263665e-001
 7.7264768e-001
 7.7261215e-001
 7.7250129e-001
 7.7228600e-001
 7.7193815e-001
 7.7145010e-001
 7.7083898e-001
 7.7012295e-001
 7.6932013e-001
 7.6844889e-001
 7.6752734e-001
 7.6657403e-001
 7.6560676e-001
 7.6463777e-001
 7.6367176e-001
 7.6271385e-001
 7.6176858e-001
 7.6084059e-001
 7.5993431e-001
 7.5905478e-001
 7.5820690e-001
 7.5740564e-001
 7.5667745e-001
 7.5604951e-001
 7.5554901e-001
 7.5520325e-001
 7.5503910e-001
 7.5508374e-001
 7.5536340e-001
 7.5587189e-001
 7.5656670e-001
 7.5740337e-001
 7.5833702e-001
 7.5932330e-001
 7.6031762e-001
 7.6127547e-001
 7.6215321e-001
 7.6293957e-001
 7.6365972e-001
 7.6434052e-001
 7.6500899e-001
 7.6569182e-001
 7.6641619e-001
 7.6720881e-001
 7.6809603e-001
 7.6907486e-001
 7.7011108e-001
 7.7116889e-001
 7.7221227e-001
 7.7320492e-001
 7.7411109e-001
 7.7489471e-001
 7.7551979e-001
 7.7595145e-001
 7.7618384e-001
 7.7624375e-001
 7.7615935e-001
 7.7595901e-001
 7.7567101e-001
 7.7532351e-001
 7.7494514e-001
 7.7456373e-001
 7.7420801e-001
 7.7390540e-001
 7.7366614e-001
 7.7348149e-001
 7.7334142e-001
 7.7323651e-001
 7.7315682e-001
 7.7309245e-001
 7.7303374e-001
 7.7297086e-001
 7.7289408e-001
 7.7279371e-001
 7.7266490e-001
 7.7250791e-001
 7.7232277e-001
 7.7211022e-001
 7.7187043e-001
 7.7160376e-001
 7.7131081e-001
 7.7099180e-001
 7.7064711e-001
 7.7027714e-001
 7.6988423e-001
 7.6947236e-001
 7.6904559e-001
 7.6860791e-001
 7.6816350e-001
 7.6771665e-001
 7.6727134e-001
 7.6683152e-001
 7.6640147e-001
 7.6598519e-001
 7.6558560e-001
 7.6520389e-001
 7.6484144e-001
 7.6449972e-001
 7.6418006e-001
 7.6388377e-001
 7.6361209e-001
 7.6336658e-001
 7.6314855e-001
 7.6295894e-001
 7.6279515e-001
 7.6264971e-001
 7.6251531e-001
 7.6238453e-001
 7.6224989e-001
 7.6210380e-001
 7.6193917e-001
 7.6174825e-001
 7.6152378e-001
 7.6125813e-001
 7.6094306e-001
 7.6056910e-001
 7.6012677e-001
 7.5960648e-001
 7.5899881e-001
 7.5829446e-001
 7.5748390e-001
 7.5655764e-001
 7.5550580e-001
 7.5431997e-001
 7.5299805e-001
 7.5154608e-001
 7.4996966e-001
 7.4827594e-001
 7.4647069e-001
 7.4456012e-001
 7.4255008e-001
 7.4044764e-001
 7.3825854e-001
 7.3598868e-001
 7.3363727e-001
 7.3119861e-001
 7.2866517e-001
 7.2603011e-001
 7.2328633e-001
 7.2042608e-001
 7.1744394e-001
 7.1433216e-001
 7.1108371e-001
 7.0769137e-001
 7.0416051e-001
 7.0050424e-001
 6.9673735e-001
 6.9287330e-001
 6.8892843e-001
 6.8491620e-001
 6.8085134e-001
 6.7674828e-001
 6.7262042e-001
 6.6848433e-001
 6.6435206e-001
 6.6023535e-001
 6.5614522e-001
 6.5209538e-001
 6.4809644e-001
 6.4416027e-001
 6.4029777e-001
 6.3652253e-001
 6.3284534e-001
 6.2927771e-001
 6.2581939e-001
 6.2245905e-001
 6.1918706e-001
 6.1599159e-001
 6.1286139e-001
 6.0978460e-001
 6.0675150e-001
 6.0375029e-001
 6.0076958e-001
 5.9779811e-001
 5.9483057e-001
 5.9186447e-001
 5.8889800e-001
 5.8592874e-001
 5.8295625e-001
 5.7997811e-001
 5.7699251e-001
 5.7399768e-001
 5.7099116e-001
 5.6797230e-001
 5.6493443e-001
 5.6186754e-001
 5.5876052e-001
 5.5560482e-001
 5.5238962e-001
 5.4910463e-001
 5.4573894e-001
 5.4228401e-001
 5.3872877e-001
 5.3506345e-001
 5.3128421e-001
 5.2739209e-001
 5.2339089e-001
 5.1928198e-001
 5.1506722e-001
 5.1074779e-001
 5.0632799e-001
 5.0180864e-001
 4.9719203e-001
 4.9247926e-001
 4.8768023e-001
 4.8280615e-001
 4.7786963e-001
 4.7288325e-001
 4.6785825e-001
 4.6280971e-001
 4.5774898e-001
 4.5268860e-001
 4.4763991e-001
 4.4261777e-001
 4.3762895e-001
 4.3267792e-001
 4.2776754e-001
 4.2290440e-001
 4.1809148e-001
 4.1333288e-001
 4.0863171e-001
 4.0399432e-001
 3.9942378e-001
 3.9492434e-001
 3.9050156e-001
 3.8616106e-001
 3.8191172e-001
 3.7775940e-001
 3.7371078e-001
 3.6977172e-001
 3.6595091e-001
 3.6225420e-001
 3.5868829e-001
 3.5526055e-001
 3.5200474e-001
 3.4897363e-001
 3.4622175e-001
 3.4380344e-001
 3.4177259e-001
 3.4018463e-001
 3.3909345e-001
 3.3855343e-001
 3.3861908e-001
 3.3934250e-001
 3.4073436e-001
 3.4276885e-001
 3.4541976e-001
 3.4865883e-001
 3.5245952e-001
 3.5679492e-001
 3.6163807e-001
 3.6696321e-001
 3.7274089e-001
 3.7894383e-001
 3.8551697e-001
 3.9238387e-001
 3.9946225e-001
 4.0667492e-001
 4.1394281e-001
 4.2118883e-001
 4.2833054e-001
 4.3529081e-001
 4.4199064e-001
 4.4835418e-001
 4.5436049e-001
 4.6003026e-001
 4.6539015e-001
 4.7046521e-001
 4.7528175e-001
 4.7986260e-001
 4.8423404e-001
 4.8842120e-001
 4.9245012e-001
 4.9634251e-001
 5.0009626e-001
 5.0368577e-001
 5.0708538e-001
 5.1026720e-001
 5.1320553e-001
 5.1587415e-001
 5.1824659e-001
 5.2029693e-001
 5.2199775e-001
 5.2332473e-001
 5.2427566e-001
 5.2486807e-001
 5.2511960e-001
 5.2504820e-001
 5.2467185e-001
 5.2400821e-001
 5.2307546e-001
 5.2189147e-001
 5.2047408e-001
 5.1884103e-001
 5.1700747e-001
 5.1498806e-001
 5.1279593e-001
 5.1044506e-001
 5.0794828e-001
 5.0532067e-001
 5.0257516e-001
 4.9972561e-001
 4.9678493e-001
 4.9376795e-001
 4.9068123e-001
 4.8752740e-001
 4.8430866e-001
 4.8102671e-001
 4.7768530e-001
 4.7428608e-001
 4.7083139e-001
 4.6732277e-001
 4.6376416e-001
 4.6015739e-001
 4.5650998e-001
 4.5283246e-001
 4.4913805e-001
 4.4543746e-001
 4.4174218e-001
 4.3806282e-001
 4.3441269e-001
 4.3080240e-001
 4.2724353e-001
 4.2374945e-001
 4.2036366e-001
 4.1715655e-001
 4.1419679e-001
 4.1155389e-001
 4.0929666e-001
 4.0749592e-001
 4.0622032e-001
 4.0553954e-001
 4.0552300e-001
 4.0623593e-001
 4.0767580e-001
 4.0978688e-001
 4.1251203e-001
 4.1579500e-001
 4.1957694e-001
 4.2380154e-001
 4.2841148e-001
 4.3335092e-001
 4.3856034e-001
 4.4398385e-001
 4.4956765e-001
 4.5526156e-001
 4.6101141e-001
 4.6676716e-001
 4.7247729e-001
 4.7809047e-001
 4.8355636e-001
 4.8882112e-001
 4.9383453e-001
 4.9854881e-001
 5.0297129e-001
 5.0714797e-001
 5.1112908e-001
 5.1496398e-001
 5.1870251e-001
 5.2239209e-001
 5.2608293e-001
 5.2982414e-001
 5.3366578e-001
 5.3765243e-001
 5.4178971e-001
 5.4605085e-001
 5.5040812e-001
 5.5483508e-001
 5.5930197e-001
 5.6378210e-001
 5.6824785e-001
 5.7267278e-001
 5.7702696e-001
 5.8128458e-001
 5.8542860e-001
 5.8945018e-001
 5.9333801e-001
 5.9708351e-001
 6.0067719e-001
 6.0410947e-001
 6.0737169e-001
 6.1045283e-001
 6.1334413e-001
 6.1603642e-001
 6.1852568e-001
 6.2080932e-001
 6.2288684e-001
 6.2475705e-001
 6.2641901e-001
 6.2787080e-001
 6.2911165e-001
 6.3014036e-001
 6.3095576e-001
 6.3155723e-001
 6.3195163e-001
 6.3215184e-001
 6.3217080e-001
 6.3202143e-001
 6.3171643e-001
 6.3126904e-001
 6.3069183e-001
 6.2999773e-001
 6.2919986e-001
 6.2831044e-001
 6.2733322e-001
 6.2626570e-001
 6.2510604e-001
 6.2385148e-001
 6.2249953e-001
 6.2104809e-001
 6.1949402e-001
 6.1783588e-001
 6.1607081e-001
 6.1419737e-001
 6.1222625e-001
 6.1017859e-001
 6.0807431e-001
 6.0593385e-001
 6.0377699e-001
 6.0162532e-001
 5.9949863e-001
 5.9741747e-001
 5.9540200e-001
 5.9347153e-001
 5.9163415e-001
 5.8988839e-001
 5.8823264e-001
 5.8666533e-001
 5.8518589e-001
 5.8379233e-001
 5.8248347e-001
 5.8125764e-001
 5.8011395e-001
 5.7905191e-001
 5.7808536e-001
 5.7723826e-001
 5.7653433e-001
 5.7599795e-001
 5.7565296e-001
 5.7552338e-001
 5.7563335e-001
 5.7600683e-001
 5.7666785e-001
 5.7763797e-001
 5.7890999e-001
 5.8045506e-001
 5.8224511e-001
 5.8425146e-001
 5.8644563e-001
 5.8879989e-001
 5.9128433e-001
 5.9387124e-001
 5.9653199e-001
 5.9923977e-001
 6.0197812e-001
 6.0474098e-001
 6.0752189e-001
 6.1031502e-001
 6.1311245e-001
 6.1590827e-001
 6.1869609e-001
 6.2147015e-001
 6.2422228e-001
 6.2694687e-001
 6.2963587e-001
 6.3228071e-001
 6.3487321e-001
 6.3740361e-001
 6.3986367e-001
 6.4224482e-001
 6.4453882e-001
 6.4673609e-001
 6.4882821e-001
 6.5080732e-001
 6.5267283e-001
 6.5442783e-001
 6.5607667e-001
 6.5762323e-001
 6.5907162e-001
 6.6042614e-001
 6.6168994e-001
 6.6286749e-001
 6.6396272e-001
 6.6498029e-001
 6.6593188e-001
 6.6683453e-001
 6.6770518e-001
 6.6856098e-001
 6.6941833e-001
 6.7029452e-001
 6.7120636e-001
 6.7217076e-001
 6.7320508e-001
 6.7432350e-001
 6.7551666e-001
 6.7675912e-001
 6.7802531e-001
 6.7928880e-001
 6.8052417e-001
 6.8170559e-001
 6.8280751e-001
 6.8380362e-001
 6.8466830e-001
 6.8537825e-001
 6.8593687e-001
 6.8636441e-001
 6.8668187e-001
 6.8691009e-001
 6.8706995e-001
 6.8718225e-001
 6.8726778e-001
 6.8734759e-001
 6.8744224e-001
 6.8757081e-001
 6.8772811e-001
 6.8789428e-001
 6.8804920e-001
 6.8817258e-001
 6.8824422e-001
 6.8824399e-001
 6.8815172e-001
 6.8794715e-001
 6.8761015e-001
 6.8712342e-001
 6.8650246e-001
 6.8578327e-001
 6.8500179e-001
 6.8419468e-001
 6.8339789e-001
 6.8264788e-001
 6.8198067e-001
 6.8143272e-001
 6.8104017e-001
 6.8083477e-001
 6.8079656e-001
 6.8087459e-001
 6.8101668e-001
 6.8117124e-001
 6.8128639e-001
 6.8131024e-001
 6.8119115e-001
 6.8087721e-001
 6.8031657e-001
 6.7946339e-001
 6.7833787e-001
 6.7699987e-001
 6.7550999e-001
 6.7392850e-001
 6.7231673e-001
 6.7073482e-001
 6.6924334e-001
 6.6790318e-001
 6.6677427e-001
 6.6591150e-001
 6.6529959e-001
 6.6488200e-001
 6.6460150e-001
 6.6440111e-001
 6.6422367e-001
 6.6401196e-001
 6.6370875e-001
 6.6325700e-001
 6.6259962e-001
 6.6168535e-001
 6.6052550e-001
 6.5916836e-001
 6.5766340e-001
 6.5605950e-001
 6.5440553e-001
 6.5275031e-001
 6.5114343e-001
 6.4963365e-001
 6.4826995e-001
 6.4709777e-001
 6.4612854e-001
 6.4535248e-001
 6.4476001e-001
 6.4434129e-001
 6.4408660e-001
 6.4398634e-001
 6.4403063e-001
 6.4420986e-001
 6.4451444e-001
 6.4493418e-001
 6.4545786e-001
 6.4607364e-001
 6.4676940e-001
 6.4753288e-001
 6.4835203e-001
 6.4921486e-001
 6.5010935e-001
 6.5102309e-001
 6.5194428e-001
 6.5286136e-001
 6.5376866e-001
 6.5466470e-001
 6.5554690e-001
 6.5641332e-001
 6.5726221e-001
 6.5809160e-001
 6.5889913e-001
 6.5968305e-001
 6.6044134e-001
 6.6117167e-001
 6.6186732e-001
 6.6251975e-001
 6.6312003e-001
 6.6365951e-001
 6.6412950e-001
 6.6452086e-001
 6.6482514e-001
 6.6503340e-001
 6.6513693e-001
 6.6512764e-001
 6.6500521e-001
 6.6477364e-001
 6.6443646e-001
 6.6399795e-001
 6.6346204e-001
 6.6283250e-001
 6.6211331e-001
 6.6130817e-001
 6.6042149e-001
 6.5945727e-001
 6.5842491e-001
 6.5733558e-001
 6.5620160e-001
 6.5503448e-001
 6.5384585e-001
 6.5264732e-001
 6.5145099e-001
 6.5026844e-001
 6.4911115e-001
 6.4799112e-001
 6.4691681e-001
 6.4587033e-001
 6.4481837e-001
 6.4372754e-001
 6.4256430e-001
 6.4129585e-001
 6.3988876e-001
 6.3830948e-001
 6.3652462e-001
 6.3450134e-001
 6.3220626e-001
 6.2960589e-001
 6.2666631e-001
 6.2335551e-001
 6.1964500e-001
 6.1555594e-001
 6.1113590e-001
 6.0643142e-001
 6.0149270e-001
 5.9636641e-001
 5.9110028e-001
 5.8574098e-001
 5.8033872e-001
 5.7494020e-001
 5.6959301e-001
 5.6434387e-001
 5.5924296e-001
 5.5433697e-001
 5.4967362e-001
 5.4530078e-001
 5.4126519e-001
 5.3761673e-001
 5.3439766e-001
 5.3161180e-001
 5.2924150e-001
 5.2727079e-001
 5.2568185e-001
 5.2445751e-001
 5.2358037e-001
 5.2303362e-001
 5.2279979e-001
 5.2286190e-001
 5.2320254e-001
 5.2380472e-001
 5.2465105e-001
 5.2572441e-001
 5.2700752e-001
 5.2848369e-001
 5.3013492e-001
 5.3194445e-001
 5.3389496e-001
 5.3596985e-001
 5.3815097e-001
 5.4042143e-001
 5.4276466e-001
 5.4516834e-001
 5.4762042e-001
 5.5011052e-001
 5.5262780e-001
 5.5516136e-001
 5.5770087e-001
 5.6023425e-001
 5.6275123e-001
 5.6524092e-001
 5.6769305e-001
 5.7009554e-001
 5.7243806e-001
 5.7470965e-001
 5.7690012e-001
 5.7899743e-001
 5.8099121e-001
 5.8287054e-001
 5.8462459e-001
 5.8624285e-001
 5.8771372e-001
 5.8902651e-001
 5.9017056e-001
 5.9113497e-001
 5.9190851e-001
 5.9248060e-001
 5.9284168e-001
 5.9299308e-001
 5.9294182e-001
 5.9269512e-001
 5.9225976e-001
 5.9164286e-001
 5.9085113e-001
 5.8989209e-001
 5.8877248e-001
 5.8749926e-001
 5.8607918e-001
 5.8451986e-001
 5.8282810e-001
 5.8101076e-001
 5.7907450e-001
 5.7702708e-001
 5.7487535e-001
 5.7262594e-001
 5.7028550e-001
 5.6786227e-001
 5.6536245e-001
 5.6279314e-001
 5.6016141e-001
 5.5747366e-001
 5.5473799e-001
 5.5196095e-001
 5.4914945e-001
 5.4630983e-001
 5.4345047e-001
 5.4057765e-001
 5.3769833e-001
 5.3481656e-001
 5.3193808e-001
 5.2906621e-001
 5.2620512e-001
 5.2335906e-001
 5.2053142e-001
 5.1772761e-001
 5.1495117e-001
 5.1220626e-001
 5.0949639e-001
 5.0682706e-001
 5.0420159e-001
 5.0162423e-001
 4.9909857e-001
 4.9662986e-001
 4.9422175e-001
 4.9187824e-001
 4.8960355e-001
 4.8740131e-001
 4.8527676e-001
 4.8323345e-001
 4.8127553e-001
 4.7940668e-001
 4.7763199e-001
 4.7595519e-001
 4.7438028e-001
 4.7291118e-001
 4.7155273e-001
 4.7030866e-001
 4.6918318e-001
 4.6818030e-001
 4.6730357e-001
 4.6655238e-001
 4.6592367e-001
 4.6541446e-001
 4.6502176e-001
 4.6474284e-001
 4.6457472e-001
 4.6451440e-001
 4.6455905e-001
 4.6470565e-001
 4.6495140e-001
 4.6529323e-001
 4.6572843e-001
 4.6625385e-001
 4.6686661e-001
 4.6756387e-001
 4.6834260e-001
 4.6920022e-001
 4.7013333e-001
 4.7113919e-001
 4.7221491e-001
 4.7335783e-001
 4.7456446e-001
 4.7583222e-001
 4.7715813e-001
 4.7853959e-001
 4.7997305e-001
 4.8145589e-001
 4.8298526e-001
 4.8455808e-001
 4.8617199e-001
 4.8782319e-001
 4.8950917e-001
 4.9122688e-001
 4.9297369e-001
 4.9474561e-001
 4.9654007e-001
 4.9835393e-001
 5.0018466e-001
 5.0202817e-001
 5.0388187e-001
 5.0574273e-001
 5.0760764e-001
 5.0947392e-001
 5.1133770e-001
 5.1319629e-001
 5.1504666e-001
 5.1688606e-001
 5.1871061e-001
 5.2051771e-001
 5.2230430e-001
 5.2406758e-001
 5.2580380e-001
 5.2751017e-001
 5.2918375e-001
 5.3082168e-001
 5.3242022e-001
 5.3397667e-001
 5.3548801e-001
 5.3695107e-001
 5.3836310e-001
 5.3972042e-001
 5.4102033e-001
 5.4225957e-001
 5.4343599e-001
 5.4454941e-001
 5.4560208e-001
 5.4659575e-001
 5.4753256e-001
 5.4841381e-001
 5.4924172e-001
 5.5001795e-001
 5.5074441e-001
 5.5142325e-001
 5.5205584e-001
 5.5264413e-001
 5.5319017e-001
 5.5369574e-001
 5.5416250e-001
 5.5459237e-001
 5.5498731e-001
 5.5534917e-001
 5.5567962e-001
 5.5598062e-001
 5.5625403e-001
 5.5650163e-001
 5.5672538e-001
 5.5692697e-001
 5.5710834e-001
 5.5727130e-001
 5.5741775e-001
 5.5754942e-001
 5.5766827e-001
 5.5777609e-001
 5.5787474e-001
 5.5796599e-001
 5.5805129e-001
 5.5812871e-001
 5.5819499e-001
 5.5824697e-001
 5.5828142e-001
 5.5829507e-001
 5.5828476e-001
 5.5824721e-001
 5.5817932e-001
 5.5807775e-001
 5.5793935e-001
 5.5776083e-001
 5.5753899e-001
 5.5727077e-001
 5.5695271e-001
 5.5658162e-001
 5.5615461e-001
 5.5566806e-001
 5.5511904e-001
 5.5450410e-001
 5.5382001e-001
 5.5306381e-001
 5.5223215e-001
 5.5132180e-001
 5.5032927e-001
 5.4925197e-001
 5.4808617e-001
 5.4682893e-001
 5.4547656e-001
 5.4402649e-001
 5.4247522e-001
 5.4081959e-001
 5.3905725e-001
 5.3719175e-001
 5.3523052e-001
 5.3317934e-001
 5.3104478e-001
 5.2883255e-001
 5.2655023e-001
 5.2420366e-001
 5.2179927e-001
 5.1934272e-001
 5.1684177e-001
 5.1430202e-001
 5.1173013e-001
 5.0913173e-001
 5.0651443e-001
 5.0388414e-001
 5.0124711e-001
 4.9860984e-001
 4.9597809e-001
 4.9335945e-001
 4.9075976e-001
 4.8818541e-001
 4.8564219e-001
 4.8313770e-001
 4.8067772e-001
 4.7826871e-001
 4.7591639e-001
 4.7362843e-001
 4.7141054e-001
 4.6926925e-001
 4.6721080e-001
 4.6524125e-001
 4.6336627e-001
 4.6158037e-001
 4.5987496e-001
 4.5824102e-001
 4.5667082e-001
 4.5515525e-001
 4.5368579e-001
 4.5225343e-001
 4.5085028e-001
 4.4946739e-001
 4.4809616e-001
 4.4672799e-001
 4.4535384e-001
 4.4396594e-001
 4.4255525e-001
 4.4111317e-001
 4.3963078e-001
 4.3810013e-001
 4.3651229e-001
 4.3485862e-001
 4.3313017e-001
 4.3131912e-001
 4.2941642e-001
 4.2741352e-001
 4.2530179e-001
 4.2307213e-001
 4.2071694e-001
 4.1822708e-001
 4.1559398e-001
 4.1280842e-001
 4.0986302e-001
 4.0674853e-001
 4.0345842e-001
 3.9999706e-001
 3.9637542e-001
 3.9260206e-001
 3.8868627e-001
 3.8463652e-001
 3.8046396e-001
 3.7617704e-001
 3.7178516e-001
 3.6729765e-001
 3.6272269e-001
 3.5807183e-001
 3.5335335e-001
 3.4857658e-001
 3.4374979e-001
 3.3888450e-001
 3.3398899e-001
 3.2907259e-001
 3.2414353e-001
 3.1921339e-001
 3.1429040e-001
 3.0938396e-001
 3.0450332e-001
 2.9965669e-001
 2.9485580e-001
 2.9010877e-001
 2.8542498e-001
 2.8081268e-001
 2.7628338e-001
 2.7184540e-001
 2.6750797e-001
 2.6327956e-001
 2.5916991e-001
 2.5517741e-001
 2.5129852e-001
 2.4752976e-001
 2.4386677e-001
 2.4030782e-001
 2.3684847e-001
 2.3348531e-001
 2.3021398e-001
 2.2703257e-001
 2.2393681e-001
 2.2092322e-001
 2.1798754e-001
 2.1512772e-001
 2.1233955e-001
 2.0961952e-001
 2.0696351e-001
 2.0436929e-001
 2.0183270e-001
 1.9935025e-001
 1.9691846e-001
 1.9453326e-001
 1.9219227e-001
 1.8989144e-001
 1.8762724e-001
 1.8539567e-001
 1.8319429e-001
 1.8101907e-001
 1.7886651e-001
 1.7673257e-001
 1.7461482e-001
 1.7250922e-001
 1.7041281e-001
 1.6832542e-001
 1.6624728e-001
 1.6418013e-001
 1.6212423e-001
 1.6008027e-001
 1.5804854e-001
 1.5603074e-001
 1.5402712e-001
 1.5203840e-001
 1.5006486e-001
 1.4810818e-001
 1.4616862e-001
 1.4424689e-001
 1.4234377e-001
 1.4045955e-001
 1.3859583e-001
 1.3675292e-001
 1.3493153e-001
 1.3313203e-001
 1.3135594e-001
 1.2960361e-001
 1.2787578e-001
 1.2617272e-001
 1.2449606e-001
 1.2284608e-001
 1.2122355e-001
 1.1962879e-001
 1.1806333e-001
 1.1652751e-001
 1.1502206e-001
 1.1354773e-001
 1.1210471e-001
 1.1069341e-001
 1.0931285e-001
 1.0796243e-001
 1.0664126e-001
 1.0534933e-001
 1.0408577e-001
 1.0284995e-001
 1.0164101e-001
 1.0045888e-001
 9.9302709e-002
 9.8171897e-002
 9.7065821e-002
 9.5983639e-002
 9.4925284e-002
 9.3889855e-002
 9.2876770e-002
 9.1885217e-002
 9.0915054e-002
 8.9965425e-002
 8.9035757e-002
 8.8125207e-002
 8.7233648e-002
 8.6360216e-002
 8.5504346e-002
 8.4665425e-002
 8.3842658e-002
 8.3035834e-002
 8.2244165e-002
 8.1467047e-002
 8.0703691e-002
 7.9953872e-002
 7.9216756e-002
 7.8491487e-002
 7.7776968e-002
 7.7072605e-002
 7.6377310e-002
 7.5690158e-002
 7.5010218e-002
 7.4336395e-002
 7.3668115e-002
 7.3004268e-002
 7.2343916e-002
 7.1686007e-002
 7.1029909e-002
 7.0374534e-002
 6.9718979e-002
 6.9062136e-002
 6.8403415e-002
 6.7741722e-002
 6.7076132e-002
 6.6405565e-002
 6.5729402e-002
 6.5046556e-002
 6.4356118e-002
 6.3657165e-002
 6.2948570e-002
 6.2229779e-002
 6.1499685e-002
 6.0757358e-002
 6.0001694e-002
 5.9232127e-002
 5.8447555e-002
 5.7647049e-002
 5.6829896e-002
 5.5997845e-002
 5.5152591e-002
 5.4296020e-002
 5.3430028e-002
 5.2556291e-002
 5.1677112e-002
 5.0794177e-002
 4.9909376e-002
 4.9024377e-002
 4.8141506e-002
 4.7262438e-002
 4.6389062e-002
 4.5523059e-002
 4.4666730e-002
 4.3821760e-002
 4.2990040e-002
 4.2173453e-002
 4.1373704e-002
 4.0593065e-002
 3.9833229e-002
 3.9096087e-002
 3.8383361e-002
 3.7697285e-002
 3.7039567e-002
 3.6412105e-002
 3.5816640e-002
 3.5255354e-002
 3.4729991e-002
 3.4242436e-002
 3.3794478e-002
 3.3388216e-002
 3.3024795e-002
 3.2702707e-002
 3.2419678e-002
 3.2173369e-002
 3.1961624e-002
 3.1782120e-002
 3.1632576e-002
 3.1510692e-002
 3.1414252e-002
 3.1340960e-002
 3.1288523e-002
 3.1254679e-002
 3.1237166e-002
 3.1233700e-002
 3.1242007e-002
 3.1259812e-002
 3.1284850e-002
 3.1314839e-002
 3.1347506e-002
 3.1380583e-002
 3.1411801e-002
 3.1438865e-002
 3.1459514e-002
 3.1471480e-002
 3.1472486e-002
 3.1460252e-002
 3.1432517e-002
 3.1386998e-002
 3.1321425e-002
 3.1233501e-002
 3.1120993e-002
 3.0981613e-002
 3.0813593e-002
 3.0617241e-002
 3.0393563e-002
 3.0143427e-002
 2.9867748e-002
 2.9567357e-002
 2.9243320e-002
 2.8896473e-002
 2.8527731e-002
 2.8137907e-002
 2.7728105e-002
 2.7299143e-002
 2.6851937e-002
 2.6387392e-002
 2.5906313e-002
 2.5409838e-002
 2.4898764e-002
 2.4374004e-002
 2.3836341e-002
 2.3286946e-002
 2.2726603e-002
 2.2156226e-002
 2.1576583e-002
 2.0988870e-002
 2.0393858e-002
 1.9792456e-002
 1.9185584e-002
 1.8574001e-002
 1.7958917e-002
 1.7341092e-002
 1.6721448e-002
 1.6100738e-002
