splib07b Record=11131: Marialite NMNH126018-2        BECKb AREF
-1.2300000e+034
-1.2300000e+034
-1.2300000e+034
-1.2300000e+034
-1.2300000e+034
-1.2300000e+034
-1.2300000e+034
-1.2300000e+034
-1.2300000e+034
-1.2300000e+034
-1.2300000e+034
-1.2300000e+034
-1.2300000e+034
-1.2300000e+034
-1.2300000e+034
-1.2300000e+034
-1.2300000e+034
-1.2300000e+034
-1.2300000e+034
-1.2300000e+034
-1.2300000e+034
-1.2300000e+034
-1.2300000e+034
-1.2300000e+034
-1.2300000e+034
-1.2300000e+034
-1.2300000e+034
-1.2300000e+034
-1.2300000e+034
-1.2300000e+034
-1.2300000e+034
-1.2300000e+034
-1.2300000e+034
-1.2300000e+034
-1.2300000e+034
-1.2300000e+034
-1.2300000e+034
-1.2300000e+034
-1.2300000e+034
-1.2300000e+034
-1.2300000e+034
-1.2300000e+034
-1.2300000e+034
-1.2300000e+034
-1.2300000e+034
-1.2300000e+034
-1.2300000e+034
-1.2300000e+034
-1.2300000e+034
-1.2300000e+034
-1.2300000e+034
-1.2300000e+034
-1.2300000e+034
-1.2300000e+034
-1.2300000e+034
-1.2300000e+034
-1.2300000e+034
-1.2300000e+034
-1.2300000e+034
-1.2300000e+034
-1.2300000e+034
-1.2300000e+034
-1.2300000e+034
-1.2300000e+034
-1.2300000e+034
-1.2300000e+034
-1.2300000e+034
-1.2300000e+034
-1.2300000e+034
-1.2300000e+034
-1.2300000e+034
-1.2300000e+034
 2.4669966e-001
 2.4669966e-001
 2.4577756e-001
 2.4488337e-001
 2.4403381e-001
 2.4324550e-001
 2.4253502e-001
 2.4191914e-001
 2.4141438e-001
 2.4103746e-001
 2.4080501e-001
 2.4073364e-001
 2.4083999e-001
 2.4114075e-001
 2.4165253e-001
 2.4239199e-001
 2.4337573e-001
 2.4462049e-001
 2.4614277e-001
 2.4795933e-001
 2.5008684e-001
 2.5254178e-001
 2.5533813e-001
 2.5845867e-001
 2.6186609e-001
 2.6552308e-001
 2.6939240e-001
 2.7343631e-001
 2.7761754e-001
 2.8189895e-001
 2.8624269e-001
 2.9061154e-001
 2.9496834e-001
 2.9927522e-001
 3.0349505e-001
 3.0759051e-001
 3.1152391e-001
 3.1525818e-001
 3.1875557e-001
 3.2197896e-001
 3.2489347e-001
 3.2749778e-001
 3.2981142e-001
 3.3185410e-001
 3.3364585e-001
 3.3520657e-001
 3.3655611e-001
 3.3771425e-001
 3.3870107e-001
 3.3953640e-001
 3.4024003e-001
 3.4083197e-001
 3.4133205e-001
 3.4176016e-001
 3.4213623e-001
 3.4248009e-001
 3.4281167e-001
 3.4315085e-001
 3.4351653e-001
 3.4391591e-001
 3.4434858e-001
 3.4481409e-001
 3.4531188e-001
 3.4584144e-001
 3.4640229e-001
 3.4699380e-001
 3.4761566e-001
 3.4826717e-001
 3.4894785e-001
 3.4965727e-001
 3.5039490e-001
 3.5116005e-001
 3.5195243e-001
 3.5277149e-001
 3.5361657e-001
 3.5448602e-001
 3.5537484e-001
 3.5627750e-001
 3.5718873e-001
 3.5810289e-001
 3.5901463e-001
 3.5991853e-001
 3.6080918e-001
 3.6168087e-001
 3.6252847e-001
 3.6334640e-001
 3.6412919e-001
 3.6487132e-001
 3.6556754e-001
 3.6621219e-001
 3.6680347e-001
 3.6734778e-001
 3.6785305e-001
 3.6832720e-001
 3.6877823e-001
 3.6921394e-001
 3.6964238e-001
 3.7007138e-001
 3.7050888e-001
 3.7096277e-001
 3.7144098e-001
 3.7195146e-001
 3.7250209e-001
 3.7310079e-001
 3.7375551e-001
 3.7447014e-001
 3.7523863e-001
 3.7605312e-001
 3.7690583e-001
 3.7778914e-001
 3.7869519e-001
 3.7961620e-001
 3.8054454e-001
 3.8147235e-001
 3.8239181e-001
 3.8329533e-001
 3.8417509e-001
 3.8502327e-001
 3.8583210e-001
 3.8659394e-001
 3.8730574e-001
 3.8797721e-001
 3.8861990e-001
 3.8924533e-001
 3.8986510e-001
 3.9049083e-001
 3.9113414e-001
 3.9180657e-001
 3.9251974e-001
 3.9328521e-001
 3.9411449e-001
 3.9501932e-001
 3.9601114e-001
 3.9710084e-001
 3.9828759e-001
 3.9956293e-001
 4.0091810e-001
 4.0234470e-001
 4.0383378e-001
 4.0537703e-001
 4.0696561e-001
 4.0859091e-001
 4.1024411e-001
 4.1191685e-001
 4.1360036e-001
 4.1528606e-001
 4.1696900e-001
 4.1864595e-001
 4.2031363e-001
 4.2196941e-001
 4.2360997e-001
 4.2523217e-001
 4.2683330e-001
 4.2841002e-001
 4.2995948e-001
 4.3147829e-001
 4.3296379e-001
 4.3441275e-001
 4.3582422e-001
 4.3719798e-001
 4.3853408e-001
 4.3983239e-001
 4.4109306e-001
 4.4231591e-001
 4.4350103e-001
 4.4464847e-001
 4.4575804e-001
 4.4682977e-001
 4.4786373e-001
 4.4886017e-001
 4.4982558e-001
 4.5077017e-001
 4.5170447e-001
 4.5263883e-001
 4.5358384e-001
 4.5454982e-001
 4.5554739e-001
 4.5658699e-001
 4.5767894e-001
 4.5883372e-001
 4.6006191e-001
 4.6137288e-001
 4.6276188e-001
 4.6421456e-001
 4.6571618e-001
 4.6725172e-001
 4.6880668e-001
 4.7036621e-001
 4.7191536e-001
 4.7343969e-001
 4.7492427e-001
 4.7635430e-001
 4.7771490e-001
 4.7899237e-001
 4.8018405e-001
 4.8129576e-001
 4.8233324e-001
 4.8330235e-001
 4.8420888e-001
 4.8505887e-001
 4.8585793e-001
 4.8661220e-001
 4.8732728e-001
 4.8800912e-001
 4.8866358e-001
 4.8929638e-001
 4.8991147e-001
 4.9051154e-001
 4.9109927e-001
 4.9167717e-001
 4.9224797e-001
 4.9281439e-001
 4.9337894e-001
 4.9394444e-001
 4.9451339e-001
 4.9508849e-001
 4.9567232e-001
 4.9626768e-001
 4.9687803e-001
 4.9750724e-001
 4.9815974e-001
 4.9883929e-001
 4.9955001e-001
 5.0029606e-001
 5.0108147e-001
 5.0191021e-001
 5.0278646e-001
 5.0371426e-001
 5.0469762e-001
 5.0573999e-001
 5.0683624e-001
 5.0797445e-001
 5.0914305e-001
 5.1033020e-001
 5.1152402e-001
 5.1271254e-001
 5.1388419e-001
 5.1502699e-001
 5.1612926e-001
 5.1717913e-001
 5.1816469e-001
 5.1907510e-001
 5.1991260e-001
 5.2068901e-001
 5.2141649e-001
 5.2210718e-001
 5.2277315e-001
 5.2342665e-001
 5.2407974e-001
 5.2474451e-001
 5.2543330e-001
 5.2615803e-001
 5.2693093e-001
 5.2776337e-001
 5.2865630e-001
 5.2960283e-001
 5.3059590e-001
 5.3162849e-001
 5.3269333e-001
 5.3378326e-001
 5.3489155e-001
 5.3601080e-001
 5.3713393e-001
 5.3825396e-001
 5.3936374e-001
 5.4045647e-001
 5.4152906e-001
 5.4258138e-001
 5.4361343e-001
 5.4462516e-001
 5.4561651e-001
 5.4658741e-001
 5.4753774e-001
 5.4846752e-001
 5.4937667e-001
 5.5026513e-001
 5.5113286e-001
 5.5198002e-001
 5.5280870e-001
 5.5362314e-001
 5.5442721e-001
 5.5522519e-001
 5.5602103e-001
 5.5681866e-001
 5.5762219e-001
 5.5843580e-001
 5.5926341e-001
 5.6010920e-001
 5.6097722e-001
 5.6187123e-001
 5.6279242e-001
 5.6374031e-001
 5.6471413e-001
 5.6571293e-001
 5.6673616e-001
 5.6778300e-001
 5.6885254e-001
 5.6994432e-001
 5.7105738e-001
 5.7219082e-001
 5.7334423e-001
 5.7451653e-001
 5.7570463e-001
 5.7690382e-001
 5.7810962e-001
 5.7931697e-001
 5.8052140e-001
 5.8171809e-001
 5.8290231e-001
 5.8406913e-001
 5.8521414e-001
 5.8633232e-001
 5.8741921e-001
 5.8847034e-001
 5.8948672e-001
 5.9047407e-001
 5.9143800e-001
 5.9238404e-001
 5.9331805e-001
 5.9424561e-001
 5.9517235e-001
 5.9610391e-001
 5.9704584e-001
 5.9800392e-001
 5.9898382e-001
 5.9999096e-001
 6.0102737e-001
 6.0209227e-001
 6.0318476e-001
 6.0430425e-001
 6.0544991e-001
 6.0662097e-001
 6.0781664e-001
 6.0903609e-001
 6.1027837e-001
 6.1154300e-001
 6.1282903e-001
 6.1413556e-001
 6.1545926e-001
 6.1679471e-001
 6.1813641e-001
 6.1947930e-001
 6.2081766e-001
 6.2214637e-001
 6.2346005e-001
 6.2475318e-001
 6.2602019e-001
 6.2725610e-001
 6.2845522e-001
 6.2961298e-001
 6.3073254e-001
 6.3182402e-001
 6.3289756e-001
 6.3396358e-001
 6.3503218e-001
 6.3611370e-001
 6.3721848e-001
 6.3835651e-001
 6.3953829e-001
 6.4077365e-001
 6.4207321e-001
 6.4344645e-001
 6.4488858e-001
 6.4638394e-001
 6.4791656e-001
 6.4947015e-001
 6.5102857e-001
 6.5257603e-001
 6.5409636e-001
 6.5557331e-001
 6.5699083e-001
 6.5833277e-001
 6.5958309e-001
 6.6072690e-001
 6.6176677e-001
 6.6271991e-001
 6.6360402e-001
 6.6443652e-001
 6.6523546e-001
 6.6601819e-001
 6.6680253e-001
 6.6760600e-001
 6.6844630e-001
 6.6934109e-001
 6.7030805e-001
 6.7136383e-001
 6.7250866e-001
 6.7372936e-001
 6.7501217e-001
 6.7634320e-001
 6.7770892e-001
 6.7909563e-001
 6.8048960e-001
 6.8187708e-001
 6.8324441e-001
 6.8457782e-001
 6.8586689e-001
 6.8711293e-001
 6.8831927e-001
 6.8948901e-001
 6.9062561e-001
 6.9173229e-001
 6.9281238e-001
 6.9386911e-001
 6.9490612e-001
 6.9592839e-001
 6.9694859e-001
 6.9797999e-001
 6.9903654e-001
 7.0013171e-001
 7.0127952e-001
 7.0249325e-001
 7.0378691e-001
 7.0517391e-001
 7.0665902e-001
 7.0821732e-001
 7.0981759e-001
 7.1142894e-001
 7.1302003e-001
 7.1455997e-001
 7.1601743e-001
 7.1736157e-001
 7.1856099e-001
 7.1959794e-001
 7.2049773e-001
 7.2129488e-001
 7.2202384e-001
 7.2271913e-001
 7.2341532e-001
 7.2414684e-001
 7.2494811e-001
 7.2585386e-001
 7.2688609e-001
 7.2802573e-001
 7.2924542e-001
 7.3051769e-001
 7.3181486e-001
 7.3310930e-001
 7.3437351e-001
 7.3557973e-001
 7.3670053e-001
 7.3772001e-001
 7.3866087e-001
 7.3955411e-001
 7.4043071e-001
 7.4132180e-001
 7.4225831e-001
 7.4327147e-001
 7.4439210e-001
 7.4565136e-001
 7.4706161e-001
 7.4857181e-001
 7.5011796e-001
 7.5163531e-001
 7.5305974e-001
 7.5432682e-001
 7.5537217e-001
 7.5613582e-001
 7.5663888e-001
 7.5697297e-001
 7.5723219e-001
 7.5751054e-001
 7.5790215e-001
 7.5849694e-001
 7.5931436e-001
 7.6031077e-001
 7.6144111e-001
 7.6265955e-001
 7.6392114e-001
 7.6518089e-001
 7.6641011e-001
 7.6759374e-001
 7.6871735e-001
 7.6976627e-001
 7.7072597e-001
 7.7158308e-001
 7.7234817e-001
 7.7305275e-001
 7.7372926e-001
 7.7440977e-001
 7.7512670e-001
 7.7591062e-001
 7.7676374e-001
 7.7766252e-001
 7.7858293e-001
 7.7950042e-001
 7.8039098e-001
 7.8123134e-001
 7.8202575e-001
 7.8280222e-001
 7.8358954e-001
 7.8441644e-001
 7.8531200e-001
 7.8630275e-001
 7.8737462e-001
 7.8847718e-001
 7.8955877e-001
 7.9056752e-001
 7.9145181e-001
 7.9216254e-001
 7.9270977e-001
 7.9315567e-001
 7.9356462e-001
 7.9400092e-001
 7.9452878e-001
 7.9520911e-001
 7.9604191e-001
 7.9697114e-001
 7.9793918e-001
 7.9888844e-001
 7.9976112e-001
 8.0050170e-001
 8.0110407e-001
 8.0160600e-001
 8.0204737e-001
 8.0246782e-001
 8.0290699e-001
 8.0340302e-001
 8.0396801e-001
 8.0458939e-001
 8.0525428e-001
 8.0594927e-001
 8.0666143e-001
 8.0737787e-001
 8.0809349e-001
 8.0881029e-001
 8.0953079e-001
 8.1025708e-001
 8.1099164e-001
 8.1173593e-001
 8.1247759e-001
 8.1319100e-001
 8.1385040e-001
 8.1442976e-001
 8.1490344e-001
 8.1524718e-001
 8.1547928e-001
 8.1565624e-001
 8.1583625e-001
 8.1607747e-001
 8.1643784e-001
 8.1697273e-001
 8.1767744e-001
 8.1849205e-001
 8.1935441e-001
 8.2020253e-001
 8.2097429e-001
 8.2161027e-001
 8.2210708e-001
 8.2251292e-001
 8.2287836e-001
 8.2325393e-001
 8.2368892e-001
 8.2420063e-001
 8.2476693e-001
 8.2536364e-001
 8.2596600e-001
 8.2655001e-001
 8.2709104e-001
 8.2756478e-001
 8.2794684e-001
 8.2821333e-001
 8.2836396e-001
 8.2842642e-001
 8.2843041e-001
 8.2840556e-001
 8.2838142e-001
 8.2838762e-001
 8.2845372e-001
 8.2860929e-001
 8.2888329e-001
 8.2928145e-001
 8.2978052e-001
 8.3035564e-001
 8.3098191e-001
 8.3163440e-001
 8.3228827e-001
 8.3291870e-001
 8.3350074e-001
 8.3400995e-001
 8.3443946e-001
 8.3480358e-001
 8.3511841e-001
 8.3539969e-001
 8.3566350e-001
 8.3592552e-001
 8.3620191e-001
 8.3650833e-001
 8.3686042e-001
 8.3726263e-001
 8.3770525e-001
 8.3817792e-001
 8.3867025e-001
 8.3917153e-001
 8.3967143e-001
 8.4015954e-001
 8.4062535e-001
 8.4105855e-001
 8.4145534e-001
 8.4182030e-001
 8.4215814e-001
 8.4247398e-001
 8.4277266e-001
 8.4305924e-001
 8.4333855e-001
 8.4361559e-001
 8.4389520e-001
 8.4418035e-001
 8.4447128e-001
 8.4476811e-001
 8.4507126e-001
 8.4538060e-001
 8.4569633e-001
 8.4601879e-001
 8.4634799e-001
 8.4668416e-001
 8.4702581e-001
 8.4736955e-001
 8.4771186e-001
 8.4804934e-001
 8.4837848e-001
 8.4869570e-001
 8.4899759e-001
 8.4928048e-001
 8.4954107e-001
 8.4977984e-001
 8.5000211e-001
 8.5021347e-001
 8.5041964e-001
 8.5062623e-001
 8.5083884e-001
 8.5106325e-001
 8.5130495e-001
 8.5156947e-001
 8.5185581e-001
 8.5215449e-001
 8.5245520e-001
 8.5274804e-001
 8.5302299e-001
 8.5326982e-001
 8.5347849e-001
 8.5363889e-001
 8.5374129e-001
 8.5378534e-001
 8.5378343e-001
 8.5374832e-001
 8.5369343e-001
 8.5363156e-001
 8.5357577e-001
 8.5353935e-001
 8.5353523e-001
 8.5357612e-001
 8.5366839e-001
 8.5380900e-001
 8.5399455e-001
 8.5422140e-001
 8.5448623e-001
 8.5478550e-001
 8.5511589e-001
 8.5547376e-001
 8.5585564e-001
 8.5625619e-001
 8.5666788e-001
 8.5708278e-001
 8.5749316e-001
 8.5789144e-001
 8.5826945e-001
 8.5861951e-001
 8.5893494e-001
 8.5921395e-001
 8.5945648e-001
 8.5966295e-001
 8.5983318e-001
 8.5996735e-001
 8.6006600e-001
 8.6013073e-001
 8.6016434e-001
 8.6016917e-001
 8.6014771e-001
 8.6010253e-001
 8.6003536e-001
 8.5994411e-001
 8.5982525e-001
 8.5967529e-001
 8.5949075e-001
 8.5926819e-001
 8.5901141e-001
 8.5876554e-001
 8.5859019e-001
 8.5854512e-001
 8.5868967e-001
 8.5908365e-001
 8.5976404e-001
 8.6064154e-001
 8.6158234e-001
 8.6245286e-001
 8.6311913e-001
 8.6344731e-001
 8.6333644e-001
 8.6287075e-001
 8.6219972e-001
 8.6147296e-001
 8.6084014e-001
 8.6045080e-001
 8.6042374e-001
 8.6070269e-001
 8.6116892e-001
 8.6170429e-001
 8.6219007e-001
 8.6250776e-001
 8.6256164e-001
 8.6238724e-001
 8.6206639e-001
 8.6168128e-001
 8.6131382e-001
 8.6104620e-001
 8.6094552e-001
 8.6099464e-001
 8.6114579e-001
 8.6135131e-001
 8.6156368e-001
 8.6173505e-001
 8.6182582e-001
 8.6184394e-001
 8.6181396e-001
 8.6176085e-001
 8.6170906e-001
 8.6168337e-001
 8.6170453e-001
 8.6177009e-001
 8.6186904e-001
 8.6199051e-001
 8.6212373e-001
 8.6225754e-001
 8.6238080e-001
 8.6248004e-001
 8.6254132e-001
 8.6255050e-001
 8.6249340e-001
 8.6235595e-001
 8.6212963e-001
 8.6183840e-001
 8.6151779e-001
 8.6120391e-001
 8.6093235e-001
 8.6073917e-001
 8.6065191e-001
 8.6065125e-001
 8.6070037e-001
 8.6076254e-001
 8.6080092e-001
 8.6077881e-001
 8.6066800e-001
 8.6049378e-001
 8.6029994e-001
 8.6013097e-001
 8.6003113e-001
 8.6004478e-001
 8.6020654e-001
 8.6049515e-001
 8.6086798e-001
 8.6128294e-001
 8.6169749e-001
 8.6206937e-001
 8.6235988e-001
 8.6255300e-001
 8.6264098e-001
 8.6261636e-001
 8.6247134e-001
 8.6219847e-001
 8.6179775e-001
 8.6131650e-001
 8.6081940e-001
 8.6037153e-001
 8.6003751e-001
 8.5988241e-001
 8.5995525e-001
 8.6020899e-001
 8.6056089e-001
 8.6092794e-001
 8.6122733e-001
 8.6137611e-001
 8.6130846e-001
 8.6106366e-001
 8.6072063e-001
 8.6035812e-001
 8.6005533e-001
 8.5989076e-001
 8.5992819e-001
 8.6013657e-001
 8.6044908e-001
 8.6079901e-001
 8.6111939e-001
 8.6134344e-001
 8.6141568e-001
 8.6135077e-001
 8.6118978e-001
 8.6097425e-001
 8.6074513e-001
 8.6054403e-001
 8.6040682e-001
 8.6033684e-001
 8.6032510e-001
 8.6036259e-001
 8.6044014e-001
 8.6054885e-001
 8.6067915e-001
 8.6082017e-001
 8.6096013e-001
 8.6108732e-001
 8.6119014e-001
 8.6125678e-001
 8.6127889e-001
 8.6126846e-001
 8.6124545e-001
 8.6122984e-001
 8.6124152e-001
 8.6130047e-001
 8.6142081e-001
 8.6158097e-001
 8.6174506e-001
 8.6187732e-001
 8.6194199e-001
 8.6190337e-001
 8.6173433e-001
 8.6146367e-001
 8.6114192e-001
 8.6081970e-001
 8.6054724e-001
 8.6037529e-001
 8.6034435e-001
 8.6043203e-001
 8.6059111e-001
 8.6077434e-001
 8.6093432e-001
 8.6102396e-001
 8.6100459e-001
 8.6089265e-001
 8.6072642e-001
 8.6054420e-001
 8.6038429e-001
 8.6028492e-001
 8.6027586e-001
 8.6033046e-001
 8.6040044e-001
 8.6043715e-001
 8.6039221e-001
 8.6021703e-001
 8.5987592e-001
 8.5941499e-001
 8.5891390e-001
 8.5845160e-001
 8.5810739e-001
 8.5796064e-001
 8.5807377e-001
 8.5840100e-001
 8.5885298e-001
 8.5934019e-001
 8.5977328e-001
 8.6006302e-001
 8.6013418e-001
 8.6000460e-001
 8.5972965e-001
 8.5936469e-001
 8.5896522e-001
 8.5858649e-001
 8.5827780e-001
 8.5804766e-001
 8.5788828e-001
 8.5779178e-001
 8.5775018e-001
 8.5775578e-001
 8.5780066e-001
 8.5787839e-001
 8.5798270e-001
 8.5810751e-001
 8.5824651e-001
 8.5839361e-001
 8.5854048e-001
 8.5866457e-001
 8.5873759e-001
 8.5873109e-001
 8.5861665e-001
 8.5836607e-001
 8.5796124e-001
 8.5745245e-001
 8.5691839e-001
 8.5643762e-001
 8.5608882e-001
 8.5595053e-001
 8.5608464e-001
 8.5644090e-001
 8.5692310e-001
 8.5743463e-001
 8.5787904e-001
 8.5816008e-001
 8.5819721e-001
 8.5801941e-001
 8.5770047e-001
 8.5731453e-001
 8.5693556e-001
 8.5663766e-001
 8.5648274e-001
 8.5645193e-001
 8.5649246e-001
 8.5655147e-001
 8.5657609e-001
 8.5651362e-001
 8.5632163e-001
 8.5602862e-001
 8.5569298e-001
 8.5537267e-001
 8.5512614e-001
 8.5501152e-001
 8.5507584e-001
 8.5528827e-001
 8.5558552e-001
 8.5590410e-001
 8.5618067e-001
 8.5635161e-001
 8.5636467e-001
 8.5624409e-001
 8.5604614e-001
 8.5582727e-001
 8.5564399e-001
 8.5555273e-001
 8.5560119e-001
 8.5577571e-001
 8.5603732e-001
 8.5634649e-001
 8.5666382e-001
 8.5695004e-001
 8.5716921e-001
 8.5730934e-001
 8.5736889e-001
 8.5734612e-001
 8.5723943e-001
 8.5704720e-001
 8.5677212e-001
 8.5644639e-001
 8.5611498e-001
 8.5582310e-001
 8.5561574e-001
 8.5553783e-001
 8.5562533e-001
 8.5584879e-001
 8.5615069e-001
 8.5647368e-001
 8.5676020e-001
 8.5695279e-001
 8.5700154e-001
 8.5691071e-001
 8.5670775e-001
 8.5642028e-001
 8.5607576e-001
 8.5570198e-001
 8.5532594e-001
 8.5497046e-001
 8.5465717e-001
 8.5440725e-001
 8.5424197e-001
 8.5418266e-001
 8.5424459e-001
 8.5439837e-001
 8.5459614e-001
 8.5478902e-001
 8.5492867e-001
 8.5496694e-001
 8.5486400e-001
 8.5464448e-001
 8.5436082e-001
 8.5406548e-001
 8.5381126e-001
 8.5365063e-001
 8.5362756e-001
 8.5372341e-001
 8.5389239e-001
 8.5408849e-001
 8.5426545e-001
 8.5437745e-001
 8.5438502e-001
 8.5429806e-001
 8.5414785e-001
 8.5396588e-001
 8.5378373e-001
 8.5363269e-001
 8.5354042e-001
 8.5350418e-001
 8.5350817e-001
 8.5353631e-001
 8.5357285e-001
 8.5360181e-001
 8.5360962e-001
 8.5360205e-001
 8.5359263e-001
 8.5359550e-001
 8.5362422e-001
 8.5369289e-001
 8.5381210e-001
 8.5396886e-001
 8.5413945e-001
 8.5430008e-001
 8.5442710e-001
 8.5449684e-001
 8.5448915e-001
 8.5441053e-001
 8.5427952e-001
 8.5411471e-001
 8.5393465e-001
 8.5375786e-001
 8.5360253e-001
 8.5348439e-001
 8.5341799e-001
 8.5341781e-001
 8.5349840e-001
 8.5367417e-001
 8.5395521e-001
 8.5431707e-001
 8.5472012e-001
 8.5512465e-001
 8.5549033e-001
 8.5577756e-001
 8.5595208e-001
 8.5602283e-001
 8.5601830e-001
 8.5596710e-001
 8.5589784e-001
 8.5583913e-001
 8.5581571e-001
 8.5582453e-001
 8.5584897e-001
 8.5587281e-001
 8.5587943e-001
 8.5585260e-001
 8.5578012e-001
 8.5568082e-001
 8.5558832e-001
 8.5553610e-001
 8.5555780e-001
 8.5568702e-001
 8.5595018e-001
 8.5631973e-001
 8.5674286e-001
 8.5716724e-001
 8.5753953e-001
 8.5780746e-001
 8.5792524e-001
 8.5790253e-001
 8.5777503e-001
 8.5757816e-001
 8.5734761e-001
 8.5711908e-001
 8.5692775e-001
 8.5680544e-001
 8.5678262e-001
 8.5688955e-001
 8.5715675e-001
 8.5761464e-001
 8.5828209e-001
 8.5909098e-001
 8.5993171e-001
 8.6069441e-001
 8.6126977e-001
 8.6154747e-001
 8.6143714e-001
 8.6099637e-001
 8.6035287e-001
 8.5963482e-001
 8.5897046e-001
 8.5848761e-001
 8.5829872e-001
 8.5838836e-001
 8.5868132e-001
 8.5910195e-001
 8.5957468e-001
 8.6002356e-001
 8.6038190e-001
 8.6065084e-001
 8.6086428e-001
 8.6105627e-001
 8.6126089e-001
 8.6151236e-001
 8.6183786e-001
 8.6221194e-001
 8.6258358e-001
 8.6290187e-001
 8.6311555e-001
 8.6317354e-001
 8.6303526e-001
 8.6274576e-001
 8.6239094e-001
 8.6205685e-001
 8.6182958e-001
 8.6179519e-001
 8.6202663e-001
 8.6248833e-001
 8.6309278e-001
 8.6375195e-001
 8.6437815e-001
 8.6488307e-001
 8.6519027e-001
 8.6531252e-001
 8.6530668e-001
 8.6522949e-001
 8.6513799e-001
 8.6508918e-001
 8.6513257e-001
 8.6525989e-001
 8.6543417e-001
 8.6561817e-001
 8.6577469e-001
 8.6586660e-001
 8.6586428e-001
 8.6579859e-001
 8.6573058e-001
 8.6572087e-001
 8.6583066e-001
 8.6611968e-001
 8.6658973e-001
 8.6716086e-001
 8.6774635e-001
 8.6825991e-001
 8.6861879e-001
 8.6880124e-001
 8.6883694e-001
 8.6875737e-001
 8.6859393e-001
 8.6837906e-001
 8.6815417e-001
 8.6796492e-001
 8.6785716e-001
 8.6787671e-001
 8.6804938e-001
 8.6831194e-001
 8.6857641e-001
 8.6875445e-001
 8.6875832e-001
 8.6854720e-001
 8.6819762e-001
 8.6780417e-001
 8.6746156e-001
 8.6726326e-001
 8.6725277e-001
 8.6740088e-001
 8.6767286e-001
 8.6803395e-001
 8.6844897e-001
 8.6887962e-001
 8.6928433e-001
 8.6962098e-001
 8.6984819e-001
 8.6993223e-001
 8.6990756e-001
 8.6984324e-001
 8.6980867e-001
 8.6987311e-001
 8.7008780e-001
 8.7042147e-001
 8.7081945e-001
 8.7122703e-001
 8.7158942e-001
 8.7186909e-001
 8.7207144e-001
 8.7220848e-001
 8.7229252e-001
 8.7233537e-001
 8.7234896e-001
 8.7234354e-001
 8.7232989e-001
 8.7231857e-001
 8.7232083e-001
 8.7236142e-001
 8.7247682e-001
 8.7270385e-001
 8.7307966e-001
 8.7362915e-001
 8.7427723e-001
 8.7489671e-001
 8.7536013e-001
 8.7554026e-001
 8.7535363e-001
 8.7492323e-001
 8.7443221e-001
 8.7406343e-001
 8.7399971e-001
 8.7433249e-001
 8.7491763e-001
 8.7557262e-001
 8.7611556e-001
 8.7636667e-001
 8.7627804e-001
 8.7599850e-001
 8.7569362e-001
 8.7552804e-001
 8.7565905e-001
 8.7608856e-001
 8.7668091e-001
 8.7729567e-001
 8.7779284e-001
 8.7804890e-001
 8.7809372e-001
 8.7803698e-001
 8.7798917e-001
 8.7806082e-001
 8.7833571e-001
 8.7877232e-001
 8.7929112e-001
 8.7981319e-001
 8.8025928e-001
 8.8055348e-001
 8.8068283e-001
 8.8069057e-001
 8.8062233e-001
 8.8052344e-001
 8.8043922e-001
 8.8041359e-001
 8.8045877e-001
 8.8055897e-001
 8.8069701e-001
 8.8085622e-001
 8.8101953e-001
 8.8117045e-001
 8.8130635e-001
 8.8143599e-001
 8.8156909e-001
 8.8171482e-001
 8.8188297e-001
 8.8208234e-001
 8.8231194e-001
 8.8256145e-001
 8.8282025e-001
 8.8307786e-001
 8.8332355e-001
 8.8354701e-001
 8.8374239e-001
 8.8390744e-001
 8.8404071e-001
 8.8413996e-001
 8.8420361e-001
 8.8423079e-001
 8.8423914e-001
 8.8426363e-001
 8.8433957e-001
 8.8450247e-001
 8.8478792e-001
 8.8522857e-001
 8.8580173e-001
 8.8643336e-001
 8.8704813e-001
 8.8756967e-001
 8.8792270e-001
 8.8803506e-001
 8.8791054e-001
 8.8762307e-001
 8.8724953e-001
 8.8686633e-001
 8.8655013e-001
 8.8637549e-001
 8.8637018e-001
 8.8651866e-001
 8.8680398e-001
 8.8720900e-001
 8.8771647e-001
 8.8830876e-001
 8.8895130e-001
 8.8959450e-001
 8.9018786e-001
 8.9068133e-001
 8.9102429e-001
 8.9116943e-001
 8.9112628e-001
 8.9095807e-001
 8.9073026e-001
 8.9050812e-001
 8.9035708e-001
 8.9033943e-001
 8.9045668e-001
 8.9065272e-001
 8.9086926e-001
 8.9104813e-001
 8.9113075e-001
 8.9106178e-001
 8.9084470e-001
 8.9053893e-001
 8.9020592e-001
 8.8990730e-001
 8.8970459e-001
 8.8965726e-001
 8.8978350e-001
 8.9006138e-001
 8.9046776e-001
 8.9097923e-001
 8.9157242e-001
 8.9222372e-001
 8.9289701e-001
 8.9354479e-001
 8.9411956e-001
 8.9457262e-001
 8.9485645e-001
 8.9492613e-001
 8.9480406e-001
 8.9457667e-001
 8.9433366e-001
 8.9416409e-001
 8.9415741e-001
 8.9439887e-001
 8.9489102e-001
 8.9555591e-001
 8.9631242e-001
 8.9707953e-001
 8.9777654e-001
 8.9832413e-001
 8.9869416e-001
 8.9890665e-001
 8.9898366e-001
 8.9894718e-001
 8.9881957e-001
 8.9862281e-001
 8.9837956e-001
 8.9811349e-001
 8.9784801e-001
 8.9760691e-001
 8.9741331e-001
 8.9729089e-001
 8.9726323e-001
 8.9734584e-001
 8.9752358e-001
 8.9777386e-001
 8.9807379e-001
 8.9840078e-001
 8.9873224e-001
 8.9904541e-001
 8.9931756e-001
 8.9952618e-001
 8.9965492e-001
 8.9971286e-001
 8.9971584e-001
 8.9967912e-001
 8.9961815e-001
 8.9954829e-001
 8.9948529e-001
 8.9944440e-001
 8.9944112e-001
 8.9948618e-001
 8.9957148e-001
 8.9968401e-001
 8.9981091e-001
 8.9993930e-001
 9.0005636e-001
 9.0014935e-001
 9.0020519e-001
 9.0021110e-001
 9.0016007e-001
 9.0006912e-001
 8.9996082e-001
 8.9985764e-001
 8.9978266e-001
 8.9975828e-001
 8.9980727e-001
 8.9995229e-001
 9.0021604e-001
 9.0061271e-001
 9.0112227e-001
 9.0171629e-001
 9.0236616e-001
 9.0304351e-001
 9.0371937e-001
 9.0436560e-001
 9.0495342e-001
 9.0545440e-001
 9.0584558e-001
 9.0612656e-001
 9.0630269e-001
 9.0637922e-001
 9.0636158e-001
 9.0625513e-001
 9.0606511e-001
 9.0579677e-001
 9.0545577e-001
 9.0505040e-001
 9.0460265e-001
 9.0413767e-001
 9.0368098e-001
 9.0325785e-001
 9.0289336e-001
 9.0261292e-001
 9.0244180e-001
 9.0240520e-001
 9.0252036e-001
 9.0277100e-001
 9.0313214e-001
 9.0357912e-001
 9.0408695e-001
 9.0463084e-001
 9.0518600e-001
 9.0572727e-001
 9.0623021e-001
 9.0667331e-001
 9.0705055e-001
 9.0735966e-001
 9.0759808e-001
 9.0776402e-001
 9.0785474e-001
 9.0786827e-001
 9.0780205e-001
 9.0765417e-001
 9.0742815e-001
 9.0715307e-001
 9.0686452e-001
 9.0659809e-001
 9.0638936e-001
 9.0627414e-001
 9.0628773e-001
 9.0646589e-001
 9.0684420e-001
 9.0743911e-001
 9.0818578e-001
 9.0899891e-001
 9.0979248e-001
 9.1048062e-001
 9.1098231e-001
 9.1128534e-001
 9.1143435e-001
 9.1147530e-001
 9.1145426e-001
 9.1141719e-001
 9.1140765e-001
 9.1143233e-001
 9.1146743e-001
 9.1148812e-001
 9.1146994e-001
 9.1138810e-001
 9.1122067e-001
 9.1098750e-001
 9.1074234e-001
 9.1054040e-001
 9.1043621e-001
 9.1048503e-001
 9.1073680e-001
 9.1116357e-001
 9.1167271e-001
 9.1217059e-001
 9.1256243e-001
 9.1275442e-001
 9.1265893e-001
 9.1229731e-001
 9.1178012e-001
 9.1122115e-001
 9.1073346e-001
 9.1043043e-001
 9.1041946e-001
 9.1070557e-001
 9.1120988e-001
 9.1185099e-001
 9.1254687e-001
 9.1321617e-001
 9.1378087e-001
 9.1421473e-001
 9.1453606e-001
 9.1476381e-001
 9.1491741e-001
 9.1501600e-001
 9.1507810e-001
 9.1511095e-001
 9.1511202e-001
 9.1507840e-001
 9.1500741e-001
 9.1489637e-001
 9.1474342e-001
 9.1456211e-001
 9.1437930e-001
 9.1422212e-001
 9.1411769e-001
 9.1409338e-001
 9.1417420e-001
 9.1435492e-001
 9.1460407e-001
 9.1488951e-001
 9.1517913e-001
 9.1544086e-001
 9.1564423e-001
 9.1578674e-001
 9.1589004e-001
 9.1597652e-001
 9.1606820e-001
 9.1618752e-001
 9.1635549e-001
 9.1657400e-001
 9.1682816e-001
 9.1710311e-001
 9.1738325e-001
 9.1765368e-001
 9.1789949e-001
 9.1810954e-001
 9.1827631e-001
 9.1839260e-001
 9.1845089e-001
 9.1844374e-001
 9.1836482e-001
 9.1822636e-001
 9.1805619e-001
 9.1788280e-001
 9.1773474e-001
 9.1764027e-001
 9.1762662e-001
 9.1769451e-001
 9.1782242e-001
 9.1798824e-001
 9.1816992e-001
 9.1834480e-001
 9.1849136e-001
 9.1859537e-001
 9.1864908e-001
 9.1864496e-001
 9.1857547e-001
 9.1843307e-001
 9.1821218e-001
 9.1793966e-001
 9.1767061e-001
 9.1746134e-001
 9.1736782e-001
 9.1744632e-001
 9.1774863e-001
 9.1825181e-001
 9.1886652e-001
 9.1950250e-001
 9.2006826e-001
 9.2047316e-001
 9.2063123e-001
 9.2055118e-001
 9.2032397e-001
 9.2004329e-001
 9.1980290e-001
 9.1969651e-001
 9.1981274e-001
 9.2014796e-001
 9.2061692e-001
 9.2113221e-001
 9.2160547e-001
 9.2194939e-001
 9.2208052e-001
 9.2200041e-001
 9.2178547e-001
 9.2151451e-001
 9.2126614e-001
 9.2111927e-001
 9.2114890e-001
 9.2135549e-001
 9.2167431e-001
 9.2203838e-001
 9.2238009e-001
 9.2263269e-001
 9.2273188e-001
 9.2267406e-001
 9.2250890e-001
 9.2228806e-001
 9.2206299e-001
 9.2188537e-001
 9.2180443e-001
 9.2182952e-001
 9.2193311e-001
 9.2208707e-001
 9.2226285e-001
 9.2243207e-001
 9.2256635e-001
 9.2263716e-001
 9.2262554e-001
 9.2254472e-001
 9.2241544e-001
 9.2225850e-001
 9.2209423e-001
 9.2194372e-001
 9.2182738e-001
 9.2176586e-001
 9.2177999e-001
 9.2188317e-001
 9.2206371e-001
 9.2230427e-001
 9.2258739e-001
 9.2289573e-001
 9.2321205e-001
 9.2351866e-001
 9.2379844e-001
 9.2403388e-001
 9.2421281e-001
 9.2434204e-001
 9.2443216e-001
 9.2449415e-001
 9.2453873e-001
 9.2457694e-001
 9.2461944e-001
 9.2467707e-001
 9.2476082e-001
 9.2487794e-001
 9.2502403e-001
 9.2519152e-001
 9.2537326e-001
 9.2556161e-001
 9.2574948e-001
 9.2592937e-001
 9.2609376e-001
 9.2623550e-001
 9.2634964e-001
 9.2644054e-001
 9.2651469e-001
 9.2657834e-001
 9.2663801e-001
 9.2670023e-001
 9.2677128e-001
 9.2685753e-001
 9.2696559e-001
 9.2709827e-001
 9.2724597e-001
 9.2739600e-001
 9.2753565e-001
 9.2765236e-001
 9.2773348e-001
 9.2776650e-001
 9.2773861e-001
 9.2763722e-001
 9.2745757e-001
 9.2722434e-001
 9.2696857e-001
 9.2672163e-001
 9.2651480e-001
 9.2637920e-001
 9.2634624e-001
 9.2644715e-001
 9.2671317e-001
 9.2716056e-001
 9.2775035e-001
 9.2842996e-001
 9.2914766e-001
 9.2985076e-001
 9.3048728e-001
 9.3100524e-001
 9.3135220e-001
 9.3147606e-001
 9.3134302e-001
 9.3098843e-001
 9.3046373e-001
 9.2982078e-001
 9.2911059e-001
 9.2838544e-001
 9.2769611e-001
 9.2709476e-001
 9.2663288e-001
 9.2634797e-001
 9.2622674e-001
 9.2624301e-001
 9.2637080e-001
 9.2658430e-001
 9.2685741e-001
 9.2716414e-001
 9.2747873e-001
 9.2777503e-001
 9.2802727e-001
 9.2821008e-001
 9.2831761e-001
 9.2836171e-001
 9.2835534e-001
 9.2831093e-001
 9.2824155e-001
 9.2815977e-001
 9.2807835e-001
 9.2801011e-001
 9.2796785e-001
 9.2796415e-001
 9.2801189e-001
 9.2812335e-001
 9.2829883e-001
 9.2852753e-001
 9.2879784e-001
 9.2909867e-001
 9.2941827e-001
 9.2974550e-001
 9.3006861e-001
 9.3037641e-001
 9.3065763e-001
 9.3090057e-001
 9.3109399e-001
 9.3122691e-001
 9.3129754e-001
 9.3131351e-001
 9.3128246e-001
 9.3121225e-001
 9.3111086e-001
 9.3098587e-001
 9.3084514e-001
 9.3069673e-001
 9.3054819e-001
 9.3040746e-001
 9.3028235e-001
 9.3018049e-001
 9.3010420e-001
 9.3005073e-001
 9.3001693e-001
 9.2999989e-001
 9.2999667e-001
 9.3000406e-001
 9.3001926e-001
 9.3003905e-001
 9.3006068e-001
 9.3008083e-001
 9.3009663e-001
 9.3010527e-001
 9.3010587e-001
 9.3009967e-001
 9.3008804e-001
 9.3007231e-001
 9.3005401e-001
 9.3003440e-001
 9.3001491e-001
 9.2998892e-001
 9.2996562e-001
 9.3001002e-001
 9.3012595e-001
 9.3028432e-001
 9.3045497e-001
 9.3060750e-001
 9.3071252e-001
 9.3075669e-001
 9.3074268e-001
 9.3067408e-001
 9.3055433e-001
 9.3038738e-001
 9.3018645e-001
 9.2997372e-001
 9.2977172e-001
 9.2960316e-001
 9.2948985e-001
 9.2943102e-001
 9.2940402e-001
 9.2938554e-001
 9.2935205e-001
 9.2928034e-001
 9.2915469e-001
 9.2899030e-001
 9.2880982e-001
 9.2863584e-001
 9.2849088e-001
 9.2839754e-001
 9.2837125e-001
 9.2839962e-001
 9.2846358e-001
 9.2854381e-001
 9.2862147e-001
 9.2867732e-001
 9.2869216e-001
 9.2865229e-001
 9.2856365e-001
 9.2843711e-001
 9.2828345e-001
 9.2811340e-001
 9.2793792e-001
 9.2776763e-001
 9.2761344e-001
 9.2748475e-001
 9.2738640e-001
 9.2732185e-001
 9.2729455e-001
 9.2730808e-001
 9.2736602e-001
 9.2747188e-001
 9.2762923e-001
 9.2783779e-001
 9.2808330e-001
 9.2834800e-001
 9.2861456e-001
 9.2886519e-001
 9.2908233e-001
 9.2924851e-001
 9.2934585e-001
 9.2936200e-001
 9.2930233e-001
 9.2917675e-001
 9.2899483e-001
 9.2876643e-001
 9.2850131e-001
 9.2820913e-001
 9.2789972e-001
 9.2758292e-001
 9.2726833e-001
 9.2696571e-001
 9.2668492e-001
 9.2643440e-001
 9.2621839e-001
 9.2604005e-001
 9.2590255e-001
 9.2580909e-001
 9.2576283e-001
 9.2576700e-001
 9.2582470e-001
 9.2593926e-001
 9.2611361e-001
 9.2635119e-001
 9.2665499e-001
 9.2702454e-001
 9.2744583e-001
 9.2790198e-001
 9.2837626e-001
 9.2885137e-001
 9.2931062e-001
 9.2973697e-001
 9.3011379e-001
 9.3042380e-001
 9.3065023e-001
 9.3077618e-001
 9.3079090e-001
 9.3070567e-001
 9.3053657e-001
 9.3029964e-001
 9.3001074e-001
 9.2968619e-001
 9.2934179e-001
 9.2899382e-001
 9.2865807e-001
 9.2835075e-001
 9.2808348e-001
 9.2785269e-001
 9.2765141e-001
 9.2747253e-001
 9.2730922e-001
 9.2715454e-001
 9.2700160e-001
 9.2684346e-001
 9.2667300e-001
 9.2648363e-001
 9.2627114e-001
 9.2604256e-001
 9.2580670e-001
 9.2557269e-001
 9.2534959e-001
 9.2514634e-001
 9.2497182e-001
 9.2483538e-001
 9.2474568e-001
 9.2471218e-001
 9.2473894e-001
 9.2481607e-001
 9.2493010e-001
 9.2506748e-001
 9.2521477e-001
 9.2535877e-001
 9.2548597e-001
 9.2558289e-001
 9.2563611e-001
 9.2563653e-001
 9.2558879e-001
 9.2550063e-001
 9.2537975e-001
 9.2523372e-001
 9.2507035e-001
 9.2489719e-001
 9.2472202e-001
 9.2454940e-001
 9.2437363e-001
 9.2418706e-001
 9.2398208e-001
 9.2375082e-001
 9.2348570e-001
 9.2317903e-001
 9.2282295e-001
 9.2241472e-001
 9.2196697e-001
 9.2149562e-001
 9.2101669e-001
 9.2054600e-001
 9.2009956e-001
 9.1969323e-001
 9.1934294e-001
 9.1906637e-001
 9.1888678e-001
 9.1882867e-001
 9.1891652e-001
 9.1917467e-001
 9.1962749e-001
 9.2029959e-001
 9.2118835e-001
 9.2220485e-001
 9.2324293e-001
 9.2419648e-001
 9.2495966e-001
 9.2542607e-001
 9.2553186e-001
 9.2534643e-001
 9.2496556e-001
 9.2448491e-001
 9.2400032e-001
 9.2360759e-001
 9.2337513e-001
 9.2328566e-001
 9.2330533e-001
 9.2340004e-001
 9.2353570e-001
 9.2367858e-001
 9.2380458e-001
 9.2392051e-001
 9.2403966e-001
 9.2417502e-001
 9.2433941e-001
 9.2454612e-001
 9.2479628e-001
 9.2505473e-001
 9.2527950e-001
 9.2542833e-001
 9.2545927e-001
 9.2533004e-001
 9.2502576e-001
 9.2461449e-001
 9.2418027e-001
 9.2380708e-001
 9.2357880e-001
 9.2357951e-001
 9.2385352e-001
 9.2432404e-001
 9.2489201e-001
 9.2545766e-001
 9.2592186e-001
 9.2618501e-001
 9.2618960e-001
 9.2600316e-001
 9.2571729e-001
 9.2542338e-001
 9.2521298e-001
 9.2517728e-001
 9.2537296e-001
 9.2575192e-001
 9.2624694e-001
 9.2679071e-001
 9.2731583e-001
 9.2775476e-001
 9.2805529e-001
 9.2820984e-001
 9.2821902e-001
 9.2808336e-001
 9.2780358e-001
 9.2738271e-001
 9.2685914e-001
 9.2629832e-001
 9.2576671e-001
 9.2533028e-001
 9.2504990e-001
 9.2490864e-001
 9.2483020e-001
 9.2473710e-001
 9.2455119e-001
 9.2420208e-001
 9.2372113e-001
 9.2321748e-001
 9.2280161e-001
 9.2258430e-001
 9.2266649e-001
 9.2301083e-001
 9.2347556e-001
 9.2391670e-001
 9.2418993e-001
 9.2416346e-001
 9.2388040e-001
 9.2351449e-001
 9.2324251e-001
 9.2324144e-001
 9.2367208e-001
 9.2447132e-001
 9.2540991e-001
 9.2625505e-001
 9.2677283e-001
 9.2674774e-001
 9.2620707e-001
 9.2535716e-001
 9.2440903e-001
 9.2357314e-001
 9.2304778e-001
 9.2285842e-001
 9.2290395e-001
 9.2308050e-001
 9.2328382e-001
 9.2341393e-001
 9.2342323e-001
 9.2330265e-001
 9.2304397e-001
 9.2263889e-001
 9.2208505e-001
 9.2146379e-001
 9.2091620e-001
 9.2058522e-001
 9.2061299e-001
 9.2112696e-001
 9.2204201e-001
 9.2312109e-001
 9.2412382e-001
 9.2480975e-001
 9.2495668e-001
 9.2459452e-001
 9.2393249e-001
 9.2318362e-001
 9.2256123e-001
 9.2226601e-001
 9.2233312e-001
 9.2268008e-001
 9.2322153e-001
 9.2387253e-001
 9.2454815e-001
 9.2516679e-001
 9.2564887e-001
 9.2591512e-001
 9.2588615e-001
 9.2549461e-001
 9.2483062e-001
 9.2409539e-001
 9.2349219e-001
 9.2322403e-001
 9.2347497e-001
 9.2417628e-001
 9.2508328e-001
 9.2594773e-001
 9.2652130e-001
 9.2657620e-001
 9.2614979e-001
 9.2546296e-001
 9.2474031e-001
 9.2420632e-001
 9.2406881e-001
 9.2431670e-001
 9.2478842e-001
 9.2531997e-001
 9.2574644e-001
 9.2591572e-001
 9.2582542e-001
 9.2557669e-001
 9.2527246e-001
 9.2501581e-001
 9.2490333e-001
 9.2495358e-001
 9.2513174e-001
 9.2540199e-001
 9.2572856e-001
 9.2607480e-001
 9.2639714e-001
 9.2664611e-001
 9.2677283e-001
 9.2672795e-001
 9.2647010e-001
 9.2605245e-001
 9.2559195e-001
 9.2520666e-001
 9.2501456e-001
 9.2512131e-001
 9.2547888e-001
 9.2593640e-001
 9.2634141e-001
 9.2654127e-001
 9.2639726e-001
 9.2594016e-001
 9.2531282e-001
 9.2466015e-001
 9.2412746e-001
 9.2384738e-001
 9.2380708e-001
 9.2389703e-001
 9.2400622e-001
 9.2402345e-001
 9.2384738e-001
 9.2349190e-001
 9.2304641e-001
 9.2260200e-001
 9.2224938e-001
 9.2207098e-001
 9.2204958e-001
 9.2210281e-001
 9.2214710e-001
 9.2209899e-001
 9.2188525e-001
 9.2155111e-001
 9.2121899e-001
 9.2101234e-001
 9.2105466e-001
 9.2145514e-001
 9.2215127e-001
 9.2297089e-001
 9.2373973e-001
 9.2428380e-001
 9.2444390e-001
 9.2423618e-001
 9.2378855e-001
 9.2323059e-001
 9.2269242e-001
 9.2229646e-001
 9.2208236e-001
 9.2203712e-001
 9.2214686e-001
 9.2239779e-001
 9.2277467e-001
 9.2324895e-001
 9.2378330e-001
 9.2434007e-001
 9.2488205e-001
 9.2537320e-001
 9.2579448e-001
 9.2613763e-001
 9.2639428e-001
 9.2655641e-001
 9.2661804e-001
 9.2659938e-001
 9.2653656e-001
 9.2646635e-001
 9.2642510e-001
 9.2644483e-001
 9.2650586e-001
 9.2655653e-001
 9.2654485e-001
 9.2641854e-001
 9.2613310e-001
 9.2572397e-001
 9.2527658e-001
 9.2487675e-001
 9.2461097e-001
 9.2455608e-001
 9.2469078e-001
 9.2493361e-001
 9.2520213e-001
 9.2541391e-001
 9.2549497e-001
 9.2546159e-001
 9.2538524e-001
 9.2533827e-001
 9.2539287e-001
 9.2561275e-001
 9.2596889e-001
 9.2637616e-001
 9.2674893e-001
 9.2700136e-001
 9.2705685e-001
 9.2693508e-001
 9.2671430e-001
 9.2647326e-001
 9.2629081e-001
 9.2623949e-001
 9.2632526e-001
 9.2651421e-001
 9.2677194e-001
 9.2706406e-001
 9.2735666e-001
 9.2762095e-001
 9.2783141e-001
 9.2796242e-001
 9.2798859e-001
 9.2788708e-001
 9.2766494e-001
 9.2734671e-001
 9.2695683e-001
 9.2652041e-001
 9.2606485e-001
 9.2564642e-001
 9.2533809e-001
 9.2521369e-001
 9.2534643e-001
 9.2579716e-001
 9.2649865e-001
 9.2730796e-001
 9.2808211e-001
 9.2867780e-001
 9.2896527e-001
 9.2895210e-001
 9.2872596e-001
 9.2837501e-001
 9.2798775e-001
 9.2764735e-001
 9.2738330e-001
 9.2719424e-001
 9.2707819e-001
 9.2703348e-001
 9.2705798e-001
 9.2714560e-001
 9.2728812e-001
 9.2747724e-001
 9.2770493e-001
 9.2796081e-001
 9.2821658e-001
 9.2843342e-001
 9.2857248e-001
 9.2859477e-001
 9.2846823e-001
 9.2822903e-001
 9.2795140e-001
 9.2771059e-001
 9.2758113e-001
 9.2762780e-001
 9.2781609e-001
 9.2805505e-001
 9.2825371e-001
 9.2832071e-001
 9.2817593e-001
 9.2784488e-001
 9.2741293e-001
 9.2696548e-001
 9.2658836e-001
 9.2635840e-001
 9.2626965e-001
 9.2626989e-001
 9.2630613e-001
 9.2632562e-001
 9.2627978e-001
 9.2615783e-001
 9.2597061e-001
 9.2572862e-001
 9.2544276e-001
 9.2512637e-001
 9.2481536e-001
 9.2455852e-001
 9.2440456e-001
 9.2440242e-001
 9.2459190e-001
 9.2493027e-001
 9.2532986e-001
 9.2570192e-001
 9.2595840e-001
 9.2602068e-001
 9.2590141e-001
 9.2566252e-001
 9.2536664e-001
 9.2507613e-001
 9.2484957e-001
 9.2470795e-001
 9.2465246e-001
 9.2468411e-001
 9.2480361e-001
 9.2500794e-001
 9.2525566e-001
 9.2548519e-001
 9.2563450e-001
 9.2564189e-001
 9.2545480e-001
 9.2510480e-001
 9.2466843e-001
 9.2422259e-001
 9.2384386e-001
 9.2360163e-001
 9.2349398e-001
 9.2348212e-001
 9.2352676e-001
 9.2358863e-001
 9.2363137e-001
 9.2364430e-001
 9.2363054e-001
 9.2359293e-001
 9.2353457e-001
 9.2345989e-001
 9.2338401e-001
 9.2332846e-001
 9.2331421e-001
 9.2336255e-001
 9.2348742e-001
 9.2363918e-001
 9.2373514e-001
 9.2369258e-001
 9.2342836e-001
 9.2287564e-001
 9.2210609e-001
 9.2126298e-001
 9.2048991e-001
 9.1993064e-001
 9.1970974e-001
 9.1978717e-001
 9.2003846e-001
 9.2033803e-001
 9.2056084e-001
 9.2059273e-001
 9.2041439e-001
 9.2005491e-001
 9.1954380e-001
 9.1891062e-001
 9.1818672e-001
 9.1741753e-001
 9.1665614e-001
 9.1595536e-001
 9.1536880e-001
 9.1493970e-001
 9.1463178e-001
 9.1436857e-001
 9.1407317e-001
 9.1366893e-001
 9.1308779e-001
 9.1233432e-001
 9.1145009e-001
 9.1047657e-001
 9.0945524e-001
 9.0841454e-001
 9.0727574e-001
 9.0590668e-001
 9.0417445e-001
 9.0194660e-001
 8.9909023e-001
 8.9547789e-001
 8.9098263e-001
 8.8547766e-001
 8.7883484e-001
 8.7099940e-001
 8.6247581e-001
 8.5404605e-001
 8.4649235e-001
 8.4060240e-001
 8.3705616e-001
 8.3570677e-001
 8.3600420e-001
 8.3739597e-001
 8.3932853e-001
 8.4128118e-001
 8.4299195e-001
 8.4432423e-001
 8.4514123e-001
 8.4530699e-001
 8.4471089e-001
 8.4344310e-001
 8.4169245e-001
 8.3964700e-001
 8.3749533e-001
 8.3541226e-001
 8.3346450e-001
 8.3166862e-001
 8.3003938e-001
 8.2859188e-001
 8.2734311e-001
 8.2632470e-001
 8.2557428e-001
 8.2512975e-001
 8.2502896e-001
 8.2530355e-001
 8.2593423e-001
 8.2687843e-001
 8.2809329e-001
 8.2953542e-001
 8.3116096e-001
 8.3291876e-001
 8.3475393e-001
 8.3661211e-001
 8.3843726e-001
 8.4018451e-001
 8.4187877e-001
 8.4357828e-001
 8.4534031e-001
 8.4722334e-001
 8.4927064e-001
 8.5141087e-001
 8.5351825e-001
 8.5546809e-001
 8.5713542e-001
 8.5841614e-001
 8.5936618e-001
 8.6011440e-001
 8.6079061e-001
 8.6152434e-001
 8.6242926e-001
 8.6349362e-001
 8.6465013e-001
 8.6583048e-001
 8.6696720e-001
 8.6800027e-001
 8.6893612e-001
 8.6981046e-001
 8.7065911e-001
 8.7151808e-001
 8.7241310e-001
 8.7329751e-001
 8.7409180e-001
 8.7471622e-001
 8.7509090e-001
 8.7515342e-001
 8.7497097e-001
 8.7466788e-001
 8.7436920e-001
 8.7419969e-001
 8.7426746e-001
 8.7455660e-001
 8.7499553e-001
 8.7551302e-001
 8.7603766e-001
 8.7650889e-001
 8.7694633e-001
 8.7740409e-001
 8.7793726e-001
 8.7860048e-001
 8.7943512e-001
 8.8038236e-001
 8.8134062e-001
 8.8220775e-001
 8.8288200e-001
 8.8327992e-001
 8.8345647e-001
 8.8352615e-001
 8.8360375e-001
 8.8380438e-001
 8.8422227e-001
 8.8480687e-001
 8.8544470e-001
 8.8602221e-001
 8.8642514e-001
 8.8657051e-001
 8.8658935e-001
 8.8670534e-001
 8.8714242e-001
 8.8812464e-001
 8.8982356e-001
 8.9204425e-001
 8.9443535e-001
 8.9664292e-001
 8.9831513e-001
 8.9915258e-001
 8.9922643e-001
 8.9876515e-001
 8.9799839e-001
 8.9715528e-001
 8.9644361e-001
 8.9592308e-001
 8.9559031e-001
 8.9544165e-001
 8.9547378e-001
 8.9568549e-001
 8.9609158e-001
 8.9671355e-001
 8.9757299e-001
 8.9869159e-001
 9.0006995e-001
 9.0156871e-001
 9.0298998e-001
 9.0413588e-001
 9.0480751e-001
 9.0484506e-001
 9.0434492e-001
 9.0350950e-001
 9.0254229e-001
 9.0164614e-001
 9.0100032e-001
 9.0062463e-001
 9.0047300e-001
 9.0049917e-001
 9.0065712e-001
 9.0090710e-001
 9.0125293e-001
 9.0171593e-001
 9.0231764e-001
 9.0307951e-001
 9.0401268e-001
 9.0505618e-001
 9.0612113e-001
 9.0711784e-001
 9.0795743e-001
 9.0855151e-001
 9.0887618e-001
 9.0900731e-001
 9.0902865e-001
 9.0902430e-001
 9.0907806e-001
 9.0927309e-001
 9.0963650e-001
 9.1011077e-001
 9.1063112e-001
 9.1113257e-001
 9.1155064e-001
 9.1182131e-001
 9.1192722e-001
 9.1192144e-001
 9.1186285e-001
 9.1181040e-001
 9.1182297e-001
 9.1195881e-001
 9.1223216e-001
 9.1259259e-001
 9.1298354e-001
 9.1334891e-001
 9.1363245e-001
 9.1377896e-001
 9.1377908e-001
 9.1369271e-001
 9.1358513e-001
 9.1352165e-001
 9.1356748e-001
 9.1378713e-001
 9.1418803e-001
 9.1469437e-001
 9.1522336e-001
 9.1569257e-001
 9.1601890e-001
 9.1611999e-001
 9.1593087e-001
 9.1549772e-001
 9.1491014e-001
 9.1425711e-001
 9.1362798e-001
 9.1311181e-001
 9.1279787e-001
 9.1276062e-001
 9.1298169e-001
 9.1340750e-001
 9.1398478e-001
 9.1465974e-001
 9.1537875e-001
 9.1608852e-001
 9.1674030e-001
 9.1731447e-001
 9.1780275e-001
 9.1819704e-001
 9.1848892e-001
 9.1867006e-001
 9.1873223e-001
 9.1867250e-001
 9.1852111e-001
 9.1832042e-001
 9.1811293e-001
 9.1794109e-001
 9.1784734e-001
 9.1787440e-001
 9.1805518e-001
 9.1836643e-001
 9.1876429e-001
 9.1920483e-001
 9.1964394e-001
 9.2003739e-001
 9.2034149e-001
 9.2051870e-001
 9.2057025e-001
 9.2051166e-001
 9.2035866e-001
 9.2012686e-001
 9.1983151e-001
 9.1948855e-001
 9.1911447e-001
 9.1873205e-001
 9.1836601e-001
 9.1804177e-001
 9.1778409e-001
 9.1761804e-001
 9.1756845e-001
 9.1765493e-001
 9.1786540e-001
 9.1817623e-001
 9.1856396e-001
 9.1900533e-001
 9.1947633e-001
 9.1995376e-001
 9.2041421e-001
 9.2083633e-001
 9.2119879e-001
 9.2148083e-001
 9.2166150e-001
 9.2171979e-001
 9.2163455e-001
 9.2139268e-001
 9.2102432e-001
 9.2057532e-001
 9.2009097e-001
 9.1961753e-001
 9.1920048e-001
 9.1888547e-001
 9.1871017e-001
 9.1866672e-001
 9.1873145e-001
 9.1888034e-001
 9.1908967e-001
 9.1933560e-001
 9.1959423e-001
 9.1984475e-001
 9.2008287e-001
 9.2030996e-001
 9.2052740e-001
 9.2073655e-001
 9.2093903e-001
 9.2113602e-001
 9.2132777e-001
 9.2150789e-001
 9.2166770e-001
 9.2179847e-001
 9.2189151e-001
 9.2193806e-001
 9.2192936e-001
 9.2185968e-001
 9.2173803e-001
 9.2157924e-001
 9.2139781e-001
 9.2120796e-001
 9.2102456e-001
 9.2086196e-001
 9.2073268e-001
 9.2063808e-001
 9.2057592e-001
 9.2054367e-001
 9.2053920e-001
 9.2055988e-001
 9.2060369e-001
 9.2066807e-001
 9.2074990e-001
 9.2084539e-001
 9.2095041e-001
 9.2106104e-001
 9.2117316e-001
 9.2128277e-001
 9.2138588e-001
 9.2147857e-001
 9.2156070e-001
 9.2163700e-001
 9.2171264e-001
 9.2179263e-001
 9.2188209e-001
 9.2198604e-001
 9.2210960e-001
 9.2225766e-001
 9.2243093e-001
 9.2262441e-001
 9.2283320e-001
 9.2305195e-001
 9.2327553e-001
 9.2349863e-001
 9.2371619e-001
 9.2392296e-001
 9.2411321e-001
 9.2427981e-001
 9.2441618e-001
 9.2451531e-001
 9.2457050e-001
 9.2457485e-001
 9.2452145e-001
 9.2440373e-001
 9.2422104e-001
 9.2397976e-001
 9.2368746e-001
 9.2335099e-001
 9.2297781e-001
 9.2257476e-001
 9.2214924e-001
 9.2170852e-001
 9.2126328e-001
 9.2082858e-001
 9.2041969e-001
 9.2005217e-001
 9.1974121e-001
 9.1950226e-001
 9.1935056e-001
 9.1930097e-001
 9.1934937e-001
 9.1946918e-001
 9.1963196e-001
 9.1980946e-001
 9.1997343e-001
 9.2009574e-001
 9.2014819e-001
 9.2010301e-001
 9.1995287e-001
 9.1971451e-001
 9.1940641e-001
 9.1904646e-001
 9.1865337e-001
 9.1824526e-001
 9.1784042e-001
 9.1745687e-001
 9.1710651e-001
 9.1679311e-001
 9.1652036e-001
 9.1629153e-001
 9.1611046e-001
 9.1598064e-001
 9.1590536e-001
 9.1588825e-001
 9.1592681e-001
 9.1601181e-001
 9.1613400e-001
 9.1628349e-001
 9.1645092e-001
 9.1662681e-001
 9.1680145e-001
 9.1696531e-001
 9.1710913e-001
 9.1722322e-001
 9.1729826e-001
 9.1732490e-001
 9.1729385e-001
 9.1719532e-001
 9.1702020e-001
 9.1675955e-001
 9.1642183e-001
 9.1603547e-001
 9.1563022e-001
 9.1523576e-001
 9.1488159e-001
 9.1459715e-001
 9.1441256e-001
 9.1435623e-001
 9.1443527e-001
 9.1463095e-001
 9.1492331e-001
 9.1529202e-001
 9.1571736e-001
 9.1617918e-001
 9.1665757e-001
 9.1713226e-001
 9.1758460e-001
 9.1799718e-001
 9.1835272e-001
 9.1863364e-001
 9.1882253e-001
 9.1890240e-001
 9.1885549e-001
 9.1866535e-001
 9.1833246e-001
 9.1787714e-001
 9.1732097e-001
 9.1668481e-001
 9.1599053e-001
 9.1525954e-001
 9.1451275e-001
 9.1377163e-001
 9.1305226e-001
 9.1236442e-001
 9.1171801e-001
 9.1112256e-001
 9.1058815e-001
 9.1012430e-001
 9.0974081e-001
 9.0944749e-001
 9.0925336e-001
 9.0915483e-001
 9.0913302e-001
 9.0916854e-001
 9.0924239e-001
 9.0933490e-001
 9.0942675e-001
 9.0949875e-001
 9.0953147e-001
 9.0950537e-001
 9.0940201e-001
 9.0921962e-001
 9.0897512e-001
 9.0868640e-001
 9.0837139e-001
 9.0804791e-001
 9.0773380e-001
 9.0744704e-001
 9.0720558e-001
 9.0702713e-001
 9.0692908e-001
 9.0691286e-001
 9.0696287e-001
 9.0706259e-001
 9.0719575e-001
 9.0734565e-001
 9.0749604e-001
 9.0763032e-001
 9.0773219e-001
 9.0778500e-001
 9.0777278e-001
 9.0768832e-001
 9.0753400e-001
 9.0731257e-001
 9.0702683e-001
 9.0667969e-001
 9.0627384e-001
 9.0581232e-001
 9.0529752e-001
 9.0473264e-001
 9.0412045e-001
 9.0346467e-001
 9.0277040e-001
 9.0204245e-001
 9.0128618e-001
 9.0050632e-001
 8.9970809e-001
 8.9889616e-001
 8.9807606e-001
 8.9725226e-001
 8.9643002e-001
 8.9560854e-001
 8.9478219e-001
 8.9394486e-001
 8.9309037e-001
 8.9221269e-001
 8.9130533e-001
 8.9036274e-001
 8.8937861e-001
 8.8834667e-001
 8.8726050e-001
 8.8611138e-001
 8.8488626e-001
 8.8357258e-001
 8.8215721e-001
 8.8062805e-001
 8.7897205e-001
 8.7717652e-001
 8.7522882e-001
 8.7311554e-001
 8.7082505e-001
 8.6834407e-001
 8.6565965e-001
 8.6275816e-001
 8.5962832e-001
 8.5625648e-001
 8.5262960e-001
 8.4873420e-001
 8.4455895e-001
 8.4009010e-001
 8.3531582e-001
 8.3024359e-001
 8.2490569e-001
 8.1933147e-001
 8.1355196e-001
 8.0759752e-001
 8.0149746e-001
 7.9528546e-001
 7.8899068e-001
 7.8264374e-001
 7.7627462e-001
 7.6993322e-001
 7.6367998e-001
 7.5757796e-001
 7.5168866e-001
 7.4607760e-001
 7.4080622e-001
 7.3593736e-001
 7.3153389e-001
 7.2765768e-001
 7.2437137e-001
 7.2168565e-001
 7.1956414e-001
 7.1796823e-001
 7.1686053e-001
 7.1620220e-001
 7.1595502e-001
 7.1608073e-001
 7.1654105e-001
 7.1729755e-001
 7.1831226e-001
 7.1954817e-001
 7.2097033e-001
 7.2254282e-001
 7.2423047e-001
 7.2599804e-001
 7.2781068e-001
 7.2963214e-001
 7.3142755e-001
 7.3316151e-001
 7.3480034e-001
 7.3633492e-001
 7.3778158e-001
 7.3915744e-001
 7.4048012e-001
 7.4176598e-001
 7.4303228e-001
 7.4429625e-001
 7.4557513e-001
 7.4688613e-001
 7.4824506e-001
 7.4965096e-001
 7.5108647e-001
 7.5253379e-001
 7.5397414e-001
 7.5538981e-001
 7.5676239e-001
 7.5807452e-001
 7.5930703e-001
 7.6044232e-001
 7.6146305e-001
 7.6236850e-001
 7.6317346e-001
 7.6389277e-001
 7.6454222e-001
 7.6513672e-001
 7.6569188e-001
 7.6622277e-001
 7.6674467e-001
 7.6727295e-001
 7.6782262e-001
 7.6840198e-001
 7.6901376e-001
 7.6966006e-001
 7.7034330e-001
 7.7106601e-001
 7.7182996e-001
 7.7263790e-001
 7.7349192e-001
 7.7439457e-001
 7.7534747e-001
 7.7634692e-001
 7.7738345e-001
 7.7844775e-001
 7.7952987e-001
 7.8062046e-001
 7.8170991e-001
 7.8278893e-001
 7.8384751e-001
 7.8487617e-001
 7.8586608e-001
 7.8681821e-001
 7.8774279e-001
 7.8864992e-001
 7.8955019e-001
 7.9045409e-001
 7.9137212e-001
 7.9231447e-001
 7.9329163e-001
 7.9431415e-001
 7.9539192e-001
 7.9652113e-001
 7.9768676e-001
 7.9887331e-001
 8.0006546e-001
 8.0124784e-001
 8.0240428e-001
 8.0351967e-001
 8.0457848e-001
 8.0556542e-001
 8.0646527e-001
 8.0728000e-001
 8.0802536e-001
 8.0871791e-001
 8.0937368e-001
 8.1000924e-001
 8.1064087e-001
 8.1128502e-001
 8.1195807e-001
 8.1267607e-001
 8.1345505e-001
 8.1429887e-001
 8.1520158e-001
 8.1615621e-001
 8.1715661e-001
 8.1819612e-001
 8.1926852e-001
 8.2036674e-001
 8.2148457e-001
 8.2261556e-001
 8.2375282e-001
 8.2488656e-001
 8.2600266e-001
 8.2708812e-001
 8.2812953e-001
 8.2911342e-001
 8.3002609e-001
 8.3085442e-001
 8.3158481e-001
 8.3220398e-001
 8.3269942e-001
 8.3308035e-001
 8.3337384e-001
 8.3360773e-001
 8.3380944e-001
 8.3400673e-001
 8.3422738e-001
 8.3449888e-001
 8.3484906e-001
 8.3530551e-001
 8.3589429e-001
 8.3661389e-001
 8.3743966e-001
 8.3834583e-001
 8.3930737e-001
 8.4029841e-001
 8.4129405e-001
 8.4226823e-001
 8.4319586e-001
 8.4405142e-001
 8.4481066e-001
 8.4547085e-001
 8.4604609e-001
 8.4655154e-001
 8.4700221e-001
 8.4741324e-001
 8.4779930e-001
 8.4817559e-001
 8.4855723e-001
 8.4895909e-001
 8.4939533e-001
 8.4986675e-001
 8.5036337e-001
 8.5087454e-001
 8.5138988e-001
 8.5189879e-001
 8.5239083e-001
 8.5285556e-001
 8.5328257e-001
 8.5366118e-001
 8.5398155e-001
 8.5424113e-001
 8.5444385e-001
 8.5459346e-001
 8.5469383e-001
 8.5474896e-001
 8.5476279e-001
 8.5473907e-001
 8.5468179e-001
 8.5459489e-001
 8.5448271e-001
 8.5435516e-001
 8.5422719e-001
 8.5411346e-001
 8.5402924e-001
 8.5398901e-001
 8.5400790e-001
 8.5410076e-001
 8.5428244e-001
 8.5456795e-001
 8.5497028e-001
 8.5547537e-001
 8.5604781e-001
 8.5665137e-001
 8.5725009e-001
 8.5780764e-001
 8.5828799e-001
 8.5865504e-001
 8.5887271e-001
 8.5890466e-001
 8.5871828e-001
 8.5832942e-001
 8.5779196e-001
 8.5716128e-001
 8.5649246e-001
 8.5584044e-001
 8.5526037e-001
 8.5480714e-001
 8.5453629e-001
 8.5450250e-001
 8.5475713e-001
 8.5529107e-001
 8.5604846e-001
 8.5697287e-001
 8.5800749e-001
 8.5909599e-001
 8.6018097e-001
 8.6120617e-001
 8.6211479e-001
 8.6285025e-001
 8.6335945e-001
 8.6364454e-001
 8.6375010e-001
 8.6372143e-001
 8.6360371e-001
 8.6344236e-001
 8.6328280e-001
 8.6317027e-001
 8.6315030e-001
 8.6326808e-001
 8.6356562e-001
 8.6403698e-001
 8.6464036e-001
 8.6533242e-001
 8.6607033e-001
 8.6681104e-001
 8.6751175e-001
 8.6812967e-001
 8.6862147e-001
 8.6894429e-001
 8.6905843e-001
 8.6896616e-001
 8.6870188e-001
 8.6830056e-001
 8.6779720e-001
 8.6722636e-001
 8.6662364e-001
 8.6602360e-001
 8.6546141e-001
 8.6497188e-001
 8.6458755e-001
 8.6430734e-001
 8.6410522e-001
 8.6395472e-001
 8.6382914e-001
 8.6370218e-001
 8.6354709e-001
 8.6333752e-001
 8.6304671e-001
 8.6264831e-001
 8.6211765e-001
 8.6145639e-001
 8.6068481e-001
 8.5982424e-001
 8.5889560e-001
 8.5791981e-001
 8.5691786e-001
 8.5591048e-001
 8.5491925e-001
 8.5396481e-001
 8.5306698e-001
 8.5222757e-001
 8.5143650e-001
 8.5068303e-001
 8.4995621e-001
 8.4924525e-001
 8.4853971e-001
 8.4782875e-001
 8.4710163e-001
 8.4634751e-001
 8.4555620e-001
 8.4472281e-001
 8.4384644e-001
 8.4292614e-001
 8.4196073e-001
 8.4094971e-001
 8.3989209e-001
 8.3878684e-001
 8.3763295e-001
 8.3642989e-001
 8.3517665e-001
 8.3387178e-001
 8.3251393e-001
 8.3110130e-001
 8.2963312e-001
 8.2810760e-001
 8.2652324e-001
 8.2487810e-001
 8.2317179e-001
 8.2140213e-001
 8.1956857e-001
 8.1767863e-001
 8.1574750e-001
 8.1378907e-001
 8.1181759e-001
 8.0984741e-001
 8.0789238e-001
 8.0596787e-001
 8.0408758e-001
 8.0226594e-001
 8.0051666e-001
 7.9885256e-001
 7.9728377e-001
 7.9582095e-001
 7.9447412e-001
 7.9325455e-001
 7.9217237e-001
 7.9123825e-001
 7.9046232e-001
 7.8985560e-001
 7.8942680e-001
 7.8916466e-001
 7.8904450e-001
 7.8904140e-001
 7.8913027e-001
 7.8928614e-001
 7.8948408e-001
 7.8969908e-001
 7.8990614e-001
 7.9008019e-001
 7.9019809e-001
 7.9025716e-001
 7.9026830e-001
 7.9024279e-001
 7.9019201e-001
 7.9012710e-001
 7.9005951e-001
 7.9000020e-001
 7.8996080e-001
 7.8995246e-001
 7.8998590e-001
 7.9006672e-001
 7.9019707e-001
 7.9037887e-001
 7.9061437e-001
 7.9090536e-001
 7.9125386e-001
 7.9166192e-001
 7.9213160e-001
 7.9266506e-001
 7.9326367e-001
 7.9392433e-001
 7.9464054e-001
 7.9540610e-001
 7.9621440e-001
 7.9705882e-001
 7.9793316e-001
 7.9883134e-001
 7.9974622e-001
 8.0067164e-001
 8.0160087e-001
 8.0252147e-001
 8.0341703e-001
 8.0427158e-001
 8.0506921e-001
 8.0579358e-001
 8.0642897e-001
 8.0695879e-001
 8.0736732e-001
 8.0763823e-001
 8.0775672e-001
 8.0772072e-001
 8.0753672e-001
 8.0721110e-001
 8.0675036e-001
 8.0616099e-001
 8.0544949e-001
 8.0462241e-001
 8.0368608e-001
 8.0264676e-001
 8.0151129e-001
 8.0028194e-001
 7.9895949e-001
 7.9754424e-001
 7.9603755e-001
 7.9443961e-001
 7.9275107e-001
 7.9097217e-001
 7.8910434e-001
 7.8714776e-001
 7.8510457e-001
 7.8299183e-001
 7.8083551e-001
 7.7866334e-001
 7.7650154e-001
 7.7437651e-001
 7.7231479e-001
 7.7034372e-001
 7.6848966e-001
 7.6677912e-001
 7.6523542e-001
 7.6384914e-001
 7.6258934e-001
 7.6142472e-001
 7.6032442e-001
 7.5925785e-001
 7.5819391e-001
 7.5710142e-001
 7.5594962e-001
 7.5470716e-001
 7.5334716e-001
 7.5187939e-001
 7.5033683e-001
 7.4875170e-001
 7.4715799e-001
 7.4558836e-001
 7.4407583e-001
 7.4265295e-001
 7.4135351e-001
 7.4021018e-001
 7.3925370e-001
 7.3849142e-001
 7.3791671e-001
 7.3752284e-001
 7.3730308e-001
 7.3725051e-001
 7.3735851e-001
 7.3762000e-001
 7.3802847e-001
 7.3857683e-001
 7.3925763e-001
 7.4005115e-001
 7.4093169e-001
 7.4187320e-001
 7.4284965e-001
 7.4383527e-001
 7.4480373e-001
 7.4572915e-001
 7.4658549e-001
 7.4734688e-001
 7.4798924e-001
 7.4851066e-001
 7.4892211e-001
 7.4923426e-001
 7.4945813e-001
 7.4960470e-001
 7.4968481e-001
 7.4970925e-001
 7.4968916e-001
 7.4963528e-001
 7.4955821e-001
 7.4946308e-001
 7.4935240e-001
 7.4922866e-001
 7.4909413e-001
 7.4895138e-001
 7.4880260e-001
 7.4865037e-001
 7.4849701e-001
 7.4834502e-001
 7.4819642e-001
 7.4805266e-001
 7.4791425e-001
 7.4778169e-001
 7.4765539e-001
 7.4753606e-001
 7.4742424e-001
 7.4732035e-001
 7.4722499e-001
 7.4713868e-001
 7.4706113e-001
 7.4698359e-001
 7.4689275e-001
 7.4677515e-001
 7.4661720e-001
 7.4640578e-001
 7.4612731e-001
 7.4576825e-001
 7.4531519e-001
 7.4475497e-001
 7.4407595e-001
 7.4328643e-001
 7.4240494e-001
 7.4145103e-001
 7.4044353e-001
 7.3940152e-001
 7.3834372e-001
 7.3728979e-001
 7.3625845e-001
 7.3526865e-001
 7.3433965e-001
 7.3348838e-001
 7.3271775e-001
 7.3202115e-001
 7.3139268e-001
 7.3082590e-001
 7.3031491e-001
 7.2985333e-001
 7.2943509e-001
 7.2905380e-001
 7.2870350e-001
 7.2837806e-001
 7.2807115e-001
 7.2777647e-001
 7.2748816e-001
 7.2720009e-001
 7.2690928e-001
 7.2661376e-001
 7.2631168e-001
 7.2600150e-001
 7.2568160e-001
 7.2534978e-001
 7.2500461e-001
 7.2464442e-001
 7.2426724e-001
 7.2387141e-001
 7.2345507e-001
 7.2301662e-001
 7.2255427e-001
 7.2206628e-001
 7.2155076e-001
 7.2100604e-001
 7.2043043e-001
 7.1982253e-001
 7.1918309e-001
 7.1851403e-001
 7.1781808e-001
 7.1709698e-001
 7.1635300e-001
 7.1558809e-001
 7.1480489e-001
 7.1400523e-001
 7.1319133e-001
 7.1236527e-001
 7.1152925e-001
 7.1068555e-001
 7.0983630e-001
 7.0898354e-001
 7.0812941e-001
 7.0727617e-001
 7.0642620e-001
 7.0558125e-001
 7.0474356e-001
 7.0391542e-001
 7.0309919e-001
 7.0229650e-001
 7.0150799e-001
 7.0073426e-001
 6.9997513e-001
 6.9923073e-001
 6.9850105e-001
 6.9778609e-001
 6.9708622e-001
 6.9640136e-001
 6.9573164e-001
 6.9507694e-001
 6.9443768e-001
 6.9381386e-001
 6.9320542e-001
 6.9261247e-001
 6.9203514e-001
 6.9147360e-001
 6.9092792e-001
 6.9039804e-001
 6.8988395e-001
 6.8938613e-001
 6.8890446e-001
 6.8843895e-001
 6.8798965e-001
 6.8755686e-001
 6.8714058e-001
 6.8674070e-001
 6.8635672e-001
 6.8598771e-001
 6.8563271e-001
 6.8529069e-001
 6.8496096e-001
 6.8464226e-001
 6.8433392e-001
 6.8403500e-001
 6.8374437e-001
 6.8346125e-001
 6.8318468e-001
 6.8291372e-001
 6.8264741e-001
 6.8238479e-001
 6.8212509e-001
 6.8186730e-001
 6.8161041e-001
 6.8135339e-001
 6.8109560e-001
 6.8083596e-001
 6.8057346e-001
 6.8030733e-001
 6.8003643e-001
 6.7975998e-001
 6.7947704e-001
 6.7918670e-001
 6.7888784e-001
 6.7857975e-001
 6.7826140e-001
 6.7793208e-001
 6.7759186e-001
 6.7724210e-001
 6.7688334e-001
 6.7651665e-001
 6.7614287e-001
 6.7576289e-001
 6.7537767e-001
 6.7498797e-001
 6.7459488e-001
 6.7419910e-001
 6.7380178e-001
 6.7340374e-001
 6.7300582e-001
 6.7260879e-001
 6.7221379e-001
 6.7182165e-001
 6.7143327e-001
 6.7104948e-001
 6.7067122e-001
 6.7029947e-001
 6.6993505e-001
 6.6957885e-001
 6.6923177e-001
 6.6889483e-001
 6.6856879e-001
 6.6825467e-001
 6.6795325e-001
 6.6766542e-001
 6.6739231e-001
 6.6713452e-001
 6.6689318e-001
 6.6666895e-001
 6.6646147e-001
 6.6627002e-001
 6.6609383e-001
 6.6593182e-001
 6.6578346e-001
 6.6564786e-001
 6.6552418e-001
 6.6541147e-001
 6.6530907e-001
 6.6521621e-001
 6.6513205e-001
 6.6505557e-001
 6.6498619e-001
 6.6492307e-001
 6.6486520e-001
 6.6481197e-001
 6.6476244e-001
 6.6471601e-001
 6.6467154e-001
 6.6462851e-001
 6.6458583e-001
 6.6454291e-001
 6.6449887e-001
 6.6445279e-001
 6.6440409e-001
 6.6435170e-001
 6.6429484e-001
 6.6423285e-001
 6.6416484e-001
 6.6408992e-001
 6.6400743e-001
 6.6391653e-001
 6.6381669e-001
 6.6370791e-001
 6.6358984e-001
 6.6346228e-001
 6.6332501e-001
 6.6317785e-001
 6.6302043e-001
 6.6285276e-001
 6.6267455e-001
 6.6248536e-001
 6.6228521e-001
 6.6207385e-001
 6.6185087e-001
 6.6161627e-001
 6.6136962e-001
 6.6111094e-001
 6.6083986e-001
 6.6055614e-001
 6.6025960e-001
 6.5995002e-001
 6.5962726e-001
 6.5929091e-001
 6.5894085e-001
 6.5857685e-001
 6.5819877e-001
 6.5780628e-001
 6.5739912e-001
 6.5697706e-001
 6.5654010e-001
 6.5608782e-001
 6.5562010e-001
 6.5513670e-001
 6.5463895e-001
 6.5412825e-001
 6.5360630e-001
 6.5307432e-001
 6.5253437e-001
 6.5198785e-001
 6.5143615e-001
 6.5088099e-001
 6.5032369e-001
 6.4976633e-001
 6.4921004e-001
 6.4865661e-001
 6.4810735e-001
 6.4756411e-001
 6.4702845e-001
 6.4650172e-001
 6.4598554e-001
 6.4548171e-001
 6.4499152e-001
 6.4451665e-001
 6.4405876e-001
 6.4361918e-001
 6.4319968e-001
 6.4280182e-001
 6.4242697e-001
 6.4207691e-001
 6.4175326e-001
 6.4145732e-001
 6.4119089e-001
 6.4095533e-001
 6.4075249e-001
 6.4058286e-001
 6.4044189e-001
 6.4032292e-001
 6.4021903e-001
 6.4012361e-001
 6.4002973e-001
 6.3993073e-001
 6.3981974e-001
 6.3969004e-001
 6.3953489e-001
 6.3934743e-001
 6.3912088e-001
 6.3884854e-001
 6.3852358e-001
 6.3813937e-001
 6.3768882e-001
 6.3716549e-001
 6.3656241e-001
 6.3587290e-001
 6.3509017e-001
 6.3420719e-001
 6.3321769e-001
 6.3211465e-001
 6.3089126e-001
 6.2954038e-001
 6.2805599e-001
 6.2643087e-001
 6.2465835e-001
 6.2273121e-001
 6.2064350e-001
 6.1838806e-001
 6.1595809e-001
 6.1334771e-001
 6.1055571e-001
 6.0758507e-001
 6.0443687e-001
 6.0111260e-001
 5.9761316e-001
 5.9394175e-001
 5.9009928e-001
 5.8608729e-001
 5.8190632e-001
 5.7756025e-001
 5.7304955e-001
 5.6837589e-001
 5.6353974e-001
 5.5854499e-001
 5.5339217e-001
 5.4808295e-001
 5.4261887e-001
 5.3700036e-001
 5.3123146e-001
 5.2531272e-001
 5.1924574e-001
 5.1303059e-001
 5.0667191e-001
 5.0016981e-001
 4.9352592e-001
 4.8674026e-001
 4.7981772e-001
 4.7275832e-001
 4.6556368e-001
 4.5823544e-001
 4.5077342e-001
 4.4318381e-001
 4.3547383e-001
 4.2765456e-001
 4.1973531e-001
 4.1173097e-001
 4.0365094e-001
 3.9550632e-001
 3.8730630e-001
 3.7906602e-001
 3.7079468e-001
 3.6250341e-001
 3.5420346e-001
 3.4590393e-001
 3.3762008e-001
 3.2936096e-001
 3.2113782e-001
 3.1295985e-001
 3.0484217e-001
 2.9679397e-001
 2.8882641e-001
 2.8094876e-001
 2.7317604e-001
 2.6551747e-001
 2.5798425e-001
 2.5058749e-001
 2.4333674e-001
 2.3624656e-001
 2.2932641e-001
 2.2258745e-001
 2.1603934e-001
 2.0969631e-001
 2.0356800e-001
 1.9766387e-001
 1.9198243e-001
 1.8652283e-001
 1.8128006e-001
 1.7625056e-001
 1.7142962e-001
 1.6681594e-001
 1.6240478e-001
 1.5819252e-001
 1.5417559e-001
 1.5034953e-001
 1.4671254e-001
 1.4326014e-001
 1.3998869e-001
 1.3689396e-001
 1.3397378e-001
 1.3122381e-001
 1.2864049e-001
 1.2621965e-001
 1.2395889e-001
 1.2185396e-001
 1.1990136e-001
 1.1809742e-001
 1.1643825e-001
 1.1492100e-001
 1.1354169e-001
 1.1229673e-001
 1.1118229e-001
 1.1019532e-001
 1.0933193e-001
 1.0858853e-001
 1.0796144e-001
 1.0744726e-001
 1.0704196e-001
 1.0674149e-001
 1.0654183e-001
 1.0643894e-001
 1.0642887e-001
 1.0650755e-001
 1.0667098e-001
 1.0691516e-001
 1.0723601e-001
 1.0762951e-001
 1.0809167e-001
 1.0861859e-001
 1.0920601e-001
 1.0985003e-001
 1.1054660e-001
 1.1129192e-001
 1.1208159e-001
 1.1291176e-001
 1.1377843e-001
 1.1467757e-001
 1.1560538e-001
 1.1655741e-001
 1.1752984e-001
 1.1851866e-001
 1.1952008e-001
 1.2052961e-001
 1.2154347e-001
 1.2255764e-001
 1.2356833e-001
 1.2457106e-001
 1.2556203e-001
 1.2653764e-001
 1.2749659e-001
 1.2843846e-001
 1.2936224e-001
 1.3026755e-001
 1.3115373e-001
 1.3202043e-001
 1.3286662e-001
 1.3369191e-001
 1.3449571e-001
 1.3527757e-001
 1.3603653e-001
 1.3677220e-001
 1.3748392e-001
 1.3817114e-001
 1.3883339e-001
 1.3946974e-001
 1.4007977e-001
 1.4066288e-001
 1.4121857e-001
 1.4174600e-001
 1.4224467e-001
 1.4271399e-001
 1.4315349e-001
 1.4356230e-001
 1.4393997e-001
 1.4428587e-001
 1.4459951e-001
 1.4488007e-001
 1.4512709e-001
 1.4533992e-001
 1.4551800e-001
 1.4566094e-001
 1.4576954e-001
 1.4584495e-001
 1.4588837e-001
 1.4590098e-001
 1.4588393e-001
 1.4583838e-001
 1.4576554e-001
 1.4566655e-001
 1.4554262e-001
 1.4539488e-001
 1.4522451e-001
 1.4503270e-001
 1.4482056e-001
 1.4458938e-001
 1.4434025e-001
 1.4407435e-001
 1.4379279e-001
 1.4349689e-001
 1.4318773e-001
 1.4286649e-001
 1.4253426e-001
 1.4219238e-001
 1.4184195e-001
 1.4148411e-001
 1.4112005e-001
 1.4075087e-001
 1.4037788e-001
 1.4000219e-001
 1.3962498e-001
 1.3924730e-001
 1.3887052e-001
 1.3849562e-001
 1.3812323e-001
 1.3775371e-001
 1.3738772e-001
 1.3702565e-001
 1.3666797e-001
 1.3631515e-001
 1.3596758e-001
 1.3562591e-001
 1.3529052e-001
 1.3496189e-001
 1.3464041e-001
 1.3432671e-001
 1.3402119e-001
 1.3372430e-001
 1.3343649e-001
 1.3315834e-001
 1.3289025e-001
 1.3263272e-001
 1.3238615e-001
 1.3215113e-001
 1.3192807e-001
 1.3171744e-001
 1.3151973e-001
 1.3133536e-001
 1.3116488e-001
 1.3100877e-001
 1.3086742e-001
 1.3074137e-001
 1.3063109e-001
 1.3053700e-001
 1.3045964e-001
 1.3039926e-001
 1.3035522e-001
 1.3032670e-001
 1.3031280e-001
 1.3031265e-001
 1.3032539e-001
 1.3035013e-001
 1.3038601e-001
 1.3043217e-001
 1.3048777e-001
 1.3055187e-001
 1.3062365e-001
 1.3070223e-001
 1.3078675e-001
 1.3087630e-001
 1.3097005e-001
 1.3106710e-001
 1.3116661e-001
 1.3126771e-001
 1.3136952e-001
 1.3147114e-001
 1.3157174e-001
 1.3167046e-001
 1.3176639e-001
 1.3185868e-001
 1.3194644e-001
 1.3202886e-001
 1.3210501e-001
 1.3217403e-001
 1.3223508e-001
 1.3228726e-001
 1.3232970e-001
 1.3236186e-001
 1.3238440e-001
 1.3239843e-001
 1.3240500e-001
 1.3240516e-001
 1.3239999e-001
 1.3239056e-001
 1.3237792e-001
 1.3236316e-001
 1.3234732e-001
 1.3233148e-001
 1.3231666e-001
 1.3230398e-001
 1.3229449e-001
 1.3228926e-001
 1.3228935e-001
 1.3229580e-001
 1.3230972e-001
 1.3233213e-001
 1.3236412e-001
 1.3240677e-001
 1.3246110e-001
 1.3252822e-001
 1.3260914e-001
 1.3270502e-001
 1.3281682e-001
 1.3294567e-001
 1.3309260e-001
 1.3325867e-001
 1.3344501e-001
 1.3365263e-001
 1.3388258e-001
 1.3413565e-001
 1.3441151e-001
 1.3470928e-001
 1.3502830e-001
 1.3536783e-001
 1.3572723e-001
 1.3610560e-001
 1.3650227e-001
 1.3691655e-001
 1.3734776e-001
 1.3779497e-001
 1.3825761e-001
 1.3873486e-001
 1.3922605e-001
 1.3973056e-001
 1.4024737e-001
 1.4077592e-001
 1.4131548e-001
 1.4186542e-001
 1.4242473e-001
 1.4299284e-001
 1.4356902e-001
 1.4415266e-001
 1.4474274e-001
 1.4533870e-001
 1.4593978e-001
 1.4654526e-001
 1.4715454e-001
 1.4776662e-001
 1.4838089e-001
 1.4899664e-001
 1.4961325e-001
