splib07b Record=6566: Galena HS37.3                ASDFRb AREF
 1.2216008e-002
 1.4413269e-002
 1.4476277e-002
 1.6006712e-002
 1.9156126e-002
 2.0097300e-002
 2.1037526e-002
 2.1675022e-002
 2.1820931e-002
 2.2877658e-002
 2.3796251e-002
 2.4297776e-002
 2.4521479e-002
 2.4579566e-002
 2.5124075e-002
 2.6038300e-002
 2.6348986e-002
 2.6336869e-002
 2.6192542e-002
 2.6147040e-002
 2.6642641e-002
 2.6811734e-002
 2.6670266e-002
 2.6659638e-002
 2.6782608e-002
 2.6701685e-002
 2.6479226e-002
 2.6696209e-002
 2.6803941e-002
 2.6814666e-002
 2.6788313e-002
 2.6469367e-002
 2.6381657e-002
 2.6487034e-002
 2.6471298e-002
 2.6500655e-002
 2.6432537e-002
 2.6253333e-002
 2.6145443e-002
 2.6197491e-002
 2.6224218e-002
 2.6102230e-002
 2.6148889e-002
 2.6096197e-002
 2.5911188e-002
 2.5726745e-002
 2.5811771e-002
 2.5846571e-002
 2.5698874e-002
 2.5596116e-002
 2.5488000e-002
 2.5419276e-002
 2.5414877e-002
 2.5364721e-002
 2.5309421e-002
 2.5259806e-002
 2.5206184e-002
 2.5161399e-002
 2.5095556e-002
 2.5016980e-002
 2.5012860e-002
 2.4915660e-002
 2.4809659e-002
 2.4796931e-002
 2.4720794e-002
 2.4664495e-002
 2.4624340e-002
 2.4531752e-002
 2.4491308e-002
 2.4446847e-002
 2.4358258e-002
 2.4262309e-002
 2.4185266e-002
 2.4099313e-002
 2.3980649e-002
 2.3941573e-002
 2.3889815e-002
 2.3816939e-002
 2.3803269e-002
 2.3783553e-002
 2.3720374e-002
 2.3621378e-002
 2.3593957e-002
 2.3541715e-002
 2.3480577e-002
 2.3466066e-002
 2.3438480e-002
 2.3389323e-002
 2.3325829e-002
 2.3268079e-002
 2.3222908e-002
 2.3178384e-002
 2.3123996e-002
 2.3072150e-002
 2.3025455e-002
 2.2986539e-002
 2.2955848e-002
 2.2915047e-002
 2.2869036e-002
 2.2822721e-002
 2.2774130e-002
 2.2736523e-002
 2.2707349e-002
 2.2674585e-002
 2.2608995e-002
 2.2559302e-002
 2.2533327e-002
 2.2498690e-002
 2.2460284e-002
 2.2416672e-002
 2.2372218e-002
 2.2348346e-002
 2.2315666e-002
 2.2269234e-002
 2.2218924e-002
 2.2188662e-002
 2.2166183e-002
 2.2142025e-002
 2.2114929e-002
 2.2105094e-002
 2.2081584e-002
 2.2024022e-002
 2.1990396e-002
 2.1957317e-002
 2.1925677e-002
 2.1909703e-002
 2.1892244e-002
 2.1854557e-002
 2.1806842e-002
 2.1812985e-002
 2.1792576e-002
 2.1757280e-002
 2.1740407e-002
 2.1721011e-002
 2.1698773e-002
 2.1672407e-002
 2.1639844e-002
 2.1621436e-002
 2.1605141e-002
 2.1579653e-002
 2.1549180e-002
 2.1535426e-002
 2.1526514e-002
 2.1498807e-002
 2.1471938e-002
 2.1447733e-002
 2.1430612e-002
 2.1430807e-002
 2.1414844e-002
 2.1392303e-002
 2.1378227e-002
 2.1362923e-002
 2.1341452e-002
 2.1315319e-002
 2.1290936e-002
 2.1274766e-002
 2.1262029e-002
 2.1249795e-002
 2.1245044e-002
 2.1212721e-002
 2.1180704e-002
 2.1185176e-002
 2.1169193e-002
 2.1154230e-002
 2.1147065e-002
 2.1134038e-002
 2.1123061e-002
 2.1110823e-002
 2.1096295e-002
 2.1092903e-002
 2.1081559e-002
 2.1068262e-002
 2.1068929e-002
 2.1051396e-002
 2.1036385e-002
 2.1033077e-002
 2.1022744e-002
 2.1016886e-002
 2.1011675e-002
 2.1001540e-002
 2.0992434e-002
 2.0994691e-002
 2.1001309e-002
 2.0991515e-002
 2.0974981e-002
 2.0971959e-002
 2.0985028e-002
 2.0969128e-002
 2.0965202e-002
 2.0970611e-002
 2.0967463e-002
 2.0975780e-002
 2.0986123e-002
 2.0993557e-002
 2.1002302e-002
 2.1006223e-002
 2.1009721e-002
 2.1015504e-002
 2.1009129e-002
 2.1004429e-002
 2.1006307e-002
 2.1012155e-002
 2.1016106e-002
 2.1018393e-002
 2.1021459e-002
 2.1031156e-002
 2.1032408e-002
 2.1027852e-002
 2.1026736e-002
 2.1032093e-002
 2.1035038e-002
 2.1033650e-002
 2.1034813e-002
 2.1048069e-002
 2.1069350e-002
 2.1090688e-002
 2.1104060e-002
 2.1113090e-002
 2.1122674e-002
 2.1136830e-002
 2.1142807e-002
 2.1149283e-002
 2.1160284e-002
 2.1166977e-002
 2.1180997e-002
 2.1201717e-002
 2.1225531e-002
 2.1256901e-002
 2.1284273e-002
 2.1306379e-002
 2.1331681e-002
 2.1350205e-002
 2.1367781e-002
 2.1390231e-002
 2.1417491e-002
 2.1433398e-002
 2.1445654e-002
 2.1469649e-002
 2.1488063e-002
 2.1508720e-002
 2.1534448e-002
 2.1559130e-002
 2.1583997e-002
 2.1613510e-002
 2.1648847e-002
 2.1678122e-002
 2.1700360e-002
 2.1721330e-002
 2.1750705e-002
 2.1784972e-002
 2.1816909e-002
 2.1843564e-002
 2.1871129e-002
 2.1897832e-002
 2.1926766e-002
 2.1960618e-002
 2.1991430e-002
 2.2023328e-002
 2.2057287e-002
 2.2090824e-002
 2.2134010e-002
 2.2177167e-002
 2.2211308e-002
 2.2240128e-002
 2.2270635e-002
 2.2303630e-002
 2.2336930e-002
 2.2374786e-002
 2.2412380e-002
 2.2449173e-002
 2.2491844e-002
 2.2537092e-002
 2.2579620e-002
 2.2616595e-002
 2.2656554e-002
 2.2693262e-002
 2.2731900e-002
 2.2784248e-002
 2.2837033e-002
 2.2884239e-002
 2.2925328e-002
 2.2967068e-002
 2.3012048e-002
 2.3059702e-002
 2.3107817e-002
 2.3154665e-002
 2.3200318e-002
 2.3247644e-002
 2.3301676e-002
 2.3353659e-002
 2.3404445e-002
 2.3455111e-002
 2.3502354e-002
 2.3546176e-002
 2.3593424e-002
 2.3650851e-002
 2.3701366e-002
 2.3750013e-002
 2.3800327e-002
 2.3851680e-002
 2.3902308e-002
 2.3951424e-002
 2.4000354e-002
 2.4056681e-002
 2.4109069e-002
 2.4157761e-002
 2.4209583e-002
 2.4263671e-002
 2.4311811e-002
 2.4354994e-002
 2.4409307e-002
 2.4467353e-002
 2.4522249e-002
 2.4569469e-002
 2.4612114e-002
 2.4665494e-002
 2.4722328e-002
 2.4761498e-002
 2.4808804e-002
 2.4859449e-002
 2.4908528e-002
 2.4959646e-002
 2.5005065e-002
 2.5047261e-002
 2.5091464e-002
 2.5136758e-002
 2.5185065e-002
 2.5234193e-002
 2.5279017e-002
 2.5326259e-002
 2.5372988e-002
 2.5416879e-002
 2.5460273e-002
 2.5504107e-002
 2.5551753e-002
 2.5604375e-002
 2.5647860e-002
 2.5689323e-002
 2.5733052e-002
 2.5779124e-002
 2.5823904e-002
 2.5866663e-002
 2.5907436e-002
 2.5946179e-002
 2.5989702e-002
 2.6034556e-002
 2.6074598e-002
 2.6116261e-002
 2.6155576e-002
 2.6193211e-002
 2.6234845e-002
 2.6279906e-002
 2.6325507e-002
 2.6368033e-002
 2.6402093e-002
 2.6442356e-002
 2.6486460e-002
 2.6525857e-002
 2.6562683e-002
 2.6604138e-002
 2.6648607e-002
 2.6685683e-002
 2.6719989e-002
 2.6757518e-002
 2.6800660e-002
 2.6842738e-002
 2.6882306e-002
 2.6921282e-002
 2.6962280e-002
 2.7002124e-002
 2.7038792e-002
 2.7075620e-002
 2.7120380e-002
 2.7163846e-002
 2.7205043e-002
 2.7244983e-002
 2.7285639e-002
 2.7325055e-002
 2.7364802e-002
 2.7406875e-002
 2.7448436e-002
 2.7487528e-002
 2.7525874e-002
 2.7567917e-002
 2.7606308e-002
 2.7647341e-002
 2.7692869e-002
 2.7731244e-002
 2.7768344e-002
 2.7806276e-002
 2.7846489e-002
 2.7893621e-002
 2.7935280e-002
 2.7972732e-002
 2.8017387e-002
 2.8064774e-002
 2.8108951e-002
 2.8150331e-002
 2.8200259e-002
 2.8243743e-002
 2.8285319e-002
 2.8331343e-002
 2.8373601e-002
 2.8415404e-002
 2.8458320e-002
 2.8502833e-002
 2.8549427e-002
 2.8591236e-002
 2.8628858e-002
 2.8672865e-002
 2.8717769e-002
 2.8759500e-002
 2.8797671e-002
 2.8841114e-002
 2.8883411e-002
 2.8924281e-002
 2.8965607e-002
 2.9005852e-002
 2.9044403e-002
 2.9082242e-002
 2.9121645e-002
 2.9160751e-002
 2.9199945e-002
 2.9238805e-002
 2.9274428e-002
 2.9313374e-002
 2.9351419e-002
 2.9384175e-002
 2.9420376e-002
 2.9457072e-002
 2.9492358e-002
 2.9526021e-002
 2.9564274e-002
 2.9600667e-002
 2.9635595e-002
 2.9678769e-002
 2.9716706e-002
 2.9752698e-002
 2.9790597e-002
 2.9826213e-002
 2.9862985e-002
 2.9898049e-002
 2.9928286e-002
 2.9959980e-002
 2.9997583e-002
 3.0037042e-002
 3.0069651e-002
 3.0105425e-002
 3.0140128e-002
 3.0172216e-002
 3.0206449e-002
 3.0243156e-002
 3.0280402e-002
 3.0317180e-002
 3.0357204e-002
 3.0392479e-002
 3.0425312e-002
 3.0460970e-002
 3.0496864e-002
 3.0527249e-002
 3.0556565e-002
 3.0595470e-002
 3.0633325e-002
 3.0670879e-002
 3.0707309e-002
 3.0737944e-002
 3.0775661e-002
 3.0811422e-002
 3.0839864e-002
 3.0878197e-002
 3.0913873e-002
 3.0948976e-002
 3.0987872e-002
 3.1020762e-002
 3.1053241e-002
 3.1087134e-002
 3.1121228e-002
 3.1154111e-002
 3.1187393e-002
 3.1222871e-002
 3.1261474e-002
 3.1292070e-002
 3.1322628e-002
 3.1359624e-002
 3.1399630e-002
 3.1434648e-002
 3.1466249e-002
 3.1497594e-002
 3.1525102e-002
 3.1557754e-002
 3.1594329e-002
 3.1629544e-002
 3.1667169e-002
 3.1702217e-002
 3.1733043e-002
 3.1761825e-002
 3.1795457e-002
 3.1833369e-002
 3.1870726e-002
 3.1899795e-002
 3.1934571e-002
 3.1969387e-002
 3.1999324e-002
 3.2029029e-002
 3.2064840e-002
 3.2101814e-002
 3.2134484e-002
 3.2168586e-002
 3.2201111e-002
 3.2232620e-002
 3.2264750e-002
 3.2296371e-002
 3.2329280e-002
 3.2363366e-002
 3.2397445e-002
 3.2434728e-002
 3.2469258e-002
 3.2500636e-002
 3.2534737e-002
 3.2564584e-002
 3.2598030e-002
 3.2635026e-002
 3.2660495e-002
 3.2694109e-002
 3.2733552e-002
 3.2771349e-002
 3.2801226e-002
 3.2826934e-002
 3.2860521e-002
 3.2906190e-002
 3.2933600e-002
 3.2968730e-002
 3.3011734e-002
 3.3051487e-002
 3.3085018e-002
 3.3121672e-002
 3.3156727e-002
 3.3180371e-002
 3.3214193e-002
 3.3248145e-002
 3.3281419e-002
 3.3321265e-002
 3.3348244e-002
 3.3373777e-002
 3.3405531e-002
 3.3441275e-002
 3.3479784e-002
 3.3514492e-002
 3.3545110e-002
 3.3581775e-002
 3.3601955e-002
 3.3621829e-002
 3.3653360e-002
 3.3679537e-002
 3.3714917e-002
 3.3745117e-002
 3.3762988e-002
 3.3805210e-002
 3.3839095e-002
 3.3868153e-002
 3.3903293e-002
 3.3934761e-002
 3.3960424e-002
 3.3979200e-002
 3.3996213e-002
 3.4038708e-002
 3.4079667e-002
 3.4114726e-002
 3.4150746e-002
 3.4172229e-002
 3.4202669e-002
 3.4244440e-002
 3.4283228e-002
 3.4311406e-002
 3.4334932e-002
 3.4362294e-002
 3.4398951e-002
 3.4421302e-002
 3.4448884e-002
 3.4484293e-002
 3.4511715e-002
 3.4548189e-002
 3.4583457e-002
 3.4614801e-002
 3.4650475e-002
 3.4677390e-002
 3.4710567e-002
 3.4750145e-002
 3.4774784e-002
 3.4802184e-002
 3.4837097e-002
 3.4873635e-002
 3.4896042e-002
 3.4917466e-002
 3.4943528e-002
 3.4975972e-002
 3.5012431e-002
 3.5039853e-002
 3.5064079e-002
 3.5093039e-002
 3.5129949e-002
 3.5155118e-002
 3.5177954e-002
 3.5205659e-002
 3.5229567e-002
 3.5257556e-002
 3.5288777e-002
 3.5320252e-002
 3.5349462e-002
 3.5376336e-002
 3.5400826e-002
 3.5415970e-002
 3.5403933e-002
 3.5451617e-002
 3.5489812e-002
 3.5484504e-002
 3.5533357e-002
 3.5555284e-002
 3.5569355e-002
 3.5595667e-002
 3.5613626e-002
 3.5645593e-002
 3.5680767e-002
 3.5705894e-002
 3.5718665e-002
 3.5739321e-002
 3.5775512e-002
 3.5813000e-002
 3.5812583e-002
 3.5839841e-002
 3.5867523e-002
 3.5880759e-002
 3.5911962e-002
 3.5928398e-002
 3.5944633e-002
 3.5967063e-002
 3.5980299e-002
 3.6026187e-002
 3.6038529e-002
 3.6020044e-002
 3.6068693e-002
 3.6081433e-002
 3.6090165e-002
 3.6111683e-002
 3.6124162e-002
 3.6133282e-002
 3.6150318e-002
 3.6167871e-002
 3.6166668e-002
 3.6184520e-002
 3.6211483e-002
 3.6225624e-002
 3.6239762e-002
 3.6252458e-002
 3.6294010e-002
 3.6336407e-002
 3.6347162e-002
 3.6379322e-002
 3.6398448e-002
 3.6415324e-002
 3.6467396e-002
 3.6489803e-002
 3.6512297e-002
 3.6520053e-002
 3.6553025e-002
 3.6584828e-002
 3.6627635e-002
 3.6663119e-002
 3.6672611e-002
 3.6686469e-002
 3.6716092e-002
 3.6749180e-002
 3.6781039e-002
 3.6822408e-002
 3.6862645e-002
 3.6889911e-002
 3.6914978e-002
 3.6950890e-002
 3.6992993e-002
 3.7023738e-002
 3.7040710e-002
 3.7081692e-002
 3.7121762e-002
 3.7145648e-002
 3.7178613e-002
 3.7211366e-002
 3.7250508e-002
 3.7276670e-002
 3.7299626e-002
 3.7337493e-002
 3.7354715e-002
 3.7379012e-002
 3.7403986e-002
 3.7436824e-002
 3.7458442e-002
 3.7497375e-002
 3.7524410e-002
 3.7555601e-002
 3.7606053e-002
 3.7623972e-002
 3.7634414e-002
 3.7656769e-002
 3.7678242e-002
 3.7709262e-002
 3.7745833e-002
 3.7782002e-002
 3.7816852e-002
 3.7854802e-002
 3.7881061e-002
 3.7907757e-002
 3.7909970e-002
 3.7926126e-002
 3.7948314e-002
 3.7968226e-002
 3.8020466e-002
 3.8051497e-002
 3.8061243e-002
 3.8094360e-002
 3.8107641e-002
 3.8122829e-002
 3.8138241e-002
 3.8161796e-002
 3.8185272e-002
 3.8209081e-002
 3.8242873e-002
 3.8267098e-002
 3.8278766e-002
 3.8296055e-002
 3.8333431e-002
 3.8366448e-002
 3.8394794e-002
 3.8431715e-002
 3.8461793e-002
 3.8477570e-002
 3.8501807e-002
 3.8528539e-002
 3.8557474e-002
 3.8595311e-002
 3.8624294e-002
 3.8641356e-002
 3.8673885e-002
 3.8720269e-002
 3.8744051e-002
 3.8757786e-002
 3.8780209e-002
 3.8769159e-002
 3.8761232e-002
 3.8793780e-002
 3.8831316e-002
 3.8861807e-002
 3.8904611e-002
 3.8933329e-002
 3.8943514e-002
 3.8968764e-002
 3.8999397e-002
 3.9029472e-002
 3.9062910e-002
 3.9100569e-002
 3.9137524e-002
 3.9162744e-002
 3.9180748e-002
 3.9199531e-002
 3.9219070e-002
 3.9245930e-002
 3.9270565e-002
 3.9302055e-002
 3.9328765e-002
 3.9354529e-002
 3.9375696e-002
 3.9393201e-002
 3.9414342e-002
 3.9427228e-002
 3.9447915e-002
 3.9474234e-002
 3.9510120e-002
 3.9537374e-002
 3.9554965e-002
 3.9566096e-002
 3.9582387e-002
 3.9598607e-002
 3.9614670e-002
 3.9630868e-002
 3.9644420e-002
 3.9667744e-002
 3.9704066e-002
 3.9722838e-002
 3.9740361e-002
 3.9754245e-002
 3.9746013e-002
 3.9753634e-002
 3.9766461e-002
 3.9790038e-002
 3.9815363e-002
 3.9844595e-002
 3.9876804e-002
 3.9894409e-002
 3.9922003e-002
 3.9948262e-002
 3.9978229e-002
 4.0017299e-002
 4.0051065e-002
 4.0079862e-002
 4.0110875e-002
 4.0139478e-002
 4.0172886e-002
 4.0214904e-002
 4.0249508e-002
 4.0281840e-002
 4.0316541e-002
 4.0351354e-002
 4.0376473e-002
 4.0404484e-002
 4.0435914e-002
 4.0463604e-002
 4.0484298e-002
 4.0512372e-002
 4.0549062e-002
 4.0572960e-002
 4.0592808e-002
 4.0612642e-002
 4.0620267e-002
 4.0639780e-002
 4.0665876e-002
 4.0690869e-002
 4.0721029e-002
 4.0748879e-002
 4.0774345e-002
 4.0805459e-002
 4.0829543e-002
 4.0850911e-002
 4.0874463e-002
 4.0893875e-002
 4.0919054e-002
 4.0951479e-002
 4.0975198e-002
 4.0995322e-002
 4.1017745e-002
 4.1037135e-002
 4.1058097e-002
 4.1079335e-002
 4.1103829e-002
 4.1131325e-002
 4.1155476e-002
 4.1176736e-002
 4.1208658e-002
 4.1229673e-002
 4.1243132e-002
 4.1263003e-002
 4.1282520e-002
 4.1304152e-002
 4.1331567e-002
 4.1350659e-002
 4.1365810e-002
 4.1382961e-002
 4.1393861e-002
 4.1412167e-002
 4.1434616e-002
 4.1458096e-002
 4.1485459e-002
 4.1511875e-002
 4.1543122e-002
 4.1569155e-002
 4.1591797e-002
 4.1614823e-002
 4.1636191e-002
 4.1652210e-002
 4.1675832e-002
 4.1702345e-002
 4.1728467e-002
 4.1758645e-002
 4.1785561e-002
 4.1811559e-002
 4.1836966e-002
 4.1857664e-002
 4.1885886e-002
 4.1921366e-002
 4.1949455e-002
 4.1982818e-002
 4.2007547e-002
 4.2017922e-002
 4.2035237e-002
 4.2049862e-002
 4.2069353e-002
 4.2092286e-002
 4.2120602e-002
 4.2147052e-002
 4.2177293e-002
 4.2203035e-002
 4.2225834e-002
 4.2252347e-002
 4.2280022e-002
 4.2305611e-002
 4.2332992e-002
 4.2358495e-002
 4.2381991e-002
 4.2403795e-002
 4.2422358e-002
 4.2444699e-002
 4.2466562e-002
 4.2489309e-002
 4.2518843e-002
 4.2543277e-002
 4.2565305e-002
 4.2583462e-002
 4.2603884e-002
 4.2622801e-002
 4.2642165e-002
 4.2660430e-002
 4.2683277e-002
 4.2709578e-002
 4.2731624e-002
 4.2754039e-002
 4.2778444e-002
 4.2801354e-002
 4.2823724e-002
 4.2848665e-002
 4.2873632e-002
 4.2897291e-002
 4.2918894e-002
 4.2938888e-002
 4.2962782e-002
 4.2988092e-002
 4.3011591e-002
 4.3031298e-002
 4.3052740e-002
 4.3072712e-002
 4.3085568e-002
 4.3104552e-002
 4.3131422e-002
 4.3148920e-002
 4.3160323e-002
 4.3174788e-002
 4.3183479e-002
 4.3200966e-002
 4.3225534e-002
 4.3246854e-002
 4.3276314e-002
 4.3294877e-002
 4.3298725e-002
 4.3315548e-002
 4.3333888e-002
 4.3353572e-002
 4.3385167e-002
 4.3412581e-002
 4.3430071e-002
 4.3444227e-002
 4.3458030e-002
 4.3468110e-002
 4.3478549e-002
 4.3484550e-002
 4.3499228e-002
 4.3511778e-002
 4.3536305e-002
 4.3579053e-002
 4.3605402e-002
 4.3634575e-002
 4.3653384e-002
 4.3651663e-002
 4.3666326e-002
 4.3686587e-002
 4.3704361e-002
 4.3733418e-002
 4.3751743e-002
 4.3763373e-002
 4.3771517e-002
 4.3770812e-002
 4.3775152e-002
 4.3794729e-002
 4.3815028e-002
 4.3835565e-002
 4.3870296e-002
 4.3889299e-002
 4.3896187e-002
 4.3910250e-002
 4.3922927e-002
 4.3938637e-002
 4.3957774e-002
 4.3974888e-002
 4.3988358e-002
 4.4009402e-002
 4.4038408e-002
 4.4058766e-002
 4.4078134e-002
 4.4100765e-002
 4.4116843e-002
 4.4135954e-002
 4.4164747e-002
 4.4190738e-002
 4.4193409e-002
 4.4207487e-002
 4.4219367e-002
 4.4224136e-002
 4.4246409e-002
 4.4267774e-002
 4.4291612e-002
 4.4321492e-002
 4.4343736e-002
 4.4363722e-002
 4.4385828e-002
 4.4399686e-002
 4.4427346e-002
 4.4466667e-002
 4.4500090e-002
 4.4542205e-002
 4.4574164e-002
 4.4595491e-002
 4.4623438e-002
 4.4649940e-002
 4.4676647e-002
 4.4707898e-002
 4.4736832e-002
 4.4762000e-002
 4.4790931e-002
 4.4821799e-002
 4.4844724e-002
 4.4855710e-002
 4.4868302e-002
 4.4878609e-002
 4.4887129e-002
 4.4901483e-002
 4.4926208e-002
 4.4936076e-002
 4.4939555e-002
 4.4946384e-002
 4.4941794e-002
 4.4956896e-002
 4.4984736e-002
 4.5008283e-002
 4.5040775e-002
 4.5069844e-002
 4.5099784e-002
 4.5124732e-002
 4.5150649e-002
 4.5170378e-002
 4.5177616e-002
 4.5192186e-002
 4.5212604e-002
 4.5224451e-002
 4.5232244e-002
 4.5241442e-002
 4.5246042e-002
 4.5261711e-002
 4.5276511e-002
 4.5294892e-002
 4.5320157e-002
 4.5332726e-002
 4.5359932e-002
 4.5389868e-002
 4.5406856e-002
 4.5415413e-002
 4.5430861e-002
 4.5440480e-002
 4.5452330e-002
 4.5467515e-002
 4.5483679e-002
 4.5499053e-002
 4.5515131e-002
 4.5533769e-002
 4.5555010e-002
 4.5580696e-002
 4.5595214e-002
 4.5605499e-002
 4.5619372e-002
 4.5623660e-002
 4.5634817e-002
 4.5654658e-002
 4.5673873e-002
 4.5696389e-002
 4.5712501e-002
 4.5729689e-002
 4.5740049e-002
 4.5749079e-002
 4.5767978e-002
 4.5792494e-002
 4.5820866e-002
 4.5847055e-002
 4.5869533e-002
 4.5892879e-002
 4.5914479e-002
 4.5929417e-002
 4.5936175e-002
 4.5950979e-002
 4.5963097e-002
 4.5981165e-002
 4.6009090e-002
 4.6028934e-002
 4.6047013e-002
 4.6061300e-002
 4.6070483e-002
 4.6083864e-002
 4.6092771e-002
 4.6110474e-002
 4.6138495e-002
 4.6158191e-002
 4.6180416e-002
 4.6198130e-002
 4.6205923e-002
 4.6219267e-002
 4.6232659e-002
 4.6248797e-002
 4.6270814e-002
 4.6289396e-002
 4.6308309e-002
 4.6325609e-002
 4.6344042e-002
 4.6359375e-002
 4.6370335e-002
 4.6387281e-002
 4.6403904e-002
 4.6420369e-002
 4.6447147e-002
 4.6473473e-002
 4.6492774e-002
 4.6506703e-002
 4.6514016e-002
 4.6525057e-002
 4.6543486e-002
 4.6566360e-002
 4.6591472e-002
 4.6630874e-002
 4.6648014e-002
 4.6651706e-002
 4.6668570e-002
 4.6678815e-002
 4.6695456e-002
 4.6728361e-002
 4.6747446e-002
 4.6756476e-002
 4.6770945e-002
 4.6784144e-002
 4.6798036e-002
 4.6813037e-002
 4.6829008e-002
 4.6845425e-002
 4.6863321e-002
 4.6885576e-002
 4.6901178e-002
 4.6913337e-002
 4.6926018e-002
 4.6931889e-002
 4.6944603e-002
 4.6960067e-002
 4.6978343e-002
 4.7004666e-002
 4.7025371e-002
 4.7048584e-002
 4.7063719e-002
 4.7076598e-002
 4.7096234e-002
 4.7107928e-002
 4.7129117e-002
 4.7147788e-002
 4.7158591e-002
 4.7177017e-002
 4.7192667e-002
 4.7210425e-002
 4.7222789e-002
 4.7233604e-002
 4.7245808e-002
 4.7260467e-002
 4.7277082e-002
 4.7294635e-002
 4.7314394e-002
 4.7332633e-002
 4.7350135e-002
 4.7368631e-002
 4.7388326e-002
 4.7407933e-002
 4.7428004e-002
 4.7445718e-002
 4.7463171e-002
 4.7480412e-002
 4.7494434e-002
 4.7514196e-002
 4.7538254e-002
 4.7557186e-002
 4.7575962e-002
 4.7595814e-002
 4.7614943e-002
 4.7630001e-002
 4.7644820e-002
 4.7659788e-002
 4.7668487e-002
 4.7681712e-002
 4.7700848e-002
 4.7715366e-002
 4.7723897e-002
 4.7741268e-002
 4.7763314e-002
 4.7783338e-002
 4.7810629e-002
 4.7830921e-002
 4.7843557e-002
 4.7860641e-002
 4.7878884e-002
 4.7895156e-002
 4.7911320e-002
 4.7927644e-002
 4.7938690e-002
 4.7955807e-002
 4.7984067e-002
 4.8001099e-002
 4.8012789e-002
 4.8027754e-002
 4.8036918e-002
 4.8046313e-002
 4.8067614e-002
 4.8081387e-002
 4.8088755e-002
 4.8101742e-002
 4.8109405e-002
 4.8121091e-002
 4.8146095e-002
 4.8165657e-002
 4.8187725e-002
 4.8210714e-002
 4.8226293e-002
 4.8244581e-002
 4.8260313e-002
 4.8277907e-002
 4.8292007e-002
 4.8301168e-002
 4.8317291e-002
 4.8334252e-002
 4.8353352e-002
 4.8378468e-002
 4.8398077e-002
 4.8419833e-002
 4.8428610e-002
 4.8427269e-002
 4.8436638e-002
 4.8438299e-002
 4.8454363e-002
 4.8488278e-002
 4.8505306e-002
 4.8519541e-002
 4.8532054e-002
 4.8533533e-002
 4.8550729e-002
 4.8577733e-002
 4.8595481e-002
 4.8616208e-002
 4.8633248e-002
 4.8643228e-002
 4.8656270e-002
 4.8672508e-002
 4.8686787e-002
 4.8695248e-002
 4.8710849e-002
 4.8733905e-002
 4.8748568e-002
 4.8764430e-002
 4.8774086e-002
 4.8769224e-002
 4.8783023e-002
 4.8804361e-002
 4.8822235e-002
 4.8854064e-002
 4.8869371e-002
 4.8869289e-002
 4.8880436e-002
 4.8889030e-002
 4.8904136e-002
 4.8928998e-002
 4.8947584e-002
 4.8967741e-002
 4.8982579e-002
 4.8994094e-002
 4.9003486e-002
 4.9004231e-002
 4.9015947e-002
 4.9034830e-002
 4.9044441e-002
 4.9057044e-002
 4.9064931e-002
 4.9063254e-002
 4.9063772e-002
 4.9063787e-002
 4.9066905e-002
 4.9066044e-002
 4.9072582e-002
 4.9087301e-002
 4.9100038e-002
 4.9116567e-002
 4.9128391e-002
 4.9139917e-002
 4.9148921e-002
 4.9154878e-002
 4.9159084e-002
 4.9155790e-002
 4.9164835e-002
 4.9176760e-002
 4.9191616e-002
 4.9216371e-002
 4.9239021e-002
 4.9264103e-002
 4.9283110e-002
 4.9302649e-002
 4.9319427e-002
 4.9327664e-002
 4.9341749e-002
 4.9358163e-002
 4.9375735e-002
 4.9399741e-002
 4.9412232e-002
 4.9421985e-002
 4.9428109e-002
 4.9425125e-002
 4.9422607e-002
 4.9415253e-002
 4.9416546e-002
 4.9418036e-002
 4.9422007e-002
 4.9437925e-002
 4.9441777e-002
 4.9437825e-002
 4.9437519e-002
 4.9434621e-002
 4.9433783e-002
 4.9431182e-002
 4.9436327e-002
 4.9448974e-002
 4.9453449e-002
 4.9458951e-002
 4.9465656e-002
 4.9460728e-002
 4.9472727e-002
 4.9500339e-002
 4.9519558e-002
 4.9546801e-002
 4.9558695e-002
 4.9559668e-002
 4.9564220e-002
 4.9556289e-002
 4.9568273e-002
 4.9594492e-002
 4.9608599e-002
 4.9628589e-002
 4.9640570e-002
 4.9639154e-002
 4.9649145e-002
 4.9661517e-002
 4.9679622e-002
 4.9702134e-002
 4.9728673e-002
 4.9765185e-002
 4.9789663e-002
 4.9812414e-002
 4.9831327e-002
 4.9838077e-002
 4.9864281e-002
 4.9897257e-002
 4.9930286e-002
 4.9980719e-002
 4.9994815e-002
 5.0003666e-002
 5.0026283e-002
 5.0043065e-002
 5.0073277e-002
 5.0115872e-002
 5.0132461e-002
 5.0136633e-002
 5.0142229e-002
 5.0149113e-002
 5.0175820e-002
 5.0202962e-002
 5.0225113e-002
 5.0243583e-002
 5.0244860e-002
 5.0257139e-002
 5.0271861e-002
 5.0285444e-002
 5.0308771e-002
 5.0311830e-002
 5.0315324e-002
 5.0337236e-002
 5.0361585e-002
 5.0374184e-002
 5.0377555e-002
 5.0385956e-002
 5.0385851e-002
 5.0393805e-002
 5.0414711e-002
 5.0431274e-002
 5.0441965e-002
 5.0459500e-002
 5.0482824e-002
 5.0502911e-002
 5.0531238e-002
 5.0550535e-002
 5.0561935e-002
 5.0574955e-002
 5.0585601e-002
 5.0591305e-002
 5.0593790e-002
 5.0596721e-002
 5.0587334e-002
 5.0596267e-002
 5.0621890e-002
 5.0635114e-002
 5.0655566e-002
 5.0663002e-002
 5.0656416e-002
 5.0655138e-002
 5.0645322e-002
 5.0653979e-002
 5.0671715e-002
 5.0685603e-002
 5.0711013e-002
 5.0728265e-002
 5.0738212e-002
 5.0744634e-002
 5.0754774e-002
 5.0752006e-002
 5.0765991e-002
 5.0801072e-002
 5.0821915e-002
 5.0841354e-002
 5.0855432e-002
 5.0851133e-002
 5.0869785e-002
 5.0897617e-002
 5.0925624e-002
 5.0963331e-002
 5.0975259e-002
 5.0982628e-002
 5.0993416e-002
 5.0988585e-002
 5.0996132e-002
 5.1021017e-002
 5.1039461e-002
 5.1059078e-002
 5.1076356e-002
 5.1077962e-002
 5.1089223e-002
 5.1105760e-002
 5.1122636e-002
 5.1142864e-002
 5.1161468e-002
 5.1174596e-002
 5.1195323e-002
 5.1223438e-002
 5.1237702e-002
 5.1250115e-002
 5.1274188e-002
 5.1297951e-002
 5.1344559e-002
 5.1357228e-002
 5.1359851e-002
 5.1358998e-002
 5.1343530e-002
 5.1327851e-002
 5.1350106e-002
 5.1399466e-002
 5.1414248e-002
 5.1424209e-002
 5.1445521e-002
 5.1460832e-002
 5.1453955e-002
 5.1475350e-002
 5.1490504e-002
 5.1505979e-002
 5.1524181e-002
 5.1534008e-002
 5.1540252e-002
 5.1559597e-002
 5.1572632e-002
 5.1593270e-002
 5.1630937e-002
 5.1664915e-002
 5.1693391e-002
 5.1710349e-002
 5.1705234e-002
 5.1702596e-002
 5.1716618e-002
 5.1741272e-002
 5.1747430e-002
 5.1754955e-002
 5.1772010e-002
 5.1772837e-002
 5.1771577e-002
 5.1799070e-002
 5.1828060e-002
 5.1835135e-002
 5.1831659e-002
 5.1843699e-002
 5.1861968e-002
 5.1882274e-002
 5.1909320e-002
 5.1954798e-002
 5.1979598e-002
 5.1972210e-002
 5.1951576e-002
 5.1944364e-002
 5.1955171e-002
 5.1957048e-002
 5.1994219e-002
 5.2031703e-002
 5.2036487e-002
 5.2006815e-002
 5.2011978e-002
 5.2016202e-002
 5.1997416e-002
 5.2015275e-002
 5.2035172e-002
 5.2039005e-002
 5.2074213e-002
 5.2096251e-002
 5.2102089e-002
 5.2104197e-002
 5.2098893e-002
 5.2068952e-002
 5.2079536e-002
 5.2093070e-002
 5.2118905e-002
 5.2174326e-002
 5.2175600e-002
 5.2189089e-002
 5.2233107e-002
 5.2249029e-002
 5.2277043e-002
 5.2310120e-002
 5.2359700e-002
 5.2376501e-002
 5.2375015e-002
 5.2365571e-002
 5.2343983e-002
 5.2324850e-002
 5.2296974e-002
 5.2296452e-002
 5.2303985e-002
 5.2295409e-002
 5.2294441e-002
 5.2306771e-002
 5.2309792e-002
 5.2317739e-002
 5.2327126e-002
 5.2343331e-002
 5.2357152e-002
 5.2350853e-002
 5.2350413e-002
 5.2357480e-002
 5.2374329e-002
 5.2381296e-002
 5.2381936e-002
 5.2398983e-002
 5.2419640e-002
 5.2432064e-002
 5.2474946e-002
 5.2502241e-002
 5.2496124e-002
 5.2499946e-002
 5.2488212e-002
 5.2482802e-002
 5.2505866e-002
 5.2535407e-002
 5.2556626e-002
 5.2590165e-002
 5.2608356e-002
 5.2614950e-002
 5.2610781e-002
 5.2626923e-002
 5.2643061e-002
 5.2648481e-002
 5.2649643e-002
 5.2634519e-002
 5.2608434e-002
 5.2607730e-002
 5.2624609e-002
 5.2635521e-002
 5.2667063e-002
 5.2681953e-002
 5.2683435e-002
 5.2690443e-002
 5.2699674e-002
 5.2681312e-002
 5.2703772e-002
 5.2740216e-002
 5.2746288e-002
 5.2783567e-002
 5.2805755e-002
 5.2803777e-002
 5.2811794e-002
 5.2827485e-002
 5.2834839e-002
 5.2842643e-002
 5.2840438e-002
 5.2831300e-002
 5.2842762e-002
 5.2834682e-002
 5.2841794e-002
 5.2854989e-002
 5.2850254e-002
 5.2866857e-002
 5.2908305e-002
 5.2918911e-002
 5.2916881e-002
 5.2932102e-002
 5.2942120e-002
 5.2954011e-002
 5.2973561e-002
 5.3001009e-002
 5.2998889e-002
 5.2963212e-002
 5.2956648e-002
 5.2957568e-002
 5.2960116e-002
 5.2982032e-002
 5.2996919e-002
 5.3010371e-002
 5.3019106e-002
 5.3025581e-002
 5.3035147e-002
 5.3036064e-002
 5.3054117e-002
 5.3058732e-002
 5.3057298e-002
 5.3082068e-002
 5.3073667e-002
 5.3083174e-002
 5.3113911e-002
 5.3134631e-002
 5.3153202e-002
 5.3171389e-002
 5.3190004e-002
 5.3201307e-002
 5.3210270e-002
 5.3201657e-002
 5.3195272e-002
 5.3224649e-002
 5.3231794e-002
 5.3244285e-002
 5.3253986e-002
 5.3251382e-002
 5.3264741e-002
 5.3287525e-002
 5.3302951e-002
 5.3323355e-002
 5.3347208e-002
 5.3368900e-002
 5.3394064e-002
 5.3430781e-002
 5.3456169e-002
 5.3461570e-002
 5.3475179e-002
 5.3500254e-002
 5.3516340e-002
 5.3531237e-002
 5.3552750e-002
 5.3556178e-002
 5.3536426e-002
 5.3542364e-002
 5.3546816e-002
 5.3570900e-002
 5.3624827e-002
 5.3657047e-002
 5.3691134e-002
 5.3720333e-002
 5.3719681e-002
 5.3722743e-002
 5.3736869e-002
 5.3750679e-002
 5.3770140e-002
 5.3805988e-002
 5.3820651e-002
 5.3821921e-002
 5.3829499e-002
 5.3820200e-002
 5.3839259e-002
 5.3887323e-002
 5.3916667e-002
 5.3961352e-002
 5.3985614e-002
 5.3983901e-002
 5.3980958e-002
 5.3993091e-002
 5.4023892e-002
 5.4046061e-002
 5.4083295e-002
 5.4110281e-002
 5.4125171e-002
 5.4152485e-002
 5.4192826e-002
 5.4223709e-002
 5.4262362e-002
 5.4284334e-002
 5.4293912e-002
 5.4308716e-002
 5.4328725e-002
 5.4317147e-002
 5.4300826e-002
 5.4289449e-002
 5.4300018e-002
 5.4322939e-002
 5.4339971e-002
 5.4376807e-002
 5.4399606e-002
 5.4396443e-002
 5.4417677e-002
 5.4463156e-002
 5.4485880e-002
 5.4502655e-002
 5.4520275e-002
 5.4525938e-002
 5.4540314e-002
 5.4571178e-002
 5.4568425e-002
 5.4578409e-002
 5.4600693e-002
 5.4617152e-002
 5.4638710e-002
 5.4650545e-002
 5.4648548e-002
 5.4662082e-002
 5.4677606e-002
 5.4694589e-002
 5.4718070e-002
 5.4747775e-002
 5.4775096e-002
 5.4807208e-002
 5.4869551e-002
 5.4901730e-002
 5.4911610e-002
 5.4932769e-002
 5.4951485e-002
 5.4962918e-002
 5.4982517e-002
 5.5024322e-002
 5.5030197e-002
 5.5011362e-002
 5.5011325e-002
 5.4994356e-002
 5.5000130e-002
 5.5027392e-002
 5.5052891e-002
 5.5094071e-002
 5.5121325e-002
 5.5157416e-002
 5.5167854e-002
 5.5128295e-002
 5.5133581e-002
 5.5138886e-002
 5.5172559e-002
 5.5239402e-002
 5.5330355e-002
 5.5366494e-002
 5.5384055e-002
 5.5396937e-002
 5.5367682e-002
 5.5373721e-002
 5.5397063e-002
 5.5414107e-002
 5.5427480e-002
 5.5453841e-002
 5.5492964e-002
 5.5517726e-002
 5.5559509e-002
 5.5577066e-002
 5.5560354e-002
 5.5562153e-002
 5.5561528e-002
 5.5564225e-002
 5.5589389e-002
 5.5596638e-002
 5.5609599e-002
 5.5613957e-002
 5.5631384e-002
 5.5658400e-002
 5.5676822e-002
 5.5704713e-002
 5.5716719e-002
 5.5722181e-002
 5.5713285e-002
 5.5685531e-002
 5.5672366e-002
 5.5645861e-002
 5.5642620e-002
 5.5660184e-002
 5.5677906e-002
 5.5696607e-002
 5.5723157e-002
 5.5783071e-002
 5.5808801e-002
 5.5822201e-002
 5.5839874e-002
 5.5852298e-002
 5.5836596e-002
 5.5836156e-002
 5.5850025e-002
 5.5848636e-002
 5.5831973e-002
 5.5828568e-002
 5.5816080e-002
 5.5841338e-002
 5.5891383e-002
 5.5933703e-002
 5.6021601e-002
 5.6052607e-002
 5.6052990e-002
 5.6048561e-002
 5.5965755e-002
 5.5970956e-002
 5.6046274e-002
 5.6079101e-002
 5.6148794e-002
 5.6203932e-002
 5.6203786e-002
 5.6176372e-002
 5.6177258e-002
 5.6189481e-002
 5.6195099e-002
 5.6202769e-002
 5.6207426e-002
 5.6201734e-002
 5.6208432e-002
 5.6214567e-002
 5.6227069e-002
 5.6242973e-002
 5.6277853e-002
 5.6341700e-002
 5.6376424e-002
 5.6420572e-002
 5.6431752e-002
 5.6373641e-002
 5.6376129e-002
 5.6416143e-002
 5.6434646e-002
 5.6485057e-002
 5.6511134e-002
 5.6507964e-002
 5.6491043e-002
 5.6493171e-002
 5.6506101e-002
 5.6490544e-002
 5.6468848e-002
 5.6460619e-002
 5.6440126e-002
 5.6440346e-002
 5.6462843e-002
 5.6481823e-002
 5.6499172e-002
 5.6519479e-002
 5.6541327e-002
 5.6580581e-002
 5.6636639e-002
 5.6676786e-002
 5.6728467e-002
 5.6764517e-002
 5.6795817e-002
 5.6799732e-002
 5.6755587e-002
 5.6772821e-002
 5.6783069e-002
 5.6821935e-002
 5.6956287e-002
 5.7023920e-002
 5.7068262e-002
 5.7097051e-002
 5.7075221e-002
 5.7082124e-002
 5.7066161e-002
 5.7080332e-002
 5.7125777e-002
 5.7111032e-002
 5.7107206e-002
 5.7102755e-002
 5.7081789e-002
 5.7027008e-002
 5.7036359e-002
 5.7060923e-002
 5.7096183e-002
 5.7187803e-002
 5.7230376e-002
 5.7254568e-002
 5.7280734e-002
 5.7298359e-002
 5.7314351e-002
 5.7318412e-002
 5.7333220e-002
 5.7330538e-002
 5.7361048e-002
 5.7437912e-002
 5.7475165e-002
 5.7524770e-002
 5.7547443e-002
 5.7521444e-002
 5.7514403e-002
 5.7493377e-002
 5.7497501e-002
 5.7520021e-002
 5.7536025e-002
 5.7567675e-002
 5.7593670e-002
 5.7608742e-002
 5.7665490e-002
 5.7706855e-002
 5.7709090e-002
 5.7764329e-002
 5.7817429e-002
 5.7819027e-002
 5.7888620e-002
 5.7923898e-002
 5.7923678e-002
 5.7937037e-002
 5.7975542e-002
 5.7986297e-002
 5.7952661e-002
 5.7946265e-002
 5.7948958e-002
 5.7966881e-002
 5.8001880e-002
 5.8040816e-002
 5.8104977e-002
 5.8133494e-002
 5.8147613e-002
 5.8160447e-002
 5.8140002e-002
 5.8167141e-002
 5.8235284e-002
 5.8247179e-002
 5.8258813e-002
 5.8261100e-002
 5.8197662e-002
 5.8196917e-002
 5.8236241e-002
 5.8266811e-002
 5.8338284e-002
 5.8367506e-002
 5.8354206e-002
 5.8374345e-002
 5.8380008e-002
 5.8404360e-002
 5.8495577e-002
 5.8538042e-002
 5.8528613e-002
 5.8565766e-002
 5.8583368e-002
 5.8600355e-002
 5.8671504e-002
 5.8694463e-002
 5.8689844e-002
 5.8684461e-002
 5.8649920e-002
 5.8672518e-002
 5.8756948e-002
 5.8779355e-002
 5.8836196e-002
 5.8897980e-002
 5.8851130e-002
 5.8823902e-002
 5.8858540e-002
 5.8893256e-002
 5.8979645e-002
 5.9133232e-002
 5.9219100e-002
 5.9220631e-002
 5.9218023e-002
 5.9141632e-002
 5.9157353e-002
 5.9190840e-002
 5.9238661e-002
 5.9363946e-002
 5.9399173e-002
 5.9362803e-002
 5.9406124e-002
 5.9459973e-002
 5.9523914e-002
 5.9660122e-002
 5.9706137e-002
 5.9692882e-002
 5.9703194e-002
 5.9693195e-002
 5.9680980e-002
 5.9678022e-002
 5.9674364e-002
 5.9640154e-002
 5.9664447e-002
 5.9730176e-002
 5.9756353e-002
 5.9796993e-002
 5.9814923e-002
 5.9760794e-002
 5.9802156e-002
 5.9903331e-002
 5.9978969e-002
 6.0130958e-002
 6.0213152e-002
 6.0240772e-002
 6.0268592e-002
 6.0248543e-002
 6.0267512e-002
 6.0323745e-002
 6.0342845e-002
 6.0344052e-002
 6.0358264e-002
 6.0319096e-002
 6.0346212e-002
 6.0466181e-002
 6.0542174e-002
 6.0633998e-002
 6.0689230e-002
 6.0668193e-002
 6.0697686e-002
 6.0726773e-002
 6.0780518e-002
 6.0886126e-002
 6.0977582e-002
 6.1108492e-002
 6.1167799e-002
 6.1182808e-002
 6.1202571e-002
 6.1153226e-002
 6.1168019e-002
 6.1259411e-002
 6.1276838e-002
 6.1222062e-002
 6.1259266e-002
 6.1320256e-002
 6.1331857e-002
 6.1406638e-002
 6.1438531e-002
 6.1353918e-002
 6.1395794e-002
 6.1585214e-002
 6.1654400e-002
 6.1678238e-002
 6.1715271e-002
 6.1683528e-002
 6.1666086e-002
 6.1669100e-002
 6.1685063e-002
 6.1703570e-002
 6.1687898e-002
 6.1644740e-002
 6.1684292e-002
 6.1760515e-002
 6.1813723e-002
 6.1915275e-002
 6.2068507e-002
 6.2176470e-002
 6.2269058e-002
 6.2541105e-002
 6.2612198e-002
 6.2448956e-002
 6.2490001e-002
 6.2523268e-002
 6.2584132e-002
 6.2852971e-002
 6.2905438e-002
 6.2802508e-002
 6.2761582e-002
 6.2672101e-002
 6.2625632e-002
 6.2606297e-002
 6.2591732e-002
 6.2512390e-002
 6.2539086e-002
 6.2689893e-002
 6.2789083e-002
 6.2932618e-002
 6.2997296e-002
 6.3011318e-002
 6.3019633e-002
 6.3004464e-002
 6.3033804e-002
 6.3046433e-002
 6.3111618e-002
 6.3201800e-002
 6.3321605e-002
 6.3454822e-002
 6.3334070e-002
 6.3212052e-002
 6.3250281e-002
 6.3146956e-002
 6.3171014e-002
 6.3153438e-002
 6.2971175e-002
 6.3081726e-002
 6.3116439e-002
 6.3298151e-002
 6.3591309e-002
 6.3546471e-002
 6.3731395e-002
 6.3772395e-002
 6.3612007e-002
 6.3739099e-002
 6.3688867e-002
 6.3782580e-002
 6.4021856e-002
 6.3931480e-002
 6.3890167e-002
 6.3964084e-002
 6.4040616e-002
 6.4161308e-002
 6.4215198e-002
 6.4225741e-002
 6.4195745e-002
 6.4392291e-002
 6.4855561e-002
 6.4984217e-002
 6.5074973e-002
 6.5027796e-002
 6.4597674e-002
 6.4528823e-002
 6.4531155e-002
 6.4501420e-002
 6.4479925e-002
 6.4344972e-002
 6.4541355e-002
 6.4606369e-002
 6.4713217e-002
 6.5172255e-002
 6.5187961e-002
 6.4949177e-002
 6.4928077e-002
 6.4778231e-002
 6.4585783e-002
 6.4675532e-002
 6.5038413e-002
 6.5249898e-002
 6.5502338e-002
 6.5741383e-002
 6.5663792e-002
 6.5435559e-002
 6.5348297e-002
 6.5368347e-002
 6.5624103e-002
 6.6050045e-002
 6.6108935e-002
 6.5949172e-002
 6.5917283e-002
 6.5965801e-002
 6.6005215e-002
 6.6256970e-002
 6.6757426e-002
 6.6664301e-002
 6.6620149e-002
 6.6982225e-002
 6.6932030e-002
 6.6669673e-002
 6.6894747e-002
 6.7116864e-002
 6.6735759e-002
 6.6800013e-002
 6.7079626e-002
 6.7017153e-002
 6.7111641e-002
 6.7271210e-002
 6.7194648e-002
 6.7102239e-002
 6.7307226e-002
