splib07b Record=19369: Zoisite HS347.3B              BECKb AREF
-1.2300000e+034
-1.2300000e+034
-1.2300000e+034
-1.2300000e+034
-1.2300000e+034
-1.2300000e+034
-1.2300000e+034
-1.2300000e+034
-1.2300000e+034
-1.2300000e+034
-1.2300000e+034
-1.2300000e+034
-1.2300000e+034
-1.2300000e+034
-1.2300000e+034
-1.2300000e+034
-1.2300000e+034
-1.2300000e+034
-1.2300000e+034
-1.2300000e+034
-1.2300000e+034
-1.2300000e+034
-1.2300000e+034
-1.2300000e+034
-1.2300000e+034
-1.2300000e+034
-1.2300000e+034
-1.2300000e+034
-1.2300000e+034
-1.2300000e+034
-1.2300000e+034
-1.2300000e+034
-1.2300000e+034
-1.2300000e+034
-1.2300000e+034
-1.2300000e+034
-1.2300000e+034
-1.2300000e+034
-1.2300000e+034
-1.2300000e+034
-1.2300000e+034
-1.2300000e+034
-1.2300000e+034
-1.2300000e+034
-1.2300000e+034
-1.2300000e+034
-1.2300000e+034
-1.2300000e+034
-1.2300000e+034
-1.2300000e+034
-1.2300000e+034
-1.2300000e+034
-1.2300000e+034
-1.2300000e+034
-1.2300000e+034
-1.2300000e+034
-1.2300000e+034
-1.2300000e+034
-1.2300000e+034
-1.2300000e+034
-1.2300000e+034
-1.2300000e+034
-1.2300000e+034
-1.2300000e+034
-1.2300000e+034
-1.2300000e+034
-1.2300000e+034
-1.2300000e+034
-1.2300000e+034
-1.2300000e+034
-1.2300000e+034
-1.2300000e+034
 5.6567773e-002
 5.6567773e-002
 5.6563593e-002
 5.6559548e-002
 5.6555711e-002
 5.6552157e-002
 5.6548961e-002
 5.6546208e-002
 5.6543961e-002
 5.6542315e-002
 5.6541331e-002
 5.6541096e-002
 5.6541689e-002
 5.6543175e-002
 5.6545641e-002
 5.6549162e-002
 5.6553815e-002
 5.6559678e-002
 5.6566823e-002
 5.6575332e-002
 5.6585282e-002
 5.6596749e-002
 5.6609765e-002
 5.6623824e-002
 5.6638096e-002
 5.6651738e-002
 5.6663904e-002
 5.6673761e-002
 5.6680452e-002
 5.6683157e-002
 5.6681011e-002
 5.6673191e-002
 5.6658842e-002
 5.6637131e-002
 5.6607217e-002
 5.6568250e-002
 5.6519389e-002
 5.6459799e-002
 5.6388639e-002
 5.6305062e-002
 5.6208353e-002
 5.6099232e-002
 5.5979319e-002
 5.5850290e-002
 5.5713784e-002
 5.5571448e-002
 5.5424944e-002
 5.5275917e-002
 5.5126015e-002
 5.4976903e-002
 5.4830223e-002
 5.4687623e-002
 5.4550763e-002
 5.4421291e-002
 5.4300856e-002
 5.4191120e-002
 5.4093722e-002
 5.4010313e-002
 5.3942453e-002
 5.3890452e-002
 5.3853828e-002
 5.3832099e-002
 5.3824760e-002
 5.3831320e-002
 5.3851292e-002
 5.3884167e-002
 5.3929470e-002
 5.3986702e-002
 5.4055355e-002
 5.4134957e-002
 5.4225009e-002
 5.4325003e-002
 5.4434463e-002
 5.4552887e-002
 5.4679781e-002
 5.4814454e-002
 5.4955713e-002
 5.5102266e-002
 5.5252869e-002
 5.5406228e-002
 5.5561069e-002
 5.5716142e-002
 5.5870160e-002
 5.6021832e-002
 5.6169912e-002
 5.6313124e-002
 5.6450184e-002
 5.6579813e-002
 5.6700759e-002
 5.6811728e-002
 5.6911994e-002
 5.7002127e-002
 5.7082918e-002
 5.7155155e-002
 5.7219628e-002
 5.7277117e-002
 5.7328433e-002
 5.7374354e-002
 5.7415660e-002
 5.7453152e-002
 5.7487611e-002
 5.7519834e-002
 5.7550605e-002
 5.7580709e-002
 5.7610951e-002
 5.7641800e-002
 5.7673007e-002
 5.7704166e-002
 5.7734903e-002
 5.7764817e-002
 5.7793520e-002
 5.7820626e-002
 5.7845749e-002
 5.7868488e-002
 5.7888467e-002
 5.7905287e-002
 5.7918563e-002
 5.7927903e-002
 5.7932917e-002
 5.7933219e-002
 5.7928838e-002
 5.7920888e-002
 5.7910658e-002
 5.7899445e-002
 5.7888526e-002
 5.7879202e-002
 5.7872768e-002
 5.7870492e-002
 5.7873681e-002
 5.7883620e-002
 5.7901591e-002
 5.7928897e-002
 5.7966821e-002
 5.8016520e-002
 5.8077455e-002
 5.8147892e-002
 5.8226090e-002
 5.8310322e-002
 5.8398832e-002
 5.8489904e-002
 5.8581762e-002
 5.8672696e-002
 5.8760937e-002
 5.8844768e-002
 5.8922436e-002
 5.8992345e-002
 5.9054837e-002
 5.9111554e-002
 5.9164181e-002
 5.9214424e-002
 5.9263945e-002
 5.9314430e-002
 5.9367575e-002
 5.9425056e-002
 5.9488561e-002
 5.9559770e-002
 5.9640370e-002
 5.9731871e-002
 5.9833590e-002
 5.9943259e-002
 6.0058594e-002
 6.0177315e-002
 6.0297143e-002
 6.0415782e-002
 6.0530961e-002
 6.0640406e-002
 6.0741808e-002
 6.0832895e-002
 6.0911391e-002
 6.0975168e-002
 6.1024379e-002
 6.1060715e-002
 6.1085951e-002
 6.1101824e-002
 6.1110087e-002
 6.1112497e-002
 6.1110795e-002
 6.1106741e-002
 6.1102077e-002
 6.1098561e-002
 6.1097939e-002
 6.1101940e-002
 6.1111946e-002
 6.1129089e-002
 6.1154515e-002
 6.1189357e-002
 6.1234742e-002
 6.1291821e-002
 6.1361700e-002
 6.1445545e-002
 6.1544474e-002
 6.1659619e-002
 6.1792105e-002
 6.1943043e-002
 6.2112596e-002
 6.2300391e-002
 6.2506005e-002
 6.2729008e-002
 6.2968977e-002
 6.3225515e-002
 6.3498162e-002
 6.3786551e-002
 6.4090237e-002
 6.4408794e-002
 6.4741783e-002
 6.5088749e-002
 6.5447785e-002
 6.5816149e-002
 6.6190995e-002
 6.6569500e-002
 6.6948809e-002
 6.7326166e-002
 6.7698680e-002
 6.8063602e-002
 6.8418078e-002
 6.8759270e-002
 6.9084354e-002
 6.9390811e-002
 6.9679819e-002
 6.9955267e-002
 7.0221186e-002
 7.0481554e-002
 7.0740327e-002
 7.1001530e-002
 7.1269147e-002
 7.1547128e-002
 7.1839504e-002
 7.2150245e-002
 7.2483346e-002
 7.2842382e-002
 7.3226027e-002
 7.3629051e-002
 7.4046329e-002
 7.4472576e-002
 7.4902587e-002
 7.5331084e-002
 7.5752921e-002
 7.6162830e-002
 7.6555617e-002
 7.6926023e-002
 7.7268854e-002
 7.7579372e-002
 7.7860527e-002
 7.8120813e-002
 7.8368962e-002
 7.8613609e-002
 7.8863449e-002
 7.9127133e-002
 7.9413377e-002
 7.9730816e-002
 8.0088198e-002
 8.0494143e-002
 8.0957353e-002
 8.1485845e-002
 8.2078956e-002
 8.2729243e-002
 8.3429135e-002
 8.4171206e-002
 8.4947839e-002
 8.5751437e-002
 8.6574599e-002
 8.7409720e-002
 8.8249162e-002
 8.9085557e-002
 8.9911275e-002
 9.0719320e-002
 9.1510259e-002
 9.2290729e-002
 9.3067214e-002
 9.3846492e-002
 9.4635107e-002
 9.5439695e-002
 9.6266799e-002
 9.7123221e-002
 9.8015398e-002
 9.8950148e-002
 9.9934012e-002
 1.0097321e-001
 1.0206826e-001
 1.0321553e-001
 1.0441097e-001
 1.0565088e-001
 1.0693129e-001
 1.0824829e-001
 1.0959790e-001
 1.1097646e-001
 1.1237983e-001
 1.1380441e-001
 1.1524614e-001
 1.1670153e-001
 1.1817235e-001
 1.1966493e-001
 1.2118539e-001
 1.2273976e-001
 1.2433453e-001
 1.2597577e-001
 1.2766954e-001
 1.2942232e-001
 1.3124019e-001
 1.3312918e-001
 1.3509580e-001
 1.3714564e-001
 1.3927665e-001
 1.4148070e-001
 1.4375003e-001
 1.4607607e-001
 1.4845112e-001
 1.5086684e-001
 1.5331508e-001
 1.5578748e-001
 1.5827635e-001
 1.6077311e-001
 1.6327009e-001
 1.6575916e-001
 1.6823711e-001
 1.7070399e-001
 1.7316070e-001
 1.7560717e-001
 1.7804430e-001
 1.8047225e-001
 1.8289143e-001
 1.8530227e-001
 1.8770497e-001
 1.9010015e-001
 1.9248843e-001
 1.9487000e-001
 1.9724460e-001
 1.9961150e-001
 2.0196977e-001
 2.0431891e-001
 2.0665836e-001
 2.0898718e-001
 2.1130465e-001
 2.1361001e-001
 2.1590234e-001
 2.1818112e-001
 2.2044580e-001
 2.2269559e-001
 2.2493212e-001
 2.2715886e-001
 2.2937906e-001
 2.3159659e-001
 2.3381457e-001
 2.3603685e-001
 2.3826674e-001
 2.4050768e-001
 2.4276298e-001
 2.4503653e-001
 2.4733138e-001
 2.4965109e-001
 2.5199237e-001
 2.5434753e-001
 2.5670823e-001
 2.5906688e-001
 2.6141512e-001
 2.6374528e-001
 2.6604924e-001
 2.6831892e-001
 2.7054632e-001
 2.7272323e-001
 2.7484190e-001
 2.7689487e-001
 2.7888152e-001
 2.8080717e-001
 2.8267729e-001
 2.8449717e-001
 2.8627250e-001
 2.8800887e-001
 2.8971168e-001
 2.9138631e-001
 2.9303828e-001
 2.9467297e-001
 2.9629591e-001
 2.9791260e-001
 2.9952472e-001
 3.0113137e-001
 3.0273148e-001
 3.0432397e-001
 3.0590802e-001
 3.0748233e-001
 3.0904624e-001
 3.1059855e-001
 3.1213823e-001
 3.1366411e-001
 3.1517547e-001
 3.1667104e-001
 3.1814939e-001
 3.1960839e-001
 3.2104594e-001
 3.2245985e-001
 3.2384828e-001
 3.2520893e-001
 3.2653999e-001
 3.2783926e-001
 3.2910463e-001
 3.3033407e-001
 3.3152658e-001
 3.3268529e-001
 3.3381426e-001
 3.3491719e-001
 3.3599791e-001
 3.3706027e-001
 3.3810803e-001
 3.3914518e-001
 3.4017566e-001
 3.4119964e-001
 3.4220570e-001
 3.4318006e-001
 3.4410885e-001
 3.4497845e-001
 3.4577504e-001
 3.4648475e-001
 3.4709379e-001
 3.4758842e-001
 3.4796193e-001
 3.4823120e-001
 3.4841776e-001
 3.4854344e-001
 3.4862977e-001
 3.4869847e-001
 3.4877121e-001
 3.4886965e-001
 3.4901544e-001
 3.4922197e-001
 3.4947515e-001
 3.4975499e-001
 3.5004163e-001
 3.5031521e-001
 3.5055587e-001
 3.5074374e-001
 3.5085890e-001
 3.5088149e-001
 3.5079938e-001
 3.5062671e-001
 3.5038304e-001
 3.5008794e-001
 3.4976089e-001
 3.4942156e-001
 3.4908950e-001
 3.4878421e-001
 3.4852535e-001
 3.4832373e-001
 3.4816122e-001
 3.4801343e-001
 3.4785599e-001
 3.4766462e-001
 3.4741488e-001
 3.4708241e-001
 3.4664285e-001
 3.4607187e-001
 3.4535486e-001
 3.4451073e-001
 3.4356520e-001
 3.4254432e-001
 3.4147382e-001
 3.4037960e-001
 3.3928758e-001
 3.3822262e-001
 3.3718780e-001
 3.3616820e-001
 3.3514768e-001
 3.3411056e-001
 3.3304089e-001
 3.3192369e-001
 3.3075777e-001
 3.2955462e-001
 3.2832575e-001
 3.2708299e-001
 3.2583806e-001
 3.2460156e-001
 3.2336363e-001
 3.2209599e-001
 3.2076985e-001
 3.1935650e-001
 3.1782725e-001
 3.1615525e-001
 3.1435022e-001
 3.1245357e-001
 3.1050792e-001
 3.0855602e-001
 3.0664068e-001
 3.0480298e-001
 3.0305496e-001
 3.0138209e-001
 2.9976904e-001
 2.9820073e-001
 2.9666197e-001
 2.9513785e-001
 2.9361847e-001
 2.9209799e-001
 2.9057118e-001
 2.8903243e-001
 2.8747639e-001
 2.8589803e-001
 2.8430161e-001
 2.8269881e-001
 2.8110233e-001
 2.7952415e-001
 2.7797681e-001
 2.7647203e-001
 2.7501109e-001
 2.7358505e-001
 2.7218530e-001
 2.7080265e-001
 2.6942831e-001
 2.6805377e-001
 2.6667932e-001
 2.6531327e-001
 2.6396403e-001
 2.6263985e-001
 2.6134944e-001
 2.6010054e-001
 2.5888804e-001
 2.5769505e-001
 2.5650406e-001
 2.5529766e-001
 2.5405851e-001
 2.5277030e-001
 2.5143728e-001
 2.5008243e-001
 2.4872939e-001
 2.4740160e-001
 2.4612291e-001
 2.4491574e-001
 2.4377958e-001
 2.4269296e-001
 2.4163334e-001
 2.4057850e-001
 2.3950590e-001
 2.3839410e-001
 2.3723871e-001
 2.3605113e-001
 2.3484312e-001
 2.3362672e-001
 2.3241369e-001
 2.3121604e-001
 2.3004618e-001
 2.2891694e-001
 2.2784105e-001
 2.2683144e-001
 2.2590077e-001
 2.2506076e-001
 2.2429857e-001
 2.2357878e-001
 2.2286515e-001
 2.2212127e-001
 2.2131075e-001
 2.2039917e-001
 2.1938965e-001
 2.1832034e-001
 2.1723080e-001
 2.1616040e-001
 2.1514796e-001
 2.1421188e-001
 2.1334560e-001
 2.1254101e-001
 2.1179006e-001
 2.1108459e-001
 2.1041647e-001
 2.0977761e-001
 2.0915993e-001
 2.0855537e-001
 2.0795859e-001
 2.0736700e-001
 2.0677851e-001
 2.0619085e-001
 2.0560186e-001
 2.0500933e-001
 2.0441110e-001
 2.0380487e-001
 2.0318860e-001
 2.0256278e-001
 2.0193122e-001
 2.0129798e-001
 2.0066713e-001
 2.0004256e-001
 1.9942842e-001
 1.9882865e-001
 1.9824727e-001
 1.9768833e-001
 1.9715518e-001
 1.9665043e-001
 1.9617657e-001
 1.9573608e-001
 1.9533154e-001
 1.9496544e-001
 1.9464035e-001
 1.9435881e-001
 1.9412319e-001
 1.9393235e-001
 1.9378063e-001
 1.9366214e-001
 1.9357090e-001
 1.9350107e-001
 1.9344665e-001
 1.9340177e-001
 1.9336045e-001
 1.9331695e-001
 1.9327040e-001
 1.9322625e-001
 1.9319026e-001
 1.9316822e-001
 1.9316596e-001
 1.9318923e-001
 1.9324388e-001
 1.9333564e-001
 1.9347025e-001
 1.9364884e-001
 1.9386697e-001
 1.9411978e-001
 1.9440244e-001
 1.9471000e-001
 1.9503774e-001
 1.9538072e-001
 1.9573414e-001
 1.9609320e-001
 1.9645524e-001
 1.9682030e-001
 1.9718863e-001
 1.9756046e-001
 1.9793609e-001
 1.9831571e-001
 1.9869961e-001
 1.9908798e-001
 1.9948108e-001
 1.9988152e-001
 2.0029463e-001
 2.0072596e-001
 2.0118101e-001
 2.0166537e-001
 2.0218450e-001
 2.0274407e-001
 2.0334949e-001
 2.0400627e-001
 2.0471488e-001
 2.0546953e-001
 2.0626386e-001
 2.0709175e-001
 2.0794684e-001
 2.0882300e-001
 2.0971392e-001
 2.1061337e-001
 2.1151510e-001
 2.1241710e-001
 2.1332216e-001
 2.1423377e-001
 2.1515512e-001
 2.1608955e-001
 2.1704026e-001
 2.1801072e-001
 2.1900411e-001
 2.2002377e-001
 2.2106950e-001
 2.2213675e-001
 2.2322072e-001
 2.2431642e-001
 2.2541912e-001
 2.2652410e-001
 2.2762644e-001
 2.2872126e-001
 2.2980393e-001
 2.3087826e-001
 2.3195931e-001
 2.3306294e-001
 2.3420483e-001
 2.3540075e-001
 2.3666644e-001
 2.3801757e-001
 2.3946051e-001
 2.4094799e-001
 2.4241498e-001
 2.4379608e-001
 2.4502596e-001
 2.4603921e-001
 2.4679381e-001
 2.4737552e-001
 2.4791461e-001
 2.4854130e-001
 2.4938579e-001
 2.5057819e-001
 2.5221738e-001
 2.5422582e-001
 2.5646460e-001
 2.5879550e-001
 2.6107958e-001
 2.6317799e-001
 2.6497784e-001
 2.6650852e-001
 2.6784933e-001
 2.6907998e-001
 2.7027982e-001
 2.7152818e-001
 2.7288941e-001
 2.7434102e-001
 2.7583021e-001
 2.7730450e-001
 2.7871099e-001
 2.7999684e-001
 2.8111884e-001
 2.8208596e-001
 2.8292558e-001
 2.8366554e-001
 2.8433332e-001
 2.8495649e-001
 2.8555602e-001
 2.8611502e-001
 2.8660318e-001
 2.8699034e-001
 2.8724608e-001
 2.8734013e-001
 2.8725162e-001
 2.8701302e-001
 2.8667605e-001
 2.8629225e-001
 2.8591335e-001
 2.8559092e-001
 2.8536662e-001
 2.8522384e-001
 2.8512546e-001
 2.8503421e-001
 2.8491285e-001
 2.8472415e-001
 2.8443754e-001
 2.8406113e-001
 2.8361696e-001
 2.8312725e-001
 2.8261384e-001
 2.8209892e-001
 2.8159720e-001
 2.8108096e-001
 2.8050712e-001
 2.7983275e-001
 2.7901450e-001
 2.7800947e-001
 2.7678624e-001
 2.7538136e-001
 2.7385616e-001
 2.7227232e-001
 2.7069086e-001
 2.6917335e-001
 2.6777011e-001
 2.6646563e-001
 2.6522067e-001
 2.6399612e-001
 2.6275247e-001
 2.6145056e-001
 2.6006290e-001
 2.5863096e-001
 2.5722185e-001
 2.5590292e-001
 2.5474086e-001
 2.5380298e-001
 2.5314629e-001
 2.5276831e-001
 2.5264448e-001
 2.5275043e-001
 2.5306153e-001
 2.5355339e-001
 2.5419104e-001
 2.5487673e-001
 2.5548980e-001
 2.5590932e-001
 2.5601456e-001
 2.5568461e-001
 2.5483167e-001
 2.5356627e-001
 2.5207213e-001
 2.5053367e-001
 2.4913506e-001
 2.4806033e-001
 2.4746336e-001
 2.4731465e-001
 2.4751619e-001
 2.4796996e-001
 2.4857782e-001
 2.4924180e-001
 2.4987087e-001
 2.5041744e-001
 2.5085023e-001
 2.5113788e-001
 2.5124910e-001
 2.5115255e-001
 2.5082371e-001
 2.5027955e-001
 2.4955243e-001
 2.4867493e-001
 2.4767965e-001
 2.4659897e-001
 2.4546313e-001
 2.4428776e-001
 2.4308315e-001
 2.4185921e-001
 2.4062619e-001
 2.3939437e-001
 2.3817031e-001
 2.3694019e-001
 2.3568237e-001
 2.3437484e-001
 2.3299591e-001
 2.3152395e-001
 2.2994331e-001
 2.2827874e-001
 2.2657023e-001
 2.2485739e-001
 2.2318022e-001
 2.2157881e-001
 2.2008610e-001
 2.1869481e-001
 2.1738166e-001
 2.1612319e-001
 2.1489626e-001
 2.1367761e-001
 2.1244603e-001
 2.1119471e-001
 2.0992222e-001
 2.0862740e-001
 2.0730810e-001
 2.0596384e-001
 2.0459414e-001
 2.0320992e-001
 2.0182618e-001
 2.0045693e-001
 1.9911788e-001
 1.9782284e-001
 1.9658484e-001
 1.9539858e-001
 1.9425318e-001
 1.9313768e-001
 1.9204035e-001
 1.9095086e-001
 1.8985936e-001
 1.8876910e-001
 1.8768793e-001
 1.8662360e-001
 1.8558419e-001
 1.8457691e-001
 1.8360914e-001
 1.8267880e-001
 1.8178152e-001
 1.8091278e-001
 1.8006754e-001
 1.7924178e-001
 1.7843004e-001
 1.7762485e-001
 1.7681764e-001
 1.7599981e-001
 1.7516293e-001
 1.7429793e-001
 1.7339984e-001
 1.7248157e-001
 1.7156442e-001
 1.7066960e-001
 1.6981772e-001
 1.6903052e-001
 1.6832565e-001
 1.6770266e-001
 1.6715327e-001
 1.6666928e-001
 1.6624248e-001
 1.6586444e-001
 1.6552575e-001
 1.6520712e-001
 1.6488580e-001
 1.6453891e-001
 1.6414359e-001
 1.6367713e-001
 1.6312228e-001
 1.6250131e-001
 1.6185145e-001
 1.6121043e-001
 1.6061595e-001
 1.6010524e-001
 1.5970998e-001
 1.5941915e-001
 1.5920512e-001
 1.5904014e-001
 1.5889642e-001
 1.5874621e-001
 1.5856512e-001
 1.5835147e-001
 1.5811263e-001
 1.5785608e-001
 1.5758936e-001
 1.5731980e-001
 1.5705468e-001
 1.5679847e-001
 1.5655483e-001
 1.5632743e-001
 1.5611978e-001
 1.5593559e-001
 1.5577722e-001
 1.5563942e-001
 1.5551369e-001
 1.5539150e-001
 1.5526439e-001
 1.5512379e-001
 1.5496431e-001
 1.5480091e-001
 1.5465713e-001
 1.5455644e-001
 1.5452234e-001
 1.5457837e-001
 1.5474208e-001
 1.5499038e-001
 1.5528357e-001
 1.5558177e-001
 1.5584512e-001
 1.5603372e-001
 1.5611498e-001
 1.5610553e-001
 1.5604249e-001
 1.5596296e-001
 1.5590422e-001
 1.5590343e-001
 1.5599358e-001
 1.5617894e-001
 1.5645178e-001
 1.5680429e-001
 1.5722869e-001
 1.5771715e-001
 1.5825959e-001
 1.5883075e-001
 1.5939826e-001
 1.5993039e-001
 1.6039503e-001
 1.6076006e-001
 1.6100095e-001
 1.6114314e-001
 1.6123374e-001
 1.6131975e-001
 1.6144817e-001
 1.6166611e-001
 1.6201250e-001
 1.6247077e-001
 1.6300008e-001
 1.6356011e-001
 1.6411014e-001
 1.6460958e-001
 1.6502489e-001
 1.6537197e-001
 1.6568798e-001
 1.6600983e-001
 1.6637483e-001
 1.6682000e-001
 1.6737585e-001
 1.6802755e-001
 1.6873984e-001
 1.6947822e-001
 1.7020769e-001
 1.7089337e-001
 1.7150572e-001
 1.7205253e-001
 1.7255825e-001
 1.7304666e-001
 1.7354222e-001
 1.7406903e-001
 1.7464858e-001
 1.7528450e-001
 1.7597175e-001
 1.7670596e-001
 1.7748238e-001
 1.7829637e-001
 1.7914318e-001
 1.8001725e-001
 1.8091345e-001
 1.8182549e-001
 1.8274821e-001
 1.8367583e-001
 1.8460308e-001
 1.8552983e-001
 1.8645655e-001
 1.8738514e-001
 1.8831609e-001
 1.8925112e-001
 1.9019194e-001
 1.9114520e-001
 1.9212037e-001
 1.9312578e-001
 1.9417094e-001
 1.9526467e-001
 1.9641383e-001
 1.9761014e-001
 1.9883831e-001
 2.0008396e-001
 2.0133108e-001
 2.0256530e-001
 2.0377369e-001
 2.0496070e-001
 2.0613931e-001
 2.0732111e-001
 2.0851912e-001
 2.0974550e-001
 2.1101211e-001
 2.1232679e-001
 2.1369535e-001
 2.1512452e-001
 2.1661934e-001
 2.1818665e-001
 2.1983017e-001
 2.2153915e-001
 2.2329754e-001
 2.2508702e-001
 2.2689150e-001
 2.2869368e-001
 2.3047803e-001
 2.3224065e-001
 2.3398247e-001
 2.3570573e-001
 2.3741044e-001
 2.3909883e-001
 2.4077253e-001
 2.4243826e-001
 2.4410498e-001
 2.4578133e-001
 2.4747717e-001
 2.4920024e-001
 2.5096041e-001
 2.5276709e-001
 2.5462982e-001
 2.5655952e-001
 2.5856471e-001
 2.6065633e-001
 2.6284066e-001
 2.6509953e-001
 2.6740324e-001
 2.6972193e-001
 2.7202699e-001
 2.7428731e-001
 2.7647975e-001
 2.7862054e-001
 2.8074458e-001
 2.8288829e-001
 2.8508550e-001
 2.8737268e-001
 2.8977862e-001
 2.9228410e-001
 2.9484779e-001
 2.9742786e-001
 2.9998431e-001
 3.0247378e-001
 3.0486193e-001
 3.0715492e-001
 3.0937871e-001
 3.1156108e-001
 3.1372693e-001
 3.1590435e-001
 3.1811678e-001
 3.2037830e-001
 3.2269600e-001
 3.2507676e-001
 3.2752934e-001
 3.3005935e-001
 3.3267188e-001
 3.3534199e-001
 3.3803213e-001
 3.4070462e-001
 3.4332138e-001
 3.4584603e-001
 3.4824648e-001
 3.5055104e-001
 3.5281307e-001
 3.5508606e-001
 3.5742524e-001
 3.5988289e-001
 3.6250541e-001
 3.6526820e-001
 3.6811447e-001
 3.7098727e-001
 3.7382898e-001
 3.7658417e-001
 3.7920213e-001
 3.8170069e-001
 3.8412663e-001
 3.8652700e-001
 3.8895050e-001
 3.9144278e-001
 3.9404675e-001
 3.9675623e-001
 3.9954302e-001
 4.0237880e-001
 4.0523484e-001
 4.0808430e-001
 4.1089776e-001
 4.1365704e-001
 4.1634527e-001
 4.1894642e-001
 4.2144418e-001
 4.2382193e-001
 4.2606929e-001
 4.2820916e-001
 4.3028465e-001
 4.3233746e-001
 4.3440929e-001
 4.3654323e-001
 4.3877387e-001
 4.4108993e-001
 4.4345525e-001
 4.4583395e-001
 4.4819009e-001
 4.5048732e-001
 4.5269552e-001
 4.5481938e-001
 4.5688459e-001
 4.5891535e-001
 4.6093574e-001
 4.6297163e-001
 4.6504396e-001
 4.6715945e-001
 4.6931517e-001
 4.7150850e-001
 4.7373673e-001
 4.7599682e-001
 4.7828427e-001
 4.8056719e-001
 4.8280439e-001
 4.8495302e-001
 4.8697060e-001
 4.8881552e-001
 4.9048600e-001
 4.9203843e-001
 4.9353150e-001
 4.9502578e-001
 4.9657831e-001
 4.9820173e-001
 4.9987248e-001
 5.0156385e-001
 5.0325119e-001
 5.0491053e-001
 5.0653362e-001
 5.0812012e-001
 5.0966918e-001
 5.1118135e-001
 5.1265621e-001
 5.1410031e-001
 5.1552063e-001
 5.1692432e-001
 5.1831901e-001
 5.1970202e-001
 5.2104974e-001
 5.2233392e-001
 5.2352685e-001
 5.2460104e-001
 5.2555591e-001
 5.2642965e-001
 5.2726293e-001
 5.2809685e-001
 5.2897054e-001
 5.2989227e-001
 5.3084439e-001
 5.3180718e-001
 5.3276217e-001
 5.3369153e-001
 5.3458977e-001
 5.3545737e-001
 5.3629470e-001
 5.3710270e-001
 5.3788143e-001
 5.3863186e-001
 5.3935450e-001
 5.4005009e-001
 5.4071927e-001
 5.4135811e-001
 5.4195154e-001
 5.4248214e-001
 5.4293293e-001
 5.4328734e-001
 5.4355383e-001
 5.4377854e-001
 5.4401016e-001
 5.4429770e-001
 5.4468685e-001
 5.4516774e-001
 5.4568172e-001
 5.4616845e-001
 5.4656798e-001
 5.4682595e-001
 5.4694295e-001
 5.4694718e-001
 5.4686719e-001
 5.4673141e-001
 5.4656720e-001
 5.4639584e-001
 5.4623687e-001
 5.4610991e-001
 5.4603481e-001
 5.4601878e-001
 5.4603815e-001
 5.4606426e-001
 5.4606825e-001
 5.4602164e-001
 5.4591340e-001
 5.4575777e-001
 5.4557151e-001
 5.4537100e-001
 5.4517192e-001
 5.4497087e-001
 5.4474783e-001
 5.4448223e-001
 5.4415321e-001
 5.4374349e-001
 5.4326385e-001
 5.4273981e-001
 5.4219723e-001
 5.4166168e-001
 5.4115427e-001
 5.4067183e-001
 5.4020494e-001
 5.3974348e-001
 5.3927779e-001
 5.3879875e-001
 5.3830683e-001
 5.3781253e-001
 5.3732586e-001
 5.3685719e-001
 5.3641701e-001
 5.3601456e-001
 5.3564179e-001
 5.3527451e-001
 5.3488821e-001
 5.3445840e-001
 5.3396028e-001
 5.3337079e-001
 5.3269267e-001
 5.3195345e-001
 5.3118062e-001
 5.3040212e-001
 5.2964580e-001
 5.2893865e-001
 5.2828944e-001
 5.2768987e-001
 5.2713186e-001
 5.2660650e-001
 5.2610540e-001
 5.2561998e-001
 5.2514023e-001
 5.2465504e-001
 5.2415299e-001
 5.2362323e-001
 5.2305418e-001
 5.2243531e-001
 5.2176470e-001
 5.2104795e-001
 5.2029204e-001
 5.1950312e-001
 5.1868743e-001
 5.1785177e-001
 5.1700711e-001
 5.1616848e-001
 5.1535070e-001
 5.1456940e-001
 5.1383942e-001
 5.1317483e-001
 5.1256686e-001
 5.1198548e-001
 5.1140022e-001
 5.1078022e-001
 5.1009476e-001
 5.0931466e-001
 5.0844032e-001
 5.0750023e-001
 5.0652301e-001
 5.0553864e-001
 5.0457585e-001
 5.0366306e-001
 5.0280875e-001
 5.0200284e-001
 5.0123471e-001
 5.0049311e-001
 4.9976787e-001
 4.9904788e-001
 4.9832428e-001
 4.9758959e-001
 4.9683625e-001
 4.9605718e-001
 4.9524465e-001
 4.9439192e-001
 4.9350366e-001
 4.9259543e-001
 4.9168336e-001
 4.9078292e-001
 4.8991069e-001
 4.8908156e-001
 4.8829821e-001
 4.8755139e-001
 4.8683065e-001
 4.8612660e-001
 4.8542881e-001
 4.8472765e-001
 4.8401728e-001
 4.8329562e-001
 4.8256093e-001
 4.8181072e-001
 4.8104373e-001
 4.8025793e-001
 4.7945923e-001
 4.7866061e-001
 4.7787490e-001
 4.7711566e-001
 4.7639564e-001
 4.7572705e-001
 4.7509935e-001
 4.7448009e-001
 4.7383630e-001
 4.7313425e-001
 4.7234127e-001
 4.7142568e-001
 4.7039843e-001
 4.6931082e-001
 4.6821579e-001
 4.6716657e-001
 4.6621558e-001
 4.6541423e-001
 4.6476391e-001
 4.6421942e-001
 4.6373364e-001
 4.6325883e-001
 4.6274823e-001
 4.6215561e-001
 4.6146691e-001
 4.6069896e-001
 4.5986956e-001
 4.5899704e-001
 4.5809877e-001
 4.5719340e-001
 4.5629844e-001
 4.5542902e-001
 4.5458835e-001
 4.5377609e-001
 4.5299318e-001
 4.5223933e-001
 4.5151487e-001
 4.5081997e-001
 4.5015481e-001
 4.4951981e-001
 4.4891343e-001
 4.4832984e-001
 4.4776124e-001
 4.4720018e-001
 4.4663906e-001
 4.4607046e-001
 4.4548693e-001
 4.4488057e-001
 4.4424430e-001
 4.4357240e-001
 4.4286826e-001
 4.4213721e-001
 4.4138432e-001
 4.4061524e-001
 4.3983498e-001
 4.3904904e-001
 4.3826267e-001
 4.3748116e-001
 4.3670917e-001
 4.3594760e-001
 4.3519750e-001
 4.3445888e-001
 4.3373251e-001
 4.3301889e-001
 4.3231812e-001
 4.3163130e-001
 4.3095851e-001
 4.3030027e-001
 4.2965689e-001
 4.2902872e-001
 4.2841607e-001
 4.2781889e-001
 4.2723787e-001
 4.2667297e-001
 4.2612454e-001
 4.2559299e-001
 4.2507756e-001
 4.2457542e-001
 4.2408228e-001
 4.2359453e-001
 4.2310801e-001
 4.2261896e-001
 4.2212337e-001
 4.2161718e-001
 4.2109674e-001
 4.2055860e-001
 4.2000231e-001
 4.1942811e-001
 4.1883624e-001
 4.1822702e-001
 4.1760030e-001
 4.1695681e-001
 4.1629642e-001
 4.1561940e-001
 4.1492712e-001
 4.1422406e-001
 4.1351664e-001
 4.1281039e-001
 4.1211134e-001
 4.1142538e-001
 4.1075841e-001
 4.1011643e-001
 4.0950501e-001
 4.0892866e-001
 4.0838358e-001
 4.0786439e-001
 4.0736568e-001
 4.0688178e-001
 4.0640754e-001
 4.0593722e-001
 4.0546545e-001
 4.0498683e-001
 4.0449706e-001
 4.0399724e-001
 4.0348953e-001
 4.0297660e-001
 4.0246055e-001
 4.0194386e-001
 4.0142888e-001
 4.0091801e-001
 4.0041369e-001
 3.9991599e-001
 3.9941743e-001
 3.9890760e-001
 3.9837655e-001
 3.9781421e-001
 3.9721131e-001
 3.9657527e-001
 3.9592603e-001
 3.9528406e-001
 3.9467007e-001
 3.9410448e-001
 3.9360651e-001
 3.9317119e-001
 3.9277488e-001
 3.9239284e-001
 3.9200091e-001
 3.9157444e-001
 3.9109021e-001
 3.9054987e-001
 3.8997394e-001
 3.8938448e-001
 3.8880265e-001
 3.8824993e-001
 3.8774702e-001
 3.8729501e-001
 3.8688001e-001
 3.8648719e-001
 3.8610214e-001
 3.8571030e-001
 3.8529763e-001
 3.8486505e-001
 3.8442442e-001
 3.8398877e-001
 3.8357043e-001
 3.8318193e-001
 3.8283521e-001
 3.8252693e-001
 3.8224211e-001
 3.8196492e-001
 3.8167986e-001
 3.8137126e-001
 3.8102394e-001
 3.8063329e-001
 3.8020256e-001
 3.7973580e-001
 3.7923652e-001
 3.7870842e-001
 3.7815580e-001
 3.7758720e-001
 3.7701580e-001
 3.7645406e-001
 3.7591532e-001
 3.7541229e-001
 3.7495688e-001
 3.7454775e-001
 3.7417117e-001
 3.7381390e-001
 3.7346190e-001
 3.7310186e-001
 3.7272084e-001
 3.7232113e-001
 3.7191811e-001
 3.7152714e-001
 3.7116405e-001
 3.7084424e-001
 3.7058187e-001
 3.7036833e-001
 3.7017566e-001
 3.6997518e-001
 3.6973825e-001
 3.6943641e-001
 3.6904302e-001
 3.6856735e-001
 3.6804983e-001
 3.6753097e-001
 3.6705220e-001
 3.6665425e-001
 3.6637542e-001
 3.6621001e-001
 3.6611417e-001
 3.6604306e-001
 3.6595178e-001
 3.6579537e-001
 3.6553127e-001
 3.6515713e-001
 3.6470571e-001
 3.6421019e-001
 3.6370432e-001
 3.6322144e-001
 3.6279377e-001
 3.6242646e-001
 3.6210164e-001
 3.6180112e-001
 3.6150622e-001
 3.6119872e-001
 3.6086082e-001
 3.6048934e-001
 3.6009377e-001
 3.5968354e-001
 3.5926878e-001
 3.5885885e-001
 3.5846353e-001
 3.5808724e-001
 3.5773039e-001
 3.5739353e-001
 3.5707676e-001
 3.5678059e-001
 3.5650527e-001
 3.5625389e-001
 3.5603178e-001
 3.5584414e-001
 3.5569632e-001
 3.5559359e-001
 3.5554051e-001
 3.5552534e-001
 3.5552275e-001
 3.5550657e-001
 3.5545087e-001
 3.5532963e-001
 3.5511830e-001
 3.5481781e-001
 3.5445184e-001
 3.5404444e-001
 3.5362026e-001
 3.5320324e-001
 3.5281718e-001
 3.5246995e-001
 3.5215589e-001
 3.5186914e-001
 3.5160348e-001
 3.5135305e-001
 3.5111174e-001
 3.5087538e-001
 3.5064065e-001
 3.5040471e-001
 3.5016450e-001
 3.4991702e-001
 3.4965971e-001
 3.4939548e-001
 3.4913248e-001
 3.4887934e-001
 3.4864411e-001
 3.4843543e-001
 3.4826091e-001
 3.4811887e-001
 3.4799871e-001
 3.4788945e-001
 3.4778041e-001
 3.4766051e-001
 3.4751913e-001
 3.4734526e-001
 3.4713215e-001
 3.4688795e-001
 3.4662369e-001
 3.4635082e-001
 3.4608027e-001
 3.4582356e-001
 3.4559178e-001
 3.4539613e-001
 3.4524786e-001
 3.4515402e-001
 3.4510666e-001
 3.4509447e-001
 3.4510615e-001
 3.4513044e-001
 3.4515604e-001
 3.4517166e-001
 3.4516600e-001
 3.4512782e-001
 3.4504893e-001
 3.4493259e-001
 3.4478459e-001
 3.4461063e-001
 3.4441656e-001
 3.4420812e-001
 3.4399110e-001
 3.4377128e-001
 3.4355435e-001
 3.4334517e-001
 3.4314442e-001
 3.4295243e-001
 3.4276909e-001
 3.4259433e-001
 3.4242845e-001
 3.4227127e-001
 3.4212297e-001
 3.4198356e-001
 3.4185320e-001
 3.4173283e-001
 3.4162340e-001
 3.4152591e-001
 3.4144133e-001
 3.4137073e-001
 3.4131506e-001
 3.4127527e-001
 3.4125242e-001
 3.4124634e-001
 3.4125262e-001
 3.4126595e-001
 3.4128085e-001
 3.4129205e-001
 3.4129414e-001
 3.4128183e-001
 3.4124964e-001
 3.4119231e-001
 3.4110677e-001
 3.4099907e-001
 3.4087709e-001
 3.4074885e-001
 3.4062240e-001
 3.4050560e-001
 3.4040654e-001
 3.4033316e-001
 3.4029344e-001
 3.4029201e-001
 3.4032103e-001
 3.4036982e-001
 3.4042755e-001
 3.4048349e-001
 3.4052688e-001
 3.4054700e-001
 3.4053308e-001
 3.4047434e-001
 3.4036422e-001
 3.4021133e-001
 3.4002787e-001
 3.3982626e-001
 3.3961865e-001
 3.3941746e-001
 3.3923477e-001
 3.3908308e-001
 3.3897454e-001
 3.3891782e-001
 3.3890834e-001
 3.3893800e-001
 3.3899900e-001
 3.3908331e-001
 3.3918306e-001
 3.3929029e-001
 3.3939710e-001
 3.3949557e-001
 3.3957776e-001
 3.3963591e-001
 3.3966762e-001
 3.3967522e-001
 3.3966145e-001
 3.3962885e-001
 3.3958015e-001
 3.3951789e-001
 3.3944482e-001
 3.3936349e-001
 3.3927652e-001
 3.3918667e-001
 3.3909646e-001
 3.3900860e-001
 3.3892542e-001
 3.3884913e-001
 3.3878189e-001
 3.3872584e-001
 3.3868316e-001
 3.3865598e-001
 3.3864647e-001
 3.3865678e-001
 3.3868912e-001
 3.3874556e-001
 3.3882838e-001
 3.3893946e-001
 3.3907723e-001
 3.3923674e-001
 3.3941251e-001
 3.3959952e-001
 3.3979237e-001
 3.3998585e-001
 3.4017473e-001
 3.4035379e-001
 3.4051782e-001
 3.4066144e-001
 3.4077954e-001
 3.4086701e-001
 3.4092307e-001
 3.4095100e-001
 3.4095427e-001
 3.4093648e-001
 3.4090111e-001
 3.4085160e-001
 3.4079155e-001
 3.4072447e-001
 3.4065378e-001
 3.4058303e-001
 3.4051576e-001
 3.4045541e-001
 3.4040412e-001
 3.4036279e-001
 3.4033227e-001
 3.4031337e-001
 3.4030694e-001
 3.4031379e-001
 3.4033477e-001
 3.4039462e-001
 3.4062657e-001
 3.4102523e-001
 3.4156743e-001
 3.4218612e-001
 3.4281269e-001
 3.4337816e-001
 3.4381634e-001
 3.4411702e-001
 3.4432557e-001
 3.4448987e-001
 3.4465775e-001
 3.4487596e-001
 3.4516522e-001
 3.4552100e-001
 3.4593749e-001
 3.4640902e-001
 3.4692958e-001
 3.4748530e-001
 3.4805509e-001
 3.4861746e-001
 3.4915081e-001
 3.4963369e-001
 3.5005224e-001
 3.5042247e-001
 3.5076761e-001
 3.5111082e-001
 3.5147539e-001
 3.5188451e-001
 3.5235626e-001
 3.5288894e-001
 3.5347614e-001
 3.5411134e-001
 3.5478821e-001
 3.5550022e-001
 3.5624093e-001
 3.5700670e-001
 3.5780394e-001
 3.5864189e-001
 3.5952938e-001
 3.6047566e-001
 3.6148956e-001
 3.6258036e-001
 3.6375684e-001
 3.6502358e-001
 3.6636674e-001
 3.6776897e-001
 3.6921221e-001
 3.7067908e-001
 3.7215152e-001
 3.7361199e-001
 3.7504295e-001
 3.7642950e-001
 3.7776926e-001
 3.7906191e-001
 3.8030767e-001
 3.8150644e-001
 3.8265830e-001
 3.8376313e-001
 3.8482118e-001
 3.8583300e-001
 3.8680300e-001
 3.8773578e-001
 3.8863626e-001
 3.8950938e-001
 3.9035976e-001
 3.9119250e-001
 3.9201212e-001
 3.9282379e-001
 3.9363208e-001
 3.9444199e-001
 3.9525819e-001
 3.9608631e-001
 3.9693362e-001
 3.9780828e-001
 3.9871800e-001
 3.9967099e-001
 4.0067506e-001
 4.0173814e-001
 4.0286842e-001
 4.0407357e-001
 4.0536180e-001
 4.0674078e-001
 4.0821883e-001
 4.0979850e-001
 4.1146526e-001
 4.1319966e-001
 4.1498333e-001
 4.1679683e-001
 4.1862157e-001
 4.2043832e-001
 4.2222852e-001
 4.2397273e-001
 4.2565230e-001
 4.2724842e-001
 4.2874798e-001
 4.3015999e-001
 4.3149748e-001
 4.3277425e-001
 4.3400341e-001
 4.3519866e-001
 4.3637311e-001
 4.3754053e-001
 4.3871400e-001
 4.3990725e-001
 4.4112971e-001
 4.4237870e-001
 4.4364870e-001
 4.4493383e-001
 4.4622865e-001
 4.4752738e-001
 4.4882450e-001
 4.5011425e-001
 4.5139122e-001
 4.5264953e-001
 4.5388782e-001
 4.5511800e-001
 4.5635545e-001
 4.5761502e-001
 4.5891204e-001
 4.6026143e-001
 4.6167836e-001
 4.6317816e-001
 4.6477559e-001
 4.6648616e-001
 4.6831569e-001
 4.7024140e-001
 4.7223321e-001
 4.7426206e-001
 4.7629791e-001
 4.7831163e-001
 4.8027331e-001
 4.8215374e-001
 4.8392293e-001
 4.8556304e-001
 4.8709410e-001
 4.8854360e-001
 4.8993981e-001
 4.9131018e-001
 4.9268290e-001
 4.9408540e-001
 4.9554598e-001
 4.9708435e-001
 4.9869516e-001
 5.0036722e-001
 5.0209016e-001
 5.0385249e-001
 5.0564396e-001
 5.0745308e-001
 5.0926930e-001
 5.1108450e-001
 5.1289833e-001
 5.1471305e-001
 5.1652986e-001
 5.1835096e-001
 5.2017784e-001
 5.2201259e-001
 5.2385652e-001
 5.2570975e-001
 5.2756470e-001
 5.2941340e-001
 5.3124660e-001
 5.3305644e-001
 5.3483397e-001
 5.3657085e-001
 5.3825915e-001
 5.3989184e-001
 5.4146308e-001
 5.4296619e-001
 5.4439503e-001
 5.4574299e-001
 5.4701269e-001
 5.4823273e-001
 5.4943800e-001
 5.5066246e-001
 5.5194110e-001
 5.5330789e-001
 5.5478597e-001
 5.5636233e-001
 5.5801630e-001
 5.5972791e-001
 5.6147647e-001
 5.6324226e-001
 5.6500560e-001
 5.6675154e-001
 5.6846493e-001
 5.7013148e-001
 5.7173598e-001
 5.7326436e-001
 5.7470852e-001
 5.7608366e-001
 5.7740843e-001
 5.7870215e-001
 5.7998395e-001
 5.8127254e-001
 5.8258528e-001
 5.8393228e-001
 5.8532315e-001
 5.8676684e-001
 5.8827293e-001
 5.8985043e-001
 5.9149438e-001
 5.9315741e-001
 5.9478408e-001
 5.9631771e-001
 5.9770316e-001
 5.9888458e-001
 5.9984130e-001
 6.0065871e-001
 6.0144174e-001
 6.0229576e-001
 6.0332584e-001
 6.0463744e-001
 6.0629153e-001
 6.0821897e-001
 6.1032605e-001
 6.1251909e-001
 6.1470491e-001
 6.1678874e-001
 6.1869776e-001
 6.2041873e-001
 6.2194979e-001
 6.2328905e-001
 6.2443382e-001
 6.2538427e-001
 6.2616414e-001
 6.2681621e-001
 6.2738341e-001
 6.2790871e-001
 6.2843543e-001
 6.2901044e-001
 6.2968224e-001
 6.3050026e-001
 6.3151354e-001
 6.3276637e-001
 6.3423479e-001
 6.3584149e-001
 6.3750929e-001
 6.3916034e-001
 6.4072043e-001
 6.4215928e-001
 6.4348179e-001
 6.4469308e-001
 6.4579856e-001
 6.4680409e-001
 6.4773184e-001
 6.4861524e-001
 6.4948851e-001
 6.5038502e-001
 6.5133601e-001
 6.5233511e-001
 6.5334791e-001
 6.5433937e-001
 6.5527385e-001
 6.5611893e-001
 6.5687543e-001
 6.5756911e-001
 6.5822601e-001
 6.5887225e-001
 6.5953350e-001
 6.6022670e-001
 6.6096151e-001
 6.6174823e-001
 6.6259682e-001
 6.6351533e-001
 6.6448462e-001
 6.6546494e-001
 6.6641676e-001
 6.6730040e-001
 6.6808021e-001
 6.6877705e-001
 6.6945273e-001
 6.7017031e-001
 6.7099249e-001
 6.7197496e-001
 6.7308033e-001
 6.7420411e-001
 6.7524034e-001
 6.7608297e-001
 6.7663580e-001
 6.7693985e-001
 6.7713332e-001
 6.7735672e-001
 6.7775035e-001
 6.7844433e-001
 6.7942899e-001
 6.8059582e-001
 6.8183321e-001
 6.8303043e-001
 6.8408221e-001
 6.8495899e-001
 6.8568319e-001
 6.8627942e-001
 6.8677187e-001
 6.8718505e-001
 6.8754607e-001
 6.8788344e-001
 6.8822604e-001
 6.8860275e-001
 6.8904036e-001
 6.8953776e-001
 6.9007498e-001
 6.9063139e-001
 6.9118673e-001
 6.9172168e-001
 6.9223720e-001
 6.9274759e-001
 6.9326770e-001
 6.9381201e-001
 6.9439530e-001
 6.9503587e-001
 6.9575381e-001
 6.9656974e-001
 6.9750333e-001
 6.9857007e-001
 6.9972068e-001
 7.0086169e-001
 7.0189840e-001
 7.0273668e-001
 7.0329118e-001
 7.0359170e-001
 7.0374638e-001
 7.0386469e-001
 7.0405626e-001
 7.0442206e-001
 7.0495868e-001
 7.0559108e-001
 7.0624346e-001
 7.0683956e-001
 7.0731032e-001
 7.0766747e-001
 7.0797819e-001
 7.0831072e-001
 7.0873290e-001
 7.0930731e-001
 7.1003133e-001
 7.1085811e-001
 7.1174043e-001
 7.1263105e-001
 7.1348405e-001
 7.1427947e-001
 7.1501338e-001
 7.1568239e-001
 7.1628267e-001
 7.1681124e-001
 7.1726817e-001
 7.1765596e-001
 7.1797693e-001
 7.1823370e-001
 7.1843034e-001
 7.1859163e-001
 7.1875554e-001
 7.1896052e-001
 7.1924484e-001
 7.1964431e-001
 7.2016603e-001
 7.2079694e-001
 7.2152478e-001
 7.2233665e-001
 7.2321767e-001
 7.2412270e-001
 7.2498798e-001
 7.2574967e-001
 7.2634333e-001
 7.2671282e-001
 7.2689116e-001
 7.2696912e-001
 7.2703892e-001
 7.2719228e-001
 7.2751391e-001
 7.2800612e-001
 7.2861814e-001
 7.2929865e-001
 7.2999585e-001
 7.3066187e-001
 7.3128998e-001
 7.3189962e-001
 7.3251081e-001
 7.3314321e-001
 7.3381573e-001
 7.3453599e-001
 7.3530459e-001
 7.3612154e-001
 7.3698729e-001
 7.3789996e-001
 7.3883259e-001
 7.3974156e-001
 7.4058390e-001
 7.4131626e-001
 7.4190193e-001
 7.4237627e-001
 7.4282020e-001
 7.4331528e-001
 7.4394304e-001
 7.4477559e-001
 7.4577737e-001
 7.4684733e-001
 7.4788284e-001
 7.4878168e-001
 7.4945277e-001
 7.4993396e-001
 7.5034219e-001
 7.5079578e-001
 7.5141263e-001
 7.5229788e-001
 7.5341338e-001
 7.5463343e-001
 7.5583142e-001
 7.5687957e-001
 7.5766486e-001
 7.5822043e-001
 7.5866902e-001
 7.5913435e-001
 7.5974041e-001
 7.6059765e-001
 7.6167464e-001
 7.6285237e-001
 7.6401150e-001
 7.6503271e-001
 7.6580876e-001
 7.6636237e-001
 7.6679450e-001
 7.6720738e-001
 7.6770335e-001
 7.6837552e-001
 7.6921928e-001
 7.7017272e-001
 7.7117264e-001
 7.7215648e-001
 7.7306449e-001
 7.7387816e-001
 7.7460253e-001
 7.7524334e-001
 7.7580589e-001
 7.7629864e-001
 7.7675951e-001
 7.7724361e-001
 7.7780670e-001
 7.7850413e-001
 7.7938288e-001
 7.8039992e-001
 7.8146005e-001
 7.8246659e-001
 7.8332371e-001
 7.8394681e-001
 7.8436947e-001
 7.8469396e-001
 7.8502381e-001
 7.8546238e-001
 7.8610164e-001
 7.8691769e-001
 7.8781921e-001
 7.8871399e-001
 7.8951025e-001
 7.9012841e-001
 7.9061103e-001
 7.9107225e-001
 7.9162663e-001
 7.9238915e-001
 7.9345793e-001
 7.9476988e-001
 7.9616916e-001
 7.9749882e-001
 7.9860210e-001
 7.9933882e-001
 7.9973745e-001
 7.9992211e-001
 8.0001831e-001
 8.0015117e-001
 8.0043709e-001
 8.0090308e-001
 8.0152583e-001
 8.0228132e-001
 8.0314571e-001
 8.0409414e-001
 8.0509335e-001
 8.0610430e-001
 8.0708897e-001
 8.0800861e-001
 8.0883038e-001
 8.0957234e-001
 8.1028157e-001
 8.1100541e-001
 8.1179136e-001
 8.1268209e-001
 8.1367135e-001
 8.1472713e-001
 8.1581670e-001
 8.1690794e-001
 8.1796730e-001
 8.1896114e-001
 8.1985474e-001
 8.2061321e-001
 8.2120198e-001
 8.2159239e-001
 8.2181537e-001
 8.2193518e-001
 8.2201546e-001
 8.2212055e-001
 8.2231343e-001
 8.2264704e-001
 8.2316899e-001
 8.2392663e-001
 8.2496732e-001
 8.2632554e-001
 8.2791328e-001
 8.2957727e-001
 8.3116192e-001
 8.3251315e-001
 8.3349311e-001
 8.3411658e-001
 8.3448035e-001
 8.3468235e-001
 8.3482039e-001
 8.3498764e-001
 8.3523464e-001
 8.3558935e-001
 8.3607942e-001
 8.3673275e-001
 8.3756769e-001
 8.3852130e-001
 8.3948731e-001
 8.4035879e-001
 8.4102917e-001
 8.4140605e-001
 8.4153003e-001
 8.4151149e-001
 8.4146166e-001
 8.4149146e-001
 8.4170204e-001
 8.4210479e-001
 8.4266466e-001
 8.4334546e-001
 8.4411138e-001
 8.4492522e-001
 8.4573442e-001
 8.4647989e-001
 8.4710097e-001
 8.4753829e-001
 8.4774286e-001
 8.4776223e-001
 8.4769404e-001
 8.4763610e-001
 8.4768653e-001
 8.4793019e-001
 8.4833682e-001
 8.4881765e-001
 8.4928292e-001
 8.4964317e-001
 8.4982204e-001
 8.4985679e-001
 8.4984338e-001
 8.4987783e-001
 8.5005635e-001
 8.5045946e-001
 8.5103220e-001
 8.5165173e-001
 8.5219401e-001
 8.5253489e-001
 8.5256910e-001
 8.5234481e-001
 8.5198867e-001
 8.5162771e-001
 8.5138917e-001
 8.5138500e-001
 8.5159957e-001
 8.5195339e-001
 8.5236645e-001
 8.5275859e-001
 8.5305613e-001
 8.5323888e-001
 8.5331315e-001
 8.5328549e-001
 8.5316247e-001
 8.5295057e-001
 8.5265589e-001
 8.5228443e-001
 8.5184199e-001
 8.5133439e-001
 8.5075605e-001
 8.5000628e-001
 8.4893805e-001
 8.4740323e-001
 8.4525365e-001
 8.4237766e-001
 8.3894819e-001
 8.3527935e-001
 8.3168501e-001
 8.2848191e-001
 8.2596451e-001
 8.2426912e-001
 8.2345510e-001
 8.2358122e-001
 8.2470608e-001
 8.2685155e-001
 8.2974195e-001
 8.3295906e-001
 8.3608103e-001
 8.3868825e-001
 8.4040868e-001
 8.4125280e-001
 8.4141529e-001
 8.4109235e-001
 8.4047979e-001
 8.3976132e-001
 8.3902025e-001
 8.3829296e-001
 8.3761501e-001
 8.3702219e-001
 8.3654696e-001
 8.3619601e-001
 8.3596414e-001
 8.3584553e-001
 8.3583474e-001
 8.3592278e-001
 8.3607340e-001
 8.3623731e-001
 8.3636534e-001
 8.3640814e-001
 8.3632541e-001
 8.3614439e-001
 8.3592457e-001
 8.3572531e-001
 8.3560628e-001
 8.3561909e-001
 8.3575439e-001
 8.3597475e-001
 8.3624214e-001
 8.3651900e-001
 8.3676976e-001
 8.3697683e-001
 8.3713061e-001
 8.3722168e-001
 8.3724052e-001
 8.3717954e-001
 8.3704418e-001
 8.3684641e-001
 8.3659780e-001
 8.3630997e-001
 8.3599609e-001
 8.3567822e-001
 8.3538282e-001
 8.3513606e-001
 8.3496422e-001
 8.3488882e-001
 8.3489466e-001
 8.3494985e-001
 8.3502239e-001
 8.3508033e-001
 8.3509803e-001
 8.3509570e-001
 8.3511436e-001
 8.3519512e-001
 8.3537930e-001
 8.3569980e-001
 8.3612931e-001
 8.3661389e-001
 8.3709908e-001
 8.3753061e-001
 8.3785892e-001
 8.3806878e-001
 8.3816010e-001
 8.3813292e-001
 8.3798736e-001
 8.3772808e-001
 8.3739412e-001
 8.3703977e-001
 8.3671921e-001
 8.3648664e-001
 8.3638686e-001
 8.3639646e-001
 8.3646160e-001
 8.3652878e-001
 8.3654433e-001
 8.3646303e-001
 8.3630240e-001
 8.3610678e-001
 8.3592087e-001
 8.3578926e-001
 8.3574277e-001
 8.3571339e-001
 8.3559030e-001
 8.3526266e-001
 8.3461964e-001
 8.3357894e-001
 8.3226138e-001
 8.3087480e-001
 8.2962835e-001
 8.2873023e-001
 8.2835239e-001
 8.2840973e-001
 8.2870710e-001
 8.2904881e-001
 8.2923961e-001
 8.2910490e-001
 8.2861686e-001
 8.2781005e-001
 8.2671940e-001
 8.2537955e-001
 8.2383162e-001
 8.2216263e-001
 8.2047772e-001
 8.1888252e-001
 8.1748271e-001
 8.1636536e-001
 8.1549412e-001
 8.1477934e-001
 8.1413174e-001
 8.1346166e-001
 8.1269079e-001
 8.1181353e-001
 8.1085497e-001
 8.0984002e-001
 8.0879450e-001
 8.0773383e-001
 8.0660957e-001
 8.0534619e-001
 8.0386937e-001
 8.0210364e-001
 7.9999602e-001
 7.9764074e-001
 7.9519248e-001
 7.9280794e-001
 7.9064178e-001
 7.8882408e-001
 7.8731519e-001
 7.8600734e-001
 7.8479135e-001
 7.8355867e-001
 7.8221267e-001
 7.8073984e-001
 7.7915931e-001
 7.7749044e-001
 7.7575260e-001
 7.7396512e-001
 7.7214772e-001
 7.7031898e-001
 7.6849777e-001
 7.6670247e-001
 7.6495296e-001
 7.6326704e-001
 7.6164305e-001
 7.6004744e-001
 7.5844568e-001
 7.5680149e-001
 7.5507957e-001
 7.5324494e-001
 7.5129992e-001
 7.4930483e-001
 7.4732345e-001
 7.4542004e-001
 7.4365848e-001
 7.4210298e-001
 7.4076617e-001
 7.3958635e-001
 7.3849517e-001
 7.3742515e-001
 7.3630780e-001
 7.3507595e-001
 7.3370308e-001
 7.3222452e-001
 7.3067993e-001
 7.2910911e-001
 7.2755176e-001
 7.2604728e-001
 7.2461426e-001
 7.2323978e-001
 7.2190797e-001
 7.2060335e-001
 7.1931082e-001
 7.1801472e-001
 7.1670079e-001
 7.1536213e-001
 7.1399587e-001
 7.1259820e-001
 7.1116561e-001
 7.0969450e-001
 7.0818108e-001
 7.0662481e-001
 7.0503867e-001
 7.0344144e-001
 7.0185167e-001
 7.0028889e-001
 6.9877160e-001
 6.9731861e-001
 6.9594383e-001
 6.9463390e-001
 6.9336414e-001
 6.9210982e-001
 6.9084632e-001
 6.8954891e-001
 6.8819344e-001
 6.8675846e-001
 6.8524265e-001
 6.8365175e-001
 6.8199265e-001
 6.8027097e-001
 6.7849302e-001
 6.7666459e-001
 6.7479306e-001
 6.7288786e-001
 6.7096031e-001
 6.6902083e-001
 6.6708159e-001
 6.6515315e-001
 6.6324663e-001
 6.6137075e-001
 6.5951955e-001
 6.5768349e-001
 6.5585124e-001
 6.5401244e-001
 6.5215582e-001
 6.5027171e-001
 6.4835227e-001
 6.4640856e-001
 6.4445823e-001
 6.4251995e-001
 6.4061141e-001
 6.3875049e-001
 6.3695514e-001
 6.3523924e-001
 6.3359684e-001
 6.3201278e-001
 6.3047278e-001
 6.2896180e-001
 6.2746608e-001
 6.2597060e-001
 6.2446308e-001
 6.2294215e-001
 6.2141198e-001
 6.1987549e-001
 6.1833614e-001
 6.1679721e-001
 6.1526167e-001
 6.1373180e-001
 6.1219800e-001
 6.1064738e-001
 6.0906655e-001
 6.0744321e-001
 6.0576409e-001
 6.0401630e-001
 6.0219115e-001
 6.0030842e-001
 5.9839612e-001
 5.9648263e-001
 5.9459597e-001
 5.9276545e-001
 5.9101903e-001
 5.8938158e-001
 5.8785844e-001
 5.8644813e-001
 5.8514982e-001
 5.8396173e-001
 5.8288258e-001
 5.8191073e-001
 5.8104479e-001
 5.8028007e-001
 5.7961088e-001
 5.7903171e-001
 5.7853734e-001
 5.7812214e-001
 5.7778060e-001
 5.7750857e-001
 5.7730961e-001
 5.7718974e-001
 5.7715511e-001
 5.7721150e-001
 5.7736522e-001
 5.7762223e-001
 5.7798326e-001
 5.7842058e-001
 5.7889682e-001
 5.7937437e-001
 5.7981580e-001
 5.8018368e-001
 5.8044070e-001
 5.8055031e-001
 5.8051556e-001
 5.8039063e-001
 5.8023286e-001
 5.8009976e-001
 5.8004868e-001
 5.8013713e-001
 5.8042252e-001
 5.8096093e-001
 5.8175141e-001
 5.8272088e-001
 5.8379167e-001
 5.8488613e-001
 5.8592641e-001
 5.8683449e-001
 5.8753264e-001
 5.8794504e-001
 5.8806300e-001
 5.8796281e-001
 5.8772647e-001
 5.8743602e-001
 5.8717316e-001
 5.8701998e-001
 5.8705831e-001
 5.8736855e-001
 5.8797485e-001
 5.8883023e-001
 5.8988380e-001
 5.9108442e-001
 5.9238112e-001
 5.9372306e-001
 5.9505844e-001
 5.9633732e-001
 5.9753251e-001
 5.9864652e-001
 5.9968269e-001
 6.0064518e-001
 6.0153794e-001
 6.0236502e-001
 6.0312992e-001
 6.0383737e-001
 6.0450882e-001
 6.0518700e-001
 6.0591614e-001
 6.0673988e-001
 6.0770231e-001
 6.0884762e-001
 6.1021996e-001
 6.1186105e-001
 6.1375505e-001
 6.1581481e-001
 6.1794949e-001
 6.2006640e-001
 6.2207478e-001
 6.2388307e-001
 6.2539989e-001
 6.2653649e-001
 6.2729090e-001
 6.2776703e-001
 6.2807477e-001
 6.2832409e-001
 6.2862474e-001
 6.2908685e-001
 6.2982011e-001
 6.3093203e-001
 6.3243639e-001
 6.3423687e-001
 6.3623047e-001
 6.3831484e-001
 6.4038587e-001
 6.4234120e-001
 6.4407766e-001
 6.4549500e-001
 6.4657193e-001
 6.4738047e-001
 6.4799851e-001
 6.4850384e-001
 6.4897436e-001
 6.4948756e-001
 6.5012139e-001
 6.5095150e-001
 6.5199465e-001
 6.5319604e-001
 6.5449840e-001
 6.5584373e-001
 6.5717429e-001
 6.5843248e-001
 6.5955997e-001
 6.6050076e-001
 6.6125125e-001
 6.6186845e-001
 6.6241235e-001
 6.6294354e-001
 6.6352224e-001
 6.6420913e-001
 6.6506416e-001
 6.6614628e-001
 6.6747111e-001
 6.6900408e-001
 6.7070860e-001
 6.7254657e-001
 6.7448115e-001
 6.7647535e-001
 6.7849225e-001
 6.8049395e-001
 6.8245047e-001
 6.8433851e-001
 6.8613553e-001
 6.8781775e-001
 6.8936270e-001
 6.9074768e-001
 6.9194967e-001
 6.9294661e-001
 6.9374543e-001
 6.9438577e-001
 6.9490880e-001
 6.9535577e-001
 6.9576782e-001
 6.9618613e-001
 6.9665188e-001
 6.9720554e-001
 6.9786179e-001
 6.9860697e-001
 6.9942600e-001
 7.0030379e-001
 7.0122492e-001
 7.0217443e-001
 7.0313704e-001
 7.0409775e-001
 7.0504171e-001
 7.0596105e-001
 7.0685595e-001
 7.0772743e-001
 7.0857638e-001
 7.0940298e-001
 7.1020806e-001
 7.1099257e-001
 7.1175736e-001
 7.1250260e-001
 7.1322888e-001
 7.1392381e-001
 7.1456116e-001
 7.1511412e-001
 7.1555567e-001
 7.1585888e-001
 7.1599692e-001
 7.1594292e-001
 7.1567005e-001
 7.1515131e-001
 7.1436065e-001
 7.1329355e-001
 7.1196908e-001
 7.1040732e-001
 7.0862842e-001
 7.0665222e-001
 7.0449835e-001
 7.0218784e-001
 6.9974053e-001
 6.9717616e-001
 6.9451475e-001
 6.9179249e-001
 6.8905824e-001
 6.8636256e-001
 6.8375534e-001
 6.8128812e-001
 6.7901081e-001
 6.7697382e-001
 6.7522722e-001
 6.7382228e-001
 6.7280722e-001
 6.7218411e-001
 6.7190599e-001
 6.7192370e-001
 6.7218798e-001
 6.7264962e-001
 6.7325944e-001
 6.7396826e-001
 6.7472661e-001
 6.7548537e-001
 6.7619652e-001
 6.7683929e-001
 6.7742121e-001
 6.7795122e-001
 6.7843854e-001
 6.7889208e-001
 6.7932093e-001
 6.7973387e-001
 6.8014008e-001
 6.8054843e-001
 6.8096781e-001
 6.8139726e-001
 6.8182707e-001
 6.8224663e-001
 6.8264562e-001
 6.8301344e-001
 6.8333966e-001
 6.8361384e-001
 6.8382555e-001
 6.8396437e-001
 6.8402022e-001
 6.8399286e-001
 6.8389171e-001
 6.8372703e-001
 6.8350875e-001
 6.8324697e-001
 6.8295163e-001
 6.8263286e-001
 6.8230081e-001
 6.8196529e-001
 6.8163627e-001
 6.8131793e-001
 6.8100893e-001
 6.8070763e-001
 6.8041241e-001
 6.8012160e-001
 6.7983359e-001
 6.7954695e-001
 6.7925984e-001
 6.7897081e-001
 6.7867798e-001
 6.7837852e-001
 6.7806768e-001
 6.7774105e-001
 6.7739403e-001
 6.7702210e-001
 6.7662072e-001
 6.7618531e-001
 6.7571127e-001
 6.7519403e-001
 6.7462939e-001
 6.7401922e-001
 6.7337149e-001
 6.7269397e-001
 6.7199534e-001
 6.7128354e-001
 6.7056662e-001
 6.6985273e-001
 6.6915017e-001
 6.6846704e-001
 6.6781133e-001
 6.6718787e-001
 6.6659802e-001
 6.6604364e-001
 6.6552627e-001
 6.6504717e-001
 6.6460806e-001
 6.6421044e-001
 6.6385585e-001
 6.6354573e-001
 6.6328192e-001
 6.6307372e-001
 6.6293663e-001
 6.6288698e-001
 6.6294092e-001
 6.6311455e-001
 6.6342402e-001
 6.6388553e-001
 6.6451508e-001
 6.6532910e-001
 6.6634208e-001
 6.6754115e-001
 6.6888702e-001
 6.7033982e-001
 6.7185855e-001
 6.7340332e-001
 6.7493373e-001
 6.7641008e-001
 6.7779106e-001
 6.7903697e-001
 6.8010914e-001
 6.8100011e-001
 6.8173194e-001
 6.8232739e-001
 6.8280995e-001
 6.8320245e-001
 6.8352818e-001
 6.8381011e-001
 6.8407136e-001
 6.8433505e-001
 6.8462378e-001
 6.8495113e-001
 6.8532211e-001
 6.8574166e-001
 6.8621457e-001
 6.8674570e-001
 6.8733960e-001
 6.8800133e-001
 6.8873560e-001
 6.8954748e-001
 6.9044060e-001
 6.9140518e-001
 6.9241846e-001
 6.9345725e-001
 6.9449782e-001
 6.9551730e-001
 6.9649220e-001
 6.9739944e-001
 6.9821548e-001
 6.9891697e-001
 6.9948238e-001
 6.9991738e-001
 7.0025313e-001
 7.0052129e-001
 7.0075399e-001
 7.0098287e-001
 7.0123988e-001
 7.0155698e-001
 7.0196593e-001
 7.0249861e-001
 7.0318526e-001
 7.0402002e-001
 7.0496601e-001
 7.0598519e-001
 7.0703942e-001
 7.0809090e-001
 7.0910096e-001
 7.1003175e-001
 7.1084523e-001
 7.1150327e-001
 7.1196973e-001
 7.1224833e-001
 7.1237743e-001
 7.1239656e-001
 7.1234524e-001
 7.1226299e-001
 7.1218920e-001
 7.1216381e-001
 7.1222597e-001
 7.1241546e-001
 7.1276963e-001
 7.1329033e-001
 7.1394807e-001
 7.1471190e-001
 7.1555161e-001
 7.1643645e-001
 7.1733612e-001
 7.1821964e-001
 7.1905655e-001
 7.1981645e-001
 7.2046989e-001
 7.2101104e-001
 7.2145313e-001
 7.2181106e-001
 7.2209901e-001
 7.2233140e-001
 7.2252268e-001
 7.2268730e-001
 7.2283953e-001
 7.2299391e-001
 7.2316432e-001
 7.2335565e-001
 7.2356570e-001
 7.2379166e-001
 7.2403091e-001
 7.2428060e-001
 7.2453827e-001
 7.2480106e-001
 7.2506654e-001
 7.2533166e-001
 7.2559428e-001
 7.2585481e-001
 7.2611701e-001
 7.2638404e-001
 7.2665972e-001
 7.2694725e-001
 7.2725046e-001
 7.2757256e-001
 7.2791725e-001
 7.2828788e-001
 7.2868735e-001
 7.2910792e-001
 7.2953260e-001
 7.2994411e-001
 7.3032564e-001
 7.3065996e-001
 7.3092991e-001
 7.3111832e-001
 7.3120821e-001
 7.3118234e-001
 7.3102468e-001
 7.3073608e-001
 7.3033094e-001
 7.2982430e-001
 7.2923118e-001
 7.2856641e-001
 7.2784513e-001
 7.2708219e-001
 7.2629243e-001
 7.2549111e-001
 7.2469330e-001
 7.2391707e-001
 7.2318280e-001
 7.2251153e-001
 7.2192377e-001
 7.2144014e-001
 7.2108108e-001
 7.2086751e-001
 7.2082007e-001
 7.2095925e-001
 7.2130364e-001
 7.2183824e-001
 7.2252107e-001
 7.2330940e-001
 7.2416061e-001
 7.2503233e-001
 7.2588146e-001
 7.2666550e-001
 7.2734189e-001
 7.2786796e-001
 7.2820377e-001
 7.2835398e-001
 7.2835809e-001
 7.2825646e-001
 7.2808969e-001
 7.2789818e-001
 7.2772253e-001
 7.2760302e-001
 7.2758031e-001
 7.2769475e-001
 7.2798413e-001
 7.2844702e-001
 7.2905093e-001
 7.2976226e-001
 7.3054790e-001
 7.3137444e-001
 7.3220855e-001
 7.3301715e-001
 7.3376662e-001
 7.3442364e-001
 7.3495662e-001
 7.3535734e-001
 7.3563558e-001
 7.3580176e-001
 7.3586631e-001
 7.3583949e-001
 7.3573178e-001
 7.3555350e-001
 7.3531502e-001
 7.3502660e-001
 7.3469931e-001
 7.3435092e-001
 7.3400480e-001
 7.3368418e-001
 7.3341262e-001
 7.3321348e-001
 7.3311037e-001
 7.3312646e-001
 7.3328531e-001
 7.3361015e-001
 7.3412180e-001
 7.3480093e-001
 7.3559856e-001
 7.3646408e-001
 7.3734778e-001
 7.3819959e-001
 7.3896956e-001
 7.3960769e-001
 7.4006379e-001
 7.4028784e-001
 7.4023360e-001
 7.3990679e-001
 7.3935211e-001
 7.3861516e-001
 7.3774135e-001
 7.3677582e-001
 7.3576468e-001
 7.3475319e-001
 7.3378700e-001
 7.3291147e-001
 7.3216969e-001
 7.3157340e-001
 7.3111057e-001
 7.3076874e-001
 7.3053551e-001
 7.3039836e-001
 7.3034501e-001
 7.3036283e-001
 7.3043948e-001
 7.3056245e-001
 7.3071957e-001
 7.3090065e-001
 7.3109752e-001
 7.3130155e-001
 7.3150456e-001
 7.3169804e-001
 7.3187375e-001
 7.3202330e-001
 7.3213828e-001
 7.3221022e-001
 7.3223114e-001
 7.3219556e-001
 7.3209995e-001
 7.3194093e-001
 7.3171520e-001
 7.3141897e-001
 7.3104924e-001
 7.3060232e-001
 7.3007500e-001
 7.2946364e-001
 7.2876519e-001
 7.2798175e-001
 7.2711849e-001
 7.2618103e-001
 7.2517437e-001
 7.2410440e-001
 7.2297639e-001
 7.2179574e-001
 7.2056764e-001
 7.1929806e-001
 7.1799290e-001
 7.1666956e-001
 7.1535277e-001
 7.1406734e-001
 7.1283895e-001
 7.1169227e-001
 7.1065235e-001
 7.0974410e-001
 7.0899290e-001
 7.0842355e-001
 7.0805842e-001
 7.0788288e-001
 7.0785713e-001
 7.0794117e-001
 7.0809460e-001
 7.0827711e-001
 7.0844865e-001
 7.0856875e-001
 7.0859730e-001
 7.0849407e-001
 7.0822150e-001
 7.0777857e-001
 7.0718867e-001
 7.0647579e-001
 7.0566356e-001
 7.0477635e-001
 7.0383793e-001
 7.0287210e-001
 7.0190281e-001
 7.0095414e-001
 7.0004839e-001
 6.9918776e-001
 6.9836086e-001
 6.9755602e-001
 6.9676203e-001
 6.9596726e-001
 6.9516009e-001
 6.9432873e-001
 6.9346207e-001
 6.9254822e-001
 6.9157547e-001
 6.9052583e-001
 6.8937868e-001
 6.8811256e-001
 6.8670630e-001
 6.8513852e-001
 6.8338770e-001
 6.8143320e-001
 6.7925370e-001
 6.7682767e-001
 6.7413652e-001
 6.7119986e-001
 6.6805977e-001
 6.6475928e-001
 6.6134053e-001
 6.5784824e-001
 6.5432477e-001
 6.5081292e-001
 6.4735591e-001
 6.4399582e-001
 6.4077586e-001
 6.3771820e-001
 6.3483369e-001
 6.3213253e-001
 6.2962681e-001
 6.2732649e-001
 6.2524235e-001
 6.2338489e-001
 6.2176555e-001
 6.2039483e-001
 6.1928076e-001
 6.1840147e-001
 6.1771679e-001
 6.1718547e-001
 6.1676645e-001
 6.1641866e-001
 6.1610115e-001
 6.1577272e-001
 6.1539263e-001
 6.1491960e-001
 6.1431462e-001
 6.1356038e-001
 6.1265373e-001
 6.1159140e-001
 6.1037004e-001
 6.0898691e-001
 6.0743892e-001
 6.0572267e-001
 6.0383511e-001
 6.0177273e-001
 5.9952927e-001
 5.9705305e-001
 5.9426510e-001
 5.9108502e-001
 5.8743519e-001
 5.8323520e-001
 5.7840586e-001
 5.7286608e-001
 5.6653941e-001
 5.5934489e-001
 5.5122256e-001
 5.4232252e-001
 5.3292328e-001
 5.2331209e-001
 5.1376909e-001
 5.0457710e-001
 4.9601659e-001
 4.8837444e-001
 4.8193109e-001
 4.7696903e-001
 4.7374320e-001
 4.7221518e-001
 4.7216403e-001
 4.7336704e-001
 4.7560218e-001
 4.7864580e-001
 4.8227555e-001
 4.8626879e-001
 4.9040294e-001
 4.9445623e-001
 4.9821723e-001
 5.0161797e-001
 5.0467426e-001
 5.0740349e-001
 5.0982147e-001
 5.1194578e-001
 5.1379329e-001
 5.1538140e-001
 5.1672626e-001
 5.1784515e-001
 5.1875341e-001
 5.1944786e-001
 5.1991504e-001
 5.2014053e-001
 5.2011079e-001
 5.1981169e-001
 5.1922923e-001
 5.1834965e-001
 5.1715899e-001
 5.1564330e-001
 5.1379186e-001
 5.1163507e-001
 5.0922501e-001
 5.0661445e-001
 5.0385624e-001
 5.0100255e-001
 4.9810755e-001
 4.9522340e-001
 4.9240294e-001
 4.8969835e-001
 4.8716035e-001
 4.8480237e-001
 4.8261830e-001
 4.8060107e-001
 4.7874510e-001
 4.7704357e-001
 4.7548985e-001
 4.7407705e-001
 4.7279948e-001
 4.7165027e-001
 4.7062486e-001
 4.6973866e-001
 4.6901840e-001
 4.6849135e-001
 4.6818426e-001
 4.6812418e-001
 4.6833813e-001
 4.6885291e-001
 4.6969560e-001
 4.7089317e-001
 4.7247049e-001
 4.7442678e-001
 4.7674862e-001
 4.7942194e-001
 4.8243287e-001
 4.8576811e-001
 4.8941222e-001
 4.9335182e-001
 4.9757302e-001
 5.0206286e-001
 5.0680095e-001
 5.1172799e-001
 5.1676029e-001
 5.2181506e-001
 5.2680600e-001
 5.3165013e-001
 5.3626370e-001
 5.4056257e-001
 5.4446363e-001
 5.4788119e-001
 5.5074036e-001
 5.5304456e-001
 5.5484086e-001
 5.5617583e-001
 5.5709738e-001
 5.5765283e-001
 5.5788946e-001
 5.5785471e-001
 5.5759579e-001
 5.5716020e-001
 5.5659527e-001
 5.5594492e-001
 5.5522293e-001
 5.5442613e-001
 5.5355126e-001
 5.5259472e-001
 5.5155379e-001
 5.5042487e-001
 5.4920477e-001
 5.4788983e-001
 5.4647744e-001
 5.4496402e-001
 5.4334617e-001
 5.4162037e-001
 5.3978401e-001
 5.3783453e-001
 5.3577822e-001
 5.3362632e-001
 5.3138930e-001
 5.2907944e-001
 5.2670741e-001
 5.2428430e-001
 5.2182078e-001
 5.1932919e-001
 5.1681995e-001
 5.1430434e-001
 5.1179290e-001
 5.0929797e-001
 5.0683010e-001
 5.0440055e-001
 5.0202030e-001
 4.9970007e-001
 4.9745214e-001
 4.9528539e-001
 4.9319389e-001
 4.9116328e-001
 4.8918065e-001
 4.8723140e-001
 4.8530170e-001
 4.8337707e-001
 4.8144448e-001
 4.7948945e-001
 4.7749814e-001
 4.7545645e-001
 4.7335005e-001
 4.7116584e-001
 4.6888939e-001
 4.6650684e-001
 4.6400353e-001
 4.6136668e-001
 4.5858181e-001
 4.5563483e-001
 4.5251119e-001
 4.4919828e-001
 4.4568145e-001
 4.4194955e-001
 4.3801412e-001
 4.3390176e-001
 4.2963639e-001
 4.2524278e-001
 4.2074576e-001
 4.1616896e-001
 4.1153941e-001
 4.0688083e-001
 4.0221798e-001
 3.9757463e-001
 3.9297771e-001
 3.8845092e-001
 3.8401911e-001
 3.7970603e-001
 3.7553853e-001
 3.7154034e-001
 3.6773634e-001
 3.6415124e-001
 3.6080912e-001
 3.5773635e-001
 3.5495692e-001
 3.5249558e-001
 3.5037675e-001
 3.4862620e-001
 3.4726816e-001
 3.4632427e-001
 3.4579003e-001
 3.4564838e-001
 3.4588179e-001
 3.4647283e-001
 3.4740406e-001
 3.4865853e-001
 3.5021815e-001
 3.5206586e-001
 3.5418424e-001
 3.5655648e-001
 3.5916406e-001
 3.6199012e-001
 3.6501724e-001
 3.6822885e-001
 3.7160602e-001
 3.7513211e-001
 3.7878972e-001
 3.8256228e-001
 3.8643077e-001
 3.9037856e-001
 3.9438823e-001
 3.9844245e-001
 4.0252489e-001
 4.0661597e-001
 4.1069949e-001
 4.1475794e-001
 4.1877493e-001
 4.2273113e-001
 4.2661008e-001
 4.3039575e-001
 4.3408307e-001
 4.3766934e-001
 4.4115448e-001
 4.4453752e-001
 4.4781753e-001
 4.5099416e-001
 4.5406508e-001
 4.5703000e-001
 4.5988807e-001
 4.6263880e-001
 4.6528000e-001
 4.6781141e-001
 4.7023201e-001
 4.7254139e-001
 4.7473750e-001
 4.7681993e-001
 4.7878763e-001
 4.8063976e-001
 4.8237571e-001
 4.8399368e-001
 4.8549312e-001
 4.8687309e-001
 4.8813289e-001
 4.8927093e-001
 4.9028662e-001
 4.9117896e-001
 4.9194717e-001
 4.9258989e-001
 4.9310640e-001
 4.9349564e-001
 4.9375674e-001
 4.9388918e-001
 4.9389574e-001
 4.9378094e-001
 4.9354917e-001
 4.9320480e-001
 4.9275243e-001
 4.9219641e-001
 4.9154118e-001
 4.9079096e-001
 4.8995060e-001
 4.8902431e-001
 4.8801661e-001
 4.8693153e-001
 4.8577416e-001
 4.8454857e-001
 4.8325926e-001
 4.8191065e-001
 4.8050678e-001
 4.7905290e-001
 4.7755295e-001
 4.7601148e-001
 4.7443250e-001
 4.7282115e-001
 4.7118160e-001
 4.6951818e-001
 4.6783501e-001
 4.6613726e-001
 4.6442890e-001
 4.6271458e-001
 4.6099854e-001
 4.5928490e-001
 4.5757890e-001
 4.5588413e-001
 4.5420176e-001
 4.5253137e-001
 4.5087361e-001
 4.4922805e-001
 4.4759458e-001
 4.4597274e-001
 4.4436321e-001
 4.4276550e-001
 4.4117960e-001
 4.3960536e-001
 4.3804234e-001
 4.3649122e-001
 4.3495151e-001
 4.3342316e-001
 4.3190563e-001
 4.3039972e-001
 4.2890489e-001
 4.2742106e-001
 4.2594782e-001
 4.2448574e-001
 4.2303443e-001
 4.2159382e-001
 4.2016345e-001
 4.1874394e-001
 4.1733479e-001
 4.1593608e-001
 4.1454753e-001
 4.1316888e-001
 4.1180065e-001
 4.1044244e-001
 4.0909413e-001
 4.0775543e-001
 4.0642753e-001
 4.0511099e-001
 4.0380645e-001
 4.0251464e-001
 4.0123683e-001
 3.9997360e-001
 3.9872566e-001
 3.9749396e-001
 3.9627892e-001
 3.9508194e-001
 3.9390361e-001
 3.9274466e-001
 3.9160568e-001
 3.9048797e-001
 3.8939217e-001
 3.8831899e-001
 3.8726905e-001
 3.8624361e-001
 3.8524324e-001
 3.8426879e-001
 3.8332111e-001
 3.8240069e-001
 3.8150883e-001
 3.8064614e-001
 3.7981331e-001
 3.7901115e-001
 3.7824073e-001
 3.7750274e-001
 3.7679788e-001
 3.7612692e-001
 3.7549093e-001
 3.7489006e-001
 3.7432113e-001
 3.7377948e-001
 3.7326086e-001
 3.7276056e-001
 3.7227416e-001
 3.7179700e-001
 3.7132442e-001
 3.7085220e-001
 3.7037563e-001
 3.6989021e-001
 3.6939123e-001
 3.6887443e-001
 3.6833516e-001
 3.6776888e-001
 3.6717090e-001
 3.6653695e-001
 3.6586240e-001
 3.6514267e-001
 3.6437327e-001
 3.6354935e-001
 3.6266690e-001
 3.6172116e-001
 3.6070758e-001
 3.5962132e-001
 3.5845840e-001
 3.5721400e-001
 3.5588363e-001
 3.5446239e-001
 3.5294643e-001
 3.5133082e-001
 3.4961110e-001
 3.4778365e-001
 3.4585059e-001
 3.4381747e-001
 3.4168884e-001
 3.3946946e-001
 3.3716363e-001
 3.3477724e-001
 3.3231461e-001
 3.2978052e-001
 3.2717922e-001
 3.2451680e-001
 3.2179740e-001
 3.1902590e-001
 3.1620643e-001
 3.1334519e-001
 3.1044629e-001
 3.0751461e-001
 3.0455494e-001
 3.0157143e-001
 2.9857031e-001
 2.9555571e-001
 2.9253244e-001
 2.8950465e-001
 2.8647852e-001
 2.8345826e-001
 2.8044862e-001
 2.7745375e-001
 2.7447996e-001
 2.7153122e-001
 2.6861253e-001
 2.6572859e-001
 2.6288360e-001
 2.6008317e-001
 2.5732753e-001
 2.5461623e-001
 2.5194833e-001
 2.4932465e-001
 2.4674422e-001
 2.4420662e-001
 2.4171095e-001
 2.3925792e-001
 2.3684663e-001
 2.3447663e-001
 2.3214760e-001
 2.2985858e-001
 2.2761032e-001
 2.2540185e-001
 2.2323281e-001
 2.2110228e-001
 2.1901093e-001
 2.1695787e-001
 2.1494269e-001
 2.1296455e-001
 2.1102405e-001
 2.0912026e-001
 2.0725289e-001
 2.0542146e-001
 2.0362526e-001
 2.0186469e-001
 2.0013899e-001
 1.9844773e-001
 1.9679020e-001
 1.9516672e-001
 1.9357660e-001
 1.9201936e-001
 1.9049402e-001
 1.8900052e-001
 1.8753779e-001
 1.8610507e-001
 1.8470131e-001
 1.8332641e-001
 1.8197933e-001
 1.8065926e-001
 1.7936552e-001
 1.7809702e-001
 1.7685369e-001
 1.7563443e-001
 1.7443851e-001
 1.7326491e-001
 1.7211345e-001
 1.7098311e-001
 1.6987313e-001
 1.6878258e-001
 1.6771114e-001
 1.6665785e-001
 1.6562198e-001
 1.6460279e-001
 1.6359927e-001
 1.6261119e-001
 1.6163754e-001
 1.6067760e-001
 1.5973040e-001
 1.5879564e-001
 1.5787236e-001
 1.5695982e-001
 1.5605706e-001
 1.5516378e-001
 1.5427914e-001
 1.5340254e-001
 1.5253337e-001
 1.5167081e-001
 1.5081470e-001
 1.4996423e-001
 1.4911880e-001
 1.4827758e-001
 1.4744037e-001
 1.4660640e-001
 1.4577505e-001
 1.4494553e-001
 1.4411764e-001
 1.4329053e-001
 1.4246367e-001
 1.4163624e-001
 1.4080799e-001
 1.3997816e-001
 1.3914615e-001
 1.3831134e-001
 1.3747294e-001
 1.3663074e-001
 1.3578397e-001
 1.3493198e-001
 1.3407402e-001
 1.3320982e-001
 1.3233864e-001
 1.3145988e-001
 1.3057269e-001
 1.2967689e-001
 1.2877172e-001
 1.2785673e-001
 1.2693273e-001
 1.2600063e-001
 1.2506199e-001
 1.2411775e-001
 1.2316904e-001
 1.2221678e-001
 1.2126254e-001
 1.2030724e-001
 1.1935204e-001
 1.1839782e-001
 1.1744619e-001
 1.1649806e-001
 1.1555456e-001
 1.1461683e-001
 1.1368579e-001
 1.1276302e-001
 1.1184945e-001
 1.1094619e-001
 1.1005419e-001
 1.0917500e-001
 1.0830954e-001
 1.0745897e-001
 1.0662422e-001
 1.0580681e-001
 1.0500770e-001
 1.0422802e-001
 1.0346872e-001
 1.0273132e-001
 1.0201675e-001
 1.0132618e-001
 1.0066072e-001
 1.0002109e-001
 9.9407241e-002
 9.8818161e-002
 9.8253056e-002
 9.7710997e-002
 9.7191438e-002
 9.6693434e-002
 9.6216179e-002
 9.5758758e-002
 9.5320582e-002
 9.4900727e-002
 9.4498403e-002
 9.4112791e-002
 9.3742989e-002
 9.3388386e-002
 9.3048066e-002
 9.2721224e-002
 9.2406988e-002
 9.2104696e-002
 9.1813467e-002
 9.1532491e-002
 9.1260895e-002
 9.0998001e-002
 9.0742946e-002
 9.0494916e-002
 9.0253100e-002
 9.0016641e-002
 8.9784838e-002
 8.9556828e-002
 8.9331806e-002
 8.9108907e-002
 8.8887453e-002
 8.8666528e-002
 8.8445283e-002
 8.8222727e-002
 8.7998092e-002
 8.7770380e-002
 8.7538704e-002
 8.7302156e-002
 8.7059766e-002
 8.6810753e-002
 8.6554132e-002
 8.6289011e-002
 8.6014412e-002
 8.5729547e-002
 8.5433461e-002
 8.5125245e-002
 8.4803894e-002
 8.4468678e-002
 8.4118605e-002
 8.3752751e-002
 8.3370142e-002
 8.2970038e-002
 8.2551450e-002
 8.2113452e-002
 8.1655160e-002
 8.1175528e-002
 8.0673888e-002
 8.0149233e-002
 7.9600632e-002
 7.9027049e-002
 7.8427859e-002
 7.7802002e-002
 7.7148587e-002
 7.6467037e-002
 7.5759597e-002
 7.5028718e-002
 7.4276969e-002
 7.3506929e-002
 7.2721012e-002
 7.1922183e-002
 7.1112819e-002
 7.0295535e-002
 6.9472700e-002
 6.8647310e-002
 6.7821749e-002
 6.6998586e-002
 6.6180244e-002
 6.5369688e-002
 6.4569302e-002
 6.3781686e-002
 6.3009411e-002
 6.2254902e-002
 6.1521094e-002
 6.0810383e-002
 6.0125381e-002
 5.9468515e-002
 5.8842670e-002
 5.8250282e-002
 5.7693940e-002
 5.7176113e-002
 5.6699626e-002
 5.6266949e-002
 5.5880662e-002
 5.5543274e-002
 5.5257540e-002
 5.5025220e-002
 5.4844894e-002
 5.4714289e-002
 5.4631077e-002
 5.4593015e-002
 5.4597780e-002
 5.4643076e-002
 5.4726645e-002
 5.4846141e-002
 5.4999299e-002
 5.5183806e-002
 5.5397436e-002
 5.5637795e-002
 5.5902630e-002
 5.6189653e-002
 5.6496572e-002
 5.6821160e-002
 5.7160985e-002
 5.7513818e-002
 5.7877377e-002
 5.8249440e-002
 5.8627550e-002
 5.9009492e-002
 5.9392985e-002
 5.9775811e-002
 6.0155507e-002
 6.0529862e-002
 6.0896594e-002
 6.1253391e-002
 6.1598055e-002
 6.1928123e-002
 6.2241387e-002
 6.2536009e-002
 6.2812150e-002
 6.3070282e-002
 6.3311063e-002
 6.3535102e-002
 6.3743033e-002
 6.3935362e-002
 6.4112730e-002
 6.4275749e-002
 6.4425044e-002
 6.4561136e-002
 6.4684667e-002
 6.4796239e-002
 6.4896442e-002
 6.4985894e-002
 6.5065160e-002
 6.5134861e-002
 6.5195583e-002
 6.5247938e-002
 6.5292500e-002
 6.5329894e-002
 6.5360717e-002
 6.5385543e-002
 6.5404989e-002
 6.5419644e-002
 6.5430112e-002
 6.5436989e-002
 6.5440886e-002
 6.5442383e-002
 6.5442085e-002
 6.5440588e-002
 6.5438502e-002
