splib07b Record=19139: Vesuvianite HS446.3B Idocras  BECKa AREF
-1.2300000e+034
-1.2300000e+034
-1.2300000e+034
-1.2300000e+034
-1.2300000e+034
-1.2300000e+034
-1.2300000e+034
-1.2300000e+034
-1.2300000e+034
-1.2300000e+034
-1.2300000e+034
-1.2300000e+034
-1.2300000e+034
-1.2300000e+034
-1.2300000e+034
-1.2300000e+034
-1.2300000e+034
-1.2300000e+034
-1.2300000e+034
-1.2300000e+034
-1.2300000e+034
-1.2300000e+034
-1.2300000e+034
-1.2300000e+034
-1.2300000e+034
-1.2300000e+034
-1.2300000e+034
-1.2300000e+034
-1.2300000e+034
-1.2300000e+034
-1.2300000e+034
-1.2300000e+034
-1.2300000e+034
-1.2300000e+034
-1.2300000e+034
-1.2300000e+034
-1.2300000e+034
-1.2300000e+034
-1.2300000e+034
-1.2300000e+034
-1.2300000e+034
-1.2300000e+034
-1.2300000e+034
-1.2300000e+034
-1.2300000e+034
-1.2300000e+034
-1.2300000e+034
-1.2300000e+034
 4.3261565e-002
 4.3261565e-002
 4.3007735e-002
 4.2755187e-002
 4.2504661e-002
 4.2256940e-002
 4.2012766e-002
 4.1772887e-002
 4.1538086e-002
 4.1309103e-002
 4.1086696e-002
 4.0871631e-002
 4.0664662e-002
 4.0466540e-002
 4.0278032e-002
 4.0099889e-002
 3.9932866e-002
 3.9777730e-002
 3.9635237e-002
 3.9506134e-002
 3.9391186e-002
 3.9291147e-002
 3.9206784e-002
 3.9138850e-002
 3.9088096e-002
 3.9055154e-002
 3.9039288e-002
 3.9038900e-002
 3.9052360e-002
 3.9078064e-002
 3.9114393e-002
 3.9159734e-002
 3.9212465e-002
 3.9270978e-002
 3.9333649e-002
 3.9398879e-002
 3.9465040e-002
 3.9530516e-002
 3.9593697e-002
 3.9652966e-002
 3.9706707e-002
 3.9753307e-002
 3.9791148e-002
 3.9818615e-002
 3.9834093e-002
 3.9835975e-002
 3.9822768e-002
 3.9794598e-002
 3.9752565e-002
 3.9697796e-002
 3.9631423e-002
 3.9554574e-002
 3.9468370e-002
 3.9373942e-002
 3.9272409e-002
 3.9164912e-002
 3.9052557e-002
 3.8936488e-002
 3.8817834e-002
 3.8697701e-002
 3.8577240e-002
 3.8457558e-002
 3.8339797e-002
 3.8225073e-002
 3.8114492e-002
 3.8008872e-002
 3.7908841e-002
 3.7815038e-002
 3.7728082e-002
 3.7648603e-002
 3.7577245e-002
 3.7514627e-002
 3.7461370e-002
 3.7418123e-002
 3.7385505e-002
 3.7364148e-002
 3.7354674e-002
 3.7357725e-002
 3.7373926e-002
 3.7403904e-002
 3.7448291e-002
 3.7507724e-002
 3.7582692e-002
 3.7672229e-002
 3.7774406e-002
 3.7887260e-002
 3.8008846e-002
 3.8137216e-002
 3.8270414e-002
 3.8406476e-002
 3.8543478e-002
 3.8679451e-002
 3.8812432e-002
 3.8940500e-002
 3.9061680e-002
 3.9174024e-002
 3.9275590e-002
 3.9364420e-002
 3.9438564e-002
 3.9497010e-002
 3.9541107e-002
 3.9572552e-002
 3.9593048e-002
 3.9604302e-002
 3.9608017e-002
 3.9605889e-002
 3.9599638e-002
 3.9590955e-002
 3.9581545e-002
 3.9573103e-002
 3.9567355e-002
 3.9565980e-002
 3.9570697e-002
 3.9583202e-002
 3.9604556e-002
 3.9634190e-002
 3.9671276e-002
 3.9714999e-002
 3.9764527e-002
 3.9819032e-002
 3.9877709e-002
 3.9939728e-002
 4.0004257e-002
 4.0070474e-002
 4.0137563e-002
 4.0204700e-002
 4.0271048e-002
 4.0335800e-002
 4.0398128e-002
 4.0457431e-002
 4.0513694e-002
 4.0566981e-002
 4.0617369e-002
 4.0664934e-002
 4.0709741e-002
 4.0751863e-002
 4.0791381e-002
 4.0828347e-002
 4.0862855e-002
 4.0894959e-002
 4.0924743e-002
 4.0952273e-002
 4.0977620e-002
 4.1000862e-002
 4.1022446e-002
 4.1043814e-002
 4.1066565e-002
 4.1092299e-002
 4.1122604e-002
 4.1159105e-002
 4.1203368e-002
 4.1257013e-002
 4.1321628e-002
 4.1398823e-002
 4.1490167e-002
 4.1597296e-002
 4.1721787e-002
 4.1864891e-002
 4.2023316e-002
 4.2190664e-002
 4.2360447e-002
 4.2526245e-002
 4.2681549e-002
 4.2819943e-002
 4.2934928e-002
 4.3020062e-002
 4.3068860e-002
 4.3074880e-002
 4.3031640e-002
 4.2933457e-002
 4.2784378e-002
 4.2595256e-002
 4.2377077e-002
 4.2140797e-002
 4.1897409e-002
 4.1657910e-002
 4.1433245e-002
 4.1234404e-002
 4.1072380e-002
 4.0958151e-002
 4.0902678e-002
 4.0916063e-002
 4.0996782e-002
 4.1135199e-002
 4.1321512e-002
 4.1545887e-002
 4.1798558e-002
 4.2069674e-002
 4.2349473e-002
 4.2628132e-002
 4.2895835e-002
 4.3142758e-002
 4.3359138e-002
 4.3535706e-002
 4.3670878e-002
 4.3768387e-002
 4.3832116e-002
 4.3865927e-002
 4.3873705e-002
 4.3859307e-002
 4.3826610e-002
 4.3779481e-002
 4.3721799e-002
 4.3657430e-002
 4.3590244e-002
 4.3524064e-002
 4.3462157e-002
 4.3407351e-002
 4.3362476e-002
 4.3330375e-002
 4.3313876e-002
 4.3315805e-002
 4.3339007e-002
 4.3386303e-002
 4.3460533e-002
 4.3564528e-002
 4.3701101e-002
 4.3872736e-002
 4.4076614e-002
 4.4306245e-002
 4.4555001e-002
 4.4816282e-002
 4.5083433e-002
 4.5349900e-002
 4.5609016e-002
 4.5854233e-002
 4.6078894e-002
 4.6276405e-002
 4.6440132e-002
 4.6564035e-002
 4.6649508e-002
 4.6703395e-002
 4.6732642e-002
 4.6744194e-002
 4.6745013e-002
 4.6742052e-002
 4.6742260e-002
 4.6752591e-002
 4.6780001e-002
 4.6831444e-002
 4.6913855e-002
 4.7033619e-002
 4.7188845e-002
 4.7371604e-002
 4.7573876e-002
 4.7787607e-002
 4.8004724e-002
 4.8217207e-002
 4.8416995e-002
 4.8596032e-002
 4.8746288e-002
 4.8859693e-002
 4.8928212e-002
 4.8944525e-002
 4.8911657e-002
 4.8840232e-002
 4.8741069e-002
 4.8624992e-002
 4.8502818e-002
 4.8385371e-002
 4.8283454e-002
 4.8207898e-002
 4.8169505e-002
 4.8179105e-002
 4.8247520e-002
 4.8384737e-002
 4.8589181e-002
 4.8850577e-002
 4.9158543e-002
 4.9502596e-002
 4.9872294e-002
 5.0257172e-002
 5.0646845e-002
 5.1030796e-002
 5.1398668e-002
 5.1739965e-002
 5.2044254e-002
 5.2301649e-002
 5.2510832e-002
 5.2676775e-002
 5.2804634e-002
 5.2899588e-002
 5.2966785e-002
 5.3011384e-002
 5.3038545e-002
 5.3053435e-002
 5.3061210e-002
 5.3067021e-002
 5.3076036e-002
 5.3093258e-002
 5.3121407e-002
 5.3161476e-002
 5.3214412e-002
 5.3281188e-002
 5.3362731e-002
 5.3460002e-002
 5.3573940e-002
 5.3705521e-002
 5.3855665e-002
 5.4025352e-002
 5.4215524e-002
 5.4427009e-002
 5.4658849e-002
 5.4908793e-002
 5.5174485e-002
 5.5453639e-002
 5.5743907e-002
 5.6042973e-002
 5.6348477e-002
 5.6658164e-002
 5.6969639e-002
 5.7280641e-002
 5.7588823e-002
 5.7891876e-002
 5.8187816e-002
 5.8474973e-002
 5.8751620e-002
 5.9016038e-002
 5.9266556e-002
 5.9501454e-002
 5.9719015e-002
 5.9917562e-002
 6.0095381e-002
 6.0250744e-002
 6.0381986e-002
 6.0487635e-002
 6.0570199e-002
 6.0635235e-002
 6.0688395e-002
 6.0735323e-002
 6.0781673e-002
 6.0833085e-002
 6.0895208e-002
 6.0973678e-002
 6.1074160e-002
 6.1202280e-002
 6.1363712e-002
 6.1563767e-002
 6.1802872e-002
 6.2077548e-002
 6.2384319e-002
 6.2719576e-002
 6.3079856e-002
 6.3461557e-002
 6.3861154e-002
 6.4275116e-002
 6.4699844e-002
 6.5131836e-002
 6.5567598e-002
 6.6003606e-002
 6.6437453e-002
 6.6867590e-002
 6.7292415e-002
 6.7710437e-002
 6.8120159e-002
 6.8519980e-002
 6.8908393e-002
 6.9283813e-002
 6.9644704e-002
 6.9989540e-002
 7.0316806e-002
 7.0625030e-002
 7.0914023e-002
 7.1184665e-002
 7.1437836e-002
 7.1674459e-002
 7.1895391e-002
 7.2101586e-002
 7.2293907e-002
 7.2473243e-002
 7.2640494e-002
 7.2796576e-002
 7.2942346e-002
 7.3078908e-002
 7.3210008e-002
 7.3341586e-002
 7.3479638e-002
 7.3630162e-002
 7.3799156e-002
 7.3992625e-002
 7.4216597e-002
 7.4477032e-002
 7.4779943e-002
 7.5131297e-002
 7.5537123e-002
 7.6002926e-002
 7.6525278e-002
 7.7093653e-002
 7.7697255e-002
 7.8325257e-002
 7.8966968e-002
 7.9611659e-002
 8.0248512e-002
 8.0866754e-002
 8.1455611e-002
 8.2004271e-002
 8.2502037e-002
 8.2938783e-002
 8.3314665e-002
 8.3638348e-002
 8.3918780e-002
 8.4164850e-002
 8.4385529e-002
 8.4589727e-002
 8.4786393e-002
 8.4984422e-002
 8.5192770e-002
 8.5420318e-002
 8.5676059e-002
 8.5968405e-002
 8.6298466e-002
 8.6661071e-002
 8.7050892e-002
 8.7462559e-002
 8.7890834e-002
 8.8330314e-002
 8.8775754e-002
 8.9221783e-002
 8.9663088e-002
 9.0094343e-002
 9.0510346e-002
 9.0906560e-002
 9.1278501e-002
 9.1621682e-002
 9.1931589e-002
 9.2203759e-002
 9.2433669e-002
 9.2616878e-002
 9.2748903e-002
 9.2829928e-002
 9.2875563e-002
 9.2904545e-002
 9.2935614e-002
 9.2987515e-002
 9.3079023e-002
 9.3228847e-002
 9.3455762e-002
 9.3778484e-002
 9.4207756e-002
 9.4728023e-002
 9.5318146e-002
 9.5957167e-002
 9.6623987e-002
 9.7297557e-002
 9.7956754e-002
 9.8580644e-002
 9.9148057e-002
 9.9643946e-002
 1.0007270e-001
 1.0044291e-001
 1.0076307e-001
 1.0104178e-001
 1.0128755e-001
 1.0150897e-001
 1.0171455e-001
 1.0191286e-001
 1.0211097e-001
 1.0231112e-001
 1.0251456e-001
 1.0272250e-001
 1.0293619e-001
 1.0315682e-001
 1.0338563e-001
 1.0362381e-001
 1.0387263e-001
 1.0413262e-001
 1.0440186e-001
 1.0467799e-001
 1.0495863e-001
 1.0524138e-001
 1.0552389e-001
 1.0580379e-001
 1.0607869e-001
 1.0634620e-001
 1.0660540e-001
 1.0686027e-001
 1.0711589e-001
 1.0737726e-001
 1.0764950e-001
 1.0793759e-001
 1.0824662e-001
 1.0858103e-001
 1.0893548e-001
 1.0929582e-001
 1.0964774e-001
 1.0997686e-001
 1.1026879e-001
 1.1050987e-001
 1.1070006e-001
 1.1085108e-001
 1.1097512e-001
 1.1108436e-001
 1.1119094e-001
 1.1130691e-001
 1.1144188e-001
 1.1160330e-001
 1.1179861e-001
 1.1203516e-001
 1.1232039e-001
 1.1266131e-001
 1.1305881e-001
 1.1350826e-001
 1.1400496e-001
 1.1454405e-001
 1.1512075e-001
 1.1572985e-001
 1.1635839e-001
 1.1698671e-001
 1.1759488e-001
 1.1816286e-001
 1.1867069e-001
 1.1909968e-001
 1.1945544e-001
 1.1976538e-001
 1.2005755e-001
 1.2036011e-001
 1.2070117e-001
 1.2110760e-001
 1.2158322e-001
 1.2211125e-001
 1.2267409e-001
 1.2325426e-001
 1.2383415e-001
 1.2439642e-001
 1.2492813e-001
 1.2542039e-001
 1.2586436e-001
 1.2625127e-001
 1.2657230e-001
 1.2681995e-001
 1.2701263e-001
 1.2719195e-001
 1.2740055e-001
 1.2768099e-001
 1.2807575e-001
 1.2862493e-001
 1.2931967e-001
 1.3010666e-001
 1.3093108e-001
 1.3173822e-001
 1.3247310e-001
 1.3308331e-001
 1.3356407e-001
 1.3395399e-001
 1.3429341e-001
 1.3462260e-001
 1.3498181e-001
 1.3540964e-001
 1.3591176e-001
 1.3646370e-001
 1.3703996e-001
 1.3761489e-001
 1.3816300e-001
 1.3865942e-001
 1.3909435e-001
 1.3947177e-001
 1.3979632e-001
 1.4007242e-001
 1.4030470e-001
 1.4049865e-001
 1.4068010e-001
 1.4089358e-001
 1.4118439e-001
 1.4159776e-001
 1.4217900e-001
 1.4297007e-001
 1.4394668e-001
 1.4502293e-001
 1.4611043e-001
 1.4712113e-001
 1.4796688e-001
 1.4856382e-001
 1.4891987e-001
 1.4912829e-001
 1.4928567e-001
 1.4948858e-001
 1.4983197e-001
 1.5035607e-001
 1.5103458e-001
 1.5183720e-001
 1.5273353e-001
 1.5369338e-001
 1.5468648e-001
 1.5568250e-001
 1.5665109e-001
 1.5756251e-001
 1.5840580e-001
 1.5919323e-001
 1.5993825e-001
 1.6065453e-001
 1.6135558e-001
 1.6205496e-001
 1.6276616e-001
 1.6350287e-001
 1.6427827e-001
 1.6509692e-001
 1.6595215e-001
 1.6683678e-001
 1.6774347e-001
 1.6866517e-001
 1.6959448e-001
 1.7052433e-001
 1.7144743e-001
 1.7235662e-001
 1.7324819e-001
 1.7412259e-001
 1.7498063e-001
 1.7582320e-001
 1.7665096e-001
 1.7746466e-001
 1.7826514e-001
 1.7905305e-001
 1.7982930e-001
 1.8059686e-001
 1.8136117e-001
 1.8212786e-001
 1.8290260e-001
 1.8369099e-001
 1.8449873e-001
 1.8533157e-001
 1.8619511e-001
 1.8709482e-001
 1.8803118e-001
 1.8899815e-001
 1.8998954e-001
 1.9099876e-001
 1.9201973e-001
 1.9304593e-001
 1.9407104e-001
 1.9508858e-001
 1.9609264e-001
 1.9708489e-001
 1.9807744e-001
 1.9908288e-001
 2.0011391e-001
 2.0118298e-001
 2.0230298e-001
 2.0348635e-001
 2.0474592e-001
 2.0609371e-001
 2.0752329e-001
 2.0900439e-001
 2.1050513e-001
 2.1199386e-001
 2.1343903e-001
 2.1480867e-001
 2.1607107e-001
 2.1719444e-001
 2.1814789e-001
 2.1893474e-001
 2.1960206e-001
 2.2019967e-001
 2.2077742e-001
 2.2138523e-001
 2.2207284e-001
 2.2289032e-001
 2.2388731e-001
 2.2511287e-001
 2.2657442e-001
 2.2822633e-001
 2.3001921e-001
 2.3190421e-001
 2.3383182e-001
 2.3575318e-001
 2.3761897e-001
 2.3937993e-001
 2.4098764e-001
 2.4242844e-001
 2.4373257e-001
 2.4493383e-001
 2.4606566e-001
 2.4716160e-001
 2.4825510e-001
 2.4937990e-001
 2.5056937e-001
 2.5185668e-001
 2.5325382e-001
 2.5474519e-001
 2.5631353e-001
 2.5794131e-001
 2.5961140e-001
 2.6130658e-001
 2.6300937e-001
 2.6470241e-001
 2.6636845e-001
 2.6799303e-001
 2.6956576e-001
 2.7107656e-001
 2.7251503e-001
 2.7387097e-001
 2.7513409e-001
 2.7629405e-001
 2.7734783e-001
 2.7833062e-001
 2.7929115e-001
 2.8027803e-001
 2.8133985e-001
 2.8252515e-001
 2.8387353e-001
 2.8537300e-001
 2.8699416e-001
 2.8870744e-001
 2.9048321e-001
 2.9229185e-001
 2.9410410e-001
 2.9589045e-001
 2.9762134e-001
 2.9926786e-001
 3.0080053e-001
 3.0218983e-001
 3.0341324e-001
 3.0448440e-001
 3.0542958e-001
 3.0627555e-001
 3.0704865e-001
 3.0777532e-001
 3.0848369e-001
 3.0921069e-001
 3.0999625e-001
 3.1088051e-001
 3.1190354e-001
 3.1310520e-001
 3.1451562e-001
 3.1610700e-001
 3.1783116e-001
 3.1964043e-001
 3.2148665e-001
 3.2332164e-001
 3.2510591e-001
 3.2684663e-001
 3.2856750e-001
 3.3029270e-001
 3.3204600e-001
 3.3385113e-001
 3.3572242e-001
 3.3761737e-001
 3.3947307e-001
 3.4122747e-001
 3.4281775e-001
 3.4418133e-001
 3.4527355e-001
 3.4615412e-001
 3.4691957e-001
 3.4766650e-001
 3.4849176e-001
 3.4949186e-001
 3.5074386e-001
 3.5221153e-001
 3.5381773e-001
 3.5548499e-001
 3.5713646e-001
 3.5869476e-001
 3.6009499e-001
 3.6134404e-001
 3.6247450e-001
 3.6351889e-001
 3.6451006e-001
 3.6548066e-001
 3.6646011e-001
 3.6746100e-001
 3.6848906e-001
 3.6955023e-001
 3.7065053e-001
 3.7179589e-001
 3.7299088e-001
 3.7423393e-001
 3.7552050e-001
 3.7684628e-001
 3.7820709e-001
 3.7959853e-001
 3.8101453e-001
 3.8244021e-001
 3.8385671e-001
 3.8524541e-001
 3.8658783e-001
 3.8786533e-001
 3.8906255e-001
 3.9018399e-001
 3.9124161e-001
 3.9224729e-001
 3.9321265e-001
 3.9414981e-001
 3.9507106e-001
 3.9599180e-001
 3.9692885e-001
 3.9789882e-001
 3.9891833e-001
 4.0000418e-001
 4.0116689e-001
 4.0238079e-001
 4.0360674e-001
 4.0480560e-001
 4.0593803e-001
 4.0696508e-001
 4.0785739e-001
 4.0864617e-001
 4.0938514e-001
 4.1012818e-001
 4.1092888e-001
 4.1184118e-001
 4.1290712e-001
 4.1409782e-001
 4.1535810e-001
 4.1663241e-001
 4.1786537e-001
 4.1900176e-001
 4.1999292e-001
 4.2083243e-001
 4.2153001e-001
 4.2209506e-001
 4.2253718e-001
 4.2286599e-001
 4.2309955e-001
 4.2330873e-001
 4.2358419e-001
 4.2401683e-001
 4.2469737e-001
 4.2571658e-001
 4.2713943e-001
 4.2887104e-001
 4.3075559e-001
 4.3263784e-001
 4.3436176e-001
 4.3577155e-001
 4.3674392e-001
 4.3735376e-001
 4.3775228e-001
 4.3809086e-001
 4.3852085e-001
 4.3919346e-001
 4.4023097e-001
 4.4157371e-001
 4.4309190e-001
 4.4465616e-001
 4.4613662e-001
 4.4740349e-001
 4.4834986e-001
 4.4900966e-001
 4.4947168e-001
 4.4982475e-001
 4.5015764e-001
 4.5055911e-001
 4.5110846e-001
 4.5182440e-001
 4.5270202e-001
 4.5373714e-001
 4.5492414e-001
 4.5625925e-001
 4.5772806e-001
 4.5926380e-001
 4.6077749e-001
 4.6218020e-001
 4.6338370e-001
 4.6429849e-001
 4.6485537e-001
 4.6510571e-001
 4.6514854e-001
 4.6508282e-001
 4.6500775e-001
 4.6502236e-001
 4.6521202e-001
 4.6557406e-001
 4.6607131e-001
 4.6666622e-001
 4.6732181e-001
 4.6800029e-001
 4.6867043e-001
 4.6933681e-001
 4.7001898e-001
 4.7073627e-001
 4.7150800e-001
 4.7235405e-001
 4.7328764e-001
 4.7428763e-001
 4.7531807e-001
 4.7634289e-001
 4.7732684e-001
 4.7823337e-001
 4.7903222e-001
 4.7972512e-001
 4.8032713e-001
 4.8085329e-001
 4.8131859e-001
 4.8173830e-001
 4.8212665e-001
 4.8249528e-001
 4.8285419e-001
 4.8321339e-001
 4.8358306e-001
 4.8397309e-001
 4.8438936e-001
 4.8480815e-001
 4.8519444e-001
 4.8551294e-001
 4.8572850e-001
 4.8580584e-001
 4.8572361e-001
 4.8555210e-001
 4.8539865e-001
 4.8537081e-001
 4.8557612e-001
 4.8612186e-001
 4.8709297e-001
 4.8842081e-001
 4.8997590e-001
 4.9162772e-001
 4.9324575e-001
 4.9470055e-001
 4.9587649e-001
 4.9676397e-001
 4.9739507e-001
 4.9780226e-001
 4.9801797e-001
 4.9807468e-001
 4.9800912e-001
 4.9788645e-001
 4.9778336e-001
 4.9777681e-001
 4.9794352e-001
 4.9836060e-001
 4.9908665e-001
 5.0006115e-001
 5.0117278e-001
 5.0231123e-001
 5.0336558e-001
 5.0422466e-001
 5.0479633e-001
 5.0510991e-001
 5.0524628e-001
 5.0528634e-001
 5.0531077e-001
 5.0540060e-001
 5.0562704e-001
 5.0599664e-001
 5.0648886e-001
 5.0708312e-001
 5.0775886e-001
 5.0849521e-001
 5.0927287e-001
 5.1007771e-001
 5.1089889e-001
 5.1172525e-001
 5.1254547e-001
 5.1334846e-001
 5.1412523e-001
 5.1488334e-001
 5.1563591e-001
 5.1639712e-001
 5.1718062e-001
 5.1800007e-001
 5.1886386e-001
 5.1973909e-001
 5.2057701e-001
 5.2132803e-001
 5.2194273e-001
 5.2237189e-001
 5.2257973e-001
 5.2262551e-001
 5.2260900e-001
 5.2262992e-001
 5.2278805e-001
 5.2318317e-001
 5.2389354e-001
 5.2484566e-001
 5.2590203e-001
 5.2692389e-001
 5.2777356e-001
 5.2831262e-001
 5.2843010e-001
 5.2820510e-001
 5.2779883e-001
 5.2737242e-001
 5.2708751e-001
 5.2710527e-001
 5.2756113e-001
 5.2840686e-001
 5.2951598e-001
 5.3076011e-001
 5.3201234e-001
 5.3314519e-001
 5.3404635e-001
 5.3471321e-001
 5.3518963e-001
 5.3552037e-001
 5.3574979e-001
 5.3592247e-001
 5.3608233e-001
 5.3626829e-001
 5.3651774e-001
 5.3686762e-001
 5.3735507e-001
 5.3801727e-001
 5.3887779e-001
 5.3986484e-001
 5.4086328e-001
 5.4175931e-001
 5.4243785e-001
 5.4278481e-001
 5.4270911e-001
 5.4229051e-001
 5.4168361e-001
 5.4104382e-001
 5.4052573e-001
 5.4028469e-001
 5.4045451e-001
 5.4101467e-001
 5.4187667e-001
 5.4295200e-001
 5.4415137e-001
 5.4538637e-001
 5.4657292e-001
 5.4766178e-001
 5.4861981e-001
 5.4941273e-001
 5.5000758e-001
 5.5037063e-001
 5.5048043e-001
 5.5040520e-001
 5.5025274e-001
 5.5013120e-001
 5.5014873e-001
 5.5041337e-001
 5.5101478e-001
 5.5190539e-001
 5.5297720e-001
 5.5412060e-001
 5.5522740e-001
 5.5618834e-001
 5.5690897e-001
 5.5740035e-001
 5.5772132e-001
 5.5793101e-001
 5.5808818e-001
 5.5825210e-001
 5.5847555e-001
 5.5876637e-001
 5.5911219e-001
 5.5950010e-001
 5.5991781e-001
 5.6035227e-001
 5.6079000e-001
 5.6120861e-001
 5.6158173e-001
 5.6188351e-001
 5.6208736e-001
 5.6216723e-001
 5.6210428e-001
 5.6193542e-001
 5.6172264e-001
 5.6152838e-001
 5.6141490e-001
 5.6144446e-001
 5.6167078e-001
 5.6208271e-001
 5.6263888e-001
 5.6329840e-001
 5.6401944e-001
 5.6476116e-001
 5.6548554e-001
 5.6618083e-001
 5.6684756e-001
 5.6748599e-001
 5.6809682e-001
 5.6868023e-001
 5.6923634e-001
 5.6976098e-001
 5.7024789e-001
 5.7069141e-001
 5.7108498e-001
 5.7142311e-001
 5.7170075e-001
 5.7192516e-001
 5.7210857e-001
 5.7226312e-001
 5.7240146e-001
 5.7253569e-001
 5.7267839e-001
 5.7284296e-001
 5.7304347e-001
 5.7329386e-001
 5.7360816e-001
 5.7400036e-001
 5.7447940e-001
 5.7501549e-001
 5.7556057e-001
 5.7606637e-001
 5.7648480e-001
 5.7676744e-001
 5.7687581e-001
 5.7684505e-001
 5.7674539e-001
 5.7664734e-001
 5.7662123e-001
 5.7673764e-001
 5.7705617e-001
 5.7755399e-001
 5.7816851e-001
 5.7883698e-001
 5.7949710e-001
 5.8008564e-001
 5.8054912e-001
 5.8090323e-001
 5.8119714e-001
 5.8148009e-001
 5.8180124e-001
 5.8221006e-001
 5.8274662e-001
 5.8337921e-001
 5.8404177e-001
 5.8466786e-001
 5.8519119e-001
 5.8554524e-001
 5.8567780e-001
 5.8564740e-001
 5.8556658e-001
 5.8554798e-001
 5.8570415e-001
 5.8614796e-001
 5.8697027e-001
 5.8808929e-001
 5.8933938e-001
 5.9055436e-001
 5.9156793e-001
 5.9221381e-001
 5.9235102e-001
 5.9203851e-001
 5.9143311e-001
 5.9069204e-001
 5.8997273e-001
 5.8943230e-001
 5.8920974e-001
 5.8929390e-001
 5.8960038e-001
 5.9004444e-001
 5.9054106e-001
 5.9100550e-001
 5.9136629e-001
 5.9166121e-001
 5.9198201e-001
 5.9242040e-001
 5.9306830e-001
 5.9401488e-001
 5.9521717e-001
 5.9644639e-001
 5.9745795e-001
 5.9800887e-001
 5.9787482e-001
 5.9717041e-001
 5.9629458e-001
 5.9565639e-001
 5.9566367e-001
 5.9665734e-001
 5.9841424e-001
 6.0043204e-001
 6.0220623e-001
 6.0323340e-001
 6.0315406e-001
 6.0226095e-001
 6.0102791e-001
 5.9992945e-001
 5.9943855e-001
 5.9981227e-001
 6.0076696e-001
 6.0193664e-001
 6.0295510e-001
 6.0346121e-001
 6.0334653e-001
 6.0286659e-001
 6.0230607e-001
 6.0194880e-001
 6.0206485e-001
 6.0267228e-001
 6.0357350e-001
 6.0456288e-001
 6.0543585e-001
 6.0600853e-001
 6.0627669e-001
 6.0632664e-001
 6.0624552e-001
 6.0612035e-001
 6.0602343e-001
 6.0595918e-001
 6.0591245e-001
 6.0586834e-001
 6.0581207e-001
 6.0573786e-001
 6.0566419e-001
 6.0561317e-001
 6.0560685e-001
 6.0566700e-001
 6.0579771e-001
 6.0597771e-001
 6.0618305e-001
 6.0639042e-001
 6.0657752e-001
 6.0674787e-001
 6.0692763e-001
 6.0714382e-001
 6.0742331e-001
 6.0778838e-001
 6.0822171e-001
 6.0868585e-001
 6.0914314e-001
 6.0955596e-001
 6.0988903e-001
 6.1012006e-001
 6.1023003e-001
 6.1020023e-001
 6.1001164e-001
 6.0967064e-001
 6.0924768e-001
 6.0882384e-001
 6.0847968e-001
 6.0829580e-001
 6.0831505e-001
 6.0852438e-001
 6.0890651e-001
 6.0944390e-001
 6.1011672e-001
 6.1086363e-001
 6.1158586e-001
 6.1218321e-001
 6.1255610e-001
 6.1262053e-001
 6.1243832e-001
 6.1214739e-001
 6.1188620e-001
 6.1179304e-001
 6.1197400e-001
 6.1237931e-001
 6.1291319e-001
 6.1348009e-001
 6.1398423e-001
 6.1433357e-001
 6.1450636e-001
 6.1454409e-001
 6.1449033e-001
 6.1438870e-001
 6.1428291e-001
 6.1421567e-001
 6.1421019e-001
 6.1427224e-001
 6.1440700e-001
 6.1461997e-001
 6.1491609e-001
 6.1529899e-001
 6.1574376e-001
 6.1619818e-001
 6.1660987e-001
 6.1692601e-001
 6.1709404e-001
 6.1706483e-001
 6.1685842e-001
 6.1655754e-001
 6.1624771e-001
 6.1601412e-001
 6.1594188e-001
 6.1611187e-001
 6.1651492e-001
 6.1705959e-001
 6.1765206e-001
 6.1819762e-001
 6.1860228e-001
 6.1877698e-001
 6.1873513e-001
 6.1858433e-001
 6.1843604e-001
 6.1840111e-001
 6.1859083e-001
 6.1911058e-001
 6.1994660e-001
 6.2097579e-001
 6.2207168e-001
 6.2310630e-001
 6.2395316e-001
 6.2448978e-001
 6.2469465e-001
 6.2463963e-001
 6.2439984e-001
 6.2405032e-001
 6.2366641e-001
 6.2332147e-001
 6.2305111e-001
 6.2285614e-001
 6.2273604e-001
 6.2269002e-001
 6.2271756e-001
 6.2281805e-001
 6.2299019e-001
 6.2323236e-001
 6.2354261e-001
 6.2391931e-001
 6.2436038e-001
 6.2486303e-001
 6.2539667e-001
 6.2590480e-001
 6.2633055e-001
 6.2661648e-001
 6.2670541e-001
 6.2654400e-001
 6.2616086e-001
 6.2566173e-001
 6.2515527e-001
 6.2475008e-001
 6.2455505e-001
 6.2467349e-001
 6.2510079e-001
 6.2572962e-001
 6.2644893e-001
 6.2714714e-001
 6.2771314e-001
 6.2803996e-001
 6.2811035e-001
 6.2799275e-001
 6.2775886e-001
 6.2748033e-001
 6.2722915e-001
 6.2707460e-001
 6.2704057e-001
 6.2710726e-001
 6.2725282e-001
 6.2745535e-001
 6.2769336e-001
 6.2794483e-001
 6.2818575e-001
 6.2838918e-001
 6.2852871e-001
 6.2857741e-001
 6.2850869e-001
 6.2829775e-001
 6.2796074e-001
 6.2755299e-001
 6.2713158e-001
 6.2675369e-001
 6.2647611e-001
 6.2635386e-001
 6.2638980e-001
 6.2653720e-001
 6.2674719e-001
 6.2697095e-001
 6.2715960e-001
 6.2726617e-001
 6.2728506e-001
 6.2725127e-001
 6.2720114e-001
 6.2717128e-001
 6.2719804e-001
 6.2731797e-001
 6.2756759e-001
 6.2796968e-001
 6.2849396e-001
 6.2909746e-001
 6.2973666e-001
 6.3036853e-001
 6.3094985e-001
 6.3143742e-001
 6.3178802e-001
 6.3195843e-001
 6.3192046e-001
 6.3170493e-001
 6.3135678e-001
 6.3092119e-001
 6.3044339e-001
 6.2996846e-001
 6.2954175e-001
 6.2920797e-001
 6.2901264e-001
 6.2898743e-001
 6.2911212e-001
 6.2935299e-001
 6.2967694e-001
 6.3005018e-001
 6.3043958e-001
 6.3081169e-001
 6.3113302e-001
 6.3137013e-001
 6.3149881e-001
 6.3153160e-001
 6.3148999e-001
 6.3139546e-001
 6.3126975e-001
 6.3113433e-001
 6.3101071e-001
 6.3092059e-001
 6.3088542e-001
 6.3092119e-001
 6.3102150e-001
 6.3117391e-001
 6.3136649e-001
 6.3158697e-001
 6.3182300e-001
 6.3206267e-001
 6.3229352e-001
 6.3250363e-001
 6.3268256e-001
 6.3282770e-001
 6.3293833e-001
 6.3301367e-001
 6.3305300e-001
 6.3305563e-001
 6.3302070e-001
 6.3294762e-001
 6.3283569e-001
 6.3268721e-001
 6.3251716e-001
 6.3234395e-001
 6.3218582e-001
 6.3206106e-001
 6.3198799e-001
 6.3198483e-001
 6.3206995e-001
 6.3226151e-001
 6.3256842e-001
 6.3296044e-001
 6.3339734e-001
 6.3383889e-001
 6.3424504e-001
 6.3457549e-001
 6.3478994e-001
 6.3484830e-001
 6.3471025e-001
 6.3435173e-001
 6.3381445e-001
 6.3315761e-001
 6.3244009e-001
 6.3172072e-001
 6.3105899e-001
 6.3051343e-001
 6.3014328e-001
 6.3000751e-001
 6.3014555e-001
 6.3051438e-001
 6.3105029e-001
 6.3168871e-001
 6.3236576e-001
 6.3301712e-001
 6.3357872e-001
 6.3398629e-001
 6.3417584e-001
 6.3410562e-001
 6.3382804e-001
 6.3342059e-001
 6.3296044e-001
 6.3252491e-001
 6.3218749e-001
 6.3196266e-001
 6.3181674e-001
 6.3171464e-001
 6.3162172e-001
 6.3150287e-001
 6.3132578e-001
 6.3110036e-001
 6.3087100e-001
 6.3068295e-001
 6.3058144e-001
 6.3061166e-001
 6.3081563e-001
 6.3117945e-001
 6.3164413e-001
 6.3214916e-001
 6.3263404e-001
 6.3303876e-001
 6.3330579e-001
 6.3343245e-001
 6.3345999e-001
 6.3343120e-001
 6.3338858e-001
 6.3337487e-001
 6.3343096e-001
 6.3356829e-001
 6.3377440e-001
 6.3403583e-001
 6.3433921e-001
 6.3467133e-001
 6.3501769e-001
 6.3534713e-001
 6.3561416e-001
 6.3577324e-001
 6.3577843e-001
 6.3558418e-001
 6.3514930e-001
 6.3451242e-001
 6.3377720e-001
 6.3305020e-001
 6.3243717e-001
 6.3204402e-001
 6.3197017e-001
 6.3220125e-001
 6.3262761e-001
 6.3313699e-001
 6.3361704e-001
 6.3395554e-001
 6.3404644e-001
 6.3389164e-001
 6.3358283e-001
 6.3321483e-001
 6.3288206e-001
 6.3267940e-001
 6.3269567e-001
 6.3292390e-001
 6.3327593e-001
 6.3366157e-001
 6.3399029e-001
 6.3417196e-001
 6.3412112e-001
 6.3384318e-001
 6.3341904e-001
 6.3293266e-001
 6.3246733e-001
 6.3210696e-001
 6.3193095e-001
 6.3195038e-001
 6.3211769e-001
 6.3238388e-001
 6.3269961e-001
 6.3301569e-001
 6.3328415e-001
 6.3347512e-001
 6.3357478e-001
 6.3356948e-001
 6.3344604e-001
 6.3319099e-001
 6.3279313e-001
 6.3228339e-001
 6.3172919e-001
 6.3119829e-001
 6.3075918e-001
 6.3047981e-001
 6.3042492e-001
 6.3059610e-001
 6.3094127e-001
 6.3140613e-001
 6.3193703e-001
 6.3247949e-001
 6.3298166e-001
 6.3342375e-001
 6.3381398e-001
 6.3416165e-001
 6.3447577e-001
 6.3476580e-001
 6.3503975e-001
 6.3528770e-001
 6.3548422e-001
 6.3560295e-001
 6.3561791e-001
 6.3550287e-001
 6.3523370e-001
 6.3481909e-001
 6.3429713e-001
 6.3370627e-001
 6.3308585e-001
 6.3247401e-001
 6.3190997e-001
 6.3142669e-001
 6.3105333e-001
 6.3081878e-001
 6.3075209e-001
 6.3088191e-001
 6.3123387e-001
 6.3177443e-001
 6.3241690e-001
 6.3307387e-001
 6.3365686e-001
 6.3407826e-001
 6.3425463e-001
 6.3419211e-001
 6.3397497e-001
 6.3369054e-001
 6.3342559e-001
 6.3326752e-001
 6.3329929e-001
 6.3353032e-001
 6.3390458e-001
 6.3436407e-001
 6.3485008e-001
 6.3530487e-001
 6.3567132e-001
 6.3592100e-001
 6.3605040e-001
 6.3605672e-001
 6.3593733e-001
 6.3568956e-001
 6.3531178e-001
 6.3482791e-001
 6.3428360e-001
 6.3372511e-001
 6.3319969e-001
 6.3275337e-001
 6.3243312e-001
 6.3228536e-001
 6.3233984e-001
 6.3256752e-001
 6.3292593e-001
 6.3337249e-001
 6.3386506e-001
 6.3436103e-001
 6.3481808e-001
 6.3519400e-001
 6.3544613e-001
 6.3554674e-001
 6.3551909e-001
 6.3539791e-001
 6.3521814e-001
 6.3501453e-001
 6.3482189e-001
 6.3467497e-001
 6.3460875e-001
 6.3465792e-001
 6.3484454e-001
 6.3514549e-001
 6.3552707e-001
 6.3595599e-001
 6.3639838e-001
 6.3682103e-001
 6.3719016e-001
 6.3747245e-001
 6.3763446e-001
 6.3765484e-001
 6.3755751e-001
 6.3737667e-001
 6.3714623e-001
 6.3690007e-001
 6.3667238e-001
 6.3649720e-001
 6.3640845e-001
 6.3644028e-001
 6.3661611e-001
 6.3692093e-001
 6.3733166e-001
 6.3782430e-001
 6.3837570e-001
 6.3896191e-001
 6.3955963e-001
 6.4014542e-001
 6.4069545e-001
 6.4119065e-001
 6.4162660e-001
 6.4200312e-001
 6.4231926e-001
 6.4257461e-001
 6.4276874e-001
 6.4290088e-001
 6.4297056e-001
 6.4297706e-001
 6.4292294e-001
 6.4282143e-001
 6.4268821e-001
 6.4253932e-001
 6.4239043e-001
 6.4225727e-001
 6.4215571e-001
 6.4210171e-001
 6.4211076e-001
 6.4219320e-001
 6.4233822e-001
 6.4252990e-001
 6.4275235e-001
 6.4298987e-001
 6.4322650e-001
 6.4344668e-001
 6.4363444e-001
 6.4377391e-001
 6.4385438e-001
 6.4388341e-001
 6.4387327e-001
 6.4383602e-001
 6.4378375e-001
 6.4372849e-001
 6.4368242e-001
 6.4365774e-001
 6.4366633e-001
 6.4371711e-001
 6.4380604e-001
 6.4392638e-001
 6.4407092e-001
 6.4423305e-001
 6.4440554e-001
 6.4458168e-001
 6.4475447e-001
 6.4491689e-001
 6.4506221e-001
 6.4518362e-001
 6.4528131e-001
 6.4536166e-001
 6.4543140e-001
 6.4549714e-001
 6.4556569e-001
 6.4564371e-001
 6.4573783e-001
 6.4585483e-001
 6.4600140e-001
 6.4618421e-001
 6.4641011e-001
 6.4668518e-001
 6.4700711e-001
 6.4736527e-001
 6.4774835e-001
 6.4814538e-001
 6.4854509e-001
 6.4893645e-001
 6.4930832e-001
 6.4964944e-001
 6.4994907e-001
 6.5019566e-001
 6.5037841e-001
 6.5048641e-001
 6.5051967e-001
 6.5048790e-001
 6.5040171e-001
 6.5027130e-001
 6.5010709e-001
 6.4991939e-001
 6.4971864e-001
 6.4951521e-001
 6.4931941e-001
 6.4914167e-001
 6.4899230e-001
 6.4888149e-001
 6.4881277e-001
 6.4878315e-001
 6.4878953e-001
 6.4882892e-001
 6.4889789e-001
 6.4899361e-001
 6.4911270e-001
 6.4925212e-001
 6.4940876e-001
 6.4957941e-001
 6.4976096e-001
 6.4995027e-001
 6.5014446e-001
 6.5034056e-001
 6.5053600e-001
 6.5072817e-001
 6.5091407e-001
 6.5109116e-001
 6.5125650e-001
 6.5147698e-001
 6.5178376e-001
 6.5185422e-001
 6.5172356e-001
 6.5153146e-001
 6.5142173e-001
 6.5153849e-001
 6.5201962e-001
 6.5286100e-001
 6.5391767e-001
 6.5503895e-001
 6.5607363e-001
 6.5687609e-001
 6.5741485e-001
 6.5777141e-001
 6.5803188e-001
 6.5828270e-001
 6.5860748e-001
 6.5903449e-001
 6.5953726e-001
 6.6008717e-001
 6.6065550e-001
 6.6121382e-001
 6.6173726e-001
 6.6221619e-001
 6.6264480e-001
 6.6301697e-001
 6.6332692e-001
 6.6356856e-001
 6.6373944e-001
 6.6384983e-001
 6.6391319e-001
 6.6394305e-001
 6.6395277e-001
 6.6395593e-001
 6.6396588e-001
 6.6399133e-001
 6.6402262e-001
 6.6404557e-001
 6.6404611e-001
 6.6401017e-001
 6.6392368e-001
 6.6377252e-001
 6.6354269e-001
 6.6322768e-001
 6.6285056e-001
 6.6244107e-001
 6.6202903e-001
 6.6164422e-001
 6.6131651e-001
 6.6107565e-001
 6.6095138e-001
 6.6096222e-001
 6.6108370e-001
 6.6128165e-001
 6.6152173e-001
 6.6176957e-001
 6.6199112e-001
 6.6215199e-001
 6.6221786e-001
 6.6216266e-001
 6.6199064e-001
 6.6171259e-001
 6.6133988e-001
 6.6088343e-001
 6.6035432e-001
 6.5976351e-001
 6.5912229e-001
 6.5844166e-001
 6.5773273e-001
 6.5700632e-001
 6.5627384e-001
 6.5554398e-001
 6.5481824e-001
 6.5409589e-001
 6.5337658e-001
 6.5265965e-001
 6.5194499e-001
 6.5123171e-001
 6.5051943e-001
 6.4980787e-001
 6.4909613e-001
 6.4838415e-001
 6.4767110e-001
 6.4695632e-001
 6.4623702e-001
 6.4551061e-001
 6.4477402e-001
 6.4402455e-001
 6.4325917e-001
 6.4247513e-001
 6.4166957e-001
 6.4083964e-001
 6.3998246e-001
 6.3909507e-001
 6.3817734e-001
 6.3723820e-001
 6.3628858e-001
 6.3533938e-001
 6.3440174e-001
 6.3348639e-001
 6.3260460e-001
 6.3176709e-001
 6.3098496e-001
 6.3026905e-001
 6.2962443e-001
 6.2903547e-001
 6.2848157e-001
 6.2794286e-001
 6.2739891e-001
 6.2682950e-001
 6.2621439e-001
 6.2553346e-001
 6.2476617e-001
 6.2389266e-001
 6.2290108e-001
 6.2181032e-001
 6.2064487e-001
 6.1943007e-001
 6.1819035e-001
 6.1695099e-001
 6.1573672e-001
 6.1457241e-001
 6.1348307e-001
 6.1249346e-001
 6.1162531e-001
 6.1088920e-001
 6.1029339e-001
 6.0984600e-001
 6.0955554e-001
 6.0942996e-001
 6.0947788e-001
 6.0970724e-001
 6.1012638e-001
 6.1073589e-001
 6.1151034e-001
 6.1241907e-001
 6.1343139e-001
 6.1451644e-001
 6.1564374e-001
 6.1678249e-001
 6.1790186e-001
 6.1898369e-001
 6.2005031e-001
 6.2113267e-001
 6.2226170e-001
 6.2346810e-001
 6.2478298e-001
 6.2623686e-001
 6.2786078e-001
 6.2967497e-001
 6.3166302e-001
 6.3380247e-001
 6.3606977e-001
 6.3844234e-001
 6.4089656e-001
 6.4341009e-001
 6.4595908e-001
 6.4850861e-001
 6.5098113e-001
 6.5329242e-001
 6.5535688e-001
 6.5709019e-001
 6.5840685e-001
 6.5922230e-001
 6.5950668e-001
 6.5940654e-001
 6.5910310e-001
 6.5877819e-001
 6.5861332e-001
 6.5878993e-001
 6.5941799e-001
 6.6037977e-001
 6.6151345e-001
 6.6265625e-001
 6.6364628e-001
 6.6432101e-001
 6.6458130e-001
 6.6452587e-001
 6.6429192e-001
 6.6401696e-001
 6.6383839e-001
 6.6389352e-001
 6.6427588e-001
 6.6494077e-001
 6.6581744e-001
 6.6683489e-001
 6.6792196e-001
 6.6900790e-001
 6.7003042e-001
 6.7095602e-001
 6.7175591e-001
 6.7240179e-001
 6.7286533e-001
 6.7311782e-001
 6.7314917e-001
 6.7300469e-001
 6.7274028e-001
 6.7241210e-001
 6.7207599e-001
 6.7178804e-001
 6.7158413e-001
 6.7143899e-001
 6.7131591e-001
 6.7117798e-001
 6.7098856e-001
 6.7071080e-001
 6.7032951e-001
 6.6989481e-001
 6.6946924e-001
 6.6911513e-001
 6.6889471e-001
 6.6887051e-001
 6.6908008e-001
 6.6948670e-001
 6.7003977e-001
 6.7068893e-001
 6.7138356e-001
 6.7207295e-001
 6.7270845e-001
 6.7324674e-001
 6.7364550e-001
 6.7386222e-001
 6.7385453e-001
 6.7358708e-001
 6.7312908e-001
 6.7262894e-001
 6.7223799e-001
 6.7210686e-001
 6.7237288e-001
 6.7297703e-001
 6.7371017e-001
 6.7435992e-001
 6.7471367e-001
 6.7457467e-001
 6.7397279e-001
 6.7310983e-001
 6.7219150e-001
 6.7142361e-001
 6.7100161e-001
 6.7097640e-001
 6.7128885e-001
 6.7187810e-001
 6.7268282e-001
 6.7363989e-001
 6.7466491e-001
 6.7565727e-001
 6.7651600e-001
 6.7713934e-001
 6.7743331e-001
 6.7739856e-001
 6.7710620e-001
 6.7662895e-001
 6.7603976e-001
 6.7541081e-001
 6.7480546e-001
 6.7428046e-001
 6.7389280e-001
 6.7369908e-001
 6.7375040e-001
 6.7401981e-001
 6.7442304e-001
 6.7487448e-001
 6.7528862e-001
 6.7558604e-001
 6.7577302e-001
 6.7591786e-001
 6.7609048e-001
 6.7636055e-001
 6.7679125e-001
 6.7735130e-001
 6.7794198e-001
 6.7846292e-001
 6.7881393e-001
 6.7890185e-001
 6.7873806e-001
 6.7840809e-001
 6.7799962e-001
 6.7759961e-001
 6.7729068e-001
 6.7708713e-001
 6.7695451e-001
 6.7685747e-001
 6.7676049e-001
 6.7663330e-001
 6.7650920e-001
 6.7646736e-001
 6.7658788e-001
 6.7695075e-001
 6.7762631e-001
 6.7855650e-001
 6.7959172e-001
 6.8058115e-001
 6.8137360e-001
 6.8182969e-001
 6.8196124e-001
 6.8188667e-001
 6.8172640e-001
 6.8160087e-001
 6.8162167e-001
 6.8178260e-001
 6.8199569e-001
 6.8217129e-001
 6.8221956e-001
 6.8206024e-001
 6.8173409e-001
 6.8136561e-001
 6.8108130e-001
 6.8100721e-001
 6.8125951e-001
 6.8182367e-001
 6.8259507e-001
 6.8346763e-001
 6.8433446e-001
 6.8509507e-001
 6.8571931e-001
 6.8622530e-001
 6.8663228e-001
 6.8695921e-001
 6.8722409e-001
 6.8742645e-001
 6.8755382e-001
 6.8759358e-001
 6.8753278e-001
 6.8736184e-001
 6.8710893e-001
 6.8682820e-001
 6.8657410e-001
 6.8640083e-001
 6.8636084e-001
 6.8647808e-001
 6.8675727e-001
 6.8720323e-001
 6.8782073e-001
 6.8860686e-001
 6.8947202e-001
 6.9026756e-001
 6.9084442e-001
 6.9105297e-001
 6.9076347e-001
 6.9008470e-001
 6.8928367e-001
 6.8863028e-001
 6.8839484e-001
 6.8882263e-001
 6.8986738e-001
 6.9128996e-001
 6.9284683e-001
 6.9429553e-001
 6.9540769e-001
 6.9612741e-001
 6.9651204e-001
 6.9662040e-001
 6.9651210e-001
 6.9625050e-001
 6.9595128e-001
 6.9576389e-001
 6.9583839e-001
 6.9632471e-001
 6.9734973e-001
 6.9876319e-001
 7.0023674e-001
 7.0143867e-001
 7.0203727e-001
 7.0173889e-001
 7.0069116e-001
 6.9932592e-001
 6.9807988e-001
 6.9738960e-001
 6.9765186e-001
 6.9880152e-001
 7.0047784e-001
 7.0231575e-001
 7.0394874e-001
 7.0503992e-001
 7.0557272e-001
 7.0573503e-001
 7.0571810e-001
 7.0571303e-001
 7.0589703e-001
 7.0628947e-001
 7.0680982e-001
 7.0737582e-001
 7.0790535e-001
 7.0832402e-001
 7.0864642e-001
 7.0894253e-001
 7.0928341e-001
 7.0974016e-001
 7.1037245e-001
 7.1111149e-001
 7.1180862e-001
 7.1231419e-001
 7.1247840e-001
 7.1217340e-001
 7.1151775e-001
 7.1078229e-001
 7.1024019e-001
 7.1016490e-001
 7.1079779e-001
 7.1203148e-001
 7.1354342e-001
 7.1500832e-001
 7.1609974e-001
 7.1652663e-001
 7.1637219e-001
 7.1594924e-001
 7.1557379e-001
 7.1556216e-001
 7.1619731e-001
 7.1740508e-001
 7.1889383e-001
 7.2036761e-001
 7.2153193e-001
 7.2211820e-001
 7.2214335e-001
 7.2179729e-001
 7.2127223e-001
 7.2076070e-001
 7.2044098e-001
 7.2034520e-001
 7.2041708e-001
 7.2059906e-001
 7.2083384e-001
 7.2107130e-001
 7.2133815e-001
 7.2170764e-001
 7.2225320e-001
 7.2304899e-001
 7.2415382e-001
 7.2547907e-001
 7.2684735e-001
 7.2808069e-001
 7.2900003e-001
 7.2944975e-001
 7.2950554e-001
 7.2937995e-001
 7.2928739e-001
 7.2944248e-001
 7.3003227e-001
 7.3096555e-001
 7.3198771e-001
 7.3284096e-001
 7.3326856e-001
 7.3304361e-001
 7.3224682e-001
 7.3113912e-001
 7.2998327e-001
 7.2904211e-001
 7.2855610e-001
 7.2853708e-001
 7.2886467e-001
 7.2941691e-001
 7.3007154e-001
 7.3071611e-001
 7.3132986e-001
 7.3194623e-001
 7.3259896e-001
 7.3332196e-001
 7.3414189e-001
 7.3501641e-001
 7.3586357e-001
 7.3660082e-001
 7.3714578e-001
 7.3742616e-001
 7.3747325e-001
 7.3737687e-001
 7.3722726e-001
 7.3711538e-001
 7.3712796e-001
 7.3731828e-001
 7.3772073e-001
 7.3836881e-001
 7.3929662e-001
 7.4052507e-001
 7.4194872e-001
 7.4339032e-001
 7.4467248e-001
 7.4561775e-001
 7.4606830e-001
 7.4605596e-001
 7.4571919e-001
 7.4519700e-001
 7.4462903e-001
 7.4414599e-001
 7.4379742e-001
 7.4358767e-001
 7.4352056e-001
 7.4359983e-001
 7.4382687e-001
 7.4417830e-001
 7.4461782e-001
 7.4510843e-001
 7.4561369e-001
 7.4609679e-001
 7.4652404e-001
 7.4686319e-001
 7.4708170e-001
 7.4714720e-001
 7.4703473e-001
 7.4678797e-001
 7.4648792e-001
 7.4621618e-001
 7.4605417e-001
 7.4607491e-001
 7.4627286e-001
 7.4660003e-001
 7.4700773e-001
 7.4744743e-001
 7.4787378e-001
 7.4826819e-001
 7.4862659e-001
 7.4894524e-001
 7.4922037e-001
 7.4944544e-001
 7.4958807e-001
 7.4960238e-001
 7.4944228e-001
 7.4906164e-001
 7.4842882e-001
 7.4764138e-001
 7.4686581e-001
 7.4626905e-001
 7.4601817e-001
 7.4625969e-001
 7.4695343e-001
 7.4796134e-001
 7.4914438e-001
 7.5036281e-001
 7.5148410e-001
 7.5243235e-001
 7.5316155e-001
 7.5362545e-001
 7.5377834e-001
 7.5358564e-001
 7.5311261e-001
 7.5247639e-001
 7.5179505e-001
 7.5118631e-001
 7.5075918e-001
 7.5054526e-001
 7.5053680e-001
 7.5072515e-001
 7.5110185e-001
 7.5165188e-001
 7.5229937e-001
 7.5293845e-001
 7.5346255e-001
 7.5376511e-001
 7.5375110e-001
 7.5342268e-001
 7.5283241e-001
 7.5203288e-001
 7.5107664e-001
 7.5001806e-001
 7.4892008e-001
 7.4785084e-001
 7.4687827e-001
 7.4607092e-001
 7.4548739e-001
 7.4510735e-001
 7.4487102e-001
 7.4471784e-001
 7.4458748e-001
 7.4442297e-001
 7.4419451e-001
 7.4388659e-001
 7.4348378e-001
 7.4297053e-001
 7.4232936e-001
 7.4152696e-001
 7.4052262e-001
 7.3927510e-001
 7.3774320e-001
 7.3589212e-001
 7.3374259e-001
 7.3134160e-001
 7.2873646e-001
 7.2597444e-001
 7.2309381e-001
 7.2006470e-001
 7.1682066e-001
 7.1329570e-001
 7.0942283e-001
 7.0515323e-001
 7.0056188e-001
 6.9578671e-001
 6.9096482e-001
 6.8623662e-001
 6.8173021e-001
 6.7749935e-001
 6.7356151e-001
 6.6993302e-001
 6.6663265e-001
 6.6367632e-001
 6.6107649e-001
 6.5884352e-001
 6.5698886e-001
 6.5552270e-001
 6.5445161e-001
 6.5374857e-001
 6.5337145e-001
 6.5327722e-001
 6.5342307e-001
 6.5377128e-001
 6.5432376e-001
 6.5510064e-001
 6.5612280e-001
 6.5741086e-001
 6.5896863e-001
 6.6066295e-001
 6.6229749e-001
 6.6367507e-001
 6.6459858e-001
 6.6488391e-001
 6.6445255e-001
 6.6327542e-001
 6.6132301e-001
 6.5856743e-001
 6.5498972e-001
 6.5065295e-001
 6.4565778e-001
 6.4010400e-001
 6.3409543e-001
 6.2774605e-001
 6.2127984e-001
 6.1497009e-001
 6.0909480e-001
 6.0392749e-001
 5.9973401e-001
 5.9670901e-001
 5.9501678e-001
 5.9481883e-001
 5.9627795e-001
 5.9952253e-001
 6.0442418e-001
 6.1073172e-001
 6.1819690e-001
 6.2657046e-001
 6.3559693e-001
 6.4495146e-001
 6.5428674e-001
 6.6325319e-001
 6.7150319e-001
 6.7872173e-001
 6.8488729e-001
 6.9010669e-001
 6.9448751e-001
 6.9813788e-001
 7.0116121e-001
 7.0364654e-001
 7.0567375e-001
 7.0732325e-001
 7.0867443e-001
 7.0980328e-001
 7.1075332e-001
 7.1155381e-001
 7.1223348e-001
 7.1282136e-001
 7.1334285e-001
 7.1379524e-001
 7.1416324e-001
 7.1443176e-001
 7.1458560e-001
 7.1461511e-001
 7.1455038e-001
 7.1443886e-001
 7.1432829e-001
 7.1426642e-001
 7.1429563e-001
 7.1441978e-001
 7.1462625e-001
 7.1490210e-001
 7.1523428e-001
 7.1561188e-001
 7.1603709e-001
 7.1651798e-001
 7.1706265e-001
 7.1767950e-001
 7.1837956e-001
 7.1919805e-001
 7.2018033e-001
 7.2137219e-001
 7.2281837e-001
 7.2454000e-001
 7.2638321e-001
 7.2811961e-001
 7.2951919e-001
 7.3035312e-001
 7.3044163e-001
 7.2995013e-001
 7.2919202e-001
 7.2848159e-001
 7.2813272e-001
 7.2841126e-001
 7.2924769e-001
 7.3042899e-001
 7.3174250e-001
 7.3297507e-001
 7.3393625e-001
 7.3458964e-001
 7.3496443e-001
 7.3509026e-001
 7.3499644e-001
 7.3472911e-001
 7.3445034e-001
 7.3437011e-001
 7.3469889e-001
 7.3564756e-001
 7.3736155e-001
 7.3954791e-001
 7.4173075e-001
 7.4343377e-001
 7.4417943e-001
 7.4358225e-001
 7.4186939e-001
 7.3952144e-001
 7.3702163e-001
 7.3485130e-001
 7.3343390e-001
 7.3279858e-001
 7.3281282e-001
 7.3334312e-001
 7.3425615e-001
 7.3541844e-001
 7.3669469e-001
 7.3794842e-001
 7.3904365e-001
 7.3984438e-001
 7.4024391e-001
 7.4032909e-001
 7.4026567e-001
 7.4021959e-001
 7.4035704e-001
 7.4084204e-001
 7.4171871e-001
 7.4284869e-001
 7.4407774e-001
 7.4525195e-001
 7.4621660e-001
 7.4681956e-001
 7.4700403e-001
 7.4685907e-001
 7.4648607e-001
 7.4598622e-001
 7.4546093e-001
 7.4501061e-001
 7.4469042e-001
 7.4448740e-001
 7.4438238e-001
 7.4435639e-001
 7.4439061e-001
 7.4446595e-001
 7.4456495e-001
 7.4467188e-001
 7.4477136e-001
 7.4484777e-001
 7.4488568e-001
 7.4486989e-001
 7.4479544e-001
 7.4467355e-001
 7.4451631e-001
 7.4433595e-001
 7.4414486e-001
 7.4395514e-001
 7.4377269e-001
 7.4359435e-001
 7.4341613e-001
 7.4323416e-001
 7.4304438e-001
 7.4284297e-001
 7.4262899e-001
 7.4241966e-001
 7.4223971e-001
 7.4211371e-001
 7.4206603e-001
 7.4212134e-001
 7.4230415e-001
 7.4263120e-001
 7.4307126e-001
 7.4357486e-001
 7.4409235e-001
 7.4457407e-001
 7.4497044e-001
 7.4523205e-001
 7.4531722e-001
 7.4523425e-001
 7.4500990e-001
 7.4467111e-001
 7.4424469e-001
 7.4375761e-001
 7.4323672e-001
 7.4270827e-001
 7.4219322e-001
 7.4171132e-001
 7.4128217e-001
 7.4092507e-001
 7.4065965e-001
 7.4050540e-001
 7.4047375e-001
 7.4052757e-001
 7.4061191e-001
 7.4067169e-001
 7.4065197e-001
 7.4049753e-001
 7.4015343e-001
 7.3957962e-001
 7.3882407e-001
 7.3796785e-001
 7.3709154e-001
 7.3627603e-001
 7.3560178e-001
 7.3514992e-001
 7.3498327e-001
 7.3506075e-001
 7.3530352e-001
 7.3563242e-001
 7.3596835e-001
 7.3623246e-001
 7.3634577e-001
 7.3624355e-001
 7.3594511e-001
 7.3549992e-001
 7.3495770e-001
 7.3436743e-001
 7.3377925e-001
 7.3324227e-001
 7.3279864e-001
 7.3244619e-001
 7.3216760e-001
 7.3194534e-001
 7.3176187e-001
 7.3159951e-001
 7.3144084e-001
 7.3127091e-001
 7.3108953e-001
 7.3090202e-001
 7.3071301e-001
 7.3052812e-001
 7.3035222e-001
 7.3019046e-001
 7.3004436e-001
 7.2989607e-001
 7.2972053e-001
 7.2949284e-001
 7.2918802e-001
 7.2878134e-001
 7.2824770e-001
 7.2757179e-001
 7.2679186e-001
 7.2596425e-001
 7.2514623e-001
 7.2439426e-001
 7.2376513e-001
 7.2331542e-001
 7.2308946e-001
 7.2306114e-001
 7.2318065e-001
 7.2339797e-001
 7.2366309e-001
 7.2392613e-001
 7.2413701e-001
 7.2425264e-001
 7.2426713e-001
 7.2418731e-001
 7.2402012e-001
 7.2377229e-001
 7.2345084e-001
 7.2306252e-001
 7.2261554e-001
 7.2212493e-001
 7.2160780e-001
 7.2108179e-001
 7.2056419e-001
 7.2007239e-001
 7.1962357e-001
 7.1923459e-001
 7.1890503e-001
 7.1861160e-001
 7.1832931e-001
 7.1803349e-001
 7.1769947e-001
 7.1730238e-001
 7.1681744e-001
 7.1622044e-001
 7.1551585e-001
 7.1474349e-001
 7.1394575e-001
 7.1316499e-001
 7.1244341e-001
 7.1182388e-001
 7.1134835e-001
 7.1105850e-001
 7.1096647e-001
 7.1104711e-001
 7.1127313e-001
 7.1161699e-001
 7.1205109e-001
 7.1254802e-001
 7.1308023e-001
 7.1362054e-001
 7.1414602e-001
 7.1463954e-001
 7.1508443e-001
 7.1546376e-001
 7.1576107e-001
 7.1595955e-001
 7.1604222e-001
 7.1599305e-001
 7.1580744e-001
 7.1549636e-001
 7.1507156e-001
 7.1454471e-001
 7.1392751e-001
 7.1323162e-001
 7.1246904e-001
 7.1165168e-001
 7.1080005e-001
 7.0994550e-001
 7.0911980e-001
 7.0835531e-001
 7.0768380e-001
 7.0713723e-001
 7.0674753e-001
 7.0654595e-001
 7.0653486e-001
 7.0668221e-001
 7.0695376e-001
 7.0731515e-001
 7.0773214e-001
 7.0817035e-001
 7.0859569e-001
 7.0897418e-001
 7.0928097e-001
 7.0950317e-001
 7.0962828e-001
 7.0964360e-001
 7.0953679e-001
 7.0929533e-001
 7.0890677e-001
 7.0835906e-001
 7.0766270e-001
 7.0685416e-001
 7.0597154e-001
 7.0505261e-001
 7.0413578e-001
 7.0325917e-001
 7.0246053e-001
 7.0177752e-001
 7.0122355e-001
 7.0078474e-001
 7.0044518e-001
 7.0018899e-001
 7.0000035e-001
 6.9986361e-001
 6.9976270e-001
 6.9968235e-001
 6.9961256e-001
 6.9955069e-001
 6.9949424e-001
 6.9944096e-001
 6.9938821e-001
 6.9933379e-001
 6.9927531e-001
 6.9921046e-001
 6.9914407e-001
 6.9908893e-001
 6.9905847e-001
 6.9906586e-001
 6.9912440e-001
 6.9924724e-001
 6.9944793e-001
 6.9973856e-001
 7.0010358e-001
 7.0049518e-001
 7.0086384e-001
 7.0115972e-001
 7.0133328e-001
 7.0133495e-001
 7.0111507e-001
 7.0062596e-001
 6.9987381e-001
 6.9892585e-001
 6.9785321e-001
 6.9672686e-001
 6.9561768e-001
 6.9459641e-001
 6.9373399e-001
 6.9309974e-001
 6.9271147e-001
 6.9252980e-001
 6.9251204e-001
 6.9261557e-001
 6.9279766e-001
 6.9301581e-001
 6.9322711e-001
 6.9339007e-001
 6.9348073e-001
 6.9349587e-001
 6.9343358e-001
 6.9329184e-001
 6.9306856e-001
 6.9276172e-001
 6.9236922e-001
 6.9188905e-001
 6.9131929e-001
 6.9066542e-001
 6.8994063e-001
 6.8915838e-001
 6.8833220e-001
 6.8747598e-001
 6.8660307e-001
 6.8572712e-001
 6.8486154e-001
 6.8402022e-001
 6.8321645e-001
 6.8245739e-001
 6.8174350e-001
 6.8107492e-001
 6.8045205e-001
 6.7987502e-001
 6.7934388e-001
 6.7885882e-001
 6.7842025e-001
 6.7802805e-001
 6.7768240e-001
 6.7737728e-001
 6.7710012e-001
 6.7683834e-001
 6.7657906e-001
 6.7630965e-001
 6.7601717e-001
 6.7568910e-001
 6.7531264e-001
 6.7487496e-001
 6.7436385e-001
 6.7378378e-001
 6.7315632e-001
 6.7250365e-001
 6.7184842e-001
 6.7121315e-001
 6.7062014e-001
 6.7009193e-001
 6.6965085e-001
 6.6931951e-001
 6.6911924e-001
 6.6904438e-001
 6.6906101e-001
 6.6913372e-001
 6.6922718e-001
 6.6930610e-001
 6.6933507e-001
 6.6927874e-001
 6.6910183e-001
 6.6876900e-001
 6.6824633e-001
 6.6753566e-001
 6.6667676e-001
 6.6571081e-001
 6.6467893e-001
 6.6362226e-001
 6.6258186e-001
 6.6159940e-001
 6.6071576e-001
 6.5997219e-001
 6.5940815e-001
 6.5902436e-001
 6.5878129e-001
 6.5863717e-001
 6.5855080e-001
 6.5848064e-001
 6.5838528e-001
 6.5822327e-001
 6.5795320e-001
 6.5753335e-001
 6.5692401e-001
 6.5611589e-001
 6.5513146e-001
 6.5399432e-001
 6.5272880e-001
 6.5135872e-001
 6.4990765e-001
 6.4839923e-001
 6.4685816e-001
 6.4530772e-001
 6.4377123e-001
 6.4225435e-001
 6.4074683e-001
 6.3923645e-001
 6.3771170e-001
 6.3616067e-001
 6.3457125e-001
 6.3293254e-001
 6.3123238e-001
 6.2945896e-001
 6.2760109e-001
 6.2566757e-001
 6.2368488e-001
 6.2168074e-001
 6.1968231e-001
 6.1771816e-001
 6.1581558e-001
 6.1400229e-001
 6.1230582e-001
 6.1075360e-001
 6.0937297e-001
 6.0816777e-001
 6.0711992e-001
 6.0621041e-001
 6.0542095e-001
 6.0473239e-001
 6.0412574e-001
 6.0358220e-001
 6.0308307e-001
 6.0260946e-001
 6.0214305e-001
 6.0168058e-001
 6.0123289e-001
 6.0081184e-001
 6.0042894e-001
 6.0009563e-001
 5.9982365e-001
 5.9962457e-001
 5.9950995e-001
 5.9949130e-001
 5.9957969e-001
 5.9977013e-001
 6.0004270e-001
 6.0037720e-001
 6.0075319e-001
 6.0115010e-001
 6.0154760e-001
 6.0192537e-001
 6.0226279e-001
 6.0253960e-001
 6.0273588e-001
 6.0284287e-001
 6.0286230e-001
 6.0279649e-001
 6.0264760e-001
 6.0241783e-001
 6.0210937e-001
 6.0172439e-001
 6.0126513e-001
 6.0073382e-001
 6.0013300e-001
 5.9947419e-001
 5.9877640e-001
 5.9805989e-001
 5.9734416e-001
 5.9664905e-001
 5.9599394e-001
 5.9539920e-001
 5.9488416e-001
 5.9446865e-001
 5.9417152e-001
 5.9399337e-001
 5.9391767e-001
 5.9392756e-001
 5.9400600e-001
 5.9413594e-001
 5.9430045e-001
 5.9448260e-001
 5.9466529e-001
 5.9483147e-001
 5.9496456e-001
 5.9505361e-001
 5.9509337e-001
 5.9507829e-001
 5.9500331e-001
 5.9486312e-001
 5.9465247e-001
 5.9436584e-001
 5.9399831e-001
 5.9354442e-001
 5.9299964e-001
 5.9237045e-001
 5.9167361e-001
 5.9092665e-001
 5.9014678e-001
 5.8935088e-001
 5.8855623e-001
 5.8778048e-001
 5.8704042e-001
 5.8635348e-001
 5.8573651e-001
 5.8520347e-001
 5.8476520e-001
 5.8443236e-001
 5.8421594e-001
 5.8412647e-001
 5.8417469e-001
 5.8437169e-001
 5.8472800e-001
 5.8525455e-001
 5.8596051e-001
 5.8682954e-001
 5.8782250e-001
 5.8889991e-001
 5.9002137e-001
 5.9114730e-001
 5.9223765e-001
 5.9325284e-001
 5.9415305e-001
 5.9489799e-001
 5.9544981e-001
 5.9580159e-001
 5.9597343e-001
 5.9598631e-001
 5.9586149e-001
 5.9561992e-001
 5.9528250e-001
 5.9487063e-001
 5.9440517e-001
 5.9390736e-001
 5.9339768e-001
 5.9289122e-001
 5.9239823e-001
 5.9192854e-001
 5.9149218e-001
 5.9109879e-001
 5.9075850e-001
 5.9048134e-001
 5.9027714e-001
 5.9015572e-001
 5.9012645e-001
 5.9018558e-001
 5.9031856e-001
 5.9051049e-001
 5.9074646e-001
 5.9101140e-001
 5.9129059e-001
 5.9156895e-001
 5.9183180e-001
 5.9206390e-001
 5.9225136e-001
 5.9239203e-001
 5.9249461e-001
 5.9256780e-001
 5.9262049e-001
 5.9266120e-001
 5.9269899e-001
 5.9274250e-001
 5.9280062e-001
 5.9288204e-001
 5.9299505e-001
 5.9313953e-001
 5.9330803e-001
 5.9349298e-001
 5.9368700e-001
 5.9388250e-001
 5.9407181e-001
 5.9424752e-001
 5.9440207e-001
 5.9452784e-001
 5.9461802e-001
 5.9467351e-001
 5.9470236e-001
 5.9471238e-001
 5.9471184e-001
 5.9470862e-001
 5.9471083e-001
 5.9472650e-001
 5.9476370e-001
 5.9483033e-001
 5.9493393e-001
 5.9506989e-001
 5.9522426e-001
 5.9538263e-001
 5.9553093e-001
 5.9565467e-001
 5.9573984e-001
 5.9577179e-001
 5.9573656e-001
 5.9561974e-001
 5.9540814e-001
 5.9510446e-001
 5.9472454e-001
 5.9428436e-001
 5.9380001e-001
 5.9328711e-001
 5.9276241e-001
 5.9224153e-001
 5.9174055e-001
 5.9127539e-001
 5.9086132e-001
 5.9049559e-001
 5.9016186e-001
 5.8984345e-001
 5.8952379e-001
 5.8918607e-001
 5.8881372e-001
 5.8838993e-001
 5.8789796e-001
 5.8732134e-001
 5.8664483e-001
 5.8587486e-001
 5.8503503e-001
 5.8414978e-001
 5.8324307e-001
 5.8233893e-001
 5.8146155e-001
 5.8063501e-001
 5.7988364e-001
 5.7923126e-001
 5.7870018e-001
 5.7828140e-001
 5.7794243e-001
 5.7764995e-001
 5.7737088e-001
 5.7707167e-001
 5.7671946e-001
 5.7628077e-001
 5.7572252e-001
 5.7501125e-001
 5.7411635e-001
 5.7304192e-001
 5.7181871e-001
 5.7047814e-001
 5.6905144e-001
 5.6757045e-001
 5.6606650e-001
 5.6457090e-001
 5.6311494e-001
 5.6173062e-001
 5.6044710e-001
 5.5926752e-001
 5.5817449e-001
 5.5715078e-001
 5.5617893e-001
 5.5524117e-001
 5.5431998e-001
 5.5339748e-001
 5.5245674e-001
 5.5147982e-001
 5.5045068e-001
 5.4937422e-001
 5.4827166e-001
 5.4716384e-001
 5.4607195e-001
 5.4501677e-001
 5.4402000e-001
 5.4310244e-001
 5.4228526e-001
 5.4158950e-001
 5.4103410e-001
 5.4060620e-001
 5.4026920e-001
 5.3998631e-001
 5.3972042e-001
 5.3943485e-001
 5.3909260e-001
 5.3865677e-001
 5.3809029e-001
 5.3735644e-001
 5.3642112e-001
 5.3528905e-001
 5.3399289e-001
 5.3256667e-001
 5.3104389e-001
 5.2945793e-001
 5.2784246e-001
 5.2623051e-001
 5.2465653e-001
 5.2315372e-001
 5.2175361e-001
 5.2045971e-001
 5.1925707e-001
 5.1812911e-001
 5.1705968e-001
 5.1603234e-001
 5.1503146e-001
 5.1404053e-001
 5.1304352e-001
 5.1202422e-001
 5.1096636e-001
 5.0985765e-001
 5.0868750e-001
 5.0744528e-001
 5.0612038e-001
 5.0470281e-001
 5.0318193e-001
 5.0154716e-001
 4.9978769e-001
 4.9789381e-001
 4.9585375e-001
 4.9364227e-001
 4.9122480e-001
 4.8856586e-001
 4.8563188e-001
 4.8238745e-001
 4.7879776e-001
 4.7482696e-001
 4.7044224e-001
 4.6560770e-001
 4.6029449e-001
 4.5454606e-001
 4.4846129e-001
 4.4213596e-001
 4.3566710e-001
 4.2915192e-001
 4.2268583e-001
 4.1636917e-001
 4.1029736e-001
 4.0456760e-001
 3.9927194e-001
 3.9445958e-001
 3.9014384e-001
 3.8633865e-001
 3.8305745e-001
 3.8031575e-001
 3.7812677e-001
 3.7650448e-001
 3.7546277e-001
 3.7501612e-001
 3.7517339e-001
 3.7588304e-001
 3.7705263e-001
 3.7858945e-001
 3.8039961e-001
 3.8239020e-001
 3.8446814e-001
 3.8654065e-001
 3.8851368e-001
 3.9029449e-001
 3.9179677e-001
 3.9301637e-001
 3.9400333e-001
 3.9480937e-001
 3.9548594e-001
 3.9608446e-001
 3.9665657e-001
 3.9725342e-001
 3.9792663e-001
 3.9872760e-001
 3.9970362e-001
 4.0084723e-001
 4.0211627e-001
 4.0346774e-001
 4.0485913e-001
 4.0624660e-001
 4.0758756e-001
 4.0883902e-001
 4.0995803e-001
 4.1090176e-001
 4.1163069e-001
 4.1215062e-001
 4.1249651e-001
 4.1270369e-001
 4.1280752e-001
 4.1284335e-001
 4.1284660e-001
 4.1285256e-001
 4.1289666e-001
 4.1301423e-001
 4.1323733e-001
 4.1356000e-001
 4.1395155e-001
 4.1438106e-001
 4.1481766e-001
 4.1523042e-001
 4.1558847e-001
 4.1586056e-001
 4.1601607e-001
 4.1602391e-001
 4.1585699e-001
 4.1553134e-001
 4.1509044e-001
 4.1457814e-001
 4.1403821e-001
 4.1351464e-001
 4.1305131e-001
 4.1269198e-001
 4.1248062e-001
 4.1246104e-001
 4.1267148e-001
 4.1308597e-001
 4.1363886e-001
 4.1426378e-001
 4.1489395e-001
 4.1546318e-001
 4.1590497e-001
 4.1615289e-001
 4.1614047e-001
 4.1580126e-001
 4.1507593e-001
 4.1398174e-001
 4.1258332e-001
 4.1094697e-001
 4.0913805e-001
 4.0722209e-001
 4.0526432e-001
 4.0333131e-001
 4.0148821e-001
 3.9980063e-001
 3.9832932e-001
 3.9708605e-001
 3.9605129e-001
 3.9520508e-001
 3.9452770e-001
 3.9399970e-001
 3.9360115e-001
 3.9331225e-001
 3.9311332e-001
 3.9298460e-001
 3.9290643e-001
 3.9285976e-001
 3.9282614e-001
 3.9278689e-001
 3.9272356e-001
 3.9261749e-001
 3.9245024e-001
 3.9220312e-001
 3.9185762e-001
 3.9139527e-001
 3.9079738e-001
 3.9004460e-001
 3.8911706e-001
 3.8799533e-001
 3.8665953e-001
 3.8508999e-001
 3.8326648e-001
 3.8117003e-001
 3.7878063e-001
 3.7607849e-001
 3.7304747e-001
 3.6971876e-001
 3.6614797e-001
 3.6239165e-001
 3.5850644e-001
 3.5454795e-001
 3.5057470e-001
 3.4664232e-001
 3.4280747e-001
 3.3912587e-001
 3.3565137e-001
 3.3238962e-001
 3.2932076e-001
 3.2642388e-001
 3.2368013e-001
 3.2106858e-001
 3.1856894e-001
 3.1616044e-001
 3.1382406e-001
 3.1153888e-001
 3.0928764e-001
 3.0708212e-001
 3.0495027e-001
 3.0292180e-001
 3.0102482e-001
 2.9928800e-001
 2.9773974e-001
 2.9640940e-001
 2.9532525e-001
 2.9451594e-001
 2.9400730e-001
 2.9379830e-001
 2.9387191e-001
 2.9421118e-001
 2.9479918e-001
 2.9561916e-001
 2.9665375e-001
 2.9788616e-001
 2.9929942e-001
 3.0087700e-001
 3.0259961e-001
 3.0443469e-001
 3.0634102e-001
 3.0827782e-001
 3.1020293e-001
 3.1207561e-001
 3.1385460e-001
 3.1549862e-001
 3.1696680e-001
 3.1821716e-001
 3.1921387e-001
 3.1996819e-001
 3.2051772e-001
 3.2090014e-001
 3.2115331e-001
 3.2131520e-001
 3.2142359e-001
 3.2151631e-001
 3.2163113e-001
 3.2180595e-001
 3.2207865e-001
 3.2248342e-001
 3.2302058e-001
 3.2367206e-001
 3.2441962e-001
 3.2524520e-001
 3.2613015e-001
 3.2705641e-001
 3.2800564e-001
 3.2895997e-001
 3.2990056e-001
 3.3080938e-001
 3.3166823e-001
 3.3245891e-001
 3.3316293e-001
 3.3376381e-001
 3.3426002e-001
 3.3465824e-001
 3.3496523e-001
 3.3518746e-001
 3.3533183e-001
 3.3540490e-001
 3.3541346e-001
 3.3536416e-001
 3.3526370e-001
 3.3511874e-001
 3.3493602e-001
 3.3472222e-001
 3.3448407e-001
 3.3422822e-001
 3.3396140e-001
 3.3369020e-001
 3.3342147e-001
 3.3316138e-001
 3.3291245e-001
 3.3267507e-001
 3.3244982e-001
 3.3223701e-001
 3.3203721e-001
 3.3185080e-001
 3.3167830e-001
 3.3152014e-001
 3.3137679e-001
 3.3124867e-001
 3.3113626e-001
 3.3103999e-001
 3.3096039e-001
 3.3089778e-001
 3.3085281e-001
 3.3082575e-001
 3.3081716e-001
 3.3082741e-001
 3.3085710e-001
 3.3090654e-001
 3.3097628e-001
 3.3106655e-001
 3.3117655e-001
 3.3130467e-001
 3.3144939e-001
 3.3160919e-001
 3.3178258e-001
 3.3196798e-001
 3.3216384e-001
 3.3236867e-001
 3.3258089e-001
 3.3279905e-001
 3.3302158e-001
 3.3324692e-001
 3.3347350e-001
 3.3369991e-001
 3.3392450e-001
 3.3414581e-001
 3.3436230e-001
 3.3457237e-001
 3.3477461e-001
 3.3496737e-001
 3.3514920e-001
 3.3531848e-001
 3.3547387e-001
 3.3561355e-001
 3.3573622e-001
 3.3584040e-001
 3.3592644e-001
 3.3599529e-001
 3.3604798e-001
 3.3608553e-001
 3.3610898e-001
 3.3611932e-001
 3.3611763e-001
 3.3610487e-001
 3.3608207e-001
 3.3605030e-001
 3.3601055e-001
 3.3596385e-001
 3.3591118e-001
 3.3585367e-001
 3.3579215e-001
 3.3572790e-001
 3.3566171e-001
 3.3559471e-001
 3.3552793e-001
 3.3546236e-001
 3.3539906e-001
 3.3533898e-001
 3.3528325e-001
 3.3523273e-001
 3.3518863e-001
 3.3515185e-001
 3.3512342e-001
 3.3510441e-001
 3.3509582e-001
 3.3509851e-001
 3.3511180e-001
 3.3513439e-001
 3.3516499e-001
 3.3520222e-001
 3.3524480e-001
 3.3529145e-001
 3.3534068e-001
 3.3539134e-001
 3.3544198e-001
 3.3549139e-001
 3.3553812e-001
 3.3558097e-001
 3.3561853e-001
 3.3564949e-001
 3.3567256e-001
 3.3568639e-001
 3.3568963e-001
 3.3568096e-001
 3.3565912e-001
 3.3562276e-001
 3.3557048e-001
 3.3550102e-001
 3.3541307e-001
 3.3530524e-001
 3.3517629e-001
 3.3502483e-001
 3.3484954e-001
 3.3464915e-001
 3.3442229e-001
 3.3416763e-001
 3.3388385e-001
 3.3356979e-001
 3.3322608e-001
 3.3285397e-001
 3.3245468e-001
 3.3202934e-001
 3.3157954e-001
 3.3110633e-001
 3.3061099e-001
 3.3009472e-001
 3.2955900e-001
 3.2900494e-001
 3.2843390e-001
 3.2784691e-001
 3.2724556e-001
 3.2663098e-001
 3.2600442e-001
 3.2536712e-001
 3.2472029e-001
 3.2406542e-001
 3.2340360e-001
 3.2273620e-001
 3.2206425e-001
 3.2138935e-001
 3.2071260e-001
 3.2003525e-001
 3.1935850e-001
 3.1868383e-001
 3.1801239e-001
 3.1734541e-001
 3.1668425e-001
 3.1602991e-001
 3.1538406e-001
 3.1474754e-001
 3.1412011e-001
 3.1350067e-001
 3.1288856e-001
 3.1228274e-001
 3.1168228e-001
 3.1108615e-001
 3.1049368e-001
 3.0990380e-001
 3.0931562e-001
 3.0872822e-001
 3.0814052e-001
 3.0755180e-001
 3.0696115e-001
 3.0636755e-001
 3.0576995e-001
 3.0516773e-001
 3.0455983e-001
 3.0394530e-001
 3.0332309e-001
 3.0269259e-001
 3.0205268e-001
 3.0140248e-001
 3.0074090e-001
 3.0006734e-001
 2.9938069e-001
 2.9868007e-001
 2.9796454e-001
 2.9723299e-001
 2.9648489e-001
 2.9571912e-001
 2.9493472e-001
 2.9413083e-001
 2.9330820e-001
 2.9246765e-001
 2.9161012e-001
 2.9073632e-001
 2.8984776e-001
 2.8894508e-001
 2.8802925e-001
 2.8710124e-001
 2.8616178e-001
 2.8521231e-001
 2.8425351e-001
 2.8328642e-001
 2.8231162e-001
 2.8133070e-001
 2.8034428e-001
 2.7935335e-001
 2.7835864e-001
 2.7736160e-001
 2.7636290e-001
 2.7536353e-001
 2.7436444e-001
 2.7336639e-001
 2.7237076e-001
 2.7137831e-001
 2.7038994e-001
 2.6940647e-001
 2.6842922e-001
 2.6745903e-001
 2.6649678e-001
 2.6554319e-001
 2.6459971e-001
 2.6366687e-001
 2.6274416e-001
 2.6183033e-001
 2.6092476e-001
 2.6002622e-001
 2.5913370e-001
 2.5824609e-001
 2.5736225e-001
 2.5648147e-001
 2.5560257e-001
 2.5472453e-001
 2.5384608e-001
 2.5296652e-001
 2.5208479e-001
 2.5119972e-001
 2.5031009e-001
 2.4941534e-001
 2.4851415e-001
 2.4760556e-001
 2.4668850e-001
 2.4576174e-001
 2.4482465e-001
 2.4387600e-001
 2.4291478e-001
 2.4193968e-001
 2.4095012e-001
 2.3994491e-001
 2.3892295e-001
 2.3788302e-001
 2.3682453e-001
 2.3574622e-001
 2.3464707e-001
 2.3352586e-001
 2.3238014e-001
 2.3120789e-001
 2.3000626e-001
 2.2877270e-001
 2.2750430e-001
 2.2619914e-001
 2.2485429e-001
 2.2346723e-001
 2.2203501e-001
 2.2055577e-001
 2.1902655e-001
 2.1744485e-001
 2.1580768e-001
 2.1411319e-001
 2.1235850e-001
 2.1054100e-001
 2.0865813e-001
 2.0670685e-001
 2.0468551e-001
 2.0259108e-001
 2.0042101e-001
 1.9817215e-001
 1.9584303e-001
 1.9343054e-001
 1.9093211e-001
 1.8834452e-001
 1.8566647e-001
 1.8289477e-001
 1.8002684e-001
 1.7706011e-001
 1.7399128e-001
 1.7082037e-001
 1.6755240e-001
 1.6419558e-001
 1.6075736e-001
 1.5724763e-001
 1.5367387e-001
 1.5004432e-001
 1.4636639e-001
 1.4265007e-001
 1.3890275e-001
 1.3513274e-001
 1.3134828e-001
 1.2755673e-001
 1.2376817e-001
 1.1998993e-001
 1.1623032e-001
 1.1249670e-001
 1.0879911e-001
 1.0514494e-001
 1.0154243e-001
 9.7999021e-002
 9.4524667e-002
 9.1126792e-002
 8.7813646e-002
 8.4593505e-002
 8.1473902e-002
 7.8464568e-002
 7.5573057e-002
 7.2807588e-002
 7.0175856e-002
 6.7687340e-002
 6.5349706e-002
 6.3169517e-002
 6.1143465e-002
 5.9266288e-002
 5.7531249e-002
 5.5932127e-002
 5.4462343e-002
 5.3116385e-002
 5.1887639e-002
 5.0769892e-002
 4.9756907e-002
 4.8842248e-002
 4.8020124e-002
 4.7284059e-002
 4.6627849e-002
 4.6045117e-002
 4.5529924e-002
 4.5075879e-002
 4.4676755e-002
 4.4326250e-002
 4.4018298e-002
 4.3746576e-002
 4.3504864e-002
 4.3286927e-002
 4.3086484e-002
 4.2897411e-002
 4.2713415e-002
 4.2528279e-002
 4.2335723e-002
 4.2129606e-002
 4.1903660e-002
 4.1651644e-002
 4.1367263e-002
 4.1045476e-002
 4.0686768e-002
 4.0293649e-002
 3.9868619e-002
 3.9414082e-002
 3.8932748e-002
 3.8427021e-002
 3.7899408e-002
 3.7352279e-002
 3.6788404e-002
 3.6210157e-002
 3.5620045e-002
 3.5020422e-002
 3.4414098e-002
 3.3803415e-002
 3.3190887e-002
 3.2578878e-002
 3.1970181e-002
 3.1367149e-002
 3.0772299e-002
 3.0188126e-002
 2.9617006e-002
 2.9061720e-002
 2.8524626e-002
 2.8008237e-002
 2.7514940e-002
 2.7047476e-002
 2.6608231e-002
 2.6199708e-002
 2.5824329e-002
 2.5484776e-002
 2.5183463e-002
 2.4922328e-002
 2.4700342e-002
 2.4515476e-002
 2.4365827e-002
 2.4249356e-002
 2.4164071e-002
 2.4107976e-002
 2.4079103e-002
 2.4075445e-002
 2.4095012e-002
 2.4135826e-002
 2.4195878e-002
 2.4273183e-002
 2.4365749e-002
 2.4471587e-002
 2.4588738e-002
 2.4715152e-002
 2.4848863e-002
 2.4987886e-002
 2.5130264e-002
 2.5273934e-002
 2.5416946e-002
 2.5557302e-002
 2.5693044e-002
 2.5822122e-002
 2.5942571e-002
 2.6052410e-002
 2.6149660e-002
 2.6232289e-002
 2.6298333e-002
 2.6345801e-002
 2.6372695e-002
 2.6377538e-002
 2.6361376e-002
 2.6326047e-002
 2.6273387e-002
 2.6205219e-002
 2.6123412e-002
 2.6029786e-002
 2.5926182e-002
 2.5814408e-002
 2.5696356e-002
 2.5573833e-002
 2.5448684e-002
 2.5322735e-002
 2.5197804e-002
 2.5075788e-002
 2.4958488e-002
 2.4847738e-002
 2.4745366e-002
 2.4653245e-002
 2.4573196e-002
 2.4507048e-002
 2.4456630e-002
 2.4423810e-002
 2.4410404e-002
 2.4418255e-002
 2.4449196e-002
 2.4505083e-002
 2.4587721e-002
 2.4698965e-002
 2.4840649e-002
 2.5014659e-002
 2.5222747e-002
 2.5466159e-002
 2.5743145e-002
 2.6051136e-002
 2.6387338e-002
 2.6749179e-002
 2.7134016e-002
 2.7539201e-002
 2.7962200e-002
 2.8400164e-002
 2.8850544e-002
 2.9310700e-002
 2.9778099e-002
 3.0249871e-002
 3.0723490e-002
 3.1196306e-002
 3.1665787e-002
 3.2129068e-002
 3.2583613e-002
 3.3026785e-002
 3.3456035e-002
 3.3868510e-002
 3.4261681e-002
 3.4632895e-002
 3.4979515e-002
 3.5298958e-002
 3.5588443e-002
 3.5845403e-002
 3.6067184e-002
 3.6251187e-002
 3.6394674e-002
 3.6495063e-002
 3.6549699e-002
 3.6556687e-002
 3.6517542e-002
 3.6434766e-002
 3.6310859e-002
 3.6148313e-002
 3.5949569e-002
 3.5717219e-002
 3.5453718e-002
 3.5161555e-002
 3.4843154e-002
 3.4501154e-002
 3.4137987e-002
 3.3756137e-002
 3.3358015e-002
 3.2946292e-002
 3.2523382e-002
 3.2091774e-002
 3.1653967e-002
 3.1212345e-002
 3.0769618e-002
 3.0328177e-002
 2.9890513e-002
 2.9459024e-002
 2.9036410e-002
 2.8625056e-002
 2.8227469e-002
 2.7846044e-002
 2.7483467e-002
 2.7142134e-002
 2.6824541e-002
 2.6533118e-002
 2.6270501e-002
 2.6038643e-002
 2.5837516e-002
 2.5666537e-002
 2.5525086e-002
 2.5412641e-002
 2.5328582e-002
 2.5272325e-002
 2.5243275e-002
 2.5240863e-002
 2.5264492e-002
 2.5313571e-002
 2.5387537e-002
 2.5485771e-002
 2.5607698e-002
 2.5752731e-002
 2.5920287e-002
 2.6109820e-002
 2.6320664e-002
 2.6552267e-002
 2.6804045e-002
 2.7075479e-002
 2.7365852e-002
 2.7674638e-002
 2.8001256e-002
 2.8345196e-002
 2.8705716e-002
 2.9082302e-002
 2.9474374e-002
 2.9881338e-002
 3.0302713e-002
 3.0737717e-002
 3.1185854e-002
 3.1646576e-002
 3.2119565e-002
 3.2604206e-002
 3.3100218e-002
 3.3607207e-002
 3.4124907e-002
 3.4652680e-002
 3.5190258e-002
 3.5737250e-002
 3.6293387e-002
 3.6858022e-002
 3.7430894e-002
 3.8011603e-002
 3.8599759e-002
 3.9195120e-002
 3.9797004e-002
 4.0405162e-002
 4.1019205e-002
 4.1638885e-002
 4.2263515e-002
 4.2892847e-002
 4.3526493e-002
 4.4164214e-002
 4.4805311e-002
 4.5449547e-002
 4.6096526e-002
 4.6745855e-002
 4.7397308e-002
 4.8050169e-002
 4.8704203e-002
 4.9359027e-002
 5.0014399e-002
