splib07b Record=5355: Cummingtonite HS294.4B       ASDFRc AREF
 3.5555266e-002
 3.7332740e-002
 4.4571940e-002
 5.3965051e-002
 5.4192726e-002
 5.2428212e-002
 5.2166373e-002
 4.6992052e-002
 4.6675362e-002
 4.9186345e-002
 4.9452387e-002
 4.9184565e-002
 5.1485963e-002
 5.5141151e-002
 5.4316487e-002
 5.3305324e-002
 5.3816244e-002
 5.4169483e-002
 5.3385641e-002
 5.3142298e-002
 5.4336131e-002
 5.4680020e-002
 5.4916929e-002
 5.5641457e-002
 5.5867024e-002
 5.7618808e-002
 5.8773559e-002
 5.7277299e-002
 5.7638064e-002
 5.7834402e-002
 5.6697514e-002
 5.7712782e-002
 5.9143685e-002
 5.9663452e-002
 5.9469316e-002
 6.0210429e-002
 6.0898524e-002
 6.0469944e-002
 6.1569918e-002
 6.1783094e-002
 6.0862344e-002
 6.1250243e-002
 6.2480990e-002
 6.3101321e-002
 6.2560581e-002
 6.2645555e-002
 6.2887996e-002
 6.2683113e-002
 6.3130163e-002
 6.3474223e-002
 6.3640274e-002
 6.4056650e-002
 6.5056272e-002
 6.5600984e-002
 6.5197736e-002
 6.5247774e-002
 6.5548949e-002
 6.5677285e-002
 6.5862335e-002
 6.5935977e-002
 6.6157699e-002
 6.6748187e-002
 6.7230023e-002
 6.7263536e-002
 6.7056522e-002
 6.7097716e-002
 6.7280754e-002
 6.7386121e-002
 6.7237593e-002
 6.7637324e-002
 6.8132445e-002
 6.8146646e-002
 6.8245783e-002
 6.8398446e-002
 6.8506517e-002
 6.8578109e-002
 6.8804838e-002
 6.9055863e-002
 6.9065504e-002
 6.9386750e-002
 6.9665238e-002
 6.9613256e-002
 6.9592513e-002
 6.9701925e-002
 6.9866501e-002
 7.0026331e-002
 7.0128851e-002
 7.0212267e-002
 7.0301391e-002
 7.0591055e-002
 7.0747033e-002
 7.0681743e-002
 7.0779309e-002
 7.0867538e-002
 7.0943795e-002
 7.1212247e-002
 7.1255043e-002
 7.1279347e-002
 7.1506366e-002
 7.1850874e-002
 7.1908414e-002
 7.1784541e-002
 7.2004221e-002
 7.2127223e-002
 7.2163314e-002
 7.2376847e-002
 7.2409816e-002
 7.2456419e-002
 7.2650574e-002
 7.2878242e-002
 7.2909057e-002
 7.2880149e-002
 7.3107332e-002
 7.3170841e-002
 7.3171318e-002
 7.3326960e-002
 7.3363043e-002
 7.3452055e-002
 7.3640779e-002
 7.3825121e-002
 7.3829666e-002
 7.3765934e-002
 7.3780514e-002
 7.3904611e-002
 7.3992141e-002
 7.3984072e-002
 7.4009225e-002
 7.4080892e-002
 7.4185289e-002
 7.4373253e-002
 7.4437380e-002
 7.4464060e-002
 7.4583426e-002
 7.4804656e-002
 7.4951597e-002
 7.5006507e-002
 7.5139403e-002
 7.5312331e-002
 7.5464606e-002
 7.5605296e-002
 7.5649664e-002
 7.5727016e-002
 7.5899087e-002
 7.6027311e-002
 7.6153889e-002
 7.6329067e-002
 7.6575056e-002
 7.6782659e-002
 7.6916359e-002
 7.7018291e-002
 7.7122971e-002
 7.7198513e-002
 7.7237360e-002
 7.7282190e-002
 7.7337682e-002
 7.7362590e-002
 7.7330559e-002
 7.7253118e-002
 7.7155113e-002
 7.7055052e-002
 7.6934211e-002
 7.6877438e-002
 7.6891735e-002
 7.6887794e-002
 7.7015370e-002
 7.7267110e-002
 7.7564701e-002
 7.7761434e-002
 7.7947892e-002
 7.8202829e-002
 7.8443222e-002
 7.8665085e-002
 7.8850225e-002
 7.8960329e-002
 7.9136357e-002
 7.9333700e-002
 7.9473317e-002
 7.9572633e-002
 7.9681940e-002
 7.9806365e-002
 7.9895929e-002
 7.9980247e-002
 8.0067106e-002
 8.0142237e-002
 8.0249220e-002
 8.0378093e-002
 8.0493309e-002
 8.0552474e-002
 8.0596425e-002
 8.0639638e-002
 8.0654301e-002
 8.0645293e-002
 8.0634549e-002
 8.0631480e-002
 8.0633700e-002
 8.0625720e-002
 8.0592029e-002
 8.0505021e-002
 8.0419831e-002
 8.0354251e-002
 8.0286890e-002
 8.0210954e-002
 8.0160774e-002
 8.0151886e-002
 8.0186047e-002
 8.0239318e-002
 8.0305889e-002
 8.0398977e-002
 8.0538891e-002
 8.0691136e-002
 8.0829330e-002
 8.0956161e-002
 8.1098236e-002
 8.1251115e-002
 8.1380300e-002
 8.1483938e-002
 8.1576921e-002
 8.1668727e-002
 8.1732556e-002
 8.1753597e-002
 8.1753597e-002
 8.1803292e-002
 8.1855148e-002
 8.1864566e-002
 8.1834689e-002
 8.1799671e-002
 8.1792399e-002
 8.1804708e-002
 8.1822336e-002
 8.1796639e-002
 8.1744276e-002
 8.1742473e-002
 8.1751361e-002
 8.1715196e-002
 8.1616193e-002
 8.1553109e-002
 8.1512854e-002
 8.1448823e-002
 8.1404306e-002
 8.1373587e-002
 8.1355259e-002
 8.1373349e-002
 8.1390068e-002
 8.1367210e-002
 8.1303142e-002
 8.1266738e-002
 8.1246279e-002
 8.1194431e-002
 8.1041403e-002
 8.0888368e-002
 8.0803275e-002
 8.0758423e-002
 8.0736637e-002
 8.0721065e-002
 8.0713980e-002
 8.0702245e-002
 8.0701448e-002
 8.0697872e-002
 8.0634870e-002
 8.0584288e-002
 8.0561593e-002
 8.0530204e-002
 8.0491684e-002
 8.0381826e-002
 8.0216974e-002
 8.0082200e-002
 8.0013454e-002
 7.9966046e-002
 7.9896115e-002
 7.9832107e-002
 7.9773739e-002
 7.9710491e-002
 7.9635888e-002
 7.9588920e-002
 7.9569668e-002
 7.9561092e-002
 7.9500899e-002
 7.9415873e-002
 7.9354391e-002
 7.9306774e-002
 7.9233699e-002
 7.9129048e-002
 7.9037502e-002
 7.8944385e-002
 7.8848504e-002
 7.8780420e-002
 7.8687720e-002
 7.8596599e-002
 7.8542285e-002
 7.8485087e-002
 7.8414425e-002
 7.8340158e-002
 7.8281224e-002
 7.8206778e-002
 7.8119494e-002
 7.8042328e-002
 7.7965148e-002
 7.7894039e-002
 7.7830054e-002
 7.7773876e-002
 7.7696227e-002
 7.7610925e-002
 7.7561893e-002
 7.7510282e-002
 7.7443942e-002
 7.7379346e-002
 7.7295706e-002
 7.7228531e-002
 7.7183500e-002
 7.7124760e-002
 7.7048868e-002
 7.6977469e-002
 7.6926604e-002
 7.6871544e-002
 7.6800548e-002
 7.6723084e-002
 7.6670833e-002
 7.6622285e-002
 7.6561004e-002
 7.6502971e-002
 7.6433875e-002
 7.6366358e-002
 7.6313876e-002
 7.6258801e-002
 7.6194376e-002
 7.6126359e-002
 7.6065876e-002
 7.5999215e-002
 7.5929940e-002
 7.5872764e-002
 7.5818442e-002
 7.5764224e-002
 7.5712726e-002
 7.5644515e-002
 7.5590491e-002
 7.5555764e-002
 7.5518042e-002
 7.5465500e-002
 7.5402811e-002
 7.5334907e-002
 7.5292133e-002
 7.5242557e-002
 7.5165890e-002
 7.5080276e-002
 7.5011276e-002
 7.4958280e-002
 7.4911922e-002
 7.4847862e-002
 7.4771501e-002
 7.4698783e-002
 7.4668795e-002
 7.4639559e-002
 7.4585661e-002
 7.4527107e-002
 7.4485570e-002
 7.4450687e-002
 7.4405707e-002
 7.4338876e-002
 7.4271865e-002
 7.4220739e-002
 7.4200615e-002
 7.4163079e-002
 7.4101664e-002
 7.4052274e-002
 7.4002877e-002
 7.3958628e-002
 7.3926993e-002
 7.3874548e-002
 7.3826365e-002
 7.3794559e-002
 7.3757455e-002
 7.3704608e-002
 7.3646836e-002
 7.3590852e-002
 7.3567294e-002
 7.3566429e-002
 7.3561594e-002
 7.3512837e-002
 7.3456042e-002
 7.3412992e-002
 7.3361345e-002
 7.3300742e-002
 7.3249742e-002
 7.3220685e-002
 7.3176324e-002
 7.3137835e-002
 7.3115207e-002
 7.3048159e-002
 7.3019080e-002
 7.3019668e-002
 7.2986193e-002
 7.2935171e-002
 7.2895840e-002
 7.2874367e-002
 7.2851956e-002
 7.2816268e-002
 7.2772719e-002
 7.2720982e-002
 7.2690234e-002
 7.2655596e-002
 7.2585143e-002
 7.2537668e-002
 7.2509669e-002
 7.2476089e-002
 7.2435848e-002
 7.2393760e-002
 7.2355784e-002
 7.2316915e-002
 7.2292715e-002
 7.2261296e-002
 7.2208822e-002
 7.2172001e-002
 7.2141126e-002
 7.2100550e-002
 7.2055653e-002
 7.1995735e-002
 7.1939126e-002
 7.1905635e-002
 7.1842998e-002
 7.1765386e-002
 7.1704231e-002
 7.1673781e-002
 7.1655884e-002
 7.1620069e-002
 7.1555205e-002
 7.1484223e-002
 7.1433321e-002
 7.1400382e-002
 7.1358547e-002
 7.1310215e-002
 7.1265213e-002
 7.1220212e-002
 7.1171641e-002
 7.1116842e-002
 7.1053691e-002
 7.1003146e-002
 7.0954166e-002
 7.0893556e-002
 7.0830554e-002
 7.0759706e-002
 7.0685305e-002
 7.0615567e-002
 7.0547201e-002
 7.0461661e-002
 7.0351847e-002
 7.0264578e-002
 7.0183672e-002
 7.0091642e-002
 7.0000529e-002
 6.9934547e-002
 6.9872849e-002
 6.9785766e-002
 6.9689363e-002
 6.9592439e-002
 6.9493569e-002
 6.9412887e-002
 6.9305904e-002
 6.9171339e-002
 6.9042444e-002
 6.8930633e-002
 6.8820283e-002
 6.8697698e-002
 6.8563886e-002
 6.8425775e-002
 6.8290696e-002
 6.8176337e-002
 6.8044499e-002
 6.7904390e-002
 6.7796044e-002
 6.7681678e-002
 6.7550145e-002
 6.7414068e-002
 6.7256615e-002
 6.7115113e-002
 6.6988580e-002
 6.6843897e-002
 6.6669025e-002
 6.6503100e-002
 6.6374697e-002
 6.6237040e-002
 6.6076756e-002
 6.5910056e-002
 6.5734424e-002
 6.5583497e-002
 6.5442033e-002
 6.5277264e-002
 6.5096222e-002
 6.4928509e-002
 6.4780980e-002
 6.4655282e-002
 6.4495400e-002
 6.4304553e-002
 6.4135201e-002
 6.3991636e-002
 6.3834727e-002
 6.3635439e-002
 6.3464463e-002
 6.3321933e-002
 6.3174970e-002
 6.3052312e-002
 6.2886059e-002
 6.2695540e-002
 6.2548205e-002
 6.2425319e-002
 6.2277831e-002
 6.2090743e-002
 6.1920583e-002
 6.1750479e-002
 6.1565083e-002
 6.1399490e-002
 6.1224844e-002
 6.1055951e-002
 6.0929861e-002
 6.0779795e-002
 6.0603973e-002
 6.0431793e-002
 6.0267784e-002
 6.0109966e-002
 5.9955832e-002
 5.9821650e-002
 5.9670500e-002
 5.9519302e-002
 5.9399597e-002
 5.9224933e-002
 5.9055660e-002
 5.8932934e-002
 5.8821592e-002
 5.8688398e-002
 5.8534365e-002
 5.8380429e-002
 5.8221593e-002
 5.8078766e-002
 5.7956502e-002
 5.7808373e-002
 5.7662968e-002
 5.7539731e-002
 5.7435900e-002
 5.7306584e-002
 5.7144023e-002
 5.6964442e-002
 5.6836251e-002
 5.6726143e-002
 5.6590438e-002
 5.6446057e-002
 5.6308206e-002
 5.6183513e-002
 5.6078970e-002
 5.5935886e-002
 5.5782698e-002
 5.5658571e-002
 5.5563785e-002
 5.5459969e-002
 5.5333141e-002
 5.5213638e-002
 5.5073518e-002
 5.4943062e-002
 5.4863472e-002
 5.4742597e-002
 5.4607712e-002
 5.4502320e-002
 5.4417212e-002
 5.4321624e-002
 5.4207943e-002
 5.4087147e-002
 5.3986341e-002
 5.3902730e-002
 5.3822406e-002
 5.3670544e-002
 5.3553436e-002
 5.3499330e-002
 5.3394601e-002
 5.3290982e-002
 5.3200025e-002
 5.3085316e-002
 5.3011928e-002
 5.2950572e-002
 5.2865479e-002
 5.2754041e-002
 5.2671906e-002
 5.2610811e-002
 5.2490566e-002
 5.2420739e-002
 5.2375063e-002
 5.2283611e-002
 5.2254353e-002
 5.2220806e-002
 5.2144460e-002
 5.2076887e-002
 5.2040819e-002
 5.1992159e-002
 5.1879905e-002
 5.1774390e-002
 5.1697355e-002
 5.1625904e-002
 5.1569946e-002
 5.1499322e-002
 5.1417597e-002
 5.1341284e-002
 5.1302746e-002
 5.1247321e-002
 5.1128305e-002
 5.1046096e-002
 5.1011067e-002
 5.0975330e-002
 5.0887458e-002
 5.0814234e-002
 5.0787088e-002
 5.0803013e-002
 5.0733868e-002
 5.0645839e-002
 5.0627612e-002
 5.0591554e-002
 5.0591219e-002
 5.0602783e-002
 5.0494492e-002
 5.0406124e-002
 5.0395474e-002
 5.0430037e-002
 5.0335132e-002
 5.0251354e-002
 5.0280016e-002
 5.0248619e-002
 5.0240226e-002
 5.0241888e-002
 5.0120313e-002
 5.0094709e-002
 5.0147172e-002
 5.0167516e-002
 5.0048113e-002
 4.9968224e-002
 5.0001051e-002
 4.9976721e-002
 5.0018825e-002
 5.0035290e-002
 4.9869098e-002
 4.9857594e-002
 4.9934659e-002
 4.9936596e-002
 4.9816325e-002
 4.9770817e-002
 4.9825355e-002
 4.9799979e-002
 4.9850285e-002
 4.9890269e-002
 4.9811438e-002
 4.9822818e-002
 4.9825396e-002
 4.9763512e-002
 4.9740721e-002
 4.9789462e-002
 4.9839243e-002
 4.9827382e-002
 4.9806446e-002
 4.9795080e-002
 4.9784385e-002
 4.9848098e-002
 4.9851865e-002
 4.9793761e-002
 4.9759351e-002
 4.9844436e-002
 4.9889624e-002
 4.9920682e-002
 4.9954697e-002
 4.9855497e-002
 4.9697764e-002
 4.9533397e-002
 4.9484704e-002
 4.9566999e-002
 4.9664468e-002
 4.9851373e-002
 5.0044116e-002
 5.0065886e-002
 5.0020628e-002
 5.0000265e-002
 4.9901478e-002
 5.0015047e-002
 5.0301462e-002
 5.0541803e-002
 5.0877381e-002
 5.0997473e-002
 5.0867312e-002
 5.0731648e-002
 5.0493076e-002
 5.0325144e-002
 5.0420776e-002
 5.0643407e-002
 5.0946239e-002
 5.1227070e-002
 5.1295232e-002
 5.1268827e-002
 5.1311146e-002
 5.1228568e-002
 5.1244736e-002
 5.1535215e-002
 5.1729757e-002
 5.1945444e-002
 5.2062269e-002
 5.2053329e-002
 5.1969647e-002
 5.1774058e-002
 5.1687978e-002
 5.1864121e-002
 5.2094139e-002
 5.2285444e-002
 5.2507717e-002
 5.2646458e-002
 5.2623376e-002
 5.2546624e-002
 5.2474532e-002
 5.2609865e-002
 5.2845489e-002
 5.3005513e-002
 5.3220421e-002
 5.3309791e-002
 5.3300608e-002
 5.3322837e-002
 5.3283796e-002
 5.3199958e-002
 5.3271480e-002
 5.3475354e-002
 5.3672452e-002
 5.3886779e-002
 5.3985950e-002
 5.3971961e-002
 5.4046661e-002
 5.4074552e-002
 5.4180980e-002
 5.4377388e-002
 5.4500964e-002
 5.4628409e-002
 5.4687127e-002
 5.4670587e-002
 5.4619089e-002
 5.4558672e-002
 5.4557920e-002
 5.4663666e-002
 5.4805100e-002
 5.4960456e-002
 5.5184662e-002
 5.5317372e-002
 5.5354927e-002
 5.5370681e-002
 5.5305183e-002
 5.5334754e-002
 5.5460501e-002
 5.5576619e-002
 5.5722181e-002
 5.5817209e-002
 5.5821054e-002
 5.5739410e-002
 5.5672809e-002
 5.5743501e-002
 5.5918548e-002
 5.6094546e-002
 5.6241829e-002
 5.6425847e-002
 5.6529816e-002
 5.6538139e-002
 5.6546357e-002
 5.6469195e-002
 5.6461062e-002
 5.6576066e-002
 5.6682002e-002
 5.6777876e-002
 5.6799401e-002
 5.6784339e-002
 5.6741390e-002
 5.6689542e-002
 5.6673802e-002
 5.6726765e-002
 5.6886643e-002
 5.7035062e-002
 5.7141189e-002
 5.7181932e-002
 5.7177201e-002
 5.7249721e-002
 5.7269663e-002
 5.7284743e-002
 5.7397027e-002
 5.7514474e-002
 5.7622317e-002
 5.7681449e-002
 5.7718907e-002
 5.7678491e-002
 5.7613384e-002
 5.7597380e-002
 5.7632625e-002
 5.7686847e-002
 5.7707991e-002
 5.7789333e-002
 5.7860065e-002
 5.7851225e-002
 5.7841707e-002
 5.7821434e-002
 5.7878777e-002
 5.7990555e-002
 5.8076743e-002
 5.8169819e-002
 5.8206089e-002
 5.8209963e-002
 5.8189251e-002
 5.8172081e-002
 5.8195110e-002
 5.8236655e-002
 5.8341764e-002
 5.8446914e-002
 5.8509558e-002
 5.8517251e-002
 5.8461782e-002
 5.8426302e-002
 5.8411412e-002
 5.8445033e-002
 5.8514033e-002
 5.8581740e-002
 5.8661565e-002
 5.8713283e-002
 5.8730524e-002
 5.8715019e-002
 5.8686689e-002
 5.8676939e-002
 5.8690671e-002
 5.8778893e-002
 5.8862835e-002
 5.8887728e-002
 5.8889695e-002
 5.8849074e-002
 5.8816303e-002
 5.8813844e-002
 5.8855858e-002
 5.8943357e-002
 5.9033450e-002
 5.9100911e-002
 5.9117932e-002
 5.9135702e-002
 5.9172217e-002
 5.9194751e-002
 5.9257165e-002
 5.9333708e-002
 5.9420250e-002
 5.9511665e-002
 5.9532996e-002
 5.9539884e-002
 5.9469972e-002
 5.9401739e-002
 5.9384998e-002
 5.9398495e-002
 5.9478991e-002
 5.9570350e-002
 5.9652932e-002
 5.9709970e-002
 5.9704706e-002
 5.9660904e-002
 5.9654519e-002
 5.9722867e-002
 5.9804711e-002
 5.9904762e-002
 6.0000081e-002
 6.0024995e-002
 6.0039107e-002
 6.0003176e-002
 5.9967887e-002
 6.0027316e-002
 6.0096025e-002
 6.0178634e-002
 6.0258031e-002
 6.0306236e-002
 6.0333796e-002
 6.0326107e-002
 6.0308583e-002
 6.0323182e-002
 6.0379229e-002
 6.0458746e-002
 6.0547698e-002
 6.0635727e-002
 6.0705870e-002
 6.0731940e-002
 6.0677700e-002
 6.0644798e-002
 6.0719486e-002
 6.0800020e-002
 6.0891103e-002
 6.0982473e-002
 6.1041284e-002
 6.1096884e-002
 6.1066672e-002
 6.1028093e-002
 6.1059829e-002
 6.1113387e-002
 6.1221555e-002
 6.1348885e-002
 6.1452374e-002
 6.1538555e-002
 6.1562601e-002
 6.1530329e-002
 6.1537594e-002
 6.1603043e-002
 6.1687425e-002
 6.1808623e-002
 6.1911013e-002
 6.1949562e-002
 6.1984695e-002
 6.2000379e-002
 6.2017266e-002
 6.2065065e-002
 6.2112458e-002
 6.2222876e-002
 6.2336173e-002
 6.2403738e-002
 6.2464293e-002
 6.2484462e-002
 6.2490389e-002
 6.2524274e-002
 6.2570706e-002
 6.2664978e-002
 6.2794074e-002
 6.2885895e-002
 6.2943257e-002
 6.3000053e-002
 6.3053101e-002
 6.3116036e-002
 6.3188203e-002
 6.3268982e-002
 6.3398220e-002
 6.3518323e-002
 6.3614748e-002
 6.3711263e-002
 6.3713774e-002
 6.3716322e-002
 6.3766018e-002
 6.3815519e-002
 6.3935734e-002
 6.4069010e-002
 6.4130671e-002
 6.4177141e-002
 6.4234927e-002
 6.4293846e-002
 6.4375684e-002
 6.4464204e-002
 6.4596236e-002
 6.4769067e-002
 6.4869232e-002
 6.4890929e-002
 6.4925596e-002
 6.4977773e-002
 6.5041974e-002
 6.5117650e-002
 6.5197617e-002
 6.5306693e-002
 6.5400094e-002
 6.5446012e-002
 6.5494947e-002
 6.5550022e-002
 6.5605953e-002
 6.5665565e-002
 6.5718688e-002
 6.5867163e-002
 6.6034459e-002
 6.6110969e-002
 6.6172361e-002
 6.6243887e-002
 6.6310950e-002
 6.6387594e-002
 6.6455849e-002
 6.6546805e-002
 6.6670820e-002
 6.6752695e-002
 6.6806562e-002
 6.6857941e-002
 6.6889174e-002
 6.6940986e-002
 6.7010760e-002
 6.7086279e-002
 6.7212582e-002
 6.7326918e-002
 6.7419045e-002
 6.7515895e-002
 6.7568190e-002
 6.7626126e-002
 6.7688391e-002
 6.7746289e-002
 6.7878179e-002
 6.8026863e-002
 6.8114720e-002
 6.8197303e-002
 6.8284154e-002
 6.8361767e-002
 6.8425521e-002
 6.8471700e-002
 6.8557218e-002
 6.8676211e-002
 6.8774171e-002
 6.8872333e-002
 6.8936445e-002
 6.8960913e-002
 6.9022812e-002
 6.9105886e-002
 6.9207288e-002
 6.9352508e-002
 6.9461465e-002
 6.9543213e-002
 6.9633216e-002
 6.9702804e-002
 6.9793433e-002
 6.9906600e-002
 7.0014901e-002
 7.0161268e-002
 7.0299536e-002
 7.0386127e-002
 7.0473269e-002
 7.0514038e-002
 7.0548154e-002
 7.0659988e-002
 7.0766479e-002
 7.0883371e-002
 7.1019493e-002
 7.1095005e-002
 7.1165003e-002
 7.1229868e-002
 7.1280099e-002
 7.1375392e-002
 7.1482264e-002
 7.1588427e-002
 7.1710221e-002
 7.1784839e-002
 7.1828887e-002
 7.1880348e-002
 7.1916685e-002
 7.1976013e-002
 7.2046980e-002
 7.2128378e-002
 7.2263010e-002
 7.2367743e-002
 7.2422653e-002
 7.2478086e-002
 7.2495624e-002
 7.2525695e-002
 7.2558142e-002
 7.2588257e-002
 7.2656162e-002
 7.2714716e-002
 7.2706699e-002
 7.2701111e-002
 7.2689101e-002
 7.2672673e-002
 7.2693318e-002
 7.2709203e-002
 7.2697051e-002
 7.2691232e-002
 7.2629780e-002
 7.2571300e-002
 7.2480090e-002
 7.2354741e-002
 7.2293043e-002
 7.2252356e-002
 7.2238855e-002
 7.2262987e-002
 7.2256409e-002
 7.2235323e-002
 7.2227247e-002
 7.2222330e-002
 7.2273828e-002
 7.2372533e-002
 7.2502017e-002
 7.2719246e-002
 7.2932743e-002
 7.3145702e-002
 7.3373288e-002
 7.3618561e-002
 7.3887706e-002
 7.4182704e-002
 7.4483164e-002
 7.4834272e-002
 7.5151712e-002
 7.5389303e-002
 7.5637512e-002
 7.5866267e-002
 7.6087095e-002
 7.6221108e-002
 7.6341964e-002
 7.6506376e-002
 7.6675817e-002
 7.6794550e-002
 7.6916873e-002
 7.6996610e-002
 7.7052243e-002
 7.7122375e-002
 7.7191390e-002
 7.7307701e-002
 7.7447847e-002
 7.7514693e-002
 7.7567168e-002
 7.7630930e-002
 7.7685080e-002
 7.7759348e-002
 7.7834480e-002
 7.7921666e-002
 7.8036189e-002
 7.8121819e-002
 7.8195632e-002
 7.8263320e-002
 7.8302734e-002
 7.8373477e-002
 7.8457534e-002
 7.8547359e-002
 7.8666560e-002
 7.8750581e-002
 7.8812949e-002
 7.8886077e-002
 7.8946494e-002
 7.9019897e-002
 7.9105228e-002
 7.9200007e-002
 7.9344712e-002
 7.9467058e-002
 7.9551004e-002
 7.9639122e-002
 7.9713397e-002
 7.9798773e-002
 7.9877310e-002
 7.9953387e-002
 8.0079205e-002
 8.0196127e-002
 8.0268182e-002
 8.0341764e-002
 8.0388986e-002
 8.0438122e-002
 8.0516957e-002
 8.0591753e-002
 8.0695592e-002
 8.0806799e-002
 8.0871411e-002
 8.0932744e-002
 8.0997221e-002
 8.1061162e-002
 8.1138290e-002
 8.1201285e-002
 8.1294373e-002
 8.1401631e-002
 8.1464455e-002
 8.1530333e-002
 8.1608467e-002
 8.1679121e-002
 8.1758313e-002
 8.1828162e-002
 8.1940241e-002
 8.2079455e-002
 8.2179114e-002
 8.2271233e-002
 8.2345203e-002
 8.2403019e-002
 8.2488626e-002
 8.2577765e-002
 8.2679272e-002
 8.2804017e-002
 8.2897693e-002
 8.2973078e-002
 8.3046369e-002
 8.3108582e-002
 8.3184592e-002
 8.3255030e-002
 8.3342530e-002
 8.3462879e-002
 8.3560385e-002
 8.3654150e-002
 8.3723076e-002
 8.3733827e-002
 8.3780944e-002
 8.3868064e-002
 8.3960362e-002
 8.4075898e-002
 8.4160671e-002
 8.4216401e-002
 8.4271796e-002
 8.4305294e-002
 8.4353223e-002
 8.4408961e-002
 8.4467530e-002
 8.4561102e-002
 8.4641390e-002
 8.4701084e-002
 8.4766269e-002
 8.4822029e-002
 8.4886655e-002
 8.4959209e-002
 8.5033923e-002
 8.5139669e-002
 8.5229956e-002
 8.5287109e-002
 8.5348740e-002
 8.5389018e-002
 8.5433334e-002
 8.5480206e-002
 8.5525364e-002
 8.5602656e-002
 8.5670799e-002
 8.5720457e-002
 8.5772708e-002
 8.5827149e-002
 8.5891828e-002
 8.5974447e-002
 8.6053438e-002
 8.6150967e-002
 8.6245641e-002
 8.6311825e-002
 8.6378679e-002
 8.6432695e-002
 8.6488076e-002
 8.6547837e-002
 8.6605497e-002
 8.6701393e-002
 8.6798206e-002
 8.6862534e-002
 8.6928338e-002
 8.6943328e-002
 8.6953707e-002
 8.6994894e-002
 8.7034747e-002
 8.7127604e-002
 8.7228276e-002
 8.7271944e-002
 8.7315850e-002
 8.7369911e-002
 8.7418020e-002
 8.7482601e-002
 8.7544404e-002
 8.7651230e-002
 8.7767132e-002
 8.7838411e-002
 8.7907642e-002
 8.7930977e-002
 8.7947451e-002
 8.8011205e-002
 8.8075511e-002
 8.8123649e-002
 8.8174671e-002
 8.8247307e-002
 8.8328712e-002
 8.8335127e-002
 8.8324711e-002
 8.8366225e-002
 8.8411056e-002
 8.8505156e-002
 8.8611379e-002
 8.8667691e-002
 8.8719830e-002
 8.8749528e-002
 8.8771991e-002
 8.8843748e-002
 8.8920474e-002
 8.9023381e-002
 8.9133970e-002
 8.9207761e-002
 8.9277454e-002
 8.9318424e-002
 8.9352824e-002
 8.9401148e-002
 8.9449607e-002
 8.9506380e-002
 8.9565992e-002
 8.9605495e-002
 8.9644060e-002
 8.9660846e-002
 8.9671902e-002
 8.9702897e-002
 8.9735880e-002
 8.9794628e-002
 8.9858852e-002
 8.9928687e-002
 9.0001591e-002
 9.0038240e-002
 9.0067558e-002
 9.0122096e-002
 9.0179414e-002
 9.0272442e-002
 9.0372063e-002
 9.0430163e-002
 9.0483718e-002
 9.0514824e-002
 9.0542153e-002
 9.0600774e-002
 9.0662010e-002
 9.0745740e-002
 9.0832226e-002
 9.0916336e-002
 9.1000497e-002
 9.1015123e-002
 9.1024362e-002
 9.1090076e-002
 9.1159664e-002
 9.1265835e-002
 9.1373719e-002
 9.1427587e-002
 9.1478832e-002
 9.1532066e-002
 9.1586173e-002
 9.1650292e-002
 9.1715373e-002
 9.1789901e-002
 9.1864794e-002
 9.1894023e-002
 9.1921188e-002
 9.1920346e-002
 9.1920175e-002
 9.1980256e-002
 9.2041746e-002
 9.2113957e-002
 9.2185371e-002
 9.2199288e-002
 9.2211865e-002
 9.2231236e-002
 9.2250921e-002
 9.2296578e-002
 9.2349403e-002
 9.2435583e-002
 9.2522144e-002
 9.2588447e-002
 9.2646621e-002
 9.2683412e-002
 9.2717655e-002
 9.2756376e-002
 9.2807725e-002
 9.2893980e-002
 9.2979118e-002
 9.3043894e-002
 9.3099937e-002
 9.3132548e-002
 9.3156971e-002
 9.3191415e-002
 9.3254633e-002
 9.3365029e-002
 9.3465589e-002
 9.3530983e-002
 9.3585476e-002
 9.3628667e-002
 9.3671888e-002
 9.3731090e-002
 9.3807928e-002
 9.3899667e-002
 9.3975306e-002
 9.4011441e-002
 9.4018802e-002
 9.4010085e-002
 9.4020255e-002
 9.4060905e-002
 9.4116911e-002
 9.4173759e-002
 9.4240196e-002
 9.4311103e-002
 9.4333842e-002
 9.4324626e-002
 9.4341345e-002
 9.4387628e-002
 9.4457455e-002
 9.4525822e-002
 9.4568431e-002
 9.4594501e-002
 9.4604127e-002
 9.4606839e-002
 9.4608806e-002
 9.4634041e-002
 9.4717540e-002
 9.4801091e-002
 9.4861150e-002
 9.4906271e-002
 9.4908610e-002
 9.4918773e-002
 9.4946228e-002
 9.4981983e-002
 9.5050871e-002
 9.5116593e-002
 9.5173627e-002
 9.5218398e-002
 9.5212251e-002
 9.5206931e-002
 9.5250688e-002
 9.5307276e-002
 9.5381625e-002
 9.5460735e-002
 9.5508061e-002
 9.5538609e-002
 9.5575295e-002
 9.5600605e-002
 9.5627487e-002
 9.5671609e-002
 9.5729955e-002
 9.5790036e-002
 9.5781185e-002
 9.5755287e-002
 9.5733337e-002
 9.5724627e-002
 9.5783979e-002
 9.5854186e-002
 9.5906802e-002
 9.5955767e-002
 9.5964961e-002
 9.5968641e-002
 9.5999151e-002
 9.6013807e-002
 9.6045293e-002
 9.6108466e-002
 9.6172675e-002
 9.6219361e-002
 9.6228898e-002
 9.6220918e-002
 9.6216179e-002
 9.6176416e-002
 9.6146062e-002
 9.6215256e-002
 9.6299566e-002
 9.6323952e-002
 9.6308894e-002
 9.6282080e-002
 9.6269988e-002
 9.6290961e-002
 9.6346311e-002
 9.6432805e-002
 9.6506648e-002
 9.6530281e-002
 9.6541293e-002
 9.6529439e-002
 9.6483409e-002
 9.6456811e-002
 9.6484087e-002
 9.6527770e-002
 9.6566804e-002
 9.6588477e-002
 9.6572861e-002
 9.6529528e-002
 9.6482538e-002
 9.6497156e-002
 9.6559711e-002
 9.6639656e-002
 9.6744858e-002
 9.6805505e-002
 9.6812032e-002
 9.6829996e-002
 9.6861020e-002
 9.6913375e-002
 9.6976459e-002
 9.7014301e-002
 9.7040802e-002
 9.7046651e-002
 9.7042568e-002
 9.7048268e-002
 9.6994504e-002
 9.6980728e-002
 9.7058430e-002
 9.7141460e-002
 9.7183481e-002
 9.7180314e-002
 9.7158663e-002
 9.7125396e-002
 9.7078741e-002
 9.7066954e-002
 9.7115204e-002
 9.7179689e-002
 9.7203232e-002
 9.7181223e-002
 9.7158894e-002
 9.7135052e-002
 9.7164899e-002
 9.7207010e-002
 9.7258180e-002
 9.7314738e-002
 9.7290374e-002
 9.7235173e-002
 9.7164728e-002
 9.7092509e-002
 9.7113423e-002
 9.7208254e-002
 9.7245425e-002
 9.7256348e-002
 9.7252361e-002
 9.7256765e-002
 9.7277582e-002
 9.7261205e-002
 9.7293407e-002
 9.7375698e-002
 9.7447924e-002
 9.7483583e-002
 9.7483702e-002
 9.7473793e-002
 9.7483799e-002
 9.7525604e-002
 9.7563088e-002
 9.7611010e-002
 9.7642794e-002
 9.7654924e-002
 9.7671695e-002
 9.7708203e-002
 9.7749762e-002
 9.7768001e-002
 9.7755723e-002
 9.7751938e-002
 9.7750984e-002
 9.7746916e-002
 9.7782895e-002
 9.7820960e-002
 9.7820215e-002
 9.7807251e-002
 9.7818866e-002
 9.7834595e-002
 9.7835295e-002
 9.7820848e-002
 9.7784914e-002
 9.7796820e-002
 9.7827353e-002
 9.7867362e-002
 9.7898990e-002
 9.7914025e-002
 9.7913899e-002
 9.7917899e-002
 9.7941637e-002
 9.7954832e-002
 9.7988136e-002
 9.8022722e-002
 9.8010637e-002
 9.8004557e-002
 9.8013736e-002
 9.8014601e-002
 9.7982943e-002
 9.7956024e-002
 9.7946249e-002
 9.7969018e-002
 9.7986624e-002
 9.7962506e-002
 9.7951055e-002
 9.7979397e-002
 9.8006785e-002
 9.7971231e-002
 9.7936586e-002
 9.7934954e-002
 9.7963534e-002
 9.7989365e-002
 9.7995944e-002
 9.8010704e-002
 9.8011367e-002
 9.8007940e-002
 9.8013863e-002
 9.8023057e-002
 9.8025098e-002
 9.8030448e-002
 9.8042913e-002
 9.8056316e-002
 9.8072328e-002
 9.8071881e-002
 9.8063163e-002
 9.8043330e-002
 9.8020270e-002
 9.7966962e-002
 9.7915329e-002
 9.7864635e-002
 9.7808309e-002
 9.7781189e-002
 9.7774595e-002
 9.7785562e-002
 9.7828887e-002
 9.7861834e-002
 9.7874746e-002
 9.7887874e-002
 9.7899199e-002
 9.7906351e-002
 9.7893812e-002
 9.7871587e-002
 9.7844519e-002
 9.7818688e-002
 9.7799458e-002
 9.7794637e-002
 9.7795673e-002
 9.7826175e-002
 9.7856507e-002
 9.7864196e-002
 9.7870365e-002
 9.7868934e-002
 9.7863182e-002
 9.7856097e-002
 9.7850621e-002
 9.7852826e-002
 9.7866133e-002
 9.7874194e-002
 9.7841732e-002
 9.7808763e-002
 9.7823627e-002
 9.7841255e-002
 9.7866550e-002
 9.7894512e-002
 9.7905517e-002
 9.7901620e-002
 9.7872481e-002
 9.7798772e-002
 9.7728133e-002
 9.7677484e-002
 9.7626522e-002
 9.7587138e-002
 9.7547345e-002
 9.7536162e-002
 9.7533479e-002
 9.7521044e-002
 9.7502694e-002
 9.7483285e-002
 9.7460181e-002
 9.7441733e-002
 9.7436756e-002
 9.7427957e-002
 9.7416073e-002
 9.7401917e-002
 9.7392462e-002
 9.7384624e-002
 9.7325601e-002
 9.7238287e-002
 9.7165897e-002
 9.7102895e-002
 9.7046524e-002
 9.7023010e-002
 9.6998721e-002
 9.6993886e-002
 9.6990570e-002
 9.6975744e-002
 9.6957795e-002
 9.6968986e-002
 9.6987583e-002
 9.7008683e-002
 9.7038247e-002
 9.7050115e-002
 9.7031243e-002
 9.7006023e-002
 9.6941158e-002
 9.6877836e-002
 9.6866265e-002
 9.6853189e-002
 9.6841156e-002
 9.6836291e-002
 9.6794903e-002
 9.6735165e-002
 9.6693307e-002
 9.6665174e-002
 9.6629560e-002
 9.6559934e-002
 9.6484467e-002
 9.6399188e-002
 9.6314915e-002
 9.6287735e-002
 9.6264206e-002
 9.6244097e-002
 9.6227542e-002
 9.6218556e-002
 9.6207969e-002
 9.6192695e-002
 9.6171468e-002
 9.6138045e-002
 9.6094169e-002
 9.6056342e-002
 9.6036769e-002
 9.6017957e-002
 9.6010976e-002
 9.5996320e-002
 9.6015848e-002
 9.6058652e-002
 9.6076809e-002
 9.6086815e-002
 9.6100055e-002
 9.6102349e-002
 9.6108422e-002
 9.6093997e-002
 9.6079245e-002
 9.6108086e-002
 9.6140958e-002
 9.6157819e-002
 9.6181825e-002
 9.6189119e-002
 9.6182719e-002
 9.6196346e-002
 9.6210182e-002
 9.6227109e-002
 9.6256115e-002
 9.6271083e-002
 9.6300229e-002
 9.6330099e-002
 9.6324578e-002
 9.6312389e-002
 9.6310318e-002
 9.6301816e-002
 9.6286058e-002
 9.6278280e-002
 9.6271358e-002
 9.6267618e-002
 9.6267320e-002
 9.6273676e-002
 9.6284427e-002
 9.6264429e-002
 9.6234538e-002
 9.6196912e-002
 9.6164398e-002
 9.6148573e-002
 9.6146397e-002
 9.6102342e-002
 9.6038081e-002
 9.6021876e-002
 9.6018136e-002
 9.6007884e-002
 9.6014887e-002
 9.6019872e-002
 9.6038230e-002
 9.6057557e-002
 9.6050292e-002
 9.6042156e-002
 9.6079655e-002
 9.6112229e-002
 9.6110187e-002
 9.6118063e-002
 9.6099496e-002
 9.6071847e-002
 9.6077561e-002
 9.6095853e-002
 9.6114852e-002
 9.6111663e-002
 9.6093744e-002
 9.6076265e-002
 9.6056767e-002
 9.6042477e-002
 9.6029498e-002
 9.5972158e-002
 9.5906503e-002
 9.5915474e-002
 9.5935233e-002
 9.5978156e-002
 9.6045025e-002
 9.6054301e-002
 9.6028544e-002
 9.6009567e-002
 9.5985591e-002
 9.5975012e-002
 9.5953040e-002
 9.5925510e-002
 9.5918827e-002
 9.5921323e-002
 9.5898040e-002
 9.5878862e-002
 9.5855512e-002
 9.5813826e-002
 9.5773123e-002
 9.5714606e-002
 9.5662713e-002
 9.5652856e-002
 9.5629856e-002
 9.5604911e-002
 9.5585540e-002
 9.5529325e-002
 9.5475107e-002
 9.5394164e-002
 9.5304549e-002
 9.5273092e-002
 9.5267445e-002
 9.5245436e-002
 9.5231593e-002
 9.5223226e-002
 9.5193908e-002
 9.5167145e-002
 9.5137618e-002
 9.5107466e-002
 9.5080115e-002
 9.5037542e-002
 9.4993688e-002
 9.4949931e-002
 9.4843201e-002
 9.4729237e-002
 9.4667166e-002
 9.4605289e-002
 9.4573386e-002
 9.4558828e-002
 9.4488010e-002
 9.4405040e-002
 9.4327688e-002
 9.4241083e-002
 9.4193600e-002
 9.4160713e-002
 9.4122298e-002
 9.4111539e-002
 9.4093680e-002
 9.4076805e-002
 9.4051339e-002
 9.3959078e-002
 9.3869634e-002
 9.3843460e-002
 9.3810834e-002
 9.3776241e-002
 9.3762994e-002
 9.3712494e-002
 9.3658887e-002
 9.3619950e-002
 9.3570083e-002
 9.3537502e-002
 9.3504637e-002
 9.3466945e-002
 9.3433402e-002
 9.3386009e-002
 9.3326695e-002
 9.3269654e-002
 9.3248941e-002
 9.3237549e-002
 9.3187764e-002
 9.3117416e-002
 9.3051337e-002
 9.2996150e-002
 9.2925325e-002
 9.2860885e-002
 9.2776828e-002
 9.2678927e-002
 9.2643611e-002
 9.2638023e-002
 9.2615597e-002
 9.2588849e-002
 9.2551559e-002
 9.2523821e-002
 9.2501715e-002
 9.2468835e-002
 9.2439361e-002
 9.2433855e-002
 9.2425376e-002
 9.2400901e-002
 9.2375845e-002
 9.2336565e-002
 9.2307299e-002
 9.2245445e-002
 9.2147097e-002
 9.2072792e-002
 9.2003241e-002
 9.1924891e-002
 9.1864280e-002
 9.1779940e-002
 9.1692090e-002
 9.1611423e-002
 9.1503158e-002
 9.1417350e-002
 9.1428325e-002
 9.1432169e-002
 9.1409110e-002
 9.1387369e-002
 9.1345310e-002
 9.1309786e-002
 9.1268860e-002
 9.1198258e-002
 9.1121472e-002
 9.1020092e-002
 9.0928502e-002
 9.0874590e-002
 9.0800501e-002
 9.0725146e-002
 9.0667687e-002
 9.0641446e-002
 9.0636335e-002
 9.0594947e-002
 9.0535730e-002
 9.0490490e-002
 9.0432294e-002
 9.0365268e-002
 9.0299860e-002
 9.0238161e-002
 9.0177543e-002
 9.0137482e-002
 9.0082183e-002
 9.0074658e-002
 9.0087980e-002
 9.0029687e-002
 8.9951873e-002
 8.9866631e-002
 8.9764141e-002
 8.9693286e-002
 8.9616045e-002
 8.9523368e-002
 8.9446083e-002
 8.9360394e-002
 8.9300074e-002
 8.9231677e-002
 8.9105219e-002
 8.8989846e-002
 8.8875189e-002
 8.8760637e-002
 8.8702537e-002
 8.8631012e-002
 8.8468075e-002
 8.8307232e-002
 8.8194080e-002
 8.8075638e-002
 8.7957114e-002
 8.7814942e-002
 8.7661721e-002
 8.7524109e-002
 8.7354146e-002
 8.7177910e-002
 8.7028943e-002
 8.6890154e-002
 8.6752079e-002
 8.6585969e-002
 8.6381502e-002
 8.6168222e-002
 8.5943945e-002
 8.5719936e-002
 8.5488722e-002
 8.5195422e-002
 8.4926620e-002
 8.4736466e-002
 8.4539920e-002
 8.4357709e-002
 8.4167473e-002
 8.3989464e-002
 8.3813988e-002
 8.3703786e-002
 8.3595514e-002
 8.3537117e-002
 8.3464898e-002
 8.3376683e-002
 8.3300814e-002
 8.3268762e-002
 8.3254293e-002
 8.3207056e-002
 8.3145820e-002
 8.3193354e-002
 8.3297804e-002
 8.3405517e-002
 8.3524436e-002
 8.3575383e-002
 8.3560430e-002
 8.3542667e-002
 8.3505988e-002
 8.3498582e-002
 8.3521388e-002
 8.3522372e-002
 8.3503023e-002
 8.3480343e-002
 8.3495826e-002
 8.3518296e-002
 8.3469860e-002
 8.3422892e-002
 8.3400205e-002
 8.3374329e-002
 8.3436795e-002
 8.3504982e-002
 8.3357491e-002
 8.3202302e-002
 8.3159409e-002
 8.3122909e-002
 8.3053805e-002
 8.2965642e-002
 8.2819097e-002
 8.2668200e-002
 8.2551859e-002
 8.2461230e-002
 8.2352780e-002
 8.2218640e-002
 8.2117282e-002
 8.2027771e-002
 8.1923842e-002
 8.1824437e-002
 8.1668407e-002
 8.1455395e-002
 8.1250817e-002
 8.1041828e-002
 8.0863811e-002
 8.0738693e-002
 8.0584273e-002
 8.0376834e-002
 8.0169559e-002
 8.0001995e-002
 7.9845197e-002
 7.9669237e-002
 7.9509042e-002
 7.9471916e-002
 7.9426758e-002
 7.9404451e-002
 7.9375118e-002
 7.9227507e-002
 7.9080686e-002
 7.8857392e-002
 7.8623220e-002
 7.8518361e-002
 7.8423224e-002
 7.8366376e-002
 7.8315899e-002
 7.8240812e-002
 7.8158997e-002
 7.8023881e-002
 7.7869430e-002
 7.7782214e-002
 7.7716544e-002
 7.7743433e-002
 7.7808768e-002
 7.7764012e-002
 7.7667154e-002
 7.7541180e-002
 7.7399485e-002
 7.7260613e-002
 7.7124894e-002
 7.7112824e-002
 7.7194899e-002
 7.7263437e-002
 7.7321619e-002
 7.7342011e-002
 7.7324346e-002
 7.7320889e-002
 7.7331290e-002
 7.7375948e-002
 7.7470310e-002
 7.7550352e-002
 7.7605851e-002
 7.7640496e-002
 7.7629805e-002
 7.7629410e-002
 7.7671677e-002
 7.7766404e-002
 7.7978663e-002
 7.8190692e-002
 7.8373775e-002
 7.8514658e-002
 7.8530356e-002
 7.8513250e-002
 7.8393593e-002
 7.8322574e-002
 7.8468680e-002
 7.8603379e-002
 7.8602299e-002
 7.8604259e-002
 7.8702420e-002
 7.8809485e-002
 7.8991383e-002
 7.9182878e-002
 7.9333380e-002
 7.9480991e-002
 7.9402775e-002
 7.9298690e-002
 7.9078257e-002
 7.8858480e-002
 7.8797653e-002
 7.8749761e-002
 7.8764275e-002
 7.8769498e-002
 7.8749456e-002
 7.8726590e-002
 7.8767627e-002
 7.8823261e-002
 7.8703187e-002
 7.8582503e-002
 7.8576826e-002
 7.8560248e-002
 7.8512847e-002
 7.8461073e-002
 7.8358650e-002
 7.8248985e-002
 7.8198686e-002
 7.8200445e-002
 7.8341380e-002
 7.8451261e-002
 7.8452915e-002
 7.8431398e-002
 7.8277551e-002
 7.8129843e-002
 7.8094855e-002
 7.8098275e-002
 7.8070335e-002
 7.8010522e-002
 7.8024887e-002
 7.8047879e-002
 7.8111924e-002
 7.8175023e-002
 7.8037329e-002
 7.7897348e-002
 7.8052580e-002
 7.8252919e-002
 7.8408785e-002
 7.8509308e-002
 7.8409195e-002
 7.8290343e-002
 7.8130044e-002
 7.8007981e-002
 7.7910155e-002
 7.7803418e-002
 7.7885926e-002
 7.7936955e-002
 7.7956997e-002
 7.8051731e-002
 7.8107260e-002
 7.8162007e-002
 7.8148931e-002
 7.8089125e-002
 7.8150511e-002
 7.8195319e-002
 7.8080058e-002
 7.7967137e-002
 7.7813566e-002
 7.7719763e-002
 7.7768929e-002
 7.7720620e-002
 7.7735424e-002
 7.7744648e-002
 7.7592358e-002
 7.7525385e-002
 7.7505611e-002
 7.7529974e-002
 7.7582255e-002
 7.7552266e-002
 7.7310368e-002
 7.7000484e-002
 7.6614015e-002
 7.6222591e-002
 7.6428041e-002
 7.6833814e-002
 7.7110514e-002
 7.7298462e-002
 7.7307440e-002
 7.7228814e-002
 7.6917574e-002
 7.6554671e-002
 7.6458789e-002
 7.6513141e-002
 7.6340437e-002
 7.6113887e-002
 7.5811416e-002
 7.5386770e-002
 7.5201496e-002
 7.5060956e-002
 7.4963197e-002
 7.5007409e-002
 7.5247519e-002
 7.5510390e-002
 7.5722881e-002
 7.5793326e-002
 7.5632088e-002
 7.5335130e-002
 7.5099535e-002
 7.4953757e-002
 7.4379265e-002
 7.3978335e-002
 7.3931269e-002
 7.3983490e-002
 7.4763916e-002
 7.5027868e-002
 7.4713320e-002
 7.4584439e-002
 7.3987797e-002
 7.3672779e-002
 7.3446780e-002
 7.3435254e-002
 7.4441209e-002
 7.4821554e-002
 7.4889481e-002
 7.4940734e-002
 7.4375570e-002
 7.4600086e-002
 7.4803293e-002
 7.4687742e-002
 7.4457467e-002
