splib07b Record=3059: Biotite HS28.3B               BECKa AREF
-1.2300000e+034
-1.2300000e+034
-1.2300000e+034
-1.2300000e+034
-1.2300000e+034
-1.2300000e+034
-1.2300000e+034
-1.2300000e+034
-1.2300000e+034
-1.2300000e+034
-1.2300000e+034
-1.2300000e+034
-1.2300000e+034
-1.2300000e+034
-1.2300000e+034
-1.2300000e+034
-1.2300000e+034
-1.2300000e+034
-1.2300000e+034
-1.2300000e+034
-1.2300000e+034
-1.2300000e+034
-1.2300000e+034
-1.2300000e+034
-1.2300000e+034
-1.2300000e+034
-1.2300000e+034
-1.2300000e+034
-1.2300000e+034
-1.2300000e+034
-1.2300000e+034
-1.2300000e+034
-1.2300000e+034
-1.2300000e+034
-1.2300000e+034
-1.2300000e+034
-1.2300000e+034
-1.2300000e+034
-1.2300000e+034
-1.2300000e+034
-1.2300000e+034
-1.2300000e+034
-1.2300000e+034
-1.2300000e+034
-1.2300000e+034
-1.2300000e+034
-1.2300000e+034
-1.2300000e+034
-1.2300000e+034
-1.2300000e+034
-1.2300000e+034
-1.2300000e+034
-1.2300000e+034
-1.2300000e+034
-1.2300000e+034
-1.2300000e+034
-1.2300000e+034
-1.2300000e+034
-1.2300000e+034
-1.2300000e+034
-1.2300000e+034
-1.2300000e+034
-1.2300000e+034
-1.2300000e+034
-1.2300000e+034
-1.2300000e+034
-1.2300000e+034
-1.2300000e+034
-1.2300000e+034
-1.2300000e+034
-1.2300000e+034
-1.2300000e+034
-1.2300000e+034
-1.2300000e+034
-1.2300000e+034
-1.2300000e+034
-1.2300000e+034
-1.2300000e+034
-1.2300000e+034
-1.2300000e+034
-1.2300000e+034
-1.2300000e+034
-1.2300000e+034
-1.2300000e+034
-1.2300000e+034
-1.2300000e+034
-1.2300000e+034
-1.2300000e+034
-1.2300000e+034
-1.2300000e+034
-1.2300000e+034
-1.2300000e+034
-1.2300000e+034
-1.2300000e+034
-1.2300000e+034
-1.2300000e+034
-1.2300000e+034
-1.2300000e+034
-1.2300000e+034
-1.2300000e+034
-1.2300000e+034
-1.2300000e+034
-1.2300000e+034
-1.2300000e+034
-1.2300000e+034
-1.2300000e+034
-1.2300000e+034
-1.2300000e+034
-1.2300000e+034
-1.2300000e+034
-1.2300000e+034
-1.2300000e+034
-1.2300000e+034
-1.2300000e+034
-1.2300000e+034
-1.2300000e+034
-1.2300000e+034
-1.2300000e+034
-1.2300000e+034
-1.2300000e+034
-1.2300000e+034
-1.2300000e+034
-1.2300000e+034
-1.2300000e+034
-1.2300000e+034
-1.2300000e+034
-1.2300000e+034
-1.2300000e+034
-1.2300000e+034
-1.2300000e+034
-1.2300000e+034
-1.2300000e+034
-1.2300000e+034
-1.2300000e+034
-1.2300000e+034
-1.2300000e+034
-1.2300000e+034
-1.2300000e+034
-1.2300000e+034
-1.2300000e+034
-1.2300000e+034
-1.2300000e+034
-1.2300000e+034
-1.2300000e+034
-1.2300000e+034
-1.2300000e+034
-1.2300000e+034
-1.2300000e+034
-1.2300000e+034
-1.2300000e+034
-1.2300000e+034
-1.2300000e+034
-1.2300000e+034
-1.2300000e+034
-1.2300000e+034
-1.2300000e+034
-1.2300000e+034
-1.2300000e+034
-1.2300000e+034
-1.2300000e+034
-1.2300000e+034
-1.2300000e+034
-1.2300000e+034
-1.2300000e+034
-1.2300000e+034
-1.2300000e+034
-1.2300000e+034
-1.2300000e+034
-1.2300000e+034
-1.2300000e+034
-1.2300000e+034
-1.2300000e+034
-1.2300000e+034
-1.2300000e+034
-1.2300000e+034
 6.9995806e-002
 6.9995806e-002
 7.0297025e-002
 7.0593372e-002
 7.0880570e-002
 7.1154319e-002
 7.1410425e-002
 7.1644604e-002
 7.1852580e-002
 7.2030134e-002
 7.2172992e-002
 7.2276868e-002
 7.2337553e-002
 7.2350770e-002
 7.2312243e-002
 7.2217740e-002
 7.2063006e-002
 7.1847469e-002
 7.1580060e-002
 7.1271263e-002
 7.0931569e-002
 7.0571482e-002
 7.0201419e-002
 6.9831938e-002
 6.9473445e-002
 6.9136441e-002
 6.8831421e-002
 6.8568878e-002
 6.8359256e-002
 6.8213060e-002
 6.8139844e-002
 6.8137616e-002
 6.8196438e-002
 6.8306185e-002
 6.8456799e-002
 6.8638124e-002
 6.8840109e-002
 6.9052622e-002
 6.9265567e-002
 6.9468826e-002
 6.9652326e-002
 6.9805950e-002
 6.9920294e-002
 6.9995143e-002
 7.0036575e-002
 7.0050828e-002
 7.0044138e-002
 7.0022717e-002
 6.9992803e-002
 6.9960639e-002
 6.9932431e-002
 6.9914423e-002
 6.9912843e-002
 6.9933914e-002
 6.9983371e-002
 7.0060536e-002
 7.0160240e-002
 7.0277199e-002
 7.0406154e-002
 7.0541851e-002
 7.0678987e-002
 7.0812315e-002
 7.0936590e-002
 7.1046494e-002
 7.1136788e-002
 7.1202211e-002
 7.1238011e-002
 7.1246468e-002
 7.1234800e-002
 7.1210355e-002
 7.1180455e-002
 7.1152419e-002
 7.1133591e-002
 7.1131296e-002
 7.1152866e-002
 7.1205623e-002
 7.1296908e-002
 7.1434036e-002
 7.1623541e-002
 7.1860984e-002
 7.2134204e-002
 7.2430849e-002
 7.2738513e-002
 7.3044911e-002
 7.3337644e-002
 7.3604338e-002
 7.3832683e-002
 7.4010290e-002
 7.4124821e-002
 7.4163899e-002
 7.4116267e-002
 7.3985189e-002
 7.3784389e-002
 7.3527850e-002
 7.3229544e-002
 7.2903462e-002
 7.2563522e-002
 7.2223738e-002
 7.1898043e-002
 7.1600415e-002
 7.1344830e-002
 7.1145274e-002
 7.1014792e-002
 7.0954174e-002
 7.0955276e-002
 7.1009785e-002
 7.1109340e-002
 7.1245603e-002
 7.1410269e-002
 7.1594954e-002
 7.1791366e-002
 7.1991153e-002
 7.2185986e-002
 7.2367489e-002
 7.2527878e-002
 7.2666168e-002
 7.2786443e-002
 7.2892919e-002
 7.2989792e-002
 7.3081255e-002
 7.3171526e-002
 7.3264800e-002
 7.3365279e-002
 7.3477164e-002
 7.3604651e-002
 7.3751956e-002
 7.3922768e-002
 7.4114144e-002
 7.4318074e-002
 7.4526548e-002
 7.4731469e-002
 7.4924752e-002
 7.5098313e-002
 7.5244144e-002
 7.5354114e-002
 7.5420193e-002
 7.5434275e-002
 7.5388320e-002
 7.5275131e-002
 7.5100116e-002
 7.4878074e-002
 7.4624017e-002
 7.4352942e-002
 7.4079901e-002
 7.3819928e-002
 7.3587991e-002
 7.3399134e-002
 7.3268369e-002
 7.3210701e-002
 7.3241182e-002
 7.3373586e-002
 7.3604383e-002
 7.3916890e-002
 7.4294142e-002
 7.4719213e-002
 7.5175144e-002
 7.5644903e-002
 7.6111622e-002
 7.6558299e-002
 7.6967932e-002
 7.7323645e-002
 7.7608414e-002
 7.7806234e-002
 7.7914752e-002
 7.7942036e-002
 7.7896371e-002
 7.7786051e-002
 7.7619381e-002
 7.7404656e-002
 7.7150203e-002
 7.6864287e-002
 7.6555245e-002
 7.6231316e-002
 7.5900838e-002
 7.5571977e-002
 7.5250946e-002
 7.4942358e-002
 7.4650921e-002
 7.4381210e-002
 7.4137881e-002
 7.3925577e-002
 7.3748961e-002
 7.3612630e-002
 7.3521234e-002
 7.3479407e-002
 7.3491797e-002
 7.3562488e-002
 7.3687412e-002
 7.3856235e-002
 7.4058443e-002
 7.4283481e-002
 7.4520871e-002
 7.4760087e-002
 7.4990578e-002
 7.5201884e-002
 7.5383455e-002
 7.5524762e-002
 7.5615324e-002
 7.5645223e-002
 7.5614244e-002
 7.5529642e-002
 7.5398885e-002
 7.5229473e-002
 7.5028822e-002
 7.4804425e-002
 7.4563771e-002
 7.4314319e-002
 7.4063517e-002
 7.3818862e-002
 7.3587798e-002
 7.3377542e-002
 7.3191077e-002
 7.3028125e-002
 7.2888263e-002
 7.2771139e-002
 7.2676338e-002
 7.2603486e-002
 7.2552189e-002
 7.2522059e-002
 7.2512716e-002
 7.2523758e-002
 7.2554797e-002
 7.2605468e-002
 7.2675437e-002
 7.2764464e-002
 7.2872303e-002
 7.2998680e-002
 7.3143385e-002
 7.3306151e-002
 7.3486730e-002
 7.3684864e-002
 7.3900275e-002
 7.4132755e-002
 7.4382059e-002
 7.4647747e-002
 7.4926317e-002
 7.5211905e-002
 7.5498529e-002
 7.5780287e-002
 7.6051153e-002
 7.6305240e-002
 7.6536566e-002
 7.6739170e-002
 7.6907076e-002
 7.7034369e-002
 7.7115074e-002
 7.7143654e-002
 7.7121310e-002
 7.7054732e-002
 7.6950714e-002
 7.6816060e-002
 7.6657593e-002
 7.6482095e-002
 7.6296411e-002
 7.6107323e-002
 7.5921662e-002
 7.5746253e-002
 7.5587884e-002
 7.5453065e-002
 7.5343415e-002
 7.5256631e-002
 7.5190246e-002
 7.5141817e-002
 7.5108871e-002
 7.5088955e-002
 7.5079635e-002
 7.5078450e-002
 7.5082935e-002
 7.5090654e-002
 7.5099148e-002
 7.5106062e-002
 7.5110584e-002
 7.5113147e-002
 7.5114258e-002
 7.5114414e-002
 7.5114101e-002
 7.5113788e-002
 7.5114004e-002
 7.5115211e-002
 7.5117916e-002
 7.5122610e-002
 7.5129762e-002
 7.5139835e-002
 7.5152338e-002
 7.5166002e-002
 7.5179577e-002
 7.5191796e-002
 7.5201370e-002
 7.5207040e-002
 7.5207531e-002
 7.5201578e-002
 7.5187899e-002
 7.5165227e-002
 7.5133294e-002
 7.5095043e-002
 7.5054094e-002
 7.5014047e-002
 7.4978523e-002
 7.4951135e-002
 7.4935488e-002
 7.4935198e-002
 7.4953876e-002
 7.4993446e-002
 7.5050324e-002
 7.5119801e-002
 7.5197138e-002
 7.5277634e-002
 7.5356580e-002
 7.5429238e-002
 7.5490914e-002
 7.5536869e-002
 7.5563908e-002
 7.5573795e-002
 7.5569309e-002
 7.5553253e-002
 7.5528398e-002
 7.5497553e-002
 7.5463504e-002
 7.5429030e-002
 7.5396933e-002
 7.5369455e-002
 7.5347014e-002
 7.5329669e-002
 7.5317457e-002
 7.5310446e-002
 7.5308651e-002
 7.5312153e-002
-1.2300000e+034
-1.2300000e+034
 7.5354815e-002
 7.5379923e-002
 7.5410552e-002
 7.5446755e-002
 7.5488575e-002
 7.5536057e-002
 7.5589277e-002
-1.2300000e+034
-1.2300000e+034
 7.5783655e-002
 7.5860195e-002
 7.5942703e-002
 7.6031208e-002
 7.6125763e-002
 7.6226413e-002
 7.6333225e-002
-1.2300000e+034
-1.2300000e+034
 7.6691017e-002
 7.6822884e-002
 7.6961145e-002
 7.7105850e-002
 7.7257030e-002
 7.7414759e-002
 7.7579059e-002
 7.7749446e-002
 7.7915780e-002
 7.8059383e-002
 7.8161389e-002
 7.8202866e-002
 7.8164890e-002
 7.8030393e-002
 7.7815972e-002
 7.7567823e-002
 7.7333048e-002
 7.7158824e-002
 7.7092312e-002
 7.7177808e-002
 7.7406295e-002
 7.7721931e-002
 7.8067303e-002
 7.8384899e-002
 7.8617260e-002
 7.8709744e-002
 7.8660317e-002
 7.8513481e-002
 7.8315310e-002
 7.8111924e-002
 7.7949427e-002
 7.7871867e-002
 7.7885024e-002
 7.7960618e-002
 7.8069240e-002
 7.8181423e-002
 7.8267723e-002
 7.8300074e-002
 7.8276351e-002
 7.8217581e-002
 7.8145638e-002
 7.8082345e-002
 7.8049578e-002
 7.8068286e-002
 7.8142688e-002
 7.8261979e-002
 7.8414805e-002
 7.8589849e-002
 7.8775764e-002
 7.8961506e-002
 7.9141743e-002
 7.9316422e-002
 7.9485565e-002
 7.9649277e-002
-1.2300000e+034
-1.2300000e+034
 8.0108352e-002
 8.0250919e-002
 8.0388375e-002
 8.0520794e-002
-1.2300000e+034
-1.2300000e+034
 8.0888450e-002
 8.1001364e-002
 8.1109561e-002
 8.1213132e-002
-1.2300000e+034
-1.2300000e+034
 8.1496693e-002
 8.1582382e-002
 8.1663780e-002
 8.1740938e-002
-1.2300000e+034
-1.2300000e+034
 8.1947722e-002
 8.2008645e-002
 8.2065664e-002
 8.2118869e-002
-1.2300000e+034
-1.2300000e+034
 8.2256205e-002
 8.2294777e-002
 8.2329869e-002
 8.2361542e-002
-1.2300000e+034
-1.2300000e+034
 8.2436755e-002
 8.2455441e-002
 8.2471043e-002
 8.2483642e-002
-1.2300000e+034
-1.2300000e+034
 8.2504041e-002
 8.2505271e-002
 8.2503825e-002
 8.2499780e-002
-1.2300000e+034
-1.2300000e+034
 8.2472689e-002
 8.2458913e-002
 8.2442865e-002
-1.2300000e+034
-1.2300000e+034
 8.2381807e-002
 8.2357377e-002
 8.2331017e-002
 8.2302809e-002
 8.2272805e-002
 8.2241073e-002
 8.2207695e-002
-1.2300000e+034
-1.2300000e+034
 8.2098290e-002
 8.2058974e-002
 8.2018338e-002
 8.1976451e-002
 8.1933379e-002
 8.1889197e-002
 8.1843980e-002
-1.2300000e+034
-1.2300000e+034
 8.1702717e-002
 8.1653990e-002
 8.1604563e-002
 8.1554495e-002
 8.1503861e-002
 8.1452720e-002
 8.1401147e-002
-1.2300000e+034
-1.2300000e+034
 8.1244498e-002
 8.1191860e-002
 8.1139147e-002
 8.1086382e-002
 8.1033669e-002
 8.0981061e-002
 8.0928639e-002
-1.2300000e+034
-1.2300000e+034
 8.0773070e-002
 8.0722019e-002
 8.0671497e-002
 8.0621533e-002
 8.0572240e-002
 8.0523670e-002
 8.0475859e-002
-1.2300000e+034
-1.2300000e+034
 8.0337867e-002
 8.0293894e-002
 8.0251046e-002
 8.0209389e-002
 8.0169000e-002
 8.0129929e-002
 8.0092259e-002
-1.2300000e+034
-1.2300000e+034
 7.9988308e-002
 7.9956904e-002
 7.9927236e-002
 7.9899363e-002
 7.9873376e-002
 7.9849318e-002
 7.9827271e-002
-1.2300000e+034
-1.2300000e+034
 7.9773828e-002
 7.9760484e-002
 7.9749487e-002
 7.9740904e-002
 7.9734787e-002
 7.9731241e-002
 7.9730302e-002
-1.2300000e+034
-1.2300000e+034
 7.9743862e-002
 7.9754062e-002
 7.9767220e-002
 7.9783417e-002
 7.9802692e-002
 7.9825126e-002
 7.9850785e-002
-1.2300000e+034
-1.2300000e+034
 7.9947814e-002
 7.9987064e-002
 8.0029875e-002
 8.0076329e-002
 8.0126487e-002
 8.0180399e-002
 8.0238171e-002
-1.2300000e+034
-1.2300000e+034
 8.0435142e-002
 8.0508925e-002
 8.0586880e-002
 8.0669090e-002
 8.0755614e-002
 8.0846511e-002
 8.0941856e-002
-1.2300000e+034
-1.2300000e+034
 8.1255257e-002
 8.1369080e-002
 8.1487671e-002
 8.1611127e-002
 8.1739500e-002
 8.1872866e-002
 8.2011297e-002
-1.2300000e+034
-1.2300000e+034
 8.2457595e-002
 8.2616910e-002
 8.2781658e-002
 8.2951851e-002
 8.3127581e-002
 8.3308913e-002
-1.2300000e+034
-1.2300000e+034
 8.3887167e-002
 8.4091581e-002
 8.4301934e-002
 8.4518291e-002
 8.4740706e-002
 8.4968060e-002
 8.5192360e-002
 8.5403308e-002
 8.5590601e-002
 8.5743919e-002
 8.5852943e-002
 8.5910499e-002
 8.5926816e-002
 8.5918210e-002
 8.5900970e-002
 8.5891418e-002
 8.5905850e-002
 8.5957415e-002
 8.6041540e-002
 8.6147457e-002
 8.6264424e-002
 8.6381666e-002
 8.6488411e-002
 8.6574666e-002
 8.6634576e-002
 8.6663797e-002
 8.6657971e-002
 8.6612746e-002
 8.6523764e-002
 8.6390078e-002
 8.6230040e-002
 8.6068802e-002
 8.5931510e-002
 8.5843332e-002
 8.5829444e-002
 8.5909262e-002
 8.6069636e-002
 8.6285852e-002
 8.6533241e-002
 8.6787067e-002
 8.7022610e-002
 8.7218374e-002
 8.7371051e-002
 8.7483838e-002
 8.7559991e-002
 8.7602690e-002
 8.7615155e-002
 8.7601461e-002
 8.7570682e-002
 8.7533645e-002
 8.7501220e-002
 8.7484241e-002
 8.7493554e-002
 8.7537631e-002
 8.7611184e-002
 8.7703966e-002
 8.7805726e-002
 8.7906234e-002
 8.7995239e-002
 8.8064343e-002
 8.8116020e-002
 8.8156633e-002
 8.8192567e-002
 8.8230178e-002
 8.8275857e-002
 8.8336252e-002
 8.8419773e-002
 8.8535383e-002
 8.8692114e-002
 8.8898949e-002
 8.9164898e-002
 8.9493960e-002
 8.9861013e-002
 9.0230167e-002
 9.0565570e-002
 9.0831429e-002
 9.0991855e-002
 9.1019139e-002
 9.0933703e-002
 9.0773575e-002
 9.0576857e-002
 9.0381570e-002
 9.0225816e-002
 9.0141699e-002
 9.0126134e-002
 9.0162978e-002
 9.0236135e-002
 9.0329476e-002
 9.0426907e-002
 9.0514332e-002
 9.0589941e-002
 9.0656444e-002
 9.0716556e-002
 9.0772986e-002
 9.0828456e-002
 9.0886049e-002
 9.0951011e-002
 9.1029428e-002
 9.1127373e-002
 9.1250896e-002
 9.1406099e-002
 9.1596693e-002
 9.1812074e-002
 9.2036434e-002
 9.2253834e-002
 9.2448369e-002
 9.2604212e-002
 9.2708632e-002
 9.2768446e-002
 9.2797756e-002
 9.2810713e-002
 9.2821427e-002
 9.2844024e-002
 9.2890806e-002
 9.2962846e-002
 9.3057044e-002
 9.3170263e-002
 9.3299344e-002
 9.3441181e-002
 9.3591556e-002
 9.3739681e-002
 9.3872227e-002
 9.3975924e-002
 9.4037466e-002
 9.4043553e-002
 9.3985878e-002
 9.3886986e-002
 9.3781114e-002
 9.3702532e-002
 9.3685560e-002
 9.3764439e-002
 9.3965292e-002
 9.4263516e-002
 9.4615087e-002
 9.4976053e-002
 9.5302336e-002
 9.5549896e-002
 9.5683180e-002
 9.5718957e-002
 9.5694251e-002
 9.5646054e-002
 9.5611416e-002
 9.5627338e-002
 9.5723584e-002
 9.5884368e-002
 9.6076317e-002
 9.6265979e-002
 9.6420012e-002
 9.6504927e-002
 9.6495174e-002
 9.6414477e-002
 9.6305698e-002
 9.6211672e-002
 9.6175358e-002
 9.6239634e-002
 9.6436970e-002
 9.6734375e-002
 9.7073205e-002
 9.7394705e-002
 9.7640343e-002
 9.7751252e-002
 9.7682297e-002
 9.7473934e-002
 9.7200170e-002
 9.6935108e-002
 9.6752875e-002
 9.6727513e-002
 9.6918277e-002
 9.7289331e-002
 9.7767323e-002
 9.8278746e-002
 9.8750457e-002
 9.9108726e-002
 9.9291936e-002
 9.9312656e-002
 9.9213026e-002
 9.9035203e-002
 9.8821476e-002
 9.8613881e-002
 9.8450124e-002
 9.8337568e-002
 9.8271824e-002
 9.8248385e-002
 9.8262794e-002
 9.8310538e-002
 9.8387748e-002
 9.8494306e-002
 9.8631635e-002
 9.8801151e-002
 9.9004239e-002
 9.9242426e-002
 9.9514313e-002
 9.9801414e-002
 1.0007816e-001
 1.0031894e-001
 1.0049819e-001
 1.0059031e-001
 1.0057619e-001
 1.0047903e-001
 1.0033908e-001
 1.0019667e-001
 1.0009211e-001
 1.0006569e-001
 1.0015099e-001
 1.0033704e-001
 1.0059477e-001
 1.0089508e-001
 1.0120885e-001
 1.0150694e-001
 1.0176367e-001
 1.0197482e-001
 1.0214537e-001
 1.0228015e-001
 1.0238396e-001
 1.0246173e-001
 1.0251812e-001
 1.0255682e-001
 1.0258102e-001
 1.0259397e-001
 1.0259890e-001
 1.0259900e-001
 1.0259718e-001
 1.0259388e-001
 1.0258862e-001
 1.0258087e-001
 1.0257010e-001
 1.0255583e-001
 1.0253891e-001
 1.0252966e-001
 1.0254224e-001
 1.0259085e-001
 1.0268968e-001
 1.0285287e-001
 1.0309023e-001
 1.0338075e-001
 1.0369107e-001
 1.0398760e-001
 1.0423675e-001
 1.0440501e-001
 1.0446451e-001
 1.0442617e-001
 1.0431713e-001
 1.0416447e-001
 1.0399535e-001
 1.0383696e-001
 1.0371528e-001
 1.0364911e-001
 1.0365406e-001
 1.0374577e-001
 1.0393986e-001
 1.0425197e-001
 1.0468958e-001
 1.0520491e-001
 1.0572623e-001
 1.0618231e-001
 1.0650161e-001
 1.0661262e-001
 1.0645895e-001
 1.0608889e-001
 1.0559465e-001
 1.0506883e-001
 1.0460397e-001
 1.0429262e-001
 1.0421376e-001
 1.0435217e-001
 1.0465250e-001
 1.0505945e-001
 1.0551757e-001
 1.0597142e-001
 1.0637072e-001
 1.0670104e-001
 1.0696349e-001
 1.0715891e-001
 1.0728844e-001
 1.0735302e-001
 1.0735644e-001
 1.0732167e-001
 1.0728003e-001
 1.0726278e-001
 1.0730127e-001
 1.0742678e-001
 1.0766285e-001
 1.0797776e-001
 1.0831629e-001
 1.0862274e-001
 1.0884178e-001
 1.0891785e-001
 1.0880609e-001
 1.0853680e-001
 1.0817324e-001
 1.0777842e-001
 1.0741561e-001
 1.0714798e-001
 1.0702937e-001
 1.0704646e-001
 1.0715680e-001
 1.0731772e-001
 1.0748670e-001
 1.0762109e-001
 1.0768379e-001
 1.0767720e-001
 1.0762100e-001
 1.0753492e-001
 1.0743876e-001
 1.0735221e-001
 1.0729273e-001
 1.0726079e-001
 1.0724942e-001
 1.0725167e-001
 1.0726054e-001
 1.0726908e-001
 1.0727227e-001
 1.0727968e-001
 1.0730728e-001
 1.0737104e-001
 1.0748692e-001
 1.0767095e-001
 1.0793615e-001
 1.0827391e-001
 1.0866632e-001
 1.0909495e-001
 1.0954186e-001
 1.0998884e-001
 1.1041644e-001
 1.1079597e-001
 1.1109451e-001
 1.1127931e-001
 1.1131737e-001
 1.1117586e-001
 1.1083248e-001
 1.1034356e-001
 1.0980010e-001
 1.0929395e-001
 1.0891631e-001
 1.0875872e-001
 1.0889649e-001
 1.0928486e-001
 1.0982492e-001
 1.1041791e-001
 1.1096437e-001
 1.1136553e-001
 1.1153667e-001
 1.1150075e-001
 1.1132946e-001
 1.1109469e-001
 1.1086821e-001
 1.1072203e-001
 1.1071785e-001
 1.1084193e-001
 1.1104602e-001
 1.1128193e-001
 1.1150117e-001
 1.1165553e-001
 1.1170392e-001
 1.1166044e-001
 1.1156429e-001
 1.1145484e-001
 1.1137136e-001
 1.1135329e-001
 1.1143359e-001
 1.1159758e-001
 1.1180852e-001
 1.1202978e-001
 1.1222444e-001
 1.1235586e-001
 1.1239418e-001
 1.1236283e-001
 1.1230975e-001
 1.1228295e-001
 1.1233052e-001
 1.1250044e-001
 1.1283055e-001
 1.1327963e-001
 1.1376985e-001
 1.1422358e-001
 1.1456255e-001
 1.1470912e-001
 1.1459921e-001
 1.1427659e-001
 1.1383508e-001
 1.1336888e-001
 1.1297188e-001
 1.1273843e-001
 1.1274809e-001
 1.1296888e-001
 1.1331663e-001
 1.1370686e-001
 1.1405502e-001
 1.1427680e-001
 1.1430053e-001
 1.1415553e-001
 1.1391835e-001
 1.1366582e-001
 1.1347471e-001
 1.1342193e-001
 1.1357211e-001
 1.1389460e-001
 1.1431381e-001
 1.1475386e-001
 1.1513884e-001
 1.1539304e-001
 1.1545066e-001
 1.1532667e-001
 1.1507409e-001
 1.1474624e-001
 1.1439623e-001
 1.1407755e-001
 1.1383845e-001
 1.1368900e-001
 1.1362094e-001
 1.1362589e-001
 1.1369544e-001
 1.1382127e-001
 1.1399422e-001
 1.1419969e-001
 1.1442033e-001
 1.1463881e-001
 1.1483778e-001
 1.1499986e-001
 1.1510975e-001
 1.1516780e-001
 1.1518209e-001
 1.1516067e-001
 1.1511161e-001
 1.1504298e-001
 1.1496275e-001
 1.1487790e-001
 1.1479501e-001
 1.1472064e-001
 1.1466132e-001
 1.1462364e-001
 1.1461318e-001
 1.1462792e-001
 1.1466213e-001
 1.1471005e-001
 1.1476590e-001
 1.1482396e-001
 1.1487915e-001
 1.1493254e-001
 1.1498810e-001
 1.1504983e-001
 1.1512171e-001
 1.1520772e-001
 1.1531097e-001
 1.1542710e-001
 1.1554812e-001
 1.1566602e-001
 1.1577278e-001
 1.1586030e-001
 1.1591777e-001
 1.1593048e-001
 1.1588340e-001
 1.1576148e-001
 1.1555190e-001
 1.1527958e-001
 1.1500098e-001
 1.1477390e-001
 1.1465582e-001
 1.1469437e-001
 1.1485376e-001
 1.1505694e-001
 1.1522651e-001
 1.1528517e-001
 1.1518069e-001
 1.1497318e-001
 1.1475419e-001
 1.1461530e-001
 1.1464789e-001
 1.1489202e-001
 1.1526018e-001
 1.1564521e-001
 1.1593998e-001
 1.1603879e-001
 1.1591015e-001
 1.1562928e-001
 1.1528008e-001
 1.1494607e-001
 1.1470807e-001
 1.1459474e-001
 1.1459001e-001
 1.1467638e-001
 1.1483636e-001
 1.1505082e-001
 1.1528654e-001
 1.1550327e-001
 1.1566064e-001
 1.1571842e-001
 1.1565157e-001
 1.1550508e-001
 1.1534391e-001
 1.1523301e-001
 1.1523727e-001
 1.1538787e-001
 1.1563092e-001
 1.1589887e-001
 1.1612452e-001
 1.1624114e-001
 1.1621861e-001
 1.1608041e-001
 1.1585442e-001
 1.1556833e-001
 1.1525021e-001
 1.1493152e-001
 1.1464670e-001
 1.1443045e-001
 1.1431725e-001
 1.1433543e-001
 1.1445828e-001
 1.1463083e-001
 1.1479789e-001
 1.1490436e-001
 1.1491189e-001
 1.1486091e-001
 1.1481474e-001
 1.1483663e-001
 1.1498983e-001
 1.1529697e-001
 1.1567621e-001
 1.1602850e-001
 1.1625532e-001
 1.1625902e-001
 1.1600883e-001
 1.1557383e-001
 1.1503140e-001
 1.1445845e-001
 1.1393169e-001
 1.1350847e-001
 1.1323005e-001
 1.1313702e-001
 1.1326997e-001
 1.1365776e-001
 1.1422651e-001
 1.1484817e-001
 1.1539429e-001
 1.1573641e-001
 1.1577716e-001
 1.1556678e-001
 1.1519948e-001
 1.1476924e-001
 1.1437018e-001
 1.1409287e-001
 1.1395908e-001
 1.1392920e-001
 1.1396125e-001
 1.1401334e-001
 1.1404353e-001
 1.1401170e-001
 1.1391270e-001
 1.1377268e-001
 1.1361914e-001
 1.1347939e-001
 1.1338084e-001
 1.1334964e-001
 1.1338738e-001
 1.1347345e-001
 1.1358648e-001
 1.1370505e-001
 1.1380778e-001
 1.1387410e-001
 1.1390038e-001
 1.1389828e-001
 1.1388002e-001
 1.1385790e-001
 1.1384411e-001
 1.1385040e-001
 1.1387858e-001
 1.1392128e-001
 1.1397094e-001
 1.1401985e-001
 1.1406040e-001
 1.1408497e-001
 1.1408646e-001
 1.1405824e-001
 1.1399372e-001
 1.1388627e-001
 1.1372931e-001
 1.1351742e-001
 1.1326954e-001
 1.1302704e-001
 1.1283199e-001
 1.1272669e-001
 1.1275323e-001
 1.1295090e-001
 1.1329949e-001
 1.1372418e-001
 1.1414753e-001
 1.1449263e-001
 1.1468226e-001
 1.1464322e-001
 1.1438220e-001
 1.1398036e-001
 1.1352136e-001
 1.1308943e-001
 1.1276820e-001
 1.1263788e-001
 1.1270124e-001
 1.1288871e-001
 1.1312786e-001
 1.1334652e-001
 1.1347219e-001
 1.1343586e-001
 1.1323508e-001
 1.1293007e-001
 1.1258328e-001
 1.1225750e-001
 1.1201517e-001
 1.1191633e-001
 1.1196698e-001
 1.1212219e-001
 1.1233500e-001
 1.1255862e-001
 1.1274599e-001
 1.1285191e-001
 1.1286490e-001
 1.1280555e-001
 1.1269573e-001
 1.1255735e-001
 1.1241221e-001
 1.1228161e-001
 1.1217478e-001
 1.1208943e-001
 1.1202280e-001
 1.1197212e-001
 1.1193469e-001
 1.1190784e-001
 1.1189143e-001
 1.1188765e-001
 1.1189876e-001
 1.1192707e-001
 1.1197485e-001
 1.1204414e-001
 1.1213157e-001
 1.1222861e-001
 1.1232646e-001
 1.1241644e-001
 1.1248974e-001
 1.1253791e-001
 1.1255851e-001
 1.1255497e-001
 1.1253089e-001
 1.1248995e-001
 1.1243577e-001
 1.1237195e-001
 1.1230104e-001
 1.1222459e-001
 1.1214414e-001
 1.1206115e-001
 1.1197720e-001
 1.1189371e-001
 1.1181121e-001
 1.1172932e-001
 1.1164757e-001
 1.1156555e-001
 1.1148276e-001
 1.1139884e-001
 1.1131327e-001
 1.1122561e-001
 1.1113521e-001
 1.1104135e-001
 1.1094341e-001
 1.1084063e-001
 1.1073237e-001
 1.1061791e-001
 1.1049659e-001
 1.1036775e-001
 1.1023166e-001
 1.1009301e-001
 1.0995731e-001
 1.0983016e-001
 1.0971716e-001
 1.0962389e-001
 1.0955595e-001
 1.0951889e-001
 1.0951833e-001
 1.0955758e-001
 1.0963094e-001
 1.0973048e-001
 1.0984836e-001
 1.0997654e-001
 1.1010722e-001
 1.1023242e-001
 1.1034427e-001
 1.1043482e-001
 1.1049838e-001
 1.1053809e-001
 1.1055925e-001
 1.1056723e-001
 1.1056732e-001
 1.1056489e-001
 1.1056521e-001
 1.1057365e-001
 1.1059552e-001
 1.1063442e-001
 1.1068701e-001
 1.1074822e-001
 1.1081292e-001
 1.1087609e-001
 1.1093259e-001
 1.1097736e-001
 1.1100531e-001
 1.1101137e-001
 1.1099140e-001
 1.1094522e-001
 1.1087359e-001
 1.1077734e-001
 1.1065722e-001
 1.1051404e-001
 1.1034860e-001
 1.1016162e-001
 1.0995400e-001
 1.0972746e-001
 1.0948817e-001
 1.0924324e-001
 1.0899986e-001
 1.0876527e-001
 1.0854647e-001
 1.0835081e-001
 1.0818536e-001
 1.0805728e-001
 1.0797211e-001
 1.0792821e-001
 1.0792229e-001
 1.0795097e-001
 1.0801092e-001
 1.0809878e-001
 1.0821120e-001
 1.0834479e-001
 1.0849629e-001
 1.0866164e-001
 1.0883446e-001
 1.0900765e-001
 1.0917401e-001
 1.0932661e-001
 1.0945817e-001
 1.0956170e-001
 1.0963007e-001
 1.0965617e-001
 1.0963521e-001
 1.0957201e-001
 1.0947388e-001
 1.0934822e-001
 1.0920228e-001
 1.0904344e-001
 1.0887900e-001
 1.0871631e-001
 1.0856272e-001
 1.0842565e-001
 1.0831317e-001
 1.0823347e-001
 1.0819475e-001
 1.0820515e-001
 1.0827218e-001
 1.0839064e-001
 1.0854547e-001
 1.0872116e-001
 1.0890226e-001
 1.0907333e-001
 1.0921905e-001
 1.0932703e-001
 1.0938702e-001
 1.0938894e-001
 1.0932268e-001
 1.0917816e-001
 1.0894679e-001
 1.0864745e-001
 1.0832065e-001
 1.0800803e-001
 1.0775082e-001
 1.0759035e-001
 1.0756537e-001
 1.0766976e-001
 1.0786062e-001
 1.0809422e-001
 1.0832649e-001
 1.0851370e-001
 1.0861398e-001
 1.0861856e-001
 1.0854591e-001
 1.0841542e-001
 1.0824633e-001
 1.0805788e-001
 1.0786963e-001
 1.0770340e-001
 1.0758331e-001
 1.0753329e-001
 1.0757747e-001
 1.0773981e-001
 1.0804154e-001
 1.0845415e-001
 1.0890857e-001
 1.0933396e-001
 1.0965996e-001
 1.0981610e-001
 1.0973650e-001
 1.0943663e-001
 1.0899976e-001
 1.0851071e-001
 1.0805496e-001
 1.0771742e-001
 1.0757832e-001
 1.0763549e-001
 1.0781763e-001
 1.0805119e-001
 1.0826289e-001
 1.0837916e-001
 1.0833135e-001
 1.0813025e-001
 1.0785380e-001
 1.0758168e-001
 1.0739396e-001
 1.0737036e-001
 1.0758553e-001
 1.0802203e-001
 1.0858547e-001
 1.0917836e-001
 1.0970396e-001
 1.1006481e-001
 1.1016962e-001
 1.1002341e-001
 1.0971320e-001
 1.0932837e-001
 1.0895877e-001
 1.0869374e-001
 1.0861839e-001
 1.0873996e-001
 1.0899949e-001
 1.0933563e-001
 1.0968745e-001
 1.0999355e-001
 1.1019518e-001
 1.1027307e-001
 1.1024180e-001
 1.1011711e-001
 1.0991477e-001
 1.0965038e-001
 1.0934021e-001
 1.0900626e-001
 1.0867579e-001
 1.0837650e-001
 1.0813573e-001
 1.0798115e-001
 1.0793833e-001
 1.0800020e-001
 1.0813139e-001
 1.0829569e-001
 1.0845672e-001
 1.0857831e-001
 1.0862599e-001
 1.0859941e-001
 1.0852751e-001
 1.0844030e-001
 1.0836770e-001
 1.0833972e-001
 1.0838465e-001
 1.0850151e-001
 1.0866361e-001
 1.0884363e-001
 1.0901397e-001
 1.0914732e-001
 1.0921727e-001
 1.0921855e-001
 1.0916409e-001
 1.0906751e-001
 1.0894233e-001
 1.0880221e-001
 1.0866094e-001
 1.0853654e-001
 1.0845100e-001
 1.0842624e-001
 1.0848430e-001
 1.0864720e-001
 1.0893445e-001
 1.0932213e-001
 1.0974795e-001
 1.1014786e-001
 1.1045837e-001
 1.1061549e-001
 1.1055951e-001
 1.1030401e-001
 1.0992750e-001
 1.0951057e-001
 1.0913428e-001
 1.0887915e-001
 1.0882237e-001
 1.0897047e-001
 1.0926770e-001
 1.0965573e-001
 1.1007676e-001
 1.1047240e-001
 1.1078683e-001
 1.1100278e-001
 1.1113797e-001
 1.1121127e-001
 1.1124152e-001
 1.1124756e-001
 1.1124830e-001
 1.1126257e-001
 1.1130434e-001
 1.1137028e-001
 1.1145328e-001
 1.1154611e-001
 1.1164168e-001
 1.1173280e-001
 1.1181232e-001
 1.1187313e-001
 1.1190803e-001
 1.1191208e-001
 1.1188813e-001
 1.1184073e-001
 1.1177451e-001
 1.1169405e-001
 1.1160389e-001
 1.1150865e-001
 1.1141290e-001
 1.1132126e-001
 1.1123796e-001
 1.1116605e-001
 1.1110840e-001
 1.1106779e-001
 1.1104704e-001
 1.1104897e-001
 1.1107638e-001
 1.1113210e-001
 1.1121898e-001
 1.1133736e-001
 1.1147919e-001
 1.1163422e-001
 1.1179242e-001
 1.1194371e-001
 1.1207788e-001
 1.1218490e-001
 1.1225459e-001
 1.1227685e-001
 1.1224669e-001
 1.1217765e-001
 1.1208750e-001
 1.1199407e-001
 1.1191508e-001
 1.1186840e-001
 1.1187176e-001
 1.1194298e-001
 1.1209978e-001
 1.1235341e-001
 1.1269022e-001
 1.1309136e-001
 1.1353748e-001
 1.1400962e-001
 1.1448889e-001
 1.1495587e-001
 1.1539180e-001
 1.1577729e-001
 1.1609691e-001
 1.1634716e-001
 1.1652782e-001
 1.1663853e-001
 1.1667886e-001
 1.1664847e-001
 1.1654700e-001
 1.1637410e-001
 1.1612928e-001
 1.1581587e-001
 1.1544979e-001
 1.1505052e-001
 1.1463696e-001
 1.1422861e-001
 1.1384453e-001
 1.1350377e-001
 1.1322577e-001
 1.1302957e-001
 1.1292847e-001
 1.1291300e-001
 1.1296856e-001
 1.1308040e-001
 1.1323395e-001
 1.1341440e-001
 1.1360722e-001
 1.1379759e-001
 1.1397091e-001
 1.1411579e-001
 1.1423297e-001
 1.1432628e-001
 1.1439940e-001
 1.1445611e-001
 1.1450012e-001
 1.1453519e-001
 1.1456507e-001
 1.1459348e-001
 1.1462421e-001
 1.1466087e-001
 1.1470554e-001
 1.1475880e-001
 1.1482109e-001
 1.1489294e-001
 1.1497476e-001
 1.1506709e-001
 1.1517037e-001
 1.1528508e-001
 1.1541175e-001
 1.1555079e-001
 1.1570276e-001
 1.1586792e-001
 1.1604437e-001
 1.1622796e-001
 1.1641421e-001
 1.1659894e-001
 1.1677770e-001
 1.1694628e-001
 1.1710025e-001
 1.1723533e-001
 1.1734726e-001
 1.1743163e-001
 1.1748417e-001
 1.1750083e-001
 1.1748409e-001
 1.1744279e-001
 1.1738607e-001
 1.1732298e-001
 1.1726268e-001
 1.1721425e-001
 1.1718681e-001
 1.1718946e-001
 1.1723131e-001
 1.1732145e-001
 1.1746905e-001
 1.1768267e-001
 1.1796094e-001
 1.1829220e-001
 1.1866461e-001
 1.1906638e-001
 1.1948535e-001
 1.1990986e-001
 1.2032769e-001
 1.2072711e-001
 1.2109629e-001
 1.2142307e-001
 1.2169575e-001
 1.2190263e-001
 1.2204104e-001
 1.2211684e-001
 1.2213641e-001
 1.2210602e-001
 1.2203201e-001
 1.2192065e-001
 1.2177832e-001
 1.2152039e-001
 1.2092271e-001
 1.2035553e-001
 1.1991280e-001
 1.1961535e-001
 1.1948066e-001
 1.1952631e-001
 1.1976732e-001
 1.2016182e-001
 1.2061131e-001
 1.2101500e-001
 1.2127198e-001
 1.2128612e-001
 1.2106687e-001
 1.2072767e-001
 1.2038651e-001
 1.2016129e-001
 1.2016553e-001
 1.2041410e-001
 1.2082515e-001
 1.2131289e-001
 1.2179136e-001
 1.2217476e-001
 1.2239891e-001
 1.2248340e-001
 1.2246830e-001
 1.2239368e-001
 1.2229951e-001
 1.2222589e-001
 1.2220492e-001
 1.2223846e-001
 1.2232097e-001
 1.2244701e-001
 1.2261106e-001
 1.2280763e-001
 1.2303124e-001
 1.2327664e-001
 1.2353934e-001
 1.2381513e-001
 1.2409969e-001
 1.2438883e-001
 1.2467821e-001
-1.2300000e+034
-1.2300000e+034
 1.2550560e-001
 1.2575355e-001
 1.2598051e-001
 1.2618220e-001
 1.2635440e-001
 1.2649280e-001
 1.2659317e-001
 1.2665126e-001
 1.2666480e-001
 1.2663917e-001
 1.2658140e-001
 1.2649858e-001
 1.2639783e-001
 1.2628619e-001
 1.2617078e-001
 1.2605865e-001
 1.2595478e-001
 1.2585627e-001
 1.2575845e-001
 1.2565666e-001
 1.2554619e-001
 1.2542236e-001
 1.2528050e-001
 1.2511593e-001
 1.2492395e-001
 1.2469991e-001
 1.2443909e-001
 1.2413684e-001
 1.2379077e-001
 1.2340702e-001
 1.2299347e-001
 1.2255821e-001
 1.2210912e-001
 1.2165427e-001
 1.2120162e-001
 1.2075908e-001
 1.2033474e-001
 1.1993649e-001
 1.1957239e-001
 1.1925035e-001
 1.1897700e-001
 1.1875374e-001
 1.1858096e-001
 1.1845896e-001
 1.1838810e-001
 1.1836868e-001
 1.1840104e-001
 1.1848555e-001
 1.1862250e-001
 1.1881224e-001
 1.1905512e-001
 1.1934841e-001
 1.1967884e-001
 1.2003068e-001
 1.2038834e-001
 1.2073606e-001
 1.2105829e-001
 1.2133925e-001
 1.2156338e-001
 1.2171494e-001
 1.2177834e-001
 1.2174580e-001
 1.2163724e-001
 1.2147844e-001
 1.2129526e-001
 1.2111349e-001
 1.2095901e-001
 1.2085760e-001
 1.2083511e-001
 1.2091739e-001
 1.2113021e-001
 1.2148732e-001
 1.2196080e-001
 1.2251401e-001
 1.2311015e-001
 1.2371260e-001
 1.2428451e-001
 1.2478925e-001
 1.2519015e-001
 1.2545040e-001
 1.2553333e-001
 1.2541708e-001
 1.2512989e-001
 1.2471062e-001
 1.2419798e-001
 1.2363094e-001
 1.2304814e-001
 1.2248855e-001
 1.2199085e-001
 1.2159395e-001
 1.2132497e-001
 1.2117221e-001
 1.2111602e-001
 1.2113664e-001
 1.2121434e-001
 1.2132941e-001
 1.2146211e-001
 1.2159272e-001
 1.2170469e-001
 1.2179190e-001
 1.2185037e-001
 1.2187617e-001
 1.2186529e-001
 1.2181380e-001
 1.2171774e-001
 1.2157312e-001
 1.2138142e-001
 1.2116191e-001
 1.2093738e-001
 1.2073073e-001
 1.2056475e-001
 1.2046234e-001
 1.2044631e-001
 1.2053950e-001
 1.2075467e-001
 1.2107185e-001
 1.2146462e-001
 1.2190638e-001
 1.2237078e-001
 1.2283119e-001
 1.2326122e-001
 1.2364159e-001
 1.2397587e-001
 1.2427231e-001
 1.2453907e-001
 1.2478443e-001
 1.2501651e-001
 1.2523417e-001
 1.2540637e-001
 1.2549625e-001
 1.2546688e-001
 1.2528138e-001
 1.2490287e-001
 1.2432034e-001
 1.2360379e-001
 1.2283947e-001
 1.2211321e-001
 1.2151121e-001
 1.2111939e-001
 1.2099437e-001
 1.2110061e-001
 1.2138478e-001
 1.2179361e-001
 1.2227365e-001
 1.2277170e-001
 1.2324323e-001
 1.2367155e-001
 1.2404510e-001
 1.2435244e-001
 1.2458211e-001
 1.2472260e-001
 1.2477081e-001
 1.2474911e-001
 1.2468486e-001
 1.2460538e-001
 1.2453796e-001
 1.2450991e-001
 1.2454019e-001
 1.2462225e-001
 1.2474473e-001
 1.2489621e-001
 1.2506536e-001
 1.2524082e-001
 1.2541090e-001
 1.2556304e-001
 1.2568440e-001
 1.2576219e-001
 1.2578371e-001
 1.2573615e-001
 1.2561622e-001
 1.2544915e-001
 1.2526536e-001
 1.2509532e-001
 1.2496950e-001
 1.2491839e-001
 1.2496246e-001
 1.2509266e-001
 1.2529445e-001
 1.2555337e-001
 1.2585475e-001
 1.2618282e-001
 1.2650256e-001
 1.2676422e-001
 1.2691762e-001
 1.2691270e-001
 1.2670402e-001
 1.2631549e-001
 1.2582387e-001
 1.2530708e-001
 1.2484298e-001
 1.2450729e-001
 1.2434294e-001
 1.2436826e-001
 1.2460085e-001
 1.2505832e-001
 1.2575270e-001
 1.2661161e-001
 1.2750022e-001
 1.2828204e-001
 1.2882066e-001
 1.2898789e-001
 1.2877859e-001
 1.2827890e-001
 1.2757693e-001
 1.2676135e-001
 1.2592031e-001
 1.2514170e-001
 1.2451315e-001
 1.2412220e-001
 1.2405665e-001
 1.2439245e-001
 1.2504363e-001
 1.2580499e-001
 1.2646802e-001
 1.2682474e-001
 1.2668426e-001
 1.2609577e-001
 1.2528481e-001
 1.2448062e-001
 1.2391248e-001
 1.2379219e-001
 1.2409001e-001
 1.2460002e-001
 1.2511250e-001
 1.2541771e-001
 1.2532216e-001
 1.2485568e-001
 1.2420949e-001
 1.2357846e-001
 1.2315733e-001
 1.2312687e-001
 1.2347400e-001
 1.2404653e-001
 1.2468927e-001
 1.2524706e-001
 1.2557390e-001
 1.2565161e-001
 1.2555291e-001
 1.2535249e-001
 1.2512518e-001
 1.2494183e-001
 1.2482218e-001
 1.2474960e-001
 1.2470679e-001
 1.2467632e-001
 1.2464271e-001
 1.2461505e-001
 1.2461986e-001
 1.2468407e-001
 1.2483450e-001
 1.2509324e-001
 1.2541954e-001
 1.2572816e-001
 1.2593326e-001
 1.2594886e-001
 1.2569796e-001
 1.2522107e-001
 1.2464044e-001
 1.2408000e-001
 1.2366355e-001
 1.2350524e-001
 1.2358992e-001
 1.2381314e-001
 1.2406872e-001
 1.2425044e-001
 1.2426095e-001
 1.2411707e-001
 1.2391421e-001
 1.2374932e-001
 1.2371942e-001
 1.2391171e-001
 1.2429076e-001
 1.2473713e-001
 1.2512943e-001
 1.2534660e-001
 1.2527934e-001
 1.2496722e-001
 1.2455106e-001
 1.2417398e-001
 1.2397873e-001
 1.2409595e-001
 1.2450387e-001
 1.2507717e-001
 1.2568885e-001
 1.2621190e-001
 1.2652683e-001
 1.2660706e-001
 1.2648872e-001
 1.2620917e-001
 1.2580550e-001
 1.2531561e-001
 1.2478211e-001
 1.2425105e-001
 1.2376852e-001
 1.2338056e-001
 1.2313039e-001
 1.2302380e-001
 1.2304201e-001
 1.2316582e-001
 1.2337593e-001
 1.2365236e-001
 1.2396604e-001
 1.2428194e-001
 1.2456469e-001
 1.2477917e-001
 1.2489258e-001
 1.2490039e-001
 1.2481666e-001
 1.2465587e-001
 1.2443238e-001
 1.2416247e-001
 1.2388361e-001
 1.2364745e-001
 1.2350567e-001
 1.2351004e-001
 1.2370606e-001
 1.2406547e-001
 1.2451237e-001
 1.2497007e-001
 1.2536187e-001
 1.2561756e-001
 1.2574211e-001
 1.2578917e-001
 1.2581313e-001
 1.2586839e-001
 1.2600438e-001
 1.2621346e-001
 1.2645139e-001
 1.2667334e-001
 1.2683439e-001
 1.2689352e-001
 1.2685211e-001
 1.2673871e-001
 1.2658229e-001
 1.2641189e-001
 1.2625559e-001
 1.2613192e-001
 1.2605332e-001
 1.2603220e-001
 1.2608092e-001
 1.2621038e-001
 1.2641542e-001
 1.2668057e-001
 1.2699032e-001
 1.2732916e-001
 1.2768032e-001
 1.2801233e-001
 1.2828490e-001
 1.2845755e-001
 1.2848976e-001
 1.2834722e-001
 1.2806396e-001
 1.2771656e-001
 1.2738211e-001
 1.2713778e-001
 1.2705368e-001
 1.2712175e-001
 1.2728573e-001
 1.2748882e-001
 1.2767391e-001
 1.2778932e-001
 1.2783882e-001
 1.2786029e-001
 1.2789220e-001
 1.2797290e-001
 1.2813677e-001
 1.2837417e-001
 1.2864880e-001
 1.2892371e-001
 1.2916221e-001
 1.2933101e-001
 1.2943415e-001
 1.2949830e-001
 1.2955046e-001
 1.2961762e-001
 1.2972409e-001
 1.2986568e-001
 1.3002096e-001
 1.3016833e-001
 1.3028622e-001
 1.3035633e-001
 1.3039593e-001
 1.3044351e-001
 1.3053782e-001
 1.3071775e-001
 1.3101628e-001
 1.3140732e-001
 1.3182947e-001
 1.3222095e-001
 1.3251977e-001
 1.3267115e-001
 1.3269305e-001
 1.3264649e-001
 1.3259295e-001
 1.3259399e-001
 1.3270420e-001
 1.3290666e-001
 1.3314255e-001
 1.3335232e-001
 1.3347660e-001
 1.3346401e-001
 1.3334523e-001
 1.3319889e-001
 1.3310419e-001
 1.3314033e-001
 1.3337699e-001
 1.3378751e-001
 1.3428894e-001
 1.3479793e-001
 1.3523111e-001
 1.3551241e-001
 1.3563909e-001
 1.3565107e-001
 1.3558866e-001
 1.3549216e-001
 1.3540074e-001
 1.3534217e-001
 1.3533758e-001
 1.3540804e-001
 1.3557479e-001
 1.3585338e-001
 1.3620637e-001
 1.3656597e-001
 1.3686413e-001
 1.3703254e-001
 1.3701375e-001
 1.3685402e-001
 1.3665836e-001
 1.3653259e-001
 1.3658227e-001
 1.3689949e-001
 1.3744335e-001
 1.3809784e-001
 1.3874638e-001
 1.3927236e-001
 1.3957086e-001
 1.3964969e-001
 1.3957985e-001
 1.3943303e-001
 1.3928086e-001
 1.3919094e-001
 1.3919200e-001
 1.3929106e-001
 1.3949497e-001
 1.3981061e-001
 1.4024019e-001
 1.4074323e-001
 1.4125559e-001
 1.4171289e-001
 1.4205076e-001
 1.4221285e-001
 1.4222011e-001
 1.4213571e-001
 1.4202321e-001
 1.4194627e-001
 1.4196388e-001
 1.4209209e-001
 1.4232351e-001
 1.4265040e-001
 1.4306521e-001
 1.4355679e-001
 1.4408232e-001
 1.4458181e-001
 1.4499466e-001
 1.4526075e-001
 1.4533019e-001
 1.4524813e-001
 1.4511111e-001
 1.4501613e-001
 1.4506012e-001
 1.4532730e-001
 1.4578427e-001
 1.4633508e-001
 1.4688309e-001
 1.4733174e-001
 1.4759704e-001
 1.4771110e-001
 1.4776747e-001
 1.4786033e-001
 1.4808390e-001
 1.4851794e-001
 1.4911401e-001
 1.4975604e-001
 1.5032730e-001
 1.5071075e-001
 1.5080446e-001
 1.5063749e-001
 1.5030770e-001
 1.4991377e-001
 1.4955418e-001
 1.4931849e-001
 1.4921726e-001
 1.4921981e-001
 1.4929511e-001
 1.4941205e-001
 1.4954478e-001
 1.4971264e-001
 1.4995836e-001
 1.5032494e-001
 1.5085532e-001
 1.5158142e-001
 1.5243615e-001
 1.5330231e-001
 1.5406214e-001
 1.5459783e-001
 1.5480816e-001
 1.5473434e-001
 1.5449074e-001
 1.5419233e-001
 1.5395392e-001
 1.5388060e-001
 1.5399131e-001
 1.5426150e-001
 1.5466629e-001
 1.5518062e-001
 1.5577595e-001
 1.5639262e-001
 1.5695526e-001
 1.5738843e-001
 1.5761645e-001
 1.5758008e-001
 1.5735614e-001
 1.5708984e-001
 1.5692709e-001
 1.5701361e-001
 1.5747197e-001
 1.5823072e-001
 1.5912080e-001
 1.5997292e-001
 1.6061780e-001
 1.6090843e-001
 1.6088434e-001
 1.6067782e-001
 1.6042168e-001
 1.6024876e-001
 1.6027528e-001
 1.6047947e-001
 1.6077174e-001
 1.6106196e-001
 1.6126007e-001
 1.6128926e-001
 1.6118295e-001
 1.6102834e-001
 1.6091299e-001
 1.6092457e-001
 1.6113763e-001
 1.6152145e-001
 1.6199404e-001
 1.6247317e-001
 1.6287625e-001
 1.6313350e-001
 1.6327514e-001
 1.6337997e-001
 1.6352695e-001
 1.6379520e-001
 1.6425064e-001
 1.6485463e-001
 1.6551767e-001
 1.6615038e-001
 1.6666323e-001
 1.6697881e-001
 1.6711521e-001
 1.6713621e-001
 1.6710588e-001
 1.6708831e-001
 1.6714376e-001
 1.6730180e-001
 1.6757765e-001
 1.6798638e-001
 1.6854319e-001
 1.6925471e-001
 1.7006342e-001
 1.7088135e-001
 1.7162052e-001
 1.7219235e-001
 1.7252330e-001
 1.7265114e-001
 1.7266594e-001
 1.7265804e-001
 1.7271787e-001
 1.7292251e-001
 1.7324695e-001
 1.7361869e-001
 1.7396472e-001
 1.7421229e-001
 1.7430115e-001
 1.7426769e-001
 1.7419310e-001
 1.7415860e-001
 1.7424563e-001
 1.7452408e-001
 1.7497741e-001
 1.7554894e-001
 1.7618209e-001
 1.7682016e-001
 1.7741053e-001
 1.7792992e-001
 1.7836903e-001
 1.7871837e-001
 1.7896867e-001
 1.7911559e-001
 1.7919415e-001
 1.7925704e-001
 1.7935698e-001
 1.7954680e-001
 1.7986789e-001
 1.8027762e-001
 1.8069544e-001
 1.8104075e-001
 1.8123265e-001
 1.8120871e-001
 1.8104067e-001
 1.8086037e-001
 1.8080010e-001
 1.8099189e-001
 1.8154386e-001
 1.8238775e-001
 1.8337622e-001
 1.8436208e-001
 1.8519802e-001
 1.8575592e-001
 1.8604730e-001
 1.8614525e-001
 1.8612333e-001
 1.8605502e-001
 1.8600801e-001
 1.8600780e-001
 1.8606137e-001
 1.8617572e-001
 1.8635781e-001
 1.8661313e-001
 1.8693750e-001
 1.8732232e-001
 1.8775909e-001
 1.8823937e-001
 1.8875302e-001
 1.8928070e-001
 1.8979883e-001
 1.9028385e-001
 1.9071193e-001
 1.9106318e-001
 1.9134307e-001
 1.9156806e-001
 1.9175456e-001
 1.9191915e-001
 1.9207817e-001
 1.9224770e-001
 1.9244355e-001
 1.9268148e-001
 1.9297732e-001
 1.9334361e-001
 1.9377017e-001
 1.9423673e-001
 1.9472334e-001
 1.9520989e-001
 1.9567597e-001
 1.9609721e-001
 1.9644819e-001
 1.9670330e-001
 1.9683698e-001
 1.9683158e-001
 1.9672407e-001
 1.9657443e-001
 1.9644257e-001
 1.9638853e-001
 1.9646174e-001
 1.9663973e-001
 1.9687013e-001
 1.9710043e-001
 1.9727802e-001
 1.9736262e-001
 1.9739598e-001
 1.9745392e-001
 1.9761238e-001
 1.9794725e-001
 1.9851755e-001
 1.9926834e-001
 2.0009808e-001
 2.0090447e-001
 2.0158583e-001
 2.0205951e-001
 2.0237139e-001
 2.0261963e-001
 2.0290278e-001
 2.0331936e-001
 2.0394681e-001
 2.0472223e-001
 2.0552613e-001
 2.0623885e-001
 2.0674074e-001
 2.0691368e-001
 2.0673458e-001
 2.0632623e-001
 2.0582373e-001
 2.0536205e-001
 2.0507649e-001
 2.0510046e-001
 2.0547958e-001
 2.0612565e-001
 2.0693880e-001
 2.0781960e-001
 2.0866852e-001
 2.0938687e-001
 2.0992567e-001
 2.1031070e-001
 2.1057427e-001
 2.1074858e-001
 2.1086590e-001
 2.1095823e-001
 2.1105102e-001
 2.1115971e-001
 2.1129891e-001
 2.1148320e-001
 2.1172722e-001
 2.1204522e-001
 2.1243440e-001
 2.1286601e-001
 2.1330954e-001
 2.1373434e-001
 2.1410976e-001
 2.1440569e-001
 2.1461338e-001
 2.1475649e-001
 2.1486108e-001
 2.1495329e-001
 2.1505912e-001
 2.1520473e-001
 2.1541224e-001
 2.1567905e-001
 2.1599281e-001
 2.1634141e-001
 2.1671259e-001
 2.1709415e-001
 2.1747400e-001
 2.1784182e-001
 2.1820059e-001
 2.1855825e-001
 2.1892276e-001
 2.1930183e-001
 2.1970341e-001
 2.2013541e-001
 2.2060284e-001
 2.2109209e-001
 2.2158302e-001
 2.2205535e-001
 2.2248878e-001
 2.2286311e-001
 2.2315791e-001
 2.2335801e-001
 2.2347844e-001
 2.2354566e-001
 2.2358605e-001
 2.2362609e-001
 2.2369216e-001
 2.2381082e-001
 2.2400440e-001
 2.2427151e-001
 2.2460192e-001
 2.2498553e-001
 2.2541185e-001
 2.2587070e-001
 2.2635184e-001
 2.2684501e-001
 2.2733988e-001
 2.2782572e-001
 2.2829212e-001
 2.2872867e-001
 2.2912487e-001
 2.2947009e-001
 2.2975606e-001
 2.2998700e-001
 2.3017177e-001
 2.3031910e-001
 2.3043783e-001
 2.3053679e-001
 2.3062481e-001
 2.3071125e-001
 2.3080912e-001
 2.3093262e-001
 2.3109598e-001
 2.3131354e-001
 2.3159939e-001
 2.3196779e-001
 2.3242827e-001
 2.3296307e-001
 2.3354430e-001
 2.3414446e-001
 2.3473594e-001
 2.3529108e-001
 2.3578233e-001
 2.3618643e-001
 2.3650666e-001
 2.3675537e-001
 2.3694500e-001
 2.3708791e-001
 2.3719649e-001
 2.3728317e-001
 2.3736128e-001
 2.3744926e-001
 2.3756748e-001
 2.3773623e-001
 2.3797588e-001
 2.3830664e-001
 2.3874886e-001
 2.3931497e-001
 2.3997302e-001
 2.4067600e-001
 2.4137628e-001
 2.4202678e-001
 2.4258024e-001
 2.4298950e-001
 2.4321952e-001
 2.4330468e-001
 2.4330282e-001
 2.4327184e-001
 2.4326970e-001
 2.4335428e-001
 2.4358352e-001
 2.4400127e-001
 2.4457498e-001
 2.4524546e-001
 2.4595401e-001
 2.4664164e-001
 2.4724966e-001
 2.4771886e-001
 2.4800290e-001
 2.4812283e-001
 2.4812227e-001
 2.4804498e-001
 2.4793467e-001
 2.4783507e-001
 2.4778992e-001
 2.4784224e-001
 2.4800830e-001
 2.4826984e-001
 2.4860626e-001
 2.4899721e-001
 2.4942188e-001
 2.4985982e-001
 2.5029051e-001
 2.5069383e-001
 2.5106156e-001
 2.5140163e-001
 2.5172284e-001
 2.5203395e-001
 2.5234371e-001
 2.5266090e-001
 2.5299424e-001
 2.5335243e-001
 2.5373983e-001
 2.5415495e-001
 2.5459617e-001
 2.5506175e-001
 2.5555024e-001
 2.5605959e-001
 2.5658834e-001
 2.5713465e-001
 2.5769243e-001
 2.5824991e-001
 2.5879514e-001
 2.5931621e-001
 2.5980112e-001
 2.6023802e-001
 2.6061472e-001
 2.6091975e-001
 2.6115403e-001
 2.6133424e-001
 2.6147789e-001
 2.6160264e-001
 2.6172602e-001
 2.6186574e-001
 2.6203921e-001
 2.6226395e-001
 2.6254863e-001
 2.6289141e-001
 2.6328999e-001
 2.6374167e-001
 2.6424414e-001
 2.6479498e-001
 2.6539174e-001
 2.6603162e-001
 2.6670435e-001
 2.6739025e-001
 2.6806936e-001
 2.6872110e-001
 2.6932546e-001
 2.6986226e-001
 2.7031127e-001
 2.7065289e-001
 2.7088383e-001
 2.7102110e-001
 2.7108297e-001
 2.7108738e-001
 2.7105257e-001
 2.7099669e-001
 2.7093777e-001
 2.7089390e-001
 2.7087918e-001
 2.7090302e-001
 2.7097461e-001
 2.7110308e-001
 2.7129757e-001
 2.7156726e-001
 2.7192134e-001
 2.7236837e-001
 2.7290183e-001
 2.7349630e-001
 2.7412581e-001
 2.7476424e-001
 2.7538553e-001
 2.7596331e-001
 2.7647153e-001
 2.7688488e-001
 2.7720109e-001
 2.7744469e-001
 2.7764204e-001
 2.7781945e-001
 2.7800313e-001
 2.7821943e-001
 2.7849448e-001
 2.7885386e-001
 2.7930090e-001
 2.7981344e-001
 2.8036720e-001
 2.8093857e-001
 2.8150368e-001
 2.8203875e-001
 2.8251973e-001
 2.8292340e-001
 2.8324527e-001
 2.8350195e-001
 2.8371137e-001
 2.8389126e-001
 2.8405964e-001
 2.8423432e-001
 2.8443328e-001
 2.8467381e-001
 2.8496078e-001
 2.8528455e-001
 2.8563482e-001
 2.8600094e-001
 2.8637260e-001
 2.8673941e-001
 2.8709099e-001
 2.8741708e-001
 2.8771448e-001
 2.8798786e-001
 2.8824240e-001
 2.8848317e-001
 2.8871515e-001
 2.8894350e-001
 2.8917333e-001
 2.8940964e-001
 2.8965452e-001
 2.8990686e-001
 2.9016539e-001
 2.9042897e-001
 2.9069620e-001
 2.9096588e-001
 2.9123670e-001
 2.9150745e-001
 2.9177698e-001
 2.9204619e-001
 2.9231831e-001
 2.9259685e-001
 2.9288518e-001
 2.9318669e-001
 2.9350480e-001
 2.9384291e-001
 2.9420450e-001
 2.9459286e-001
 2.9501134e-001
 2.9545912e-001
 2.9593116e-001
 2.9642224e-001
 2.9692689e-001
 2.9743978e-001
 2.9795563e-001
 2.9846928e-001
 2.9897523e-001
 2.9946807e-001
 2.9994273e-001
 3.0039617e-001
 3.0082718e-001
 3.0123502e-001
 3.0161899e-001
 3.0197826e-001
 3.0231202e-001
 3.0261943e-001
 3.0289963e-001
 3.0315191e-001
 3.0337557e-001
 3.0357292e-001
 3.0374953e-001
 3.0391118e-001
 3.0406368e-001
 3.0421269e-001
 3.0436391e-001
 3.0452320e-001
 3.0469629e-001
 3.0488890e-001
 3.0510667e-001
 3.0535370e-001
 3.0563217e-001
 3.0594447e-001
 3.0629256e-001
 3.0667871e-001
 3.0710518e-001
 3.0757427e-001
 3.0808786e-001
 3.0864835e-001
 3.0925757e-001
 3.0991021e-001
 3.1059277e-001
 3.1129184e-001
 3.1199393e-001
 3.1268537e-001
 3.1335288e-001
 3.1398255e-001
 3.1456101e-001
 3.1507465e-001
 3.1551051e-001
 3.1586558e-001
 3.1614771e-001
 3.1636512e-001
 3.1652617e-001
 3.1663901e-001
 3.1671196e-001
 3.1675324e-001
 3.1677115e-001
 3.1677392e-001
 3.1676972e-001
 3.1676584e-001
 3.1676826e-001
 3.1678307e-001
 3.1681633e-001
 3.1687406e-001
 3.1696230e-001
 3.1708717e-001
 3.1725460e-001
 3.1747073e-001
 3.1774125e-001
 3.1806466e-001
 3.1843179e-001
 3.1883341e-001
 3.1926033e-001
 3.1970313e-001
 3.2015261e-001
 3.2059938e-001
 3.2103416e-001
 3.2144767e-001
 3.2183105e-001
 3.2218361e-001
 3.2251284e-001
 3.2282677e-001
 3.2313353e-001
 3.2344079e-001
 3.2375658e-001
 3.2408890e-001
 3.2444566e-001
 3.2483497e-001
 3.2526410e-001
 3.2573166e-001
 3.2622737e-001
 3.2674053e-001
 3.2726023e-001
 3.2777581e-001
 3.2827657e-001
 3.2875192e-001
 3.2919085e-001
 3.2958278e-001
 3.2991749e-001
 3.3019650e-001
 3.3043236e-001
 3.3063823e-001
 3.3082718e-001
 3.3101237e-001
 3.3120698e-001
 3.3142406e-001
 3.3167672e-001
 3.3197808e-001
 3.3234090e-001
 3.3276606e-001
 3.3324394e-001
 3.3376434e-001
 3.3431718e-001
 3.3489197e-001
 3.3547866e-001
 3.3606708e-001
 3.3664700e-001
 3.3720839e-001
 3.3774090e-001
 3.3823875e-001
 3.3869970e-001
 3.3912182e-001
 3.3950290e-001
 3.3984098e-001
 3.4013402e-001
 3.4038010e-001
 3.4057698e-001
 3.4072268e-001
 3.4081575e-001
 3.4086514e-001
 3.4088936e-001
 3.4090751e-001
 3.4093875e-001
 3.4100205e-001
 3.4111646e-001
 3.4130099e-001
 3.4157476e-001
 3.4195670e-001
 3.4246495e-001
 3.4309420e-001
 3.4381831e-001
 3.4461036e-001
 3.4544337e-001
 3.4629047e-001
 3.4712431e-001
 3.4791815e-001
 3.4864497e-001
 3.4927791e-001
 3.4979090e-001
 3.5018259e-001
 3.5047340e-001
 3.5068470e-001
 3.5083762e-001
 3.5095352e-001
 3.5105368e-001
 3.5115942e-001
 3.5129201e-001
 3.5147268e-001
 3.5172170e-001
 3.5203990e-001
 3.5241035e-001
 3.5281545e-001
 3.5323775e-001
 3.5365978e-001
 3.5406408e-001
 3.5443297e-001
 3.5474911e-001
 3.5499483e-001
 3.5515392e-001
 3.5523048e-001
 3.5524714e-001
 3.5522723e-001
 3.5519400e-001
 3.5517067e-001
 3.5518056e-001
 3.5524696e-001
 3.5539305e-001
 3.5564226e-001
 3.5601631e-001
 3.5651290e-001
 3.5710797e-001
 3.5777700e-001
 3.5849500e-001
 3.5923734e-001
 3.5997945e-001
 3.6069655e-001
 3.6136407e-001
 3.6195704e-001
 3.6245230e-001
 3.6285242e-001
 3.6318219e-001
 3.6346719e-001
 3.6373308e-001
 3.6400542e-001
 3.6430991e-001
 3.6467206e-001
 3.6511749e-001
 3.6567181e-001
 3.6635891e-001
 3.6717153e-001
 3.6807489e-001
 3.6903402e-001
 3.7001368e-001
 3.7097886e-001
 3.7189394e-001
 3.7272400e-001
 3.7343365e-001
 3.7398794e-001
 3.7435332e-001
 3.7453094e-001
 3.7455100e-001
 3.7444437e-001
 3.7424222e-001
 3.7397549e-001
 3.7367523e-001
 3.7337252e-001
 3.7309828e-001
 3.7288365e-001
 3.7275848e-001
 3.7273279e-001
 3.7280020e-001
 3.7295356e-001
 3.7318590e-001
 3.7349018e-001
 3.7385947e-001
 3.7428653e-001
 3.7476453e-001
 3.7528631e-001
 3.7584499e-001
 3.7643355e-001
 3.7704465e-001
 3.7767130e-001
 3.7830645e-001
 3.7894306e-001
 3.7957376e-001
 3.8019159e-001
 3.8078955e-001
 3.8136053e-001
 3.8189742e-001
 3.8239607e-001
 3.8285452e-001
 3.8327077e-001
 3.8364303e-001
 3.8396910e-001
 3.8424718e-001
 3.8447529e-001
 3.8465154e-001
 3.8477394e-001
 3.8484111e-001
 3.8486132e-001
 3.8485056e-001
 3.8482505e-001
 3.8480097e-001
 3.8479447e-001
 3.8482186e-001
 3.8489926e-001
 3.8504294e-001
 3.8526902e-001
 3.8559255e-001
 3.8600922e-001
 3.8649902e-001
 3.8704169e-001
 3.8761699e-001
 3.8820478e-001
 3.8878450e-001
 3.8933593e-001
 3.8983887e-001
 3.9027312e-001
 3.9061967e-001
 3.9088282e-001
 3.9108503e-001
 3.9124915e-001
 3.9139816e-001
 3.9155489e-001
 3.9174220e-001
 3.9198306e-001
 3.9230049e-001
 3.9271715e-001
 3.9325410e-001
 3.9390254e-001
 3.9463055e-001
 3.9540508e-001
 3.9619365e-001
 3.9696357e-001
 3.9768216e-001
 3.9831686e-001
 3.9883471e-001
 3.9920315e-001
 3.9939216e-001
 3.9940974e-001
 3.9929366e-001
 3.9908227e-001
 3.9881402e-001
 3.9852718e-001
 3.9826038e-001
 3.9805192e-001
 3.9794022e-001
 3.9796370e-001
 3.9815855e-001
 3.9852726e-001
 3.9904705e-001
 3.9969438e-001
 4.0044600e-001
 4.0127790e-001
 4.0216690e-001
 4.0308940e-001
 4.0402216e-001
 4.0494120e-001
 4.0582386e-001
 4.0665561e-001
 4.0742880e-001
 4.0813506e-001
 4.0876678e-001
 4.0931606e-001
 4.0977508e-001
 4.1013604e-001
 4.1039088e-001
 4.1053188e-001
 4.1055262e-001
 4.1046754e-001
 4.1030660e-001
 4.1010010e-001
 4.0987846e-001
 4.0967178e-001
 4.0951052e-001
 4.0942496e-001
 4.0944543e-001
 4.0960220e-001
 4.0992317e-001
 4.1040024e-001
 4.1099963e-001
 4.1168666e-001
 4.1242704e-001
 4.1318572e-001
 4.1392839e-001
 4.1462037e-001
 4.1522741e-001
 4.1571444e-001
 4.1604963e-001
 4.1623369e-001
 4.1629139e-001
 4.1624799e-001
 4.1612884e-001
 4.1595915e-001
 4.1576430e-001
 4.1556942e-001
 4.1539997e-001
 4.1528112e-001
 4.1523701e-001
 4.1527587e-001
 4.1539454e-001
 4.1558954e-001
 4.1585749e-001
 4.1619506e-001
 4.1659868e-001
 4.1706499e-001
 4.1759059e-001
 4.1817203e-001
 4.1880539e-001
 4.1947615e-001
 4.2016348e-001
 4.2084610e-001
 4.2150292e-001
 4.2211235e-001
 4.2265335e-001
 4.2310461e-001
 4.2344511e-001
 4.2365327e-001
 4.2371058e-001
 4.2363119e-001
 4.2345226e-001
 4.2321134e-001
 4.2294618e-001
 4.2269441e-001
 4.2249361e-001
 4.2238143e-001
 4.2239559e-001
 4.2257360e-001
 4.2294976e-001
 4.2351499e-001
 4.2422986e-001
 4.2505467e-001
 4.2594972e-001
 4.2687517e-001
 4.2779142e-001
 4.2865831e-001
 4.2943630e-001
 4.3008554e-001
 4.3056935e-001
 4.3088844e-001
 4.3106967e-001
 4.3114007e-001
 4.3112680e-001
 4.3105704e-001
 4.3095797e-001
 4.3085662e-001
 4.3078029e-001
 4.3075597e-001
 4.3080902e-001
 4.3094054e-001
 4.3113557e-001
 4.3137887e-001
 4.3165505e-001
 4.3194884e-001
 4.3224502e-001
 4.3252829e-001
 4.3278325e-001
 4.3299466e-001
 4.3314868e-001
 4.3324804e-001
 4.3330672e-001
 4.3333888e-001
 4.3335858e-001
 4.3337998e-001
 4.3341729e-001
 4.3348458e-001
 4.3359604e-001
 4.3376580e-001
 4.3400660e-001
 4.3431377e-001
 4.3467146e-001
 4.3506342e-001
 4.3547377e-001
 4.3588609e-001
 4.3628436e-001
 4.3665245e-001
 4.3697429e-001
 4.3723369e-001
 4.3741626e-001
 4.3752778e-001
 4.3758732e-001
 4.3761399e-001
 4.3762708e-001
 4.3764576e-001
 4.3768927e-001
 4.3777674e-001
 4.3792745e-001
 4.3816060e-001
 4.3849316e-001
 4.3891630e-001
 4.3940425e-001
 4.3993127e-001
 4.4047159e-001
 4.4099939e-001
 4.4148892e-001
 4.4191417e-001
 4.4224942e-001
 4.4246882e-001
 4.4254982e-001
 4.4250619e-001
 4.4237494e-001
 4.4219330e-001
 4.4199863e-001
 4.4182828e-001
 4.4171953e-001
 4.4170964e-001
 4.4183600e-001
 4.4213593e-001
 4.4264179e-001
 4.4333148e-001
 4.4414857e-001
 4.4503641e-001
 4.4593778e-001
 4.4679594e-001
 4.4755408e-001
 4.4815531e-001
 4.4854265e-001
 4.4865924e-001
 4.4845474e-001
 4.4794905e-001
 4.4720575e-001
 4.4628936e-001
 4.4526413e-001
 4.4419420e-001
 4.4314373e-001
 4.4217744e-001
 4.4135946e-001
 4.4075397e-001
 4.4041833e-001
 4.4033518e-001
 4.4044116e-001
 4.4067234e-001
 4.4096488e-001
 4.4125479e-001
 4.4147819e-001
 4.4157106e-001
 4.4146964e-001
 4.4110981e-001
 4.4043413e-001
 4.3945163e-001
 4.3821156e-001
 4.3676338e-001
 4.3515769e-001
 4.3344405e-001
 4.3167219e-001
 4.2989171e-001
 4.2815319e-001
 4.2650610e-001
 4.2499679e-001
 4.2363563e-001
 4.2241102e-001
 4.2131194e-001
 4.2032656e-001
 4.1944331e-001
 4.1865045e-001
 4.1793677e-001
 4.1729057e-001
 4.1670021e-001
 4.1615498e-001
 4.1565409e-001
 4.1520199e-001
 4.1480339e-001
 4.1446292e-001
 4.1418517e-001
 4.1397503e-001
 4.1383702e-001
 4.1377586e-001
 4.1379622e-001
 4.1390237e-001
 4.1409504e-001
 4.1437271e-001
 4.1473407e-001
 4.1517740e-001
 4.1570139e-001
 4.1630453e-001
 4.1698548e-001
 4.1774249e-001
 4.1857421e-001
 4.1947800e-001
 4.2043948e-001
 4.2143780e-001
 4.2245132e-001
 4.2345899e-001
 4.2443973e-001
 4.2537254e-001
 4.2623580e-001
 4.2700845e-001
 4.2766947e-001
 4.2819998e-001
 4.2860344e-001
 4.2889652e-001
 4.2909589e-001
 4.2921823e-001
 4.2928013e-001
 4.2929834e-001
 4.2928943e-001
 4.2927015e-001
 4.2925709e-001
 4.2926544e-001
 4.2929608e-001
 4.2934167e-001
 4.2939490e-001
 4.2944840e-001
 4.2949492e-001
 4.2952701e-001
 4.2953739e-001
 4.2951873e-001
 4.2946362e-001
 4.2936572e-001
 4.2922676e-001
 4.2905307e-001
 4.2885122e-001
 4.2862761e-001
 4.2838868e-001
 4.2814088e-001
 4.2789063e-001
 4.2764449e-001
 4.2740878e-001
 4.2719004e-001
 4.2699426e-001
 4.2682546e-001
 4.2668599e-001
 4.2657825e-001
 4.2650470e-001
 4.2646787e-001
 4.2647007e-001
 4.2651376e-001
 4.2660147e-001
 4.2673555e-001
 4.2691845e-001
 4.2715263e-001
 4.2744055e-001
 4.2778459e-001
 4.2818680e-001
 4.2864490e-001
 4.2915463e-001
 4.2971155e-001
 4.3031114e-001
 4.3094906e-001
 4.3162084e-001
 4.3232229e-001
 4.3304867e-001
 4.3379563e-001
 4.3455890e-001
 4.3533415e-001
 4.3611658e-001
 4.3690205e-001
 4.3768603e-001
 4.3846422e-001
 4.3923229e-001
 4.3998551e-001
 4.4071993e-001
 4.4143432e-001
 4.4212905e-001
 4.4280410e-001
 4.4345972e-001
 4.4409633e-001
 4.4471419e-001
 4.4531336e-001
 4.4589409e-001
 4.4645676e-001
 4.4700149e-001
 4.4752872e-001
 4.4803843e-001
 4.4853097e-001
 4.4900656e-001
 4.4946563e-001
 4.4990811e-001
 4.5033440e-001
 4.5074472e-001
 4.5113942e-001
 4.5151854e-001
 4.5188248e-001
 4.5223144e-001
 4.5256633e-001
 4.5288804e-001
 4.5319772e-001
 4.5349646e-001
 4.5378524e-001
 4.5406523e-001
 4.5433727e-001
 4.5460263e-001
 4.5486221e-001
 4.5511726e-001
 4.5536861e-001
 4.5561740e-001
 4.5586464e-001
 4.5611158e-001
 4.5635900e-001
 4.5660818e-001
 4.5686001e-001
 4.5711562e-001
 4.5737606e-001
 4.5764241e-001
 4.5791566e-001
 4.5819685e-001
 4.5848721e-001
 4.5878762e-001
 4.5909908e-001
 4.5942265e-001
 4.5975819e-001
 4.6010476e-001
 4.6046180e-001
 4.6082851e-001
 4.6120411e-001
 4.6158803e-001
 4.6197933e-001
 4.6237737e-001
 4.6278140e-001
 4.6319079e-001
 4.6360463e-001
 4.6402225e-001
 4.6444285e-001
 4.6486592e-001
 4.6529046e-001
 4.6571589e-001
 4.6614134e-001
 4.6656632e-001
 4.6698990e-001
 4.6741134e-001
 4.6782988e-001
 4.6824485e-001
 4.6865568e-001
 4.6906134e-001
 4.6946123e-001
 4.6985456e-001
 4.7024080e-001
 4.7061890e-001
 4.7098830e-001
 4.7134838e-001
 4.7169897e-001
 4.7204024e-001
 4.7237244e-001
 4.7269580e-001
 4.7301045e-001
 4.7331667e-001
 4.7361454e-001
 4.7390428e-001
 4.7418615e-001
 4.7446036e-001
 4.7472703e-001
 4.7498646e-001
 4.7523865e-001
 4.7548401e-001
 4.7572264e-001
 4.7595477e-001
 4.7618052e-001
 4.7640011e-001
 4.7661382e-001
 4.7682181e-001
 4.7702423e-001
 4.7722131e-001
 4.7741324e-001
 4.7760016e-001
 4.7778240e-001
 4.7796002e-001
 4.7813335e-001
 4.7830248e-001
 4.7846764e-001
 4.7862896e-001
 4.7878671e-001
 4.7894117e-001
 4.7909236e-001
 4.7924057e-001
 4.7938594e-001
 4.7952875e-001
 4.7966903e-001
 4.7980711e-001
 4.7994307e-001
 4.8007718e-001
 4.8020959e-001
 4.8034048e-001
 4.8047012e-001
 4.8059854e-001
 4.8072609e-001
 4.8085284e-001
 4.8097900e-001
 4.8110485e-001
 4.8123047e-001
 4.8135608e-001
 4.8148188e-001
 4.8160803e-001
 4.8173478e-001
 4.8186228e-001
 4.8199069e-001
 4.8212019e-001
 4.8225108e-001
 4.8238337e-001
 4.8251736e-001
 4.8265323e-001
 4.8279119e-001
 4.8293144e-001
 4.8307404e-001
 4.8321921e-001
 4.8336646e-001
 4.8351508e-001
 4.8366433e-001
 4.8381349e-001
 4.8396185e-001
 4.8410878e-001
 4.8425341e-001
 4.8439509e-001
 4.8453310e-001
 4.8466679e-001
 4.8479536e-001
 4.8491809e-001
 4.8503432e-001
 4.8514327e-001
 4.8524424e-001
 4.8533654e-001
 4.8541945e-001
 4.8549223e-001
 4.8555416e-001
 4.8560455e-001
 4.8564267e-001
 4.8566777e-001
 4.8567918e-001
 4.8567614e-001
 4.8565799e-001
 4.8562396e-001
 4.8557332e-001
 4.8550543e-001
 4.8541954e-001
 4.8531491e-001
 4.8519081e-001
 4.8504680e-001
 4.8488423e-001
 4.8470521e-001
 4.8451185e-001
 4.8430625e-001
 4.8409048e-001
 4.8386675e-001
 4.8363706e-001
 4.8340356e-001
 4.8316830e-001
 4.8293352e-001
 4.8270118e-001
 4.8247349e-001
 4.8225245e-001
 4.8204029e-001
 4.8183903e-001
 4.8165083e-001
 4.8147771e-001
 4.8132184e-001
 4.8118532e-001
 4.8107028e-001
 4.8097885e-001
 4.8091298e-001
 4.8087499e-001
 4.8086682e-001
 4.8089060e-001
 4.8094854e-001
 4.8104268e-001
 4.8117507e-001
 4.8134789e-001
 4.8156324e-001
 4.8182318e-001
 4.8212901e-001
 4.8247635e-001
 4.8285872e-001
 4.8326936e-001
 4.8370171e-001
 4.8414925e-001
 4.8460531e-001
 4.8506349e-001
 4.8551688e-001
 4.8595905e-001
 4.8638344e-001
 4.8678350e-001
 4.8715237e-001
 4.8748365e-001
 4.8777074e-001
 4.8800710e-001
 4.8818597e-001
 4.8830086e-001
 4.8834518e-001
 4.8831227e-001
 4.8819554e-001
 4.8798850e-001
 4.8768449e-001
 4.8727688e-001
 4.8675898e-001
 4.8612446e-001
 4.8536652e-001
 4.8447871e-001
 4.8345408e-001
 4.8228651e-001
 4.8096922e-001
 4.7949561e-001
 4.7786015e-001
 4.7606352e-001
 4.7411028e-001
 4.7200373e-001
 4.6974760e-001
 4.6734497e-001
 4.6480072e-001
 4.6211803e-001
 4.5930052e-001
 4.5635128e-001
 4.5327544e-001
 4.5007592e-001
 4.4675651e-001
 4.4332013e-001
 4.3977201e-001
 4.3611503e-001
 4.3235308e-001
 4.2848974e-001
 4.2452782e-001
 4.2047283e-001
 4.1632766e-001
 4.1209596e-001
 4.0778041e-001
 4.0338680e-001
 3.9891779e-001
 3.9437711e-001
 3.8976738e-001
 3.8509446e-001
 3.8036099e-001
 3.7557071e-001
 3.7072730e-001
 3.6583328e-001
 3.6089540e-001
 3.5592103e-001
 3.5092014e-001
 3.4590149e-001
 3.4087756e-001
 3.3585715e-001
 3.3085021e-001
 3.2586563e-001
 3.2091576e-001
 3.1600937e-001
 3.1115657e-001
 3.0636728e-001
 3.0165040e-001
 2.9701826e-001
 2.9247963e-001
 2.8804463e-001
 2.8372213e-001
 2.7952430e-001
 2.7546000e-001
 2.7153933e-001
 2.6777136e-001
 2.6416793e-001
 2.6073810e-001
 2.5749192e-001
 2.5443935e-001
 2.5158972e-001
 2.4895449e-001
 2.4654289e-001
 2.4436493e-001
 2.4243024e-001
 2.4074969e-001
 2.3933281e-001
 2.3818731e-001
 2.3730782e-001
 2.3668489e-001
 2.3630843e-001
 2.3616861e-001
 2.3625560e-001
 2.3655957e-001
 2.3707061e-001
 2.3777887e-001
 2.3867457e-001
 2.3974806e-001
 2.4098906e-001
 2.4238786e-001
 2.4393468e-001
 2.4562012e-001
 2.4743341e-001
 2.4936523e-001
 2.5140566e-001
 2.5354537e-001
 2.5577351e-001
 2.5808075e-001
 2.6045719e-001
 2.6289305e-001
 2.6537904e-001
 2.6790410e-001
 2.7045903e-001
 2.7303395e-001
 2.7561966e-001
 2.7820501e-001
 2.8078088e-001
 2.8333732e-001
 2.8586516e-001
 2.8835389e-001
 2.9079849e-001
 2.9319441e-001
 2.9553705e-001
 2.9782242e-001
 3.0004498e-001
 3.0220068e-001
 3.0428502e-001
 3.0629387e-001
 3.0822179e-001
 3.1006473e-001
 3.1181809e-001
 3.1347781e-001
 3.1503850e-001
 3.1649607e-001
 3.1784594e-001
 3.1908393e-001
 3.2020476e-001
 3.2120439e-001
 3.2207820e-001
 3.2282156e-001
 3.2343024e-001
 3.2389930e-001
 3.2422441e-001
 3.2440102e-001
 3.2442456e-001
 3.2429051e-001
 3.2399431e-001
 3.2353151e-001
 3.2289734e-001
 3.2208753e-001
 3.2109752e-001
 3.1992477e-001
 3.1857762e-001
 3.1706765e-001
 3.1540734e-001
 3.1360832e-001
 3.1168234e-001
 3.0964091e-001
 3.0749679e-001
 3.0526143e-001
 3.0294663e-001
 3.0056372e-001
 2.9812574e-001
 2.9564393e-001
 2.9313025e-001
 2.9059649e-001
 2.8805396e-001
 2.8551570e-001
 2.8299302e-001
 2.8049785e-001
 2.7804133e-001
 2.7563658e-001
 2.7329490e-001
 2.7102816e-001
 2.6884767e-001
 2.6676640e-001
 2.6479563e-001
 2.6294729e-001
 2.6123285e-001
 2.5966495e-001
 2.5825509e-001
 2.5701514e-001
 2.5595692e-001
 2.5508982e-001
 2.5441235e-001
 2.5391871e-001
 2.5360325e-001
 2.5346053e-001
 2.5348496e-001
 2.5367105e-001
 2.5401315e-001
 2.5450590e-001
 2.5514346e-001
 2.5592041e-001
 2.5683120e-001
 2.5787026e-001
 2.5903234e-001
 2.6031134e-001
 2.6170194e-001
 2.6319858e-001
 2.6479620e-001
 2.6648837e-001
 2.6826993e-001
 2.7013537e-001
 2.7207956e-001
 2.7409604e-001
 2.7617976e-001
 2.7832508e-001
 2.8052652e-001
 2.8277901e-001
 2.8507593e-001
 2.8741232e-001
 2.8978258e-001
 2.9218176e-001
 2.9460314e-001
 2.9704189e-001
 2.9949355e-001
 3.0195433e-001
 3.0441886e-001
 3.0688342e-001
 3.0934373e-001
 3.1179547e-001
 3.1423506e-001
 3.1665701e-001
 3.1905749e-001
 3.2143244e-001
 3.2377797e-001
 3.2608876e-001
 3.2836109e-001
 3.3059067e-001
 3.3277372e-001
 3.3490491e-001
 3.3698061e-001
 3.3899635e-001
 3.4094846e-001
 3.4283167e-001
 3.4464222e-001
 3.4637573e-001
 3.4802803e-001
 3.4959513e-001
 3.5107204e-001
 3.5245490e-001
 3.5373938e-001
 3.5492149e-001
 3.5599640e-001
 3.5696009e-001
 3.5780832e-001
 3.5853851e-001
 3.5915458e-001
 3.5966316e-001
 3.6007047e-001
 3.6038294e-001
 3.6060691e-001
 3.6074865e-001
 3.6081454e-001
 3.6081085e-001
 3.6074394e-001
 3.6062026e-001
 3.6044598e-001
 3.6022761e-001
 3.5997128e-001
 3.5968354e-001
 3.5937068e-001
 3.5903892e-001
 3.5869470e-001
 3.5834423e-001
 3.5799405e-001
 3.5765037e-001
 3.5731956e-001
 3.5700792e-001
 3.5672185e-001
 3.5646766e-001
 3.5625166e-001
 3.5608020e-001
 3.5595965e-001
 3.5589632e-001
 3.5589656e-001
 3.5596672e-001
 3.5611311e-001
 3.5634050e-001
 3.5664675e-001
 3.5702789e-001
 3.5748002e-001
 3.5799885e-001
 3.5858056e-001
 3.5922107e-001
 3.5991660e-001
 3.6066288e-001
 3.6145595e-001
 3.6229178e-001
 3.6316672e-001
 3.6407623e-001
 3.6501652e-001
 3.6598364e-001
 3.6697355e-001
 3.6798248e-001
 3.6900595e-001
 3.7004021e-001
 3.7108126e-001
 3.7212533e-001
 3.7316787e-001
 3.7420517e-001
 3.7523323e-001
 3.7624824e-001
 3.7724578e-001
 3.7822205e-001
 3.7917307e-001
 3.8009477e-001
 3.8098341e-001
 3.8183451e-001
 3.8264439e-001
 3.8340980e-001
 3.8413137e-001
 3.8481024e-001
 3.8544801e-001
 3.8604605e-001
 3.8660595e-001
 3.8712880e-001
 3.8761622e-001
 3.8806960e-001
 3.8849047e-001
 3.8888004e-001
 3.8923979e-001
 3.8957122e-001
 3.8987568e-001
 3.9015469e-001
 3.9040950e-001
 3.9064163e-001
 3.9085251e-001
 3.9104357e-001
 3.9121613e-001
 3.9137170e-001
 3.9151165e-001
 3.9163738e-001
 3.9175043e-001
 3.9185205e-001
 3.9194375e-001
 3.9202702e-001
 3.9210314e-001
 3.9217362e-001
 3.9223978e-001
 3.9230317e-001
 3.9236513e-001
