splib07b Record=14095: Palygorskite CM46a Attapulg   BECKb AREF
-1.2300000e+034
-1.2300000e+034
-1.2300000e+034
-1.2300000e+034
-1.2300000e+034
-1.2300000e+034
-1.2300000e+034
-1.2300000e+034
-1.2300000e+034
-1.2300000e+034
-1.2300000e+034
-1.2300000e+034
-1.2300000e+034
-1.2300000e+034
-1.2300000e+034
-1.2300000e+034
-1.2300000e+034
-1.2300000e+034
-1.2300000e+034
-1.2300000e+034
-1.2300000e+034
-1.2300000e+034
-1.2300000e+034
-1.2300000e+034
-1.2300000e+034
-1.2300000e+034
-1.2300000e+034
-1.2300000e+034
-1.2300000e+034
-1.2300000e+034
-1.2300000e+034
-1.2300000e+034
-1.2300000e+034
-1.2300000e+034
-1.2300000e+034
-1.2300000e+034
-1.2300000e+034
-1.2300000e+034
-1.2300000e+034
-1.2300000e+034
-1.2300000e+034
-1.2300000e+034
-1.2300000e+034
-1.2300000e+034
-1.2300000e+034
-1.2300000e+034
-1.2300000e+034
-1.2300000e+034
-1.2300000e+034
-1.2300000e+034
-1.2300000e+034
-1.2300000e+034
-1.2300000e+034
-1.2300000e+034
-1.2300000e+034
-1.2300000e+034
-1.2300000e+034
-1.2300000e+034
-1.2300000e+034
-1.2300000e+034
-1.2300000e+034
-1.2300000e+034
-1.2300000e+034
-1.2300000e+034
-1.2300000e+034
-1.2300000e+034
-1.2300000e+034
-1.2300000e+034
-1.2300000e+034
-1.2300000e+034
-1.2300000e+034
-1.2300000e+034
 7.0860468e-002
 7.0860468e-002
 7.1946383e-002
 7.3021956e-002
 7.4080870e-002
 7.5116999e-002
 7.6124169e-002
 7.7096112e-002
 7.8026712e-002
 7.8909695e-002
 7.9738908e-002
 8.0508180e-002
 8.1211254e-002
 8.1841990e-002
 8.2394183e-002
 8.2861602e-002
 8.3238080e-002
 8.3517432e-002
 8.3693437e-002
 8.3759919e-002
 8.3710670e-002
 8.3539501e-002
 8.3241299e-002
 8.2823016e-002
 8.2299359e-002
 8.1685074e-002
 8.0994949e-002
 8.0243781e-002
 7.9446338e-002
 7.8617379e-002
 7.7771731e-002
 7.6924160e-002
 7.6089382e-002
 7.5282283e-002
 7.4517585e-002
 7.3810034e-002
 7.3174492e-002
 7.2625674e-002
 7.2178416e-002
 7.1847431e-002
 7.1646087e-002
 7.1570672e-002
 7.1606554e-002
 7.1738973e-002
 7.1953140e-002
 7.2234273e-002
 7.2567590e-002
 7.2938293e-002
 7.3331617e-002
 7.3732764e-002
 7.4126959e-002
 7.4499421e-002
 7.4835353e-002
 7.5119972e-002
 7.5338520e-002
 7.5476177e-002
 7.5518183e-002
 7.5449742e-002
 7.5257450e-002
 7.4943893e-002
 7.4522093e-002
 7.4005276e-002
 7.3406622e-002
 7.2739311e-002
 7.2016560e-002
 7.1251638e-002
 7.0457622e-002
 6.9647767e-002
 6.8835355e-002
 6.8033442e-002
 6.7255288e-002
 6.6514179e-002
 6.5823160e-002
 6.5195523e-002
 6.4644493e-002
 6.4178444e-002
 6.3794076e-002
 6.3486263e-002
 6.3249759e-002
 6.3079447e-002
 6.2970154e-002
 6.2916704e-002
 6.2913954e-002
 6.2956706e-002
 6.3039832e-002
 6.3158132e-002
 6.3306458e-002
 6.3479610e-002
 6.3672490e-002
 6.3879862e-002
 6.4097144e-002
 6.4321086e-002
 6.4548612e-002
 6.4776681e-002
 6.5002285e-002
 6.5222330e-002
 6.5433823e-002
 6.5633699e-002
 6.5818921e-002
 6.5986417e-002
 6.6133186e-002
 6.6256158e-002
 6.6352300e-002
 6.6418566e-002
 6.6451922e-002
 6.6452004e-002
 6.6425316e-002
 6.6379450e-002
 6.6322006e-002
 6.6260561e-002
 6.6202708e-002
 6.6156045e-002
 6.6128150e-002
 6.6126630e-002
 6.6159070e-002
 6.6233054e-002
 6.6356182e-002
 6.6536054e-002
 6.6780217e-002
 6.7096308e-002
 6.7486890e-002
 6.7941837e-002
 6.8448827e-002
 6.8995588e-002
 6.9569796e-002
 7.0159286e-002
 7.0751674e-002
 7.1334794e-002
 7.1896307e-002
 7.2423965e-002
 7.2905421e-002
 7.3328517e-002
 7.3680893e-002
 7.3951825e-002
 7.4149534e-002
 7.4295297e-002
 7.4410677e-002
 7.4517250e-002
 7.4636556e-002
 7.4790172e-002
 7.4999645e-002
 7.5286537e-002
 7.5672366e-002
 7.6178759e-002
 7.6827258e-002
 7.7636905e-002
 7.8596018e-002
 7.9671122e-002
 8.0828339e-002
 8.2034059e-002
 8.3254352e-002
 8.4455356e-002
 8.5603453e-002
 8.6664714e-002
 8.7605372e-002
 8.8391535e-002
 8.8989541e-002
 8.9368358e-002
 8.9534581e-002
 8.9520864e-002
 8.9360476e-002
 8.9086704e-002
 8.8732734e-002
 8.8331893e-002
 8.7917358e-002
 8.7522432e-002
 8.7180339e-002
 8.6924382e-002
 8.6787753e-002
 8.6801492e-002
 8.6967021e-002
 8.7264888e-002
 8.7675184e-002
 8.8177949e-002
 8.8753380e-002
 8.9381464e-002
 9.0042405e-002
 9.0716258e-002
 9.1383107e-002
 9.2022993e-002
 9.2616126e-002
 9.3144000e-002
 9.3607381e-002
 9.4020918e-002
 9.4399445e-002
 9.4757780e-002
 9.5110856e-002
 9.5473491e-002
 9.5860526e-002
 9.6286885e-002
 9.6767381e-002
 9.7316891e-002
 9.7950220e-002
 9.8680891e-002
 9.9502645e-002
 1.0039543e-001
 1.0133871e-001
 1.0231200e-001
 1.0329469e-001
 1.0426649e-001
 1.0520673e-001
 1.0609509e-001
 1.0691099e-001
 1.0763394e-001
 1.0824341e-001
 1.0872130e-001
 1.0908105e-001
 1.0935914e-001
 1.0959253e-001
 1.0981819e-001
 1.1007305e-001
 1.1039416e-001
 1.1081839e-001
 1.1138280e-001
 1.1212435e-001
 1.1307999e-001
 1.1428657e-001
 1.1577727e-001
 1.1752912e-001
 1.1947822e-001
 1.2156029e-001
 1.2371053e-001
 1.2586407e-001
 1.2795669e-001
 1.2992351e-001
 1.3169977e-001
 1.3322115e-001
 1.3442279e-001
 1.3524009e-001
 1.3561375e-001
 1.3556036e-001
 1.3515225e-001
 1.3446310e-001
 1.3356665e-001
 1.3253655e-001
 1.3144666e-001
 1.3037047e-001
 1.2938190e-001
 1.2855439e-001
 1.2796181e-001
 1.2767787e-001
 1.2777126e-001
 1.2823984e-001
 1.2902854e-001
 1.3008134e-001
 1.3134189e-001
 1.3275401e-001
 1.3426128e-001
 1.3580780e-001
 1.3733703e-001
 1.3879307e-001
 1.4011949e-001
 1.4126009e-001
 1.4216202e-001
 1.4282264e-001
 1.4327651e-001
 1.4355923e-001
 1.4370643e-001
 1.4375369e-001
 1.4373662e-001
 1.4369078e-001
 1.4365183e-001
 1.4365530e-001
 1.4373682e-001
 1.4393203e-001
 1.4427440e-001
 1.4476711e-001
 1.4539048e-001
 1.4612411e-001
 1.4694774e-001
 1.4784102e-001
 1.4878359e-001
 1.4975505e-001
 1.5073520e-001
 1.5170357e-001
 1.5263997e-001
 1.5352400e-001
 1.5433638e-001
 1.5507330e-001
 1.5574309e-001
 1.5635413e-001
 1.5691501e-001
 1.5743412e-001
 1.5792000e-001
 1.5838109e-001
 1.5882593e-001
 1.5926294e-001
 1.5970068e-001
 1.6014761e-001
 1.6061194e-001
 1.6109757e-001
 1.6160530e-001
 1.6213572e-001
 1.6268942e-001
 1.6326705e-001
 1.6386923e-001
 1.6449653e-001
 1.6514967e-001
 1.6582918e-001
 1.6653566e-001
 1.6726981e-001
 1.6803209e-001
 1.6882022e-001
 1.6962984e-001
 1.7045681e-001
 1.7129661e-001
 1.7214507e-001
 1.7299773e-001
 1.7385033e-001
 1.7469840e-001
 1.7553779e-001
 1.7636397e-001
 1.7717279e-001
 1.7796010e-001
 1.7872569e-001
 1.7947245e-001
 1.8020354e-001
 1.8092181e-001
 1.8163039e-001
 1.8233225e-001
 1.8303038e-001
 1.8372780e-001
 1.8442746e-001
 1.8513237e-001
 1.8584567e-001
 1.8657021e-001
 1.8730778e-001
 1.8805927e-001
 1.8882552e-001
 1.8960740e-001
 1.9040589e-001
 1.9122177e-001
 1.9205593e-001
 1.9290921e-001
 1.9378242e-001
 1.9467647e-001
 1.9559236e-001
 1.9653057e-001
 1.9748673e-001
 1.9845267e-001
 1.9941995e-001
 2.0038041e-001
 2.0132561e-001
 2.0224734e-001
 2.0313722e-001
 2.0398687e-001
 2.0478795e-001
 2.0553228e-001
 2.0621136e-001
 2.0681770e-001
 2.0735468e-001
 2.0783471e-001
 2.0827034e-001
 2.0867434e-001
 2.0905924e-001
 2.0943777e-001
 2.0982254e-001
 2.1022618e-001
 2.1066132e-001
 2.1114057e-001
 2.1167660e-001
 2.1228142e-001
 2.1295513e-001
 2.1368849e-001
 2.1447191e-001
 2.1529567e-001
 2.1615031e-001
 2.1702631e-001
 2.1791406e-001
 2.1880388e-001
 2.1968625e-001
 2.2055149e-001
 2.2139011e-001
 2.2219302e-001
 2.2295761e-001
 2.2368704e-001
 2.2438453e-001
 2.2505322e-001
 2.2569649e-001
 2.2631744e-001
 2.2691943e-001
 2.2750565e-001
 2.2807929e-001
 2.2864357e-001
 2.2920181e-001
 2.2975704e-001
 2.3031034e-001
 2.3086099e-001
 2.3140819e-001
 2.3195115e-001
 2.3248921e-001
 2.3302150e-001
 2.3354737e-001
 2.3406598e-001
 2.3457658e-001
 2.3507841e-001
 2.3557137e-001
 2.3605770e-001
 2.3654012e-001
 2.3702127e-001
 2.3750383e-001
 2.3799044e-001
 2.3848379e-001
 2.3898655e-001
 2.3950145e-001
 2.4003018e-001
 2.4057129e-001
 2.4112268e-001
 2.4168225e-001
 2.4224795e-001
 2.4281779e-001
 2.4338958e-001
 2.4396129e-001
 2.4453080e-001
 2.4509788e-001
 2.4566850e-001
 2.4624972e-001
 2.4684885e-001
 2.4747296e-001
 2.4812925e-001
 2.4882483e-001
 2.4956696e-001
 2.5036269e-001
 2.5121564e-001
 2.5211683e-001
 2.5305483e-001
 2.5401819e-001
 2.5499555e-001
 2.5597537e-001
 2.5694633e-001
 2.5789696e-001
 2.5881582e-001
 2.5969744e-001
 2.6055637e-001
 2.6141158e-001
 2.6228195e-001
 2.6318631e-001
 2.6414344e-001
 2.6517224e-001
 2.6629138e-001
 2.6751986e-001
 2.6886567e-001
 2.7029967e-001
 2.7178508e-001
 2.7328491e-001
 2.7476233e-001
 2.7618057e-001
 2.7750292e-001
 2.7869242e-001
 2.7971223e-001
 2.8054264e-001
 2.8122237e-001
 2.8180271e-001
 2.8233474e-001
 2.8286970e-001
 2.8345859e-001
 2.8415278e-001
 2.8500065e-001
 2.8600356e-001
 2.8712130e-001
 2.8831264e-001
 2.8953594e-001
 2.9074979e-001
 2.9191390e-001
 2.9301181e-001
 2.9404724e-001
 2.9502511e-001
 2.9594997e-001
 2.9682648e-001
 2.9765970e-001
 2.9846191e-001
 2.9925200e-001
 3.0004907e-001
 3.0087197e-001
 3.0173984e-001
 3.0267069e-001
 3.0366611e-001
 3.0471322e-001
 3.0579862e-001
 3.0690876e-001
 3.0803010e-001
 3.0914903e-001
 3.1024864e-001
 3.1130940e-001
 3.1231162e-001
 3.1323540e-001
 3.1406105e-001
 3.1477043e-001
 3.1537637e-001
 3.1591970e-001
 3.1644177e-001
 3.1698433e-001
 3.1758890e-001
 3.1829494e-001
 3.1910244e-001
 3.1997597e-001
 3.2087883e-001
 3.2177436e-001
 3.2262582e-001
 3.2339793e-001
 3.2408386e-001
 3.2470232e-001
 3.2527286e-001
 3.2581511e-001
 3.2634866e-001
 3.2689241e-001
 3.2745162e-001
 3.2801932e-001
 3.2858807e-001
 3.2915050e-001
 3.2969913e-001
 3.3022711e-001
 3.3073756e-001
 3.3124289e-001
 3.3175585e-001
 3.3228934e-001
 3.3285594e-001
 3.3346757e-001
 3.3411905e-001
 3.3478963e-001
 3.3545813e-001
 3.3610326e-001
 3.3670384e-001
 3.3723977e-001
 3.3771777e-001
 3.3816877e-001
 3.3862475e-001
 3.3911741e-001
 3.3967882e-001
 3.4033883e-001
 3.4108973e-001
 3.4188893e-001
 3.4269276e-001
 3.4345734e-001
 3.4413898e-001
 3.4469649e-001
 3.4514266e-001
 3.4554011e-001
 3.4595340e-001
 3.4644693e-001
 3.4708530e-001
 3.4792918e-001
 3.4896377e-001
 3.5010406e-001
 3.5126236e-001
 3.5235104e-001
 3.5328257e-001
 3.5397336e-001
 3.5442436e-001
 3.5471544e-001
 3.5492930e-001
 3.5514894e-001
 3.5545573e-001
 3.5588634e-001
 3.5642281e-001
 3.5704389e-001
 3.5772827e-001
 3.5845470e-001
 3.5920212e-001
 3.5994911e-001
 3.6067453e-001
 3.6135733e-001
 3.6198878e-001
 3.6257479e-001
 3.6312202e-001
 3.6363742e-001
 3.6412770e-001
 3.6459965e-001
 3.6506000e-001
 3.6551568e-001
 3.6597338e-001
 3.6644080e-001
 3.6692643e-001
 3.6743900e-001
 3.6798701e-001
 3.6857915e-001
 3.6922407e-001
 3.6993051e-001
 3.7070692e-001
 3.7156156e-001
 3.7248486e-001
 3.7344527e-001
 3.7441006e-001
 3.7534648e-001
 3.7622163e-001
 3.7700269e-001
 3.7765685e-001
 3.7815127e-001
 3.7845406e-001
 3.7856650e-001
 3.7853110e-001
 3.7839296e-001
 3.7819722e-001
 3.7798908e-001
 3.7781361e-001
 3.7771600e-001
 3.7774134e-001
 3.7793389e-001
 3.7830439e-001
 3.7882158e-001
 3.7945157e-001
 3.8016024e-001
 3.8091385e-001
 3.8167834e-001
 3.8241976e-001
 3.8310418e-001
 3.8369828e-001
 3.8419136e-001
 3.8460129e-001
 3.8494784e-001
 3.8525078e-001
 3.8552973e-001
 3.8580462e-001
 3.8609508e-001
 3.8642088e-001
 3.8680133e-001
 3.8724294e-001
 3.8773522e-001
 3.8826683e-001
 3.8882637e-001
 3.8940251e-001
 3.8998380e-001
 3.9055884e-001
 3.9111629e-001
 3.9164475e-001
 3.9213932e-001
 3.9260271e-001
 3.9303815e-001
 3.9344901e-001
 3.9383850e-001
 3.9420986e-001
 3.9456657e-001
 3.9491162e-001
 3.9524853e-001
 3.9557984e-001
 3.9590746e-001
 3.9623314e-001
 3.9655873e-001
 3.9688608e-001
 3.9721695e-001
 3.9755318e-001
 3.9789662e-001
 3.9824891e-001
 3.9861131e-001
 3.9898384e-001
 3.9936665e-001
 3.9975983e-001
 4.0016338e-001
 4.0057740e-001
 4.0100202e-001
 4.0143728e-001
 4.0188330e-001
 4.0234038e-001
 4.0280914e-001
 4.0329042e-001
 4.0378472e-001
 4.0429276e-001
 4.0481535e-001
 4.0535310e-001
 4.0590668e-001
 4.0647665e-001
 4.0705916e-001
 4.0764460e-001
 4.0822303e-001
 4.0878430e-001
 4.0931839e-001
 4.0981525e-001
 4.1026485e-001
 4.1066158e-001
 4.1102389e-001
 4.1137868e-001
 4.1175291e-001
 4.1217336e-001
 4.1266692e-001
 4.1325188e-001
 4.1389912e-001
 4.1456318e-001
 4.1519848e-001
 4.1575953e-001
 4.1620070e-001
 4.1649187e-001
 4.1668808e-001
 4.1687408e-001
 4.1713476e-001
 4.1755486e-001
 4.1821912e-001
 4.1918844e-001
 4.2038879e-001
 4.2169923e-001
 4.2299891e-001
 4.2416674e-001
 4.2508170e-001
 4.2564696e-001
 4.2590103e-001
 4.2593005e-001
 4.2582023e-001
 4.2565769e-001
 4.2552871e-001
 4.2550948e-001
 4.2562065e-001
 4.2586309e-001
 4.2623782e-001
 4.2674565e-001
 4.2738745e-001
 4.2815661e-001
 4.2900279e-001
 4.2986032e-001
 4.3066370e-001
 4.3134719e-001
 4.3184504e-001
 4.3210652e-001
 4.3216580e-001
 4.3208721e-001
 4.3193522e-001
 4.3177417e-001
 4.3166861e-001
 4.3167654e-001
 4.3181956e-001
 4.3210614e-001
 4.3254480e-001
 4.3314409e-001
 4.3391249e-001
 4.3484655e-001
 4.3587482e-001
 4.3690097e-001
 4.3782866e-001
 4.3856162e-001
 4.3900365e-001
 4.3908402e-001
 4.3888175e-001
 4.3852958e-001
 4.3816045e-001
 4.3790710e-001
 4.3790257e-001
 4.3825012e-001
 4.3888092e-001
 4.3966344e-001
 4.4046605e-001
 4.4115731e-001
 4.4160563e-001
 4.4170934e-001
 4.4154283e-001
 4.4124469e-001
 4.4095367e-001
 4.4080827e-001
 4.4094723e-001
 4.4147694e-001
 4.4231361e-001
 4.4330373e-001
 4.4429350e-001
 4.4512951e-001
 4.4565806e-001
 4.4575799e-001
 4.4550216e-001
 4.4503441e-001
 4.4449905e-001
 4.4404012e-001
 4.4380167e-001
 4.4390082e-001
 4.4429281e-001
 4.4487318e-001
 4.4553733e-001
 4.4618043e-001
 4.4669813e-001
 4.4700432e-001
 4.4712505e-001
 4.4712788e-001
 4.4708049e-001
 4.4705063e-001
 4.4710594e-001
 4.4730249e-001
 4.4762594e-001
 4.4803590e-001
 4.4849181e-001
 4.4895315e-001
 4.4937944e-001
 4.4973552e-001
 4.5001933e-001
 4.5024100e-001
 4.5041087e-001
 4.5053917e-001
 4.5063618e-001
 4.5071283e-001
 4.5078459e-001
 4.5086855e-001
 4.5098186e-001
 4.5114154e-001
 4.5136482e-001
 4.5166448e-001
 4.5202681e-001
 4.5242816e-001
 4.5284495e-001
 4.5325348e-001
 4.5363003e-001
 4.5395449e-001
 4.5422831e-001
 4.5446098e-001
 4.5466229e-001
 4.5484176e-001
 4.5500913e-001
 4.5517224e-001
 4.5532823e-001
 4.5546991e-001
 4.5559031e-001
 4.5568234e-001
 4.5573896e-001
 4.5575720e-001
 4.5576009e-001
 4.5578042e-001
 4.5585135e-001
 4.5600578e-001
 4.5627657e-001
 4.5668864e-001
 4.5721617e-001
 4.5781380e-001
 4.5843586e-001
 4.5903736e-001
 4.5957232e-001
 4.6000183e-001
 4.6032572e-001
 4.6055898e-001
 4.6071687e-001
 4.6081433e-001
 4.6086657e-001
 4.6088886e-001
 4.6089798e-001
 4.6091112e-001
 4.6094573e-001
 4.6101889e-001
 4.6114793e-001
 4.6134731e-001
 4.6161261e-001
 4.6193227e-001
 4.6229467e-001
 4.6268818e-001
 4.6310121e-001
 4.6352246e-001
 4.6394330e-001
 4.6435601e-001
 4.6475267e-001
 4.6512598e-001
 4.6546787e-001
 4.6577227e-001
 4.6604228e-001
 4.6628490e-001
 4.6650705e-001
 4.6671563e-001
 4.6691772e-001
 4.6712020e-001
 4.6733102e-001
 4.6755835e-001
 4.6781024e-001
 4.6809500e-001
 4.6842059e-001
 4.6879303e-001
 4.6920347e-001
 4.6963742e-001
 4.7008014e-001
 4.7051689e-001
 4.7093338e-001
 4.7131607e-001
 4.7166160e-001
 4.7197038e-001
 4.7224271e-001
 4.7247893e-001
 4.7267938e-001
 4.7284651e-001
 4.7299567e-001
 4.7314778e-001
 4.7332352e-001
 4.7354367e-001
 4.7382915e-001
 4.7419631e-001
 4.7463387e-001
 4.7511908e-001
 4.7562915e-001
 4.7614127e-001
 4.7663262e-001
 4.7708330e-001
 4.7749066e-001
 4.7785974e-001
 4.7819534e-001
 4.7850218e-001
 4.7878537e-001
 4.7904998e-001
 4.7930437e-001
 4.7955790e-001
 4.7982004e-001
 4.8010027e-001
 4.8040786e-001
 4.8075125e-001
 4.8113051e-001
 4.8154271e-001
 4.8198470e-001
 4.8245347e-001
 4.8294610e-001
 4.8345926e-001
 4.8399058e-001
 4.8453712e-001
 4.8509648e-001
 4.8566613e-001
 4.8624313e-001
 4.8682314e-001
 4.8738569e-001
 4.8790500e-001
 4.8835465e-001
 4.8870844e-001
 4.8894012e-001
 4.8903364e-001
 4.8904213e-001
 4.8904747e-001
 4.8913172e-001
 4.8937687e-001
 4.8986480e-001
 4.9065784e-001
 4.9167904e-001
 4.9279475e-001
 4.9387056e-001
 4.9477199e-001
 4.9536476e-001
 4.9553955e-001
 4.9535984e-001
 4.9496177e-001
 4.9448135e-001
 4.9405509e-001
 4.9381924e-001
 4.9388921e-001
 4.9423632e-001
 4.9477106e-001
 4.9540362e-001
 4.9604395e-001
 4.9660239e-001
 4.9700224e-001
 4.9725941e-001
 4.9742860e-001
 4.9756512e-001
 4.9772394e-001
 4.9796018e-001
 4.9831906e-001
 4.9877679e-001
 4.9928027e-001
 4.9977592e-001
 5.0021064e-001
 5.0053096e-001
 5.0069243e-001
 5.0071329e-001
 5.0063831e-001
 5.0051266e-001
 5.0038147e-001
 5.0028968e-001
 5.0027776e-001
 5.0035191e-001
 5.0050414e-001
 5.0072610e-001
 5.0100958e-001
 5.0134635e-001
 5.0172752e-001
 5.0213969e-001
 5.0256741e-001
 5.0299525e-001
 5.0340796e-001
 5.0378990e-001
 5.0412697e-001
 5.0441265e-001
 5.0464410e-001
 5.0481844e-001
 5.0493276e-001
 5.0498420e-001
 5.0497341e-001
 5.0492716e-001
 5.0488353e-001
 5.0488049e-001
 5.0495619e-001
 5.0514877e-001
 5.0548810e-001
 5.0594318e-001
 5.0645733e-001
 5.0697273e-001
 5.0743240e-001
 5.0777900e-001
 5.0796485e-001
 5.0801307e-001
 5.0797772e-001
 5.0791305e-001
 5.0787354e-001
 5.0791323e-001
 5.0807929e-001
 5.0836569e-001
 5.0874305e-001
 5.0918126e-001
 5.0965118e-001
 5.1012290e-001
 5.1056838e-001
 5.1097119e-001
 5.1132005e-001
 5.1160377e-001
 5.1181108e-001
 5.1193076e-001
 5.1195568e-001
 5.1190919e-001
 5.1182818e-001
 5.1174980e-001
 5.1171094e-001
 5.1174873e-001
 5.1189399e-001
 5.1213288e-001
 5.1243132e-001
 5.1275522e-001
 5.1306993e-001
 5.1334149e-001
 5.1354039e-001
 5.1367199e-001
 5.1375782e-001
 5.1381922e-001
 5.1387763e-001
 5.1395452e-001
 5.1406777e-001
 5.1421058e-001
 5.1436406e-001
 5.1450986e-001
 5.1462924e-001
 5.1470351e-001
 5.1471782e-001
 5.1468557e-001
 5.1463306e-001
 5.1458657e-001
 5.1457238e-001
 5.1461679e-001
 5.1474106e-001
 5.1492709e-001
 5.1513904e-001
 5.1534081e-001
 5.1549613e-001
 5.1556939e-001
 5.1553106e-001
 5.1540297e-001
 5.1523113e-001
 5.1506108e-001
 5.1493871e-001
 5.1490980e-001
 5.1501197e-001
 5.1521987e-001
 5.1547903e-001
 5.1573527e-001
 5.1593363e-001
 5.1602000e-001
 5.1595056e-001
 5.1576620e-001
 5.1554728e-001
 5.1537400e-001
 5.1532692e-001
 5.1548636e-001
 5.1591635e-001
 5.1655370e-001
 5.1727545e-001
 5.1795882e-001
 5.1848042e-001
 5.1871747e-001
 5.1856881e-001
 5.1810431e-001
 5.1747423e-001
 5.1682937e-001
 5.1632005e-001
 5.1609731e-001
 5.1628733e-001
 5.1682442e-001
 5.1755255e-001
 5.1831537e-001
 5.1895601e-001
 5.1931840e-001
 5.1926899e-001
 5.1885819e-001
 5.1822335e-001
 5.1750237e-001
 5.1683271e-001
 5.1635271e-001
 5.1618177e-001
 5.1629674e-001
 5.1660621e-001
 5.1701832e-001
 5.1744121e-001
 5.1778334e-001
 5.1796395e-001
 5.1799333e-001
 5.1792508e-001
 5.1781297e-001
 5.1771080e-001
 5.1767230e-001
 5.1774371e-001
 5.1791012e-001
 5.1812738e-001
 5.1835114e-001
 5.1853693e-001
 5.1864052e-001
 5.1862353e-001
 5.1849848e-001
 5.1830214e-001
 5.1807135e-001
 5.1784289e-001
 5.1765382e-001
 5.1753628e-001
 5.1748484e-001
 5.1747572e-001
 5.1748502e-001
 5.1748878e-001
 5.1746327e-001
 5.1738834e-001
 5.1727468e-001
 5.1714784e-001
 5.1703382e-001
 5.1695824e-001
 5.1694697e-001
 5.1702350e-001
 5.1719135e-001
 5.1744503e-001
 5.1777840e-001
 5.1818579e-001
 5.1866060e-001
 5.1916450e-001
 5.1961493e-001
 5.1992524e-001
 5.2000916e-001
 5.1978689e-001
 5.1929152e-001
 5.1865059e-001
 5.1799536e-001
 5.1745641e-001
 5.1714921e-001
 5.1705861e-001
 5.1710534e-001
 5.1720935e-001
 5.1729095e-001
 5.1728839e-001
 5.1722199e-001
 5.1713455e-001
 5.1706928e-001
 5.1706898e-001
 5.1715130e-001
 5.1727074e-001
 5.1737183e-001
 5.1739961e-001
 5.1729947e-001
 5.1706356e-001
 5.1675040e-001
 5.1642394e-001
 5.1614797e-001
 5.1598364e-001
 5.1594341e-001
 5.1599777e-001
 5.1611608e-001
 5.1626748e-001
 5.1642376e-001
 5.1657712e-001
 5.1673055e-001
 5.1688671e-001
 5.1704842e-001
 5.1721537e-001
 5.1737177e-001
 5.1749796e-001
 5.1757395e-001
 5.1757997e-001
 5.1751083e-001
 5.1739848e-001
 5.1728082e-001
 5.1719564e-001
 5.1718009e-001
 5.1723838e-001
 5.1732606e-001
 5.1739490e-001
 5.1739663e-001
 5.1728618e-001
 5.1707667e-001
 5.1683211e-001
 5.1661825e-001
 5.1650077e-001
 5.1653558e-001
 5.1669282e-001
 5.1689845e-001
 5.1707834e-001
 5.1715827e-001
 5.1708698e-001
 5.1692045e-001
 5.1674598e-001
 5.1665086e-001
 5.1672238e-001
 5.1699519e-001
 5.1736969e-001
 5.1772392e-001
 5.1793641e-001
 5.1788747e-001
 5.1755589e-001
 5.1706851e-001
 5.1656395e-001
 5.1618087e-001
 5.1605117e-001
 5.1617622e-001
 5.1644135e-001
 5.1672786e-001
 5.1691741e-001
 5.1690608e-001
 5.1672357e-001
 5.1646906e-001
 5.1624244e-001
 5.1614344e-001
 5.1624620e-001
 5.1650196e-001
 5.1682526e-001
 5.1713109e-001
 5.1733410e-001
 5.1735324e-001
 5.1718700e-001
 5.1690531e-001
 5.1658064e-001
 5.1628560e-001
 5.1609242e-001
 5.1607031e-001
 5.1622230e-001
 5.1649213e-001
 5.1682115e-001
 5.1715100e-001
 5.1742309e-001
 5.1758111e-001
 5.1761055e-001
 5.1753479e-001
 5.1737833e-001
 5.1716614e-001
 5.1692283e-001
 5.1667321e-001
 5.1644439e-001
 5.1626527e-001
 5.1616502e-001
 5.1617283e-001
 5.1631767e-001
 5.1662588e-001
 5.1706934e-001
 5.1757014e-001
 5.1804864e-001
 5.1842487e-001
 5.1861930e-001
 5.1855636e-001
 5.1824540e-001
 5.1777315e-001
 5.1723003e-001
 5.1670575e-001
 5.1629019e-001
 5.1606995e-001
 5.1605892e-001
 5.1620442e-001
 5.1645148e-001
 5.1674479e-001
 5.1702940e-001
 5.1725167e-001
 5.1739001e-001
 5.1745272e-001
 5.1744872e-001
 5.1738739e-001
 5.1727796e-001
 5.1712978e-001
 5.1695740e-001
 5.1678032e-001
 5.1661772e-001
 5.1648945e-001
 5.1641458e-001
 5.1641196e-001
 5.1648051e-001
 5.1660115e-001
 5.1675397e-001
 5.1691914e-001
 5.1707679e-001
 5.1720762e-001
 5.1730317e-001
 5.1736504e-001
 5.1739526e-001
 5.1739597e-001
 5.1736903e-001
 5.1731700e-001
 5.1724869e-001
 5.1717955e-001
 5.1712483e-001
 5.1710004e-001
 5.1712066e-001
 5.1720130e-001
 5.1733613e-001
 5.1750016e-001
 5.1766789e-001
 5.1781350e-001
 5.1791161e-001
 5.1793754e-001
 5.1789355e-001
 5.1780683e-001
 5.1770592e-001
 5.1761889e-001
 5.1757407e-001
 5.1759881e-001
 5.1769567e-001
 5.1784390e-001
 5.1802182e-001
 5.1820773e-001
 5.1837999e-001
 5.1851755e-001
 5.1861501e-001
 5.1868135e-001
 5.1872659e-001
 5.1876038e-001
 5.1879269e-001
 5.1883268e-001
 5.1887798e-001
 5.1891506e-001
 5.1892960e-001
 5.1890773e-001
 5.1883531e-001
 5.1869929e-001
 5.1851010e-001
 5.1830077e-001
 5.1810545e-001
 5.1795781e-001
 5.1789212e-001
 5.1794094e-001
 5.1810539e-001
 5.1835668e-001
 5.1866436e-001
 5.1899809e-001
 5.1932776e-001
 5.1962292e-001
 5.1985323e-001
 5.1999611e-001
 5.2005798e-001
 5.2005243e-001
 5.1999342e-001
 5.1989436e-001
 5.1976913e-001
 5.1963133e-001
 5.1949471e-001
 5.1937294e-001
 5.1927680e-001
 5.1920599e-001
 5.1915759e-001
 5.1912838e-001
 5.1911521e-001
 5.1911527e-001
 5.1912540e-001
 5.1914239e-001
 5.1916331e-001
 5.1918632e-001
 5.1921445e-001
 5.1925170e-001
 5.1930249e-001
 5.1937085e-001
 5.1946110e-001
 5.1957732e-001
 5.1972377e-001
 5.1990467e-001
 5.2012140e-001
 5.2036554e-001
 5.2062535e-001
 5.2088976e-001
 5.2114719e-001
 5.2138638e-001
 5.2159595e-001
 5.2176452e-001
 5.2188069e-001
 5.2193701e-001
 5.2194136e-001
 5.2190572e-001
 5.2184170e-001
 5.2176142e-001
 5.2167654e-001
 5.2159894e-001
 5.2154052e-001
 5.2151310e-001
 5.2152503e-001
 5.2157098e-001
 5.2164221e-001
 5.2172959e-001
 5.2182436e-001
 5.2191776e-001
 5.2200079e-001
 5.2206451e-001
 5.2210015e-001
 5.2210164e-001
 5.2207428e-001
 5.2202648e-001
 5.2196646e-001
 5.2190262e-001
 5.2184314e-001
 5.2179635e-001
 5.2177072e-001
 5.2177435e-001
 5.2181369e-001
 5.2188736e-001
 5.2199185e-001
 5.2212381e-001
 5.2227968e-001
 5.2245605e-001
 5.2264953e-001
 5.2285653e-001
 5.2307373e-001
 5.2329713e-001
 5.2352029e-001
 5.2373654e-001
 5.2393878e-001
 5.2412015e-001
 5.2427369e-001
 5.2439260e-001
 5.2446997e-001
 5.2449882e-001
 5.2447534e-001
 5.2440822e-001
 5.2430934e-001
 5.2419090e-001
 5.2406460e-001
 5.2394283e-001
 5.2383721e-001
 5.2375990e-001
 5.2372289e-001
 5.2373600e-001
 5.2379918e-001
 5.2391040e-001
 5.2406728e-001
 5.2426755e-001
 5.2450806e-001
 5.2476978e-001
 5.2502173e-001
 5.2523202e-001
 5.2536899e-001
 5.2540100e-001
 5.2529985e-001
 5.2509284e-001
 5.2485281e-001
 5.2465343e-001
 5.2456886e-001
 5.2467275e-001
 5.2503312e-001
 5.2561754e-001
 5.2631295e-001
 5.2700293e-001
 5.2757192e-001
 5.2790427e-001
 5.2789080e-001
 5.2753842e-001
 5.2694845e-001
 5.2622473e-001
 5.2547163e-001
 5.2479309e-001
 5.2428854e-001
 5.2398652e-001
 5.2385658e-001
 5.2386659e-001
 5.2398419e-001
 5.2417743e-001
 5.2441442e-001
 5.2467299e-001
 5.2493793e-001
 5.2519482e-001
 5.2542865e-001
 5.2562487e-001
 5.2577007e-001
 5.2586961e-001
 5.2594489e-001
 5.2601784e-001
 5.2611023e-001
 5.2624410e-001
 5.2643925e-001
 5.2668196e-001
 5.2693033e-001
 5.2714187e-001
 5.2727383e-001
 5.2728355e-001
 5.2713180e-001
 5.2683467e-001
 5.2645451e-001
 5.2605551e-001
 5.2570146e-001
 5.2545649e-001
 5.2538091e-001
 5.2547538e-001
 5.2568996e-001
 5.2597338e-001
 5.2627420e-001
 5.2654123e-001
 5.2672535e-001
 5.2681804e-001
 5.2684468e-001
 5.2683169e-001
 5.2680564e-001
 5.2679312e-001
 5.2681911e-001
 5.2688658e-001
 5.2697921e-001
 5.2708036e-001
 5.2717316e-001
 5.2724081e-001
 5.2726746e-001
 5.2725363e-001
 5.2721369e-001
 5.2716243e-001
 5.2711463e-001
 5.2708530e-001
 5.2708840e-001
 5.2712637e-001
 5.2719176e-001
 5.2727658e-001
 5.2737290e-001
 5.2747297e-001
 5.2756876e-001
 5.2765363e-001
 5.2772182e-001
 5.2776760e-001
 5.2778518e-001
 5.2776891e-001
 5.2771372e-001
 5.2762747e-001
 5.2752936e-001
 5.2743876e-001
 5.2737510e-001
 5.2735776e-001
 5.2740544e-001
 5.2752024e-001
 5.2769059e-001
 5.2790385e-001
 5.2814817e-001
 5.2841097e-001
 5.2868026e-001
 5.2894509e-001
 5.2919543e-001
 5.2942181e-001
 5.2961427e-001
 5.2976292e-001
 5.2985859e-001
 5.2990043e-001
 5.2989501e-001
 5.2984911e-001
 5.2976954e-001
 5.2966309e-001
 5.2953702e-001
 5.2940553e-001
 5.2928877e-001
 5.2920741e-001
 5.2918184e-001
 5.2923256e-001
 5.2937853e-001
 5.2960938e-001
 5.2988952e-001
 5.3018165e-001
 5.3044921e-001
 5.3065521e-001
 5.3076476e-001
 5.3077728e-001
 5.3072304e-001
 5.3063279e-001
 5.3053796e-001
 5.3046942e-001
 5.3045732e-001
 5.3051043e-001
 5.3061903e-001
 5.3077269e-001
 5.3096080e-001
 5.3117305e-001
 5.3139883e-001
 5.3162801e-001
 5.3185046e-001
 5.3205633e-001
 5.3223550e-001
 5.3237808e-001
 5.3247380e-001
 5.3251290e-001
 5.3249133e-001
 5.3242648e-001
 5.3234029e-001
 5.3225505e-001
 5.3219265e-001
 5.3217536e-001
 5.3222513e-001
 5.3236407e-001
 5.3261417e-001
 5.3298706e-001
 5.3345484e-001
 5.3398204e-001
 5.3453219e-001
 5.3506964e-001
 5.3555858e-001
 5.3596252e-001
 5.3624612e-001
 5.3637290e-001
 5.3632122e-001
 5.3611916e-001
 5.3580642e-001
 5.3542215e-001
 5.3500646e-001
 5.3459835e-001
 5.3423762e-001
 5.3396386e-001
 5.3381640e-001
 5.3382194e-001
 5.3396094e-001
 5.3420311e-001
 5.3451824e-001
 5.3487623e-001
 5.3524673e-001
 5.3559983e-001
 5.3590494e-001
 5.3613216e-001
 5.3625947e-001
 5.3629506e-001
 5.3625387e-001
 5.3615117e-001
 5.3600180e-001
 5.3582096e-001
 5.3562349e-001
 5.3542459e-001
 5.3523934e-001
 5.3508013e-001
 5.3495079e-001
 5.3485262e-001
 5.3478736e-001
 5.3475636e-001
 5.3476119e-001
 5.3480345e-001
 5.3488463e-001
 5.3500617e-001
 5.3516763e-001
 5.3536075e-001
 5.3557551e-001
 5.3580213e-001
 5.3603053e-001
 5.3625077e-001
 5.3645271e-001
 5.3662670e-001
 5.3676260e-001
 5.3685409e-001
 5.3690869e-001
 5.3693694e-001
 5.3694952e-001
 5.3695697e-001
 5.3696996e-001
 5.3699911e-001
 5.3705508e-001
 5.3714836e-001
 5.3728622e-001
 5.3746253e-001
 5.3766853e-001
 5.3789490e-001
 5.3813279e-001
 5.3837293e-001
 5.3860652e-001
 5.3882432e-001
 5.3901756e-001
 5.3917897e-001
 5.3930998e-001
 5.3941357e-001
 5.3949279e-001
 5.3955066e-001
 5.3959042e-001
 5.3961480e-001
 5.3962725e-001
 5.3963053e-001
 5.3962785e-001
 5.3962231e-001
 5.3961784e-001
 5.3961909e-001
 5.3963101e-001
 5.3965825e-001
 5.3970581e-001
 5.3977817e-001
 5.3988034e-001
 5.4001701e-001
 5.4019296e-001
 5.4041302e-001
 5.4068208e-001
 5.4100430e-001
 5.4137540e-001
 5.4178280e-001
 5.4221308e-001
 5.4265332e-001
 5.4309016e-001
 5.4351074e-001
 5.4390162e-001
 5.4424971e-001
 5.4454207e-001
 5.4476547e-001
 5.4490674e-001
 5.4495329e-001
 5.4490513e-001
 5.4477441e-001
 5.4457402e-001
 5.4431653e-001
 5.4401493e-001
 5.4368150e-001
 5.4332954e-001
 5.4297143e-001
 5.4261994e-001
 5.4228789e-001
 5.4198790e-001
 5.4173267e-001
 5.4152656e-001
 5.4136705e-001
 5.4125094e-001
 5.4117513e-001
 5.4113656e-001
 5.4113215e-001
 5.4115868e-001
 5.4121315e-001
 5.4129243e-001
 5.4139352e-001
 5.4151309e-001
 5.4164833e-001
 5.4179668e-001
 5.4195648e-001
 5.4212630e-001
 5.4230428e-001
 5.4248887e-001
 5.4267853e-001
 5.4287142e-001
 5.4316372e-001
 5.4373795e-001
 5.4426157e-001
 5.4469740e-001
 5.4501426e-001
 5.4518181e-001
 5.4516923e-001
 5.4494894e-001
 5.4455799e-001
 5.4409820e-001
 5.4367375e-001
 5.4338932e-001
 5.4334617e-001
 5.4357874e-001
 5.4405600e-001
 5.4474348e-001
 5.4560733e-001
 5.4661143e-001
 5.4768139e-001
 5.4870468e-001
 5.4956734e-001
 5.5015534e-001
 5.5035466e-001
 5.5009168e-001
 5.4944968e-001
 5.4854941e-001
 5.4751247e-001
 5.4645944e-001
 5.4551196e-001
 5.4476720e-001
 5.4423201e-001
 5.4389107e-001
 5.4372931e-001
 5.4373145e-001
 5.4388249e-001
 5.4416710e-001
 5.4456735e-001
 5.4505467e-001
 5.4559821e-001
 5.4616660e-001
 5.4672903e-001
 5.4725426e-001
 5.4771131e-001
 5.4806912e-001
 5.4830593e-001
 5.4843539e-001
 5.4847920e-001
 5.4845917e-001
 5.4839712e-001
 5.4831499e-001
 5.4823458e-001
 5.4817760e-001
 5.4815888e-001
 5.4816687e-001
 5.4818392e-001
 5.4819214e-001
 5.4817390e-001
 5.4811150e-001
 5.4798734e-001
 5.4778343e-001
 5.4748821e-001
 5.4711163e-001
 5.4666901e-001
 5.4617530e-001
 5.4564565e-001
 5.4509532e-001
 5.4453933e-001
 5.4399288e-001
 5.4347092e-001
 5.4298890e-001
 5.4256159e-001
 5.4220450e-001
 5.4192722e-001
 5.4172117e-001
 5.4157299e-001
 5.4146969e-001
 5.4139805e-001
 5.4134518e-001
 5.4129761e-001
 5.4124242e-001
 5.4116654e-001
 5.4105657e-001
 5.4089969e-001
 5.4068255e-001
 5.4039729e-001
 5.4005331e-001
 5.3966451e-001
 5.3924459e-001
 5.3880739e-001
 5.3836638e-001
 5.3793550e-001
 5.3752828e-001
 5.3715867e-001
 5.3684014e-001
 5.3658652e-001
 5.3640628e-001
 5.3628880e-001
 5.3621966e-001
 5.3618419e-001
 5.3616786e-001
 5.3615618e-001
 5.3613442e-001
 5.3608817e-001
 5.3600281e-001
 5.3586376e-001
 5.3566194e-001
 5.3540748e-001
 5.3511429e-001
 5.3479654e-001
 5.3446841e-001
 5.3414398e-001
 5.3383732e-001
 5.3356266e-001
 5.3333396e-001
 5.3316545e-001
 5.3306711e-001
 5.3303540e-001
 5.3306353e-001
 5.3314507e-001
 5.3327310e-001
 5.3344131e-001
 5.3364289e-001
 5.3387123e-001
 5.3411973e-001
 5.3438175e-001
 5.3464878e-001
 5.3490627e-001
 5.3513807e-001
 5.3532827e-001
 5.3546095e-001
 5.3552002e-001
 5.3548950e-001
 5.3535342e-001
 5.3509581e-001
 5.3471035e-001
 5.3422302e-001
 5.3366655e-001
 5.3307360e-001
 5.3247690e-001
 5.3190911e-001
 5.3140306e-001
 5.3099120e-001
 5.3069478e-001
 5.3049576e-001
 5.3036857e-001
 5.3028738e-001
 5.3022635e-001
 5.3015989e-001
 5.3006214e-001
 5.2990746e-001
 5.2967864e-001
 5.2938682e-001
 5.2904874e-001
 5.2868134e-001
 5.2830136e-001
 5.2792567e-001
 5.2757102e-001
 5.2725440e-001
 5.2699131e-001
 5.2679372e-001
 5.2667308e-001
 5.2664047e-001
 5.2670723e-001
 5.2688438e-001
 5.2718347e-001
 5.2759725e-001
 5.2806050e-001
 5.2849603e-001
 5.2882689e-001
 5.2897614e-001
 5.2886671e-001
 5.2845967e-001
 5.2783728e-001
 5.2710533e-001
 5.2637005e-001
 5.2573723e-001
 5.2531296e-001
 5.2516800e-001
 5.2526313e-001
 5.2553731e-001
 5.2592969e-001
 5.2637911e-001
 5.2682483e-001
 5.2721459e-001
 5.2752328e-001
 5.2773106e-001
 5.2781820e-001
 5.2776492e-001
 5.2755129e-001
 5.2717739e-001
 5.2670395e-001
 5.2620387e-001
 5.2574962e-001
 5.2541375e-001
 5.2526909e-001
 5.2535111e-001
 5.2558172e-001
 5.2586144e-001
 5.2609032e-001
 5.2616870e-001
 5.2599698e-001
 5.2552927e-001
 5.2488369e-001
 5.2420932e-001
 5.2365547e-001
 5.2337122e-001
 5.2350569e-001
 5.2413356e-001
 5.2510566e-001
 5.2622974e-001
 5.2731454e-001
 5.2816838e-001
 5.2859956e-001
 5.2849245e-001
 5.2795929e-001
 5.2715445e-001
 5.2623236e-001
 5.2534735e-001
 5.2465427e-001
 5.2425969e-001
 5.2412862e-001
 5.2420014e-001
 5.2441317e-001
 5.2470666e-001
 5.2502096e-001
 5.2531493e-001
 5.2556199e-001
 5.2573580e-001
 5.2581006e-001
 5.2576083e-001
 5.2559990e-001
 5.2536607e-001
 5.2509874e-001
 5.2483732e-001
 5.2461994e-001
 5.2446544e-001
 5.2437824e-001
 5.2436244e-001
 5.2442175e-001
 5.2455920e-001
 5.2476090e-001
 5.2500051e-001
 5.2525151e-001
 5.2548724e-001
 5.2568173e-001
 5.2581894e-001
 5.2589047e-001
 5.2588803e-001
 5.2580315e-001
 5.2562803e-001
 5.2536011e-001
 5.2500147e-001
 5.2455372e-001
 5.2401888e-001
 5.2340198e-001
 5.2274978e-001
 5.2214032e-001
 5.2165276e-001
 5.2136546e-001
 5.2134973e-001
 5.2157235e-001
 5.2192336e-001
 5.2229112e-001
 5.2256382e-001
 5.2263826e-001
 5.2252495e-001
 5.2231795e-001
 5.2211285e-001
 5.2200526e-001
 5.2208245e-001
 5.2231520e-001
 5.2259016e-001
 5.2279210e-001
 5.2280581e-001
 5.2252597e-001
 5.2198470e-001
 5.2131224e-001
 5.2064115e-001
 5.2010387e-001
 5.1982367e-001
 5.1979595e-001
 5.1992506e-001
 5.2011329e-001
 5.2026290e-001
 5.2028161e-001
 5.2014875e-001
 5.1989424e-001
 5.1954961e-001
 5.1914573e-001
 5.1871371e-001
 5.1828289e-001
 5.1788121e-001
 5.1753670e-001
 5.1727736e-001
 5.1713049e-001
 5.1711720e-001
 5.1725394e-001
 5.1755714e-001
 5.1804310e-001
 5.1872122e-001
 5.1950830e-001
 5.2025712e-001
 5.2081907e-001
 5.2104551e-001
 5.2080166e-001
 5.2013361e-001
 5.1921248e-001
 5.1821178e-001
 5.1730508e-001
 5.1665628e-001
 5.1630032e-001
 5.1618350e-001
 5.1625073e-001
 5.1644653e-001
 5.1671606e-001
 5.1700753e-001
 5.1727152e-001
 5.1745850e-001
 5.1751912e-001
 5.1740885e-001
 5.1714641e-001
 5.1679325e-001
 5.1641196e-001
 5.1606458e-001
 5.1580960e-001
 5.1565558e-001
 5.1557750e-001
 5.1554990e-001
 5.1554692e-001
 5.1554555e-001
 5.1555598e-001
 5.1561004e-001
 5.1574057e-001
 5.1597995e-001
 5.1635420e-001
 5.1681125e-001
 5.1724637e-001
 5.1755410e-001
 5.1762861e-001
 5.1737750e-001
 5.1686567e-001
 5.1626289e-001
 5.1574045e-001
 5.1547033e-001
 5.1560485e-001
 5.1606774e-001
 5.1663178e-001
 5.1706666e-001
 5.1714253e-001
 5.1665258e-001
 5.1566786e-001
 5.1444101e-001
 5.1322913e-001
 5.1228809e-001
 5.1185286e-001
 5.1190490e-001
 5.1226038e-001
 5.1273257e-001
 5.1313484e-001
 5.1329422e-001
 5.1319832e-001
 5.1293904e-001
 5.1260984e-001
 5.1230431e-001
 5.1211095e-001
 5.1205969e-001
 5.1214230e-001
 5.1235008e-001
 5.1267457e-001
 5.1310432e-001
 5.1359886e-001
 5.1409870e-001
 5.1454425e-001
 5.1487535e-001
 5.1504171e-001
 5.1509738e-001
 5.1516312e-001
 5.1536077e-001
 5.1581198e-001
 5.1662135e-001
 5.1769745e-001
 5.1882476e-001
 5.1978523e-001
 5.2036160e-001
 5.2035880e-001
 5.1983589e-001
 5.1901180e-001
 5.1810783e-001
 5.1734531e-001
 5.1692599e-001
 5.1683396e-001
 5.1691687e-001
 5.1702046e-001
 5.1699054e-001
 5.1669025e-001
 5.1617736e-001
 5.1562983e-001
 5.1522756e-001
 5.1515067e-001
 5.1555872e-001
 5.1638836e-001
 5.1743871e-001
 5.1850718e-001
 5.1939029e-001
 5.1990259e-001
 5.2004623e-001
 5.1993847e-001
 5.1969820e-001
 5.1944441e-001
 5.1928639e-001
 5.1923072e-001
 5.1922131e-001
 5.1920062e-001
 5.1911187e-001
 5.1890498e-001
 5.1860803e-001
 5.1829660e-001
 5.1804638e-001
 5.1793367e-001
 5.1802701e-001
 5.1831752e-001
 5.1874959e-001
 5.1926714e-001
 5.1981378e-001
 5.2033705e-001
 5.2082080e-001
 5.2127153e-001
 5.2169585e-001
 5.2210045e-001
 5.2249008e-001
 5.2285266e-001
 5.2316558e-001
 5.2340621e-001
 5.2355176e-001
 5.2358359e-001
 5.2352136e-001
 5.2340806e-001
 5.2328676e-001
 5.2320069e-001
 5.2318835e-001
 5.2324033e-001
 5.2331924e-001
 5.2338725e-001
 5.2340668e-001
 5.2334470e-001
 5.2322078e-001
 5.2308482e-001
 5.2298671e-001
 5.2297688e-001
 5.2309924e-001
 5.2333629e-001
 5.2363431e-001
 5.2393949e-001
 5.2419800e-001
 5.2436292e-001
 5.2445912e-001
 5.2455282e-001
 5.2471060e-001
 5.2499920e-001
 5.2547485e-001
 5.2609134e-001
 5.2674371e-001
 5.2732623e-001
 5.2773339e-001
 5.2787125e-001
 5.2776670e-001
 5.2751452e-001
 5.2721035e-001
 5.2695000e-001
 5.2682036e-001
 5.2682185e-001
 5.2690613e-001
 5.2702439e-001
 5.2712744e-001
 5.2717131e-001
 5.2715671e-001
 5.2711028e-001
 5.2705854e-001
 5.2702820e-001
 5.2704310e-001
 5.2709830e-001
 5.2717274e-001
 5.2724540e-001
 5.2729517e-001
 5.2730381e-001
 5.2727968e-001
 5.2724665e-001
 5.2722800e-001
 5.2724761e-001
 5.2732676e-001
 5.2746499e-001
 5.2764958e-001
 5.2786767e-001
 5.2810675e-001
 5.2835298e-001
 5.2858514e-001
 5.2877790e-001
 5.2890551e-001
 5.2894276e-001
 5.2886915e-001
 5.2871245e-001
 5.2852666e-001
 5.2836621e-001
 5.2828515e-001
 5.2833033e-001
 5.2847701e-001
 5.2866262e-001
 5.2882349e-001
 5.2889651e-001
 5.2882552e-001
 5.2861911e-001
 5.2832150e-001
 5.2797699e-001
 5.2762973e-001
 5.2732366e-001
 5.2709776e-001
 5.2698851e-001
 5.2703243e-001
 5.2726597e-001
 5.2771395e-001
 5.2829540e-001
 5.2887338e-001
 5.2931029e-001
 5.2946860e-001
 5.2923262e-001
 5.2868450e-001
 5.2801079e-001
 5.2739865e-001
 5.2703571e-001
 5.2708358e-001
 5.2747399e-001
 5.2801836e-001
 5.2852660e-001
 5.2880907e-001
 5.2870095e-001
 5.2825886e-001
 5.2765483e-001
 5.2706224e-001
 5.2665406e-001
 5.2657938e-001
 5.2677572e-001
 5.2707118e-001
 5.2729267e-001
 5.2726740e-001
 5.2684718e-001
 5.2610087e-001
 5.2520919e-001
 5.2435327e-001
 5.2371466e-001
 5.2345204e-001
 5.2352780e-001
 5.2380365e-001
 5.2414078e-001
 5.2440012e-001
 5.2445650e-001
 5.2430362e-001
 5.2399588e-001
 5.2358782e-001
 5.2313423e-001
 5.2268177e-001
 5.2220756e-001
 5.2165413e-001
 5.2096319e-001
 5.2007717e-001
 5.1895422e-001
 5.1768833e-001
 5.1644194e-001
 5.1537871e-001
 5.1466149e-001
 5.1441950e-001
 5.1449859e-001
 5.1460272e-001
 5.1443505e-001
 5.1369882e-001
 5.1214558e-001
 5.0993550e-001
 5.0743002e-001
 5.0499189e-001
 5.0298423e-001
 5.0172138e-001
 5.0111830e-001
 5.0089228e-001
 5.0075907e-001
 5.0043470e-001
 4.9966857e-001
 4.9848175e-001
 4.9702913e-001
 4.9546564e-001
 4.9394757e-001
 4.9260780e-001
 4.9139693e-001
 4.9017709e-001
 4.8880932e-001
 4.8715574e-001
 4.8509517e-001
 4.8264959e-001
 4.7990942e-001
 4.7696745e-001
 4.7391462e-001
 4.7083628e-001
 4.6776742e-001
 4.6472153e-001
 4.6170968e-001
 4.5874357e-001
 4.5581669e-001
 4.5277482e-001
 4.4939595e-001
 4.4545540e-001
 4.4072938e-001
 4.3505329e-001
 4.2874703e-001
 4.2235425e-001
 4.1642126e-001
 4.1149333e-001
 4.0806967e-001
 4.0625757e-001
 4.0598288e-001
 4.0717080e-001
 4.0974551e-001
 4.1359332e-001
 4.1830117e-001
 4.2331573e-001
 4.2808405e-001
 4.3204963e-001
 4.3473914e-001
 4.3629181e-001
 4.3713275e-001
 4.3768805e-001
 4.3838444e-001
 4.3959594e-001
 4.4129422e-001
 4.4326365e-001
 4.4528875e-001
 4.4715363e-001
 4.4866726e-001
 4.4982702e-001
 4.5071593e-001
 4.5141849e-001
 4.5201883e-001
 4.5259854e-001
 4.5321977e-001
 4.5393598e-001
 4.5480061e-001
 4.5586744e-001
 4.5717821e-001
 4.5869139e-001
 4.6032745e-001
 4.6200639e-001
 4.6364883e-001
 4.6517748e-001
 4.6654135e-001
 4.6770042e-001
 4.6861488e-001
 4.6924433e-001
 4.6956500e-001
 4.6967149e-001
 4.6971118e-001
 4.6983194e-001
 4.7018147e-001
 4.7088194e-001
 4.7186849e-001
 4.7299215e-001
 4.7410426e-001
 4.7505593e-001
 4.7571990e-001
 4.7612572e-001
 4.7637194e-001
 4.7655779e-001
 4.7678241e-001
 4.7713602e-001
 4.7764421e-001
 4.7830459e-001
 4.7911456e-001
 4.8007172e-001
 4.8116913e-001
 4.8237327e-001
 4.8363844e-001
 4.8491889e-001
 4.8616913e-001
 4.8735061e-001
 4.8848042e-001
 4.8959923e-001
 4.9074814e-001
 4.9196732e-001
 4.9328965e-001
 4.9468932e-001
 4.9611562e-001
 4.9751696e-001
 4.9884269e-001
 5.0004786e-001
 5.0113088e-001
 5.0210881e-001
 5.0299805e-001
 5.0381571e-001
 5.0457680e-001
 5.0528222e-001
 5.0592619e-001
 5.0650376e-001
 5.0700957e-001
 5.0744182e-001
 5.0782055e-001
 5.0817603e-001
 5.0853801e-001
 5.0893664e-001
 5.0939655e-001
 5.0990498e-001
 5.1043397e-001
 5.1095539e-001
 5.1144111e-001
 5.1186806e-001
 5.1224911e-001
 5.1261199e-001
 5.1298434e-001
 5.1339388e-001
 5.1386768e-001
 5.1442778e-001
 5.1509446e-001
 5.1588756e-001
 5.1682729e-001
 5.1791590e-001
 5.1903588e-001
 5.2002037e-001
 5.2070200e-001
 5.2091378e-001
 5.2053446e-001
 5.1974684e-001
 5.1885897e-001
 5.1817846e-001
 5.1801336e-001
 5.1861393e-001
 5.1984733e-001
 5.2142537e-001
 5.2305931e-001
 5.2446079e-001
 5.2534443e-001
 5.2560622e-001
 5.2542251e-001
 5.2499294e-001
 5.2451682e-001
 5.2419418e-001
 5.2422202e-001
 5.2466756e-001
 5.2539921e-001
 5.2626878e-001
 5.2712828e-001
 5.2782959e-001
 5.2822644e-001
 5.2827102e-001
 5.2806467e-001
 5.2772117e-001
 5.2735406e-001
 5.2707714e-001
 5.2700293e-001
 5.2717012e-001
 5.2750736e-001
 5.2793431e-001
 5.2837050e-001
 5.2873546e-001
 5.2894980e-001
 5.2898759e-001
 5.2890223e-001
 5.2875400e-001
 5.2860284e-001
 5.2850884e-001
 5.2853137e-001
 5.2869147e-001
 5.2895349e-001
 5.2927738e-001
 5.2962285e-001
 5.2994978e-001
 5.3021795e-001
 5.3039438e-001
 5.3048986e-001
 5.3053230e-001
 5.3054953e-001
 5.3056937e-001
 5.3061980e-001
 5.3072864e-001
 5.3091842e-001
 5.3117907e-001
 5.3148812e-001
 5.3182316e-001
 5.3216153e-001
 5.3248066e-001
 5.3275818e-001
 5.3297472e-001
 5.3313029e-001
 5.3323221e-001
 5.3328788e-001
 5.3330469e-001
 5.3328997e-001
 5.3325117e-001
 5.3319544e-001
 5.3312922e-001
 5.3305852e-001
 5.3298944e-001
 5.3292805e-001
 5.3288031e-001
 5.3285241e-001
 5.3285044e-001
 5.3288144e-001
 5.3295267e-001
 5.3307146e-001
 5.3324497e-001
 5.3348058e-001
 5.3378552e-001
 5.3416187e-001
 5.3458107e-001
 5.3500301e-001
 5.3538775e-001
 5.3569531e-001
 5.3588563e-001
 5.3591877e-001
 5.3576618e-001
 5.3546566e-001
 5.3507942e-001
 5.3466976e-001
 5.3429890e-001
 5.3402895e-001
 5.3392214e-001
 5.3402781e-001
 5.3431976e-001
 5.3474486e-001
 5.3524983e-001
 5.3578174e-001
 5.3628695e-001
 5.3671253e-001
 5.3701401e-001
 5.3719926e-001
 5.3729403e-001
 5.3732455e-001
 5.3731692e-001
 5.3729707e-001
 5.3729123e-001
 5.3732127e-001
 5.3738719e-001
 5.3748065e-001
 5.3759336e-001
 5.3771716e-001
 5.3784382e-001
 5.3796506e-001
 5.3807437e-001
 5.3817523e-001
 5.3827459e-001
 5.3837919e-001
 5.3849614e-001
 5.3863209e-001
 5.3879410e-001
 5.3898489e-001
 5.3918397e-001
 5.3936297e-001
 5.3949332e-001
 5.3954661e-001
 5.3949428e-001
 5.3930789e-001
 5.3896886e-001
 5.3851336e-001
 5.3799641e-001
 5.3747290e-001
 5.3699803e-001
 5.3662670e-001
 5.3641397e-001
 5.3640109e-001
 5.3655446e-001
 5.3681481e-001
 5.3712302e-001
 5.3741980e-001
 5.3764611e-001
 5.3774261e-001
 5.3766394e-001
 5.3744042e-001
 5.3712755e-001
 5.3678119e-001
 5.3645688e-001
 5.3621024e-001
 5.3609699e-001
 5.3617156e-001
 5.3644139e-001
 5.3685266e-001
 5.3734821e-001
 5.3787059e-001
 5.3836203e-001
 5.3876501e-001
 5.3902233e-001
 5.3907764e-001
 5.3892517e-001
 5.3862387e-001
 5.3823638e-001
 5.3782564e-001
 5.3745466e-001
 5.3718638e-001
 5.3708363e-001
 5.3720766e-001
 5.3756064e-001
 5.3806925e-001
 5.3865564e-001
 5.3924203e-001
 5.3975064e-001
 5.4010326e-001
 5.4022193e-001
 5.4003119e-001
 5.3952652e-001
 5.3879416e-001
 5.3792584e-001
 5.3701311e-001
 5.3614771e-001
 5.3542113e-001
 5.3492534e-001
 5.3474963e-001
 5.3490126e-001
 5.3528607e-001
 5.3580338e-001
 5.3635228e-001
 5.3683239e-001
 5.3714293e-001
 5.3718311e-001
 5.3685492e-001
 5.3614908e-001
 5.3516525e-001
 5.3400975e-001
 5.3278953e-001
 5.3161085e-001
 5.3058034e-001
 5.2980405e-001
 5.2938688e-001
 5.2935606e-001
 5.2964616e-001
 5.3018606e-001
 5.3090423e-001
 5.3172964e-001
 5.3259116e-001
 5.3341740e-001
 5.3413832e-001
 5.3471237e-001
 5.3513360e-001
 5.3539824e-001
 5.3550208e-001
 5.3544128e-001
 5.3521180e-001
 5.3480983e-001
 5.3423196e-001
 5.3350294e-001
 5.3268039e-001
 5.3182358e-001
 5.3099173e-001
 5.3024471e-001
 5.2964175e-001
 5.2924240e-001
 5.2910399e-001
 5.2922350e-001
 5.2952594e-001
 5.2993220e-001
 5.3036290e-001
 5.3073919e-001
 5.3098166e-001
 5.3101116e-001
 5.3075111e-001
 5.3019422e-001
 5.2941597e-001
 5.2849627e-001
 5.2751487e-001
 5.2655178e-001
 5.2568650e-001
 5.2499944e-001
 5.2456814e-001
 5.2440232e-001
 5.2443349e-001
 5.2458858e-001
 5.2479452e-001
 5.2497834e-001
 5.2506691e-001
 5.2498710e-001
 5.2466798e-001
 5.2409482e-001
 5.2331865e-001
 5.2239352e-001
 5.2137411e-001
 5.2031469e-001
 5.1926953e-001
 5.1829273e-001
 5.1743829e-001
 5.1673096e-001
 5.1616424e-001
 5.1572931e-001
 5.1541781e-001
 5.1522118e-001
 5.1513082e-001
 5.1513815e-001
 5.1523447e-001
 5.1540571e-001
 5.1563144e-001
 5.1589125e-001
 5.1616448e-001
 5.1643044e-001
 5.1666874e-001
 5.1685864e-001
 5.1698011e-001
 5.1702660e-001
 5.1700675e-001
 5.1693016e-001
 5.1680613e-001
 5.1664436e-001
 5.1645422e-001
 5.1624507e-001
 5.1602656e-001
 5.1580787e-001
 5.1559335e-001
 5.1538169e-001
 5.1517129e-001
 5.1496065e-001
 5.1474828e-001
 5.1453245e-001
 5.1431173e-001
 5.1408440e-001
 5.1384908e-001
 5.1360422e-001
 5.1335120e-001
 5.1309443e-001
 5.1283836e-001
 5.1258785e-001
 5.1234722e-001
 5.1212108e-001
 5.1191401e-001
 5.1173067e-001
 5.1157546e-001
 5.1145291e-001
 5.1136285e-001
 5.1130003e-001
 5.1125908e-001
 5.1123482e-001
 5.1122177e-001
 5.1121449e-001
 5.1120776e-001
 5.1119608e-001
 5.1117408e-001
 5.1113647e-001
 5.1107645e-001
 5.1098591e-001
 5.1085681e-001
 5.1068097e-001
 5.1045018e-001
 5.1015639e-001
 5.0979137e-001
 5.0934702e-001
 5.0881517e-001
 5.0818813e-001
 5.0746745e-001
 5.0666440e-001
 5.0579071e-001
 5.0485873e-001
 5.0387996e-001
 5.0286639e-001
 5.0182956e-001
 5.0078183e-001
 4.9973488e-001
 4.9869987e-001
 4.9767247e-001
 4.9663299e-001
 4.9556047e-001
 4.9443397e-001
 4.9323270e-001
 4.9193546e-001
 4.9052209e-001
 4.8897135e-001
 4.8726240e-001
 4.8537436e-001
 4.8329520e-001
 4.8101991e-001
 4.7854397e-001
 4.7586232e-001
 4.7297189e-001
 4.6986762e-001
 4.6654513e-001
 4.6300003e-001
 4.5922688e-001
 4.5522335e-001
 4.5098731e-001
 4.4652048e-001
 4.4182375e-001
 4.3690127e-001
 4.3175393e-001
 4.2638373e-001
 4.2079127e-001
 4.1498119e-001
 4.0895399e-001
 4.0271214e-001
 3.9626408e-001
 3.8963059e-001
 3.8282833e-001
 3.7587550e-001
 3.6879006e-001
 3.6158854e-001
 3.5429248e-001
 3.4691823e-001
 3.3948401e-001
 3.3200687e-001
 3.2452774e-001
 3.1710017e-001
 3.0978027e-001
 3.0262271e-001
 2.9568696e-001
 2.8902751e-001
 2.8270057e-001
 2.7676228e-001
 2.7126753e-001
 2.6627341e-001
 2.6179221e-001
 2.5779784e-001
 2.5426188e-001
 2.5115824e-001
 2.4845827e-001
 2.4613427e-001
 2.4415809e-001
 2.4250293e-001
 2.4114056e-001
 2.4004450e-001
 2.3921555e-001
 2.3868074e-001
 2.3846854e-001
 2.3860712e-001
 2.3912461e-001
 2.4004956e-001
 2.4140976e-001
 2.4323364e-001
 2.4554938e-001
 2.4838379e-001
 2.5171477e-001
 2.5547749e-001
 2.5960466e-001
 2.6403019e-001
 2.6868472e-001
 2.7350187e-001
 2.7841461e-001
 2.8335559e-001
 2.8825864e-001
 2.9305556e-001
 2.9770830e-001
 3.0220276e-001
 3.0652702e-001
 3.1066599e-001
 3.1460780e-001
 3.1833932e-001
 3.2184845e-001
 3.2512048e-001
 3.2814324e-001
 3.3090496e-001
 3.3341715e-001
 3.3571377e-001
 3.3782801e-001
 3.3979475e-001
 3.4164822e-001
 3.4342319e-001
 3.4515303e-001
 3.4687245e-001
 3.4861577e-001
 3.5041600e-001
 3.5227263e-001
 3.5415623e-001
 3.5603595e-001
 3.5788101e-001
 3.5966089e-001
 3.6134395e-001
 3.6289978e-001
 3.6429748e-001
 3.6550650e-001
 3.6649722e-001
 3.6727726e-001
 3.6788696e-001
 3.6836794e-001
 3.6876157e-001
 3.6910951e-001
 3.6945331e-001
 3.6983460e-001
 3.7029478e-001
 3.7087542e-001
 3.7161648e-001
 3.7252581e-001
 3.7358251e-001
 3.7476411e-001
 3.7604874e-001
 3.7741435e-001
 3.7883914e-001
 3.8030046e-001
 3.8177651e-001
 3.8324517e-001
 3.8468572e-001
 3.8609380e-001
 3.8748163e-001
 3.8886163e-001
 3.9024633e-001
 3.9164847e-001
 3.9307979e-001
 3.9455318e-001
 3.9608097e-001
 3.9767611e-001
 3.9934942e-001
 4.0109870e-001
 4.0290874e-001
 4.0476447e-001
 4.0664935e-001
 4.0854824e-001
 4.1044548e-001
 4.1232553e-001
 4.1417328e-001
 4.1597205e-001
 4.1770718e-001
 4.1936734e-001
 4.2094550e-001
 4.2243356e-001
 4.2382461e-001
 4.2511126e-001
 4.2628643e-001
 4.2734233e-001
 4.2827183e-001
 4.2906758e-001
 4.2972347e-001
 4.3025392e-001
 4.3069085e-001
 4.3106693e-001
 4.3141490e-001
 4.3176746e-001
 4.3215698e-001
 4.3261632e-001
 4.3317810e-001
 4.3387505e-001
 4.3473747e-001
 4.3575889e-001
 4.3690157e-001
 4.3812677e-001
 4.3939516e-001
 4.4066796e-001
 4.4190642e-001
 4.4307157e-001
 4.4412482e-001
 4.4502670e-001
 4.4574091e-001
 4.4626868e-001
 4.4664329e-001
 4.4689870e-001
 4.4706926e-001
 4.4718897e-001
 4.4729218e-001
 4.4741282e-001
 4.4758523e-001
 4.4784346e-001
 4.4822007e-001
 4.4871938e-001
 4.4932210e-001
 4.5000839e-001
 4.5075855e-001
 4.5155287e-001
 4.5237115e-001
 4.5319378e-001
 4.5400089e-001
 4.5477286e-001
 4.5549005e-001
 4.5614314e-001
 4.5673048e-001
 4.5725054e-001
 4.5770210e-001
 4.5808345e-001
 4.5839334e-001
 4.5863029e-001
 4.5879298e-001
 4.5887983e-001
 4.5889014e-001
 4.5883438e-001
 4.5873186e-001
 4.5860222e-001
 4.5846522e-001
 4.5834029e-001
 4.5824715e-001
 4.5820555e-001
 4.5823503e-001
 4.5835516e-001
 4.5858425e-001
 4.5891702e-001
 4.5932952e-001
 4.5979723e-001
 4.6029592e-001
 4.6080112e-001
 4.6128824e-001
 4.6173286e-001
 4.6211067e-001
 4.6239719e-001
 4.6256933e-001
 4.6262494e-001
 4.6257854e-001
 4.6244502e-001
 4.6223933e-001
 4.6197635e-001
 4.6167102e-001
 4.6133825e-001
 4.6099287e-001
 4.6065000e-001
 4.6032414e-001
 4.6002579e-001
 4.5976228e-001
 4.5954090e-001
 4.5936882e-001
 4.5925319e-001
 4.5920140e-001
 4.5922041e-001
 4.5931768e-001
 4.5950025e-001
 4.5977452e-001
 4.6013311e-001
 4.6055788e-001
 4.6103051e-001
 4.6153283e-001
 4.6204656e-001
 4.6255323e-001
 4.6303466e-001
 4.6347252e-001
 4.6384862e-001
 4.6414539e-001
 4.6435887e-001
 4.6449509e-001
 4.6456036e-001
 4.6456093e-001
 4.6450317e-001
 4.6439335e-001
 4.6423772e-001
 4.6404263e-001
 4.6381441e-001
 4.6355936e-001
 4.6328411e-001
 4.6299562e-001
 4.6270087e-001
 4.6240687e-001
 4.6212050e-001
 4.6184868e-001
 4.6159831e-001
 4.6137649e-001
 4.6119007e-001
 4.6104524e-001
 4.6093601e-001
 4.6084774e-001
 4.6076551e-001
 4.6067435e-001
 4.6055925e-001
 4.6040538e-001
 4.6019772e-001
 4.5992136e-001
 4.5956135e-001
 4.5910409e-001
 4.5855603e-001
 4.5793790e-001
 4.5727086e-001
 4.5657587e-001
 4.5587444e-001
 4.5518756e-001
 4.5453632e-001
 4.5394185e-001
 4.5342544e-001
 4.5300633e-001
 4.5267850e-001
 4.5241761e-001
 4.5219892e-001
 4.5199764e-001
 4.5178899e-001
 4.5154825e-001
 4.5125052e-001
 4.5087120e-001
 4.5038548e-001
 4.4977018e-001
 4.4902301e-001
 4.4815755e-001
 4.4718701e-001
 4.4612476e-001
 4.4498405e-001
 4.4377884e-001
 4.4252232e-001
 4.4122791e-001
 4.3990904e-001
 4.3857878e-001
 4.3724900e-001
 4.3592960e-001
 4.3463045e-001
 4.3336138e-001
 4.3213287e-001
 4.3095478e-001
 4.2983702e-001
 4.2878941e-001
 4.2782247e-001
 4.2694438e-001
 4.2614362e-001
 4.2539459e-001
 4.2467123e-001
 4.2394805e-001
 4.2319897e-001
 4.2239812e-001
 4.2151946e-001
 4.2053753e-001
 4.1942617e-001
 4.1816130e-001
 4.1673869e-001
 4.1516963e-001
 4.1346461e-001
 4.1163436e-001
 4.0968966e-001
 4.0764093e-001
 4.0549985e-001
 4.0327668e-001
 4.0098235e-001
 3.9862737e-001
 3.9622879e-001
 3.9380527e-001
 3.9137611e-001
 3.8895988e-001
 3.8657704e-001
 3.8424626e-001
 3.8198674e-001
 3.7981728e-001
 3.7775812e-001
 3.7582961e-001
 3.7407279e-001
 3.7254229e-001
 3.7129274e-001
 3.7037960e-001
 3.6985740e-001
 3.6978102e-001
 3.7020546e-001
 3.7118551e-001
 3.7277600e-001
 3.7502280e-001
 3.7786314e-001
 3.8115922e-001
 3.8477385e-001
 3.8856933e-001
 3.9240795e-001
 3.9615279e-001
 3.9966431e-001
 4.0280569e-001
 4.0543914e-001
 4.0743774e-001
 4.0879631e-001
 4.0959251e-001
 4.0990475e-001
 4.0981147e-001
 4.0939108e-001
 4.0872213e-001
 4.0788299e-001
 4.0695220e-001
 4.0600792e-001
 4.0512580e-001
 4.0434200e-001
 4.0366757e-001
 4.0311331e-001
 4.0269011e-001
 4.0240860e-001
 4.0227953e-001
 4.0231368e-001
 4.0252176e-001
 4.0291446e-001
 4.0350026e-001
 4.0426087e-001
 4.0516013e-001
 4.0616205e-001
 4.0723071e-001
 4.0832993e-001
 4.0942395e-001
 4.1047615e-001
 4.1145080e-001
 4.1231176e-001
 4.1302532e-001
 4.1358143e-001
 4.1398621e-001
 4.1424564e-001
 4.1436580e-001
 4.1435260e-001
 4.1421226e-001
 4.1395074e-001
 4.1357413e-001
 4.1308832e-001
 4.1249937e-001
 4.1180930e-001
 4.1101831e-001
 4.1012609e-001
 4.0913320e-001
 4.0803942e-001
 4.0684485e-001
 4.0554917e-001
 4.0415302e-001
 4.0265623e-001
 4.0106046e-001
 3.9938545e-001
 3.9766183e-001
 3.9592162e-001
 3.9419559e-001
 3.9251488e-001
 3.9091033e-001
 3.8941386e-001
 3.8805628e-001
 3.8686877e-001
 3.8587847e-001
 3.8507178e-001
 3.8440943e-001
 3.8385168e-001
 3.8335887e-001
 3.8289171e-001
 3.8241053e-001
 3.8187560e-001
 3.8124755e-001
 3.8048649e-001
 3.7955678e-001
 3.7845966e-001
 3.7721926e-001
 3.7585959e-001
 3.7440571e-001
 3.7288180e-001
 3.7131214e-001
 3.6972079e-001
 3.6813289e-001
 3.6657253e-001
 3.6506218e-001
 3.6360553e-001
 3.6219448e-001
 3.6082175e-001
 3.5947919e-001
 3.5815889e-001
 3.5685259e-001
 3.5555312e-001
 3.5425222e-001
 3.5294202e-001
 3.5161561e-001
 3.5028088e-001
 3.4895277e-001
 3.4764665e-001
 3.4637791e-001
 3.4516168e-001
 3.4401393e-001
 3.4294978e-001
 3.4198451e-001
 3.4113345e-001
 3.4041014e-001
 3.3980548e-001
 3.3929780e-001
 3.3886504e-001
 3.3848551e-001
 3.3813727e-001
 3.3779842e-001
 3.3744693e-001
 3.3706108e-001
 3.3661896e-001
 3.3610103e-001
 3.3551216e-001
 3.3487090e-001
 3.3419651e-001
 3.3350772e-001
 3.3282349e-001
 3.3216256e-001
 3.3154410e-001
 3.3098698e-001
 3.3051005e-001
 3.3012888e-001
 3.2982755e-001
 3.2957175e-001
 3.2932708e-001
 3.2905918e-001
 3.2873353e-001
 3.2831594e-001
 3.2777190e-001
 3.2706705e-001
 3.2616669e-001
 3.2504132e-001
 3.2370302e-001
 3.2218793e-001
 3.2053185e-001
 3.1877193e-001
 3.1694415e-001
 3.1508479e-001
 3.1323013e-001
 3.1141609e-001
 3.0967987e-001
 3.0805442e-001
 3.0654529e-001
 3.0514231e-001
 3.0383635e-001
 3.0261701e-001
 3.0147436e-001
 3.0039820e-001
 2.9937908e-001
 2.9840681e-001
 2.9747137e-001
 2.9656288e-001
 2.9567170e-001
 2.9479456e-001
 2.9393044e-001
 2.9307866e-001
 2.9223832e-001
 2.9140902e-001
 2.9058996e-001
 2.8978035e-001
 2.8897932e-001
 2.8818655e-001
 2.8740111e-001
 2.8662232e-001
 2.8584924e-001
 2.8508157e-001
 2.8431845e-001
 2.8355977e-001
 2.8280565e-001
 2.8205612e-001
 2.8131172e-001
 2.8057241e-001
 2.7983829e-001
 2.7910948e-001
 2.7838644e-001
 2.7766907e-001
 2.7695766e-001
 2.7625215e-001
 2.7555305e-001
 2.7486035e-001
 2.7417424e-001
 2.7349484e-001
 2.7282217e-001
 2.7215677e-001
 2.7149862e-001
 2.7084821e-001
 2.7020591e-001
 2.6957276e-001
 2.6894912e-001
 2.6833567e-001
 2.6773283e-001
 2.6714152e-001
 2.6656216e-001
 2.6599541e-001
 2.6544186e-001
 2.6490200e-001
 2.6437661e-001
 2.6386634e-001
 2.6337162e-001
 2.6289308e-001
 2.6243138e-001
 2.6198724e-001
 2.6156113e-001
 2.6115358e-001
 2.6076540e-001
 2.6039714e-001
 2.6004913e-001
 2.5972033e-001
 2.5940892e-001
 2.5911304e-001
 2.5883079e-001
 2.5856036e-001
 2.5829974e-001
 2.5804719e-001
 2.5780085e-001
 2.5755882e-001
 2.5731918e-001
 2.5708017e-001
 2.5683987e-001
 2.5659642e-001
 2.5634792e-001
 2.5609258e-001
 2.5582847e-001
 2.5555381e-001
 2.5526664e-001
 2.5496501e-001
 2.5464731e-001
 2.5431153e-001
 2.5395578e-001
 2.5357816e-001
 2.5317696e-001
 2.5275025e-001
 2.5229630e-001
 2.5181556e-001
 2.5130954e-001
 2.5077954e-001
 2.5022703e-001
 2.4965332e-001
 2.4905972e-001
 2.4844791e-001
 2.4781916e-001
 2.4717481e-001
 2.4651618e-001
 2.4584495e-001
 2.4516237e-001
 2.4446982e-001
 2.4376860e-001
 2.4306035e-001
 2.4234639e-001
 2.4162807e-001
 2.4090661e-001
 2.4018383e-001
 2.3946089e-001
 2.3873919e-001
 2.3802017e-001
 2.3730503e-001
 2.3659554e-001
 2.3589291e-001
 2.3519853e-001
 2.3451367e-001
 2.3384003e-001
 2.3317885e-001
 2.3253138e-001
 2.3189753e-001
 2.3127699e-001
 2.3066908e-001
 2.3007320e-001
 2.2948882e-001
 2.2891524e-001
 2.2835216e-001
 2.2779885e-001
 2.2725481e-001
 2.2671928e-001
 2.2619204e-001
 2.2567235e-001
 2.2515960e-001
 2.2465317e-001
 2.2415273e-001
 2.2365759e-001
 2.2316718e-001
 2.2268093e-001
 2.2219820e-001
 2.2171861e-001
 2.2124153e-001
 2.2076635e-001
 2.2029242e-001
 2.1981940e-001
 2.1934660e-001
 2.1887349e-001
 2.1839935e-001
 2.1792388e-001
 2.1744640e-001
 2.1696633e-001
 2.1648312e-001
 2.1599618e-001
 2.1550605e-001
 2.1501331e-001
 2.1451859e-001
 2.1402244e-001
 2.1352576e-001
 2.1302912e-001
 2.1253315e-001
 2.1203838e-001
 2.1154575e-001
 2.1105580e-001
 2.1056919e-001
 2.1008642e-001
 2.0960845e-001
 2.0913582e-001
 2.0866913e-001
 2.0820911e-001
 2.0775630e-001
 2.0731156e-001
 2.0687544e-001
 2.0644863e-001
 2.0603170e-001
 2.0562547e-001
 2.0523053e-001
 2.0484753e-001
 2.0447709e-001
 2.0412000e-001
 2.0377681e-001
 2.0344825e-001
 2.0313495e-001
 2.0283750e-001
 2.0255671e-001
 2.0229305e-001
 2.0204593e-001
 2.0181431e-001
 2.0159727e-001
 2.0139374e-001
 2.0120272e-001
 2.0102315e-001
 2.0085411e-001
 2.0069452e-001
 2.0054339e-001
 2.0039967e-001
 2.0026238e-001
 2.0013052e-001
 2.0000304e-001
 1.9987896e-001
 1.9975720e-001
 1.9963683e-001
 1.9951680e-001
 1.9939610e-001
 1.9927369e-001
 1.9914861e-001
 1.9901982e-001
 1.9888628e-001
 1.9874696e-001
 1.9860095e-001
 1.9844717e-001
 1.9828461e-001
 1.9811222e-001
 1.9792899e-001
 1.9773398e-001
 1.9752616e-001
 1.9730447e-001
 1.9706799e-001
 1.9681680e-001
 1.9655117e-001
 1.9627148e-001
 1.9597797e-001
 1.9567110e-001
 1.9535118e-001
 1.9501853e-001
 1.9467348e-001
 1.9431628e-001
 1.9394746e-001
 1.9356728e-001
 1.9317605e-001
 1.9277401e-001
 1.9236173e-001
 1.9193941e-001
 1.9150741e-001
 1.9106598e-001
 1.9061565e-001
 1.9015662e-001
 1.8968929e-001
 1.8921398e-001
 1.8873088e-001
 1.8824060e-001
 1.8774337e-001
 1.8723948e-001
 1.8672918e-001
 1.8621305e-001
 1.8569131e-001
 1.8516427e-001
 1.8463220e-001
 1.8409562e-001
 1.8355462e-001
 1.8300822e-001
 1.8245488e-001
 1.8189342e-001
 1.8132234e-001
 1.8074016e-001
 1.8014552e-001
 1.7953682e-001
 1.7891294e-001
 1.7827231e-001
 1.7761353e-001
 1.7693499e-001
 1.7623560e-001
 1.7551380e-001
 1.7476818e-001
 1.7399710e-001
 1.7319953e-001
 1.7237388e-001
 1.7151871e-001
 1.7063262e-001
 1.6971396e-001
 1.6876175e-001
 1.6777435e-001
 1.6675036e-001
 1.6568808e-001
 1.6458662e-001
 1.6344428e-001
 1.6225967e-001
 1.6103108e-001
 1.5975766e-001
 1.5843770e-001
 1.5706980e-001
 1.5565284e-001
 1.5418720e-001
 1.5267511e-001
 1.5111771e-001
 1.4951652e-001
 1.4787261e-001
 1.4618827e-001
 1.4446461e-001
 1.4270312e-001
 1.4090487e-001
 1.3907225e-001
 1.3720626e-001
 1.3530846e-001
 1.3337986e-001
 1.3142286e-001
 1.2943853e-001
 1.2742835e-001
 1.2539382e-001
 1.2333595e-001
 1.2125721e-001
 1.1915860e-001
 1.1704164e-001
 1.1490730e-001
 1.1275811e-001
 1.1059503e-001
 1.0841959e-001
 1.0623275e-001
 1.0403705e-001
 1.0183346e-001
 9.9623501e-002
 9.7408637e-002
 9.5189855e-002
 9.2969812e-002
 9.0750106e-002
 8.8533096e-002
 8.6320646e-002
 8.4116131e-002
 8.1921399e-002
 7.9738803e-002
 7.7570178e-002
 7.5418919e-002
 7.3286876e-002
 7.1176395e-002
 6.9089830e-002
 6.7029051e-002
 6.4997420e-002
 6.2996767e-002
 6.1029468e-002
 5.9097417e-002
 5.7203896e-002
 5.5350795e-002
 5.3540483e-002
 5.1774878e-002
 5.0057199e-002
 4.8389371e-002
 4.6773758e-002
 4.5212701e-002
 4.3708216e-002
 4.2263377e-002
 4.0880177e-002
 3.9560966e-002
 3.8307820e-002
 3.7123691e-002
 3.6010623e-002
 3.4970343e-002
 3.4000691e-002
 3.3098921e-002
 3.2261562e-002
 3.1485401e-002
 3.0767046e-002
 3.0103620e-002
 2.9491723e-002
 2.8928136e-002
 2.8409636e-002
 2.7932892e-002
 2.7494911e-002
 2.7092353e-002
 2.6721993e-002
 2.6380541e-002
 2.6064929e-002
 2.5771853e-002
 2.5498094e-002
 2.5240365e-002
 2.4995578e-002
 2.4760440e-002
 2.4531735e-002
 2.4306240e-002
 2.4080673e-002
 2.3851927e-002
 2.3616726e-002
 2.3371849e-002
 2.3114011e-002
 2.2840111e-002
 2.2546871e-002
 2.2231068e-002
 2.1889398e-002
 2.1519415e-002
 2.1121794e-002
 2.0698428e-002
 2.0251207e-002
 1.9781917e-002
 1.9292666e-002
 1.8785246e-002
 1.8261546e-002
 1.7723329e-002
 1.7172752e-002
 1.6611570e-002
 1.6041687e-002
 1.5464850e-002
 1.4883234e-002
 1.4298594e-002
 1.3712819e-002
 1.3127667e-002
 1.2545309e-002
 1.1967500e-002
 1.1396133e-002
 1.0833099e-002
 1.0280166e-002
 9.7394856e-003
 9.2128199e-003
 8.7020639e-003
 8.2089929e-003
 7.7357371e-003
 7.2840699e-003
 6.8558846e-003
 6.4529818e-003
 6.0774465e-003
 5.7310727e-003
 5.4153763e-003
 5.1298966e-003
 4.8734746e-003
 4.6451306e-003
 4.4436967e-003
 4.2680725e-003
 4.1171215e-003
 3.9898148e-003
 3.8850098e-003
 3.8016066e-003
 3.7384885e-003
 3.6945837e-003
 3.6687739e-003
 3.6599557e-003
 3.6670277e-003
 3.6888947e-003
 3.7244442e-003
 3.7725773e-003
 3.8321922e-003
 3.9022048e-003
 3.9814794e-003
 4.0689297e-003
 4.1634524e-003
 4.2639719e-003
 4.3693366e-003
 4.4784686e-003
 4.5902655e-003
 4.7036526e-003
 4.8174737e-003
 4.9306531e-003
 5.0420896e-003
 5.1506800e-003
 5.2554938e-003
 5.3562517e-003
 5.4529784e-003
 5.5456725e-003
 5.6343521e-003
 5.7189735e-003
 5.7995589e-003
 5.8761039e-003
 5.9486260e-003
 6.0170880e-003
 6.0815057e-003
 6.1418796e-003
 6.1982060e-003
 6.2504965e-003
 6.2987250e-003
 6.3429014e-003
 6.3830265e-003
 6.4191045e-003
 6.4511178e-003
 6.4790752e-003
 6.5029725e-003
 6.5228143e-003
 6.5385900e-003
 6.5503013e-003
 6.5579489e-003
 6.5615298e-003
 6.5610432e-003
 6.5564858e-003
 6.5478585e-003
 6.5351594e-003
 6.5183812e-003
 6.4975321e-003
 6.4727524e-003
 6.4448887e-003
 6.4149881e-003
 6.3841194e-003
 6.3533299e-003
 6.3236742e-003
 6.2962063e-003
 6.2719760e-003
 6.2520490e-003
 6.2374738e-003
 6.2293042e-003
 6.2285960e-003
 6.2364028e-003
 6.2537803e-003
 6.2817815e-003
 6.3214721e-003
 6.3738879e-003
 6.4400914e-003
 6.5211360e-003
 6.6181025e-003
 6.7319986e-003
 6.8638995e-003
 7.0148604e-003
 7.1859350e-003
 7.3782271e-003
 7.5926986e-003
 7.8304484e-003
 8.0925310e-003
 8.3800713e-003
 8.6939866e-003
 9.0353973e-003
 9.4053587e-003
 9.8044556e-003
 1.0230394e-002
 1.0680425e-002
 1.1151705e-002
 1.1641393e-002
 1.2146768e-002
 1.2664747e-002
 1.3192610e-002
 1.3727509e-002
 1.4266736e-002
 1.4807190e-002
 1.5346156e-002
 1.5880793e-002
 1.6408384e-002
 1.6925836e-002
 1.7430430e-002
 1.7919328e-002
 1.8389687e-002
 1.8838769e-002
 1.9263517e-002
 1.9661197e-002
 2.0028971e-002
 2.0364072e-002
 2.0663494e-002
 2.0924484e-002
 2.1144198e-002
 2.1319829e-002
 2.1448452e-002
 2.1527274e-002
 2.1553449e-002
 2.1524126e-002
 2.1436470e-002
 2.1288719e-002
 2.1083778e-002
 2.0825846e-002
 2.0519029e-002
 2.0167673e-002
 1.9775901e-002
 1.9347902e-002
 1.8887762e-002
 1.8399885e-002
 1.7888365e-002
 1.7357389e-002
 1.6811021e-002
 1.6253710e-002
 1.5689524e-002
 1.5122653e-002
 1.4557291e-002
 1.3997495e-002
 1.3447730e-002
 1.2912049e-002
 1.2394644e-002
 1.1899599e-002
 1.1431336e-002
 1.0993929e-002
 1.0591571e-002
 1.0228371e-002
 9.9086976e-003
 9.6366489e-003
 9.4164191e-003
 9.2521990e-003
 9.1481637e-003
 9.1085583e-003
 9.1375429e-003
 9.2382748e-003
 9.4096549e-003
 9.6493242e-003
 9.9550365e-003
 1.0324516e-002
 1.0755597e-002
 1.1245791e-002
 1.1792921e-002
 1.2394710e-002
 1.3049038e-002
 1.3753319e-002
 1.4505425e-002
 1.5303078e-002
 1.6144004e-002
 1.7026136e-002
 1.7946776e-002
 1.8903859e-002
 1.9895101e-002
 2.0918474e-002
 2.1971211e-002
 2.3051277e-002
 2.4156393e-002
 2.5284559e-002
 2.6432952e-002
 2.7599564e-002
 2.8782118e-002
 2.9978339e-002
 3.1186232e-002
 3.2402951e-002
 3.3626504e-002
 3.4854610e-002
 3.6085285e-002
