splib07b Record=15406: Pyrrhotite HS269.2B          ASDFRb AREF
 4.3106396e-002
 3.9545819e-002
 3.7997797e-002
 3.7933081e-002
 3.9117333e-002
 3.7124310e-002
 3.3841453e-002
 2.9790374e-002
 3.2339472e-002
 3.2556463e-002
 3.0598074e-002
 2.8725451e-002
 2.9034806e-002
 2.9477732e-002
 2.8190786e-002
 2.8095022e-002
 2.8128086e-002
 2.8085861e-002
 2.7816469e-002
 2.7863098e-002
 2.7834242e-002
 2.6882764e-002
 2.8106064e-002
 2.8811187e-002
 2.7952531e-002
 2.8055120e-002
 2.7565015e-002
 2.6816901e-002
 2.7324811e-002
 2.6873875e-002
 2.6173389e-002
 2.5656616e-002
 2.6636580e-002
 2.7648721e-002
 2.8420325e-002
 2.7670750e-002
 2.7565744e-002
 2.7647760e-002
 2.7339606e-002
 2.7049158e-002
 2.7010404e-002
 2.7295161e-002
 2.7184380e-002
 2.7045049e-002
 2.6934108e-002
 2.7036924e-002
 2.7479051e-002
 2.7775558e-002
 2.7643351e-002
 2.7486304e-002
 2.7507890e-002
 2.7631357e-002
 2.7286496e-002
 2.7244555e-002
 2.7424863e-002
 2.7849592e-002
 2.8046165e-002
 2.7994959e-002
 2.7728701e-002
 2.8057700e-002
 2.8230812e-002
 2.8287364e-002
 2.8244255e-002
 2.8406287e-002
 2.8477507e-002
 2.8339133e-002
 2.8732710e-002
 2.8898736e-002
 2.8906923e-002
 2.9075097e-002
 2.9268971e-002
 2.9395288e-002
 2.9366843e-002
 2.9558910e-002
 2.9719010e-002
 2.9844396e-002
 3.0223811e-002
 3.0413359e-002
 3.0497491e-002
 3.0542806e-002
 3.0811563e-002
 3.1056736e-002
 3.1217081e-002
 3.1586677e-002
 3.1797733e-002
 3.1956393e-002
 3.2356706e-002
 3.2580175e-002
 3.2780491e-002
 3.3036843e-002
 3.3351902e-002
 3.3748928e-002
 3.4192447e-002
 3.4466725e-002
 3.4715429e-002
 3.4944277e-002
 3.5154633e-002
 3.5436802e-002
 3.5707664e-002
 3.5954047e-002
 3.6210503e-002
 3.6371194e-002
 3.6518730e-002
 3.6829207e-002
 3.6914278e-002
 3.7008449e-002
 3.7205465e-002
 3.7312984e-002
 3.7415180e-002
 3.7502844e-002
 3.7515268e-002
 3.7537668e-002
 3.7577797e-002
 3.7647448e-002
 3.7828252e-002
 3.7886932e-002
 3.7822712e-002
 3.7913498e-002
 3.8002104e-002
 3.8069930e-002
 3.8080379e-002
 3.8204957e-002
 3.8298625e-002
 3.8320161e-002
 3.8384467e-002
 3.8512245e-002
 3.8670573e-002
 3.8774315e-002
 3.8845528e-002
 3.8915265e-002
 3.8999956e-002
 3.9215140e-002
 3.9391436e-002
 3.9537948e-002
 3.9771669e-002
 3.9967872e-002
 4.0149767e-002
 4.0337265e-002
 4.0584169e-002
 4.0814739e-002
 4.1024756e-002
 4.1420333e-002
 4.1738164e-002
 4.2017352e-002
 4.2320408e-002
 4.2637911e-002
 4.2990621e-002
 4.3392994e-002
 4.3807805e-002
 4.4244677e-002
 4.4692267e-002
 4.5114540e-002
 4.5613978e-002
 4.6131738e-002
 4.6638593e-002
 4.7104415e-002
 4.7629636e-002
 4.8216030e-002
 4.8779465e-002
 4.9354319e-002
 4.9940798e-002
 5.0554663e-002
 5.1203270e-002
 5.1851463e-002
 5.2493185e-002
 5.3181015e-002
 5.3889696e-002
 5.4607589e-002
 5.5321369e-002
 5.6101121e-002
 5.6885347e-002
 5.7651289e-002
 5.8510818e-002
 5.9350654e-002
 6.0175601e-002
 6.1058220e-002
 6.1932992e-002
 6.2822253e-002
 6.3763991e-002
 6.4711198e-002
 6.5664791e-002
 6.6627756e-002
 6.7639649e-002
 6.8613783e-002
 6.9584243e-002
 7.0627175e-002
 7.1624957e-002
 7.2646379e-002
 7.3720478e-002
 7.4765921e-002
 7.5792834e-002
 7.6807566e-002
 7.7839583e-002
 7.8902498e-002
 7.9952948e-002
 8.0968216e-002
 8.2017794e-002
 8.3055153e-002
 8.4075637e-002
 8.5079446e-002
 8.6051375e-002
 8.7016918e-002
 8.8015981e-002
 8.8993415e-002
 8.9939594e-002
 9.0853140e-002
 9.1788121e-002
 9.2685372e-002
 9.3552060e-002
 9.4403297e-002
 9.5261835e-002
 9.6101649e-002
 9.6909262e-002
 9.7684771e-002
 9.8453321e-002
 9.9211954e-002
 9.9921823e-002
 1.0062470e-001
 1.0131557e-001
 1.0198560e-001
 1.0260553e-001
 1.0321783e-001
 1.0382746e-001
 1.0440746e-001
 1.0495096e-001
 1.0547652e-001
 1.0601247e-001
 1.0650095e-001
 1.0697891e-001
 1.0746156e-001
 1.0784490e-001
 1.0824270e-001
 1.0864360e-001
 1.0899241e-001
 1.0933419e-001
 1.0965700e-001
 1.0994584e-001
 1.1022182e-001
 1.1050636e-001
 1.1079657e-001
 1.1107645e-001
 1.1136948e-001
 1.1164498e-001
 1.1185314e-001
 1.1204987e-001
 1.1222970e-001
 1.1239260e-001
 1.1259554e-001
 1.1279007e-001
 1.1297579e-001
 1.1314642e-001
 1.1327507e-001
 1.1340676e-001
 1.1356359e-001
 1.1367987e-001
 1.1380882e-001
 1.1394625e-001
 1.1406127e-001
 1.1415476e-001
 1.1423865e-001
 1.1431935e-001
 1.1438979e-001
 1.1447084e-001
 1.1456390e-001
 1.1462943e-001
 1.1469787e-001
 1.1477301e-001
 1.1486509e-001
 1.1492781e-001
 1.1497808e-001
 1.1501951e-001
 1.1508603e-001
 1.1515671e-001
 1.1521963e-001
 1.1523233e-001
 1.1528416e-001
 1.1534358e-001
 1.1539298e-001
 1.1543846e-001
 1.1547137e-001
 1.1549608e-001
 1.1555133e-001
 1.1558855e-001
 1.1561620e-001
 1.1564134e-001
 1.1569104e-001
 1.1572747e-001
 1.1574296e-001
 1.1580346e-001
 1.1584119e-001
 1.1587042e-001
 1.1592028e-001
 1.1597403e-001
 1.1601882e-001
 1.1604722e-001
 1.1610940e-001
 1.1615394e-001
 1.1618465e-001
 1.1622526e-001
 1.1627411e-001
 1.1632391e-001
 1.1636868e-001
 1.1644057e-001
 1.1650150e-001
 1.1654799e-001
 1.1660853e-001
 1.1665121e-001
 1.1668993e-001
 1.1674588e-001
 1.1679927e-001
 1.1685452e-001
 1.1691332e-001
 1.1698189e-001
 1.1704079e-001
 1.1709556e-001
 1.1716403e-001
 1.1724047e-001
 1.1731923e-001
 1.1739800e-001
 1.1745745e-001
 1.1752800e-001
 1.1760785e-001
 1.1766998e-001
 1.1775595e-001
 1.1784074e-001
 1.1789596e-001
 1.1799311e-001
 1.1808949e-001
 1.1817683e-001
 1.1826004e-001
 1.1834199e-001
 1.1842567e-001
 1.1851911e-001
 1.1861998e-001
 1.1872128e-001
 1.1882041e-001
 1.1891123e-001
 1.1900429e-001
 1.1910045e-001
 1.1920288e-001
 1.1931067e-001
 1.1942000e-001
 1.1952819e-001
 1.1962064e-001
 1.1971373e-001
 1.1981083e-001
 1.1992936e-001
 1.2004745e-001
 1.2015708e-001
 1.2024164e-001
 1.2035710e-001
 1.2047433e-001
 1.2058547e-001
 1.2069011e-001
 1.2080000e-001
 1.2091009e-001
 1.2100548e-001
 1.2110651e-001
 1.2121214e-001
 1.2132321e-001
 1.2142599e-001
 1.2152416e-001
 1.2161972e-001
 1.2172398e-001
 1.2182644e-001
 1.2192650e-001
 1.2202250e-001
 1.2212975e-001
 1.2223204e-001
 1.2232506e-001
 1.2238960e-001
 1.2247217e-001
 1.2256141e-001
 1.2263698e-001
 1.2273178e-001
 1.2281767e-001
 1.2288257e-001
 1.2296309e-001
 1.2303554e-001
 1.2310334e-001
 1.2318278e-001
 1.2325038e-001
 1.2331161e-001
 1.2336873e-001
 1.2343396e-001
 1.2348810e-001
 1.2352943e-001
 1.2356737e-001
 1.2362143e-001
 1.2367776e-001
 1.2371626e-001
 1.2374141e-001
 1.2376955e-001
 1.2380527e-001
 1.2383308e-001
 1.2386142e-001
 1.2388828e-001
 1.2390669e-001
 1.2390774e-001
 1.2390918e-001
 1.2392069e-001
 1.2393571e-001
 1.2394394e-001
 1.2394616e-001
 1.2394997e-001
 1.2394324e-001
 1.2393526e-001
 1.2393557e-001
 1.2393667e-001
 1.2392961e-001
 1.2391312e-001
 1.2390077e-001
 1.2387350e-001
 1.2384032e-001
 1.2381727e-001
 1.2378603e-001
 1.2375203e-001
 1.2371661e-001
 1.2367624e-001
 1.2363215e-001
 1.2358479e-001
 1.2353528e-001
 1.2348401e-001
 1.2342920e-001
 1.2336796e-001
 1.2330817e-001
 1.2325457e-001
 1.2320668e-001
 1.2315433e-001
 1.2309061e-001
 1.2302078e-001
 1.2294944e-001
 1.2286965e-001
 1.2279239e-001
 1.2272053e-001
 1.2264565e-001
 1.2257159e-001
 1.2249710e-001
 1.2241827e-001
 1.2233235e-001
 1.2224684e-001
 1.2216584e-001
 1.2206578e-001
 1.2198187e-001
 1.2191124e-001
 1.2182586e-001
 1.2173806e-001
 1.2164921e-001
 1.2156016e-001
 1.2146562e-001
 1.2136981e-001
 1.2127370e-001
 1.2118236e-001
 1.2108305e-001
 1.2098019e-001
 1.2088083e-001
 1.2077295e-001
 1.2067039e-001
 1.2057896e-001
 1.2048196e-001
 1.2038933e-001
 1.2029653e-001
 1.2018510e-001
 1.2008052e-001
 1.1997509e-001
 1.1986287e-001
 1.1977819e-001
 1.1969461e-001
 1.1960771e-001
 1.1950083e-001
 1.1940334e-001
 1.1930476e-001
 1.1919060e-001
 1.1909360e-001
 1.1899460e-001
 1.1888921e-001
 1.1879592e-001
 1.1870079e-001
 1.1860050e-001
 1.1848386e-001
 1.1839969e-001
 1.1831258e-001
 1.1820468e-001
 1.1810223e-001
 1.1799683e-001
 1.1789319e-001
 1.1782043e-001
 1.1772960e-001
 1.1763515e-001
 1.1754996e-001
 1.1746769e-001
 1.1737391e-001
 1.1726751e-001
 1.1717577e-001
 1.1708653e-001
 1.1699843e-001
 1.1690989e-001
 1.1683359e-001
 1.1676500e-001
 1.1670410e-001
 1.1662137e-001
 1.1654209e-001
 1.1646335e-001
 1.1637387e-001
 1.1628051e-001
 1.1619426e-001
 1.1612467e-001
 1.1605322e-001
 1.1597528e-001
 1.1589654e-001
 1.1586942e-001
 1.1582012e-001
 1.1575666e-001
 1.1568367e-001
 1.1562486e-001
 1.1556838e-001
 1.1551123e-001
 1.1544520e-001
 1.1538192e-001
 1.1531948e-001
 1.1525361e-001
 1.1519310e-001
 1.1513739e-001
 1.1508777e-001
 1.1504197e-001
 1.1498565e-001
 1.1492154e-001
 1.1486804e-001
 1.1481912e-001
 1.1478467e-001
 1.1478027e-001
 1.1471830e-001
 1.1466857e-001
 1.1463856e-001
 1.1458126e-001
 1.1455081e-001
 1.1452952e-001
 1.1449131e-001
 1.1445363e-001
 1.1442471e-001
 1.1440854e-001
 1.1436731e-001
 1.1432765e-001
 1.1429445e-001
 1.1428749e-001
 1.1428380e-001
 1.1426679e-001
 1.1422144e-001
 1.1420024e-001
 1.1418194e-001
 1.1416531e-001
 1.1415234e-001
 1.1414424e-001
 1.1413887e-001
 1.1413492e-001
 1.1412013e-001
 1.1409660e-001
 1.1406577e-001
 1.1407780e-001
 1.1406203e-001
 1.1403841e-001
 1.1405326e-001
 1.1405147e-001
 1.1403887e-001
 1.1401581e-001
 1.1402939e-001
 1.1402718e-001
 1.1401490e-001
 1.1403033e-001
 1.1404696e-001
 1.1405320e-001
 1.1403445e-001
 1.1406840e-001
 1.1408738e-001
 1.1408354e-001
 1.1408402e-001
 1.1409242e-001
 1.1409760e-001
 1.1407906e-001
 1.1409640e-001
 1.1411700e-001
 1.1413144e-001
 1.1415483e-001
 1.1417455e-001
 1.1419078e-001
 1.1420269e-001
 1.1422463e-001
 1.1424825e-001
 1.1426875e-001
 1.1426692e-001
 1.1426711e-001
 1.1427413e-001
 1.1430877e-001
 1.1433215e-001
 1.1436122e-001
 1.1441853e-001
 1.1444595e-001
 1.1445057e-001
 1.1443585e-001
 1.1449954e-001
 1.1452825e-001
 1.1453810e-001
 1.1455950e-001
 1.1460020e-001
 1.1465335e-001
 1.1471903e-001
 1.1473378e-001
 1.1474855e-001
 1.1477062e-001
 1.1483005e-001
 1.1484817e-001
 1.1486758e-001
 1.1492379e-001
 1.1493060e-001
 1.1494230e-001
 1.1497154e-001
 1.1508831e-001
 1.1512677e-001
 1.1513697e-001
 1.1518743e-001
 1.1521832e-001
 1.1524879e-001
 1.1528452e-001
 1.1534411e-001
 1.1541400e-001
 1.1548095e-001
 1.1549907e-001
 1.1553982e-001
 1.1557662e-001
 1.1559214e-001
 1.1566745e-001
 1.1572386e-001
 1.1575726e-001
 1.1578113e-001
 1.1581735e-001
 1.1587507e-001
 1.1597390e-001
 1.1600396e-001
 1.1604473e-001
 1.1610967e-001
 1.1613363e-001
 1.1617363e-001
 1.1622195e-001
 1.1626382e-001
 1.1630233e-001
 1.1636869e-001
 1.1648110e-001
 1.1650503e-001
 1.1651828e-001
 1.1670575e-001
 1.1689337e-001
 1.1690349e-001
 1.1684448e-001
 1.1661410e-001
 1.1645608e-001
 1.1660676e-001
 1.1676019e-001
 1.1677673e-001
 1.1673722e-001
 1.1694670e-001
 1.1735182e-001
 1.1755998e-001
 1.1760321e-001
 1.1760525e-001
 1.1758948e-001
 1.1762017e-001
 1.1774892e-001
 1.1790848e-001
 1.1802813e-001
 1.1814210e-001
 1.1820466e-001
 1.1821593e-001
 1.1816951e-001
 1.1814585e-001
 1.1819415e-001
 1.1827080e-001
 1.1839482e-001
 1.1850336e-001
 1.1853603e-001
 1.1856634e-001
 1.1861643e-001
 1.1865821e-001
 1.1873976e-001
 1.1892707e-001
 1.1910736e-001
 1.1921827e-001
 1.1929744e-001
 1.1929265e-001
 1.1927049e-001
 1.1929835e-001
 1.1935398e-001
 1.1945123e-001
 1.1958445e-001
 1.1971215e-001
 1.1981685e-001
 1.1989971e-001
 1.1991471e-001
 1.1989239e-001
 1.1991611e-001
 1.2001073e-001
 1.2013318e-001
 1.2024212e-001
 1.2033574e-001
 1.2042173e-001
 1.2049979e-001
 1.2056475e-001
 1.2062346e-001
 1.2068226e-001
 1.2075350e-001
 1.2085285e-001
 1.2096629e-001
 1.2107050e-001
 1.2115267e-001
 1.2117945e-001
 1.2117875e-001
 1.2125047e-001
 1.2136019e-001
 1.2148131e-001
 1.2166878e-001
 1.2184245e-001
 1.2192959e-001
 1.2197828e-001
 1.2199958e-001
 1.2203043e-001
 1.2209559e-001
 1.2220440e-001
 1.2235210e-001
 1.2247339e-001
 1.2254307e-001
 1.2259781e-001
 1.2263078e-001
 1.2266609e-001
 1.2276683e-001
 1.2290242e-001
 1.2306277e-001
 1.2321628e-001
 1.2332223e-001
 1.2338382e-001
 1.2343711e-001
 1.2349775e-001
 1.2355168e-001
 1.2363794e-001
 1.2375730e-001
 1.2388945e-001
 1.2400226e-001
 1.2407355e-001
 1.2413510e-001
 1.2419416e-001
 1.2425392e-001
 1.2432998e-001
 1.2442168e-001
 1.2454865e-001
 1.2467530e-001
 1.2477874e-001
 1.2487593e-001
 1.2494301e-001
 1.2498584e-001
 1.2503563e-001
 1.2511207e-001
 1.2523258e-001
 1.2538333e-001
 1.2551261e-001
 1.2561366e-001
 1.2570514e-001
 1.2577814e-001
 1.2585196e-001
 1.2592451e-001
 1.2599842e-001
 1.2609984e-001
 1.2620564e-001
 1.2631582e-001
 1.2642346e-001
 1.2647372e-001
 1.2650883e-001
 1.2655489e-001
 1.2660168e-001
 1.2670507e-001
 1.2685266e-001
 1.2696140e-001
 1.2703203e-001
 1.2709436e-001
 1.2714456e-001
 1.2720825e-001
 1.2730242e-001
 1.2740122e-001
 1.2751269e-001
 1.2761153e-001
 1.2766473e-001
 1.2771775e-001
 1.2775330e-001
 1.2778297e-001
 1.2784199e-001
 1.2791146e-001
 1.2800832e-001
 1.2810604e-001
 1.2818889e-001
 1.2826683e-001
 1.2835200e-001
 1.2843715e-001
 1.2849301e-001
 1.2852706e-001
 1.2858404e-001
 1.2866899e-001
 1.2875135e-001
 1.2883584e-001
 1.2891005e-001
 1.2894142e-001
 1.2897304e-001
 1.2901391e-001
 1.2905385e-001
 1.2910694e-001
 1.2916036e-001
 1.2921391e-001
 1.2926327e-001
 1.2931289e-001
 1.2936477e-001
 1.2941958e-001
 1.2947424e-001
 1.2955393e-001
 1.2964824e-001
 1.2972242e-001
 1.2977970e-001
 1.2981685e-001
 1.2982889e-001
 1.2986301e-001
 1.2993790e-001
 1.3001660e-001
 1.3010669e-001
 1.3018537e-001
 1.3020664e-001
 1.3022830e-001
 1.3026261e-001
 1.3029683e-001
 1.3031428e-001
 1.3033080e-001
 1.3038599e-001
 1.3044634e-001
 1.3048831e-001
 1.3052532e-001
 1.3055630e-001
 1.3058449e-001
 1.3062377e-001
 1.3067034e-001
 1.3073242e-001
 1.3080835e-001
 1.3086434e-001
 1.3089493e-001
 1.3092418e-001
 1.3094805e-001
 1.3097753e-001
 1.3103148e-001
 1.3108484e-001
 1.3112415e-001
 1.3116486e-001
 1.3121542e-001
 1.3126321e-001
 1.3127649e-001
 1.3128959e-001
 1.3132440e-001
 1.3136023e-001
 1.3141815e-001
 1.3147976e-001
 1.3152173e-001
 1.3155657e-001
 1.3158636e-001
 1.3161613e-001
 1.3165259e-001
 1.3169128e-001
 1.3172984e-001
 1.3177250e-001
 1.3181043e-001
 1.3182925e-001
 1.3183695e-001
 1.3183998e-001
 1.3185003e-001
 1.3187955e-001
 1.3191476e-001
 1.3196519e-001
 1.3201386e-001
 1.3203505e-001
 1.3205333e-001
 1.3207266e-001
 1.3209394e-001
 1.3212371e-001
 1.3215454e-001
 1.3217793e-001
 1.3219777e-001
 1.3220982e-001
 1.3221739e-001
 1.3222505e-001
 1.3223779e-001
 1.3226815e-001
 1.3230908e-001
 1.3234892e-001
 1.3238460e-001
 1.3241264e-001
 1.3243289e-001
 1.3244924e-001
 1.3246229e-001
 1.3247731e-001
 1.3249931e-001
 1.3252775e-001
 1.3256393e-001
 1.3259648e-001
 1.3261081e-001
 1.3262199e-001
 1.3264222e-001
 1.3266294e-001
 1.3266037e-001
 1.3265553e-001
 1.3267645e-001
 1.3270196e-001
 1.3272543e-001
 1.3274345e-001
 1.3274847e-001
 1.3275786e-001
 1.3276592e-001
 1.3276713e-001
 1.3278073e-001
 1.3280272e-001
 1.3281530e-001
 1.3282104e-001
 1.3282479e-001
 1.3282472e-001
 1.3282362e-001
 1.3283148e-001
 1.3283995e-001
 1.3284305e-001
 1.3285032e-001
 1.3286296e-001
 1.3287207e-001
 1.3286622e-001
 1.3285910e-001
 1.3286735e-001
 1.3288486e-001
 1.3292949e-001
 1.3297218e-001
 1.3298310e-001
 1.3298590e-001
 1.3298002e-001
 1.3297570e-001
 1.3298513e-001
 1.3299632e-001
 1.3302627e-001
 1.3306075e-001
 1.3308148e-001
 1.3309555e-001
 1.3309529e-001
 1.3309352e-001
 1.3309439e-001
 1.3309644e-001
 1.3310330e-001
 1.3311268e-001
 1.3313231e-001
 1.3316330e-001
 1.3318187e-001
 1.3318318e-001
 1.3318655e-001
 1.3319860e-001
 1.3321705e-001
 1.3324511e-001
 1.3327074e-001
 1.3329017e-001
 1.3330257e-001
 1.3328749e-001
 1.3327269e-001
 1.3326767e-001
 1.3326594e-001
 1.3328607e-001
 1.3331243e-001
 1.3333109e-001
 1.3334347e-001
 1.3334291e-001
 1.3334267e-001
 1.3335085e-001
 1.3336028e-001
 1.3339613e-001
 1.3343726e-001
 1.3344294e-001
 1.3344386e-001
 1.3344797e-001
 1.3344611e-001
 1.3345723e-001
 1.3347360e-001
 1.3348457e-001
 1.3349940e-001
 1.3351414e-001
 1.3351920e-001
 1.3351618e-001
 1.3351060e-001
 1.3351054e-001
 1.3351665e-001
 1.3352585e-001
 1.3355038e-001
 1.3357359e-001
 1.3359472e-001
 1.3361998e-001
 1.3363789e-001
 1.3364801e-001
 1.3365802e-001
 1.3367251e-001
 1.3369367e-001
 1.3371742e-001
 1.3374555e-001
 1.3377224e-001
 1.3378713e-001
 1.3379489e-001
 1.3379221e-001
 1.3379605e-001
 1.3382638e-001
 1.3385548e-001
 1.3385987e-001
 1.3385771e-001
 1.3385192e-001
 1.3385133e-001
 1.3385886e-001
 1.3386339e-001
 1.3386469e-001
 1.3386928e-001
 1.3387334e-001
 1.3387382e-001
 1.3387243e-001
 1.3386911e-001
 1.3387558e-001
 1.3389127e-001
 1.3391066e-001
 1.3394058e-001
 1.3397269e-001
 1.3398699e-001
 1.3398664e-001
 1.3397069e-001
 1.3395792e-001
 1.3395694e-001
 1.3395785e-001
 1.3396643e-001
 1.3396980e-001
 1.3396242e-001
 1.3395181e-001
 1.3392305e-001
 1.3389106e-001
 1.3386974e-001
 1.3385817e-001
 1.3386171e-001
 1.3386452e-001
 1.3385990e-001
 1.3385466e-001
 1.3385043e-001
 1.3384709e-001
 1.3384688e-001
 1.3384692e-001
 1.3386336e-001
 1.3389193e-001
 1.3391638e-001
 1.3392819e-001
 1.3391423e-001
 1.3389543e-001
 1.3389564e-001
 1.3390528e-001
 1.3391341e-001
 1.3392077e-001
 1.3391562e-001
 1.3390343e-001
 1.3389505e-001
 1.3388856e-001
 1.3388234e-001
 1.3387686e-001
 1.3387261e-001
 1.3387308e-001
 1.3388062e-001
 1.3388951e-001
 1.3388652e-001
 1.3387308e-001
 1.3386083e-001
 1.3384892e-001
 1.3384522e-001
 1.3385323e-001
 1.3385601e-001
 1.3385801e-001
 1.3386028e-001
 1.3385420e-001
 1.3385667e-001
 1.3387835e-001
 1.3390343e-001
 1.3393621e-001
 1.3395648e-001
 1.3394888e-001
 1.3394773e-001
 1.3395622e-001
 1.3395606e-001
 1.3394961e-001
 1.3395441e-001
 1.3397264e-001
 1.3398458e-001
 1.3398063e-001
 1.3397664e-001
 1.3397126e-001
 1.3396426e-001
 1.3396700e-001
 1.3397463e-001
 1.3398588e-001
 1.3399522e-001
 1.3399872e-001
 1.3400002e-001
 1.3399479e-001
 1.3398981e-001
 1.3398744e-001
 1.3398646e-001
 1.3400172e-001
 1.3401987e-001
 1.3402905e-001
 1.3403584e-001
 1.3403244e-001
 1.3402681e-001
 1.3404396e-001
 1.3406700e-001
 1.3407971e-001
 1.3408878e-001
 1.3409421e-001
 1.3410144e-001
 1.3411029e-001
 1.3411675e-001
 1.3412052e-001
 1.3412262e-001
 1.3414106e-001
 1.3416666e-001
 1.3417841e-001
 1.3418511e-001
 1.3419150e-001
 1.3420017e-001
 1.3421524e-001
 1.3423747e-001
 1.3426355e-001
 1.3428053e-001
 1.3428575e-001
 1.3429083e-001
 1.3429417e-001
 1.3429070e-001
 1.3429219e-001
 1.3430208e-001
 1.3431171e-001
 1.3432127e-001
 1.3432866e-001
 1.3433769e-001
 1.3434061e-001
 1.3433433e-001
 1.3433543e-001
 1.3434376e-001
 1.3435203e-001
 1.3436154e-001
 1.3437413e-001
 1.3438609e-001
 1.3439618e-001
 1.3440372e-001
 1.3440497e-001
 1.3440253e-001
 1.3441044e-001
 1.3442986e-001
 1.3443814e-001
 1.3443577e-001
 1.3443758e-001
 1.3444513e-001
 1.3444455e-001
 1.3443597e-001
 1.3444482e-001
 1.3446769e-001
 1.3447449e-001
 1.3446513e-001
 1.3445786e-001
 1.3445780e-001
 1.3446516e-001
 1.3447604e-001
 1.3448840e-001
 1.3450354e-001
 1.3451545e-001
 1.3452508e-001
 1.3453293e-001
 1.3453178e-001
 1.3452792e-001
 1.3452771e-001
 1.3453299e-001
 1.3454539e-001
 1.3455512e-001
 1.3455972e-001
 1.3456753e-001
 1.3458350e-001
 1.3459413e-001
 1.3459283e-001
 1.3459393e-001
 1.3460034e-001
 1.3460584e-001
 1.3461280e-001
 1.3461530e-001
 1.3459796e-001
 1.3458614e-001
 1.3458972e-001
 1.3459493e-001
 1.3459899e-001
 1.3460316e-001
 1.3461286e-001
 1.3461792e-001
 1.3461709e-001
 1.3462435e-001
 1.3464403e-001
 1.3465975e-001
 1.3467452e-001
 1.3468869e-001
 1.3469349e-001
 1.3469887e-001
 1.3470016e-001
 1.3470384e-001
 1.3472389e-001
 1.3474490e-001
 1.3476489e-001
 1.3478307e-001
 1.3479365e-001
 1.3480340e-001
 1.3480860e-001
 1.3481799e-001
 1.3484578e-001
 1.3487254e-001
 1.3489278e-001
 1.3490902e-001
 1.3492116e-001
 1.3493557e-001
 1.3494742e-001
 1.3495655e-001
 1.3496467e-001
 1.3497208e-001
 1.3497642e-001
 1.3498199e-001
 1.3499135e-001
 1.3499832e-001
 1.3499573e-001
 1.3499254e-001
 1.3499255e-001
 1.3499539e-001
 1.3500538e-001
 1.3501525e-001
 1.3502073e-001
 1.3502078e-001
 1.3501288e-001
 1.3501097e-001
 1.3501725e-001
 1.3501790e-001
 1.3500783e-001
 1.3500226e-001
 1.3500880e-001
 1.3501474e-001
 1.3501494e-001
 1.3501583e-001
 1.3501878e-001
 1.3502741e-001
 1.3504775e-001
 1.3506974e-001
 1.3508835e-001
 1.3509814e-001
 1.3510312e-001
 1.3511133e-001
 1.3512178e-001
 1.3513452e-001
 1.3514660e-001
 1.3515218e-001
 1.3515301e-001
 1.3515261e-001
 1.3515078e-001
 1.3514692e-001
 1.3514270e-001
 1.3514659e-001
 1.3515450e-001
 1.3515013e-001
 1.3513929e-001
 1.3513277e-001
 1.3512966e-001
 1.3512294e-001
 1.3511282e-001
 1.3511568e-001
 1.3512495e-001
 1.3512491e-001
 1.3512081e-001
 1.3510834e-001
 1.3509063e-001
 1.3508932e-001
 1.3509646e-001
 1.3509382e-001
 1.3508734e-001
 1.3508348e-001
 1.3507982e-001
 1.3507488e-001
 1.3507022e-001
 1.3506912e-001
 1.3506772e-001
 1.3507645e-001
 1.3508768e-001
 1.3509199e-001
 1.3509549e-001
 1.3509871e-001
 1.3510114e-001
 1.3511153e-001
 1.3512295e-001
 1.3514382e-001
 1.3516642e-001
 1.3518356e-001
 1.3519955e-001
 1.3520384e-001
 1.3520607e-001
 1.3521512e-001
 1.3522635e-001
 1.3524416e-001
 1.3525881e-001
 1.3525544e-001
 1.3525462e-001
 1.3526149e-001
 1.3526706e-001
 1.3527328e-001
 1.3528249e-001
 1.3529612e-001
 1.3530557e-001
 1.3530391e-001
 1.3530488e-001
 1.3531604e-001
 1.3532817e-001
 1.3534050e-001
 1.3535210e-001
 1.3536194e-001
 1.3536817e-001
 1.3536900e-001
 1.3536927e-001
 1.3536958e-001
 1.3537225e-001
 1.3537835e-001
 1.3538709e-001
 1.3539684e-001
 1.3540718e-001
 1.3541721e-001
 1.3541926e-001
 1.3541795e-001
 1.3541919e-001
 1.3542047e-001
 1.3543159e-001
 1.3544792e-001
 1.3545015e-001
 1.3544756e-001
 1.3545412e-001
 1.3546291e-001
 1.3545020e-001
 1.3543355e-001
 1.3544448e-001
 1.3545956e-001
 1.3547063e-001
 1.3548037e-001
 1.3547935e-001
 1.3547859e-001
 1.3549384e-001
 1.3550882e-001
 1.3551530e-001
 1.3552336e-001
 1.3554287e-001
 1.3555932e-001
 1.3556345e-001
 1.3556659e-001
 1.3556360e-001
 1.3556835e-001
 1.3559364e-001
 1.3561234e-001
 1.3561812e-001
 1.3562320e-001
 1.3562715e-001
 1.3563104e-001
 1.3563545e-001
 1.3564481e-001
 1.3565877e-001
 1.3566597e-001
 1.3566729e-001
 1.3565768e-001
 1.3564064e-001
 1.3562715e-001
 1.3561575e-001
 1.3561995e-001
 1.3563035e-001
 1.3562459e-001
 1.3561359e-001
 1.3558809e-001
 1.3555942e-001
 1.3555038e-001
 1.3554405e-001
 1.3555302e-001
 1.3556318e-001
 1.3557139e-001
 1.3557857e-001
 1.3556911e-001
 1.3556094e-001
 1.3556316e-001
 1.3556354e-001
 1.3555379e-001
 1.3554458e-001
 1.3553694e-001
 1.3552970e-001
 1.3552339e-001
 1.3551453e-001
 1.3550143e-001
 1.3550259e-001
 1.3552146e-001
 1.3552636e-001
 1.3551697e-001
 1.3550235e-001
 1.3548383e-001
 1.3546775e-001
 1.3545328e-001
 1.3546181e-001
 1.3547960e-001
 1.3547310e-001
 1.3545956e-001
 1.3544717e-001
 1.3543420e-001
 1.3543390e-001
 1.3543510e-001
 1.3544716e-001
 1.3545895e-001
 1.3545045e-001
 1.3544069e-001
 1.3542473e-001
 1.3541271e-001
 1.3541536e-001
 1.3542148e-001
 1.3543850e-001
 1.3545458e-001
 1.3547049e-001
 1.3548097e-001
 1.3548222e-001
 1.3548045e-001
 1.3547602e-001
 1.3548212e-001
 1.3549599e-001
 1.3551082e-001
 1.3552566e-001
 1.3550375e-001
 1.3546753e-001
 1.3546227e-001
 1.3546458e-001
 1.3547133e-001
 1.3547786e-001
 1.3547671e-001
 1.3547584e-001
 1.3545556e-001
 1.3543686e-001
 1.3544294e-001
 1.3544941e-001
 1.3544153e-001
 1.3542667e-001
 1.3542721e-001
 1.3543721e-001
 1.3545397e-001
 1.3545629e-001
 1.3545793e-001
 1.3545884e-001
 1.3544175e-001
 1.3541321e-001
 1.3539110e-001
 1.3538621e-001
 1.3539441e-001
 1.3542399e-001
 1.3543968e-001
 1.3542931e-001
 1.3542373e-001
 1.3541240e-001
 1.3537392e-001
 1.3533719e-001
 1.3533163e-001
 1.3533919e-001
 1.3535611e-001
 1.3536224e-001
 1.3536936e-001
 1.3538378e-001
 1.3538066e-001
 1.3536605e-001
 1.3535011e-001
 1.3534203e-001
 1.3534486e-001
 1.3536520e-001
 1.3537696e-001
 1.3536550e-001
 1.3535599e-001
 1.3536401e-001
 1.3537462e-001
 1.3538757e-001
 1.3541278e-001
 1.3542767e-001
 1.3542034e-001
 1.3541886e-001
 1.3542649e-001
 1.3543157e-001
 1.3542987e-001
 1.3542412e-001
 1.3540272e-001
 1.3538221e-001
 1.3537632e-001
 1.3538496e-001
 1.3538839e-001
 1.3537623e-001
 1.3536602e-001
 1.3536400e-001
 1.3535756e-001
 1.3532458e-001
 1.3530171e-001
 1.3530865e-001
 1.3532227e-001
 1.3533342e-001
 1.3533893e-001
 1.3533700e-001
 1.3531893e-001
 1.3530523e-001
 1.3529974e-001
 1.3530056e-001
 1.3530546e-001
 1.3531074e-001
 1.3531998e-001
 1.3532756e-001
 1.3533786e-001
 1.3535441e-001
 1.3537164e-001
 1.3540101e-001
 1.3542739e-001
 1.3542628e-001
 1.3541526e-001
 1.3540542e-001
 1.3539332e-001
 1.3536389e-001
 1.3531670e-001
 1.3527361e-001
 1.3523804e-001
 1.3520095e-001
 1.3515610e-001
 1.3511291e-001
 1.3508373e-001
 1.3505360e-001
 1.3501349e-001
 1.3497154e-001
 1.3493268e-001
 1.3490246e-001
 1.3487697e-001
 1.3485558e-001
 1.3483292e-001
 1.3480838e-001
 1.3477917e-001
 1.3472490e-001
 1.3467048e-001
 1.3463555e-001
 1.3461384e-001
 1.3459924e-001
 1.3459745e-001
 1.3458700e-001
 1.3455708e-001
 1.3452241e-001
 1.3445418e-001
 1.3438924e-001
 1.3433477e-001
 1.3428590e-001
 1.3423987e-001
 1.3419452e-001
 1.3414074e-001
 1.3407327e-001
 1.3400593e-001
 1.3393486e-001
 1.3386865e-001
 1.3382341e-001
 1.3377666e-001
 1.3372582e-001
 1.3367476e-001
 1.3363428e-001
 1.3359718e-001
 1.3354495e-001
 1.3347842e-001
 1.3342415e-001
 1.3339232e-001
 1.3336067e-001
 1.3334149e-001
 1.3331741e-001
 1.3328236e-001
 1.3324450e-001
 1.3319018e-001
 1.3313152e-001
 1.3309422e-001
 1.3307501e-001
 1.3306136e-001
 1.3306434e-001
 1.3306126e-001
 1.3304494e-001
 1.3302760e-001
 1.3300116e-001
 1.3297383e-001
 1.3294828e-001
 1.3292535e-001
 1.3291621e-001
 1.3291712e-001
 1.3291772e-001
 1.3292113e-001
 1.3291530e-001
 1.3288438e-001
 1.3286033e-001
 1.3285451e-001
 1.3285168e-001
 1.3286395e-001
 1.3287464e-001
 1.3286898e-001
 1.3285546e-001
 1.3285129e-001
 1.3285466e-001
 1.3284948e-001
 1.3283227e-001
 1.3281810e-001
 1.3280596e-001
 1.3279533e-001
 1.3279603e-001
 1.3279232e-001
 1.3278048e-001
 1.3276753e-001
 1.3275470e-001
 1.3274005e-001
 1.3272317e-001
 1.3270314e-001
 1.3268110e-001
 1.3265653e-001
 1.3263127e-001
 1.3260128e-001
 1.3257694e-001
 1.3257454e-001
 1.3257383e-001
 1.3258129e-001
 1.3259001e-001
 1.3259065e-001
 1.3258742e-001
 1.3258457e-001
 1.3258034e-001
 1.3257346e-001
 1.3255529e-001
 1.3253984e-001
 1.3253473e-001
 1.3252950e-001
 1.3253601e-001
 1.3254696e-001
 1.3254820e-001
 1.3254277e-001
 1.3254146e-001
 1.3254151e-001
 1.3254564e-001
 1.3256431e-001
 1.3258435e-001
 1.3260232e-001
 1.3261567e-001
 1.3262226e-001
 1.3262817e-001
 1.3263115e-001
 1.3263784e-001
 1.3266687e-001
 1.3270324e-001
 1.3273014e-001
 1.3275112e-001
 1.3276944e-001
 1.3278666e-001
 1.3280158e-001
 1.3280977e-001
 1.3282357e-001
 1.3284580e-001
 1.3286366e-001
 1.3286376e-001
 1.3286088e-001
 1.3284341e-001
 1.3282384e-001
 1.3282900e-001
 1.3284479e-001
 1.3286030e-001
 1.3288455e-001
 1.3290812e-001
 1.3292710e-001
 1.3294268e-001
 1.3293743e-001
 1.3293138e-001
 1.3292560e-001
 1.3292383e-001
 1.3295153e-001
 1.3298281e-001
 1.3299200e-001
 1.3299040e-001
 1.3298297e-001
 1.3297155e-001
 1.3296691e-001
 1.3296451e-001
 1.3296881e-001
 1.3299178e-001
 1.3300404e-001
 1.3298574e-001
 1.3296536e-001
 1.3294762e-001
 1.3294251e-001
 1.3294894e-001
 1.3295679e-001
 1.3296299e-001
 1.3296218e-001
 1.3295323e-001
 1.3294356e-001
 1.3293354e-001
 1.3292916e-001
 1.3293415e-001
 1.3294071e-001
 1.3294938e-001
 1.3297372e-001
 1.3298923e-001
 1.3298543e-001
 1.3298099e-001
 1.3296776e-001
 1.3295682e-001
 1.3295232e-001
 1.3294774e-001
 1.3296203e-001
 1.3299362e-001
 1.3300522e-001
 1.3299724e-001
 1.3298438e-001
 1.3295360e-001
 1.3293239e-001
 1.3293335e-001
 1.3293643e-001
 1.3295865e-001
 1.3298249e-001
 1.3299839e-001
 1.3301300e-001
 1.3302031e-001
 1.3302200e-001
 1.3302085e-001
 1.3301726e-001
 1.3302478e-001
 1.3304351e-001
 1.3304958e-001
 1.3303587e-001
 1.3302213e-001
 1.3300905e-001
 1.3300242e-001
 1.3300647e-001
 1.3300598e-001
 1.3301508e-001
 1.3302748e-001
 1.3303089e-001
 1.3303341e-001
 1.3303946e-001
 1.3304687e-001
 1.3304937e-001
 1.3303885e-001
 1.3304161e-001
 1.3306546e-001
 1.3306832e-001
 1.3304017e-001
 1.3302746e-001
 1.3304283e-001
 1.3305126e-001
 1.3304874e-001
 1.3304430e-001
 1.3306439e-001
 1.3309251e-001
 1.3309190e-001
 1.3308069e-001
 1.3306288e-001
 1.3303633e-001
 1.3303982e-001
 1.3306484e-001
 1.3309470e-001
 1.3313843e-001
 1.3316572e-001
 1.3317397e-001
 1.3317463e-001
 1.3315152e-001
 1.3313428e-001
 1.3312326e-001
 1.3311148e-001
 1.3310422e-001
 1.3310114e-001
 1.3310421e-001
 1.3311517e-001
 1.3314156e-001
 1.3317062e-001
 1.3317840e-001
 1.3316943e-001
 1.3316649e-001
 1.3317870e-001
 1.3319229e-001
 1.3319515e-001
 1.3319296e-001
 1.3317516e-001
 1.3316330e-001
 1.3315129e-001
 1.3314594e-001
 1.3317266e-001
 1.3319992e-001
 1.3321811e-001
 1.3323808e-001
 1.3324243e-001
 1.3324231e-001
 1.3323797e-001
 1.3323116e-001
 1.3322726e-001
 1.3322963e-001
 1.3324097e-001
 1.3326013e-001
 1.3326390e-001
 1.3324708e-001
 1.3323919e-001
 1.3323550e-001
 1.3324176e-001
 1.3327241e-001
 1.3329722e-001
 1.3330787e-001
 1.3331829e-001
 1.3330653e-001
 1.3330181e-001
 1.3330527e-001
 1.3330603e-001
 1.3330314e-001
 1.3329558e-001
 1.3328326e-001
 1.3327119e-001
 1.3325675e-001
 1.3324448e-001
 1.3323785e-001
 1.3322799e-001
 1.3320871e-001
 1.3318560e-001
 1.3316113e-001
 1.3314180e-001
 1.3312104e-001
 1.3308845e-001
 1.3306707e-001
 1.3307373e-001
 1.3307312e-001
 1.3306373e-001
 1.3305306e-001
 1.3305844e-001
 1.3306977e-001
 1.3306561e-001
 1.3305722e-001
 1.3304953e-001
 1.3303719e-001
 1.3303335e-001
 1.3303484e-001
 1.3301662e-001
 1.3298869e-001
 1.3295451e-001
 1.3290378e-001
 1.3287222e-001
 1.3287275e-001
 1.3287719e-001
 1.3289933e-001
 1.3292202e-001
 1.3296631e-001
 1.3298601e-001
 1.3293041e-001
 1.3288356e-001
 1.3286793e-001
 1.3285398e-001
 1.3285856e-001
 1.3286211e-001
 1.3285148e-001
 1.3282984e-001
 1.3279660e-001
 1.3276148e-001
 1.3273458e-001
 1.3270766e-001
 1.3268299e-001
 1.3266061e-001
 1.3263635e-001
 1.3260770e-001
 1.3255841e-001
 1.3248920e-001
 1.3242632e-001
 1.3236161e-001
 1.3231845e-001
 1.3232437e-001
 1.3231784e-001
 1.3229391e-001
 1.3227053e-001
 1.3222636e-001
 1.3219064e-001
 1.3218448e-001
 1.3217512e-001
 1.3216600e-001
 1.3215563e-001
 1.3213713e-001
 1.3211158e-001
 1.3205662e-001
 1.3200738e-001
 1.3199349e-001
 1.3199131e-001
 1.3200499e-001
 1.3201895e-001
 1.3200063e-001
 1.3196689e-001
 1.3195200e-001
 1.3195041e-001
 1.3193884e-001
 1.3191585e-001
 1.3190006e-001
 1.3189304e-001
 1.3188776e-001
 1.3189241e-001
 1.3188986e-001
 1.3187367e-001
 1.3185719e-001
 1.3183087e-001
 1.3180530e-001
 1.3179746e-001
 1.3178763e-001
 1.3178968e-001
 1.3178700e-001
 1.3176687e-001
 1.3174918e-001
 1.3171780e-001
 1.3169578e-001
 1.3173436e-001
 1.3176255e-001
 1.3172635e-001
 1.3168362e-001
 1.3163561e-001
 1.3159031e-001
 1.3157082e-001
 1.3155827e-001
 1.3155825e-001
 1.3156384e-001
 1.3155602e-001
 1.3153866e-001
 1.3150205e-001
 1.3145524e-001
 1.3142312e-001
 1.3140021e-001
 1.3140129e-001
 1.3142943e-001
 1.3142587e-001
 1.3138212e-001
 1.3131851e-001
 1.3122782e-001
 1.3114582e-001
 1.3107730e-001
 1.3101786e-001
 1.3097474e-001
 1.3093224e-001
 1.3089539e-001
 1.3085547e-001
 1.3080637e-001
 1.3077471e-001
 1.3078791e-001
 1.3079840e-001
 1.3081072e-001
 1.3082448e-001
 1.3085191e-001
 1.3086683e-001
 1.3083969e-001
 1.3081346e-001
 1.3076092e-001
 1.3071471e-001
 1.3069455e-001
 1.3067289e-001
 1.3063902e-001
 1.3060704e-001
 1.3057329e-001
 1.3054487e-001
 1.3055278e-001
 1.3056301e-001
 1.3056186e-001
 1.3055621e-001
 1.3053371e-001
 1.3050811e-001
 1.3050249e-001
 1.3050032e-001
 1.3048033e-001
 1.3045576e-001
 1.3044402e-001
 1.3043536e-001
 1.3040760e-001
 1.3037455e-001
 1.3037580e-001
 1.3040003e-001
 1.3040760e-001
 1.3040255e-001
 1.3041779e-001
 1.3045199e-001
 1.3048217e-001
 1.3051376e-001
 1.3052654e-001
 1.3051601e-001
 1.3049434e-001
 1.3045593e-001
 1.3043724e-001
 1.3043648e-001
 1.3042875e-001
 1.3042213e-001
 1.3038151e-001
 1.3028021e-001
 1.3021457e-001
 1.3019177e-001
 1.3017139e-001
 1.3016857e-001
 1.3017391e-001
 1.3018189e-001
 1.3016900e-001
 1.3011673e-001
 1.3007703e-001
 1.3007289e-001
 1.3008228e-001
 1.3011794e-001
 1.3012028e-001
 1.3003793e-001
 1.2996674e-001
 1.2990595e-001
 1.2986130e-001
 1.2986492e-001
 1.2986031e-001
 1.2984517e-001
 1.2983029e-001
 1.2982498e-001
 1.2978865e-001
 1.2965499e-001
 1.2954021e-001
 1.2947042e-001
 1.2940826e-001
 1.2937084e-001
 1.2933722e-001
 1.2931758e-001
 1.2929426e-001
 1.2925240e-001
 1.2921563e-001
 1.2920186e-001
 1.2918808e-001
 1.2918833e-001
 1.2918174e-001
 1.2916541e-001
 1.2912798e-001
 1.2897426e-001
 1.2884460e-001
 1.2881760e-001
 1.2877788e-001
 1.2869710e-001
 1.2862472e-001
 1.2857494e-001
 1.2851605e-001
 1.2842548e-001
 1.2834910e-001
 1.2834051e-001
 1.2834004e-001
 1.2839861e-001
 1.2842287e-001
 1.2828010e-001
 1.2819299e-001
 1.2833036e-001
 1.2840824e-001
 1.2831341e-001
 1.2825049e-001
 1.2825364e-001
 1.2823734e-001
 1.2817834e-001
 1.2811758e-001
 1.2801661e-001
 1.2793361e-001
 1.2791111e-001
 1.2789854e-001
 1.2793304e-001
 1.2794310e-001
 1.2788486e-001
 1.2783498e-001
 1.2777156e-001
 1.2772791e-001
 1.2782268e-001
 1.2790295e-001
 1.2789063e-001
 1.2788093e-001
 1.2789266e-001
 1.2788266e-001
 1.2780523e-001
 1.2773508e-001
 1.2766919e-001
 1.2765193e-001
 1.2777199e-001
 1.2786192e-001
 1.2790580e-001
 1.2788744e-001
 1.2767603e-001
 1.2752233e-001
 1.2748756e-001
 1.2750751e-001
 1.2766412e-001
 1.2771347e-001
 1.2759069e-001
 1.2752047e-001
 1.2748887e-001
 1.2745543e-001
 1.2746017e-001
 1.2743601e-001
 1.2734309e-001
 1.2725070e-001
 1.2714660e-001
 1.2706393e-001
 1.2703896e-001
 1.2705451e-001
 1.2713058e-001
 1.2718618e-001
 1.2722819e-001
 1.2722754e-001
 1.2711224e-001
 1.2699081e-001
 1.2688762e-001
 1.2675563e-001
 1.2664680e-001
 1.2666795e-001
 1.2676860e-001
 1.2680766e-001
 1.2679911e-001
 1.2677272e-001
 1.2670816e-001
 1.2657925e-001
 1.2644136e-001
 1.2637429e-001
 1.2635805e-001
 1.2639143e-001
 1.2641142e-001
 1.2638630e-001
 1.2634128e-001
 1.2616231e-001
 1.2600675e-001
 1.2622863e-001
 1.2648322e-001
 1.2650573e-001
 1.2644926e-001
 1.2626038e-001
 1.2612054e-001
 1.2610781e-001
 1.2610778e-001
 1.2611294e-001
 1.2611789e-001
 1.2609647e-001
 1.2597327e-001
 1.2564047e-001
 1.2536876e-001
 1.2537776e-001
 1.2533511e-001
 1.2520072e-001
 1.2518035e-001
 1.2513287e-001
 1.2511955e-001
 1.2542824e-001
 1.2553994e-001
 1.2531859e-001
 1.2540460e-001
 1.2588689e-001
 1.2617423e-001
 1.2620245e-001
