splib07b Record=14563: Pigeonite HS199.4B           ASDFRd AREF
 6.4821929e-002
 8.0172017e-002
 8.8393196e-002
 8.0517925e-002
 6.9531523e-002
 7.0649065e-002
 7.8025028e-002
 7.9576090e-002
 7.7507742e-002
 7.8212976e-002
 8.2867131e-002
 9.1119573e-002
 9.3015566e-002
 8.8526554e-002
 8.7360702e-002
 8.5614622e-002
 8.4574245e-002
 8.8418536e-002
 8.9945227e-002
 9.0957955e-002
 9.3987614e-002
 9.7803660e-002
 9.6197039e-002
 9.1675527e-002
 9.1767423e-002
 9.2839502e-002
 9.2984267e-002
 9.3389153e-002
 9.2636533e-002
 9.5263973e-002
 1.0048746e-001
 1.0113055e-001
 9.9411555e-002
 9.8893046e-002
 1.0059344e-001
 9.9395372e-002
 9.7651295e-002
 9.8557457e-002
 9.9906333e-002
 1.0231427e-001
 1.0444593e-001
 1.0376883e-001
 1.0197169e-001
 1.0142359e-001
 1.0237341e-001
 1.0282665e-001
 1.0289650e-001
 1.0344169e-001
 1.0459990e-001
 1.0596675e-001
 1.0648085e-001
 1.0524010e-001
 1.0500899e-001
 1.0587414e-001
 1.0649556e-001
 1.0625197e-001
 1.0578560e-001
 1.0603796e-001
 1.0769701e-001
 1.0881191e-001
 1.0851618e-001
 1.0739274e-001
 1.0721669e-001
 1.0797714e-001
 1.0858992e-001
 1.0830810e-001
 1.0807212e-001
 1.0856683e-001
 1.0977405e-001
 1.1030069e-001
 1.1013642e-001
 1.1006139e-001
 1.0994724e-001
 1.1026324e-001
 1.1079533e-001
 1.1085046e-001
 1.1082951e-001
 1.1123555e-001
 1.1226535e-001
 1.1241802e-001
 1.1205327e-001
 1.1203615e-001
 1.1223539e-001
 1.1266024e-001
 1.1302401e-001
 1.1301130e-001
 1.1322856e-001
 1.1366560e-001
 1.1400630e-001
 1.1418240e-001
 1.1427806e-001
 1.1441368e-001
 1.1440180e-001
 1.1470965e-001
 1.1507711e-001
 1.1484467e-001
 1.1525681e-001
 1.1581772e-001
 1.1584829e-001
 1.1584139e-001
 1.1593109e-001
 1.1608531e-001
 1.1619739e-001
 1.1639259e-001
 1.1660326e-001
 1.1667167e-001
 1.1717679e-001
 1.1751255e-001
 1.1739025e-001
 1.1741245e-001
 1.1750637e-001
 1.1756368e-001
 1.1753948e-001
 1.1777878e-001
 1.1808378e-001
 1.1819758e-001
 1.1866626e-001
 1.1891928e-001
 1.1880268e-001
 1.1868311e-001
 1.1879884e-001
 1.1899269e-001
 1.1902411e-001
 1.1918836e-001
 1.1949122e-001
 1.1978240e-001
 1.1995367e-001
 1.2001581e-001
 1.2002295e-001
 1.1986688e-001
 1.1996016e-001
 1.2014875e-001
 1.2017857e-001
 1.2038244e-001
 1.2073259e-001
 1.2101313e-001
 1.2100145e-001
 1.2094266e-001
 1.2095938e-001
 1.2092168e-001
 1.2107562e-001
 1.2125294e-001
 1.2132638e-001
 1.2157583e-001
 1.2181707e-001
 1.2191685e-001
 1.2188299e-001
 1.2191046e-001
 1.2203748e-001
 1.2216987e-001
 1.2232284e-001
 1.2243598e-001
 1.2252356e-001
 1.2267419e-001
 1.2281644e-001
 1.2287760e-001
 1.2284622e-001
 1.2284791e-001
 1.2294171e-001
 1.2307459e-001
 1.2312055e-001
 1.2322710e-001
 1.2347317e-001
 1.2391754e-001
 1.2411893e-001
 1.2416843e-001
 1.2435143e-001
 1.2448144e-001
 1.2458176e-001
 1.2469824e-001
 1.2480839e-001
 1.2494958e-001
 1.2515168e-001
 1.2550555e-001
 1.2554094e-001
 1.2546825e-001
 1.2557912e-001
 1.2571964e-001
 1.2578493e-001
 1.2579705e-001
 1.2584622e-001
 1.2595165e-001
 1.2609760e-001
 1.2628494e-001
 1.2627485e-001
 1.2623143e-001
 1.2630495e-001
 1.2644212e-001
 1.2650694e-001
 1.2651064e-001
 1.2653938e-001
 1.2664898e-001
 1.2675007e-001
 1.2677637e-001
 1.2680040e-001
 1.2682098e-001
 1.2683359e-001
 1.2687525e-001
 1.2686570e-001
 1.2686428e-001
 1.2694784e-001
 1.2707624e-001
 1.2715299e-001
 1.2716712e-001
 1.2720913e-001
 1.2723628e-001
 1.2725808e-001
 1.2736809e-001
 1.2739547e-001
 1.2739000e-001
 1.2744823e-001
 1.2756827e-001
 1.2763196e-001
 1.2762110e-001
 1.2763099e-001
 1.2766968e-001
 1.2772177e-001
 1.2778978e-001
 1.2779157e-001
 1.2778303e-001
 1.2781748e-001
 1.2786336e-001
 1.2788081e-001
 1.2786606e-001
 1.2783489e-001
 1.2780592e-001
 1.2778845e-001
 1.2777901e-001
 1.2775980e-001
 1.2777738e-001
 1.2782745e-001
 1.2784220e-001
 1.2782592e-001
 1.2779327e-001
 1.2772176e-001
 1.2773673e-001
 1.2777132e-001
 1.2775357e-001
 1.2773845e-001
 1.2781110e-001
 1.2791511e-001
 1.2791862e-001
 1.2789486e-001
 1.2787648e-001
 1.2783580e-001
 1.2782221e-001
 1.2780558e-001
 1.2776947e-001
 1.2770861e-001
 1.2774026e-001
 1.2780008e-001
 1.2775710e-001
 1.2769204e-001
 1.2766625e-001
 1.2767047e-001
 1.2760928e-001
 1.2756079e-001
 1.2757106e-001
 1.2759343e-001
 1.2762830e-001
 1.2764272e-001
 1.2762955e-001
 1.2756045e-001
 1.2755799e-001
 1.2763895e-001
 1.2760991e-001
 1.2758508e-001
 1.2761784e-001
 1.2764268e-001
 1.2765838e-001
 1.2764944e-001
 1.2762325e-001
 1.2754679e-001
 1.2753482e-001
 1.2757364e-001
 1.2748174e-001
 1.2742174e-001
 1.2742798e-001
 1.2741739e-001
 1.2741408e-001
 1.2740853e-001
 1.2739454e-001
 1.2732053e-001
 1.2728646e-001
 1.2729998e-001
 1.2727036e-001
 1.2727439e-001
 1.2730193e-001
 1.2731163e-001
 1.2734337e-001
 1.2735128e-001
 1.2731822e-001
 1.2725300e-001
 1.2721463e-001
 1.2722069e-001
 1.2725545e-001
 1.2726483e-001
 1.2725534e-001
 1.2725331e-001
 1.2725505e-001
 1.2722026e-001
 1.2717013e-001
 1.2717116e-001
 1.2715928e-001
 1.2714323e-001
 1.2715852e-001
 1.2717669e-001
 1.2717684e-001
 1.2716360e-001
 1.2714118e-001
 1.2714662e-001
 1.2716219e-001
 1.2714989e-001
 1.2714286e-001
 1.2713917e-001
 1.2712793e-001
 1.2716989e-001
 1.2719682e-001
 1.2718314e-001
 1.2714873e-001
 1.2717357e-001
 1.2719373e-001
 1.2712358e-001
 1.2712866e-001
 1.2716900e-001
 1.2717658e-001
 1.2719679e-001
 1.2721735e-001
 1.2721241e-001
 1.2713715e-001
 1.2715052e-001
 1.2718643e-001
 1.2714790e-001
 1.2715410e-001
 1.2718143e-001
 1.2719698e-001
 1.2723073e-001
 1.2723398e-001
 1.2721267e-001
 1.2718351e-001
 1.2723471e-001
 1.2726155e-001
 1.2721479e-001
 1.2727174e-001
 1.2732130e-001
 1.2730938e-001
 1.2729396e-001
 1.2727609e-001
 1.2727652e-001
 1.2729536e-001
 1.2730983e-001
 1.2729770e-001
 1.2728168e-001
 1.2732492e-001
 1.2734951e-001
 1.2735192e-001
 1.2739737e-001
 1.2736316e-001
 1.2734535e-001
 1.2740476e-001
 1.2740563e-001
 1.2738018e-001
 1.2738305e-001
 1.2742853e-001
 1.2746499e-001
 1.2748340e-001
 1.2750916e-001
 1.2749404e-001
 1.2747627e-001
 1.2748104e-001
 1.2749141e-001
 1.2749007e-001
 1.2749274e-001
 1.2752414e-001
 1.2755069e-001
 1.2754659e-001
 1.2752385e-001
 1.2751260e-001
 1.2752302e-001
 1.2753697e-001
 1.2754324e-001
 1.2753496e-001
 1.2753761e-001
 1.2756360e-001
 1.2760098e-001
 1.2759340e-001
 1.2754922e-001
 1.2754096e-001
 1.2754646e-001
 1.2754533e-001
 1.2755708e-001
 1.2753569e-001
 1.2754384e-001
 1.2761021e-001
 1.2763092e-001
 1.2758350e-001
 1.2753353e-001
 1.2756929e-001
 1.2756777e-001
 1.2753209e-001
 1.2754038e-001
 1.2752827e-001
 1.2752765e-001
 1.2755004e-001
 1.2755859e-001
 1.2750421e-001
 1.2743947e-001
 1.2743984e-001
 1.2744954e-001
 1.2743522e-001
 1.2740907e-001
 1.2741120e-001
 1.2742153e-001
 1.2741113e-001
 1.2737773e-001
 1.2732875e-001
 1.2729685e-001
 1.2729925e-001
 1.2727052e-001
 1.2722652e-001
 1.2719938e-001
 1.2716168e-001
 1.2714332e-001
 1.2712809e-001
 1.2707749e-001
 1.2700479e-001
 1.2694748e-001
 1.2691548e-001
 1.2687942e-001
 1.2683995e-001
 1.2680382e-001
 1.2676553e-001
 1.2672535e-001
 1.2668134e-001
 1.2663354e-001
 1.2657286e-001
 1.2650542e-001
 1.2644011e-001
 1.2637688e-001
 1.2632327e-001
 1.2627089e-001
 1.2621795e-001
 1.2612884e-001
 1.2603395e-001
 1.2596723e-001
 1.2587731e-001
 1.2579300e-001
 1.2573154e-001
 1.2565666e-001
 1.2559892e-001
 1.2554808e-001
 1.2548639e-001
 1.2537068e-001
 1.2526964e-001
 1.2522180e-001
 1.2509212e-001
 1.2496886e-001
 1.2489790e-001
 1.2481938e-001
 1.2474012e-001
 1.2465592e-001
 1.2456878e-001
 1.2443637e-001
 1.2432534e-001
 1.2425435e-001
 1.2410354e-001
 1.2398469e-001
 1.2390731e-001
 1.2377404e-001
 1.2368496e-001
 1.2359716e-001
 1.2345847e-001
 1.2334835e-001
 1.2325513e-001
 1.2314537e-001
 1.2298818e-001
 1.2286331e-001
 1.2277772e-001
 1.2269027e-001
 1.2258361e-001
 1.2246142e-001
 1.2234149e-001
 1.2223271e-001
 1.2212073e-001
 1.2199801e-001
 1.2186588e-001
 1.2175056e-001
 1.2165413e-001
 1.2156163e-001
 1.2144080e-001
 1.2130463e-001
 1.2117753e-001
 1.2107249e-001
 1.2094881e-001
 1.2080475e-001
 1.2065625e-001
 1.2056343e-001
 1.2048363e-001
 1.2037118e-001
 1.2025049e-001
 1.2012013e-001
 1.1998837e-001
 1.1986157e-001
 1.1974156e-001
 1.1960967e-001
 1.1945665e-001
 1.1934883e-001
 1.1926314e-001
 1.1915897e-001
 1.1899858e-001
 1.1890329e-001
 1.1884196e-001
 1.1871153e-001
 1.1857508e-001
 1.1844007e-001
 1.1829948e-001
 1.1822889e-001
 1.1816353e-001
 1.1805689e-001
 1.1789978e-001
 1.1781170e-001
 1.1774562e-001
 1.1760838e-001
 1.1751661e-001
 1.1740729e-001
 1.1726000e-001
 1.1722766e-001
 1.1715609e-001
 1.1700457e-001
 1.1682536e-001
 1.1676375e-001
 1.1671171e-001
 1.1656159e-001
 1.1643624e-001
 1.1636167e-001
 1.1630712e-001
 1.1628541e-001
 1.1618154e-001
 1.1602202e-001
 1.1586982e-001
 1.1582684e-001
 1.1577296e-001
 1.1563655e-001
 1.1554288e-001
 1.1546249e-001
 1.1538676e-001
 1.1537603e-001
 1.1527082e-001
 1.1513287e-001
 1.1505742e-001
 1.1500936e-001
 1.1490904e-001
 1.1476789e-001
 1.1465710e-001
 1.1460380e-001
 1.1457374e-001
 1.1454614e-001
 1.1444237e-001
 1.1432669e-001
 1.1425794e-001
 1.1422499e-001
 1.1416418e-001
 1.1407222e-001
 1.1398940e-001
 1.1393067e-001
 1.1390220e-001
 1.1389398e-001
 1.1379714e-001
 1.1368863e-001
 1.1362921e-001
 1.1359587e-001
 1.1351572e-001
 1.1341836e-001
 1.1335942e-001
 1.1336162e-001
 1.1332330e-001
 1.1321040e-001
 1.1316375e-001
 1.1311220e-001
 1.1302385e-001
 1.1296976e-001
 1.1287918e-001
 1.1280918e-001
 1.1281769e-001
 1.1279219e-001
 1.1272810e-001
 1.1266501e-001
 1.1262891e-001
 1.1255126e-001
 1.1247561e-001
 1.1251327e-001
 1.1244758e-001
 1.1236911e-001
 1.1238708e-001
 1.1241861e-001
 1.1235471e-001
 1.1224446e-001
 1.1227903e-001
 1.1219653e-001
 1.1206748e-001
 1.1207715e-001
 1.1203014e-001
 1.1199983e-001
 1.1203013e-001
 1.1198739e-001
 1.1193126e-001
 1.1190084e-001
 1.1189479e-001
 1.1180508e-001
 1.1171011e-001
 1.1169169e-001
 1.1164869e-001
 1.1163634e-001
 1.1165147e-001
 1.1160279e-001
 1.1155754e-001
 1.1154205e-001
 1.1154475e-001
 1.1143855e-001
 1.1134458e-001
 1.1134897e-001
 1.1143568e-001
 1.1142778e-001
 1.1134014e-001
 1.1131613e-001
 1.1129306e-001
 1.1124054e-001
 1.1117605e-001
 1.1111154e-001
 1.1112514e-001
 1.1118054e-001
 1.1121198e-001
 1.1110719e-001
 1.1101972e-001
 1.1112155e-001
 1.1111069e-001
 1.1101922e-001
 1.1097718e-001
 1.1090927e-001
 1.1090545e-001
 1.1095393e-001
 1.1100991e-001
 1.1098342e-001
 1.1093526e-001
 1.1093431e-001
 1.1094239e-001
 1.1086275e-001
 1.1073187e-001
 1.1062079e-001
 1.1073545e-001
 1.1085526e-001
 1.1073492e-001
 1.1050219e-001
 1.1053719e-001
 1.1084264e-001
 1.1064713e-001
 1.1036643e-001
 1.1034220e-001
 1.1029219e-001
 1.1050647e-001
 1.1060093e-001
 1.1051825e-001
 1.1048413e-001
 1.1027017e-001
 1.1011712e-001
 1.0979483e-001
 1.0953081e-001
 1.0947008e-001
 1.0943635e-001
 1.0963718e-001
 1.0995547e-001
 1.1003183e-001
 1.0991632e-001
 1.0981605e-001
 1.0961641e-001
 1.0983720e-001
 1.1030576e-001
 1.1060449e-001
 1.1096977e-001
 1.1095107e-001
 1.1051875e-001
 1.0998978e-001
 1.0937601e-001
 1.0905287e-001
 1.0922030e-001
 1.0948525e-001
 1.0977263e-001
 1.1007605e-001
 1.1022615e-001
 1.1026557e-001
 1.1039352e-001
 1.1030731e-001
 1.1026637e-001
 1.1054379e-001
 1.1060046e-001
 1.1070456e-001
 1.1069895e-001
 1.1045357e-001
 1.1010715e-001
 1.0973143e-001
 1.0963190e-001
 1.0995443e-001
 1.1032101e-001
 1.1057879e-001
 1.1084812e-001
 1.1087558e-001
 1.1063087e-001
 1.1045888e-001
 1.1029596e-001
 1.1040526e-001
 1.1067972e-001
 1.1073636e-001
 1.1083274e-001
 1.1078834e-001
 1.1062034e-001
 1.1059351e-001
 1.1056137e-001
 1.1044194e-001
 1.1053372e-001
 1.1087059e-001
 1.1114021e-001
 1.1134941e-001
 1.1151204e-001
 1.1149229e-001
 1.1131922e-001
 1.1103271e-001
 1.1104333e-001
 1.1126140e-001
 1.1144145e-001
 1.1165206e-001
 1.1167758e-001
 1.1153622e-001
 1.1139360e-001
 1.1127202e-001
 1.1119252e-001
 1.1129189e-001
 1.1160944e-001
 1.1193801e-001
 1.1216870e-001
 1.1227836e-001
 1.1224908e-001
 1.1215111e-001
 1.1203501e-001
 1.1200178e-001
 1.1209653e-001
 1.1228850e-001
 1.1249236e-001
 1.1249602e-001
 1.1238752e-001
 1.1235314e-001
 1.1237459e-001
 1.1240502e-001
 1.1251818e-001
 1.1274131e-001
 1.1298101e-001
 1.1329420e-001
 1.1345623e-001
 1.1345856e-001
 1.1343194e-001
 1.1334771e-001
 1.1339334e-001
 1.1353101e-001
 1.1362278e-001
 1.1374000e-001
 1.1373250e-001
 1.1364961e-001
 1.1353717e-001
 1.1341225e-001
 1.1334741e-001
 1.1342259e-001
 1.1373490e-001
 1.1405971e-001
 1.1436307e-001
 1.1450676e-001
 1.1445985e-001
 1.1449323e-001
 1.1450770e-001
 1.1452976e-001
 1.1462848e-001
 1.1475447e-001
 1.1493061e-001
 1.1500274e-001
 1.1498606e-001
 1.1481830e-001
 1.1464383e-001
 1.1460839e-001
 1.1466161e-001
 1.1485545e-001
 1.1504016e-001
 1.1524770e-001
 1.1535821e-001
 1.1525862e-001
 1.1519346e-001
 1.1519849e-001
 1.1530282e-001
 1.1545140e-001
 1.1558681e-001
 1.1578489e-001
 1.1591033e-001
 1.1594917e-001
 1.1588119e-001
 1.1581231e-001
 1.1579251e-001
 1.1581422e-001
 1.1600409e-001
 1.1619034e-001
 1.1626040e-001
 1.1627360e-001
 1.1618378e-001
 1.1608422e-001
 1.1604910e-001
 1.1612137e-001
 1.1627412e-001
 1.1647972e-001
 1.1666445e-001
 1.1670992e-001
 1.1670045e-001
 1.1665087e-001
 1.1661116e-001
 1.1668756e-001
 1.1677805e-001
 1.1686597e-001
 1.1695162e-001
 1.1704761e-001
 1.1710948e-001
 1.1705666e-001
 1.1700279e-001
 1.1694934e-001
 1.1695184e-001
 1.1707652e-001
 1.1726864e-001
 1.1741993e-001
 1.1745173e-001
 1.1744903e-001
 1.1745393e-001
 1.1745803e-001
 1.1750958e-001
 1.1758465e-001
 1.1768533e-001
 1.1779433e-001
 1.1782548e-001
 1.1783687e-001
 1.1773397e-001
 1.1763719e-001
 1.1766596e-001
 1.1775113e-001
 1.1787023e-001
 1.1797591e-001
 1.1805385e-001
 1.1809215e-001
 1.1807994e-001
 1.1804216e-001
 1.1800164e-001
 1.1801523e-001
 1.1809810e-001
 1.1828340e-001
 1.1846526e-001
 1.1853215e-001
 1.1857647e-001
 1.1853279e-001
 1.1848673e-001
 1.1852328e-001
 1.1857292e-001
 1.1869179e-001
 1.1881003e-001
 1.1889370e-001
 1.1894757e-001
 1.1891714e-001
 1.1886449e-001
 1.1884311e-001
 1.1885562e-001
 1.1893880e-001
 1.1909946e-001
 1.1923536e-001
 1.1930042e-001
 1.1934127e-001
 1.1934654e-001
 1.1935318e-001
 1.1938959e-001
 1.1943848e-001
 1.1963195e-001
 1.1982644e-001
 1.1986908e-001
 1.1989979e-001
 1.1988430e-001
 1.1986750e-001
 1.1983935e-001
 1.1981411e-001
 1.1994223e-001
 1.2013058e-001
 1.2028179e-001
 1.2040586e-001
 1.2047220e-001
 1.2048633e-001
 1.2052161e-001
 1.2059078e-001
 1.2066911e-001
 1.2076608e-001
 1.2085493e-001
 1.2091257e-001
 1.2095440e-001
 1.2089535e-001
 1.2084097e-001
 1.2088813e-001
 1.2093484e-001
 1.2106831e-001
 1.2120645e-001
 1.2130655e-001
 1.2140032e-001
 1.2139606e-001
 1.2136009e-001
 1.2136553e-001
 1.2138758e-001
 1.2149843e-001
 1.2167524e-001
 1.2179448e-001
 1.2186378e-001
 1.2189639e-001
 1.2186497e-001
 1.2186670e-001
 1.2192775e-001
 1.2201052e-001
 1.2219296e-001
 1.2234679e-001
 1.2235541e-001
 1.2236869e-001
 1.2234453e-001
 1.2232069e-001
 1.2238253e-001
 1.2244455e-001
 1.2257794e-001
 1.2272674e-001
 1.2283097e-001
 1.2293009e-001
 1.2294888e-001
 1.2292265e-001
 1.2296047e-001
 1.2302791e-001
 1.2316316e-001
 1.2336481e-001
 1.2346712e-001
 1.2347624e-001
 1.2349158e-001
 1.2348520e-001
 1.2350158e-001
 1.2356428e-001
 1.2363102e-001
 1.2374511e-001
 1.2385055e-001
 1.2397663e-001
 1.2409660e-001
 1.2401211e-001
 1.2392830e-001
 1.2403430e-001
 1.2414287e-001
 1.2430423e-001
 1.2448013e-001
 1.2454361e-001
 1.2459472e-001
 1.2460837e-001
 1.2458684e-001
 1.2464033e-001
 1.2472697e-001
 1.2486807e-001
 1.2505908e-001
 1.2516701e-001
 1.2523164e-001
 1.2529649e-001
 1.2531358e-001
 1.2534693e-001
 1.2539937e-001
 1.2546076e-001
 1.2556425e-001
 1.2564385e-001
 1.2572366e-001
 1.2580954e-001
 1.2577522e-001
 1.2575296e-001
 1.2582888e-001
 1.2590517e-001
 1.2603360e-001
 1.2617284e-001
 1.2626612e-001
 1.2636605e-001
 1.2638648e-001
 1.2637132e-001
 1.2644653e-001
 1.2654345e-001
 1.2669823e-001
 1.2689833e-001
 1.2700078e-001
 1.2705187e-001
 1.2709181e-001
 1.2710240e-001
 1.2715013e-001
 1.2722810e-001
 1.2732333e-001
 1.2746239e-001
 1.2757216e-001
 1.2765117e-001
 1.2771112e-001
 1.2769386e-001
 1.2770821e-001
 1.2777892e-001
 1.2785962e-001
 1.2804967e-001
 1.2822211e-001
 1.2831421e-001
 1.2841360e-001
 1.2847246e-001
 1.2851804e-001
 1.2858477e-001
 1.2864408e-001
 1.2879640e-001
 1.2898086e-001
 1.2907201e-001
 1.2915720e-001
 1.2918639e-001
 1.2915671e-001
 1.2917422e-001
 1.2921646e-001
 1.2932165e-001
 1.2947991e-001
 1.2955302e-001
 1.2958510e-001
 1.2960804e-001
 1.2957390e-001
 1.2954037e-001
 1.2948702e-001
 1.2949023e-001
 1.2964107e-001
 1.2973335e-001
 1.2974496e-001
 1.2975973e-001
 1.2968297e-001
 1.2962689e-001
 1.2961040e-001
 1.2958950e-001
 1.2956512e-001
 1.2952271e-001
 1.2941612e-001
 1.2932076e-001
 1.2917015e-001
 1.2899917e-001
 1.2882949e-001
 1.2865405e-001
 1.2852855e-001
 1.2843980e-001
 1.2832257e-001
 1.2820688e-001
 1.2803757e-001
 1.2782930e-001
 1.2771203e-001
 1.2763236e-001
 1.2759522e-001
 1.2759554e-001
 1.2753117e-001
 1.2745090e-001
 1.2741941e-001
 1.2740223e-001
 1.2742701e-001
 1.2747487e-001
 1.2755777e-001
 1.2773772e-001
 1.2791647e-001
 1.2812100e-001
 1.2833306e-001
 1.2851189e-001
 1.2871015e-001
 1.2892409e-001
 1.2915669e-001
 1.2953219e-001
 1.2987466e-001
 1.3014485e-001
 1.3040823e-001
 1.3053811e-001
 1.3068205e-001
 1.3090983e-001
 1.3112727e-001
 1.3136421e-001
 1.3160208e-001
 1.3172449e-001
 1.3184498e-001
 1.3191138e-001
 1.3194863e-001
 1.3203743e-001
 1.3213658e-001
 1.3228668e-001
 1.3244705e-001
 1.3249284e-001
 1.3252814e-001
 1.3254251e-001
 1.3252424e-001
 1.3259578e-001
 1.3269952e-001
 1.3280828e-001
 1.3293780e-001
 1.3300192e-001
 1.3303751e-001
 1.3306470e-001
 1.3306102e-001
 1.3308461e-001
 1.3311934e-001
 1.3320027e-001
 1.3335381e-001
 1.3344887e-001
 1.3349991e-001
 1.3353372e-001
 1.3349488e-001
 1.3347571e-001
 1.3347562e-001
 1.3348529e-001
 1.3354990e-001
 1.3358758e-001
 1.3360359e-001
 1.3362129e-001
 1.3357411e-001
 1.3355060e-001
 1.3354555e-001
 1.3353480e-001
 1.3358648e-001
 1.3362753e-001
 1.3365722e-001
 1.3368854e-001
 1.3363662e-001
 1.3358757e-001
 1.3361000e-001
 1.3363183e-001
 1.3372383e-001
 1.3382442e-001
 1.3387060e-001
 1.3392533e-001
 1.3391474e-001
 1.3388070e-001
 1.3396192e-001
 1.3404088e-001
 1.3414784e-001
 1.3427894e-001
 1.3435115e-001
 1.3442622e-001
 1.3452494e-001
 1.3459525e-001
 1.3465160e-001
 1.3470598e-001
 1.3482030e-001
 1.3496566e-001
 1.3503022e-001
 1.3507770e-001
 1.3508032e-001
 1.3504046e-001
 1.3506193e-001
 1.3510233e-001
 1.3516620e-001
 1.3526420e-001
 1.3529989e-001
 1.3531783e-001
 1.3531753e-001
 1.3527116e-001
 1.3527323e-001
 1.3529752e-001
 1.3536391e-001
 1.3550243e-001
 1.3557293e-001
 1.3558680e-001
 1.3561173e-001
 1.3560781e-001
 1.3560124e-001
 1.3558757e-001
 1.3560297e-001
 1.3567887e-001
 1.3570730e-001
 1.3569394e-001
 1.3567948e-001
 1.3561653e-001
 1.3557239e-001
 1.3556276e-001
 1.3557266e-001
 1.3563649e-001
 1.3566184e-001
 1.3563760e-001
 1.3562714e-001
 1.3560793e-001
 1.3560286e-001
 1.3561434e-001
 1.3562731e-001
 1.3566379e-001
 1.3568202e-001
 1.3570122e-001
 1.3572408e-001
 1.3566542e-001
 1.3561402e-001
 1.3561775e-001
 1.3562462e-001
 1.3567881e-001
 1.3571540e-001
 1.3571426e-001
 1.3571502e-001
 1.3565464e-001
 1.3560930e-001
 1.3561343e-001
 1.3561259e-001
 1.3567714e-001
 1.3573726e-001
 1.3574657e-001
 1.3575886e-001
 1.3571835e-001
 1.3567580e-001
 1.3567075e-001
 1.3566591e-001
 1.3568133e-001
 1.3569386e-001
 1.3569416e-001
 1.3570189e-001
 1.3567108e-001
 1.3563418e-001
 1.3557827e-001
 1.3551664e-001
 1.3552277e-001
 1.3553548e-001
 1.3553242e-001
 1.3553911e-001
 1.3548903e-001
 1.3542490e-001
 1.3541752e-001
 1.3541016e-001
 1.3540633e-001
 1.3540691e-001
 1.3537589e-001
 1.3534957e-001
 1.3532516e-001
 1.3528861e-001
 1.3525732e-001
 1.3522905e-001
 1.3524404e-001
 1.3526586e-001
 1.3523833e-001
 1.3520958e-001
 1.3514732e-001
 1.3507617e-001
 1.3507648e-001
 1.3508250e-001
 1.3504978e-001
 1.3501419e-001
 1.3497961e-001
 1.3495177e-001
 1.3487673e-001
 1.3478552e-001
 1.3476217e-001
 1.3474864e-001
 1.3478592e-001
 1.3483471e-001
 1.3478789e-001
 1.3472955e-001
 1.3459972e-001
 1.3445343e-001
 1.3441427e-001
 1.3439164e-001
 1.3442005e-001
 1.3445705e-001
 1.3442998e-001
 1.3439676e-001
 1.3429400e-001
 1.3417639e-001
 1.3414027e-001
 1.3411388e-001
 1.3418932e-001
 1.3428296e-001
 1.3426082e-001
 1.3422529e-001
 1.3412148e-001
 1.3400438e-001
 1.3394728e-001
 1.3389708e-001
 1.3394418e-001
 1.3400625e-001
 1.3397439e-001
 1.3393126e-001
 1.3382456e-001
 1.3370921e-001
 1.3367210e-001
 1.3364251e-001
 1.3363239e-001
 1.3362449e-001
 1.3354848e-001
 1.3346705e-001
 1.3338719e-001
 1.3330717e-001
 1.3325270e-001
 1.3319990e-001
 1.3320053e-001
 1.3320349e-001
 1.3313797e-001
 1.3306901e-001
 1.3298333e-001
 1.3289793e-001
 1.3284615e-001
 1.3279763e-001
 1.3282730e-001
 1.3285747e-001
 1.3280566e-001
 1.3274847e-001
 1.3263585e-001
 1.3252282e-001
 1.3246529e-001
 1.3241424e-001
 1.3242026e-001
 1.3242613e-001
 1.3238363e-001
 1.3233498e-001
 1.3224728e-001
 1.3216108e-001
 1.3213117e-001
 1.3210075e-001
 1.3206881e-001
 1.3203813e-001
 1.3194592e-001
 1.3185479e-001
 1.3181375e-001
 1.3176341e-001
 1.3169825e-001
 1.3165382e-001
 1.3166420e-001
 1.3167316e-001
 1.3164327e-001
 1.3158320e-001
 1.3146922e-001
 1.3136241e-001
 1.3128467e-001
 1.3123885e-001
 1.3126074e-001
 1.3127050e-001
 1.3123122e-001
 1.3117538e-001
 1.3111040e-001
 1.3103637e-001
 1.3095784e-001
 1.3090955e-001
 1.3089284e-001
 1.3089976e-001
 1.3090919e-001
 1.3084410e-001
 1.3071485e-001
 1.3060336e-001
 1.3053745e-001
 1.3052860e-001
 1.3054313e-001
 1.3053761e-001
 1.3051443e-001
 1.3042723e-001
 1.3031019e-001
 1.3023649e-001
 1.3019057e-001
 1.3017048e-001
 1.3015194e-001
 1.3014202e-001
 1.3012426e-001
 1.3005945e-001
 1.2998343e-001
 1.2991019e-001
 1.2985672e-001
 1.2985027e-001
 1.2985294e-001
 1.2983570e-001
 1.2978406e-001
 1.2961198e-001
 1.2943870e-001
 1.2936871e-001
 1.2933858e-001
 1.2936690e-001
 1.2938282e-001
 1.2931554e-001
 1.2922059e-001
 1.2912640e-001
 1.2904003e-001
 1.2898538e-001
 1.2895274e-001
 1.2898809e-001
 1.2902591e-001
 1.2896726e-001
 1.2887578e-001
 1.2881447e-001
 1.2873521e-001
 1.2864469e-001
 1.2859084e-001
 1.2860616e-001
 1.2864475e-001
 1.2857598e-001
 1.2844908e-001
 1.2830257e-001
 1.2814952e-001
 1.2805890e-001
 1.2802331e-001
 1.2799928e-001
 1.2798861e-001
 1.2794819e-001
 1.2781078e-001
 1.2764257e-001
 1.2755410e-001
 1.2755539e-001
 1.2760352e-001
 1.2766048e-001
 1.2768784e-001
 1.2764820e-001
 1.2754731e-001
 1.2745030e-001
 1.2731865e-001
 1.2721209e-001
 1.2722632e-001
 1.2722313e-001
 1.2716956e-001
 1.2708564e-001
 1.2701261e-001
 1.2697129e-001
 1.2691863e-001
 1.2691312e-001
 1.2699656e-001
 1.2705614e-001
 1.2698224e-001
 1.2686954e-001
 1.2675096e-001
 1.2662789e-001
 1.2659006e-001
 1.2660265e-001
 1.2658520e-001
 1.2657034e-001
 1.2653376e-001
 1.2644334e-001
 1.2633915e-001
 1.2620886e-001
 1.2617061e-001
 1.2620488e-001
 1.2625499e-001
 1.2632355e-001
 1.2629387e-001
 1.2620308e-001
 1.2613209e-001
 1.2604204e-001
 1.2596656e-001
 1.2597534e-001
 1.2599675e-001
 1.2596448e-001
 1.2585156e-001
 1.2572660e-001
 1.2563477e-001
 1.2557147e-001
 1.2561028e-001
 1.2566882e-001
 1.2568611e-001
 1.2566487e-001
 1.2561740e-001
 1.2553640e-001
 1.2541030e-001
 1.2530257e-001
 1.2527406e-001
 1.2528749e-001
 1.2529366e-001
 1.2523474e-001
 1.2512952e-001
 1.2511125e-001
 1.2505274e-001
 1.2505117e-001
 1.2514670e-001
 1.2523676e-001
 1.2532254e-001
 1.2523894e-001
 1.2503012e-001
 1.2483646e-001
 1.2469272e-001
 1.2466840e-001
 1.2472868e-001
 1.2477656e-001
 1.2481551e-001
 1.2475595e-001
 1.2461217e-001
 1.2450398e-001
 1.2446884e-001
 1.2454289e-001
 1.2465891e-001
 1.2473559e-001
 1.2470052e-001
 1.2458573e-001
 1.2449992e-001
 1.2447093e-001
 1.2447796e-001
 1.2444850e-001
 1.2441830e-001
 1.2437728e-001
 1.2439448e-001
 1.2443971e-001
 1.2448956e-001
 1.2448631e-001
 1.2448365e-001
 1.2445657e-001
 1.2440537e-001
 1.2434956e-001
 1.2425875e-001
 1.2418304e-001
 1.2412245e-001
 1.2403765e-001
 1.2392645e-001
 1.2389729e-001
 1.2388750e-001
 1.2385099e-001
 1.2383303e-001
 1.2379175e-001
 1.2376964e-001
 1.2377695e-001
 1.2381408e-001
 1.2384152e-001
 1.2389569e-001
 1.2394025e-001
 1.2384675e-001
 1.2370162e-001
 1.2356483e-001
 1.2350234e-001
 1.2347826e-001
 1.2350763e-001
 1.2354166e-001
 1.2357210e-001
 1.2359246e-001
 1.2348745e-001
 1.2335647e-001
 1.2321910e-001
 1.2309629e-001
 1.2300185e-001
 1.2293183e-001
 1.2287097e-001
 1.2283115e-001
 1.2279093e-001
 1.2268989e-001
 1.2259404e-001
 1.2249935e-001
 1.2240438e-001
 1.2232482e-001
 1.2224885e-001
 1.2216615e-001
 1.2204185e-001
 1.2190794e-001
 1.2173850e-001
 1.2157165e-001
 1.2148350e-001
 1.2141783e-001
 1.2135512e-001
 1.2128946e-001
 1.2121414e-001
 1.2109550e-001
 1.2096240e-001
 1.2080349e-001
 1.2064433e-001
 1.2055073e-001
 1.2046389e-001
 1.2034702e-001
 1.2021974e-001
 1.2009826e-001
 1.1996573e-001
 1.1981692e-001
 1.1965000e-001
 1.1948790e-001
 1.1938367e-001
 1.1928039e-001
 1.1922222e-001
 1.1916243e-001
 1.1907116e-001
 1.1896455e-001
 1.1885301e-001
 1.1874784e-001
 1.1865803e-001
 1.1859918e-001
 1.1855221e-001
 1.1855856e-001
 1.1856475e-001
 1.1854608e-001
 1.1852468e-001
 1.1849152e-001
 1.1845766e-001
 1.1845302e-001
 1.1847395e-001
 1.1848705e-001
 1.1848073e-001
 1.1848416e-001
 1.1852358e-001
 1.1856215e-001
 1.1854481e-001
 1.1852565e-001
 1.1848941e-001
 1.1844743e-001
 1.1845274e-001
 1.1849546e-001
 1.1852149e-001
 1.1851875e-001
 1.1851320e-001
 1.1849964e-001
 1.1848563e-001
 1.1850616e-001
 1.1852649e-001
 1.1852921e-001
 1.1852708e-001
 1.1854663e-001
 1.1858398e-001
 1.1860022e-001
 1.1858394e-001
 1.1857814e-001
 1.1859412e-001
 1.1860585e-001
 1.1865737e-001
 1.1870651e-001
 1.1869214e-001
 1.1866594e-001
 1.1865547e-001
 1.1865305e-001
 1.1864953e-001
 1.1863647e-001
 1.1862628e-001
 1.1864717e-001
 1.1866517e-001
 1.1866699e-001
 1.1867066e-001
 1.1859921e-001
 1.1851251e-001
 1.1847814e-001
 1.1846083e-001
 1.1848953e-001
 1.1857074e-001
 1.1864115e-001
 1.1870234e-001
 1.1874405e-001
 1.1867226e-001
 1.1860206e-001
 1.1857999e-001
 1.1855531e-001
 1.1851338e-001
 1.1847263e-001
 1.1846577e-001
 1.1848706e-001
 1.1850094e-001
 1.1849843e-001
 1.1849295e-001
 1.1845612e-001
 1.1842047e-001
 1.1847252e-001
 1.1852650e-001
 1.1854477e-001
 1.1855377e-001
 1.1853927e-001
 1.1852034e-001
 1.1856797e-001
 1.1865613e-001
 1.1871087e-001
 1.1871794e-001
 1.1870730e-001
 1.1865354e-001
 1.1860647e-001
 1.1856948e-001
 1.1853291e-001
 1.1856584e-001
 1.1860478e-001
 1.1865512e-001
 1.1872712e-001
 1.1876002e-001
 1.1876298e-001
 1.1878341e-001
 1.1882383e-001
 1.1887521e-001
 1.1890320e-001
 1.1893047e-001
 1.1901155e-001
 1.1909816e-001
 1.1913265e-001
 1.1916361e-001
 1.1913226e-001
 1.1906347e-001
 1.1904236e-001
 1.1906817e-001
 1.1911120e-001
 1.1921205e-001
 1.1930120e-001
 1.1935393e-001
 1.1940534e-001
 1.1937872e-001
 1.1934119e-001
 1.1936233e-001
 1.1938240e-001
 1.1938234e-001
 1.1939420e-001
 1.1940479e-001
 1.1942387e-001
 1.1942533e-001
 1.1938433e-001
 1.1936436e-001
 1.1935934e-001
 1.1935165e-001
 1.1939684e-001
 1.1944993e-001
 1.1945163e-001
 1.1946818e-001
 1.1945268e-001
 1.1942134e-001
 1.1942583e-001
 1.1942604e-001
 1.1944208e-001
 1.1950042e-001
 1.1953223e-001
 1.1957017e-001
 1.1962084e-001
 1.1967089e-001
 1.1971824e-001
 1.1978991e-001
 1.1985154e-001
 1.1986212e-001
 1.1986643e-001
 1.1985172e-001
 1.1985392e-001
 1.1984131e-001
 1.1979210e-001
 1.1976109e-001
 1.1971650e-001
 1.1968718e-001
 1.1981923e-001
 1.1993112e-001
 1.1996598e-001
 1.2000401e-001
 1.1996227e-001
 1.1989152e-001
 1.1985750e-001
 1.1980979e-001
 1.1981913e-001
 1.1990079e-001
 1.1992934e-001
 1.1990976e-001
 1.1990570e-001
 1.1987698e-001
 1.1986929e-001
 1.1992580e-001
 1.1997404e-001
 1.2000672e-001
 1.2004595e-001
 1.2006836e-001
 1.2011356e-001
 1.2009151e-001
 1.2002186e-001
 1.1998154e-001
 1.1991980e-001
 1.1986864e-001
 1.1989543e-001
 1.1992475e-001
 1.1996440e-001
 1.1999967e-001
 1.1998892e-001
 1.1998900e-001
 1.2000060e-001
 1.2000203e-001
 1.2001263e-001
 1.2004075e-001
 1.2002875e-001
 1.2001322e-001
 1.1994935e-001
 1.1984295e-001
 1.1981939e-001
 1.1986621e-001
 1.1990287e-001
 1.1996982e-001
 1.2000126e-001
 1.1993483e-001
 1.1988118e-001
 1.1982544e-001
 1.1976992e-001
 1.1982664e-001
 1.1988202e-001
 1.1986658e-001
 1.1986581e-001
 1.1985627e-001
 1.1984933e-001
 1.1981526e-001
 1.1974307e-001
 1.1972371e-001
 1.1971053e-001
 1.1968916e-001
 1.1971609e-001
 1.1972032e-001
 1.1966823e-001
 1.1961460e-001
 1.1955590e-001
 1.1950576e-001
 1.1951885e-001
 1.1952491e-001
 1.1950001e-001
 1.1949127e-001
 1.1951686e-001
 1.1957890e-001
 1.1960866e-001
 1.1958336e-001
 1.1959034e-001
 1.1959518e-001
 1.1959720e-001
 1.1964111e-001
 1.1965095e-001
 1.1962581e-001
 1.1960166e-001
 1.1954933e-001
 1.1950368e-001
 1.1951745e-001
 1.1952389e-001
 1.1951433e-001
 1.1950058e-001
 1.1946431e-001
 1.1943118e-001
 1.1940870e-001
 1.1938712e-001
 1.1937366e-001
 1.1933416e-001
 1.1926543e-001
 1.1919043e-001
 1.1910687e-001
 1.1904367e-001
 1.1899606e-001
 1.1895447e-001
 1.1891812e-001
 1.1887968e-001
 1.1882751e-001
 1.1872967e-001
 1.1864273e-001
 1.1849668e-001
 1.1835232e-001
 1.1819097e-001
 1.1801037e-001
 1.1791546e-001
 1.1784068e-001
 1.1772932e-001
 1.1759245e-001
 1.1743168e-001
 1.1728751e-001
 1.1712248e-001
 1.1689115e-001
 1.1669233e-001
 1.1656611e-001
 1.1643147e-001
 1.1631558e-001
 1.1620904e-001
 1.1607873e-001
 1.1594176e-001
 1.1574201e-001
 1.1552893e-001
 1.1537325e-001
 1.1518988e-001
 1.1501816e-001
 1.1490876e-001
 1.1480748e-001
 1.1474925e-001
 1.1474476e-001
 1.1476149e-001
 1.1479011e-001
 1.1480081e-001
 1.1478657e-001
 1.1479774e-001
 1.1480043e-001
 1.1486650e-001
 1.1493546e-001
 1.1496533e-001
 1.1499880e-001
 1.1509962e-001
 1.1516580e-001
 1.1531259e-001
 1.1548631e-001
 1.1552961e-001
 1.1556751e-001
 1.1559293e-001
 1.1559308e-001
 1.1569424e-001
 1.1582358e-001
 1.1594089e-001
 1.1612567e-001
 1.1627129e-001
 1.1638679e-001
 1.1648629e-001
 1.1641487e-001
 1.1638326e-001
 1.1641958e-001
 1.1642943e-001
 1.1650582e-001
 1.1658352e-001
 1.1665010e-001
 1.1671954e-001
 1.1675681e-001
 1.1677279e-001
 1.1679111e-001
 1.1679512e-001
 1.1685932e-001
 1.1697530e-001
 1.1707544e-001
 1.1717610e-001
 1.1724225e-001
 1.1726945e-001
 1.1736668e-001
 1.1750986e-001
 1.1762717e-001
 1.1774665e-001
 1.1781927e-001
 1.1782034e-001
 1.1781068e-001
 1.1772372e-001
 1.1767751e-001
 1.1770728e-001
 1.1773060e-001
 1.1785169e-001
 1.1795120e-001
 1.1795886e-001
 1.1796851e-001
 1.1795034e-001
 1.1791787e-001
 1.1792693e-001
 1.1792298e-001
 1.1810097e-001
 1.1834868e-001
 1.1846873e-001
 1.1853933e-001
 1.1852455e-001
 1.1844652e-001
 1.1844106e-001
 1.1846674e-001
 1.1848214e-001
 1.1853117e-001
 1.1858148e-001
 1.1865641e-001
 1.1867366e-001
 1.1857566e-001
 1.1851659e-001
 1.1848658e-001
 1.1846643e-001
 1.1853801e-001
 1.1860604e-001
 1.1868518e-001
 1.1875196e-001
 1.1865793e-001
 1.1857966e-001
 1.1859839e-001
 1.1860327e-001
 1.1858466e-001
 1.1857377e-001
 1.1852472e-001
 1.1848431e-001
 1.1837915e-001
 1.1825870e-001
 1.1820401e-001
 1.1813362e-001
 1.1805623e-001
 1.1799509e-001
 1.1796651e-001
 1.1798286e-001
 1.1794875e-001
 1.1785637e-001
 1.1780789e-001
 1.1777578e-001
 1.1774240e-001
 1.1773209e-001
 1.1767028e-001
 1.1755909e-001
 1.1741854e-001
 1.1721624e-001
 1.1706545e-001
 1.1697283e-001
 1.1687327e-001
 1.1678358e-001
 1.1665958e-001
 1.1649355e-001
 1.1632249e-001
 1.1611295e-001
 1.1593568e-001
 1.1592027e-001
 1.1587905e-001
 1.1565655e-001
 1.1542645e-001
 1.1521256e-001
 1.1499605e-001
 1.1465226e-001
 1.1429943e-001
 1.1418601e-001
 1.1408047e-001
 1.1390362e-001
 1.1371998e-001
 1.1350399e-001
 1.1327501e-001
 1.1306756e-001
 1.1285990e-001
 1.1275482e-001
 1.1268178e-001
 1.1274955e-001
 1.1287586e-001
 1.1289614e-001
 1.1286743e-001
 1.1270323e-001
 1.1246154e-001
 1.1225306e-001
 1.1206871e-001
 1.1208470e-001
 1.1225633e-001
 1.1230035e-001
 1.1223093e-001
 1.1210686e-001
 1.1192805e-001
 1.1187182e-001
 1.1195946e-001
 1.1209810e-001
 1.1230870e-001
 1.1247946e-001
 1.1258051e-001
 1.1259229e-001
 1.1243851e-001
 1.1241231e-001
 1.1268043e-001
 1.1294232e-001
 1.1316482e-001
 1.1338222e-001
 1.1357415e-001
 1.1376505e-001
 1.1394127e-001
 1.1412288e-001
 1.1436862e-001
 1.1463672e-001
 1.1497047e-001
 1.1529390e-001
 1.1547114e-001
 1.1564215e-001
 1.1583255e-001
 1.1600909e-001
 1.1607990e-001
 1.1615235e-001
 1.1606888e-001
 1.1600754e-001
 1.1620823e-001
 1.1638950e-001
 1.1627076e-001
 1.1614952e-001
 1.1616346e-001
 1.1619200e-001
 1.1630095e-001
 1.1640549e-001
 1.1657152e-001
 1.1673700e-001
 1.1668187e-001
 1.1663292e-001
 1.1662266e-001
 1.1663583e-001
 1.1658777e-001
 1.1650840e-001
 1.1658478e-001
 1.1667969e-001
 1.1676008e-001
 1.1684332e-001
 1.1665208e-001
 1.1645021e-001
 1.1673360e-001
 1.1705904e-001
 1.1723652e-001
 1.1734712e-001
 1.1730108e-001
 1.1724397e-001
 1.1740154e-001
 1.1767409e-001
 1.1783998e-001
 1.1794385e-001
 1.1808623e-001
 1.1821855e-001
 1.1820873e-001
 1.1820558e-001
 1.1801611e-001
 1.1780828e-001
 1.1797252e-001
 1.1816711e-001
 1.1831767e-001
 1.1839557e-001
 1.1816212e-001
 1.1796114e-001
 1.1787977e-001
 1.1784028e-001
 1.1806289e-001
 1.1830205e-001
 1.1847258e-001
 1.1861129e-001
 1.1850281e-001
 1.1838433e-001
 1.1830693e-001
 1.1824591e-001
 1.1816694e-001
 1.1802524e-001
 1.1817966e-001
 1.1833329e-001
 1.1852920e-001
 1.1890374e-001
 1.1907639e-001
 1.1920714e-001
 1.1922076e-001
 1.1913609e-001
 1.1926337e-001
 1.1940311e-001
 1.1952387e-001
 1.1965247e-001
 1.1912757e-001
 1.1853208e-001
 1.1846843e-001
 1.1848047e-001
 1.1831307e-001
 1.1798136e-001
 1.1781988e-001
 1.1788484e-001
 1.1819825e-001
 1.1850730e-001
 1.1817753e-001
 1.1777984e-001
 1.1816232e-001
 1.1856245e-001
 1.1852670e-001
 1.1840501e-001
 1.1833548e-001
 1.1849143e-001
 1.1868126e-001
 1.1879564e-001
 1.1943340e-001
 1.1990289e-001
 1.1927193e-001
 1.1864038e-001
 1.1880866e-001
 1.1908694e-001
 1.1896178e-001
 1.1892155e-001
 1.1951286e-001
 1.2002448e-001
 1.1936897e-001
 1.1839011e-001
 1.1846020e-001
 1.1885124e-001
 1.1884954e-001
 1.1921725e-001
 1.1956728e-001
 1.1983328e-001
 1.2057449e-001
 1.2044839e-001
 1.1938176e-001
 1.1893745e-001
 1.1988423e-001
 1.2096215e-001
 1.2027404e-001
 1.1940524e-001
 1.2005966e-001
 1.2000938e-001
 1.1915583e-001
 1.1939534e-001
 1.1956450e-001
 1.2008650e-001
 1.2156885e-001
 1.2136454e-001
 1.1963727e-001
