Error bars for splib07a Record=1013: Ammonio-Illite/Smect GDS87    BECKb AREF
 4.8377756e-002
 9.9513801e-003
 2.9175743e-003
 1.7569364e-003
 1.6095466e-003
 1.5094676e-003
 1.4354212e-003
 1.3997202e-003
 1.3835042e-003
 1.3846889e-003
 1.4002597e-003
 1.4248111e-003
 1.4365055e-003
 1.4674173e-003
 1.5010798e-003
 1.5711283e-003
 1.3234657e-003
 1.7926235e-003
 4.6184001e-004
 7.8367110e-004
 6.2878127e-004
 1.0170587e-003
 6.7709334e-004
 1.0605864e-003
 7.1935245e-004
 8.2797278e-004
 6.8699481e-004
 6.4261636e-004
 5.8908021e-004
 7.6982781e-004
 5.1530579e-004
 7.9241372e-004
 6.6385500e-004
 6.0788170e-004
 6.4834091e-004
 5.8480061e-004
 5.6126917e-004
 8.6933153e-004
 1.8571222e-003
 6.7450613e-004
 7.1465515e-004
 6.1429251e-004
 6.5006525e-004
 7.2267069e-004
 9.2638499e-004
 6.7878223e-004
 6.4318837e-004
 5.6778872e-004
 7.6577906e-004
 7.5903669e-004
 9.5640251e-004
 6.2036718e-004
 5.6517456e-004
 5.7653239e-004
 1.2748810e-003
 1.8201472e-003
 6.5393100e-004
 7.8639400e-004
 6.1487919e-004
 6.5909413e-004
 6.3023582e-004
 1.0595885e-003
 6.5302791e-004
 6.1492482e-004
 6.1530812e-004
 5.5640179e-004
 6.4791832e-004
 1.8437713e-003
 1.8510281e-003
 1.6023368e-003
 8.3190459e-004
 1.2855009e-003
 1.0693582e-003
 9.8524115e-004
 1.0121809e-003
 1.3386416e-003
 8.7606511e-004
 8.5671095e-004
 9.1674732e-004
 7.1829208e-004
 7.6486508e-004
 1.0249083e-003
 8.4914704e-004
 6.9897488e-004
 7.7572832e-004
 1.3889574e-003
 7.3542341e-004
 7.5117388e-004
 7.7224593e-004
 1.4644674e-003
 8.4430748e-004
 7.8149035e-004
 8.0773322e-004
 8.6619868e-004
 6.9937645e-004
 8.8387571e-004
 7.6242100e-004
 8.0067600e-004
 8.5717358e-004
 1.0931874e-003
 1.4615922e-003
 5.6931830e-004
 5.7108596e-004
 5.6185975e-004
 5.6133018e-004
 6.0525897e-004
 6.1109575e-004
 8.6936838e-004
 6.3590088e-004
 5.9446756e-004
 5.8900105e-004
 6.7961920e-004
 6.1418861e-004
 6.1284570e-004
 7.4609020e-004
 9.9961739e-004
 1.8598217e-003
 9.7252423e-004
 1.5462463e-003
 8.1218994e-004
 8.3138433e-004
 1.3897866e-003
 1.2320162e-003
 1.0858759e-003
 7.7923597e-004
 6.9399882e-004
 8.7299547e-004
 8.6335762e-004
 8.1000180e-004
 8.4334356e-004
 5.9412600e-004
 8.0379337e-004
 6.5936940e-004
 6.9194252e-004
 6.3460175e-004
 6.7196612e-004
 7.7082857e-004
 7.9121848e-004
 6.7458861e-004
 7.7020534e-004
 5.8847351e-004
 7.1552501e-004
 1.7660792e-003
 8.9140353e-004
 7.6424360e-004
 7.8792631e-004
 8.0698548e-004
 6.4048573e-004
 7.1094476e-004
 5.8711419e-004
 6.9605774e-004
 7.2609156e-004
 5.6187873e-004
 6.6775444e-004
 6.3888513e-004
 1.6414314e-003
 6.3596893e-004
 7.4864569e-004
 5.9708423e-004
 6.5507856e-004
 7.0820510e-004
 6.7153393e-004
 9.1425027e-004
 7.9890317e-004
 6.0770480e-004
 5.8514200e-004
 5.7406939e-004
 6.2783487e-004
 5.8669772e-004
 5.9370510e-004
 8.9627947e-004
 6.7136879e-004
 6.6357700e-004
 7.0506852e-004
 6.6096720e-004
 7.6545280e-004
 7.0042367e-004
 1.0075155e-003
 1.1696062e-003
 6.4257957e-004
 8.3541818e-004
 1.4421828e-003
 8.8532479e-004
 5.8322953e-004
 7.1993889e-004
 6.5183215e-004
 7.2990620e-004
 7.4702658e-004
 6.6361629e-004
 7.1813673e-004
 9.9072990e-004
 1.1446051e-003
 8.4135256e-004
 6.6191505e-004
 7.4795116e-004
 6.4466923e-004
 6.8912364e-004
 8.0381241e-004
 6.9834368e-004
 7.2574196e-004
 7.0245611e-004
 9.4425067e-004
 8.7477709e-004
 7.4136630e-004
 6.9052220e-004
 7.6335511e-004
 1.7252215e-003
 7.5026933e-004
 8.1306708e-004
 7.6965551e-004
 7.8948145e-004
 8.0983608e-004
 1.5022461e-003
 1.0077941e-003
 1.0992466e-003
 1.0173238e-003
 6.4353726e-004
 6.7883055e-004
 6.7473872e-004
 8.0639299e-004
 1.0357185e-003
 9.5037144e-004
 8.9452183e-004
 8.2536467e-004
 7.9042616e-004
 1.1222524e-003
 7.0010003e-004
 7.3388102e-004
 1.1824261e-003
 8.9067133e-004
 1.0963720e-003
 1.3311547e-003
 8.4486237e-004
 8.2879217e-004
 7.9861894e-004
 9.7215531e-004
 8.9439622e-004
 8.4018306e-004
 9.3461148e-004
 9.1202057e-004
 1.9652597e-003
 1.9221725e-003
 1.6792802e-003
 1.0059990e-003
 1.3975055e-003
 1.8409186e-003
 1.1777426e-003
 1.8834348e-003
 1.1427165e-003
 1.1287846e-003
 1.9109898e-003
 1.9174959e-003
 1.4230387e-003
 1.2264379e-003
 9.7641116e-004
 1.1949749e-003
 7.7794812e-004
 9.9162746e-004
 9.3557016e-004
 7.9931936e-004
 8.5393217e-004
 8.6894387e-004
 1.0658910e-003
 8.9858100e-004
 8.7474188e-004
 9.3956216e-004
 7.9742738e-004
 1.0912796e-003
 8.2524878e-004
 7.2844635e-004
 9.1275875e-004
 8.2276273e-004
 8.4076059e-004
 7.6376775e-004
 6.3101808e-004
 9.0318418e-004
 6.4650393e-004
 1.0325802e-003
 5.6823553e-004
 9.9882111e-004
 7.4787333e-004
 7.0016261e-004
 9.9553750e-004
 9.0849114e-004
 9.4254286e-004
 8.6557836e-004
 1.0803948e-003
 9.0200792e-004
 9.3398336e-004
 9.0493436e-004
 9.6149987e-004
 9.2568813e-004
 1.0088382e-003
 9.0940122e-004
 1.1560046e-003
 9.9329336e-004
 1.0290709e-003
 9.1957732e-004
 7.9250976e-004
 7.5932150e-004
 7.6853595e-004
 6.4426364e-004
 7.0354354e-004
 8.1818027e-004
 6.9904554e-004
 7.2848448e-004
 7.3210278e-004
 6.6660665e-004
 7.6472020e-004
 7.9934380e-004
 7.4210524e-004
 8.9841161e-004
 7.2209386e-004
 6.9791242e-004
 7.5752556e-004
 6.2895444e-004
 1.0188567e-003
 8.0863666e-004
 6.9914985e-004
 8.7044731e-004
 8.3869125e-004
 6.9169578e-004
 8.1116369e-004
 9.4529428e-004
 9.0630667e-004
 5.9799303e-004
 8.5404201e-004
 7.2928489e-004
 1.0693816e-003
 1.3103571e-003
 8.4769836e-004
 9.3868840e-004
 1.1454648e-003
 9.8266115e-004
 1.2841758e-003
 1.2896209e-003
 8.8033971e-004
 7.9728902e-004
 1.2641737e-003
 1.2875961e-003
 1.1169283e-003
 9.1678993e-004
 8.8546524e-004
 8.6683140e-004
 1.3097629e-003
 7.8020699e-004
 1.0875132e-003
 1.0415126e-003
 1.2185905e-003
 9.8977576e-004
 1.0932258e-003
 8.2802679e-004
 1.0056038e-003
 1.0251077e-003
 1.2531881e-003
 1.0360349e-003
 1.0513642e-003
 1.3959053e-003
 9.9852867e-004
 1.1793153e-003
 1.3465228e-003
 1.2032437e-003
 1.5009579e-003
 1.1942579e-003
 9.3150901e-004
 8.9053361e-004
 7.2271534e-004
 1.0607004e-003
 9.7365736e-004
 1.0567989e-003
 6.4875802e-004
 8.3754497e-004
 8.8897144e-004
 6.8025244e-004
 9.8030630e-004
 9.4243768e-004
 8.0874015e-004
 6.9712917e-004
 7.2927738e-004
 9.1587019e-004
 8.2275656e-004
 7.7372661e-004
 1.1365822e-003
 1.1563669e-003
 1.3531116e-003
 9.9724671e-004
 9.8532834e-004
 1.5947219e-003
 1.8678663e-003
 1.4187295e-003
 1.2417207e-003
 1.1529484e-003
 1.5461362e-003
 1.6327912e-003
 1.6995079e-003
 1.5894443e-003
 1.7516922e-003
 1.0804151e-003
 1.2566876e-003
 1.2786710e-003
 1.3399656e-003
 9.0535986e-004
 9.7796216e-004
 9.4303233e-004
 9.0455660e-004
 1.4769298e-003
 1.5180812e-003
 1.2311317e-003
 1.4720871e-003
 8.7343261e-004
 1.1301294e-003
 1.1101710e-003
 1.3675366e-003
 1.3230597e-003
 1.1592491e-003
 8.1207603e-004
 1.4353744e-003
 1.5800364e-003
 1.9233245e-003
 1.3973375e-003
 1.6115766e-003
 1.7766549e-003
 1.5004136e-003
 1.5792372e-003
 1.8372034e-003
 1.6779009e-003
 1.3392949e-003
 1.6115899e-003
 1.4837479e-003
 1.9013456e-003
 1.8645788e-003
 1.8566889e-003
 1.8265398e-003
 1.8623652e-003
 1.8651842e-003
 1.8930057e-003
 1.5920920e-003
 1.8869977e-003
 1.8815440e-003
 1.8658760e-003
 1.9270222e-003
 1.8918252e-003
 1.9219825e-003
 1.9312485e-003
 1.9281829e-003
 1.9305927e-003
 1.9377145e-003
 1.9704562e-003
 2.1335196e-003
 2.8285889e-003
 4.0569650e-003
 3.7773405e-003
 2.8471993e-003
 1.9346172e-003
 1.9068961e-003
 1.6861414e-003
 1.5992710e-003
 1.8417154e-003
 1.8493676e-003
 1.6086759e-003
 1.3621739e-003
 7.7554770e-004
 9.3174685e-004
 1.0350458e-003
 1.0661369e-003
 1.1568861e-003
 1.4510601e-003
 1.7393477e-003
 1.7343736e-003
 2.0845428e-003
 4.1190851e-003
 2.2747079e-002
 8.8897441e-003
 7.6950262e-003
 7.5517800e-003
 6.5877093e-003
 3.8598403e-002
 7.5658439e-003
 8.7246513e-003
 1.0574899e-002
