Error bars for splib07a Record=22529: Marsh SCAM/DISP..CRMS326v50a ASDFRa AREF
 3.8529991e-004
 3.8532360e-004
 3.9276108e-004
 3.8881536e-004
 3.6772504e-004
 3.7297347e-004
 3.8270256e-004
 3.6945217e-004
 3.6184650e-004
 3.6459061e-004
 3.7473385e-004
 3.8414588e-004
 3.8333642e-004
 3.6962493e-004
 3.5311861e-004
 3.6100583e-004
 3.5930189e-004
 3.5017714e-004
 3.5676497e-004
 3.5295082e-004
 3.4828746e-004
 3.4968808e-004
 3.6046002e-004
 3.6211216e-004
 3.5864956e-004
 3.6312171e-004
 3.6932685e-004
 3.6419852e-004
 3.5104892e-004
 3.5881417e-004
 3.6130572e-004
 3.5421905e-004
 3.4442733e-004
 3.5039158e-004
 3.5806836e-004
 3.5661814e-004
 3.4417483e-004
 3.5206217e-004
 3.5836353e-004
 3.4555799e-004
 3.5382179e-004
 3.6004564e-004
 3.5661319e-004
 3.4859483e-004
 3.5029816e-004
 3.5405855e-004
 3.5054743e-004
 3.4166055e-004
 3.3962438e-004
 3.4636958e-004
 3.5707641e-004
 3.5510748e-004
 3.5193394e-004
 3.5350095e-004
 3.5200242e-004
 3.4928406e-004
 3.4731225e-004
 3.4739962e-004
 3.4341618e-004
 3.4083682e-004
 3.4271678e-004
 3.4691856e-004
 3.5108376e-004
 3.5189846e-004
 3.4668788e-004
 3.3914138e-004
 3.3544938e-004
 3.3496265e-004
 3.3024786e-004
 3.2995734e-004
 3.2984547e-004
 3.2501738e-004
 3.2089875e-004
 3.2395215e-004
 3.3067173e-004
 3.2889916e-004
 3.2623811e-004
 3.2306765e-004
 3.2004260e-004
 3.2042805e-004
 3.2113414e-004
 3.2049872e-004
 3.1830303e-004
 3.1912106e-004
 3.2069779e-004
 3.2134232e-004
 3.2256605e-004
 3.2249565e-004
 3.2014481e-004
 3.1558285e-004
 3.1246772e-004
 3.1203395e-004
 3.1232744e-004
 3.0788791e-004
 3.0824824e-004
 3.1041389e-004
 3.0848186e-004
 3.0524970e-004
 3.0284657e-004
 3.0171074e-004
 2.9950734e-004
 2.9761856e-004
 2.9628727e-004
 2.9573499e-004
 2.9675284e-004
 2.9770017e-004
 2.9572181e-004
 2.8903389e-004
 2.8828526e-004
 2.9043554e-004
 2.9104913e-004
 2.9096962e-004
 2.9128103e-004
 2.9165432e-004
 2.9080323e-004
 2.8986554e-004
 2.9140894e-004
 2.9388678e-004
 2.8869137e-004
 2.8884169e-004
 2.9273840e-004
 2.9235962e-004
 2.9247146e-004
 2.9151514e-004
 2.9063536e-004
 2.9377505e-004
 2.9344764e-004
 2.9134029e-004
 2.9129829e-004
 2.9189241e-004
 2.9511563e-004
 2.9901942e-004
 2.9740366e-004
 2.9837893e-004
 2.9859284e-004
 2.9458595e-004
 2.9413623e-004
 2.9728311e-004
 3.0034597e-004
 2.9882271e-004
 3.0239267e-004
 3.0468561e-004
 3.0183568e-004
 3.0355190e-004
 3.0175113e-004
 3.0062086e-004
 3.0820683e-004
 3.0518620e-004
 3.0380837e-004
 3.1021243e-004
 3.1054369e-004
 3.1415268e-004
 3.2048053e-004
 3.2445160e-004
 3.2707240e-004
 3.3084798e-004
 3.3604912e-004
 3.4175572e-004
 3.5151927e-004
 3.6133418e-004
 3.6745289e-004
 3.7774423e-004
 3.9151116e-004
 4.0724399e-004
 4.2299679e-004
 4.4163567e-004
 4.6067534e-004
 4.7951294e-004
 5.0583063e-004
 5.3541304e-004
 5.6312158e-004
 5.8638537e-004
 6.1646238e-004
 6.4947369e-004
 6.7980419e-004
 7.0459425e-004
 7.3132635e-004
 7.6064270e-004
 7.8989245e-004
 8.1819209e-004
 8.4430800e-004
 8.6917623e-004
 8.9475187e-004
 9.2108018e-004
 9.4499037e-004
 9.6438912e-004
 9.8792522e-004
 1.0105066e-003
 1.0285730e-003
 1.0409619e-003
 1.0558710e-003
 1.0736746e-003
 1.0922166e-003
 1.1088894e-003
 1.1229223e-003
 1.1352025e-003
 1.1474700e-003
 1.1586504e-003
 1.1691195e-003
 1.1797271e-003
 1.1916779e-003
 1.2000574e-003
 1.2080004e-003
 1.2205265e-003
 1.2283225e-003
 1.2337955e-003
 1.2385205e-003
 1.2414532e-003
 1.2443062e-003
 1.2456451e-003
 1.2438406e-003
 1.2412759e-003
 1.2381717e-003
 1.2340829e-003
 1.2282848e-003
 1.2246271e-003
 1.2195315e-003
 1.2108667e-003
 1.2049455e-003
 1.1970507e-003
 1.1871578e-003
 1.1779855e-003
 1.1672166e-003
 1.1558591e-003
 1.1450013e-003
 1.1350533e-003
 1.1254997e-003
 1.1155164e-003
 1.1045604e-003
 1.0948986e-003
 1.0864125e-003
 1.0800387e-003
 1.0767892e-003
 1.0687287e-003
 1.0624939e-003
 1.0638072e-003
 1.0621145e-003
 1.0600227e-003
 1.0591280e-003
 1.0606264e-003
 1.0647618e-003
 1.0662503e-003
 1.0624463e-003
 1.0593208e-003
 1.0567146e-003
 1.0560405e-003
 1.0580299e-003
 1.0581411e-003
 1.0582380e-003
 1.0587126e-003
 1.0571525e-003
 1.0568608e-003
 1.0575287e-003
 1.0567685e-003
 1.0506579e-003
 1.0455673e-003
 1.0446403e-003
 1.0456985e-003
 1.0368288e-003
 1.0283600e-003
 1.0279446e-003
 1.0227676e-003
 1.0168995e-003
 1.0103714e-003
 1.0014062e-003
 9.9044084e-004
 9.8405872e-004
 9.8317454e-004
 9.7823725e-004
 9.7105035e-004
 9.6448010e-004
 9.6132729e-004
 9.5874933e-004
 9.5707335e-004
 9.5596648e-004
 9.5491309e-004
 9.5752580e-004
 9.6004258e-004
 9.6108823e-004
 9.6811453e-004
 9.7177119e-004
 9.7074988e-004
 9.6947193e-004
 9.7223365e-004
 9.7420299e-004
 9.7300403e-004
 9.7192870e-004
 9.6906320e-004
 9.6354098e-004
 9.5520401e-004
 9.4622112e-004
 9.4130507e-004
 9.3694270e-004
 9.2340144e-004
 9.1497140e-004
 9.0846478e-004
 8.9981576e-004
 8.8990852e-004
 8.8090921e-004
 8.7124831e-004
 8.5989235e-004
 8.5683831e-004
 8.5393293e-004
 8.4608892e-004
 8.3700608e-004
 8.3652546e-004
 8.3458622e-004
 8.2121836e-004
 8.1407704e-004
 8.1210345e-004
 8.0560136e-004
 7.8476680e-004
 7.7571801e-004
 7.6891488e-004
 7.5802678e-004
 7.4969092e-004
 7.3805242e-004
 7.2848209e-004
 7.2644919e-004
 7.2093908e-004
 7.1806012e-004
 7.1619678e-004
 7.0803758e-004
 7.0825103e-004
 7.1209506e-004
 7.1318448e-004
 7.1261707e-004
 7.1177358e-004
 7.1216054e-004
 7.1519974e-004
 7.2128262e-004
 7.2397181e-004
 7.2379556e-004
 7.3130743e-004
 7.4304041e-004
 7.5775746e-004
 7.7429495e-004
 7.9254899e-004
 8.2069094e-004
 8.5660029e-004
 8.9162862e-004
 9.4064872e-004
 9.9629606e-004
 1.0538202e-003
 1.1214644e-003
 1.2036669e-003
 1.2914649e-003
 1.3760353e-003
 1.4644518e-003
 1.5614855e-003
 1.6698558e-003
 1.7788825e-003
 1.8822006e-003
 1.9845353e-003
 2.0886993e-003
 2.1916276e-003
 2.2943525e-003
 2.3969593e-003
 2.4973517e-003
 2.5968403e-003
 2.7001246e-003
 2.8065133e-003
 2.9106089e-003
 3.0147317e-003
 3.1173720e-003
 3.2174862e-003
 3.3172660e-003
 3.4167382e-003
 3.5264194e-003
 3.6486571e-003
 3.7828323e-003
 3.9198403e-003
 4.0408578e-003
 4.1401125e-003
 4.2380709e-003
 4.3526716e-003
 4.4766329e-003
 4.5946501e-003
 4.7046961e-003
 4.8129801e-003
 4.9231495e-003
 5.0302921e-003
 5.1478175e-003
 5.2651954e-003
 5.3587263e-003
 5.4482915e-003
 5.5365702e-003
 5.6216535e-003
 5.7053436e-003
 5.7866946e-003
 5.8648135e-003
 5.9387996e-003
 6.0107508e-003
 6.0760984e-003
 6.1346362e-003
 6.1918404e-003
 6.2461435e-003
 6.2973099e-003
 6.3440036e-003
 6.3837920e-003
 6.4217187e-003
 6.4571574e-003
 6.4871046e-003
 6.5144482e-003
 6.5442845e-003
 6.5760524e-003
 6.6020372e-003
 6.6220369e-003
 6.6446522e-003
-1.2299995e+034
-1.2299995e+034
-1.2299995e+034
-1.2299995e+034
-1.2299995e+034
-1.2299996e+034
-1.2299996e+034
-1.2299996e+034
-1.2299996e+034
-1.2299996e+034
-1.2299996e+034
 6.7989388e-003
 6.8162675e-003
 6.8236552e-003
 6.8282145e-003
 6.8396139e-003
 6.8504428e-003
 6.8568420e-003
 6.8606930e-003
 6.8683033e-003
 6.8749948e-003
 6.8815011e-003
 6.8878308e-003
 6.8928343e-003
 6.9005396e-003
 6.9033438e-003
 6.8979454e-003
 6.9038202e-003
 6.9055166e-003
 6.8992455e-003
 6.8910564e-003
 6.8904948e-003
 6.8968059e-003
 6.9074510e-003
 6.9199060e-003
 6.9309645e-003
 6.9363597e-003
 6.9339476e-003
 6.9282204e-003
 6.9299354e-003
 6.9358181e-003
 6.9367709e-003
 6.9360691e-003
 6.9369436e-003
 6.9386512e-003
 6.9387802e-003
 6.9524576e-003
 6.9703739e-003
 6.9822543e-003
 6.9839018e-003
 6.9769803e-003
 6.9686915e-003
 6.9638854e-003
 6.9513265e-003
 6.9321347e-003
 6.9055720e-003
 6.8738172e-003
 6.8542114e-003
 6.8498724e-003
 6.8615028e-003
 6.8875812e-003
 6.9119674e-003
 6.9315922e-003
 6.9383159e-003
 6.9152522e-003
 6.9084521e-003
 6.9269030e-003
 6.9563785e-003
 6.9630970e-003
 6.9570998e-003
 6.9476506e-003
 6.9444454e-003
 6.9517037e-003
 6.9574188e-003
 6.9589834e-003
 6.9687627e-003
 6.9847838e-003
 6.9973329e-003
 7.0004771e-003
 7.0030224e-003
 7.0176697e-003
 7.0346775e-003
 7.0410599e-003
 7.0487554e-003
 7.0592561e-003
 7.0714341e-003
 7.0813163e-003
 7.0871050e-003
 7.0924941e-003
 7.0953039e-003
 7.0887613e-003
 7.0945891e-003
 7.1015507e-003
 7.0999581e-003
 7.0995069e-003
 7.1039209e-003
 7.1081719e-003
 7.1095591e-003
 7.1228831e-003
 7.1315560e-003
 7.1329563e-003
 7.1327039e-003
 7.1324371e-003
 7.1335975e-003
 7.1359621e-003
 7.1388637e-003
 7.1473964e-003
 7.1541811e-003
 7.1540931e-003
 7.1513648e-003
 7.1579474e-003
 7.1693840e-003
 7.1772933e-003
 7.1784384e-003
 7.1724020e-003
 7.1631102e-003
 7.1576061e-003
 7.1620839e-003
 7.1726502e-003
 7.1777133e-003
 7.1660229e-003
 7.1584336e-003
 7.1613821e-003
 7.1679950e-003
 7.1598394e-003
 7.1543725e-003
 7.1554137e-003
 7.1559814e-003
 7.1373447e-003
 7.1337284e-003
 7.1366518e-003
 7.1345028e-003
 7.1385326e-003
 7.1374620e-003
 7.1205185e-003
 7.0822099e-003
 7.0433621e-003
 7.0179715e-003
 7.0018773e-003
 6.9758412e-003
 6.9528641e-003
 6.9255154e-003
 6.9090477e-003
 6.9278614e-003
 6.9153276e-003
 6.9325115e-003
 6.9858572e-003
 6.9837519e-003
 6.9388710e-003
 6.8965214e-003
 6.8921391e-003
 6.8922481e-003
 6.8742386e-003
 6.8689603e-003
 6.8948492e-003
 6.8623368e-003
 6.8178023e-003
 6.7944662e-003
 6.8081571e-003
 6.8269400e-003
 6.8556564e-003
 6.8772831e-003
 6.8782913e-003
 6.9042686e-003
 6.8921703e-003
 6.8532666e-003
 6.8609766e-003
 6.8376195e-003
 6.8095364e-003
 6.8006883e-003
 6.7892079e-003
 6.6732075e-003
 6.5688388e-003
 6.5395273e-003
 6.2696082e-003
 6.1192550e-003
 6.1547495e-003
 6.2154117e-003
 6.1931778e-003
 6.3474020e-003
 6.4545060e-003
 6.3125337e-003
 6.2720049e-003
 6.2413979e-003
 6.1954809e-003
 6.1311615e-003
 6.0844477e-003
 6.0584433e-003
 6.0285176e-003
 5.9915744e-003
 5.9731640e-003
 5.9152567e-003
 5.8553461e-003
 5.8740978e-003
 5.8520809e-003
 5.8504287e-003
 5.8507766e-003
 5.7931659e-003
 5.8914148e-003
 5.9341164e-003
 5.8555771e-003
 5.7655894e-003
 5.7260371e-003
 5.6873341e-003
 5.6626447e-003
 5.7367762e-003
 5.7629952e-003
 5.8319559e-003
 5.9284726e-003
 5.8603566e-003
 5.8521540e-003
 5.8634807e-003
 5.8533060e-003
 5.8535244e-003
 5.8356095e-003
 5.7899961e-003
 5.7565500e-003
 5.8545968e-003
 5.9112539e-003
 5.9026466e-003
 5.8712489e-003
 5.8615333e-003
 5.8713341e-003
 5.8772229e-003
 5.8640614e-003
 5.8761835e-003
 5.8971131e-003
 5.9256572e-003
 5.9540253e-003
 5.9375949e-003
 5.9113209e-003
 5.9293015e-003
 6.0176793e-003
 6.0638525e-003
 6.0466598e-003
 6.0115447e-003
 6.0358583e-003
 6.1046486e-003
 6.0978155e-003
 6.0677766e-003
 6.1170226e-003
 6.1412426e-003
 6.4365263e-003
 6.5879137e-003
 6.5180245e-003
 6.5240944e-003
 6.5314854e-003
 6.5298323e-003
 6.5958779e-003
 6.6550826e-003
 6.6895341e-003
 6.7143729e-003
 6.7425733e-003
 6.7351223e-003
 6.7370567e-003
 6.7528803e-003
 6.7777261e-003
 6.8044243e-003
 6.8131750e-003
 6.8254955e-003
 6.8384325e-003
 6.8635717e-003
 6.8854797e-003
 6.9215391e-003
 6.9466028e-003
 6.9561875e-003
 6.9477740e-003
 6.9363974e-003
 6.9302036e-003
 6.9444375e-003
 6.9851540e-003
 7.0468374e-003
 7.0705321e-003
 7.0582600e-003
 7.0420406e-003
 6.9810380e-003
 6.9655394e-003
 6.9832564e-003
 7.0407134e-003
 7.0783487e-003
 7.1286722e-003
 7.1561942e-003
 7.1409033e-003
 7.1301972e-003
 7.1141608e-003
 7.1053905e-003
 7.1123354e-003
 7.1243457e-003
 7.1480758e-003
 7.1994201e-003
 7.2307303e-003
 7.2400109e-003
 7.2451495e-003
 7.2124708e-003
 7.1910596e-003
 7.1830223e-003
 7.1836496e-003
 7.1907276e-003
 7.2226822e-003
 7.2665205e-003
 7.2712582e-003
 7.2593079e-003
 7.2428337e-003
 7.1997205e-003
 7.1895882e-003
 7.1925703e-003
 7.2215027e-003
 7.2341026e-003
 7.2169569e-003
 7.2100065e-003
 7.1991701e-003
 7.1862033e-003
 7.1947305e-003
 7.2025340e-003
 7.2056297e-003
 7.1975286e-003
 7.1870321e-003
 7.1746921e-003
 7.1451166e-003
 7.1215178e-003
 7.1188975e-003
 7.1702888e-003
 7.1841408e-003
 7.1536950e-003
 7.1446160e-003
 7.1066711e-003
 7.0706243e-003
 7.1052639e-003
 7.1238647e-003
 7.0778299e-003
 7.0469854e-003
 7.0608030e-003
 7.0454818e-003
 6.9999713e-003
 6.9799414e-003
 6.9731437e-003
 6.9547910e-003
 6.9270609e-003
 6.9182473e-003
 6.9084307e-003
 6.8624485e-003
 6.8190484e-003
 6.8049403e-003
 6.7923390e-003
 6.7453538e-003
 6.7037959e-003
 6.7045097e-003
 6.6991844e-003
 6.7183748e-003
 6.7123938e-003
 6.6452171e-003
 6.5685380e-003
 6.5314178e-003
 6.5655033e-003
 6.5424647e-003
 6.4714919e-003
 6.4483397e-003
 6.3197375e-003
-1.2300004e+034
-1.2300000e+034
-1.2299999e+034
-1.2299999e+034
-1.2300004e+034
-1.2299998e+034
-1.2299995e+034
-1.2299995e+034
-1.2299999e+034
-1.2299996e+034
-1.2299996e+034
-1.2300003e+034
-1.2300001e+034
-1.2300006e+034
-1.2300004e+034
-1.2299995e+034
-1.2300003e+034
-1.2300006e+034
-1.2300004e+034
-1.2299996e+034
-1.2299996e+034
-1.2300005e+034
-1.2299995e+034
-1.2299994e+034
-1.2300003e+034
-1.2300005e+034
-1.2299995e+034
-1.2300005e+034
-1.2299999e+034
 4.5849509e-003
 4.5623709e-003
 4.3820837e-003
 4.2704688e-003
 4.2038350e-003
 4.1489801e-003
 4.1194884e-003
 4.1141366e-003
 4.1544638e-003
 4.1707614e-003
 4.1534640e-003
 4.1575488e-003
 4.1741901e-003
 4.1882321e-003
 4.1701184e-003
 4.1107014e-003
 4.1106734e-003
 4.1580866e-003
 4.1571571e-003
 4.1570324e-003
 4.1797636e-003
 4.1607548e-003
 4.1354452e-003
 4.1775117e-003
 4.2051757e-003
 4.1560754e-003
 4.1224766e-003
 4.1228076e-003
 4.1187932e-003
 4.1248878e-003
 4.1285898e-003
 4.1129403e-003
 4.0883166e-003
 4.0795603e-003
 4.0859962e-003
 4.0783905e-003
 4.0768748e-003
 4.0749940e-003
 4.0371101e-003
 4.0106424e-003
 4.0248069e-003
 4.0263562e-003
 3.9906218e-003
 3.9770743e-003
 4.0060207e-003
 4.0098950e-003
 3.9905505e-003
 3.9897333e-003
 3.9989934e-003
 3.9792736e-003
 3.9680172e-003
 3.9802375e-003
 3.9902460e-003
 3.9725453e-003
 3.9594090e-003
 3.9778091e-003
 3.9868597e-003
 3.9664563e-003
 3.9561270e-003
 3.9682603e-003
 3.9717401e-003
 3.9484492e-003
 3.9421963e-003
 3.9716824e-003
 3.9846273e-003
 3.9898795e-003
 3.9954786e-003
 4.0036160e-003
 4.0150820e-003
 4.0183049e-003
 4.0177992e-003
 4.0258472e-003
 4.0408731e-003
 4.0482343e-003
 4.0761321e-003
 4.1006566e-003
 4.0987618e-003
 4.0940871e-003
 4.0861894e-003
 4.0931460e-003
 4.1123303e-003
 4.1206814e-003
 4.1391659e-003
 4.1600666e-003
 4.1789804e-003
 4.1795508e-003
 4.1691307e-003
 4.1803895e-003
 4.1950089e-003
 4.1918810e-003
 4.2015277e-003
 4.2179152e-003
 4.2230980e-003
 4.2340946e-003
 4.2430093e-003
 4.2500803e-003
 4.2570722e-003
 4.2595994e-003
 4.2621517e-003
 4.2644967e-003
 4.2702272e-003
 4.2893314e-003
 4.2944993e-003
 4.2847968e-003
 4.2755869e-003
 4.2793001e-003
 4.2860843e-003
 4.2816568e-003
 4.2916215e-003
 4.3114293e-003
 4.3023429e-003
 4.2937919e-003
 4.3099914e-003
 4.3169120e-003
 4.3072556e-003
 4.2961733e-003
 4.2913067e-003
 4.2908983e-003
 4.2880941e-003
 4.2770496e-003
 4.2658821e-003
 4.2632963e-003
 4.2501688e-003
 4.2368262e-003
 4.2369622e-003
 4.2480216e-003
 4.2538252e-003
 4.2499588e-003
 4.2396011e-003
 4.2263707e-003
 4.2263619e-003
 4.2358013e-003
 4.2353394e-003
 4.2282185e-003
 4.2146537e-003
 4.1978778e-003
 4.1987705e-003
 4.2149932e-003
 4.2203558e-003
 4.1889958e-003
 4.1642427e-003
 4.1615567e-003
 4.1547362e-003
 4.1309651e-003
 4.1145426e-003
 4.1073211e-003
 4.1052108e-003
 4.0792255e-003
 4.0625208e-003
 4.0778071e-003
 4.0606549e-003
 4.0259268e-003
 4.0164539e-003
 3.9939927e-003
 3.9579794e-003
 3.9308323e-003
 3.9154990e-003
 3.9103441e-003
 3.8953591e-003
 3.8696071e-003
 3.8530095e-003
 3.8398905e-003
 3.8252324e-003
 3.8064246e-003
 3.8083305e-003
 3.8009509e-003
 3.7751601e-003
 3.7372473e-003
 3.6959588e-003
 3.6626775e-003
 3.6352887e-003
 3.6119591e-003
 3.6077613e-003
 3.5955650e-003
 3.5593354e-003
 3.5365168e-003
 3.5243912e-003
 3.5145984e-003
 3.5000867e-003
 3.4752879e-003
 3.4489541e-003
 3.4134798e-003
 3.3918037e-003
 3.3854088e-003
 3.3401011e-003
 3.2679467e-003
 3.2146885e-003
 3.1877360e-003
 3.1500743e-003
 3.0986443e-003
 3.0798945e-003
 3.1066563e-003
 3.0914077e-003
 3.0239115e-003
 3.0122276e-003
 3.0085701e-003
 3.0126944e-003
 3.0169317e-003
 2.9392280e-003
 2.9366203e-003
 3.0075803e-003
 2.7233970e-003
 2.4392833e-003
 2.6029260e-003
 2.4492210e-003
-1.2300004e+034
-1.2300001e+034
-1.2300005e+034
-1.2300005e+034
-1.2299999e+034
-1.2300001e+034
-1.2299998e+034
-1.2300000e+034
-1.2299998e+034
-1.2300001e+034
-1.2300001e+034
-1.2299994e+034
-1.2300006e+034
-1.2300001e+034
-1.2300001e+034
-1.2299996e+034
-1.2299998e+034
-1.2300005e+034
-1.2299994e+034
-1.2300001e+034
-1.2300003e+034
-1.2299996e+034
-1.2299996e+034
-1.2300001e+034
-1.2300000e+034
-1.2300005e+034
-1.2300003e+034
-1.2299994e+034
-1.2300004e+034
-1.2300004e+034
-1.2299999e+034
-1.2299998e+034
-1.2300003e+034
-1.2300000e+034
-1.2300003e+034
-1.2299996e+034
-1.2299995e+034
-1.2299999e+034
-1.2299996e+034
-1.2299998e+034
-1.2300003e+034
-1.2300000e+034
-1.2300001e+034
-1.2299995e+034
-1.2300004e+034
-1.2300006e+034
-1.2300000e+034
-1.2299996e+034
-1.2299996e+034
-1.2300001e+034
-1.2299998e+034
-1.2299996e+034
-1.2300003e+034
-1.2300000e+034
-1.2300000e+034
-1.2299995e+034
-1.2299996e+034
-1.2300003e+034
-1.2300005e+034
-1.2300001e+034
-1.2300006e+034
-1.2300005e+034
-1.2300000e+034
-1.2300004e+034
-1.2300004e+034
-1.2300000e+034
-1.2300006e+034
-1.2299998e+034
-1.2300000e+034
-1.2300000e+034
-1.2300000e+034
-1.2300000e+034
-1.2299998e+034
-1.2299998e+034
-1.2299996e+034
-1.2299995e+034
-1.2299995e+034
-1.2299998e+034
-1.2300000e+034
-1.2299995e+034
-1.2300004e+034
-1.2300003e+034
-1.2300005e+034
-1.2299999e+034
-1.2299998e+034
-1.2300000e+034
-1.2299994e+034
-1.2300005e+034
-1.2300000e+034
-1.2299999e+034
-1.2300004e+034
-1.2300004e+034
-1.2299999e+034
-1.2300000e+034
-1.2299999e+034
-1.2300004e+034
-1.2300006e+034
-1.2300006e+034
-1.2300001e+034
 1.9559984e-003
 1.8614901e-003
 1.6846599e-003
 1.7830415e-003
 2.0378593e-003
 2.0536592e-003
 1.8476301e-003
 1.7870800e-003
 1.8612271e-003
 1.8288452e-003
 1.8479413e-003
 1.9407825e-003
 2.0356255e-003
 1.9193409e-003
 1.9555553e-003
 2.0431078e-003
 1.9162541e-003
 1.9201048e-003
 2.1373457e-003
 2.1152103e-003
 1.9637577e-003
 2.0294711e-003
 1.9938636e-003
 1.9361678e-003
 2.0255747e-003
 2.0296068e-003
 2.0033380e-003
 2.0589342e-003
 2.0411944e-003
 1.9917607e-003
 2.0224804e-003
 2.0649801e-003
 2.0732833e-003
 2.1494203e-003
 2.1652686e-003
 2.0619938e-003
 2.0763145e-003
 2.1461302e-003
 2.1070929e-003
 2.1192506e-003
 2.2044184e-003
 2.2085006e-003
 2.1821405e-003
 2.2077609e-003
 2.2262116e-003
 2.2102690e-003
 2.2087432e-003
 2.2278302e-003
 2.2273334e-003
 2.2068124e-003
 2.2115416e-003
 2.2423705e-003
 2.2619118e-003
 2.2718643e-003
 2.2866905e-003
 2.2979740e-003
 2.3011279e-003
 2.2998857e-003
 2.3049887e-003
 2.3185136e-003
 2.3274480e-003
 2.3368502e-003
 2.3365049e-003
 2.3394544e-003
 2.3513555e-003
 2.3479925e-003
 2.3392385e-003
 2.3511343e-003
 2.3667116e-003
 2.3691538e-003
 2.3691037e-003
 2.3868538e-003
 2.4054085e-003
 2.3954916e-003
 2.3968162e-003
 2.4225197e-003
 2.4239919e-003
 2.4118393e-003
 2.4246250e-003
 2.4433678e-003
 2.4395739e-003
 2.4348183e-003
 2.4479318e-003
 2.4554778e-003
 2.4538829e-003
 2.4585077e-003
 2.4637659e-003
 2.4602169e-003
 2.4432293e-003
 2.4390661e-003
 2.4656963e-003
 2.4752384e-003
 2.4580979e-003
 2.4529512e-003
 2.4561202e-003
 2.4561838e-003
 2.4587042e-003
 2.4575095e-003
 2.4516184e-003
 2.4533346e-003
 2.4571342e-003
 2.4601019e-003
 2.4708211e-003
 2.4763648e-003
 2.4669087e-003
 2.4674570e-003
 2.4792321e-003
 2.4803255e-003
 2.4853351e-003
 2.5008286e-003
 2.5028656e-003
 2.4821835e-003
 2.4719769e-003
 2.4860748e-003
 2.4820082e-003
 2.4707413e-003
 2.4829784e-003
 2.4876252e-003
 2.4878015e-003
 2.4972544e-003
 2.4915044e-003
 2.4867128e-003
 2.4927182e-003
 2.4875891e-003
 2.4883065e-003
 2.4962311e-003
 2.4891635e-003
 2.4847358e-003
 2.4907473e-003
 2.4970714e-003
 2.4948090e-003
 2.4941447e-003
 2.5078468e-003
 2.5148306e-003
 2.5080072e-003
 2.5055120e-003
 2.4951275e-003
 2.4928241e-003
 2.5147279e-003
 2.5289643e-003
 2.5380633e-003
 2.5459200e-003
 2.5383364e-003
 2.5393937e-003
 2.5531524e-003
 2.5622668e-003
 2.5741910e-003
 2.5825910e-003
 2.5768674e-003
 2.5749698e-003
 2.5881147e-003
 2.6084702e-003
 2.6095465e-003
 2.5951988e-003
 2.6200397e-003
 2.6428143e-003
 2.6163056e-003
 2.6130406e-003
 2.6213545e-003
 2.6078969e-003
 2.6323528e-003
 2.6672045e-003
 2.6706208e-003
 2.6745272e-003
 2.6776658e-003
 2.6846998e-003
 2.7032385e-003
 2.7036071e-003
 2.6907523e-003
 2.7011973e-003
 2.7226317e-003
 2.7258019e-003
 2.7288143e-003
 2.7476989e-003
 2.7573262e-003
 2.7536876e-003
 2.7609156e-003
 2.7597039e-003
 2.7460365e-003
 2.7534331e-003
 2.7659223e-003
 2.7662828e-003
 2.7756873e-003
 2.7848640e-003
 2.7671794e-003
 2.7512906e-003
 2.7668937e-003
 2.7780614e-003
 2.7704872e-003
 2.7762258e-003
 2.7882932e-003
 2.7860014e-003
 2.7833856e-003
 2.7862613e-003
 2.7851744e-003
 2.7882964e-003
 2.7900352e-003
 2.7864799e-003
 2.7889460e-003
 2.7876063e-003
 2.7897779e-003
 2.7904704e-003
 2.7674574e-003
 2.7610397e-003
 2.7732444e-003
 2.7575113e-003
 2.7559574e-003
 2.7876860e-003
 2.7905756e-003
 2.7542459e-003
 2.7363955e-003
 2.7395978e-003
 2.7288022e-003
 2.7156945e-003
 2.7154223e-003
 2.6964406e-003
 2.6798141e-003
 2.7034339e-003
 2.7239574e-003
 2.7298485e-003
 2.7265174e-003
 2.7184570e-003
 2.7175432e-003
 2.7023740e-003
 2.6864328e-003
 2.6885869e-003
 2.6850617e-003
 2.6610566e-003
 2.6534670e-003
 2.6810374e-003
 2.6897679e-003
 2.6742085e-003
 2.6701605e-003
 2.6587935e-003
 2.6477883e-003
 2.6518793e-003
 2.6471985e-003
 2.6336720e-003
 2.6374862e-003
 2.6486383e-003
 2.6404075e-003
 2.6244498e-003
 2.6204456e-003
 2.6172251e-003
 2.6109482e-003
 2.6136786e-003
 2.6099074e-003
 2.5899401e-003
 2.5777710e-003
 2.5832856e-003
 2.5942195e-003
 2.5967413e-003
 2.5968661e-003
 2.6017027e-003
 2.5985530e-003
 2.5729728e-003
 2.5581780e-003
 2.5776301e-003
 2.5707220e-003
 2.5422743e-003
 2.5332298e-003
 2.5278097e-003
 2.5261650e-003
 2.5377700e-003
 2.5467537e-003
 2.5264772e-003
 2.5030936e-003
 2.5104587e-003
 2.5310603e-003
 2.5350221e-003
 2.5300828e-003
 2.5481603e-003
 2.5627527e-003
 2.5367523e-003
 2.5070014e-003
 2.5009022e-003
 2.4887405e-003
 2.4835421e-003
 2.5172755e-003
 2.5328356e-003
 2.5248835e-003
 2.5432159e-003
 2.5208495e-003
 2.5035546e-003
 2.5171714e-003
 2.5216052e-003
 2.5484771e-003
 2.5725639e-003
 2.5425805e-003
 2.5311778e-003
 2.5870686e-003
 2.6157149e-003
 2.5842288e-003
 2.5801172e-003
 2.6120413e-003
 2.6080732e-003
 2.5952379e-003
 2.6129256e-003
 2.5873736e-003
 2.5520513e-003
 2.5914225e-003
 2.6231038e-003
 2.5938442e-003
 2.5785605e-003
 2.5869419e-003
 2.5958864e-003
 2.6312345e-003
 2.6369216e-003
 2.6294154e-003
 2.5904877e-003
 2.5382950e-003
 2.5771232e-003
 2.6314100e-003
 2.6136311e-003
 2.6048562e-003
 2.5671523e-003
 2.4650551e-003
 2.4910762e-003
 2.6123200e-003
 2.5795233e-003
 2.5203766e-003
 2.5773682e-003
 2.5726119e-003
 2.6318890e-003
 2.7196154e-003
 2.5217929e-003
 2.3729911e-003
 2.4979247e-003
 2.5631702e-003
 2.5799423e-003
 2.6121270e-003
 2.4868893e-003
 2.3886778e-003
 2.4441658e-003
 2.4595789e-003
 2.5273657e-003
 2.5565247e-003
 2.3205872e-003
 2.2285248e-003
 2.4816336e-003
 2.5493109e-003
 2.8016786e-003
 2.9742790e-003
 2.4224231e-003
 2.1055997e-003
 2.2283506e-003
-1.2299996e+034
-1.2300000e+034
-1.2300004e+034
-1.2299996e+034
-1.2300001e+034
-1.2299994e+034
-1.2299999e+034
-1.2300003e+034
-1.2300005e+034
-1.2300005e+034
-1.2300003e+034
-1.2299995e+034
-1.2299995e+034
-1.2300000e+034
-1.2299995e+034
-1.2300004e+034
-1.2300000e+034
-1.2300004e+034
-1.2299995e+034
-1.2300003e+034
-1.2300004e+034
-1.2299996e+034
-1.2300004e+034
-1.2300000e+034
-1.2300004e+034
-1.2299996e+034
-1.2299996e+034
-1.2300004e+034
-1.2300004e+034
-1.2299995e+034
-1.2300001e+034
-1.2299998e+034
-1.2300005e+034
-1.2299999e+034
-1.2300000e+034
-1.2299996e+034
-1.2300000e+034
-1.2299996e+034
-1.2300005e+034
-1.2300005e+034
-1.2300005e+034
-1.2300003e+034
-1.2299996e+034
-1.2299999e+034
-1.2300004e+034
-1.2300003e+034
-1.2300003e+034
-1.2300001e+034
-1.2300000e+034
-1.2300006e+034
-1.2299996e+034
-1.2300005e+034
-1.2299995e+034
-1.2300005e+034
-1.2300006e+034
-1.2300003e+034
-1.2300005e+034
-1.2299999e+034
-1.2299996e+034
-1.2300000e+034
-1.2299996e+034
-1.2299998e+034
-1.2300005e+034
-1.2299998e+034
-1.2299998e+034
-1.2299996e+034
-1.2299995e+034
-1.2300005e+034
-1.2300005e+034
-1.2299996e+034
-1.2300005e+034
-1.2300006e+034
-1.2300000e+034
-1.2300003e+034
-1.2300000e+034
-1.2300005e+034
-1.2299996e+034
-1.2299999e+034
-1.2299999e+034
-1.2300003e+034
-1.2300005e+034
-1.2299999e+034
-1.2300005e+034
-1.2300005e+034
-1.2299998e+034
-1.2299995e+034
-1.2300001e+034
-1.2300003e+034
-1.2300000e+034
-1.2299996e+034
-1.2300001e+034
-1.2299994e+034
-1.2300001e+034
-1.2299996e+034
-1.2299996e+034
-1.2299999e+034
-1.2299996e+034
-1.2299998e+034
-1.2299995e+034
-1.2300003e+034
-1.2300005e+034
-1.2299996e+034
-1.2299995e+034
-1.2300004e+034
-1.2299999e+034
-1.2300006e+034
-1.2299996e+034
-1.2300001e+034
-1.2300003e+034
-1.2300004e+034
-1.2300005e+034
-1.2300003e+034
-1.2299999e+034
-1.2300006e+034
-1.2299995e+034
-1.2300005e+034
-1.2299996e+034
-1.2299994e+034
-1.2299998e+034
-1.2300005e+034
-1.2300003e+034
-1.2300003e+034
-1.2299994e+034
-1.2300001e+034
-1.2300001e+034
-1.2300000e+034
-1.2300001e+034
-1.2300000e+034
-1.2299995e+034
-1.2300003e+034
-1.2300003e+034
-1.2300006e+034
-1.2300000e+034
-1.2300000e+034
-1.2299999e+034
-1.2300005e+034
-1.2299996e+034
-1.2300001e+034
-1.2300000e+034
-1.2299994e+034
-1.2300000e+034
-1.2299996e+034
-1.2300001e+034
-1.2300006e+034
-1.2299994e+034
-1.2300004e+034
-1.2300005e+034
-1.2299996e+034
-1.2299998e+034
-1.2300003e+034
-1.2300005e+034
-1.2300000e+034
-1.2299998e+034
-1.2300004e+034
-1.2300004e+034
-1.2299998e+034
-1.2299995e+034
-1.2299996e+034
-1.2300003e+034
-1.2299998e+034
-1.2299995e+034
-1.2300000e+034
-1.2300001e+034
-1.2300001e+034
-1.2300003e+034
-1.2299996e+034
-1.2300001e+034
-1.2299999e+034
-1.2300000e+034
-1.2300005e+034
-1.2300006e+034
-1.2299999e+034
-1.2299999e+034
-1.2299996e+034
-1.2300005e+034
-1.2299999e+034
 1.5155800e-003
 1.5687697e-003
 1.6694756e-003
 1.7122708e-003
 1.6662907e-003
 1.6158352e-003
 1.6178702e-003
 1.6461314e-003
 1.7554177e-003
 1.7390600e-003
 1.7384348e-003
 1.7301894e-003
 1.6570596e-003
 1.7164681e-003
 1.7979175e-003
 1.7858698e-003
 1.7855371e-003
 1.8183924e-003
 1.8490329e-003
 1.8473871e-003
 1.8496185e-003
 1.8471474e-003
 1.8059214e-003
 1.7771542e-003
 1.8393662e-003
 1.8909498e-003
 1.7693476e-003
 1.7210664e-003
-1.2299999e+034
-1.2300000e+034
-1.2300003e+034
-1.2299995e+034
-1.2300005e+034
-1.2299995e+034
-1.2300001e+034
-1.2299999e+034
-1.2299994e+034
-1.2300005e+034
-1.2300003e+034
-1.2300000e+034
-1.2300004e+034
-1.2300005e+034
-1.2300003e+034
-1.2299996e+034
-1.2300004e+034
-1.2300000e+034
-1.2299996e+034
 2.0149730e-003
 1.8495092e-003
 1.9011290e-003
 1.9890661e-003
 2.0028781e-003
 2.0625000e-003
 2.1710622e-003
 2.1298260e-003
 2.0684225e-003
 2.0432803e-003
 1.9797580e-003
 1.9680362e-003
 1.9795469e-003
 1.9987163e-003
 2.0288115e-003
 2.0050639e-003
 1.9699330e-003
 1.9487054e-003
 1.9130708e-003
 1.8736403e-003
 1.8294011e-003
 1.8387327e-003
 1.8890301e-003
 1.8716371e-003
 1.8649271e-003
 1.8826914e-003
 1.7945885e-003
 1.7639680e-003
 1.8237177e-003
 1.8422618e-003
 1.8587748e-003
 1.8871928e-003
 1.8666430e-003
 1.8126789e-003
 1.8382563e-003
 1.8828188e-003
 1.8713530e-003
 1.8701514e-003
 1.8706316e-003
 1.7865681e-003
 1.7509302e-003
 1.7908068e-003
 1.7853621e-003
 1.7801131e-003
 1.7846477e-003
 1.7879028e-003
 1.7889466e-003
 1.8214864e-003
 1.8810190e-003
 1.8398882e-003
 1.7670307e-003
 1.7423523e-003
 1.7097935e-003
 1.6895498e-003
 1.7026662e-003
 1.7379089e-003
 1.6933107e-003
 1.6760235e-003
 1.6957623e-003
 1.7209012e-003
 1.7671003e-003
 1.7566790e-003
 1.6922576e-003
 1.6434804e-003
 1.6316999e-003
 1.6250797e-003
 1.6034233e-003
 1.5992788e-003
 1.6008393e-003
 1.5819336e-003
 1.5934613e-003
 1.6380573e-003
 1.6296128e-003
 1.6149684e-003
 1.6756597e-003
 1.6931025e-003
 1.6824527e-003
 1.7070259e-003
 1.7190797e-003
 1.6993826e-003
 1.6854474e-003
 1.6479393e-003
 1.5776904e-003
 1.5528692e-003
 1.5428890e-003
 1.5253635e-003
 1.5043594e-003
 1.5589136e-003
 1.6284387e-003
 1.6821326e-003
 1.7747758e-003
 1.7641408e-003
 1.7077049e-003
 1.6927772e-003
 1.6779801e-003
 1.6938171e-003
 1.7140869e-003
 1.6843911e-003
 1.6424108e-003
 1.6236914e-003
 1.7014805e-003
 1.7872199e-003
 1.7848334e-003
 1.7978160e-003
 1.7871319e-003
 1.7159887e-003
 1.7159285e-003
 1.7603702e-003
 1.7560745e-003
 1.7312207e-003
 1.7609964e-003
 1.8040979e-003
 1.7887425e-003
 1.7747058e-003
 1.7508039e-003
 1.6886118e-003
 1.6591272e-003
 1.6628918e-003
 1.6569395e-003
 1.6580619e-003
 1.6739231e-003
 1.6768915e-003
 1.7161435e-003
 1.7678610e-003
 1.8223823e-003
 1.8505048e-003
 1.8946697e-003
 1.9056631e-003
 1.8934583e-003
 1.8760246e-003
 1.8526058e-003
 1.7964992e-003
 1.7132714e-003
 1.7111654e-003
 1.7285133e-003
 1.7240704e-003
 1.7575818e-003
 1.7648037e-003
 1.7214331e-003
 1.7178323e-003
 1.7363647e-003
 1.7632375e-003
 1.7879737e-003
 1.8021695e-003
 1.8276655e-003
 1.7844767e-003
 1.7650198e-003
 1.8318495e-003
 1.8292232e-003
 1.8109372e-003
 1.8704003e-003
 1.9530609e-003
 1.9326538e-003
 1.9085881e-003
 1.9139717e-003
 1.8889422e-003
 1.8826426e-003
 1.9049197e-003
 1.9465561e-003
 1.9675964e-003
 1.9226134e-003
 1.9436727e-003
 1.9324613e-003
 1.9024073e-003
 1.9809145e-003
 2.0078965e-003
 1.9602343e-003
 1.9208181e-003
 1.9329902e-003
 2.0642546e-003
 2.1250879e-003
 2.0390945e-003
 1.9917800e-003
 1.9894131e-003
 1.9549977e-003
 1.9856261e-003
 2.0995412e-003
 2.0950194e-003
 2.0334974e-003
 2.0075559e-003
 2.0087403e-003
 1.9648734e-003
 1.8758535e-003
 1.9236266e-003
 2.0187011e-003
 1.9865583e-003
 1.9518832e-003
 1.9696683e-003
 1.9528376e-003
 1.9444750e-003
 2.0052667e-003
 1.9860314e-003
 1.8731068e-003
 1.8523876e-003
 1.9111646e-003
 1.9565411e-003
 2.0036330e-003
 2.0298481e-003
 2.0176722e-003
 1.9600820e-003
 1.9199424e-003
 1.9386746e-003
 1.9233866e-003
 1.8841373e-003
 1.8973679e-003
 1.9312931e-003
 1.9559204e-003
 1.9840931e-003
 1.9450600e-003
 1.8886126e-003
 1.8854346e-003
 1.8687436e-003
 1.8620738e-003
 1.9011116e-003
 1.8876279e-003
 1.8354728e-003
 1.8283596e-003
 1.8317867e-003
 1.8133339e-003
 1.7952237e-003
 1.8163602e-003
 1.8386589e-003
 1.7793627e-003
 1.7455161e-003
 1.7090930e-003
 1.7230867e-003
 1.7805882e-003
 1.8242648e-003
 1.8580019e-003
 1.8332222e-003
 1.7689143e-003
 1.7284083e-003
 1.7202722e-003
 1.6562099e-003
 1.5989630e-003
 1.6092260e-003
 1.5380277e-003
 1.5453782e-003
 1.6332767e-003
 1.6057193e-003
 1.5339493e-003
 1.4662519e-003
 1.4259428e-003
 1.4513754e-003
 1.4987395e-003
 1.5310135e-003
 1.5694783e-003
 1.6143514e-003
 1.6213239e-003
 1.5839698e-003
 1.5327056e-003
 1.5604249e-003
 1.5811631e-003
 1.5588140e-003
 1.5678841e-003
 1.5360572e-003
 1.4540061e-003
 1.5007781e-003
 1.6067836e-003
 1.6645134e-003
 1.6963128e-003
 1.7114753e-003
 1.7370440e-003
 1.6626129e-003
 1.5651669e-003
 1.5356524e-003
 1.4898232e-003
 1.5139226e-003
 1.5649449e-003
 1.6033363e-003
 1.7155644e-003
 1.7712384e-003
 1.6707401e-003
 1.6289086e-003
 1.6134868e-003
 1.5715548e-003
 1.6010142e-003
 1.5686284e-003
 1.4630895e-003
 1.4207761e-003
 1.4783846e-003
 1.5710072e-003
 1.5669035e-003
 1.4985659e-003
 1.4963875e-003
 1.4882791e-003
 1.4442726e-003
 1.3952437e-003
 1.3163531e-003
 1.2939275e-003
 1.3117534e-003
 1.2969128e-003
 1.3169855e-003
 1.3821556e-003
 1.4408102e-003
 1.5046005e-003
 1.5835186e-003
 1.6058157e-003
 1.6055650e-003
 1.6877400e-003
 1.6841003e-003
 1.6274618e-003
 1.6660327e-003
 1.6556343e-003
 1.5180744e-003
 1.4994891e-003
 1.4263007e-003
 1.3188774e-003
 1.4407060e-003
 1.6526373e-003
 1.7992045e-003
 1.8929496e-003
 1.8470843e-003
 1.6300431e-003
 1.4099266e-003
 1.3754215e-003
 1.5003397e-003
 1.5313983e-003
 1.4252976e-003
 1.3847286e-003
 1.3711170e-003
 1.3469668e-003
 1.4254448e-003
 1.5994061e-003
 1.5951764e-003
 1.4165911e-003
 1.3770205e-003
 1.4993041e-003
 1.3441718e-003
 1.5860633e-003
 1.9267349e-003
 1.7022408e-003
 1.6307136e-003
 1.6755332e-003
 1.4480986e-003
 1.4653953e-003
 1.6146814e-003
 1.6457152e-003
 1.8369230e-003
 2.0973030e-003
 2.0515237e-003
 1.7369754e-003
 1.3975592e-003
 1.0543795e-003
 1.1050542e-003
 1.2846059e-003
 1.3198972e-003
 1.5142504e-003
 1.5649644e-003
 1.5255872e-003
 1.9216683e-003
 2.1903182e-003
 2.2704464e-003
 2.2140141e-003
 1.9504977e-003
 1.5507941e-003
 1.4485294e-003
 1.6662229e-003
 1.4093427e-003
 1.6079617e-003
 2.0788370e-003
 1.9451703e-003
 2.2684459e-003
 2.2746476e-003
 2.2995663e-003
 2.0421445e-003
 1.8818869e-003
 2.5532781e-003
 2.9102655e-003
 2.8995925e-003
 2.3221739e-003
 1.4553870e-003
 1.1553885e-003
 9.6022739e-004
 1.7101951e-003
 2.1714235e-003
 1.9741061e-003
 2.1489311e-003
 2.2300354e-003
 1.8913841e-003
 2.1926481e-003
 2.4822089e-003
 2.3743843e-003
 2.3755974e-003
 2.4022565e-003
 2.5552546e-003
 2.3626140e-003
 1.9586568e-003
 1.3383501e-003
 1.2321966e-003
 1.9369201e-003
 3.1889989e-003
 3.3953052e-003
 3.1021624e-003
 2.3867737e-003
 2.8662237e-003
 3.1584601e-003
 2.3652876e-003
 3.0381551e-003
 3.5845554e-003
 2.5102033e-003
 2.9520895e-003
 3.4596093e-003
 4.7860304e-003
 3.7881762e-003
 2.1610630e-003
 3.1860988e-003
-1.2300006e+034
-1.2300003e+034
-1.2300003e+034
-1.2299999e+034
-1.2299998e+034
-1.2299998e+034
-1.2300006e+034
-1.2299995e+034
-1.2300000e+034
-1.2300006e+034
-1.2300000e+034
-1.2300003e+034
-1.2299996e+034
-1.2300001e+034
-1.2300000e+034
-1.2300001e+034
-1.2299999e+034
-1.2300000e+034
-1.2300005e+034
-1.2300006e+034
-1.2300004e+034
-1.2300003e+034
-1.2300001e+034
-1.2300001e+034
-1.2299995e+034
-1.2300005e+034
-1.2300000e+034
-1.2300001e+034
-1.2300006e+034
-1.2300001e+034
-1.2300003e+034
-1.2300006e+034
-1.2299999e+034
-1.2299996e+034
-1.2299999e+034
-1.2300005e+034
-1.2299996e+034
-1.2300003e+034
-1.2300000e+034
-1.2300001e+034
-1.2300003e+034
-1.2300001e+034
-1.2300000e+034
-1.2299996e+034
-1.2300000e+034
-1.2300004e+034
-1.2300005e+034
-1.2300000e+034
-1.2299995e+034
-1.2299999e+034
-1.2300001e+034
-1.2299995e+034
-1.2299998e+034
-1.2299996e+034
-1.2300000e+034
-1.2299998e+034
-1.2300005e+034
-1.2299995e+034
-1.2300003e+034
-1.2300003e+034
-1.2299995e+034
-1.2299996e+034
-1.2300003e+034
-1.2299999e+034
-1.2300005e+034
-1.2300001e+034
-1.2300003e+034
-1.2299998e+034
-1.2300001e+034
-1.2300000e+034
-1.2300005e+034
-1.2300001e+034
-1.2300003e+034
-1.2299999e+034
-1.2299990e+034
