Error bars for splib07a Record=10227: Staurolite HS188.3B           BECKc AREF
 5.4573081e-002
 9.5541999e-003
 2.7679307e-003
 1.3001164e-003
 1.1932570e-003
 1.1408356e-003
 1.0684684e-003
 1.0367244e-003
 1.0347461e-003
 1.0520590e-003
 1.0628728e-003
 1.0795010e-003
 1.1153391e-003
 1.1475889e-003
 1.1724660e-003
 1.2031413e-003
 1.2627149e-003
 1.3143384e-003
 1.3615666e-003
 1.3990329e-003
 1.4315803e-003
 1.4647432e-003
 1.4532247e-003
 1.4422779e-003
 8.9561497e-004
 1.4242667e-003
 1.4856550e-003
 9.8993815e-004
 1.4906635e-003
 1.4838056e-003
 1.4134815e-003
 1.0004994e-003
 1.0129649e-003
 6.6725642e-004
 1.4853876e-003
 1.4295371e-003
 1.5130835e-003
 1.4645966e-003
 1.4927321e-003
 1.4881134e-003
 1.4428671e-003
 1.5114021e-003
 9.3438750e-004
 1.5155524e-003
 8.2041632e-004
 1.4865407e-003
 1.5024749e-003
 1.5056833e-003
 1.4060790e-003
 1.5291402e-003
 1.4766960e-003
 1.3394357e-003
 1.0798430e-003
 1.4683930e-003
 1.2738509e-003
 1.4867019e-003
 9.0245350e-004
 1.5498857e-003
 1.4908665e-003
 1.5219118e-003
 1.5502265e-003
 1.5197998e-003
 1.3966798e-003
 1.4992027e-003
 1.4959871e-003
 1.5588814e-003
 1.3234367e-003
 1.5266730e-003
 1.4953947e-003
 1.4979220e-003
 1.5111899e-003
 1.5261166e-003
 1.4722951e-003
 1.5426136e-003
 1.5371636e-003
 1.4288651e-003
 8.0669526e-004
 1.5383466e-003
 1.5592203e-003
 1.5573576e-003
 1.5225525e-003
 1.5379260e-003
 1.5569137e-003
 1.5518102e-003
 1.5286464e-003
 1.3917201e-003
 1.4671040e-003
 1.5526599e-003
 1.1445141e-003
 1.5435234e-003
 1.5505502e-003
 1.5285172e-003
 8.1508572e-004
 1.1447389e-003
 1.5205473e-003
 1.5681547e-003
 1.5234203e-003
 1.5264817e-003
 1.4573378e-003
 1.5629160e-003
 1.5149595e-003
 1.5477727e-003
 1.5374707e-003
 8.5357105e-004
 1.3971438e-003
 1.5736748e-003
 1.3885482e-003
 1.5592991e-003
 1.5488045e-003
 1.5694632e-003
 9.5008273e-004
 1.5876659e-003
 1.5754930e-003
 1.2776208e-003
 1.2652666e-003
 1.5232048e-003
 1.5761806e-003
 1.2546479e-003
 1.5783804e-003
 1.0463651e-003
 1.5659598e-003
 1.5276421e-003
 1.1977458e-003
 1.5661027e-003
 6.7596528e-004
 1.3475047e-003
 1.5347353e-003
 1.0174222e-003
 1.4909854e-003
 1.4289283e-003
 1.5728503e-003
 5.6700245e-004
 8.1593741e-004
 1.0815829e-003
 1.2307335e-003
 5.9001934e-004
 1.5483130e-003
 1.4390250e-003
 1.5366452e-003
 1.5656409e-003
 1.5790134e-003
 1.5380792e-003
 1.5547194e-003
 1.5648322e-003
 1.5520426e-003
 1.5338452e-003
 7.5940485e-004
 1.5864662e-003
 1.5500867e-003
 1.5629984e-003
 1.5151319e-003
 1.3379782e-003
 1.5801090e-003
 1.5219055e-003
 1.5654726e-003
 1.5412319e-003
 1.5648380e-003
 1.2940945e-003
 1.5112844e-003
 1.5658552e-003
 1.5686983e-003
 8.5450074e-004
 1.5834273e-003
 1.5240331e-003
 1.4779463e-003
 1.5260910e-003
 1.0840974e-003
 1.1489668e-003
 1.5444435e-003
 1.5324858e-003
 1.5217704e-003
 8.1260782e-004
 1.1362269e-003
 1.1215218e-003
 1.0485102e-003
 8.3781488e-004
 1.4796794e-003
 7.0571399e-004
 1.5017120e-003
 1.1923120e-003
 1.3166941e-003
 1.5701632e-003
 1.3247508e-003
 1.5763363e-003
 9.8376349e-004
 1.5887193e-003
 1.5884435e-003
 9.2429662e-004
 1.2528728e-003
 1.3410588e-003
 8.7561918e-004
 1.5924902e-003
 9.0104114e-004
 1.5658955e-003
 1.5500601e-003
 9.0950908e-004
 6.9958810e-004
 8.2237564e-004
 1.0318466e-003
 8.6504599e-004
 1.4194465e-003
 1.3781686e-003
 1.2232095e-003
 1.4152139e-003
 1.5921550e-003
 1.3840821e-003
 1.3552295e-003
 1.2078346e-003
 7.3881232e-004
 1.3659330e-003
 1.3423506e-003
 1.6035804e-003
 1.5691991e-003
 1.6256510e-003
 1.5757538e-003
 1.5773380e-003
 1.5914516e-003
 8.2796981e-004
 8.5729256e-004
 1.5813899e-003
 1.4173576e-003
 1.4583837e-003
 1.3862288e-003
 1.3347024e-003
 1.0358406e-003
 8.9292729e-004
 1.0288557e-003
 1.2402372e-003
 1.3680956e-003
 1.4389883e-003
 1.2471074e-003
 1.4706294e-003
 7.4913900e-004
 1.1487085e-003
 1.0631187e-003
 1.4745523e-003
 7.2145346e-004
 1.3244313e-003
 1.1152603e-003
 1.6821701e-003
 1.7662962e-003
 1.7488368e-003
 1.7440319e-003
 1.7482709e-003
 1.7441437e-003
 1.1235657e-003
 1.5948900e-003
 1.3241437e-003
 1.2443421e-003
 1.3052169e-003
 1.2393227e-003
 1.3416309e-003
 1.6259671e-003
 1.5947018e-003
 1.7642858e-003
 1.7609990e-003
 1.6064626e-003
 1.4603817e-003
 9.8615768e-004
 9.4782427e-004
 1.1658930e-003
 6.4615958e-004
 1.7008284e-003
 1.4581293e-003
 1.2686070e-003
 1.1760722e-003
 1.6685692e-003
 1.7082689e-003
 1.4608306e-003
 1.7149926e-003
 1.7707767e-003
 1.6906484e-003
 9.7708497e-004
 1.4869141e-003
 9.1976143e-004
 1.0817158e-003
 1.4378387e-003
 1.4281740e-003
 1.0012591e-003
 8.4170274e-004
 1.0452199e-003
 1.3689278e-003
 1.1773116e-003
 1.1185845e-003
 1.6622149e-003
 1.5573283e-003
 8.2722236e-004
 1.4681866e-003
 8.0467289e-004
 1.2215275e-003
 1.0197597e-003
 1.7674308e-003
 1.3797785e-003
 1.2421522e-003
 1.1539350e-003
 1.7016982e-003
 1.4057928e-003
 7.5942534e-004
 1.1494269e-003
 1.3906662e-003
 1.0590072e-003
 1.3598776e-003
 8.2718657e-004
 7.1529357e-004
 1.2238324e-003
 1.6181791e-003
 1.4913409e-003
 8.1093865e-004
 1.2789214e-003
 9.4244379e-004
 1.2219554e-003
 1.6292060e-003
 1.1589167e-003
 1.2296652e-003
 1.0412096e-003
 9.7194174e-004
 1.1313809e-003
 1.6750200e-003
 1.6970574e-003
 1.0586755e-003
 1.5802722e-003
 1.3196891e-003
 7.8437105e-004
 1.1632332e-003
 1.2213511e-003
 1.6398489e-003
 1.2747804e-003
 1.7673089e-003
 1.7762352e-003
 1.7807963e-003
 1.2741848e-003
 1.7946094e-003
 1.4703042e-003
 1.7939559e-003
 1.7421528e-003
 1.7456198e-003
 1.2718606e-003
 1.7571343e-003
 1.7208012e-003
 1.4438785e-003
 7.4743549e-004
 1.7778525e-003
 1.7638620e-003
 1.7432530e-003
 1.7567030e-003
 1.2052109e-003
 1.5479645e-003
 1.7867316e-003
 1.1749194e-003
 1.3667883e-003
 1.7676702e-003
 1.7459055e-003
 1.4522161e-003
 1.7930946e-003
 1.6595733e-003
 1.3453338e-003
 1.5904477e-003
 1.8072526e-003
 1.5026467e-003
 1.5933503e-003
 1.2346572e-003
 1.7974594e-003
 1.1791448e-003
 1.1841396e-003
 1.7230191e-003
 9.8710519e-004
 1.3121859e-003
 1.7262874e-003
 1.3405214e-003
 1.3391784e-003
 1.1490559e-003
 9.5801172e-004
 9.8200585e-004
 9.5675135e-004
 1.0653529e-003
 1.6826380e-003
 1.6434412e-003
 1.2756528e-003
 1.1534321e-003
 1.7835851e-003
 1.6187201e-003
 1.6241948e-003
 1.8060118e-003
 1.7531940e-003
 1.6059924e-003
 9.7648584e-004
 1.2346583e-003
 1.7820437e-003
 1.7589054e-003
 1.2478491e-003
 1.6102595e-003
 1.4246322e-003
 1.7943976e-003
 1.7761309e-003
 1.7510960e-003
 1.3517011e-003
 1.7295601e-003
 1.4985522e-003
 1.8285954e-003
 1.6979930e-003
 1.7968455e-003
 9.7545667e-004
 1.1465255e-003
 1.5620883e-003
 1.4218529e-003
 1.5762339e-003
 1.3335220e-003
 1.7862822e-003
 1.8084194e-003
 1.6842784e-003
 1.7985702e-003
 1.4345801e-003
 1.5579405e-003
 1.5881191e-003
 1.6965672e-003
 1.5627571e-003
 1.2316211e-003
 1.7454809e-003
 1.2081887e-003
 1.8208076e-003
 1.6810397e-003
 1.4294070e-003
 1.7658145e-003
 1.8123565e-003
 1.7905486e-003
 1.7833199e-003
 1.8159320e-003
 1.7278914e-003
 1.7913072e-003
 1.7271615e-003
 1.7661412e-003
 1.7876262e-003
 1.7882520e-003
 1.7870899e-003
 1.7491606e-003
 1.4486521e-003
 1.7614727e-003
 1.7731891e-003
 1.6799447e-003
 1.4080851e-003
 1.7934146e-003
 1.8180833e-003
 1.8221715e-003
 1.8431182e-003
 1.8263218e-003
 1.8248642e-003
 1.8416001e-003
 1.8503690e-003
 1.8682929e-003
 2.7426414e-003
 3.4702288e-003
 3.2843321e-003
 1.9533136e-003
 1.8143611e-003
 1.7929226e-003
 1.7188747e-003
 1.7842856e-003
 1.7997497e-003
 1.7746305e-003
 1.7837512e-003
 1.7417634e-003
 1.2430744e-003
 1.4968690e-003
 1.7215280e-003
 1.7560693e-003
 1.6771073e-003
 1.6224909e-003
 1.6753966e-003
 1.6628355e-003
 1.7117958e-003
 3.6119667e-003
 8.5239215e-003
 9.0450393e-003
 8.0739222e-003
 6.8572806e-003
 6.0129459e-003
 5.7364949e-003
 6.1740307e-003
 6.5283170e-003
 9.2397183e-003
