Error bars for splib07a Record=11346: Vermiculite VTx-1.a <250um    BECKb AREF
 4.9949333e-001
 6.0509827e-002
 1.6256357e-002
 6.8210401e-003
 3.8299251e-003
 2.2161265e-003
 1.6271828e-003
 1.5042135e-003
 1.1241083e-003
 1.1282822e-003
 1.1482090e-003
 1.1787274e-003
 1.2002040e-003
 1.2326913e-003
 1.2680673e-003
 1.2999042e-003
 1.3406310e-003
 1.3858305e-003
 1.4505450e-003
 1.4947980e-003
 1.5149531e-003
 1.5557460e-003
 1.5827006e-003
 1.5793552e-003
 1.6122055e-003
 1.6146549e-003
 1.6119868e-003
 1.6214723e-003
 1.6217340e-003
 1.6357364e-003
 1.6585639e-003
 1.0708098e-003
 1.6276075e-003
 1.4820141e-003
 1.0152323e-003
 1.2392884e-003
 9.6293568e-004
 9.3214947e-004
 7.9696468e-004
 1.1610851e-003
 1.1397889e-003
 1.1465449e-003
 9.6450403e-004
 1.0589359e-003
 1.0122536e-003
 9.3231979e-004
 9.9582295e-004
 9.5863146e-004
 8.2402554e-004
 8.2397542e-004
 8.8737597e-004
 8.5591880e-004
 8.0896815e-004
 7.7589997e-004
 7.7592151e-004
 9.6349831e-004
 8.7633479e-004
 1.1590727e-003
 9.3659246e-004
 1.0752906e-003
 9.0248091e-004
 8.4111525e-004
 9.3522435e-004
 1.0407419e-003
 8.2239340e-004
 8.5887621e-004
 8.5988309e-004
 8.2603452e-004
 8.4530667e-004
 1.1489488e-003
 1.4875202e-003
 1.0922145e-003
 1.1479161e-003
 1.4314348e-003
 1.3192989e-003
 1.1087843e-003
 1.3527767e-003
 9.0840826e-004
 8.9614233e-004
 9.4709714e-004
 1.0270757e-003
 1.1074693e-003
 1.0058309e-003
 9.9300779e-004
 9.2252420e-004
 1.1139013e-003
 9.7457017e-004
 1.0075842e-003
 9.5201604e-004
 9.4474299e-004
 9.5191970e-004
 1.0205051e-003
 9.8573556e-004
 9.7784353e-004
 9.9834357e-004
 9.4657944e-004
 9.1891584e-004
 9.4632205e-004
 1.1230055e-003
 9.8228501e-004
 9.4903237e-004
 1.2941691e-003
 9.1751164e-004
 1.3961127e-003
 1.0897424e-003
 9.9655858e-004
 9.7812491e-004
 1.1139004e-003
 9.2956476e-004
 1.0601413e-003
 1.0996412e-003
 9.6241443e-004
 9.7870675e-004
 1.0031359e-003
 1.0011672e-003
 9.3312480e-004
 1.2337926e-003
 9.9151419e-004
 9.2494098e-004
 8.8218163e-004
 1.0913169e-003
 9.2641835e-004
 9.5422613e-004
 9.3178271e-004
 9.8519993e-004
 9.5362496e-004
 1.0361129e-003
 9.3224103e-004
 9.4464613e-004
 9.4486220e-004
 1.0645908e-003
 1.2072616e-003
 1.5426441e-003
 1.1197181e-003
 1.2095105e-003
 1.4684455e-003
 1.0855102e-003
 1.1280542e-003
 1.1749343e-003
 1.1478829e-003
 1.0236077e-003
 9.8383438e-004
 9.0495823e-004
 1.0066048e-003
 1.1068782e-003
 1.0720571e-003
 1.0030936e-003
 8.9990225e-004
 9.5470971e-004
 9.3861087e-004
 8.4539835e-004
 9.3871827e-004
 1.0438305e-003
 9.8285754e-004
 1.1926957e-003
 9.0327550e-004
 8.7936351e-004
 9.1726956e-004
 8.9554687e-004
 1.0538535e-003
 1.0663572e-003
 1.0984718e-003
 9.5651654e-004
 8.9481578e-004
 8.3005469e-004
 9.8837249e-004
 1.0033677e-003
 9.0408779e-004
 9.1868825e-004
 1.0725381e-003
 9.2980079e-004
 1.1452904e-003
 9.2440890e-004
 1.0412240e-003
 1.0253823e-003
 1.3966643e-003
 9.8924839e-004
 1.5012494e-003
 1.0443289e-003
 1.0974164e-003
 1.1679067e-003
 1.0582485e-003
 9.6431235e-004
 1.1558919e-003
 9.1863098e-004
 1.3017649e-003
 1.0017990e-003
 1.0259282e-003
 9.7271561e-004
 1.1513692e-003
 1.1119044e-003
 1.2099915e-003
 1.1252776e-003
 1.1093389e-003
 1.1259577e-003
 9.8322763e-004
 1.1175433e-003
 1.0654761e-003
 1.1604928e-003
 1.2016054e-003
 1.3179969e-003
 1.2536317e-003
 1.5792216e-003
 1.2359519e-003
 1.7236581e-003
 1.3977028e-003
 9.6271589e-004
 8.3548384e-004
 1.0559337e-003
 1.0779904e-003
 8.3860388e-004
 1.1916382e-003
 9.3354605e-004
 1.0465661e-003
 1.0885139e-003
 1.2143032e-003
 1.3846129e-003
 1.2693377e-003
 1.2588390e-003
 1.1663275e-003
 1.3095691e-003
 1.4476981e-003
 1.1056593e-003
 9.3258126e-004
 1.2398486e-003
 1.1355700e-003
 1.7531205e-003
 1.3361700e-003
 1.4843064e-003
 1.2556378e-003
 1.5948740e-003
 1.7603273e-003
 1.1719692e-003
 1.7505875e-003
 1.7854827e-003
 1.7968410e-003
 1.6451660e-003
 1.3852634e-003
 1.0145056e-003
 1.8355016e-003
 1.9626676e-003
 1.8641944e-003
 1.9219199e-003
 1.9130348e-003
 1.6777599e-003
 1.4331151e-003
 1.2987056e-003
 1.3894403e-003
 1.7012776e-003
 1.3129922e-003
 1.0338619e-003
 1.4980678e-003
 1.3206730e-003
 1.3768621e-003
 1.4732993e-003
 1.2061624e-003
 1.1606580e-003
 1.1005119e-003
 1.4009037e-003
 1.3652386e-003
 1.1604421e-003
 1.2997172e-003
 1.3558379e-003
 1.4238309e-003
 1.7575003e-003
 1.1752495e-003
 1.2223029e-003
 1.1823109e-003
 9.7465888e-004
 1.5534865e-003
 9.5646887e-004
 1.4134696e-003
 1.1683457e-003
 1.3850562e-003
 1.0819931e-003
 1.2497624e-003
 1.0151435e-003
 1.2481740e-003
 1.3132916e-003
 1.1192020e-003
 1.1276446e-003
 1.1645079e-003
 1.1638335e-003
 9.9315040e-004
 1.0309789e-003
 9.5510023e-004
 1.0241047e-003
 1.2055417e-003
 9.6942682e-004
 1.0788257e-003
 1.2199760e-003
 1.2162656e-003
 9.3096873e-004
 1.1671911e-003
 1.4622019e-003
 1.2448177e-003
 1.4557298e-003
 1.0756317e-003
 1.2916637e-003
 1.0475165e-003
 9.5597829e-004
 9.5358538e-004
 1.0592474e-003
 8.7001314e-004
 8.8327966e-004
 9.6460711e-004
 1.1358954e-003
 8.7953312e-004
 8.7979529e-004
 1.0494301e-003
 1.2102854e-003
 1.1371551e-003
 9.6873502e-004
 8.9054008e-004
 1.0881912e-003
 1.0538340e-003
 8.7240362e-004
 9.6461136e-004
 1.0283897e-003
 8.8094507e-004
 9.7235030e-004
 1.0361134e-003
 1.1237946e-003
 8.3422335e-004
 1.3366940e-003
 9.2495640e-004
 1.4507712e-003
 1.0027608e-003
 1.1151936e-003
 1.0930466e-003
 1.2848973e-003
 1.1673939e-003
 1.1228046e-003
 1.4943297e-003
 1.1855634e-003
 1.4844687e-003
 9.5582847e-004
 1.0822908e-003
 1.1273016e-003
 1.5260474e-003
 1.4422090e-003
 1.0975801e-003
 1.1654842e-003
 1.0863335e-003
 1.2531639e-003
 1.2021253e-003
 1.3396146e-003
 1.0856389e-003
 1.7204089e-003
 1.4017185e-003
 1.1770885e-003
 1.1782732e-003
 1.3783029e-003
 1.6118373e-003
 1.3213316e-003
 1.0819185e-003
 1.4253278e-003
 1.4386413e-003
 1.3426917e-003
 1.8755596e-003
 1.6511796e-003
 1.6590508e-003
 1.5598120e-003
 1.3409698e-003
 9.1789826e-004
 1.0690842e-003
 1.1022667e-003
 9.5800601e-004
 1.2321752e-003
 1.0935041e-003
 8.1602897e-004
 9.2186243e-004
 9.6312119e-004
 9.1262604e-004
 8.9628826e-004
 1.1009539e-003
 1.1387921e-003
 8.8296761e-004
 1.1651203e-003
 1.0716043e-003
 9.1682951e-004
 1.1112441e-003
 1.1998295e-003
 1.1917277e-003
 1.4639322e-003
 1.1710448e-003
 1.1743075e-003
 1.3333163e-003
 1.2615244e-003
 1.6134019e-003
 1.2556524e-003
 1.1421064e-003
 1.8326160e-003
 1.9306722e-003
 1.6760767e-003
 1.5565349e-003
 1.8744923e-003
 1.3670288e-003
 1.3716232e-003
 1.1918710e-003
 1.0333174e-003
 1.1662190e-003
 8.2038448e-004
 9.9922088e-004
 1.0263970e-003
 1.3146379e-003
 1.1476155e-003
 1.2077780e-003
 1.1245697e-003
 1.0791463e-003
 1.2536737e-003
 1.2767552e-003
 1.3319141e-003
 1.2333858e-003
 1.3239968e-003
 1.3334233e-003
 1.0388461e-003
 1.3579124e-003
 1.3479440e-003
 1.1994145e-003
 1.6303499e-003
 1.5450433e-003
 1.7940250e-003
 1.3093877e-003
 1.3994974e-003
 1.9053321e-003
 1.5339132e-003
 1.8355723e-003
 1.8839869e-003
 1.7673563e-003
 1.5462625e-003
 1.8592055e-003
 1.8828955e-003
 1.8675090e-003
 1.9089547e-003
 1.9130287e-003
 1.7032722e-003
 1.8218716e-003
 1.7930761e-003
 1.8911897e-003
 1.6361779e-003
 1.9426248e-003
 1.9003552e-003
 1.9454898e-003
 1.9403099e-003
 1.9587118e-003
 1.9585285e-003
 1.9650799e-003
 1.9686639e-003
 2.3540428e-003
 3.0101545e-003
 3.0924731e-003
 1.9561402e-003
 1.8895597e-003
 1.9152986e-003
 1.8581637e-003
 1.8691357e-003
 1.8834030e-003
 1.8751582e-003
 1.8386192e-003
 9.7930979e-004
 9.5218234e-004
 1.1555603e-003
 1.7137987e-003
 1.0994019e-003
 1.5207510e-003
 1.7353097e-003
 1.7503534e-003
 1.7166216e-003
 1.7050013e-003
 2.5243401e-003
 5.0006509e-003
 6.0742567e-003
 6.0644494e-003
 5.5671190e-003
 5.6298915e-003
 5.5268826e-003
 6.2994375e-003
 7.1395943e-003
 1.0679061e-002
