Error bars for splib07a Record=3700: Dolomite COD2005              BECKb AREF
 9.8525994e-003
 2.1559477e-003
 1.8255572e-003
 1.1012701e-003
 1.1142951e-003
 9.0272987e-004
 8.9491159e-004
 1.0317287e-003
 7.9242856e-004
 6.4302160e-004
 6.3142000e-004
 8.5102313e-004
 1.0028939e-003
 8.5710513e-004
 5.9336750e-004
 7.1041449e-004
 9.0063660e-004
 1.5710462e-003
 9.6398819e-004
 6.8615424e-004
 7.5750024e-004
 7.0632575e-004
 5.5009709e-004
 8.7990391e-004
 9.2184241e-004
 6.8945275e-004
 5.8584876e-004
 1.1083311e-003
 5.5835949e-004
 6.1569503e-004
 5.4401648e-004
 5.4747734e-004
 5.4890191e-004
 5.9015444e-004
 6.2282785e-004
 6.3075242e-004
 5.5341440e-004
 5.5963319e-004
 5.5172300e-004
 5.8748754e-004
 6.3890329e-004
 5.5633479e-004
 9.6371729e-004
 6.5975537e-004
 8.7493262e-004
 5.3392909e-004
 8.3208573e-004
 5.8302801e-004
 1.4960881e-003
 8.9769135e-004
 8.5451285e-004
 6.0697942e-004
 5.4911076e-004
 5.7313649e-004
 5.4918660e-004
 6.9165172e-004
 6.3591253e-004
 6.0522388e-004
 6.1787321e-004
 1.1662040e-003
 6.9621601e-004
 6.3653407e-004
 6.4973405e-004
 5.8850076e-004
 5.6576589e-004
 6.5078889e-004
 6.6179916e-004
 6.4129999e-004
 1.0344142e-003
 8.2899816e-004
 8.7160280e-004
 7.5388403e-004
 1.4650612e-003
 1.2350888e-003
 7.0505159e-004
 6.9982902e-004
 7.6905376e-004
 7.2604732e-004
 8.6978893e-004
 1.1614503e-003
 6.9677475e-004
 1.1913014e-003
 6.8295776e-004
 8.0135261e-004
 7.4210064e-004
 7.0744730e-004
 7.8838237e-004
 7.3873275e-004
 8.1479619e-004
 1.1872661e-003
 6.4249110e-004
 6.9034129e-004
 6.4839161e-004
 8.3995704e-004
 7.3932065e-004
 6.5911567e-004
 8.4944966e-004
 7.2423217e-004
 6.8825413e-004
 1.2052229e-003
 7.2460732e-004
 7.7506248e-004
 7.5250166e-004
 6.7403459e-004
 7.0665259e-004
 7.5256429e-004
 7.6965499e-004
 9.6768426e-004
 1.3958758e-003
 8.4896019e-004
 9.7055471e-004
 8.1725162e-004
 8.2667777e-004
 9.3440630e-004
 7.9476542e-004
 8.5099920e-004
 6.9309433e-004
 9.3485723e-004
 7.6911051e-004
 7.3020800e-004
 7.1926793e-004
 7.5080752e-004
 7.9876767e-004
 1.0269205e-003
 7.0835964e-004
 7.7373203e-004
 1.1753283e-003
 7.3036482e-004
 1.2923188e-003
 8.2892517e-004
 7.7250658e-004
 7.4551947e-004
 4.5362292e-004
 5.5135158e-004
 5.8610458e-004
 5.4568320e-004
 6.3463708e-004
 6.4340286e-004
 8.6601672e-004
 5.3611008e-004
 5.4716156e-004
 5.3678773e-004
 1.0059077e-003
 7.5494545e-004
 7.5412943e-004
 6.3529616e-004
 6.3834095e-004
 6.7064055e-004
 5.5220001e-004
 5.2818988e-004
 5.5168220e-004
 5.5780198e-004
 5.5638293e-004
 8.4532762e-004
 5.3744786e-004
 5.8392977e-004
 5.0024298e-004
 8.4937003e-004
 5.0487672e-004
 6.1049999e-004
 8.2747842e-004
 5.1581673e-004
 7.8980293e-004
 1.2191344e-003
 6.3920516e-004
 7.3481264e-004
 7.5283705e-004
 7.8518840e-004
 8.9135428e-004
 4.7952260e-004
 5.8632472e-004
 5.5053487e-004
 6.0778682e-004
 7.1960333e-004
 6.1205262e-004
 6.2547368e-004
 5.7049905e-004
 6.2383158e-004
 5.4623315e-004
 7.0478918e-004
 6.7397504e-004
 5.9853727e-004
 5.3498422e-004
 5.0580787e-004
 5.5925618e-004
 5.6908844e-004
 5.6763215e-004
 7.1730034e-004
 1.0501303e-003
 6.4126967e-004
 7.7936478e-004
 7.6286873e-004
 8.4299623e-004
 5.3707202e-004
 6.1245245e-004
 6.8334758e-004
 9.9468150e-004
 6.3636643e-004
 5.1656342e-004
 6.7238451e-004
 7.3094945e-004
 7.1807933e-004
 5.9099775e-004
 8.5999706e-004
 7.9003471e-004
 8.3977479e-004
 7.2263106e-004
 7.7142986e-004
 9.5821131e-004
 1.2022603e-003
 8.9091092e-004
 9.2656264e-004
 9.8166382e-004
 8.7730016e-004
 8.3593978e-004
 8.5409172e-004
 6.3635217e-004
 7.1307411e-004
 5.9643702e-004
 6.9998787e-004
 6.9953204e-004
 7.4243604e-004
 8.6912612e-004
 7.4219465e-004
 7.1876845e-004
 8.9693617e-004
 6.8953267e-004
 6.5858476e-004
 7.2011398e-004
 6.8082596e-004
 1.1840761e-003
 6.7588722e-004
 1.0979335e-003
 7.6543790e-004
 9.7761094e-004
 1.3075172e-003
 1.0307224e-003
 1.4099705e-003
 9.3064009e-004
 8.8347174e-004
 1.9410759e-003
 1.4832615e-003
 1.3121655e-003
 9.3247957e-004
 1.1184836e-003
 9.3985430e-004
 7.4515614e-004
 9.0751494e-004
 7.0523866e-004
 5.6863582e-004
 7.2977273e-004
 8.0676284e-004
 6.6200085e-004
 7.6437643e-004
 4.7383294e-004
 9.2570833e-004
 7.2180579e-004
 7.3626125e-004
 8.6940324e-004
 7.2460726e-004
 8.6211390e-004
 9.9360372e-004
 8.3051075e-004
 9.1732363e-004
 8.7203266e-004
 7.4195961e-004
 7.5190794e-004
 7.4565521e-004
 6.4547756e-004
 7.8467350e-004
 6.2415231e-004
 6.9008442e-004
 8.2087377e-004
 1.0145396e-003
 8.1228925e-004
 7.4172282e-004
 7.3142449e-004
 7.1138435e-004
 8.8583573e-004
 7.6581736e-004
 8.5312850e-004
 7.3853240e-004
 8.2184229e-004
 6.2938844e-004
 7.0257561e-004
 8.5982610e-004
 7.6500018e-004
 8.9708233e-004
 6.1561039e-004
 7.5741729e-004
 6.5741467e-004
 7.7766721e-004
 7.5667765e-004
 1.0043053e-003
 8.5739553e-004
 1.1230477e-003
 7.0502108e-004
 9.8817295e-004
 7.7457703e-004
 7.8098004e-004
 8.7287318e-004
 6.5711187e-004
 6.2191405e-004
 6.5061316e-004
 7.5015757e-004
 6.7349558e-004
 7.6668413e-004
 7.7272567e-004
 6.7931233e-004
 7.2789268e-004
 6.9338264e-004
 8.8693417e-004
 9.2770770e-004
 8.5071160e-004
 7.0275000e-004
 7.2475092e-004
 6.2747893e-004
 6.1567879e-004
 6.4736424e-004
 7.2401093e-004
 7.9195673e-004
 7.3192170e-004
 9.8286162e-004
 6.7638041e-004
 6.7616592e-004
 7.7420042e-004
 7.9002668e-004
 6.5226376e-004
 9.8893908e-004
 8.4609480e-004
 1.0820235e-003
 9.8877563e-004
 9.4733172e-004
 1.2196205e-003
 1.1841968e-003
 1.2311497e-003
 6.7230716e-004
 1.0753742e-003
 9.2170609e-004
 1.0490889e-003
 7.7407499e-004
 9.2780468e-004
 9.1609493e-004
 8.5023895e-004
 9.4251480e-004
 8.7080844e-004
 7.4832409e-004
 1.0282961e-003
 7.9421367e-004
 9.7722223e-004
 9.8261714e-004
 1.1180271e-003
 7.5169333e-004
 1.0213390e-003
 9.5051283e-004
 8.6552324e-004
 1.1042272e-003
 1.2250924e-003
 9.1421034e-004
 1.0680460e-003
 1.1542880e-003
 1.1841573e-003
 1.0904907e-003
 9.3040883e-004
 4.8605085e-004
 7.5128302e-004
 6.5730978e-004
 5.9769023e-004
 9.5621875e-004
 6.7090103e-004
 6.7278766e-004
 9.5132150e-004
 9.6590043e-004
 6.9529936e-004
 8.1169192e-004
 7.8266580e-004
 8.1573700e-004
 7.8282662e-004
 6.7954423e-004
 6.8320136e-004
 9.2362380e-004
 6.6606118e-004
 1.1498452e-003
 1.2608333e-003
 8.8367745e-004
 6.9243583e-004
 8.2142709e-004
 1.2080792e-003
 1.1727803e-003
 9.1250159e-004
 9.6077513e-004
 1.1300968e-003
 1.6881907e-003
 1.3375882e-003
 1.5950158e-003
 1.3956608e-003
 1.2761571e-003
 9.8783860e-004
 1.0503548e-003
 8.7726780e-004
 9.3344884e-004
 8.8031084e-004
 1.0288663e-003
 1.0960053e-003
 9.7819546e-004
 1.2750658e-003
 1.1118620e-003
 1.0860192e-003
 1.3527609e-003
 7.5191801e-004
 1.2110424e-003
 1.2638663e-003
 1.4768835e-003
 1.1623007e-003
 1.1741476e-003
 1.5351682e-003
 1.5670181e-003
 1.3756185e-003
 1.0075364e-003
 1.5757057e-003
 1.6145002e-003
 1.3820722e-003
 1.2402142e-003
 1.1204402e-003
 9.3536341e-004
 1.6516363e-003
 1.3144942e-003
 1.3265513e-003
 1.8789370e-003
 1.6277317e-003
 1.7040782e-003
 1.7126614e-003
 1.8267015e-003
 1.7550306e-003
 1.8834476e-003
 1.7977098e-003
 1.6798930e-003
 1.8515814e-003
 1.2503443e-003
 1.8577484e-003
 1.6839738e-003
 1.8866848e-003
 1.8672154e-003
 1.9339749e-003
 1.9382247e-003
 1.9346856e-003
 1.9590766e-003
 1.9735249e-003
 2.2418301e-003
 2.9483885e-003
 3.8144747e-003
 3.8977407e-003
 2.4527973e-003
 1.9355741e-003
 1.9113764e-003
 1.8586766e-003
 1.4298931e-003
 1.8806657e-003
 1.8343208e-003
 1.1692632e-003
 1.0838186e-003
 1.0062093e-003
 1.0805061e-003
 6.4560445e-004
 1.2096354e-003
 1.4816873e-003
 1.7199579e-003
 1.7989873e-003
 1.8150999e-003
 1.9829718e-003
 4.5197955e-003
 8.2760174e-003
 1.0895217e-002
 9.1479663e-003
 8.2874326e-003
 6.9149178e-003
 6.4636450e-003
 7.5460901e-003
 8.1328209e-003
 1.2521660e-002
