Error bars for splib07a Record=5410: Hypersthene PYX02.h >250um    BECKc AREF
 5.0994301e-001
 1.0040890e-001
 1.5110317e-002
 5.4353955e-003
 3.2247175e-003
 1.8044403e-003
 1.3481110e-003
 1.1337847e-003
 9.2380779e-004
 8.1769057e-004
 7.7380915e-004
 7.7778281e-004
 7.5540459e-004
 7.2987232e-004
 7.5360085e-004
 7.7863218e-004
 8.0897514e-004
 8.3469151e-004
 8.6737162e-004
 8.9375576e-004
 9.0969389e-004
 9.2666456e-004
 9.4383082e-004
 9.5448247e-004
 9.5971505e-004
 9.6303999e-004
 9.7358075e-004
 9.7500283e-004
 9.8157488e-004
 9.8330725e-004
 9.8637806e-004
 9.6554036e-004
 9.8401750e-004
 7.0334703e-004
 9.8654523e-004
 7.9652504e-004
 9.0821320e-004
 6.9064164e-004
 8.1748911e-004
 6.5126584e-004
 7.1079977e-004
 7.3817483e-004
 6.8083982e-004
 7.9389499e-004
 6.9589342e-004
 6.0171512e-004
 7.1219000e-004
 6.0750230e-004
 5.9323688e-004
 5.7921524e-004
 5.2517629e-004
 5.1830569e-004
 5.4928492e-004
 5.4130418e-004
 5.0145411e-004
 7.4399472e-004
 7.3197350e-004
 7.7077962e-004
 6.8587711e-004
 5.6019967e-004
 6.2507397e-004
 7.4282987e-004
 4.9427291e-004
 5.4523925e-004
 7.4794795e-004
 6.0641731e-004
 5.6715059e-004
 5.3576723e-004
 6.5249426e-004
 1.0293291e-003
 7.8282354e-004
 8.4267597e-004
 7.7419751e-004
 1.0281864e-003
 7.5286813e-004
 9.1002078e-004
 7.0904678e-004
 6.6768494e-004
 8.8112184e-004
 7.3937979e-004
 7.7264005e-004
 7.5078569e-004
 6.8243564e-004
 7.2927051e-004
 6.9201947e-004
 8.9573255e-004
 6.7814102e-004
 8.8478229e-004
 7.4121583e-004
 8.9279347e-004
 9.5110317e-004
 6.7236333e-004
 8.9052471e-004
 7.7361631e-004
 7.0523453e-004
 6.4040767e-004
 9.4219361e-004
 6.4689683e-004
 7.0762192e-004
 7.4088824e-004
 7.0494902e-004
 6.8339729e-004
 6.5558305e-004
 7.2838517e-004
 6.7188049e-004
 6.9252861e-004
 7.2926952e-004
 8.1601960e-004
 8.3835720e-004
 8.3222159e-004
 8.0663920e-004
 7.7845965e-004
 7.4098667e-004
 8.6246786e-004
 6.6455343e-004
 7.5725920e-004
 7.3595310e-004
 6.2661164e-004
 6.8498758e-004
 6.2157714e-004
 6.2899000e-004
 6.4614142e-004
 6.3485216e-004
 6.8606046e-004
 8.8675861e-004
 5.9994869e-004
 6.3346344e-004
 6.3561497e-004
 8.6245022e-004
 6.2383857e-004
 9.3826308e-004
 6.7707332e-004
 1.0584868e-003
 8.2874857e-004
 9.2894363e-004
 1.0544965e-003
 1.0459883e-003
 8.4459083e-004
 8.6390646e-004
 1.0628349e-003
 7.6652243e-004
 7.8409183e-004
 6.6167413e-004
 7.6387200e-004
 8.4421545e-004
 9.6973457e-004
 7.4056938e-004
 7.1638497e-004
 8.6400186e-004
 6.4047368e-004
 7.0857408e-004
 6.4209593e-004
 8.3989894e-004
 8.4405183e-004
 6.5040035e-004
 8.0563937e-004
 7.8625855e-004
 5.9994345e-004
 8.5314130e-004
 6.2259706e-004
 7.5248658e-004
 7.4251980e-004
 6.3491444e-004
 6.8823673e-004
 5.8708334e-004
 5.7102437e-004
 8.3847361e-004
 7.1136997e-004
 7.4895745e-004
 7.1071624e-004
 9.4526674e-004
 7.8516908e-004
 8.1083912e-004
 9.1431796e-004
 8.6721248e-004
 8.7775756e-004
 8.3224132e-004
 1.0453471e-003
 8.9376711e-004
 1.0540177e-003
 1.0126553e-003
 6.9453212e-004
 6.2257145e-004
 5.8088067e-004
 8.3570916e-004
 6.9437345e-004
 7.1852061e-004
 8.8461890e-004
 8.4322010e-004
 9.0541318e-004
 8.0797001e-004
 7.2555861e-004
 1.0461118e-003
 9.6462370e-004
 7.2985608e-004
 7.1743061e-004
 9.9907746e-004
 7.9611858e-004
 7.9460011e-004
 1.0328107e-003
 9.1132597e-004
 6.2567327e-004
 5.2457378e-004
 7.1367342e-004
 5.9477892e-004
 6.2275346e-004
 6.0873036e-004
 5.8224791e-004
 5.9790962e-004
 6.8951718e-004
 8.4513804e-004
 8.1515667e-004
 6.0781004e-004
 6.7110162e-004
 8.3999755e-004
 8.2162011e-004
 9.8997389e-004
 7.8403053e-004
 8.2088192e-004
 8.2081737e-004
 5.2835100e-004
 7.3374680e-004
 6.3294882e-004
 6.7588798e-004
 5.9224549e-004
 7.6511386e-004
 1.0429341e-003
 8.8534865e-004
 4.5332691e-004
 5.5277086e-004
 5.6176313e-004
 5.2148418e-004
 4.9664138e-004
 7.0822152e-004
 6.7260460e-004
 7.7321182e-004
 6.2739174e-004
 6.7328359e-004
 7.6733576e-004
 9.5057418e-004
 1.1696754e-003
 1.1659960e-003
 1.1701094e-003
 1.1478107e-003
 1.1576831e-003
 1.0545410e-003
 1.1520187e-003
 9.9661050e-004
 1.0959096e-003
 8.1095326e-004
 8.2436495e-004
 8.6171995e-004
 1.1538321e-003
 9.9159055e-004
 1.1478387e-003
 1.0347778e-003
 1.0709580e-003
 9.6518872e-004
 9.0204761e-004
 1.0243383e-003
 8.3950383e-004
 1.0591835e-003
 9.6638326e-004
 1.0478956e-003
 9.2932134e-004
 9.0706063e-004
 1.0233216e-003
 7.0640299e-004
 8.5883401e-004
 7.8502961e-004
 1.0334854e-003
 9.5248997e-004
 9.3418953e-004
 9.7271847e-004
 1.0939663e-003
 8.7364402e-004
 1.0093008e-003
 7.5177313e-004
 7.0689595e-004
 7.0180820e-004
 9.0078171e-004
 7.9164252e-004
 6.2139507e-004
 5.3912430e-004
 8.9376629e-004
 6.6883495e-004
 8.7077497e-004
 7.4652594e-004
 7.9470384e-004
 6.8627705e-004
 8.1301876e-004
 6.7738397e-004
 9.8163157e-004
 8.7595038e-004
 1.1646955e-003
 9.9922542e-004
 7.7627844e-004
 6.4202730e-004
 6.9780264e-004
 7.9355075e-004
 6.7342125e-004
 7.2954490e-004
 7.3769351e-004
 8.3138200e-004
 6.9647684e-004
 8.6904544e-004
 8.5001881e-004
 8.5980794e-004
 6.9045345e-004
 7.0792588e-004
 6.9952197e-004
 8.6412684e-004
 6.7640707e-004
 7.9830905e-004
 7.3980237e-004
 6.7793753e-004
 7.2092219e-004
 5.7645392e-004
 7.2628830e-004
 6.8444811e-004
 7.7442086e-004
 6.7728182e-004
 6.9227925e-004
 7.0139905e-004
 6.0029101e-004
 8.5925247e-004
 7.4321951e-004
 6.5557117e-004
 7.5187848e-004
 7.5366360e-004
 9.2056091e-004
 9.0853858e-004
 9.1070426e-004
 1.1274909e-003
 1.0678603e-003
 1.1157073e-003
 7.7739725e-004
 8.5580989e-004
 9.1811316e-004
 9.3181507e-004
 1.1705661e-003
 8.7414205e-004
 8.1787765e-004
 9.2247309e-004
 9.3891256e-004
 8.9388812e-004
 9.3382585e-004
 8.1422715e-004
 7.5679331e-004
 8.7827537e-004
 9.5852616e-004
 8.6970336e-004
 9.0656744e-004
 9.0186700e-004
 9.3313277e-004
 1.0375417e-003
 1.1959937e-003
 1.1826388e-003
 1.1566442e-003
 1.0768090e-003
 1.1210294e-003
 9.0638513e-004
 1.0349270e-003
 8.6061901e-004
 8.9685584e-004
 6.4239820e-004
 9.2687603e-004
 9.1774343e-004
 6.7569304e-004
 8.6044724e-004
 5.8707478e-004
 7.0758827e-004
 6.6457165e-004
 5.1379716e-004
 6.8618939e-004
 7.8570115e-004
 8.7813439e-004
 6.9697906e-004
 8.3301635e-004
 9.1733178e-004
 1.0262816e-003
 9.6884533e-004
 1.0886940e-003
 1.1624580e-003
 8.7497843e-004
 8.9139014e-004
 1.1939247e-003
 1.1894649e-003
 1.1949879e-003
 1.1800562e-003
 9.7867684e-004
 1.0078477e-003
 1.1940667e-003
 1.1890748e-003
 1.1954410e-003
 1.1776341e-003
 1.1664836e-003
 9.1600209e-004
 1.1951363e-003
 1.1943016e-003
 1.0262021e-003
 7.1310386e-004
 7.5870228e-004
 7.4690836e-004
 1.0938687e-003
 1.1225356e-003
 1.1329047e-003
 8.1081450e-004
 8.3895377e-004
 8.5433928e-004
 9.6517301e-004
 1.1819648e-003
 9.5009629e-004
 1.0974496e-003
 9.0231851e-004
 8.3635905e-004
 1.1593043e-003
 1.1437477e-003
 1.1797698e-003
 1.1628477e-003
 1.1863381e-003
 1.1778796e-003
 1.1765333e-003
 1.1709343e-003
 1.1359685e-003
 1.1724556e-003
 1.1807960e-003
 1.1558211e-003
 1.1751225e-003
 1.1762525e-003
 1.1773106e-003
 1.1673203e-003
 1.1570880e-003
 1.1676223e-003
 1.1709791e-003
 1.1605442e-003
 1.1626633e-003
 1.1674466e-003
 1.1685931e-003
 1.1827135e-003
 1.1797760e-003
 1.1846450e-003
 1.1955444e-003
 1.1915497e-003
 1.1965459e-003
 1.1950722e-003
 1.1913844e-003
 1.1933562e-003
 1.2893633e-003
 1.6593490e-003
 2.3460975e-003
 2.0334844e-003
 1.4009887e-003
 1.1953531e-003
 1.1787560e-003
 1.1809233e-003
 1.1744499e-003
 1.1846387e-003
 1.1833798e-003
 1.1693189e-003
 1.0532642e-003
 8.5304130e-004
 6.7881064e-004
 1.1533119e-003
 1.1750582e-003
 1.0667900e-003
 1.1099586e-003
 1.0974469e-003
 1.0778314e-003
 1.0561846e-003
 2.0755595e-003
 3.8873651e-003
 4.6224343e-003
 4.0462743e-003
 4.1966778e-003
 3.7301253e-003
 3.9775744e-003
 3.9244643e-003
 4.7611846e-003
 7.0300642e-003
