Error bars for splib07a Record=22830: Marsh water40%... CRMS121v69 ASDFRa AREF
 5.5636012e-004
 5.5639428e-004
 5.5340095e-004
 5.4887123e-004
 5.4608262e-004
 5.4366270e-004
 5.4102979e-004
 5.3765340e-004
 5.3423084e-004
 5.3192681e-004
 5.3206173e-004
 5.3410197e-004
 5.2898546e-004
 5.2463164e-004
 5.2592531e-004
 5.2228797e-004
 5.1825133e-004
 5.1629543e-004
 5.1719457e-004
 5.1342830e-004
 5.0894386e-004
 5.0654012e-004
 5.0355523e-004
 5.0393725e-004
 5.0346134e-004
 4.9664144e-004
 4.9731077e-004
 4.9646548e-004
 4.9101299e-004
 4.9089541e-004
 4.9011887e-004
 4.8707926e-004
 4.8305278e-004
 4.8289428e-004
 4.8231755e-004
 4.8064158e-004
 4.8147945e-004
 4.8031582e-004
 4.7750599e-004
 4.7467661e-004
 4.7286719e-004
 4.7005489e-004
 4.6569062e-004
 4.6165995e-004
 4.6080170e-004
 4.6172237e-004
 4.6159854e-004
 4.5800148e-004
 4.5644859e-004
 4.5722994e-004
 4.5733765e-004
 4.5433553e-004
 4.5152777e-004
 4.5081254e-004
 4.5011187e-004
 4.4896983e-004
 4.4693542e-004
 4.4405673e-004
 4.4204458e-004
 4.4055533e-004
 4.3892689e-004
 4.3680053e-004
 4.3569077e-004
 4.3428596e-004
 4.3117808e-004
 4.2898604e-004
 4.2723332e-004
 4.2563447e-004
 4.2440009e-004
 4.2386338e-004
 4.2255424e-004
 4.1972258e-004
 4.1851812e-004
 4.1790973e-004
 4.1721619e-004
 4.1617951e-004
 4.1529932e-004
 4.1408796e-004
 4.1257677e-004
 4.1244875e-004
 4.1145956e-004
 4.0996462e-004
 4.0967701e-004
 4.0866862e-004
 4.0894368e-004
 4.1079780e-004
 4.1030961e-004
 4.0792965e-004
 4.0632568e-004
 4.0811815e-004
 4.0722912e-004
 4.0534954e-004
 4.0451012e-004
 4.0568921e-004
 4.0442287e-004
 4.0238225e-004
 4.0248106e-004
 4.0177073e-004
 4.0152788e-004
 4.0179814e-004
 4.0108798e-004
 4.0045279e-004
 3.9938590e-004
 3.9786863e-004
 3.9818615e-004
 3.9835362e-004
 3.9782363e-004
 3.9758076e-004
 3.9738091e-004
 3.9720113e-004
 3.9720742e-004
 3.9783772e-004
 3.9716283e-004
 3.9580898e-004
 3.9604510e-004
 3.9629056e-004
 3.9682287e-004
 3.9779357e-004
 3.9848019e-004
 3.9688734e-004
 3.9522920e-004
 3.9699391e-004
 3.9752832e-004
 3.9725631e-004
 3.9698591e-004
 3.9732238e-004
 3.9658759e-004
 3.9590895e-004
 3.9670887e-004
 3.9683795e-004
 3.9659714e-004
 3.9644961e-004
 3.9688984e-004
 3.9682619e-004
 3.9653879e-004
 3.9661839e-004
 3.9709313e-004
 3.9773877e-004
 3.9820635e-004
 3.9827009e-004
 3.9903680e-004
 3.9887641e-004
 3.9708556e-004
 3.9651073e-004
 3.9622662e-004
 3.9552923e-004
 3.9430577e-004
 3.9553180e-004
 3.9608523e-004
 3.9407233e-004
 3.9187958e-004
 3.9100196e-004
 3.9055396e-004
 3.8873186e-004
 3.8713019e-004
 3.8583661e-004
 3.8500162e-004
 3.8510963e-004
 3.8485348e-004
 3.8523006e-004
 3.8685795e-004
 3.8650548e-004
 3.8680361e-004
 3.8850433e-004
 3.9012564e-004
 3.9166227e-004
 3.9289784e-004
 3.9397334e-004
 3.9586789e-004
 3.9955808e-004
 4.0500553e-004
 4.1133317e-004
 4.1679628e-004
 4.2253008e-004
 4.2934241e-004
 4.3610702e-004
 4.4293000e-004
 4.5036132e-004
 4.5867110e-004
 4.6675486e-004
 4.7447276e-004
 4.8173591e-004
 4.8815075e-004
 4.9484911e-004
 5.0198112e-004
 5.0926424e-004
 5.1636982e-004
 5.2244036e-004
 5.2766025e-004
 5.3309457e-004
 5.3756806e-004
 5.4168049e-004
 5.4611795e-004
 5.5068120e-004
 5.5496802e-004
 5.5886287e-004
 5.6252367e-004
 5.6637911e-004
 5.7031319e-004
 5.7428738e-004
 5.7863019e-004
 5.8215618e-004
 5.8476202e-004
 5.8681145e-004
 5.8809092e-004
 5.8890146e-004
 5.8899552e-004
 5.8735936e-004
 5.8540347e-004
 5.8361684e-004
 5.8194867e-004
 5.7941006e-004
 5.7728961e-004
 5.7533855e-004
 5.7187543e-004
 5.6844129e-004
 5.6541449e-004
 5.6219520e-004
 5.5631343e-004
 5.5080390e-004
 5.4653798e-004
 5.4267491e-004
 5.3794438e-004
 5.3378404e-004
 5.3064537e-004
 5.2626862e-004
 5.2244455e-004
 5.1958743e-004
 5.1724951e-004
 5.1419699e-004
 5.1172182e-004
 5.1024958e-004
 5.0870492e-004
 5.0688034e-004
 5.0457910e-004
 5.0196028e-004
 4.9963337e-004
 4.9676473e-004
 4.9330684e-004
 4.8986764e-004
 4.8702463e-004
 4.8549418e-004
 4.8533527e-004
 4.8565218e-004
 4.8596476e-004
 4.8605629e-004
 4.8619264e-004
 4.8732091e-004
 4.8757557e-004
 4.8687836e-004
 4.8803652e-004
 4.8865966e-004
 4.8880529e-004
 4.8874109e-004
 4.8755002e-004
 4.8643298e-004
 4.8582276e-004
 4.8524569e-004
 4.8386914e-004
 4.8201706e-004
 4.8026870e-004
 4.7881159e-004
 4.7737878e-004
 4.7591951e-004
 4.7441790e-004
 4.7252502e-004
 4.7070780e-004
 4.6949679e-004
 4.6904365e-004
 4.6751145e-004
 4.6613932e-004
 4.6643935e-004
 4.6655431e-004
 4.6592057e-004
 4.6511268e-004
 4.6572727e-004
 4.6624537e-004
 4.6555669e-004
 4.6356709e-004
 4.6273778e-004
 4.6390051e-004
 4.6548949e-004
 4.6509778e-004
 4.6576106e-004
 4.6686243e-004
 4.6761593e-004
 4.6764154e-004
 4.6890441e-004
 4.6987899e-004
 4.6914176e-004
 4.6995663e-004
 4.7019275e-004
 4.6940835e-004
 4.6883430e-004
 4.6839225e-004
 4.6765630e-004
 4.6593891e-004
 4.6294898e-004
 4.6119001e-004
 4.6162718e-004
 4.6347253e-004
 4.6359358e-004
 4.6237421e-004
 4.6089594e-004
 4.6048328e-004
 4.5997792e-004
 4.5860800e-004
 4.5643671e-004
 4.5618450e-004
 4.5653540e-004
 4.5608953e-004
 4.5407331e-004
 4.5335156e-004
 4.5304195e-004
 4.5207064e-004
 4.5032642e-004
 4.4939722e-004
 4.4910418e-004
 4.4856867e-004
 4.4785606e-004
 4.4764724e-004
 4.4791173e-004
 4.4767567e-004
 4.4678824e-004
 4.4664528e-004
 4.4771252e-004
 4.4732538e-004
 4.4712445e-004
 4.4750320e-004
 4.4805760e-004
 4.4791284e-004
 4.4777407e-004
 4.4825414e-004
 4.4943354e-004
 4.5019176e-004
 4.5088129e-004
 4.5150024e-004
 4.5005447e-004
 4.4960075e-004
 4.5240537e-004
 4.5853938e-004
 4.6455959e-004
 4.7091549e-004
 4.7840146e-004
 4.8758631e-004
 5.0328596e-004
 5.2414788e-004
 5.4735981e-004
 5.7202345e-004
 5.9906190e-004
 6.3031731e-004
 6.6456135e-004
 7.0299977e-004
 7.4585737e-004
 7.9118030e-004
 8.3642383e-004
 8.8455394e-004
 9.3512866e-004
 9.8632590e-004
 1.0409007e-003
 1.0978847e-003
 1.1562270e-003
 1.2159697e-003
 1.2789745e-003
 1.3443693e-003
 1.4112005e-003
 1.4806510e-003
 1.5570036e-003
 1.6458504e-003
 1.7404335e-003
 1.8351249e-003
 1.9198575e-003
 1.9920503e-003
 2.0638525e-003
 2.1485938e-003
 2.2489256e-003
 2.3470193e-003
 2.4379885e-003
 2.5248823e-003
 2.6123750e-003
 2.7012681e-003
 2.7886175e-003
 2.8692174e-003
 2.9400093e-003
 3.0065272e-003
 3.0756965e-003
 3.1471776e-003
 3.2166585e-003
 3.2828161e-003
 3.3429086e-003
 3.3981665e-003
 3.4513143e-003
 3.5034989e-003
 3.5521465e-003
 3.5968770e-003
 3.6403516e-003
 3.6804362e-003
 3.7185240e-003
 3.7556132e-003
 3.7901197e-003
 3.8208805e-003
 3.8495825e-003
 3.8785476e-003
 3.9046570e-003
 3.9281137e-003
 3.9493782e-003
 3.9693019e-003
 3.9903810e-003
 4.0131258e-003
-1.2299995e+034
-1.2299995e+034
-1.2299995e+034
-1.2299995e+034
-1.2299995e+034
-1.2299996e+034
-1.2299996e+034
-1.2299996e+034
-1.2299996e+034
-1.2299996e+034
-1.2299996e+034
 4.1535469e-003
 4.1578365e-003
 4.1627302e-003
 4.1684178e-003
 4.1753785e-003
 4.1811676e-003
 4.1859662e-003
 4.1908775e-003
 4.1975104e-003
 4.2042700e-003
 4.2086872e-003
 4.2110165e-003
 4.2163418e-003
 4.2232093e-003
 4.2306236e-003
 4.2377743e-003
 4.2455657e-003
 4.2536170e-003
 4.2620390e-003
 4.2709326e-003
 4.2787055e-003
 4.2842478e-003
 4.2875628e-003
 4.2901868e-003
 4.2931517e-003
 4.2974190e-003
 4.3032691e-003
 4.3097595e-003
 4.3168645e-003
 4.3228017e-003
 4.3263771e-003
 4.3317745e-003
 4.3383464e-003
 4.3445071e-003
 4.3481193e-003
 4.3496490e-003
 4.3516220e-003
 4.3560620e-003
 4.3629613e-003
 4.3710559e-003
 4.3801037e-003
 4.3905862e-003
 4.4036852e-003
 4.4175633e-003
 4.4315574e-003
 4.4460217e-003
 4.4612307e-003
 4.4710035e-003
 4.4732052e-003
 4.4727977e-003
 4.4711060e-003
 4.4713430e-003
 4.4759912e-003
 4.4854381e-003
 4.4941767e-003
 4.5043356e-003
 4.5168409e-003
 4.5208046e-003
 4.5278957e-003
 4.5397384e-003
 4.5502186e-003
 4.5578070e-003
 4.5637707e-003
 4.5688380e-003
 4.5723552e-003
 4.5764945e-003
 4.5802305e-003
 4.5824721e-003
 4.5836405e-003
 4.5855856e-003
 4.5885756e-003
 4.5917695e-003
 4.5936923e-003
 4.5965542e-003
 4.6004439e-003
 4.6039452e-003
 4.6073613e-003
 4.6120626e-003
 4.6177222e-003
 4.6220059e-003
 4.6274900e-003
 4.6345615e-003
 4.6418943e-003
 4.6455972e-003
 4.6476303e-003
 4.6506869e-003
 4.6568201e-003
 4.6634814e-003
 4.6667303e-003
 4.6681324e-003
 4.6717282e-003
 4.6752612e-003
 4.6805525e-003
 4.6864836e-003
 4.6894634e-003
 4.6927873e-003
 4.6976558e-003
 4.7031874e-003
 4.7060428e-003
 4.7117551e-003
 4.7172424e-003
 4.7207479e-003
 4.7283405e-003
 4.7337576e-003
 4.7375034e-003
 4.7423355e-003
 4.7476776e-003
 4.7547063e-003
 4.7608675e-003
 4.7625611e-003
 4.7661932e-003
 4.7730659e-003
 4.7815721e-003
 4.7877883e-003
 4.7951490e-003
 4.8003467e-003
 4.8027555e-003
 4.8076753e-003
 4.8114257e-003
 4.8165829e-003
 4.8258230e-003
 4.8373155e-003
 4.8470572e-003
 4.8556826e-003
 4.8650075e-003
 4.8723142e-003
 4.8850025e-003
 4.9001207e-003
 4.9075610e-003
 4.9149268e-003
 4.9211015e-003
 4.9255751e-003
 4.9296371e-003
 4.9366355e-003
 4.9421713e-003
 4.9453434e-003
 4.9518868e-003
 4.9578836e-003
 4.9590375e-003
 4.9582259e-003
 4.9727494e-003
 4.9850480e-003
 4.9917442e-003
 4.9963482e-003
 5.0054016e-003
 5.0125481e-003
 5.0134421e-003
 5.0098393e-003
 5.0152745e-003
 5.0131241e-003
 5.0067157e-003
 5.0108926e-003
 5.0216285e-003
 5.0311345e-003
 5.0327894e-003
 5.0258823e-003
 5.0296737e-003
 5.0447336e-003
 5.0619030e-003
 5.0615645e-003
 5.0517907e-003
 5.0450657e-003
 5.0420258e-003
 5.0033601e-003
 4.9717086e-003
 4.9839509e-003
 5.0311964e-003
 5.0148829e-003
 5.0194124e-003
 5.0264709e-003
 5.0031054e-003
 4.9782442e-003
 4.9800328e-003
 4.9955421e-003
 4.9926597e-003
 4.9577802e-003
 4.9405373e-003
 4.9433117e-003
 4.9293870e-003
 4.8758020e-003
 4.8579555e-003
 4.8737479e-003
 4.8557823e-003
 4.8148027e-003
 4.7724084e-003
 4.7399607e-003
 4.7129975e-003
 4.7099399e-003
 4.7091297e-003
 4.6929568e-003
 4.6572261e-003
 4.6191602e-003
 4.5859390e-003
 4.5695696e-003
 4.5793499e-003
 4.5655086e-003
 4.5584124e-003
 4.5712064e-003
 4.5719254e-003
 4.5717987e-003
 4.5652082e-003
 4.5528412e-003
 4.5532994e-003
 4.5709014e-003
 4.5706974e-003
 4.5394534e-003
 4.5471331e-003
 4.5635975e-003
 4.5627668e-003
 4.5441408e-003
 4.5679603e-003
 4.5677242e-003
 4.5519029e-003
 4.5535038e-003
 4.5676348e-003
 4.5773853e-003
 4.5742788e-003
 4.5657093e-003
 4.5822156e-003
 4.5868647e-003
 4.5811208e-003
 4.5858147e-003
 4.5963242e-003
 4.6029505e-003
 4.6066777e-003
 4.6136673e-003
 4.6141758e-003
 4.6154005e-003
 4.6157860e-003
 4.6354481e-003
 4.6075392e-003
 4.3256506e-003
 4.1802083e-003
 4.2290040e-003
 4.2236331e-003
 4.2334003e-003
 4.2324895e-003
 4.2332839e-003
 4.2391862e-003
 4.2451103e-003
 4.2547653e-003
 4.2697983e-003
 4.2924588e-003
 4.3198359e-003
 4.3329652e-003
 4.3475614e-003
 4.3593943e-003
 4.3495367e-003
 4.3477863e-003
 4.3539340e-003
 4.3647736e-003
 4.3776254e-003
 4.4070031e-003
 4.4273925e-003
 4.4380915e-003
 4.4420394e-003
 4.4420073e-003
 4.4505792e-003
 4.4547939e-003
 4.4622812e-003
 4.4752141e-003
 4.4882405e-003
 4.5067128e-003
 4.5138053e-003
 4.5124083e-003
 4.5149787e-003
 4.5198197e-003
 4.5283395e-003
 4.5386469e-003
 4.5557916e-003
 4.5659039e-003
 4.5735864e-003
 4.5788903e-003
 4.5790421e-003
 4.5869118e-003
 4.5930399e-003
 4.5985919e-003
 4.6115178e-003
 4.6102344e-003
 4.6112249e-003
 4.6260851e-003
 4.6348763e-003
 4.6424409e-003
 4.6505118e-003
 4.6404600e-003
 4.6371571e-003
 4.6478617e-003
 4.6555749e-003
 4.6697394e-003
 4.6944753e-003
 4.6931580e-003
 4.6836436e-003
 4.6834447e-003
 4.6664635e-003
 4.6588457e-003
 4.6861647e-003
 4.7015031e-003
 4.7026551e-003
 4.7088722e-003
 4.7094980e-003
 4.7075283e-003
 4.7124079e-003
 4.7168196e-003
 4.7176192e-003
 4.7130333e-003
 4.7158930e-003
 4.7244080e-003
 4.7231456e-003
 4.7246921e-003
 4.7286386e-003
 4.7227102e-003
 4.7204229e-003
 4.7334521e-003
 4.7404203e-003
 4.7402997e-003
 4.7418843e-003
 4.7372580e-003
 4.7335513e-003
 4.7354042e-003
 4.7368226e-003
 4.7411192e-003
 4.7414023e-003
 4.7426494e-003
 4.7465200e-003
 4.7477959e-003
 4.7439835e-003
 4.7456082e-003
 4.7533754e-003
 4.7562858e-003
 4.7635115e-003
 4.7711115e-003
 4.7608530e-003
 4.7558751e-003
 4.7771926e-003
 4.7880714e-003
 4.7764243e-003
 4.7742361e-003
 4.7820448e-003
 4.7751628e-003
 4.7728932e-003
 4.7916360e-003
 4.8066895e-003
 4.7903927e-003
 4.7859186e-003
 4.8382501e-003
 4.8652939e-003
 4.8326752e-003
-1.2300004e+034
-1.2300000e+034
-1.2299999e+034
-1.2299999e+034
-1.2300004e+034
-1.2299998e+034
-1.2299995e+034
-1.2299995e+034
-1.2299999e+034
-1.2299996e+034
-1.2299996e+034
-1.2300003e+034
-1.2300001e+034
-1.2300006e+034
-1.2300004e+034
-1.2299995e+034
-1.2300003e+034
-1.2300006e+034
-1.2300004e+034
-1.2299996e+034
-1.2299996e+034
-1.2300005e+034
-1.2299995e+034
-1.2299994e+034
-1.2300003e+034
-1.2300005e+034
-1.2299995e+034
-1.2300005e+034
-1.2299999e+034
 3.8939659e-003
 3.8415096e-003
 3.7923900e-003
 3.7577606e-003
 3.7163715e-003
 3.6729297e-003
 3.6534776e-003
 3.6365499e-003
 3.6023229e-003
 3.5737988e-003
 3.5628185e-003
 3.5505267e-003
 3.5376209e-003
 3.5195092e-003
 3.5062211e-003
 3.4982772e-003
 3.4890100e-003
 3.4815012e-003
 3.4746374e-003
 3.4606969e-003
 3.4529709e-003
 3.4610205e-003
 3.4608871e-003
 3.4466020e-003
 3.4409522e-003
 3.4456200e-003
 3.4425575e-003
 3.4304280e-003
 3.4279434e-003
 3.4321474e-003
 3.4292368e-003
 3.4265954e-003
 3.4306645e-003
 3.4343482e-003
 3.4235967e-003
 3.4142274e-003
 3.4175073e-003
 3.4200628e-003
 3.4138332e-003
 3.4083943e-003
 3.4112139e-003
 3.4129620e-003
 3.4061703e-003
 3.4015717e-003
 3.4084262e-003
 3.4108886e-003
 3.4020690e-003
 3.3974573e-003
 3.3950098e-003
 3.3898787e-003
 3.3879066e-003
 3.3953690e-003
 3.4012694e-003
 3.4052613e-003
 3.4075615e-003
 3.4067959e-003
 3.4080709e-003
 3.4097761e-003
 3.4107086e-003
 3.4129592e-003
 3.4162658e-003
 3.4185553e-003
 3.4202607e-003
 3.4229925e-003
 3.4269041e-003
 3.4305411e-003
 3.4346657e-003
 3.4388539e-003
 3.4423778e-003
 3.4482970e-003
 3.4516077e-003
 3.4501508e-003
 3.4546256e-003
 3.4606308e-003
 3.4637460e-003
 3.4669344e-003
 3.4740339e-003
 3.4805248e-003
 3.4850901e-003
 3.4886301e-003
 3.4912068e-003
 3.4949656e-003
 3.4958441e-003
 3.4977000e-003
 3.5034893e-003
 3.5107618e-003
 3.5152356e-003
 3.5210962e-003
 3.5297393e-003
 3.5355340e-003
 3.5398849e-003
 3.5437057e-003
 3.5484033e-003
 3.5568001e-003
 3.5629775e-003
 3.5612334e-003
 3.5641780e-003
 3.5778410e-003
 3.5852625e-003
 3.5847407e-003
 3.5898462e-003
 3.5969410e-003
 3.5994810e-003
 3.6006465e-003
 3.6081423e-003
 3.6156087e-003
 3.6187496e-003
 3.6202259e-003
 3.6263585e-003
 3.6364770e-003
 3.6409292e-003
 3.6425691e-003
 3.6501836e-003
 3.6581100e-003
 3.6593545e-003
 3.6591198e-003
 3.6603555e-003
 3.6638363e-003
 3.6672344e-003
 3.6673513e-003
 3.6696454e-003
 3.6732340e-003
 3.6716512e-003
 3.6685250e-003
 3.6670207e-003
 3.6676391e-003
 3.6655033e-003
 3.6597413e-003
 3.6584134e-003
 3.6601361e-003
 3.6565026e-003
 3.6478986e-003
 3.6450487e-003
 3.6469302e-003
 3.6413653e-003
 3.6351371e-003
 3.6333222e-003
 3.6275454e-003
 3.6193021e-003
 3.6127386e-003
 3.6084906e-003
 3.6030977e-003
 3.5962921e-003
 3.5939878e-003
 3.5909319e-003
 3.5838620e-003
 3.5755725e-003
 3.5661308e-003
 3.5522503e-003
 3.5426039e-003
 3.5389194e-003
 3.5296970e-003
 3.5170778e-003
 3.5087459e-003
 3.4979878e-003
 3.4830545e-003
 3.4742334e-003
 3.4663875e-003
 3.4545083e-003
 3.4420670e-003
 3.4267271e-003
 3.4122181e-003
 3.3987605e-003
 3.3822060e-003
 3.3617395e-003
 3.3432790e-003
 3.3276186e-003
 3.3095283e-003
 3.2890323e-003
 3.2698447e-003
 3.2554076e-003
 3.2394943e-003
 3.2164101e-003
 3.1948276e-003
 3.1767141e-003
 3.1555484e-003
 3.1357547e-003
 3.1219115e-003
 3.1070872e-003
 3.0852752e-003
 3.0634995e-003
 3.0488295e-003
 3.0331495e-003
 3.0069936e-003
 2.9783037e-003
 2.9606754e-003
 2.9475568e-003
 2.9252756e-003
 2.9060130e-003
 2.8790128e-003
 2.8533323e-003
 2.8368065e-003
 2.8250597e-003
 2.8120433e-003
 2.8060584e-003
 2.7842734e-003
 2.7519423e-003
 2.7298613e-003
 2.7104297e-003
 2.7215725e-003
 2.7379752e-003
 2.7499355e-003
 2.7466905e-003
 2.6781687e-003
 2.6950133e-003
-1.2300004e+034
-1.2300001e+034
-1.2300005e+034
-1.2300005e+034
-1.2299999e+034
-1.2300001e+034
-1.2299998e+034
-1.2300000e+034
-1.2299998e+034
-1.2300001e+034
-1.2300001e+034
-1.2299994e+034
-1.2300006e+034
-1.2300001e+034
-1.2300001e+034
-1.2299996e+034
-1.2299998e+034
-1.2300005e+034
-1.2299994e+034
-1.2300001e+034
-1.2300003e+034
-1.2299996e+034
-1.2299996e+034
-1.2300001e+034
-1.2300000e+034
-1.2300005e+034
-1.2300003e+034
-1.2299994e+034
-1.2300004e+034
-1.2300004e+034
-1.2299999e+034
-1.2299998e+034
-1.2300003e+034
-1.2300000e+034
-1.2300003e+034
-1.2299996e+034
-1.2299995e+034
-1.2299999e+034
-1.2299996e+034
-1.2299998e+034
-1.2300003e+034
-1.2300000e+034
-1.2300001e+034
-1.2299995e+034
-1.2300004e+034
-1.2300006e+034
-1.2300000e+034
-1.2299996e+034
-1.2299996e+034
-1.2300001e+034
-1.2299998e+034
-1.2299996e+034
-1.2300003e+034
-1.2300000e+034
-1.2300000e+034
-1.2299995e+034
-1.2299996e+034
-1.2300003e+034
-1.2300005e+034
-1.2300001e+034
-1.2300006e+034
-1.2300005e+034
-1.2300000e+034
-1.2300004e+034
-1.2300004e+034
-1.2300000e+034
-1.2300006e+034
-1.2299998e+034
-1.2300000e+034
-1.2300000e+034
-1.2300000e+034
-1.2300000e+034
-1.2299998e+034
-1.2299998e+034
-1.2299996e+034
-1.2299995e+034
-1.2299995e+034
-1.2299998e+034
-1.2300000e+034
-1.2299995e+034
-1.2300004e+034
-1.2300003e+034
-1.2300005e+034
-1.2299999e+034
-1.2299998e+034
-1.2300000e+034
-1.2299994e+034
-1.2300005e+034
-1.2300000e+034
-1.2299999e+034
-1.2300004e+034
-1.2300004e+034
-1.2299999e+034
-1.2300000e+034
-1.2299999e+034
-1.2300004e+034
-1.2300006e+034
-1.2300006e+034
-1.2300001e+034
 7.2318618e-004
 7.4986485e-004
 7.6047290e-004
 7.3236873e-004
 7.2388322e-004
 7.4899563e-004
 7.6755899e-004
 7.5802143e-004
 7.4147247e-004
 7.4496167e-004
 7.3155138e-004
 7.1399077e-004
 7.2814344e-004
 7.5303169e-004
 7.6748489e-004
 7.5630005e-004
 7.4184261e-004
 7.7055197e-004
 7.9487043e-004
 7.7760365e-004
 8.0546655e-004
 8.6151902e-004
 8.2101917e-004
 7.6915580e-004
 7.9067616e-004
 8.2002289e-004
 8.0221973e-004
 7.9479447e-004
 8.1351656e-004
 8.1235653e-004
 8.1411703e-004
 8.4325805e-004
 8.5612247e-004
 8.2898157e-004
 8.0726744e-004
 8.2665362e-004
 8.5444096e-004
 8.5872947e-004
 8.4984233e-004
 8.5563399e-004
 8.7240111e-004
 8.7216689e-004
 8.6037122e-004
 8.6430681e-004
 8.7496301e-004
 8.6949248e-004
 8.7062485e-004
 8.8837952e-004
 8.9536485e-004
 8.9356111e-004
 8.9820632e-004
 9.0721739e-004
 9.1477681e-004
 9.1600773e-004
 9.1926148e-004
 9.3035097e-004
 9.3847263e-004
 9.3829457e-004
 9.4221538e-004
 9.5505139e-004
 9.6355204e-004
 9.6627581e-004
 9.7042043e-004
 9.8074437e-004
 9.8975492e-004
 9.8930509e-004
 9.9369348e-004
 1.0092526e-003
 1.0160685e-003
 1.0175958e-003
 1.0291542e-003
 1.0370861e-003
 1.0379615e-003
 1.0463945e-003
 1.0577883e-003
 1.0642143e-003
 1.0687596e-003
 1.0704732e-003
 1.0747153e-003
 1.0874200e-003
 1.0950130e-003
 1.0972540e-003
 1.1083203e-003
 1.1180498e-003
 1.1189810e-003
 1.1255929e-003
 1.1375762e-003
 1.1429113e-003
 1.1463442e-003
 1.1551644e-003
 1.1641651e-003
 1.1700505e-003
 1.1777062e-003
 1.1872781e-003
 1.1931643e-003
 1.1957719e-003
 1.1993095e-003
 1.2038965e-003
 1.2099774e-003
 1.2187182e-003
 1.2260819e-003
 1.2329507e-003
 1.2437843e-003
 1.2521351e-003
 1.2550479e-003
 1.2600154e-003
 1.2665844e-003
 1.2710789e-003
 1.2757493e-003
 1.2823604e-003
 1.2904932e-003
 1.2996573e-003
 1.3092194e-003
 1.3179644e-003
 1.3260699e-003
 1.3333760e-003
 1.3366140e-003
 1.3377591e-003
 1.3449232e-003
 1.3545114e-003
 1.3598546e-003
 1.3678225e-003
 1.3765936e-003
 1.3828963e-003
 1.3902494e-003
 1.3949216e-003
 1.4012961e-003
 1.4096559e-003
 1.4118649e-003
 1.4135162e-003
 1.4183591e-003
 1.4242785e-003
 1.4269816e-003
 1.4297409e-003
 1.4412811e-003
 1.4506310e-003
 1.4501477e-003
 1.4529916e-003
 1.4605679e-003
 1.4662404e-003
 1.4743655e-003
 1.4808305e-003
 1.4856270e-003
 1.4879653e-003
 1.4934607e-003
 1.5007707e-003
 1.5101864e-003
 1.5197019e-003
 1.5202754e-003
 1.5210073e-003
 1.5292646e-003
 1.5369247e-003
 1.5407470e-003
 1.5434328e-003
 1.5496381e-003
 1.5558271e-003
 1.5582109e-003
 1.5643659e-003
 1.5714727e-003
 1.5760948e-003
 1.5824552e-003
 1.5880978e-003
 1.5909525e-003
 1.5909338e-003
 1.5942885e-003
 1.6027313e-003
 1.6060035e-003
 1.6065419e-003
 1.6109814e-003
 1.6179942e-003
 1.6273189e-003
 1.6338673e-003
 1.6357489e-003
 1.6395779e-003
 1.6429337e-003
 1.6460273e-003
 1.6545317e-003
 1.6598207e-003
 1.6598552e-003
 1.6613940e-003
 1.6642396e-003
 1.6669483e-003
 1.6668510e-003
 1.6684814e-003
 1.6766933e-003
 1.6847345e-003
 1.6861552e-003
 1.6869531e-003
 1.6937014e-003
 1.6981749e-003
 1.6985956e-003
 1.7034550e-003
 1.7080068e-003
 1.7076940e-003
 1.7100192e-003
 1.7167027e-003
 1.7198503e-003
 1.7184850e-003
 1.7192169e-003
 1.7200217e-003
 1.7200271e-003
 1.7232101e-003
 1.7251804e-003
 1.7264416e-003
 1.7297624e-003
 1.7299419e-003
 1.7268369e-003
 1.7249481e-003
 1.7253109e-003
 1.7343902e-003
 1.7375866e-003
 1.7304934e-003
 1.7314649e-003
 1.7377505e-003
 1.7354842e-003
 1.7312045e-003
 1.7346370e-003
 1.7357204e-003
 1.7315090e-003
 1.7365073e-003
 1.7443545e-003
 1.7409998e-003
 1.7345930e-003
 1.7343104e-003
 1.7369932e-003
 1.7345209e-003
 1.7315486e-003
 1.7378695e-003
 1.7412915e-003
 1.7352273e-003
 1.7327650e-003
 1.7358705e-003
 1.7350545e-003
 1.7335853e-003
 1.7333395e-003
 1.7304706e-003
 1.7254612e-003
 1.7236220e-003
 1.7264939e-003
 1.7294212e-003
 1.7244857e-003
 1.7145147e-003
 1.7117753e-003
 1.7135675e-003
 1.7162205e-003
 1.7200494e-003
 1.7164365e-003
 1.7112672e-003
 1.7082596e-003
 1.7030351e-003
 1.7002034e-003
 1.6962432e-003
 1.6930982e-003
 1.6979130e-003
 1.7012758e-003
 1.6922554e-003
 1.6805650e-003
 1.6782316e-003
 1.6795850e-003
 1.6794929e-003
 1.6784359e-003
 1.6795309e-003
 1.6836039e-003
 1.6833635e-003
 1.6715757e-003
 1.6571505e-003
 1.6499476e-003
 1.6430045e-003
 1.6435829e-003
 1.6509965e-003
 1.6432388e-003
 1.6322383e-003
 1.6394703e-003
 1.6414898e-003
 1.6254713e-003
 1.6210319e-003
 1.6255210e-003
 1.6181992e-003
 1.6143292e-003
 1.6162333e-003
 1.6033372e-003
 1.5935301e-003
 1.6016545e-003
 1.6036822e-003
 1.5995421e-003
 1.5970875e-003
 1.5870103e-003
 1.5772510e-003
 1.5771964e-003
 1.5749108e-003
 1.5591102e-003
 1.5500381e-003
 1.5525036e-003
 1.5501985e-003
 1.5526809e-003
 1.5540486e-003
 1.5410060e-003
 1.5308692e-003
 1.5297597e-003
 1.5263429e-003
 1.5218249e-003
 1.5175140e-003
 1.5102056e-003
 1.5041671e-003
 1.5050258e-003
 1.5001792e-003
 1.4833162e-003
 1.4736077e-003
 1.4815889e-003
 1.4760905e-003
 1.4559088e-003
 1.4539608e-003
 1.4511162e-003
 1.4505443e-003
 1.4680750e-003
 1.4631067e-003
 1.4405412e-003
 1.4350810e-003
 1.4426943e-003
 1.4441429e-003
 1.4195390e-003
 1.4191051e-003
 1.4226425e-003
 1.4368185e-003
 1.4536654e-003
 1.4238694e-003
 1.4008586e-003
 1.4186230e-003
 1.4293963e-003
 1.4313490e-003
 1.4392214e-003
 1.4300596e-003
 1.4182848e-003
 1.4353923e-003
 1.4430250e-003
 1.3835895e-003
 1.3583201e-003
 1.4086663e-003
 1.4235179e-003
 1.4591096e-003
 1.4948215e-003
 1.4322037e-003
 1.3808728e-003
 1.4506287e-003
 1.4841236e-003
 1.4735508e-003
-1.2299996e+034
-1.2300000e+034
-1.2300004e+034
-1.2299996e+034
-1.2300001e+034
-1.2299994e+034
-1.2299999e+034
-1.2300003e+034
-1.2300005e+034
-1.2300005e+034
-1.2300003e+034
-1.2299995e+034
-1.2299995e+034
-1.2300000e+034
-1.2299995e+034
-1.2300004e+034
-1.2300000e+034
-1.2300004e+034
-1.2299995e+034
-1.2300003e+034
-1.2300004e+034
-1.2299996e+034
-1.2300004e+034
-1.2300000e+034
-1.2300004e+034
-1.2299996e+034
-1.2299996e+034
-1.2300004e+034
-1.2300004e+034
-1.2299995e+034
-1.2300001e+034
-1.2299998e+034
-1.2300005e+034
-1.2299999e+034
-1.2300000e+034
-1.2299996e+034
-1.2300000e+034
-1.2299996e+034
-1.2300005e+034
-1.2300005e+034
-1.2300005e+034
-1.2300003e+034
-1.2299996e+034
-1.2299999e+034
-1.2300004e+034
-1.2300003e+034
-1.2300003e+034
-1.2300001e+034
-1.2300000e+034
-1.2300006e+034
-1.2299996e+034
-1.2300005e+034
-1.2299995e+034
-1.2300005e+034
-1.2300006e+034
-1.2300003e+034
-1.2300005e+034
-1.2299999e+034
-1.2299996e+034
-1.2300000e+034
-1.2299996e+034
-1.2299998e+034
-1.2300005e+034
-1.2299998e+034
-1.2299998e+034
-1.2299996e+034
-1.2299995e+034
-1.2300005e+034
-1.2300005e+034
-1.2299996e+034
-1.2300005e+034
-1.2300006e+034
-1.2300000e+034
-1.2300003e+034
-1.2300000e+034
-1.2300005e+034
-1.2299996e+034
-1.2299999e+034
-1.2299999e+034
-1.2300003e+034
-1.2300005e+034
-1.2299999e+034
-1.2300005e+034
-1.2300005e+034
-1.2299998e+034
-1.2299995e+034
-1.2300001e+034
-1.2300003e+034
-1.2300000e+034
-1.2299996e+034
-1.2300001e+034
-1.2299994e+034
-1.2300001e+034
-1.2299996e+034
-1.2299996e+034
-1.2299999e+034
-1.2299996e+034
-1.2299998e+034
-1.2299995e+034
-1.2300003e+034
-1.2300005e+034
-1.2299996e+034
-1.2299995e+034
-1.2300004e+034
-1.2299999e+034
-1.2300006e+034
-1.2299996e+034
-1.2300001e+034
-1.2300003e+034
-1.2300004e+034
-1.2300005e+034
-1.2300003e+034
-1.2299999e+034
-1.2300006e+034
-1.2299995e+034
-1.2300005e+034
-1.2299996e+034
-1.2299994e+034
-1.2299998e+034
-1.2300005e+034
-1.2300003e+034
-1.2300003e+034
-1.2299994e+034
-1.2300001e+034
-1.2300001e+034
-1.2300000e+034
-1.2300001e+034
-1.2300000e+034
-1.2299995e+034
-1.2300003e+034
-1.2300003e+034
-1.2300006e+034
-1.2300000e+034
-1.2300000e+034
-1.2299999e+034
-1.2300005e+034
-1.2299996e+034
-1.2300001e+034
-1.2300000e+034
-1.2299994e+034
-1.2300000e+034
-1.2299996e+034
-1.2300001e+034
-1.2300006e+034
-1.2299994e+034
-1.2300004e+034
-1.2300005e+034
-1.2299996e+034
-1.2299998e+034
-1.2300003e+034
-1.2300005e+034
-1.2300000e+034
-1.2299998e+034
-1.2300004e+034
-1.2300004e+034
-1.2299998e+034
-1.2299995e+034
-1.2299996e+034
-1.2300003e+034
-1.2299998e+034
-1.2299995e+034
-1.2300000e+034
-1.2300001e+034
-1.2300001e+034
-1.2300003e+034
-1.2299996e+034
-1.2300001e+034
-1.2299999e+034
-1.2300000e+034
-1.2300005e+034
-1.2300006e+034
-1.2299999e+034
-1.2299999e+034
-1.2299996e+034
-1.2300005e+034
-1.2299999e+034
 3.8270670e-004
 3.6172353e-004
 3.4291498e-004
 3.5044178e-004
 3.4481633e-004
 3.4147015e-004
 3.6821968e-004
 4.1648926e-004
 4.2309755e-004
 4.0904686e-004
 4.0792898e-004
 3.7560947e-004
 3.6313178e-004
 3.9627845e-004
 4.3686837e-004
 4.6518870e-004
 4.5854584e-004
 4.3170425e-004
 4.0915527e-004
 4.0409941e-004
 4.0859869e-004
 4.2183395e-004
 4.4293815e-004
 4.4354802e-004
 4.3287058e-004
 4.3762435e-004
 4.5481941e-004
 4.4258492e-004
-1.2299999e+034
-1.2300000e+034
-1.2300003e+034
-1.2299995e+034
-1.2300005e+034
-1.2299995e+034
-1.2300001e+034
-1.2299999e+034
-1.2299994e+034
-1.2300005e+034
-1.2300003e+034
-1.2300000e+034
-1.2300004e+034
-1.2300005e+034
-1.2300003e+034
-1.2299996e+034
-1.2300004e+034
-1.2300000e+034
-1.2299996e+034
 5.4457114e-004
 5.2159699e-004
 5.1741878e-004
 5.1591330e-004
 5.0482404e-004
 4.9085717e-004
 4.8555687e-004
 4.7749179e-004
 4.6637043e-004
 4.6743802e-004
 4.7554992e-004
 4.8776856e-004
 4.9665029e-004
 5.1050854e-004
 5.2363065e-004
 5.1583344e-004
 5.0278485e-004
 4.9270451e-004
 4.7444116e-004
 4.6709209e-004
 4.6606720e-004
 4.8579101e-004
 5.0058786e-004
 5.1429233e-004
 5.2058866e-004
 5.1815627e-004
 5.1346119e-004
 5.1610899e-004
 5.1867060e-004
 5.1322114e-004
 5.1423226e-004
 5.1325653e-004
 5.1796657e-004
 5.2650110e-004
 5.3298537e-004
 5.3931033e-004
 5.3571386e-004
 5.2850752e-004
 5.3656346e-004
 5.4972991e-004
 5.4627628e-004
 5.3842139e-004
 5.4440257e-004
 5.5154925e-004
 5.7317753e-004
 5.7952572e-004
 5.6888099e-004
 5.6605850e-004
 5.4990855e-004
 5.5786368e-004
 5.7850213e-004
 5.7636597e-004
 5.6846783e-004
 5.7104824e-004
 5.7228521e-004
 5.7688355e-004
 5.8558135e-004
 5.8600400e-004
 5.7560217e-004
 5.7465286e-004
 5.7393900e-004
 5.7593320e-004
 5.9828837e-004
 6.1162462e-004
 6.1286235e-004
 6.1541563e-004
 6.1849889e-004
 6.1225903e-004
 6.1453361e-004
 6.2294467e-004
 6.2010757e-004
 6.1059534e-004
 6.0940388e-004
 6.1109057e-004
 6.0741865e-004
 6.0620601e-004
 6.0746266e-004
 6.1115262e-004
 6.2157883e-004
 6.2187598e-004
 6.1111437e-004
 6.1085733e-004
 6.1860890e-004
 6.2975660e-004
 6.4722815e-004
 6.4992713e-004
 6.5036741e-004
 6.4935605e-004
 6.4524962e-004
 6.4208661e-004
 6.3810096e-004
 6.3661998e-004
 6.3304865e-004
 6.3245994e-004
 6.3910225e-004
 6.4326025e-004
 6.4383133e-004
 6.3878886e-004
 6.4291398e-004
 6.5555482e-004
 6.5417832e-004
 6.5508590e-004
 6.6412590e-004
 6.6821050e-004
 6.7293725e-004
 6.8680872e-004
 6.7889784e-004
 6.5972068e-004
 6.6779152e-004
 6.8135164e-004
 6.7849108e-004
 6.7570421e-004
 6.8143313e-004
 6.8423105e-004
 6.8558782e-004
 6.9142604e-004
 6.9104874e-004
 6.7517348e-004
 6.7806919e-004
 7.0406537e-004
 7.1607524e-004
 7.1724708e-004
 7.2626158e-004
 7.1384391e-004
 6.8935787e-004
 6.9382245e-004
 7.0110313e-004
 7.0571649e-004
 7.1774196e-004
 7.1847200e-004
 7.1613560e-004
 7.1622652e-004
 7.1370136e-004
 7.1742327e-004
 7.2425080e-004
 7.3791743e-004
 7.4708002e-004
 7.4893708e-004
 7.4060482e-004
 7.3917315e-004
 7.4601691e-004
 7.5130153e-004
 7.5847108e-004
 7.5596705e-004
 7.4651378e-004
 7.4947509e-004
 7.5781305e-004
 7.6372235e-004
 7.7149936e-004
 7.8058877e-004
 7.8113773e-004
 7.7883230e-004
 7.6709519e-004
 7.5005763e-004
 7.3898048e-004
 7.2827254e-004
 7.2662812e-004
 7.2634459e-004
 7.4049731e-004
 7.6461904e-004
 7.6147710e-004
 7.4226904e-004
 7.4248167e-004
 7.4377598e-004
 7.3649862e-004
 7.3886133e-004
 7.5570861e-004
 7.6798972e-004
 7.7579234e-004
 7.9897232e-004
 8.1213773e-004
 7.7991508e-004
 7.4611790e-004
 7.4516243e-004
 7.4318389e-004
 7.4662408e-004
 7.5823325e-004
 7.5856014e-004
 7.5762521e-004
 7.5023144e-004
 7.3659688e-004
 7.2932488e-004
 7.2258426e-004
 7.2912709e-004
 7.4279180e-004
 7.4721134e-004
 7.4967725e-004
 7.5227401e-004
 7.5659121e-004
 7.6956308e-004
 7.6891884e-004
 7.7061320e-004
 7.7588810e-004
 7.7438529e-004
 7.8188832e-004
 7.8979577e-004
 7.8482687e-004
 7.9433562e-004
 8.0406765e-004
 8.0478814e-004
 7.9251250e-004
 7.6619379e-004
 7.6436979e-004
 7.7982608e-004
 7.8874116e-004
 7.9844426e-004
 7.8499672e-004
 7.6104078e-004
 7.6325634e-004
 7.6610647e-004
 7.7072065e-004
 7.8135182e-004
 7.8543287e-004
 7.8934355e-004
 7.8796351e-004
 7.8880985e-004
 7.7559723e-004
 7.4984488e-004
 7.4406539e-004
 7.3992129e-004
 7.3781196e-004
 7.4424664e-004
 7.4025244e-004
 7.3204323e-004
 7.4184488e-004
 7.3470298e-004
 7.3642522e-004
 7.5648958e-004
 7.5105933e-004
 7.4605859e-004
 7.4978039e-004
 7.3830341e-004
 7.2503061e-004
 7.1900070e-004
 7.2240044e-004
 7.1504677e-004
 6.9841510e-004
 6.8571122e-004
 6.9088582e-004
 7.0711516e-004
 6.9552934e-004
 6.8579119e-004
 6.8909716e-004
 6.8111235e-004
 6.8845146e-004
 7.1451929e-004
 7.3468324e-004
 7.2236225e-004
 6.9967972e-004
 6.9996744e-004
 7.0263131e-004
 6.9149036e-004
 6.8350497e-004
 6.9000182e-004
 6.9064891e-004
 6.8740989e-004
 6.9989072e-004
 7.0786237e-004
 6.9936347e-004
 6.9212844e-004
 6.9608929e-004
 6.7762472e-004
 6.4357935e-004
 6.4478355e-004
 6.5103587e-004
 6.5428670e-004
 6.7016215e-004
 6.6457607e-004
 6.5566471e-004
 6.7207101e-004
 6.7653740e-004
 6.7505561e-004
 6.7420641e-004
 6.5416348e-004
 6.5666210e-004
 6.3804869e-004
 6.0310058e-004
 6.2369299e-004
 6.3165126e-004
 6.2975835e-004
 6.4795045e-004
 6.5906631e-004
 6.6009123e-004
 6.5648096e-004
 6.4875808e-004
 6.4419961e-004
 6.4998301e-004
 6.2999176e-004
 6.1622687e-004
 6.0996902e-004
 5.6064810e-004
 5.5341254e-004
 6.0718250e-004
 6.1601977e-004
 6.3075236e-004
 6.9057354e-004
 6.9489732e-004
 6.7777233e-004
 6.7030423e-004
 6.3307607e-004
 5.8697368e-004
 5.8094144e-004
 6.2124745e-004
 6.5876119e-004
 6.7030737e-004
 6.7233754e-004
 6.4185692e-004
 6.0153560e-004
 5.8268243e-004
 6.0405233e-004
 6.3328899e-004
 6.2527909e-004
 6.2199502e-004
 6.0922664e-004
 5.9178512e-004
 6.1313523e-004
 6.3393457e-004
 6.3731486e-004
 6.1700115e-004
 6.0627068e-004
 6.4438727e-004
 6.3895644e-004
 6.2434637e-004
 6.6023937e-004
 6.3732115e-004
 6.1295874e-004
 6.4579741e-004
 6.8027037e-004
 7.2040164e-004
 7.1068952e-004
 6.6361367e-004
 7.0067646e-004
 6.8751822e-004
 6.5326440e-004
 6.6143443e-004
 6.2273303e-004
 5.6972238e-004
 5.9506274e-004
 7.0424541e-004
 7.1089249e-004
 6.4616825e-004
 6.0926622e-004
 5.6125352e-004
 5.1390426e-004
 5.3650001e-004
 6.0634548e-004
 6.5630284e-004
 6.4334640e-004
 6.6026789e-004
 7.3488575e-004
 7.1267196e-004
 7.1869732e-004
 7.9439330e-004
 7.8042242e-004
 7.5014966e-004
 6.3120225e-004
 5.7068490e-004
 6.6366792e-004
 6.7136507e-004
 6.5635453e-004
 6.5963890e-004
 6.8040052e-004
 7.7569997e-004
 1.0079113e-003
 1.0819637e-003
 1.0383421e-003
 8.5563667e-004
 7.1463850e-004
 7.7239954e-004
 8.1775425e-004
 7.8972621e-004
 8.6334278e-004
 9.6400041e-004
 9.2682731e-004
 8.9334178e-004
 9.5038710e-004
 8.6636643e-004
 9.3845156e-004
 1.1065897e-003
 1.1352617e-003
 1.0688450e-003
 1.1130617e-003
 1.1962446e-003
 1.1173089e-003
 1.0175444e-003
 9.3389762e-004
 9.3603006e-004
 1.0838312e-003
 1.1614524e-003
 1.1948460e-003
 1.3177819e-003
 1.2184441e-003
 1.1423909e-003
 1.3010182e-003
 1.6571763e-003
 1.7148213e-003
 1.7864925e-003
 1.9874561e-003
 1.8850550e-003
 1.6793282e-003
 1.3827616e-003
 1.1541458e-003
 1.1752703e-003
 1.1196502e-003
 1.2046483e-003
 1.1560468e-003
 1.0962602e-003
-1.2300006e+034
-1.2300003e+034
-1.2300003e+034
-1.2299999e+034
-1.2299998e+034
-1.2299998e+034
-1.2300006e+034
-1.2299995e+034
-1.2300000e+034
-1.2300006e+034
-1.2300000e+034
-1.2300003e+034
-1.2299996e+034
-1.2300001e+034
-1.2300000e+034
-1.2300001e+034
-1.2299999e+034
-1.2300000e+034
-1.2300005e+034
-1.2300006e+034
-1.2300004e+034
-1.2300003e+034
-1.2300001e+034
-1.2300001e+034
-1.2299995e+034
-1.2300005e+034
-1.2300000e+034
-1.2300001e+034
-1.2300006e+034
-1.2300001e+034
-1.2300003e+034
-1.2300006e+034
-1.2299999e+034
-1.2299996e+034
-1.2299999e+034
-1.2300005e+034
-1.2299996e+034
-1.2300003e+034
-1.2300000e+034
-1.2300001e+034
-1.2300003e+034
-1.2300001e+034
-1.2300000e+034
-1.2299996e+034
-1.2300000e+034
-1.2300004e+034
-1.2300005e+034
-1.2300000e+034
-1.2299995e+034
-1.2299999e+034
-1.2300001e+034
-1.2299995e+034
-1.2299998e+034
-1.2299996e+034
-1.2300000e+034
-1.2299998e+034
-1.2300005e+034
-1.2299995e+034
-1.2300003e+034
-1.2300003e+034
-1.2299995e+034
-1.2299996e+034
-1.2300003e+034
-1.2299999e+034
-1.2300005e+034
-1.2300001e+034
-1.2300003e+034
-1.2299998e+034
-1.2300001e+034
-1.2300000e+034
-1.2300005e+034
-1.2300001e+034
-1.2300003e+034
-1.2299999e+034
-1.2299990e+034
