Error bars for splib07a Record=21532: Lodgepole-Pine LP-Needles-1  ASDFRa AREF
 5.7088986e-002
 5.6862004e-002
 5.6826059e-002
 5.6829065e-002
 5.6780685e-002
 5.6884989e-002
 5.6843035e-002
 5.6727577e-002
 5.6695357e-002
 5.6708287e-002
 5.6696974e-002
 5.6648906e-002
 5.6596536e-002
 5.6562841e-002
 5.6546926e-002
 5.6564745e-002
 5.6553289e-002
 5.6536030e-002
 5.6573823e-002
 5.6543704e-002
 5.6494460e-002
 5.6468166e-002
 5.6483939e-002
 5.6486290e-002
 5.6468047e-002
 5.6480642e-002
 5.6464955e-002
 5.6440271e-002
 5.6434255e-002
 5.6464382e-002
 5.6482043e-002
 5.6469973e-002
 5.6458872e-002
 5.6455780e-002
 5.6455661e-002
 5.6462485e-002
 5.6446925e-002
 5.6422424e-002
 5.6404140e-002
 5.6398038e-002
 5.6398984e-002
 5.6402948e-002
 5.6393020e-002
 5.6398027e-002
 5.6413010e-002
 5.6399386e-002
 5.6397550e-002
 5.6401536e-002
 5.6393709e-002
 5.6381114e-002
 5.6384433e-002
 5.6403521e-002
 5.6376796e-002
 5.6352444e-002
 5.6344397e-002
 5.6328893e-002
 5.6313161e-002
 5.6299433e-002
 5.6288343e-002
 5.6267574e-002
 5.6238446e-002
 5.6206200e-002
 5.6180518e-002
 5.6147385e-002
 5.6110624e-002
 5.6087237e-002
 5.6054659e-002
 5.6012351e-002
 5.5966284e-002
 5.5921227e-002
 5.5870041e-002
 5.5812452e-002
 5.5756055e-002
 5.5702806e-002
 5.5648934e-002
 5.5593207e-002
 5.5519298e-002
 5.5441290e-002
 5.5368625e-002
 5.5303551e-002
 5.5236910e-002
 5.5166777e-002
 5.5104584e-002
 5.5032346e-002
 5.4951172e-002
 5.4860547e-002
 5.4794274e-002
 5.4737654e-002
 5.4676939e-002
 5.4602075e-002
 5.4529566e-002
 5.4465286e-002
 5.4394744e-002
 5.4327004e-002
 5.4265041e-002
 5.4207906e-002
 5.4146964e-002
 5.4084118e-002
 5.4022450e-002
 5.3963501e-002
 5.3907853e-002
 5.3855330e-002
 5.3806257e-002
 5.3765923e-002
 5.3727910e-002
 5.3682011e-002
 5.3642392e-002
 5.3603832e-002
 5.3559966e-002
 5.3521983e-002
 5.3486962e-002
 5.3452544e-002
 5.3428315e-002
 5.3396873e-002
 5.3362723e-002
 5.3338483e-002
 5.3314678e-002
 5.3286619e-002
 5.3255025e-002
 5.3229533e-002
 5.3207543e-002
 5.3184923e-002
 5.3159289e-002
 5.3133484e-002
 5.3108793e-002
 5.3085666e-002
 5.3059712e-002
 5.3035948e-002
 5.3016972e-002
 5.2994739e-002
 5.2969374e-002
 5.2943751e-002
 5.2919414e-002
 5.2897021e-002
 5.2874204e-002
 5.2849099e-002
 5.2824538e-002
 5.2797027e-002
 5.2765109e-002
 5.2731041e-002
 5.2697647e-002
 5.2664962e-002
 5.2632675e-002
 5.2595448e-002
 5.2551899e-002
 5.2501112e-002
 5.2450359e-002
 5.2402534e-002
 5.2356273e-002
 5.2306768e-002
 5.2250769e-002
 5.2190777e-002
 5.2128926e-002
 5.2061211e-002
 5.1991601e-002
 5.1924132e-002
 5.1854864e-002
 5.1783379e-002
 5.1710438e-002
 5.1629733e-002
 5.1543046e-002
 5.1454134e-002
 5.1361676e-002
 5.1270213e-002
 5.1175743e-002
 5.1073525e-002
 5.0968517e-002
 5.0860915e-002
 5.0751008e-002
 5.0637662e-002
 5.0527859e-002
 5.0421406e-002
 5.0309975e-002
 5.0207738e-002
 5.0110772e-002
 5.0010990e-002
 4.9921852e-002
 4.9844459e-002
 4.9775261e-002
 4.9717821e-002
 4.9670793e-002
 4.9632188e-002
 4.9603071e-002
 4.9588103e-002
 4.9583733e-002
 4.9587246e-002
 4.9595591e-002
 4.9602788e-002
 4.9607582e-002
 4.9611464e-002
 4.9607988e-002
 4.9596850e-002
 4.9578745e-002
 4.9552221e-002
 4.9518090e-002
 4.9477708e-002
 4.9425829e-002
 4.9369700e-002
 4.9313542e-002
 4.9256761e-002
 4.9196843e-002
 4.9137503e-002
 4.9084276e-002
 4.9032871e-002
 4.8985820e-002
 4.8946194e-002
 4.8905317e-002
 4.8870850e-002
 4.8844799e-002
 4.8824452e-002
 4.8808675e-002
 4.8795879e-002
 4.8785783e-002
 4.8779391e-002
 4.8778087e-002
 4.8782017e-002
 4.8789032e-002
 4.8796024e-002
 4.8802610e-002
 4.8806351e-002
 4.8815843e-002
 4.8827291e-002
 4.8832227e-002
 4.8839968e-002
 4.8848856e-002
 4.8856094e-002
 4.8860379e-002
 4.8865147e-002
 4.8871528e-002
 4.8877753e-002
 4.8885502e-002
 4.8894465e-002
 4.8903368e-002
 4.8915096e-002
 4.8929337e-002
 4.8944857e-002
 4.8964415e-002
 4.8982944e-002
 4.9000815e-002
 4.9026139e-002
 4.9054213e-002
 4.9081780e-002
 4.9108040e-002
 4.9138624e-002
 4.9172748e-002
 4.9208220e-002
 4.9248893e-002
 4.9287815e-002
 4.9324021e-002
 4.9361676e-002
 4.9399555e-002
 4.9439155e-002
 4.9481954e-002
 4.9529269e-002
 4.9576126e-002
 4.9620677e-002
 4.9662270e-002
 4.9700383e-002
 4.9736477e-002
 4.9770664e-002
 4.9804077e-002
 4.9836755e-002
 4.9868450e-002
 4.9896661e-002
 4.9918368e-002
 4.9933817e-002
 4.9949624e-002
 4.9961016e-002
 4.9968440e-002
 4.9980175e-002
 4.9982268e-002
 4.9977712e-002
 4.9973726e-002
 4.9963601e-002
 4.9951732e-002
 4.9940895e-002
 4.9929433e-002
 4.9917910e-002
 4.9908083e-002
 4.9903527e-002
 4.9900472e-002
 4.9900442e-002
 4.9905039e-002
 4.9919091e-002
 4.9941298e-002
 4.9969468e-002
 5.0004229e-002
 5.0057266e-002
 5.0123479e-002
 5.0193567e-002
 5.0273910e-002
 5.0360952e-002
 5.0452869e-002
 5.0539192e-002
 5.0627112e-002
 5.0719388e-002
 5.0801478e-002
 5.0875377e-002
 5.0944280e-002
 5.1006347e-002
 5.1059585e-002
 5.1107734e-002
 5.1153649e-002
 5.1193502e-002
 5.1235247e-002
 5.1281363e-002
 5.1322572e-002
 5.1371336e-002
 5.1427722e-002
 5.1484216e-002
 5.1549170e-002
 5.1621873e-002
 5.1700223e-002
 5.1778365e-002
 5.1852912e-002
 5.1924545e-002
 5.1993147e-002
 5.2054297e-002
 5.2108087e-002
 5.2155647e-002
 5.2191913e-002
 5.2220445e-002
 5.2244976e-002
 5.2252509e-002
 5.2248050e-002
 5.2236896e-002
 5.2209999e-002
 5.2175302e-002
 5.2134216e-002
 5.2081689e-002
 5.2014872e-002
 5.1933154e-002
 5.1838193e-002
 5.1718563e-002
 5.1575381e-002
 5.1414765e-002
 5.1234495e-002
 5.1023439e-002
 5.0788954e-002
 5.0537262e-002
 5.0259080e-002
 4.9963214e-002
 4.9656291e-002
 4.9332775e-002
 4.8995689e-002
 4.8650388e-002
 4.8297428e-002
 4.7929961e-002
 4.7552951e-002
 4.7170732e-002
 4.6781946e-002
 4.6380699e-002
 4.5965958e-002
 4.5543309e-002
 4.5112509e-002
 4.4674836e-002
 4.4229049e-002
 4.3772083e-002
 4.3310169e-002
 4.2848513e-002
 4.2380493e-002
 4.1908838e-002
 4.1436855e-002
 4.0974516e-002
 4.0524513e-002
 4.0084492e-002
 3.9655194e-002
 3.9242975e-002
 3.8844790e-002
 3.8455416e-002
 3.8084637e-002
 3.7728999e-002
 3.7383977e-002
 3.7053578e-002
 3.6737498e-002
 3.6432531e-002
 3.6140151e-002
 3.5860293e-002
 3.5589255e-002
 3.5324536e-002
 3.5072912e-002
 3.4829255e-002
 3.4589790e-002
 3.4360573e-002
 3.4142811e-002
 3.3932801e-002
 3.3727445e-002
 3.3534221e-002
 3.3347555e-002
 3.3160746e-002
 3.2983724e-002
 3.2815009e-002
 3.2651141e-002
 3.2493241e-002
 3.2342665e-002
 3.2198031e-002
 3.2060068e-002
 3.1926818e-002
 3.1796373e-002
 3.1668577e-002
 3.1544402e-002
 3.1427786e-002
 3.1318296e-002
 3.1210436e-002
 3.1106269e-002
 3.1005776e-002
 3.0905908e-002
 3.0815171e-002
 3.0728674e-002
 3.0641096e-002
 3.0557096e-002
 3.0475819e-002
 3.0395821e-002
 3.0318500e-002
 3.0242728e-002
 3.0167524e-002
 3.0093508e-002
 3.0019173e-002
 2.9947566e-002
 2.9880265e-002
 2.9819563e-002
 2.9761665e-002
 2.9703934e-002
 2.9642684e-002
 2.9581586e-002
 2.9523313e-002
 2.9469406e-002
 2.9416911e-002
 2.9364191e-002
 2.9311348e-002
 2.9260565e-002
 2.9210541e-002
 2.9160416e-002
 2.9107878e-002
 2.9061336e-002
 2.9017936e-002
 2.8970752e-002
 2.8923344e-002
 2.8876921e-002
 2.8830478e-002
 2.8786846e-002
 2.8740682e-002
 2.8691662e-002
 2.8647052e-002
 2.8605320e-002
 2.8562933e-002
 2.8516995e-002
 2.8474834e-002
 2.8433869e-002
 2.8391087e-002
 2.8346844e-002
 2.8302776e-002
 2.8259724e-002
 2.8219296e-002
 2.8180383e-002
 2.8141836e-002
 2.8105780e-002
 2.8063083e-002
 2.8018532e-002
 2.7976571e-002
 2.7934395e-002
 2.7896633e-002
 2.7861625e-002
 2.7822416e-002
 2.7777052e-002
 2.7730014e-002
 2.7683480e-002
 2.7641311e-002
 2.7602699e-002
 2.7566293e-002
 2.7525196e-002
 2.7478782e-002
 2.7430873e-002
 2.7389502e-002
 2.7344352e-002
 2.7297046e-002
 2.7255150e-002
 2.7210154e-002
 2.7162511e-002
 2.7114132e-002
 2.7070617e-002
 2.7025225e-002
 2.6975870e-002
 2.6920941e-002
 2.6876174e-002
 2.6834043e-002
 2.6779925e-002
 2.6735952e-002
 2.6695888e-002
 2.6652155e-002
 2.6608711e-002
 2.6560113e-002
 2.6508918e-002
 2.6463505e-002
 2.6421348e-002
 2.6377780e-002
 2.6330305e-002
 2.6285520e-002
 2.6240515e-002
 2.6193067e-002
 2.6149951e-002
 2.6111346e-002
 2.6073195e-002
 2.6032258e-002
 2.5987009e-002
 2.5941815e-002
 2.5899425e-002
 2.5858890e-002
 2.5820255e-002
 2.5783254e-002
 2.5740847e-002
 2.5699422e-002
 2.5661416e-002
 2.5624957e-002
 2.5592851e-002
 2.5560604e-002
 2.5523871e-002
 2.5491456e-002
 2.5460904e-002
 2.5429387e-002
 2.5398280e-002
 2.5367334e-002
 2.5334945e-002
 2.5297919e-002
 2.5260696e-002
 2.5224103e-002
 2.5185375e-002
 2.5155876e-002
 2.5125550e-002
 2.5089925e-002
 2.5061570e-002
 2.5032537e-002
 2.4999389e-002
 2.4959793e-002
 2.4930511e-002
 2.4906009e-002
 2.4877099e-002
 2.4856819e-002
 2.4835454e-002
 2.4808897e-002
 2.4785021e-002
 2.4763320e-002
 2.4742359e-002
 2.4724172e-002
 2.4701817e-002
 2.4681132e-002
 2.4667384e-002
 2.4650859e-002
 2.4629366e-002
 2.4605665e-002
 2.4579078e-002
 2.4562348e-002
 2.4550835e-002
 2.4536220e-002
 2.4516352e-002
 2.4498753e-002
 2.4488404e-002
 2.4470750e-002
 2.4455834e-002
 2.4447028e-002
 2.4434181e-002
 2.4422349e-002
 2.4411969e-002
 2.4397088e-002
 2.4391737e-002
 2.4380771e-002
 2.4352476e-002
 2.4340030e-002
 2.4336454e-002
 2.4329817e-002
 2.4305109e-002
 2.4285112e-002
 2.4272926e-002
 2.4262222e-002
 2.4242032e-002
 2.4219144e-002
 2.4198914e-002
 2.4185345e-002
 2.4173018e-002
 2.4158034e-002
 2.4130095e-002
 2.4113262e-002
 2.4101257e-002
 2.4075475e-002
 2.4053091e-002
 2.4039691e-002
 2.4031892e-002
 2.4031172e-002
 2.4018457e-002
 2.3995262e-002
 2.3989586e-002
 2.3979397e-002
 2.3968067e-002
 2.3978651e-002
 2.3980498e-002
 2.3966404e-002
 2.3940163e-002
 2.3928769e-002
 2.3900704e-002
 2.3858586e-002
 2.3840269e-002
 2.3840409e-002
 2.3834620e-002
 2.3809280e-002
 2.3782536e-002
 2.3753099e-002
 2.3717785e-002
 2.3719013e-002
 2.3741594e-002
 2.3760287e-002
 2.3761252e-002
 2.3739740e-002
 2.3721684e-002
 2.3725038e-002
 2.3725100e-002
 2.3731401e-002
 2.3750866e-002
 2.3760235e-002
 2.3771515e-002
 2.3788325e-002
 2.3800483e-002
 2.3819899e-002
 2.3846280e-002
 2.3879685e-002
 2.3899401e-002
 2.3920016e-002
 2.3950025e-002
 2.3964783e-002
 2.3984320e-002
 2.4014836e-002
 2.4056580e-002
 2.4083838e-002
 2.4099655e-002
 2.4111446e-002
 2.4131324e-002
 2.4150269e-002
 2.4162740e-002
 2.4200352e-002
 2.4216915e-002
 2.4214171e-002
 2.4230991e-002
 2.4235094e-002
 2.4239199e-002
 2.4267359e-002
 2.4267953e-002
 2.4251238e-002
 2.4235379e-002
 2.4286352e-002
 2.4308082e-002
 2.4283363e-002
 2.4262400e-002
 2.4247991e-002
 2.4236511e-002
 2.4224238e-002
 2.4210406e-002
 2.4196187e-002
 2.4159482e-002
 2.4119239e-002
 2.4102425e-002
 2.4100289e-002
 2.4085527e-002
 2.4045967e-002
 2.4009896e-002
 2.3989480e-002
 2.3966778e-002
 2.3934815e-002
 2.3908727e-002
 2.3891535e-002
 2.3875168e-002
 2.3846941e-002
 2.3810621e-002
 2.3776116e-002
 2.3756690e-002
 2.3746174e-002
 2.3736196e-002
 2.3703462e-002
 2.3656685e-002
 2.3623776e-002
 2.3594663e-002
 2.3565989e-002
 2.3555094e-002
 2.3556381e-002
 2.3540447e-002
 2.3503322e-002
 2.3464240e-002
 2.3441061e-002
 2.3417920e-002
 2.3396824e-002
 2.3387630e-002
 2.3382382e-002
 2.3363059e-002
 2.3320979e-002
 2.3289155e-002
 2.3250462e-002
 2.3204168e-002
 2.3178490e-002
 2.3168420e-002
 2.3157975e-002
 2.3141876e-002
 2.3119997e-002
 2.3088897e-002
 2.3054689e-002
 2.3039836e-002
 2.3036599e-002
 2.3019439e-002
 2.3002690e-002
 2.2983380e-002
 2.2960842e-002
 2.2937704e-002
 2.2912363e-002
 2.2885123e-002
 2.2851618e-002
 2.2814961e-002
 2.2795064e-002
 2.2793813e-002
 2.2776902e-002
 2.2748021e-002
 2.2726465e-002
 2.2710314e-002
 2.2695785e-002
 2.2675794e-002
 2.2661038e-002
 2.2637263e-002
 2.2602348e-002
 2.2571657e-002
 2.2547470e-002
 2.2526292e-002
 2.2506785e-002
 2.2491410e-002
 2.2484459e-002
 2.2477981e-002
 2.2447206e-002
 2.2421742e-002
 2.2421587e-002
 2.2422273e-002
 2.2412047e-002
 2.2390716e-002
 2.2378715e-002
 2.2370663e-002
 2.2350013e-002
 2.2327190e-002
 2.2311457e-002
 2.2296224e-002
 2.2281289e-002
 2.2271356e-002
 2.2276254e-002
 2.2287758e-002
 2.2285962e-002
 2.2263041e-002
 2.2236617e-002
 2.2213362e-002
 2.2191541e-002
 2.2187857e-002
 2.2189757e-002
 2.2199038e-002
 2.2208044e-002
 2.2206411e-002
 2.2202117e-002
 2.2203542e-002
 2.2203302e-002
 2.2207525e-002
 2.2223014e-002
 2.2240655e-002
 2.2253187e-002
 2.2267876e-002
 2.2290736e-002
 2.2310656e-002
 2.2326969e-002
 2.2346975e-002
 2.2368714e-002
 2.2393137e-002
 2.2432741e-002
 2.2474812e-002
 2.2516524e-002
 2.2557942e-002
 2.2597851e-002
 2.2637045e-002
 2.2681797e-002
 2.2732180e-002
 2.2786360e-002
 2.2843378e-002
 2.2897195e-002
 2.2941219e-002
 2.2991320e-002
 2.3059065e-002
 2.3122871e-002
 2.3180345e-002
 2.3237951e-002
 2.3291633e-002
 2.3342729e-002
 2.3397900e-002
 2.3455182e-002
 2.3527659e-002
 2.3603754e-002
 2.3663726e-002
 2.3712184e-002
 2.3766330e-002
 2.3835976e-002
 2.3906745e-002
 2.3969136e-002
 2.4029672e-002
 2.4088938e-002
 2.4148995e-002
 2.4221146e-002
 2.4293816e-002
 2.4370326e-002
 2.4446653e-002
 2.4526710e-002
 2.4605997e-002
 2.4679881e-002
 2.4747605e-002
 2.4821471e-002
 2.4906507e-002
 2.4989948e-002
 2.5069838e-002
 2.5146352e-002
 2.5221415e-002
 2.5298111e-002
 2.5366386e-002
 2.5433339e-002
 2.5501411e-002
 2.5569001e-002
 2.5634203e-002
 2.5699306e-002
 2.5769228e-002
 2.5839379e-002
 2.5913205e-002
 2.5989207e-002
 2.6064795e-002
 2.6138807e-002
 2.6211252e-002
 2.6281973e-002
 2.6358578e-002
 2.6448645e-002
 2.6537085e-002
 2.6619747e-002
 2.6698174e-002
 2.6747195e-002
 2.6795974e-002
 2.6872192e-002
 2.6948437e-002
 2.7006213e-002
 2.7060350e-002
 2.7103370e-002
 2.7141508e-002
 2.7176399e-002
 2.7208472e-002
 2.7241627e-002
 2.7275803e-002
 2.7303375e-002
 2.7319631e-002
 2.7336247e-002
 2.7352234e-002
 2.7365025e-002
 2.7356537e-002
 2.7348077e-002
 2.7343212e-002
 2.7338633e-002
 2.7324622e-002
 2.7309252e-002
 2.7291603e-002
 2.7273554e-002
 2.7241983e-002
 2.7203375e-002
 2.7156977e-002
 2.7104000e-002
 2.7046999e-002
 2.6984101e-002
 2.6916718e-002
 2.6839225e-002
 2.6763212e-002
 2.6689081e-002
 2.6614385e-002
 2.6521843e-002
 2.6430456e-002
 2.6348015e-002
 2.6267039e-002
 2.6182735e-002
 2.6098698e-002
 2.6016792e-002
 2.5936624e-002
 2.5859280e-002
 2.5783144e-002
 2.5710486e-002
 2.5641462e-002
 2.5575373e-002
 2.5512384e-002
 2.5453400e-002
 2.5402784e-002
 2.5349542e-002
 2.5285115e-002
 2.5222320e-002
 2.5169386e-002
 2.5116855e-002
 2.5064610e-002
 2.5012743e-002
 2.4960162e-002
 2.4908196e-002
 2.4865394e-002
 2.4825407e-002
 2.4786966e-002
 2.4749108e-002
 2.4711838e-002
 2.4675209e-002
 2.4642397e-002
 2.4614790e-002
 2.4586145e-002
 2.4555955e-002
 2.4527086e-002
 2.4499657e-002
 2.4472265e-002
 2.4447137e-002
 2.4422858e-002
 2.4404351e-002
 2.4385747e-002
 2.4359912e-002
 2.4333818e-002
 2.4304662e-002
 2.4274720e-002
 2.4252925e-002
 2.4234029e-002
 2.4213012e-002
 2.4190603e-002
 2.4166660e-002
 2.4142047e-002
 2.4117149e-002
 2.4091678e-002
 2.4066333e-002
 2.4040023e-002
 2.4013050e-002
 2.3987781e-002
 2.3962134e-002
 2.3935495e-002
 2.3909720e-002
 2.3880966e-002
 2.3850964e-002
 2.3820654e-002
 2.3790820e-002
 2.3763865e-002
 2.3738107e-002
 2.3712127e-002
 2.3687365e-002
 2.3662647e-002
 2.3636239e-002
 2.3615269e-002
 2.3597511e-002
 2.3578361e-002
 2.3561468e-002
 2.3544174e-002
 2.3529489e-002
 2.3519171e-002
 2.3510892e-002
 2.3502514e-002
 2.3495184e-002
 2.3489585e-002
 2.3491779e-002
 2.3493273e-002
 2.3492824e-002
 2.3493873e-002
 2.3500685e-002
 2.3507781e-002
 2.3517866e-002
 2.3529138e-002
 2.3541128e-002
 2.3552822e-002
 2.3566760e-002
 2.3584370e-002
 2.3608239e-002
 2.3638949e-002
 2.3675017e-002
 2.3715029e-002
 2.3753067e-002
 2.3788149e-002
 2.3827899e-002
 2.3876913e-002
 2.3924651e-002
 2.3972144e-002
 2.4021853e-002
 2.4087155e-002
 2.4154123e-002
 2.4225364e-002
 2.4298098e-002
 2.4379428e-002
 2.4461133e-002
 2.4550350e-002
 2.4640692e-002
 2.4743604e-002
 2.4852745e-002
 2.4959616e-002
 2.5065063e-002
 2.5171971e-002
 2.5278676e-002
 2.5388805e-002
 2.5506048e-002
 2.5624309e-002
 2.5742186e-002
 2.5863698e-002
 2.5990551e-002
 2.6119923e-002
 2.6252922e-002
 2.6382817e-002
 2.6508974e-002
 2.6634973e-002
 2.6767943e-002
 2.6902543e-002
 2.7033083e-002
 2.7161296e-002
 2.7285490e-002
 2.7407264e-002
 2.7525457e-002
 2.7644850e-002
 2.7766304e-002
 2.7889533e-002
 2.8005753e-002
 2.8114332e-002
 2.8219491e-002
 2.8324081e-002
 2.8429285e-002
 2.8530335e-002
 2.8629389e-002
 2.8727705e-002
 2.8823312e-002
 2.8915621e-002
 2.9007759e-002
 2.9106194e-002
 2.9203715e-002
 2.9304275e-002
 2.9406009e-002
 2.9509826e-002
 2.9614339e-002
 2.9720418e-002
 2.9827964e-002
 2.9948466e-002
 3.0070953e-002
 3.0203544e-002
 3.0340334e-002
 3.0488437e-002
 3.0640874e-002
 3.0799491e-002
 3.0956328e-002
 3.1119915e-002
 3.1284325e-002
 3.1452958e-002
 3.1625021e-002
 3.1807002e-002
 3.2003786e-002
 3.2205347e-002
 3.2407917e-002
 3.2617692e-002
 3.2837909e-002
 3.3059236e-002
 3.3295367e-002
 3.3537183e-002
 3.3794612e-002
 3.4055717e-002
 3.4317195e-002
 3.4579903e-002
 3.4861084e-002
 3.5142452e-002
 3.5420105e-002
 3.5695817e-002
 3.5969056e-002
 3.6240682e-002
 3.6507048e-002
 3.6769908e-002
 3.7030578e-002
 3.7288349e-002
 3.7525911e-002
 3.7758216e-002
 3.7984546e-002
 3.8208276e-002
 3.8421892e-002
 3.8626358e-002
 3.8823325e-002
 3.9012540e-002
 3.9191782e-002
 3.9363716e-002
 3.9526615e-002
 3.9681315e-002
 3.9830647e-002
 3.9971072e-002
 4.0108826e-002
 4.0234849e-002
 4.0349673e-002
 4.0449902e-002
 4.0550780e-002
 4.0643945e-002
 4.0732484e-002
 4.0807951e-002
 4.0881429e-002
 4.0947918e-002
 4.1010723e-002
 4.1063294e-002
 4.1113280e-002
 4.1151885e-002
 4.1186709e-002
 4.1216098e-002
 4.1244049e-002
 4.1260041e-002
 4.1272759e-002
 4.1282158e-002
 4.1291852e-002
 4.1301444e-002
 4.1310128e-002
 4.1318983e-002
 4.1328892e-002
 4.1338362e-002
 4.1343518e-002
 4.1346356e-002
 4.1349083e-002
 4.1347139e-002
 4.1340884e-002
 4.1331470e-002
 4.1322090e-002
 4.1314591e-002
 4.1307949e-002
 4.1297477e-002
 4.1280624e-002
 4.1264545e-002
 4.1245617e-002
 4.1223016e-002
 4.1200452e-002
 4.1178852e-002
 4.1156862e-002
 4.1136730e-002
 4.1115701e-002
 4.1092515e-002
 4.1067537e-002
 4.1040409e-002
 4.1006677e-002
 4.0974036e-002
 4.0945541e-002
 4.0917724e-002
 4.0890798e-002
 4.0862966e-002
 4.0835507e-002
 4.0808942e-002
 4.0781207e-002
 4.0753294e-002
 4.0722109e-002
 4.0689811e-002
 4.0656984e-002
 4.0622719e-002
 4.0585067e-002
 4.0548563e-002
 4.0518511e-002
 4.0491905e-002
 4.0458661e-002
 4.0419873e-002
 4.0384233e-002
 4.0348954e-002
 4.0314056e-002
 4.0281467e-002
 4.0245898e-002
 4.0206101e-002
 4.0168010e-002
 4.0134784e-002
 4.0100418e-002
 4.0062599e-002
 4.0026162e-002
 3.9992683e-002
 3.9961796e-002
 3.9933622e-002
 3.9902307e-002
 3.9866496e-002
 3.9831121e-002
 3.9796252e-002
 3.9760441e-002
 3.9726637e-002
 3.9698083e-002
 3.9680205e-002
 3.9657921e-002
 3.9628807e-002
 3.9602935e-002
 3.9578628e-002
 3.9552175e-002
 3.9524816e-002
 3.9497770e-002
 3.9473079e-002
 3.9450984e-002
 3.9435592e-002
 3.9419785e-002
 3.9400622e-002
 3.9380714e-002
 3.9357800e-002
 3.9334990e-002
 3.9321590e-002
 3.9309841e-002
 3.9294615e-002
 3.9279930e-002
 3.9265864e-002
 3.9250080e-002
 3.9225824e-002
 3.9200395e-002
 3.9186675e-002
 3.9177366e-002
 3.9166559e-002
 3.9153572e-002
 3.9135497e-002
 3.9113328e-002
 3.9101262e-002
 3.9095987e-002
 3.9081868e-002
 3.9063361e-002
 3.9046574e-002
 3.9030675e-002
 3.9018709e-002
 3.9007813e-002
 3.8996551e-002
 3.8987111e-002
 3.8979571e-002
 3.8973439e-002
 3.8962550e-002
 3.8946681e-002
 3.8932607e-002
 3.8919747e-002
 3.8909558e-002
 3.8903784e-002
 3.8894419e-002
 3.8877506e-002
 3.8858980e-002
 3.8843051e-002
 3.8828850e-002
 3.8816378e-002
 3.8805690e-002
 3.8793031e-002
 3.8775809e-002
 3.8756829e-002
 3.8736984e-002
 3.8716827e-002
 3.8699463e-002
 3.8679402e-002
 3.8658053e-002
 3.8639653e-002
 3.8618721e-002
 3.8594354e-002
 3.8570683e-002
 3.8544830e-002
 3.8520951e-002
 3.8495984e-002
 3.8467910e-002
 3.8433388e-002
 3.8399231e-002
 3.8380925e-002
 3.8363568e-002
 3.8332596e-002
 3.8298160e-002
 3.8259339e-002
 3.8221393e-002
 3.8188633e-002
 3.8155418e-002
 3.8118958e-002
 3.8084295e-002
 3.8058568e-002
 3.8032133e-002
 3.7999220e-002
 3.7966415e-002
 3.7932098e-002
 3.7894901e-002
 3.7854750e-002
 3.7814721e-002
 3.7780497e-002
 3.7748374e-002
 3.7719507e-002
 3.7691548e-002
 3.7659775e-002
 3.7626565e-002
 3.7603699e-002
 3.7581973e-002
 3.7558258e-002
 3.7535422e-002
 3.7513517e-002
 3.7492219e-002
 3.7471417e-002
 3.7450161e-002
 3.7436109e-002
 3.7423801e-002
 3.7413757e-002
 3.7402295e-002
 3.7388161e-002
 3.7376009e-002
 3.7372027e-002
 3.7368689e-002
 3.7355475e-002
 3.7339758e-002
 3.7331738e-002
 3.7324645e-002
 3.7315186e-002
 3.7307076e-002
 3.7298292e-002
 3.7287857e-002
 3.7283227e-002
 3.7280332e-002
 3.7274282e-002
 3.7268631e-002
 3.7274718e-002
 3.7282992e-002
 3.7294280e-002
 3.7306204e-002
 3.7324835e-002
 3.7345964e-002
 3.7379514e-002
 3.7414283e-002
 3.7449926e-002
 3.7487514e-002
 3.7529912e-002
 3.7571233e-002
 3.7608195e-002
 3.7645284e-002
 3.7682958e-002
 3.7722535e-002
 3.7770681e-002
 3.7818834e-002
 3.7860412e-002
 3.7900325e-002
 3.7938755e-002
 3.7977241e-002
 3.8006652e-002
 3.8035914e-002
 3.8073521e-002
 3.8112771e-002
 3.8143966e-002
 3.8171936e-002
 3.8195357e-002
 3.8217112e-002
 3.8234804e-002
 3.8255744e-002
 3.8288318e-002
 3.8322102e-002
 3.8352296e-002
 3.8381387e-002
 3.8414150e-002
 3.8448386e-002
 3.8483717e-002
 3.8519654e-002
 3.8567543e-002
 3.8618356e-002
 3.8667768e-002
 3.8714908e-002
 3.8758274e-002
 3.8803283e-002
 3.8857188e-002
 3.8911898e-002
 3.8975488e-002
 3.9037257e-002
 3.9081573e-002
 3.9129578e-002
 3.9196245e-002
 3.9262656e-002
 3.9322529e-002
 3.9383110e-002
 3.9443623e-002
 3.9505664e-002
 3.9574295e-002
 3.9638072e-002
 3.9690115e-002
 3.9741524e-002
 3.9787896e-002
 3.9840240e-002
 3.9907303e-002
 3.9969232e-002
 4.0016394e-002
 4.0064152e-002
 4.0110111e-002
 4.0156588e-002
 4.0206995e-002
 4.0249988e-002
 4.0279675e-002
 4.0314440e-002
 4.0358629e-002
 4.0397402e-002
 4.0428691e-002
 4.0455915e-002
 4.0475972e-002
 4.0493842e-002
 4.0506501e-002
 4.0519509e-002
 4.0533945e-002
 4.0535003e-002
 4.0524039e-002
 4.0510148e-002
 4.0491901e-002
 4.0465567e-002
 4.0429037e-002
 4.0396634e-002
 4.0369093e-002
 4.0334616e-002
 4.0298510e-002
 4.0260933e-002
 4.0221449e-002
 4.0203873e-002
 4.0199026e-002
 4.0194400e-002
 4.0188581e-002
 4.0188719e-002
 4.0190253e-002
 4.0201772e-002
 4.0216520e-002
 4.0214259e-002
 4.0209480e-002
 4.0210694e-002
 4.0211685e-002
 4.0218022e-002
 4.0228091e-002
 4.0226009e-002
 4.0218771e-002
 4.0204074e-002
 4.0189069e-002
 4.0177207e-002
 4.0166706e-002
 4.0158834e-002
 4.0148608e-002
 4.0119849e-002
 4.0089551e-002
 4.0064245e-002
 4.0038314e-002
 4.0016245e-002
 3.9995462e-002
 3.9966747e-002
 3.9937373e-002
 3.9903142e-002
 3.9867628e-002
 3.9832756e-002
 3.9800208e-002
 3.9770320e-002
 3.9739098e-002
 3.9707270e-002
 3.9674606e-002
 3.9643813e-002
 3.9621513e-002
 3.9610188e-002
 3.9590836e-002
 3.9566789e-002
 3.9548114e-002
 3.9535683e-002
 3.9518129e-002
 3.9493114e-002
 3.9477717e-002
 3.9468240e-002
 3.9451007e-002
 3.9430607e-002
 3.9414234e-002
 3.9394781e-002
 3.9380558e-002
 3.9373763e-002
 3.9366592e-002
 3.9360013e-002
 3.9349098e-002
 3.9336879e-002
 3.9315816e-002
 3.9291799e-002
 3.9278109e-002
 3.9264809e-002
 3.9250519e-002
 3.9241564e-002
 3.9219815e-002
 3.9192367e-002
 3.9177302e-002
 3.9171804e-002
 3.9160520e-002
 3.9136298e-002
 3.9120719e-002
 3.9126687e-002
 3.9113540e-002
 3.9087534e-002
 3.9074220e-002
 3.9070033e-002
 3.9063316e-002
 3.9051108e-002
 3.9033066e-002
 3.9018769e-002
 3.9010271e-002
 3.8991749e-002
 3.8963780e-002
 3.8933590e-002
 3.8902525e-002
 3.8869549e-002
 3.8836978e-002
 3.8806647e-002
 3.8771518e-002
 3.8742024e-002
 3.8730383e-002
 3.8720425e-002
 3.8696717e-002
 3.8666498e-002
 3.8638722e-002
 3.8611915e-002
 3.8581677e-002
 3.8555041e-002
 3.8524069e-002
 3.8474854e-002
 3.8429428e-002
 3.8412027e-002
 3.8408201e-002
 3.8399450e-002
 3.8387075e-002
 3.8362574e-002
 3.8330268e-002
 3.8305599e-002
 3.8295865e-002
 3.8288511e-002
 3.8276896e-002
 3.8265288e-002
 3.8260508e-002
 3.8257889e-002
 3.8263857e-002
 3.8273487e-002
 3.8270175e-002
 3.8261265e-002
 3.8256560e-002
 3.8263910e-002
 3.8277891e-002
 3.8298246e-002
 3.8323004e-002
 3.8341347e-002
 3.8353294e-002
 3.8366422e-002
 3.8394172e-002
 3.8432870e-002
 3.8487565e-002
 3.8550530e-002
 3.8620640e-002
 3.8693506e-002
 3.8769394e-002
 3.8845237e-002
 3.8921490e-002
 3.9006583e-002
 3.9104763e-002
 3.9228749e-002
 3.9359543e-002
 3.9494429e-002
 3.9634105e-002
 3.9780676e-002
 3.9933164e-002
 4.0102359e-002
 4.0284198e-002
 4.0466286e-002
 4.0652666e-002
 4.0843233e-002
 4.1059855e-002
 4.1289963e-002
 4.1531269e-002
 4.1781854e-002
 4.2038757e-002
 4.2295713e-002
 4.2558249e-002
 4.2834662e-002
 4.3108113e-002
 4.3382592e-002
 4.3664627e-002
 4.3940753e-002
 4.4210583e-002
 4.4465799e-002
 4.4711832e-002
 4.4948503e-002
 4.5166012e-002
 4.5374796e-002
 4.5583591e-002
 4.5792498e-002
 4.5989841e-002
 4.6183370e-002
 4.6361718e-002
 4.6529036e-002
 4.6686389e-002
 4.6825673e-002
 4.6950005e-002
 4.7047425e-002
 4.7134135e-002
 4.7218405e-002
 4.7303058e-002
 4.7369298e-002
 4.7425393e-002
 4.7478404e-002
 4.7526356e-002
 4.7567394e-002
 4.7596850e-002
 4.7618963e-002
 4.7629520e-002
 4.7638189e-002
 4.7645338e-002
 4.7650617e-002
 4.7651768e-002
 4.7651924e-002
 4.7633942e-002
 4.7597229e-002
 4.7559265e-002
 4.7525462e-002
 4.7492635e-002
 4.7459271e-002
 4.7426447e-002
 4.7381442e-002
 4.7329448e-002
 4.7281086e-002
 4.7232199e-002
 4.7180012e-002
 4.7130533e-002
 4.7083203e-002
 4.7036830e-002
 4.6990529e-002
 4.6934288e-002
 4.6876207e-002
 4.6809897e-002
 4.6735577e-002
 4.6664260e-002
 4.6598032e-002
 4.6530582e-002
 4.6460923e-002
 4.6393044e-002
 4.6323583e-002
 4.6254076e-002
 4.6194248e-002
 4.6138186e-002
 4.6075299e-002
 4.6010446e-002
 4.5940831e-002
 4.5867894e-002
 4.5800034e-002
 4.5740094e-002
 4.5683924e-002
 4.5626532e-002
 4.5568511e-002
 4.5501720e-002
 4.5432359e-002
 4.5359720e-002
 4.5285787e-002
 4.5217536e-002
 4.5150518e-002
 4.5084104e-002
 4.5020323e-002
 4.4955660e-002
 4.4891115e-002
 4.4828106e-002
 4.4768564e-002
 4.4709127e-002
 4.4652037e-002
 4.4595066e-002
 4.4541575e-002
 4.4492587e-002
 4.4447564e-002
 4.4408314e-002
 4.4367965e-002
 4.4315968e-002
 4.4258077e-002
 4.4204559e-002
 4.4152636e-002
 4.4105295e-002
 4.4060957e-002
 4.4013273e-002
 4.3961119e-002
 4.3913595e-002
 4.3876804e-002
 4.3845426e-002
 4.3817259e-002
 4.3791153e-002
 4.3765642e-002
 4.3736883e-002
 4.3725587e-002
 4.3722074e-002
 4.3716084e-002
 4.3712039e-002
 4.3700874e-002
 4.3678422e-002
 4.3656629e-002
 4.3645896e-002
 4.3639902e-002
 4.3647323e-002
 4.3659661e-002
 4.3666571e-002
 4.3669663e-002
 4.3689318e-002
 4.3719746e-002
 4.3746371e-002
 4.3770771e-002
 4.3798316e-002
 4.3828581e-002
 4.3859638e-002
 4.3898657e-002
 4.3940350e-002
 4.3977685e-002
 4.4012953e-002
 4.4055633e-002
 4.4102825e-002
 4.4138048e-002
 4.4164192e-002
 4.4201467e-002
 4.4252932e-002
 4.4309095e-002
 4.4367846e-002
 4.4425927e-002
 4.4471681e-002
 4.4511229e-002
 4.4557698e-002
 4.4607401e-002
 4.4662699e-002
 4.4723943e-002
 4.4780809e-002
 4.4832606e-002
 4.4884969e-002
 4.4938698e-002
 4.4991974e-002
 4.5045458e-002
 4.5099612e-002
 4.5150422e-002
 4.5201205e-002
 4.5247547e-002
 4.5289908e-002
 4.5333542e-002
 4.5380693e-002
 4.5415379e-002
 4.5437865e-002
 4.5463961e-002
 4.5496788e-002
 4.5531910e-002
 4.5569692e-002
 4.5607384e-002
 4.5637872e-002
 4.5664344e-002
 4.5703813e-002
 4.5751806e-002
 4.5775842e-002
 4.5786552e-002
 4.5801297e-002
 4.5819599e-002
 4.5837060e-002
 4.5852922e-002
 4.5869179e-002
 4.5886394e-002
 4.5904610e-002
 4.5928027e-002
 4.5954511e-002
 4.5973226e-002
 4.5988612e-002
 4.6004519e-002
 4.6020608e-002
 4.6036106e-002
 4.6050917e-002
 4.6070188e-002
 4.6096064e-002
 4.6114858e-002
 4.6114139e-002
 4.6109449e-002
 4.6121217e-002
 4.6139833e-002
 4.6146851e-002
 4.6151128e-002
 4.6151035e-002
 4.6145864e-002
 4.6149906e-002
 4.6161402e-002
 4.6162501e-002
 4.6152007e-002
 4.6150513e-002
 4.6167817e-002
 4.6184212e-002
 4.6183541e-002
 4.6178389e-002
 4.6179388e-002
 4.6183828e-002
 4.6176352e-002
 4.6163857e-002
 4.6149593e-002
 4.6134904e-002
 4.6124619e-002
 4.6117235e-002
 4.6107072e-002
 4.6092398e-002
 4.6080500e-002
 4.6078615e-002
 4.6076585e-002
 4.6060685e-002
 4.6040498e-002
 4.6028655e-002
 4.6020020e-002
 4.6007879e-002
 4.5994703e-002
 4.5986850e-002
 4.5984596e-002
 4.5973137e-002
 4.5954183e-002
 4.5932837e-002
 4.5908399e-002
 4.5888260e-002
 4.5877658e-002
 4.5871455e-002
 4.5871515e-002
 4.5875147e-002
 4.5875423e-002
 4.5874905e-002
 4.5876794e-002
 4.5880042e-002
 4.5881540e-002
 4.5886818e-002
 4.5879945e-002
 4.5865759e-002
 4.5853097e-002
 4.5838423e-002
 4.5822930e-002
 4.5807749e-002
 4.5798343e-002
 4.5801636e-002
 4.5807976e-002
 4.5812339e-002
 4.5818083e-002
 4.5806702e-002
 4.5789178e-002
 4.5785211e-002
 4.5786493e-002
 4.5786582e-002
 4.5787610e-002
 4.5791201e-002
 4.5796394e-002
 4.5800194e-002
 4.5803394e-002
 4.5805220e-002
 4.5801617e-002
 4.5796514e-002
 4.5794949e-002
 4.5794670e-002
 4.5797050e-002
 4.5801539e-002
 4.5796894e-002
 4.5784488e-002
 4.5793723e-002
 4.5814451e-002
 4.5815744e-002
 4.5807771e-002
 4.5800705e-002
 4.5795709e-002
 4.5794196e-002
 4.5790218e-002
 4.5785613e-002
 4.5785967e-002
 4.5787573e-002
 4.5787364e-002
 4.5786455e-002
 4.5775987e-002
 4.5760553e-002
 4.5763608e-002
 4.5774061e-002
 4.5776412e-002
 4.5775253e-002
 4.5771744e-002
 4.5765415e-002
 4.5757938e-002
 4.5748431e-002
 4.5746483e-002
 4.5751862e-002
 4.5748245e-002
 4.5731727e-002
 4.5714915e-002
 4.5702260e-002
 4.5688432e-002
 4.5679089e-002
 4.5672201e-002
 4.5659043e-002
 4.5640852e-002
 4.5641288e-002
 4.5650430e-002
 4.5644887e-002
 4.5631923e-002
 4.5622867e-002
 4.5615371e-002
 4.5605782e-002
 4.5591574e-002
 4.5569964e-002
 4.5542002e-002
 4.5523103e-002
 4.5515623e-002
 4.5506395e-002
 4.5494273e-002
 4.5486800e-002
 4.5486070e-002
 4.5486234e-002
 4.5488302e-002
 4.5489404e-002
 4.5482326e-002
 4.5472294e-002
 4.5480065e-002
 4.5494847e-002
 4.5504235e-002
 4.5506585e-002
 4.5536030e-002
 4.5583073e-002
 4.5627363e-002
 4.5667987e-002
 4.5712590e-002
 4.5764837e-002
 4.5811202e-002
 4.5848757e-002
 4.5893665e-002
 4.5948286e-002
 4.6006635e-002
 4.6074823e-002
 4.6144824e-002
 4.6207935e-002
 4.6269640e-002
 4.6333306e-002
 4.6398070e-002
 4.6468798e-002
 4.6540406e-002
 4.6618432e-002
 4.6699669e-002
 4.6780072e-002
 4.6867728e-002
 4.6937402e-002
 4.6988294e-002
 4.7040597e-002
 4.7097165e-002
 4.7158677e-002
 4.7224972e-002
 4.7287621e-002
 4.7349274e-002
 4.7420099e-002
 4.7491137e-002
 4.7554743e-002
 4.7616091e-002
 4.7680371e-002
 4.7750827e-002
 4.7824405e-002
 4.7882359e-002
 4.7934350e-002
 4.7972560e-002
 4.8005257e-002
 4.8025873e-002
 4.8041701e-002
 4.8064787e-002
 4.8092682e-002
 4.8102092e-002
 4.8100024e-002
 4.8105109e-002
 4.8115101e-002
 4.8122905e-002
 4.8126396e-002
 4.8133124e-002
 4.8146561e-002
 4.8160981e-002
 4.8166554e-002
 4.8173774e-002
 4.8195720e-002
 4.8219692e-002
 4.8241299e-002
 4.8263393e-002
 4.8289012e-002
 4.8318539e-002
 4.8361417e-002
 4.8411015e-002
 4.8449170e-002
 4.8484985e-002
 4.8504207e-002
 4.8512671e-002
 4.8557822e-002
 4.8621573e-002
 4.8659761e-002
 4.8693508e-002
 4.8722338e-002
 4.8746567e-002
 4.8766568e-002
 4.8781022e-002
 4.8786879e-002
 4.8783608e-002
 4.8780292e-002
 4.8781049e-002
 4.8773769e-002
 4.8760433e-002
 4.8728935e-002
 4.8667077e-002
 4.8610397e-002
 4.8574373e-002
 4.8531480e-002
 4.8477948e-002
 4.8418071e-002
 4.8335694e-002
 4.8256919e-002
 4.8215263e-002
 4.8180722e-002
 4.8159022e-002
 4.8138883e-002
 4.8125569e-002
 4.8119288e-002
 4.8143294e-002
 4.8176803e-002
 4.8178781e-002
 4.8171528e-002
 4.8166763e-002
 4.8164863e-002
 4.8148405e-002
 4.8117504e-002
 4.8096288e-002
 4.8078030e-002
 4.8075948e-002
 4.8087824e-002
 4.8109002e-002
 4.8145182e-002
 4.8174359e-002
 4.8191946e-002
 4.8218537e-002
 4.8245996e-002
 4.8262872e-002
 4.8281521e-002
 4.8298109e-002
 4.8306379e-002
 4.8300035e-002
 4.8255943e-002
 4.8211902e-002
 4.8199955e-002
 4.8189297e-002
 4.8159067e-002
 4.8117798e-002
 4.8078571e-002
 4.8046838e-002
 4.8033696e-002
 4.8024081e-002
 4.7993720e-002
 4.7959018e-002
 4.7965422e-002
 4.7988255e-002
 4.7987681e-002
 4.7976624e-002
 4.7955029e-002
 4.7924679e-002
 4.7932860e-002
 4.7969319e-002
 4.7985028e-002
 4.7987249e-002
 4.7979645e-002
 4.7969956e-002
 4.7950272e-002
 4.7919746e-002
 4.7925308e-002
 4.7946393e-002
 4.7945552e-002
 4.7940485e-002
 4.7936294e-002
 4.7929429e-002
 4.7926642e-002
 4.7927417e-002
 4.7923464e-002
 4.7909193e-002
 4.7896530e-002
 4.7892850e-002
 4.7902685e-002
 4.7927193e-002
 4.7926415e-002
 4.7894474e-002
 4.7854759e-002
 4.7813073e-002
 4.7787800e-002
 4.7775250e-002
 4.7768850e-002
 4.7790676e-002
 4.7815491e-002
 4.7828566e-002
 4.7854315e-002
 4.7889277e-002
 4.7915976e-002
 4.7914248e-002
 4.7903229e-002
 4.7910947e-002
 4.7927383e-002
 4.7936425e-002
 4.7932170e-002
 4.7914077e-002
 4.7890667e-002
 4.7928229e-002
 4.8003010e-002
 4.8028842e-002
 4.8037179e-002
 4.8042376e-002
 4.8043579e-002
 4.8057307e-002
 4.8070062e-002
 4.8058905e-002
 4.8036933e-002
 4.8076097e-002
 4.8153065e-002
 4.8191734e-002
 4.8208315e-002
 4.8219930e-002
 4.8231199e-002
 4.8206206e-002
 4.8156224e-002
 4.8155937e-002
 4.8188694e-002
 4.8242193e-002
 4.8299056e-002
 4.8350051e-002
 4.8405405e-002
 4.8474621e-002
 4.8559900e-002
 4.8642892e-002
 4.8720296e-002
 4.8685428e-002
 4.8575971e-002
 4.8593584e-002
 4.8705120e-002
 4.8771877e-002
 4.8812397e-002
 4.8839454e-002
 4.8847537e-002
 4.8841987e-002
 4.8817355e-002
 4.8808366e-002
 4.8828460e-002
 4.8916250e-002
 4.9036168e-002
 4.9104046e-002
 4.9147736e-002
 4.9148776e-002
 4.9168870e-002
 4.9204074e-002
 4.9216740e-002
 4.9289800e-002
 4.9374551e-002
 4.9316231e-002
 4.9151611e-002
 4.9177129e-002
 4.9342211e-002
 4.9338773e-002
 4.9291138e-002
 4.9358610e-002
 4.9394719e-002
 4.9398158e-002
 4.9511846e-002
 4.9596224e-002
 4.9653072e-002
 4.9516838e-002
 4.9162943e-002
 4.9150959e-002
 4.9447324e-002
 4.9686834e-002
 4.9820382e-002
 4.9860761e-002
 4.9833093e-002
 4.9682323e-002
 4.9538113e-002
 4.9707953e-002
 4.9978305e-002
 5.0098691e-002
 5.0289545e-002
 5.0200336e-002
 4.9952462e-002
 4.9887195e-002
 4.9744774e-002
 4.9807608e-002
 5.0011899e-002
 4.9981408e-002
 4.9920324e-002
 4.9530905e-002
 4.9030859e-002
 4.8933674e-002
 4.8962791e-002
