Error bars for splib07a Record=11318: Uvarovite NMNH106661 Garnet   BECKc AREF
 5.4894626e-001
 1.6339372e-001
 3.3425879e-002
 1.1860222e-002
 5.8172420e-003
 2.9990932e-003
 2.3215720e-003
 2.0539623e-003
 1.5694975e-003
 1.3783475e-003
 1.4143862e-003
 1.5124610e-003
 1.3749923e-003
 1.3453753e-003
 1.1101852e-003
 1.1479264e-003
 1.1938576e-003
 1.2329508e-003
 1.2806982e-003
 1.3153141e-003
 1.3467550e-003
 1.3673363e-003
 1.3863803e-003
 1.3961955e-003
 1.4079927e-003
 1.4103384e-003
 1.4250301e-003
 1.4367584e-003
 1.4184521e-003
 1.4247682e-003
 1.4526317e-003
 1.4575366e-003
 1.2171835e-003
 7.0960086e-004
 1.1213840e-003
 8.9697563e-004
 9.6076040e-004
 8.7425055e-004
 9.1070146e-004
 1.3352614e-003
 1.0942232e-003
 1.1666499e-003
 1.1150206e-003
 1.0331263e-003
 9.6093840e-004
 1.2111969e-003
 1.4701948e-003
 9.5432624e-004
 9.6476782e-004
 1.1410691e-003
 1.1499472e-003
 1.0444605e-003
 1.0266175e-003
 9.7139948e-004
 7.7940378e-004
 9.2360377e-004
 9.3510165e-004
 8.3648181e-004
 1.2739858e-003
 8.2241814e-004
 8.7382272e-004
 8.0970587e-004
 9.2365622e-004
 7.6712825e-004
 9.1546460e-004
 7.9095678e-004
 7.6249015e-004
 8.0467510e-004
 1.0027132e-003
 1.2048393e-003
 1.1233861e-003
 1.2099715e-003
 1.2871629e-003
 1.0874169e-003
 1.5336721e-003
 7.0450013e-004
 1.2772437e-003
 1.2570507e-003
 9.4544911e-004
 1.0625912e-003
 8.6869008e-004
 9.2854805e-004
 7.7172107e-004
 1.2189595e-003
 9.4141171e-004
 7.1756076e-004
 9.6349581e-004
 7.3710235e-004
 9.5096196e-004
 8.0430851e-004
 8.2356634e-004
 9.0092374e-004
 1.0245442e-003
 8.3949283e-004
 1.3096549e-003
 9.0323272e-004
 8.5419830e-004
 6.7663338e-004
 9.0314628e-004
 1.0079737e-003
 9.4352913e-004
 1.3631334e-003
 9.3761191e-004
 9.6897845e-004
 1.0231251e-003
 8.9300558e-004
 7.8045612e-004
 9.1978692e-004
 8.5176539e-004
 1.3491324e-003
 9.6766202e-004
 1.0450457e-003
 9.8480238e-004
 8.5472222e-004
 1.1669255e-003
 9.0963929e-004
 6.9863023e-004
 9.1143983e-004
 8.9680316e-004
 8.2666514e-004
 1.0555349e-003
 1.0121088e-003
 7.9257245e-004
 9.0478436e-004
 8.7006862e-004
 9.3686581e-004
 1.1803675e-003
 8.9544535e-004
 1.1879982e-003
 9.1795833e-004
 9.5892721e-004
 1.0974931e-003
 1.0253589e-003
 1.4016716e-003
 1.1189878e-003
 1.0817988e-003
 1.2456472e-003
 9.6399669e-004
 1.5667053e-003
 1.0903366e-003
 9.4697700e-004
 9.4058044e-004
 7.8772701e-004
 9.8917622e-004
 1.0125674e-003
 1.0547753e-003
 9.6257706e-004
 1.0961195e-003
 9.1435836e-004
 9.4333437e-004
 1.1400206e-003
 1.3143276e-003
 8.7624090e-004
 9.0557797e-004
 1.0084728e-003
 9.6177519e-004
 8.1832107e-004
 9.3774463e-004
 1.0190274e-003
 1.0232568e-003
 1.0095657e-003
 9.7144261e-004
 1.0618047e-003
 8.5197535e-004
 9.9797233e-004
 8.3544158e-004
 9.2162017e-004
 8.6927641e-004
 1.2571443e-003
 1.1322537e-003
 1.0776748e-003
 9.6940866e-004
 1.4440013e-003
 1.1618070e-003
 8.2824286e-004
 6.0678867e-004
 7.2932610e-004
 6.7539129e-004
 9.1901683e-004
 1.1736429e-003
 6.6636747e-004
 1.0687920e-003
 9.3102275e-004
 1.1092180e-003
 1.0618159e-003
 1.4382012e-003
 9.1701630e-004
 1.1044546e-003
 1.1071976e-003
 1.1724064e-003
 1.4698468e-003
 1.1072499e-003
 1.2096607e-003
 1.5405285e-003
 1.4916149e-003
 1.5488819e-003
 1.5262699e-003
 8.5934339e-004
 6.9888990e-004
 1.0698704e-003
 8.6512615e-004
 6.1969162e-004
 9.0299960e-004
 9.0632524e-004
 6.5598829e-004
 7.8884471e-004
 8.7165151e-004
 7.6581392e-004
 8.7896251e-004
 7.7440607e-004
 1.0789245e-003
 8.5902982e-004
 8.1079011e-004
 8.2981901e-004
 8.1462041e-004
 9.7437960e-004
 9.4044133e-004
 1.2410478e-003
 1.1407014e-003
 8.9606061e-004
 6.3815643e-004
 6.9623109e-004
 1.1240599e-003
 1.0375879e-003
 1.0485124e-003
 1.1550989e-003
 8.5222675e-004
 9.3382824e-004
 9.3656551e-004
 1.2443748e-003
 1.0524913e-003
 7.6753297e-004
 8.2015083e-004
 7.8342954e-004
 1.0861356e-003
 9.1761164e-004
 6.6302827e-004
 8.7082211e-004
 6.8765361e-004
 1.1809473e-003
 1.8569736e-003
 1.7039651e-003
 1.7089215e-003
 1.7269718e-003
 1.4557835e-003
 1.2721573e-003
 1.7378149e-003
 1.7163828e-003
 1.7096302e-003
 1.2526849e-003
 1.5892907e-003
 1.2113134e-003
 1.3289161e-003
 1.2180522e-003
 1.0559323e-003
 1.1740234e-003
 1.1722035e-003
 1.2297096e-003
 8.2222163e-004
 8.0590020e-004
 8.9541462e-004
 9.1807434e-004
 1.1583035e-003
 1.0728217e-003
 1.2929603e-003
 1.2092142e-003
 1.1661380e-003
 1.1045479e-003
 1.1387689e-003
 7.9040934e-004
 1.2870417e-003
 1.0614077e-003
 9.8932942e-004
 1.1282897e-003
 1.1382952e-003
 1.2752027e-003
 1.2887695e-003
 8.1897667e-004
 9.5119321e-004
 9.6678152e-004
 1.0106292e-003
 8.4066670e-004
 9.7130757e-004
 9.1761781e-004
 8.3668705e-004
 9.6598582e-004
 9.3327899e-004
 9.3171577e-004
 9.7382686e-004
 6.5045914e-004
 9.3524961e-004
 9.3360111e-004
 1.0356228e-003
 1.0597830e-003
 1.1020517e-003
 1.0910343e-003
 1.1673915e-003
 9.9543750e-004
 1.0149904e-003
 1.0864263e-003
 8.5025548e-004
 8.3854725e-004
 8.4994076e-004
 1.1584230e-003
 1.1437478e-003
 1.1497702e-003
 7.5999351e-004
 9.7411033e-004
 8.6086988e-004
 5.5183080e-004
 9.8481006e-004
 9.0350967e-004
 8.9643226e-004
 7.7623315e-004
 7.0563186e-004
 8.1880763e-004
 5.5123155e-004
 9.3812682e-004
 8.3444506e-004
 7.5561221e-004
 1.0899308e-003
 9.0802915e-004
 1.1035656e-003
 8.1440317e-004
 7.4492377e-004
 9.5943332e-004
 8.0493395e-004
 1.1396314e-003
 1.0480385e-003
 9.2340779e-004
 1.2574722e-003
 1.1259437e-003
 1.2652847e-003
 1.2607926e-003
 1.7182280e-003
 1.1368965e-003
 8.9652697e-004
 1.1589195e-003
 1.3057181e-003
 1.3412806e-003
 1.1652678e-003
 9.3677110e-004
 1.5193383e-003
 1.2605109e-003
 9.4383885e-004
 1.2224744e-003
 1.3254156e-003
 1.2066670e-003
 1.2209056e-003
 1.1192695e-003
 1.4331909e-003
 1.0688528e-003
 1.1343027e-003
 1.4643880e-003
 8.4806298e-004
 1.1885213e-003
 1.4159115e-003
 1.3779454e-003
 1.1838616e-003
 1.0490017e-003
 1.6262189e-003
 1.3450049e-003
 1.2088998e-003
 1.2410608e-003
 9.5638429e-004
 1.1576158e-003
 1.1226480e-003
 1.0873118e-003
 9.0980856e-004
 9.9428825e-004
 7.7075989e-004
 1.0045087e-003
 8.8991481e-004
 8.6002506e-004
 8.2002528e-004
 9.7768707e-004
 6.9087627e-004
 9.5842523e-004
 9.4628625e-004
 1.0822737e-003
 1.0501423e-003
 1.1334784e-003
 1.3996650e-003
 1.4565975e-003
 1.0892060e-003
 7.6106127e-004
 1.5588001e-003
 1.3336958e-003
 1.4058803e-003
 1.4049450e-003
 9.8320970e-004
 1.1606878e-003
 1.6433033e-003
 1.5769533e-003
 1.7586803e-003
 1.7399432e-003
 1.4894826e-003
 1.2949412e-003
 1.6116522e-003
 1.6259667e-003
 8.8896288e-004
 9.4203890e-004
 1.2929603e-003
 1.1949375e-003
 1.6656223e-003
 1.3987493e-003
 9.8140235e-004
 1.2262950e-003
 1.4404460e-003
 1.3012330e-003
 8.7210379e-004
 1.4459514e-003
 1.3507660e-003
 1.0834432e-003
 1.2134343e-003
 1.0477884e-003
 1.3117667e-003
 1.5032680e-003
 1.5983920e-003
 1.3970643e-003
 1.5399510e-003
 1.3026791e-003
 1.7254553e-003
 1.2303449e-003
 1.5145736e-003
 1.2931033e-003
 1.6888680e-003
 1.7301787e-003
 1.5531220e-003
 1.6871637e-003
 1.6108254e-003
 1.7416193e-003
 1.7147174e-003
 1.7381401e-003
 1.7137567e-003
 1.6191477e-003
 1.6779561e-003
 1.4250963e-003
 1.3559071e-003
 1.6950020e-003
 1.7657534e-003
 1.7380690e-003
 1.7679563e-003
 1.7582750e-003
 1.7550037e-003
 1.7596676e-003
 1.7576586e-003
 1.7555926e-003
 1.9796777e-003
 2.4660048e-003
 3.6814534e-003
 2.8601333e-003
 2.1158967e-003
 1.7630331e-003
 1.7252163e-003
 1.7309785e-003
 1.7011079e-003
 1.7243410e-003
 1.7487708e-003
 1.7253449e-003
 9.9554379e-004
 9.1302866e-004
 1.1650643e-003
 1.4183980e-003
 1.6109730e-003
 1.3873003e-003
 1.6515745e-003
 1.6116950e-003
 1.5816326e-003
 1.8519977e-003
 3.4151399e-003
 6.0472675e-003
 8.2702069e-003
 6.6650906e-003
 6.8017407e-003
 5.8857114e-003
 5.7872748e-003
 6.4463830e-003
 7.0416313e-003
 9.4382633e-003
