Error bars for splib07a Record=9658: Scolecite GDS7 Zeolite        BECKb AREF
 4.2462494e-002
 7.3935729e-003
 2.4133767e-003
 1.3574677e-003
 1.2479291e-003
 1.1810650e-003
 1.1235662e-003
 1.1162719e-003
 1.1081523e-003
 1.1223587e-003
 1.1420393e-003
 1.1753988e-003
 1.1807948e-003
 1.2442950e-003
 1.2756527e-003
 1.3356308e-003
 1.4044109e-003
 1.4501371e-003
 1.5297105e-003
 1.5705763e-003
 1.6148690e-003
 1.4983130e-003
 1.6880113e-003
 1.6987699e-003
 1.6931799e-003
 1.4981116e-003
 1.7055098e-003
 1.6386628e-003
 1.5804649e-003
 1.7395035e-003
 1.6907159e-003
 1.5961605e-003
 1.7217189e-003
 1.7015950e-003
 1.6622685e-003
 1.2242016e-003
 1.4606769e-003
 1.7363272e-003
 1.7012223e-003
 1.6579037e-003
 1.7316701e-003
 1.7459221e-003
 1.7427535e-003
 1.7310958e-003
 1.7438688e-003
 1.7410100e-003
 1.1618099e-003
 1.5063164e-003
 1.6960464e-003
 1.7290601e-003
 1.7062064e-003
 1.6388830e-003
 1.7410581e-003
 1.5311027e-003
 8.5314730e-004
 1.7633996e-003
 1.6961155e-003
 1.7352868e-003
 1.2335989e-003
 1.0484705e-003
 1.3086756e-003
 1.0460464e-003
 1.7147408e-003
 9.3483186e-004
 1.3470859e-003
 1.5660618e-003
 1.5066066e-003
 1.4140754e-003
 1.2014919e-003
 1.8196952e-003
 1.8131870e-003
 1.7844178e-003
 1.7385422e-003
 1.7253578e-003
 1.4044298e-003
 1.5712846e-003
 1.7869190e-003
 1.7999817e-003
 1.8001875e-003
 1.7296867e-003
 1.8026225e-003
 1.8158546e-003
 1.7205261e-003
 1.7523706e-003
 1.8217082e-003
 1.5801904e-003
 1.6162936e-003
 1.2708314e-003
 1.7463533e-003
 1.4890223e-003
 1.1290674e-003
 1.5289070e-003
 1.7187400e-003
 1.8256720e-003
 1.7680136e-003
 1.4406921e-003
 1.2325686e-003
 1.8011602e-003
 1.8321908e-003
 1.8301611e-003
 1.5194686e-003
 1.8349109e-003
 1.8291019e-003
 1.7832082e-003
 1.7951619e-003
 1.7793169e-003
 1.8196608e-003
 1.8045442e-003
 1.7664921e-003
 1.7762124e-003
 1.8483641e-003
 1.8663150e-003
 1.5594392e-003
 1.8433699e-003
 1.8056475e-003
 1.8317535e-003
 1.7134519e-003
 1.3187134e-003
 1.3488792e-003
 1.7295537e-003
 1.8033060e-003
 1.8291929e-003
 1.4643205e-003
 1.1590142e-003
 1.7908034e-003
 1.5864263e-003
 1.7407108e-003
 1.2418791e-003
 1.7331133e-003
 1.8400024e-003
 1.6240363e-003
 1.8150127e-003
 1.8723176e-003
 1.8406215e-003
 1.8768251e-003
 1.8802863e-003
 1.8715799e-003
 1.8619150e-003
 1.8530648e-003
 1.7279965e-003
 1.7892176e-003
 1.1848984e-003
 1.7534634e-003
 1.5677036e-003
 1.8508922e-003
 1.8640357e-003
 1.7912923e-003
 1.8575558e-003
 1.8353483e-003
 1.5373968e-003
 1.3428605e-003
 1.6283244e-003
 1.7539042e-003
 1.8698236e-003
 1.3751661e-003
 1.7517707e-003
 1.5323957e-003
 1.6933717e-003
 1.3946176e-003
 1.8284468e-003
 1.8075304e-003
 1.4438713e-003
 1.6226412e-003
 1.5150467e-003
 1.0432280e-003
 1.7203750e-003
 1.8155392e-003
 1.4293934e-003
 1.7422262e-003
 1.8719782e-003
 1.6050045e-003
 1.8088017e-003
 1.7507016e-003
 1.6293841e-003
 1.7905784e-003
 1.8216063e-003
 1.3923675e-003
 1.7959159e-003
 1.8327273e-003
 1.8212909e-003
 1.8391655e-003
 1.5878219e-003
 1.7793673e-003
 1.7205531e-003
 1.8442108e-003
 1.8427355e-003
 1.8085032e-003
 1.8681805e-003
 1.8476418e-003
 1.2843509e-003
 1.3350443e-003
 1.2976706e-003
 1.8569987e-003
 1.5537136e-003
 1.8054227e-003
 1.8847206e-003
 1.9041288e-003
 1.8839474e-003
 1.8767827e-003
 1.8287726e-003
 1.8557976e-003
 1.8414597e-003
 1.6753337e-003
 1.2432500e-003
 1.7533686e-003
 1.6881606e-003
 1.2915452e-003
 1.2452140e-003
 1.2824265e-003
 1.7706476e-003
 1.5866752e-003
 1.6503655e-003
 1.8170306e-003
 1.9114001e-003
 1.4157173e-003
 1.5055926e-003
 1.9098606e-003
 1.7987366e-003
 1.9180072e-003
 1.8436521e-003
 1.6437321e-003
 1.0130809e-003
 1.5890424e-003
 1.6000653e-003
 1.3474079e-003
 1.8273987e-003
 1.9337628e-003
 1.6746338e-003
 1.8565174e-003
 1.8349494e-003
 1.7754706e-003
 1.9420809e-003
 1.8592487e-003
 1.5842544e-003
 1.0440131e-003
 1.4347332e-003
 1.7695846e-003
 1.7263535e-003
 1.9027886e-003
 1.6214505e-003
 2.3993973e-003
 2.0579249e-003
 1.9831911e-003
 2.0461627e-003
 2.0332865e-003
 1.7500594e-003
 1.5547760e-003
 1.8830909e-003
 2.0290366e-003
 1.6829893e-003
 1.6046648e-003
 1.9628187e-003
 1.9799571e-003
 1.6788263e-003
 1.9339254e-003
 1.9093400e-003
 1.2955455e-003
 1.4835241e-003
 1.2336447e-003
 1.4848523e-003
 1.5105231e-003
 1.3352605e-003
 1.9808437e-003
 1.7743786e-003
 2.0625130e-003
 1.6436890e-003
 1.8796121e-003
 1.5607752e-003
 1.4385206e-003
 1.8496884e-003
 1.1452135e-003
 1.5295987e-003
 1.4269818e-003
 1.7016168e-003
 1.5520920e-003
 1.2547453e-003
 1.4178714e-003
 1.6544750e-003
 1.5396078e-003
 1.6643232e-003
 1.0427628e-003
 1.1158057e-003
 1.4742701e-003
 1.2962976e-003
 1.5783636e-003
 1.1834261e-003
 1.5169799e-003
 1.4271536e-003
 1.1421660e-003
 1.4743486e-003
 1.8811387e-003
 1.3394068e-003
 1.5670625e-003
 1.9677950e-003
 1.6835054e-003
 1.7236583e-003
 1.4127311e-003
 1.4041116e-003
 1.6294820e-003
 1.1141928e-003
 1.2495507e-003
 1.0281261e-003
 1.4547021e-003
 1.3119497e-003
 1.1313079e-003
 1.2396591e-003
 1.4500758e-003
 1.2893460e-003
 9.3881122e-004
 1.2543828e-003
 8.8062731e-004
 1.2139269e-003
 1.3135362e-003
 1.0735090e-003
 1.3202343e-003
 1.4564754e-003
 1.2113273e-003
 1.1838794e-003
 9.7862491e-004
 1.5277073e-003
 1.4157181e-003
 1.4830057e-003
 1.3441192e-003
 1.2395908e-003
 1.4627489e-003
 1.3773380e-003
 1.2783898e-003
 1.2501089e-003
 1.5302426e-003
 1.9520695e-003
 1.9866202e-003
 1.5991930e-003
 1.7613096e-003
 1.9227898e-003
 1.8013545e-003
 1.8672877e-003
 1.8349460e-003
 1.8576555e-003
 1.0605360e-003
 1.4693547e-003
 1.7090928e-003
 1.8142083e-003
 1.5116743e-003
 1.7428483e-003
 1.4506965e-003
 1.7685486e-003
 1.8674216e-003
 1.7795119e-003
 1.8746656e-003
 1.5988338e-003
 1.1195524e-003
 1.5758169e-003
 1.1796234e-003
 1.2218871e-003
 1.4462385e-003
 1.9080732e-003
 1.8977276e-003
 1.8904750e-003
 1.5804197e-003
 1.8989325e-003
 1.8093188e-003
 1.8935747e-003
 1.9126504e-003
 1.7619013e-003
 1.2663421e-003
 1.8077354e-003
 1.2010238e-003
 1.2056638e-003
 1.1532321e-003
 1.2470046e-003
 8.6037786e-004
 9.9181780e-004
 1.2580764e-003
 1.4659609e-003
 1.1123909e-003
 1.0469231e-003
 9.3695940e-004
 1.5238965e-003
 1.6499462e-003
 1.3057524e-003
 1.3590460e-003
 1.8692933e-003
 1.7516682e-003
 1.7246342e-003
 1.8478204e-003
 1.8637567e-003
 1.9007751e-003
 1.9741037e-003
 1.9746337e-003
 1.9966152e-003
 1.6232212e-003
 1.9333756e-003
 2.0045592e-003
 1.9597290e-003
 1.9685426e-003
 1.9404455e-003
 1.5546642e-003
 1.9745464e-003
 1.9395665e-003
 1.8538798e-003
 1.4220742e-003
 1.6164666e-003
 1.0106206e-003
 1.5170267e-003
 1.7617217e-003
 1.7142174e-003
 1.8039616e-003
 1.8897012e-003
 1.8860307e-003
 1.6627975e-003
 1.6166436e-003
 1.0337385e-003
 1.6595277e-003
 1.3139414e-003
 1.7959159e-003
 1.5345430e-003
 1.4254253e-003
 1.8089144e-003
 1.5070819e-003
 1.7918954e-003
 1.5379767e-003
 1.8219006e-003
 1.6400428e-003
 1.5550440e-003
 1.3821197e-003
 1.6539263e-003
 1.8709282e-003
 1.8636211e-003
 1.7102275e-003
 1.8546589e-003
 1.8215303e-003
 1.8780801e-003
 1.9017874e-003
 1.8403117e-003
 1.8583379e-003
 1.8568212e-003
 1.8812927e-003
 1.6289540e-003
 1.8763387e-003
 1.9280915e-003
 1.8812511e-003
 1.9323193e-003
 1.9240082e-003
 1.9429381e-003
 1.9414976e-003
 1.9499180e-003
 1.9503238e-003
 1.9861637e-003
 2.3867355e-003
 3.3318324e-003
 4.2332625e-003
 4.1399803e-003
 2.3622469e-003
 1.9145884e-003
 1.8695386e-003
 1.5932367e-003
 1.8767754e-003
 1.8704485e-003
 1.8402109e-003
 1.8101308e-003
 1.7611750e-003
 1.7680821e-003
 1.1334852e-003
 1.7937651e-003
 1.6357501e-003
 1.3158243e-003
 1.7339943e-003
 1.6938159e-003
 1.6747505e-003
 1.9305387e-003
 4.5654532e-003
 8.7586390e-003
 9.8776352e-003
 8.5810907e-003
 6.8828235e-003
 6.1044297e-003
 5.8924728e-003
 6.4631831e-003
 7.8022983e-003
 9.9213524e-003
