Error bars for splib07a Record=8010: Olivine GDS70.a Fo89 165um    BECKb AREF
 9.0780519e-002
 1.8819720e-002
 5.4162089e-003
 2.9277180e-003
 2.0564699e-003
 1.6340733e-003
 1.5315558e-003
 1.4657050e-003
 1.4395501e-003
 1.4285027e-003
 1.4373744e-003
 1.4622301e-003
 1.4859661e-003
 1.5079608e-003
 1.5528096e-003
 1.6014269e-003
 1.6476676e-003
 1.6931861e-003
 1.7412319e-003
 1.7802101e-003
 1.8127930e-003
 1.8243116e-003
 1.8342230e-003
 1.8398771e-003
 1.8597849e-003
 1.8494771e-003
 1.8595731e-003
 1.8547705e-003
 1.8536884e-003
 1.8313051e-003
 1.8574432e-003
 1.0703520e-003
 6.9847971e-004
 6.4082874e-004
 7.5465883e-004
 1.1302204e-003
 7.3350646e-004
 7.3706906e-004
 9.5811911e-004
 8.7988912e-004
 9.9183258e-004
 1.1444032e-003
 9.5845829e-004
 1.0702637e-003
 1.0361942e-003
 9.0552634e-004
 7.1274547e-004
 4.8985548e-004
 6.7225791e-004
 6.3521211e-004
 7.7954592e-004
 8.1337267e-004
 7.2307629e-004
 6.8807323e-004
 7.5857760e-004
 1.4914294e-003
 9.5337600e-004
 4.9970817e-004
 1.6519995e-003
 6.0052995e-004
 6.8793102e-004
 4.6046762e-004
 5.9892703e-004
 6.8591320e-004
 6.5488886e-004
 7.9700380e-004
 6.4466579e-004
 9.0100907e-004
 9.6237677e-004
 1.7680497e-003
 1.0109761e-003
 7.8705442e-004
 9.5120526e-004
 1.0359036e-003
 1.1916073e-003
 1.0293776e-003
 7.3442014e-004
 8.7408931e-004
 1.7267431e-003
 1.2557857e-003
 1.0004729e-003
 1.1541808e-003
 1.2232589e-003
 7.6275598e-004
 8.0977927e-004
 8.5815293e-004
 1.1957781e-003
 8.4449683e-004
 1.7450609e-003
 1.1787927e-003
 9.3380112e-004
 8.3781639e-004
 9.5569680e-004
 9.3502837e-004
 9.1780338e-004
 9.9208660e-004
 9.8402018e-004
 7.9251966e-004
 8.5779332e-004
 1.0836818e-003
 1.2076513e-003
 1.1655235e-003
 9.6984691e-004
 7.9260819e-004
 1.2918109e-003
 9.5515518e-004
 8.7542349e-004
 8.1732380e-004
 1.1532428e-003
 4.5617236e-004
 8.8286342e-004
 8.3219662e-004
 1.2936108e-003
 1.3053798e-003
 6.0875254e-004
 8.1621797e-004
 9.1347238e-004
 9.4600342e-004
 7.9785316e-004
 9.6743979e-004
 9.3594007e-004
 8.5328327e-004
 1.1562547e-003
 8.9031603e-004
 8.6567266e-004
 5.7564629e-004
 8.5171394e-004
 1.0929374e-003
 7.5769721e-004
 7.8681327e-004
 1.0327346e-003
 1.0775083e-003
 1.1789778e-003
 1.3556046e-003
 9.6936582e-004
 1.0640565e-003
 1.0421689e-003
 9.0789329e-004
 1.2642267e-003
 1.2852947e-003
 1.1266147e-003
 9.8773371e-004
 1.0728462e-003
 9.4822492e-004
 1.7456277e-003
 1.0620533e-003
 1.0294530e-003
 9.8054379e-004
 1.0578317e-003
 8.6240412e-004
 9.3177415e-004
 6.4351677e-004
 6.7104999e-004
 8.0960017e-004
 7.6059462e-004
 7.5487589e-004
 1.2922549e-003
 9.8012690e-004
 9.4986899e-004
 1.1378952e-003
 1.3769265e-003
 8.9450850e-004
 7.8616571e-004
 9.2293078e-004
 8.6656213e-004
 1.2393950e-003
 6.9946441e-004
 1.1081323e-003
 8.8849699e-004
 1.4515844e-003
 1.1146717e-003
 1.5610403e-003
 8.8328659e-004
 8.5800723e-004
 1.1484172e-003
 1.0846984e-003
 1.5291834e-003
 1.4210916e-003
 1.3513220e-003
 1.4392642e-003
 1.6013265e-003
 1.0844441e-003
 1.1094880e-003
 1.0346749e-003
 9.4832567e-004
 1.2332823e-003
 1.0501053e-003
 1.3652118e-003
 1.2210571e-003
 8.5349591e-004
 9.4553642e-004
 1.1716954e-003
 1.3303794e-003
 9.3211955e-004
 1.1364175e-003
 1.1963882e-003
 1.3776318e-003
 1.1078530e-003
 8.7792159e-004
 1.3347983e-003
 1.0831143e-003
 1.0377694e-003
 1.4518918e-003
 1.3612435e-003
 1.4151494e-003
 1.1819566e-003
 1.6720480e-003
 1.3986559e-003
 1.5027552e-003
 1.3439266e-003
 1.3683368e-003
 1.3326167e-003
 1.7618680e-003
 1.7553919e-003
 1.7876441e-003
 1.7891162e-003
 2.7925475e-003
 2.5880001e-003
 7.3282298e-004
 7.5379945e-004
 9.2833565e-004
 1.7485439e-003
 5.8967056e-004
 8.0326915e-004
 8.9267304e-004
 9.0774067e-004
 7.7997288e-004
 1.0300630e-003
 9.2250953e-004
 7.4859284e-004
 1.6234845e-003
 7.9897902e-004
 7.7670009e-004
 1.7336670e-003
 7.1286492e-004
 1.0411264e-003
 6.7526061e-004
 9.1351417e-004
 7.3943392e-004
 1.4540001e-003
 1.8514387e-003
 1.4817130e-003
 1.4636900e-003
 1.0413104e-003
 1.1804816e-003
 9.8172878e-004
 7.9400162e-004
 9.1474690e-004
 1.1264961e-003
 9.0116588e-004
 1.1099667e-003
 7.9777557e-004
 7.2539825e-004
 8.2112383e-004
 1.0238431e-003
 8.0490881e-004
 7.4237364e-004
 8.0950186e-004
 9.7783341e-004
 7.5709872e-004
 5.5975863e-004
 6.1546615e-004
 1.0127296e-003
 9.2581508e-004
 1.1221779e-003
 1.0035443e-003
 7.5860485e-004
 6.9741230e-004
 7.0307800e-004
 1.0031362e-003
 9.1947988e-004
 6.0539279e-004
 6.8655680e-004
 7.9489924e-004
 7.2048174e-004
 1.0025518e-003
 7.6054956e-004
 7.1183569e-004
 8.6738594e-004
 7.2655309e-004
 8.0893235e-004
 7.0727716e-004
 9.8947738e-004
 7.6880079e-004
 7.9469959e-004
 1.0585899e-003
 8.7362685e-004
 8.2505163e-004
 7.4856926e-004
 8.4279460e-004
 7.1279920e-004
 1.1510992e-003
 1.7542647e-003
 8.6634461e-004
 8.3283166e-004
 1.0284144e-003
 7.6321961e-004
 8.7941979e-004
 1.0322346e-003
 7.7267166e-004
 9.3395007e-004
 6.3543400e-004
 6.6861819e-004
 8.3299947e-004
 8.4118819e-004
 6.5954699e-004
 6.4893620e-004
 5.4959295e-004
 9.2057092e-004
 7.7082345e-004
 1.0369549e-003
 7.4753060e-004
 7.5263937e-004
 7.4534706e-004
 7.8444579e-004
 6.4579467e-004
 6.4137310e-004
 7.6875230e-004
 6.1941351e-004
 7.3056191e-004
 7.1651739e-004
 7.4210664e-004
 7.4155000e-004
 7.5810170e-004
 5.7174370e-004
 6.1540882e-004
 8.7266247e-004
 7.7289453e-004
 7.7006355e-004
 7.5724314e-004
 1.4912792e-003
 9.3696965e-004
 9.1924187e-004
 1.0456349e-003
 1.0372759e-003
 1.0086953e-003
 9.0804521e-004
 9.9650887e-004
 9.3968102e-004
 7.8608899e-004
 7.3467148e-004
 9.9613541e-004
 7.8789907e-004
 6.4551481e-004
 9.0571668e-004
 8.4592996e-004
 9.5946528e-004
 1.0320190e-003
 8.8408065e-004
 8.9857104e-004
 1.1823493e-003
 9.4532920e-004
 8.4801600e-004
 1.0259233e-003
 1.0518659e-003
 7.2578009e-004
 8.8129455e-004
 1.2269862e-003
 8.5671403e-004
 1.1601290e-003
 1.1259026e-003
 7.9266465e-004
 9.2814473e-004
 1.0087189e-003
 1.6687039e-003
 8.1047427e-004
 8.8454981e-004
 9.6311129e-004
 9.5899811e-004
 8.7358040e-004
 6.9802348e-004
 8.6800143e-004
 9.0971217e-004
 7.7183923e-004
 1.0162516e-003
 7.1398204e-004
 8.1622793e-004
 7.8074500e-004
 1.7769111e-003
 1.1028736e-003
 1.0311771e-003
 9.8450831e-004
 1.0948811e-003
 9.5862965e-004
 8.8503689e-004
 1.0122493e-003
 1.2396128e-003
 1.9175056e-003
 1.3322324e-003
 1.1392825e-003
 1.1303177e-003
 8.8575023e-004
 1.4408584e-003
 1.8161065e-003
 1.6095706e-003
 1.3456764e-003
 1.2833138e-003
 1.4785014e-003
 1.1857568e-003
 1.2512601e-003
 1.4818046e-003
 1.0000459e-003
 9.6701115e-004
 1.0142826e-003
 8.5257023e-004
 1.2169699e-003
 1.3208466e-003
 1.2249126e-003
 9.8355359e-004
 1.1930773e-003
 1.2862280e-003
 1.2289530e-003
 1.5737271e-003
 1.2396344e-003
 1.3621586e-003
 1.2811839e-003
 1.2936573e-003
 1.5085965e-003
 1.4151514e-003
 1.3665073e-003
 1.1868164e-003
 1.5753234e-003
 1.3018518e-003
 1.3043785e-003
 1.8982374e-003
 1.5780121e-003
 1.9603872e-003
 1.9336796e-003
 1.9628936e-003
 1.8483748e-003
 1.6528518e-003
 1.7790030e-003
 1.9441569e-003
 1.9172530e-003
 1.9852612e-003
 1.8722127e-003
 1.6695757e-003
 1.5968040e-003
 1.3322859e-003
 1.8431138e-003
 1.9842400e-003
 1.9788821e-003
 2.0106609e-003
 1.9969917e-003
 1.9974555e-003
 2.0084106e-003
 2.0141341e-003
 2.0160668e-003
 2.0120700e-003
 2.0187697e-003
 2.4690770e-003
 2.3127990e-003
 2.0158060e-003
 1.9954150e-003
 1.9796358e-003
 1.5575364e-003
 1.9635272e-003
 1.8985629e-003
 1.9810775e-003
 1.3623269e-003
 1.1942632e-003
 1.0241955e-003
 1.4333859e-003
 1.1047949e-003
 1.1975595e-003
 1.0921649e-003
 1.5411028e-003
 1.9020588e-003
 1.8884256e-003
 1.8514962e-003
 2.6973647e-003
-1.2300000e+034
-1.2300000e+034
-1.2300000e+034
-1.2300000e+034
-1.2300000e+034
-1.2300000e+034
-1.2300000e+034
-1.2300000e+034
-1.2300000e+034
