Error bars for splib07a Record=7285: Montmorillonite SCa-2.a       BECKb AREF
 4.5996945e-002
 6.9123721e-003
 2.1519426e-003
 1.3011009e-003
 1.1917519e-003
 1.1371247e-003
 1.0788970e-003
 1.0568667e-003
 1.0417334e-003
 1.0454950e-003
 1.0594234e-003
 1.0771657e-003
 1.1058553e-003
 1.1106367e-003
 1.1690306e-003
 1.1900060e-003
 1.2715064e-003
 1.3191452e-003
 1.3609655e-003
 1.4032655e-003
 1.4075296e-003
 1.4478178e-003
 1.4912251e-003
 1.4819026e-003
 1.5101915e-003
 1.4733167e-003
 1.5227654e-003
 1.4847037e-003
 1.4608791e-003
 1.4897861e-003
 1.5393869e-003
 1.4409336e-003
 1.4832894e-003
 1.5272751e-003
 1.4913871e-003
 1.0654255e-003
 1.5278164e-003
 1.5127399e-003
 8.4030238e-004
 1.4906542e-003
 1.5261918e-003
 1.4959548e-003
 1.5179967e-003
 1.2793927e-003
 1.1233360e-003
 1.5302928e-003
 1.5194626e-003
 1.2930434e-003
 1.4034169e-003
 1.3002482e-003
 1.2721063e-003
 1.5069906e-003
 1.4588316e-003
 1.5551368e-003
 1.0328903e-003
 1.5610981e-003
 1.5576810e-003
 1.0517963e-003
 1.5195959e-003
 1.1373711e-003
 1.0371690e-003
 1.5217997e-003
 1.5083187e-003
 1.5634233e-003
 1.3328384e-003
 1.1057613e-003
 1.2493061e-003
 8.5451192e-004
 1.1287784e-003
 1.4258806e-003
 1.5977588e-003
 1.5875041e-003
 1.5391301e-003
 1.5433183e-003
 1.2149621e-003
 1.3572474e-003
 1.5555215e-003
 1.5428714e-003
 1.6047982e-003
 1.6048517e-003
 1.3209285e-003
 1.0358547e-003
 1.6038305e-003
 1.0644762e-003
 1.1329991e-003
 1.6175566e-003
 1.1427307e-003
 1.3165437e-003
 1.0811285e-003
 1.4319178e-003
 1.1693685e-003
 1.5814293e-003
 1.5924202e-003
 1.6266103e-003
 1.1930803e-003
 1.6283276e-003
 1.5667374e-003
 1.0661238e-003
 1.6263091e-003
 1.5864247e-003
 1.5945799e-003
 1.5338052e-003
 1.4367512e-003
 1.2892877e-003
 9.4673090e-004
 8.4755599e-004
 1.6279210e-003
 1.5719120e-003
 1.3226547e-003
 1.5993873e-003
 1.5289860e-003
 1.6295282e-003
 1.5425407e-003
 1.6216526e-003
 1.1704472e-003
 1.6346248e-003
 1.5371334e-003
 1.5534442e-003
 7.3821825e-004
 1.0215581e-003
 1.5774510e-003
 1.6445665e-003
 1.2244981e-003
 1.4877755e-003
 1.3609746e-003
 9.2237716e-004
 1.5765419e-003
 1.3208537e-003
 8.0338458e-004
 1.4648576e-003
 1.3337141e-003
 1.2316593e-003
 1.6398703e-003
 1.6399382e-003
 1.6605417e-003
 1.2712860e-003
 1.1931015e-003
 1.6368125e-003
 1.6299707e-003
 1.6330070e-003
 1.2451792e-003
 1.4891007e-003
 1.6114708e-003
 1.6010283e-003
 1.6364501e-003
 1.6067040e-003
 1.1841942e-003
 1.3848894e-003
 1.6485475e-003
 1.2937306e-003
 1.1518227e-003
 1.1882620e-003
 1.6391845e-003
 1.2639274e-003
 1.4324409e-003
 1.5685707e-003
 1.3795366e-003
 1.4054211e-003
 9.0823683e-004
 1.1852358e-003
 1.1829971e-003
 1.6452455e-003
 1.6542083e-003
 1.1049190e-003
 1.0301596e-003
 1.1042958e-003
 1.3580371e-003
 1.5595721e-003
 1.5821202e-003
 1.6382589e-003
 1.6421777e-003
 1.2192355e-003
 1.1603246e-003
 9.9900283e-004
 1.5243771e-003
 9.5919368e-004
 1.2879679e-003
 9.2461740e-004
 1.3609045e-003
 8.4838306e-004
 1.4559200e-003
 1.6560463e-003
 1.6529447e-003
 1.6483938e-003
 1.0387157e-003
 1.2864736e-003
 1.6422762e-003
 1.5760870e-003
 1.6742058e-003
 1.6676905e-003
 1.6598614e-003
 1.5217874e-003
 1.6663283e-003
 1.6473251e-003
 1.5774145e-003
 1.2583956e-003
 1.6265168e-003
 1.6559659e-003
 1.2699179e-003
 1.3600825e-003
 1.3101891e-003
 1.3341088e-003
 1.0685131e-003
 9.4899698e-004
 8.8732498e-004
 1.2259376e-003
 1.5035787e-003
 1.5272886e-003
 8.2309806e-004
 1.3613054e-003
 1.1674105e-003
 1.2654477e-003
 1.4840614e-003
 1.4309263e-003
 1.6073408e-003
 1.4086574e-003
 1.2277793e-003
 1.6613075e-003
 1.3680019e-003
 1.1041859e-003
 1.6716101e-003
 1.0327278e-003
 1.4975994e-003
 1.0187234e-003
 8.8052242e-004
 1.1010329e-003
 1.7490791e-003
 1.6997653e-003
 1.4148180e-003
 8.0450089e-004
 1.4568332e-003
 1.3521600e-003
 1.0844809e-003
 9.5712929e-004
 1.6836514e-003
 1.7259656e-003
 8.0795854e-004
 8.7649503e-004
 1.4851210e-003
 1.1124368e-003
 2.1114964e-003
 1.8424226e-003
 1.8320663e-003
 1.8688481e-003
 1.8568052e-003
 1.6607406e-003
 1.6512702e-003
 1.8028095e-003
 1.6806483e-003
 1.0608177e-003
 1.4327253e-003
 1.7684873e-003
 1.8373249e-003
 1.8558956e-003
 1.4429198e-003
 1.4018917e-003
 1.8115484e-003
 1.7774435e-003
 1.5295250e-003
 1.7914503e-003
 1.6002221e-003
 1.2902130e-003
 1.3410664e-003
 1.2402560e-003
 1.8132647e-003
 1.4744493e-003
 1.5855723e-003
 1.8272190e-003
 1.4272680e-003
 1.5637123e-003
 1.7783307e-003
 1.8202923e-003
 9.8649960e-004
 1.5214075e-003
 1.5939489e-003
 1.7552098e-003
 1.6413180e-003
 1.1812208e-003
 1.7812887e-003
 1.5419001e-003
 1.1850517e-003
 1.7075950e-003
 1.2945196e-003
 1.3094895e-003
 1.6468622e-003
 1.3203211e-003
 1.0147804e-003
 1.5184807e-003
 1.1894200e-003
 1.0563204e-003
 1.8495879e-003
 1.5434832e-003
 1.6847751e-003
 1.4055012e-003
 1.5883103e-003
 1.4950080e-003
 1.6767784e-003
 1.7541402e-003
 1.2835698e-003
 1.6527122e-003
 1.2587829e-003
 7.2781497e-004
 1.8232727e-003
 1.5081321e-003
 1.1643154e-003
 1.4876932e-003
 1.5211044e-003
 9.3165122e-004
 1.4631181e-003
 9.4897574e-004
 1.2717416e-003
 1.4807470e-003
 1.6388510e-003
 1.1668202e-003
 1.1546264e-003
 1.0143995e-003
 9.9738792e-004
 9.3206973e-004
 1.1349653e-003
 1.2997191e-003
 9.8052144e-004
 1.5299493e-003
 1.6109864e-003
 1.6430758e-003
 1.3290048e-003
 9.2671142e-004
 9.8905037e-004
 1.5159431e-003
 1.8842700e-003
 1.8776373e-003
 1.9181119e-003
 1.7923164e-003
 1.8888033e-003
 1.7671576e-003
 1.8527088e-003
 1.3277506e-003
 1.8311318e-003
 1.7965193e-003
 1.7563226e-003
 1.6190899e-003
 1.8019894e-003
 1.4087476e-003
 1.3414603e-003
 1.0672268e-003
 1.6962886e-003
 1.7369029e-003
 1.7157245e-003
 1.8254834e-003
 1.0191209e-003
 1.7923226e-003
 1.1297839e-003
 1.1575893e-003
 1.8055912e-003
 1.8539601e-003
 1.5916842e-003
 1.4777103e-003
 1.7725333e-003
 1.7230174e-003
 1.8876940e-003
 1.8782702e-003
 1.4847312e-003
 1.8235543e-003
 1.8755706e-003
 1.5212066e-003
 1.1306665e-003
 1.3737027e-003
 1.4810006e-003
 1.4490687e-003
 9.9745428e-004
 1.6920940e-003
 1.1172425e-003
 1.0799781e-003
 1.0524919e-003
 1.1442841e-003
 1.0301992e-003
 1.4255999e-003
 1.3435585e-003
 1.5073452e-003
 1.4185156e-003
 1.5263350e-003
 1.2086900e-003
 1.2857234e-003
 1.7622617e-003
 1.6456149e-003
 1.0329492e-003
 8.6423586e-004
 1.8642979e-003
 1.7934701e-003
 1.9392007e-003
 1.2634537e-003
 1.6016050e-003
 1.4867998e-003
 1.8657661e-003
 1.9262304e-003
 1.9018365e-003
 1.8618181e-003
 1.8665360e-003
 1.9524235e-003
 1.8572098e-003
 1.1706124e-003
 1.5808647e-003
 1.3353699e-003
 1.2179820e-003
 1.0622698e-003
 1.8282799e-003
 1.8647705e-003
 1.8195263e-003
 1.7122186e-003
 1.8431790e-003
 9.9841575e-004
 1.8362968e-003
 1.7721852e-003
 1.4764469e-003
 1.7665322e-003
 1.8149368e-003
 1.1745278e-003
 1.7747734e-003
 1.5943067e-003
 1.7149980e-003
 1.8048612e-003
 1.8279980e-003
 1.7925380e-003
 1.7551007e-003
 1.6613959e-003
 1.7965217e-003
 1.8303067e-003
 1.7871911e-003
 1.7981274e-003
 1.8177642e-003
 1.8305788e-003
 1.8594335e-003
 1.8607572e-003
 1.8394837e-003
 1.8672924e-003
 1.8027093e-003
 1.7633723e-003
 1.7510488e-003
 1.4248668e-003
 1.8376834e-003
 1.8643877e-003
 1.8499910e-003
 1.8534312e-003
 1.8578775e-003
 1.8690256e-003
 1.8682664e-003
 1.8756707e-003
 1.8858577e-003
 1.9190559e-003
 2.1375315e-003
 2.9566295e-003
 3.5878508e-003
 3.5201011e-003
 1.9754372e-003
 1.8419680e-003
 1.8173059e-003
 1.7591850e-003
 1.8386393e-003
 1.8172254e-003
 1.7934856e-003
 1.5208243e-003
 1.3327654e-003
 1.2656372e-003
 1.7897914e-003
 1.3325689e-003
 1.7260556e-003
 1.7073621e-003
 1.6778668e-003
 1.6893658e-003
 1.6594895e-003
 1.7760671e-003
 3.8948788e-003
 7.5123874e-003
 8.5715819e-003
 7.7510863e-003
 6.5560201e-003
 6.4434893e-003
 5.8188369e-003
 6.2007480e-003
 6.3127298e-003
 9.1621019e-003
