Error bars for splib07a Record=7513: Muscovite GDS114 Marshall     BECKa AREF
 1.0254443e-002
 1.8409904e-003
 1.1221125e-003
 9.8991464e-004
 8.8408915e-004
 8.4877748e-004
 7.9554034e-004
 7.8445103e-004
 7.6324341e-004
 7.3904917e-004
 7.4864493e-004
 5.6998496e-004
 7.7983068e-004
 8.1477425e-004
 8.3736080e-004
 8.6111785e-004
 8.8573480e-004
 9.1462402e-004
 8.5534860e-004
 9.3603431e-004
 9.2512363e-004
 7.4868120e-004
 7.8567705e-004
 5.0474389e-004
 9.9542923e-004
 9.4088627e-004
 9.8772137e-004
 1.0000926e-003
 9.4445155e-004
 9.7532861e-004
 8.5162587e-004
 7.9865527e-004
 9.0878434e-004
 6.8244810e-004
 8.2548027e-004
 6.9674471e-004
 6.7922176e-004
 6.0994813e-004
 9.0662681e-004
 7.6486706e-004
 8.9085952e-004
 8.1324449e-004
 7.0162100e-004
 7.0269400e-004
 1.0018582e-003
 8.9130452e-004
 1.0040354e-003
 7.8817888e-004
 1.0000860e-003
 9.1157830e-004
 9.9911029e-004
 7.0951233e-004
 8.9575158e-004
 1.0221596e-003
 7.0842431e-004
 1.0038697e-003
 1.0330488e-003
 7.0236210e-004
 9.1337721e-004
 9.9854008e-004
 8.4926520e-004
 7.4133417e-004
 7.6231238e-004
 7.2638568e-004
 8.1110344e-004
 7.6776685e-004
 6.9941161e-004
 7.7745307e-004
 8.1640983e-004
 9.8048919e-004
 8.4091513e-004
 8.3348394e-004
 1.0296985e-003
 1.0148648e-003
 7.1249664e-004
 7.1027543e-004
 1.0118977e-003
 7.9456554e-004
 8.3304232e-004
 8.8547618e-004
 8.6581620e-004
 8.8694284e-004
 8.5849845e-004
 9.9741621e-004
 1.0008670e-003
 7.8750140e-004
 1.0163460e-003
 7.2070438e-004
 7.6479354e-004
 8.5829978e-004
 7.6477428e-004
 8.8317273e-004
 7.7940937e-004
 8.3156949e-004
 8.1466488e-004
 6.9756649e-004
 8.1490452e-004
 9.5215492e-004
 9.4817689e-004
 8.7966904e-004
 9.9884754e-004
 8.6063932e-004
 6.6959672e-004
 1.0007693e-003
 1.0091488e-003
 1.0147615e-003
 8.4145664e-004
 8.4406580e-004
 8.1566192e-004
 1.0270562e-003
 8.1752898e-004
 9.1118267e-004
 9.8131283e-004
 9.3300897e-004
 8.5384469e-004
 9.9544122e-004
 8.0638751e-004
 8.2993985e-004
 8.9955784e-004
 8.5377222e-004
 9.8256592e-004
 8.1794366e-004
 9.8898727e-004
 1.0070478e-003
 8.4663864e-004
 8.4649818e-004
 7.9579186e-004
 8.6119940e-004
 8.3200977e-004
 7.1297656e-004
 8.2883640e-004
 8.4302033e-004
 9.0816233e-004
 8.7175344e-004
 1.0035085e-003
 1.0094648e-003
 9.3217636e-004
 9.8453194e-004
 9.9303562e-004
 9.7876973e-004
 9.5595856e-004
 8.2783675e-004
 8.5928611e-004
 6.4440782e-004
 9.9032710e-004
 7.3397392e-004
 8.9369738e-004
 1.0041716e-003
 8.6590386e-004
 1.0033132e-003
 1.0058824e-003
 8.5611950e-004
 9.8484557e-004
 7.8347145e-004
 8.2597724e-004
 8.4673840e-004
 8.6205406e-004
 8.4833062e-004
 7.9395855e-004
 8.6232729e-004
 9.7466016e-004
 8.5247896e-004
 8.5311063e-004
 7.0384325e-004
 8.4709073e-004
 8.9925993e-004
 8.2159933e-004
 7.9095381e-004
 8.5403409e-004
 8.1310736e-004
 9.9373015e-004
 7.2279054e-004
 6.0971885e-004
 6.7875651e-004
 7.9113618e-004
 9.0952357e-004
 7.0540776e-004
 8.0313056e-004
 6.9264125e-004
 9.7027852e-004
 7.8234397e-004
 9.8966621e-004
 8.5075491e-004
 9.1652456e-004
 8.4959308e-004
 6.3911878e-004
 9.7589794e-004
 7.1850710e-004
 6.0492230e-004
 7.4412063e-004
 9.4478583e-004
 6.7357032e-004
 8.8855263e-004
 9.0226700e-004
 8.4587449e-004
 7.0549652e-004
 7.9620560e-004
 5.9085031e-004
 7.6898799e-004
 7.4174104e-004
 6.7780266e-004
 7.6800323e-004
 8.5329701e-004
 7.4647577e-004
 8.6916349e-004
 9.5908612e-004
 6.4164517e-004
 9.7943190e-004
 7.0367480e-004
 8.8956062e-004
 9.9969876e-004
 7.5747806e-004
 8.5614278e-004
 9.8954292e-004
 1.0065218e-003
 9.4529893e-004
 7.0216437e-004
 7.1961578e-004
 1.0028684e-003
 8.5901021e-004
 1.0120940e-003
 9.3228329e-004
 7.6301693e-004
 8.0188015e-004
 7.8799925e-004
 8.2964200e-004
 8.2252454e-004
 7.7983749e-004
 8.3002029e-004
 1.0128608e-003
 9.4475440e-004
 9.1295957e-004
 8.5549417e-004
 9.9864043e-004
 1.0009860e-003
 8.2508934e-004
 6.7870988e-004
 6.8644108e-004
 7.6985534e-004
 1.0303664e-003
 1.5305525e-003
 1.0672719e-003
 1.0605282e-003
 1.0669689e-003
 1.0611133e-003
 1.0641264e-003
 1.0113467e-003
 1.0580848e-003
 1.0468927e-003
 1.0417019e-003
 8.7852607e-004
 1.0572306e-003
 1.0469252e-003
 1.0499806e-003
 1.0617034e-003
 1.0532816e-003
 1.0471100e-003
 1.0350203e-003
 1.0480848e-003
 7.8723877e-004
 1.0498436e-003
 1.0541091e-003
 1.0624793e-003
 1.0628328e-003
 1.0573483e-003
 1.0602833e-003
 1.0470046e-003
 1.0535810e-003
 1.0347459e-003
 1.0435882e-003
 1.0603814e-003
 1.0651808e-003
 1.0550837e-003
 1.0358169e-003
 9.5248176e-004
 1.0443148e-003
 9.0508343e-004
 1.0366252e-003
 9.8926493e-004
 9.7160297e-004
 1.0416540e-003
 1.0599076e-003
 8.2910917e-004
 1.0166365e-003
 1.0401217e-003
 9.3392306e-004
 9.9375308e-004
 1.0438457e-003
 8.9696667e-004
 1.0487558e-003
 1.0409330e-003
 9.9131884e-004
 1.0596135e-003
 1.0555922e-003
 1.0589754e-003
 1.0571869e-003
 1.0247214e-003
 9.7256666e-004
 8.9387642e-004
 8.6907344e-004
 1.0136398e-003
 9.2569867e-004
 1.0333051e-003
 9.4798330e-004
 7.8865391e-004
 1.0149499e-003
 1.0496478e-003
 1.0628161e-003
 1.0384216e-003
 1.0036159e-003
 1.0421994e-003
 1.0324161e-003
 9.8401296e-004
 9.6931402e-004
 1.0426459e-003
 8.7204523e-004
 1.0494242e-003
 9.2204753e-004
 1.0381934e-003
 9.7028870e-004
 7.0895476e-004
 8.2730188e-004
 1.0564707e-003
 9.5555012e-004
 1.0676467e-003
 8.6676364e-004
 9.2720665e-004
 1.0517109e-003
 7.6156895e-004
 1.0672926e-003
 1.0630387e-003
 1.0550754e-003
 1.0565262e-003
 1.0373117e-003
 1.0561028e-003
 1.0476577e-003
 1.0511366e-003
 1.0389520e-003
 1.0458983e-003
 1.0515420e-003
 1.0493924e-003
 1.0401699e-003
 1.0428253e-003
 1.0502114e-003
 1.0563161e-003
 1.0646865e-003
 1.0467685e-003
 1.0510810e-003
 9.9295634e-004
 1.0412278e-003
 8.2611543e-004
 1.0706631e-003
 1.0728098e-003
 1.0496121e-003
 1.0704648e-003
 1.0551845e-003
 1.0558008e-003
 1.0601345e-003
 1.0599216e-003
 1.0707435e-003
 1.0575324e-003
 1.0613052e-003
 1.0729639e-003
 1.0660931e-003
 1.0703678e-003
 9.4225997e-004
 1.0517850e-003
 9.8925619e-004
 1.0690714e-003
 1.0290976e-003
 9.3025109e-004
 9.9196204e-004
 1.0272876e-003
 8.9635036e-004
 1.0722782e-003
 8.8737416e-004
 9.6262147e-004
 1.0514640e-003
 1.0537296e-003
 9.3055150e-004
 1.0721781e-003
 1.0587961e-003
 1.0577327e-003
 1.0654149e-003
 1.0743502e-003
 1.0713553e-003
 1.0661420e-003
 1.0737928e-003
 1.0726138e-003
 1.0768898e-003
 1.0768076e-003
 1.0656214e-003
 1.0724743e-003
 1.0719708e-003
 1.0751659e-003
 1.0748169e-003
 1.0721305e-003
 1.0621059e-003
 1.0725418e-003
 1.0781082e-003
 1.0712491e-003
 1.0305675e-003
 8.3764311e-004
 1.0633668e-003
 1.0635478e-003
 1.0745368e-003
 1.0663570e-003
 1.0374478e-003
 1.0621950e-003
 1.0474144e-003
 1.0460048e-003
 1.0454181e-003
 1.0485551e-003
 1.0621729e-003
 1.0596691e-003
 1.0558178e-003
 1.0667990e-003
 1.0603198e-003
 1.0519398e-003
 1.0625464e-003
 1.0609046e-003
 1.0624510e-003
 1.0613685e-003
 1.0639885e-003
 1.0628164e-003
 1.0581604e-003
 1.0580642e-003
 1.0583716e-003
 1.0579407e-003
 1.0584178e-003
 1.0525419e-003
 1.0542830e-003
 1.0519689e-003
 1.0497576e-003
 1.0483618e-003
 1.0486768e-003
 1.0461963e-003
 1.0466040e-003
 1.0490512e-003
 1.0403214e-003
 1.0375370e-003
 1.0360650e-003
 1.0386305e-003
 1.0532503e-003
 1.0681136e-003
 1.1347488e-003
 1.2599991e-003
 1.6241146e-003
 1.9221418e-003
 2.9542765e-003
 4.1022655e-003
 3.6854185e-003
 2.4916686e-003
 1.3631043e-003
 1.0331423e-003
 1.0301017e-003
 1.0273659e-003
 1.0242879e-003
 1.0234064e-003
 1.0250184e-003
 1.0194246e-003
 1.0184933e-003
 1.0236645e-003
 9.8284543e-004
 1.0265930e-003
 1.0088140e-003
 9.8769844e-004
 9.8350761e-004
 1.1602461e-003
 1.6909189e-003
 3.8980350e-003
 7.5733592e-003
 9.0197502e-003
 7.9886988e-003
 7.0316088e-003
 6.2187086e-003
 6.0051815e-003
 6.7273891e-003
 6.8949349e-003
 9.6352994e-003
