Error bars for splib07a Record=9537: Rivadavite NMNH170164         BECKa AREF
 4.4963947e-003
 1.3067499e-003
 1.0546428e-003
 9.4046869e-004
 8.5810502e-004
 8.1071758e-004
 7.7687053e-004
 7.3612022e-004
 7.4503839e-004
 6.8255019e-004
 6.9002563e-004
 7.4174569e-004
 7.7341858e-004
 8.0300070e-004
 8.0007588e-004
 7.5827440e-004
 8.4072107e-004
 8.2473538e-004
 8.7662204e-004
 8.0823567e-004
 8.3947234e-004
 8.0946542e-004
 9.4323215e-004
 8.7456714e-004
 9.6406869e-004
 9.7212603e-004
 7.4235670e-004
 6.6032197e-004
 5.7198835e-004
 9.7649003e-004
 8.9243264e-004
 9.6473465e-004
 8.1561896e-004
 6.9808302e-004
 6.4702157e-004
 7.7011081e-004
 7.0209865e-004
 6.3621806e-004
 1.0052981e-003
 7.3448219e-004
 7.1054097e-004
 5.9657323e-004
 6.9731602e-004
 8.2698086e-004
 7.4404449e-004
 9.8264765e-004
 8.5422350e-004
 6.5426796e-004
 7.0608797e-004
 7.1389542e-004
 6.2012684e-004
 6.7809783e-004
 7.9508318e-004
 5.9719087e-004
 7.3594291e-004
 7.8611425e-004
 1.0048923e-003
 7.2483299e-004
 6.5398309e-004
 7.0826570e-004
 6.9053215e-004
 9.0756913e-004
 7.6522736e-004
 7.2157232e-004
 7.2185020e-004
 7.5390964e-004
 8.4688549e-004
 1.0139950e-003
 1.0038501e-003
 9.1462792e-004
 8.4724085e-004
 9.0560067e-004
 9.1284071e-004
 1.0110365e-003
 7.2466274e-004
 7.6617784e-004
 8.5883227e-004
 9.7546401e-004
 1.0106454e-003
 8.9768140e-004
 9.9321548e-004
 8.1202394e-004
 8.7284890e-004
 9.0076961e-004
 9.4716513e-004
 7.8055216e-004
 8.1758521e-004
 6.8014761e-004
 8.6457888e-004
 8.4466668e-004
 9.2253904e-004
 7.0858037e-004
 9.2590146e-004
 9.7402633e-004
 8.5862045e-004
 7.2005193e-004
 7.8698521e-004
 8.8091084e-004
 1.0059942e-003
 8.2347746e-004
 8.3428319e-004
 7.8169513e-004
 8.3148381e-004
 9.1510185e-004
 7.9804845e-004
 9.3971723e-004
 9.8302378e-004
 8.0129737e-004
 9.1430143e-004
 9.7635010e-004
 8.6104462e-004
 9.8218198e-004
 9.7532198e-004
 9.8066381e-004
 9.7471045e-004
 9.8284986e-004
 8.7578577e-004
 7.5338187e-004
 1.0059339e-003
 7.9348258e-004
 8.7984063e-004
 7.5105298e-004
 8.6441310e-004
 8.7701133e-004
 9.2094694e-004
 9.3334058e-004
 8.3693227e-004
 8.7593345e-004
 8.1268925e-004
 9.4125909e-004
 9.0294034e-004
 8.0226007e-004
 6.4786687e-004
 7.1492366e-004
 9.9193421e-004
 8.4353331e-004
 7.6617353e-004
 7.1276957e-004
 7.3861040e-004
 6.2990503e-004
 8.1907975e-004
 6.6034053e-004
 9.9509826e-004
 9.9797966e-004
 7.8205601e-004
 9.6323917e-004
 5.7166029e-004
 7.0298853e-004
 9.9929189e-004
 9.9529547e-004
 1.0002678e-003
 8.7237428e-004
 9.8600774e-004
 8.2407857e-004
 9.8138931e-004
 8.5383223e-004
 9.7019866e-004
 8.0502976e-004
 8.1024144e-004
 9.9226297e-004
 9.2018436e-004
 9.3192130e-004
 9.7883272e-004
 7.0284796e-004
 8.2380517e-004
 8.2138774e-004
 9.6404593e-004
 9.4433530e-004
 9.7240892e-004
 9.7814447e-004
 9.5612422e-004
 6.7439600e-004
 6.6330878e-004
 9.6599135e-004
 9.4676792e-004
 7.2158163e-004
 6.0967059e-004
 8.8595215e-004
 7.4572460e-004
 8.0617086e-004
 8.3420100e-004
 7.6769525e-004
 6.2169257e-004
 6.0376630e-004
 7.0159644e-004
 6.9034984e-004
 7.5262977e-004
 6.8965118e-004
 9.7080704e-004
 6.9830299e-004
 9.8941615e-004
 9.9018530e-004
 7.6902291e-004
 5.9749611e-004
 6.0254708e-004
 6.4769032e-004
 6.4961368e-004
 7.1088213e-004
 7.5344671e-004
 6.8694993e-004
 7.6785887e-004
 8.5972663e-004
 9.5101126e-004
 7.7552989e-004
 8.6469296e-004
 9.7245706e-004
 8.4371591e-004
 6.7664537e-004
 8.5959834e-004
 9.0622727e-004
 8.5308345e-004
 8.4982830e-004
 7.5740728e-004
 9.8930148e-004
 9.5443096e-004
 9.9293503e-004
 9.7904005e-004
 8.9346286e-004
 6.9397350e-004
 6.0011237e-004
 9.8866876e-004
 7.9080940e-004
 7.3950720e-004
 8.5395580e-004
 7.9369091e-004
 8.8655693e-004
 7.9894572e-004
 9.6007128e-004
 8.8572002e-004
 9.0554496e-004
 8.1029843e-004
 7.7160174e-004
 9.9526916e-004
 8.4176171e-004
 8.4218493e-004
 8.7630452e-004
 8.1308471e-004
 7.2629342e-004
 9.9863287e-004
 1.0255026e-003
 1.1425843e-003
 1.0470897e-003
 1.0480769e-003
 1.0493265e-003
 1.0405908e-003
 1.0383603e-003
 1.0479835e-003
 1.0344685e-003
 1.0432786e-003
 1.0357233e-003
 1.0370937e-003
 1.0318501e-003
 1.0219454e-003
 1.0232985e-003
 9.6210965e-004
 1.0293736e-003
 1.0363174e-003
 9.2321698e-004
 1.0085398e-003
 1.0251921e-003
 1.0271930e-003
 1.0372832e-003
 1.0248288e-003
 1.0368053e-003
 1.0262884e-003
 1.0355710e-003
 1.0394999e-003
 1.0444148e-003
 1.0041018e-003
 9.5856568e-004
 1.0360928e-003
 1.0200106e-003
 9.7215554e-004
 1.0190423e-003
 1.0129290e-003
 1.0202676e-003
 9.8974199e-004
 1.0244263e-003
 1.0046859e-003
 8.5442828e-004
 8.6744316e-004
 9.6360483e-004
 9.5672405e-004
 1.0221486e-003
 8.4207585e-004
 9.6291740e-004
 1.0076533e-003
 7.9033995e-004
 9.9714298e-004
 1.0105036e-003
 7.9865672e-004
 9.5451501e-004
 9.8139013e-004
 1.0169345e-003
 1.0118095e-003
 1.0326230e-003
 1.0202568e-003
 1.0358419e-003
 7.6423469e-004
 1.0240632e-003
 9.4678870e-004
 7.5465452e-004
 1.0124624e-003
 1.0309827e-003
 9.9479943e-004
 1.0134873e-003
 9.1400085e-004
 9.7693608e-004
 7.8223279e-004
 1.0174939e-003
 1.0032483e-003
 1.0246163e-003
 8.6740195e-004
 1.0294538e-003
 8.8681740e-004
 7.9644530e-004
 9.0898073e-004
 9.2847261e-004
 1.0222093e-003
 8.9037558e-004
 1.0093400e-003
 6.8090908e-004
 7.7800069e-004
 1.0232355e-003
 8.9239259e-004
 8.9128892e-004
 8.3012419e-004
 9.7837066e-004
 1.0181215e-003
 1.0152780e-003
 1.0093378e-003
 1.0216900e-003
 1.0207704e-003
 9.9829072e-004
 1.0031529e-003
 1.0167374e-003
 1.0060595e-003
 1.0128586e-003
 9.9709805e-004
 9.8707422e-004
 9.9392375e-004
 9.1449259e-004
 1.0019699e-003
 1.0034071e-003
 9.8831172e-004
 9.8377944e-004
 9.9473749e-004
 1.0056152e-003
 9.8131294e-004
 9.8275661e-004
 9.7975158e-004
 1.0061217e-003
 9.9901878e-004
 1.0051249e-003
 1.0046087e-003
 1.0002548e-003
 9.9951029e-004
 1.0078187e-003
 1.0047770e-003
 9.6357317e-004
 9.9049998e-004
 9.8240259e-004
 1.0080934e-003
 9.9283818e-004
 9.9302444e-004
 9.9035667e-004
 9.9855952e-004
 9.9890493e-004
 9.7825634e-004
 1.0008937e-003
 9.7370055e-004
 9.8016881e-004
 1.0028044e-003
 9.1174297e-004
 9.1148476e-004
 9.9495472e-004
 9.8789693e-004
 1.0070354e-003
 7.0116372e-004
 1.0059754e-003
 1.0050605e-003
 1.0081244e-003
 9.7351370e-004
 1.0076391e-003
 9.9487859e-004
 9.9699746e-004
 1.0071043e-003
 1.0020597e-003
 1.0079913e-003
 9.9952100e-004
 9.9407218e-004
 1.0080476e-003
 1.0026410e-003
 1.0081228e-003
 1.0039703e-003
 1.0044579e-003
 1.0104009e-003
 1.0079305e-003
 1.0096378e-003
 1.0098526e-003
 9.9049672e-004
 1.0057769e-003
 6.4533898e-003
 1.0119210e-003
 1.0090712e-003
 1.0082981e-003
 1.0078689e-003
 1.0082400e-003
 1.0042359e-003
 1.0034156e-003
 1.0019925e-003
 1.0003169e-003
 9.9986373e-004
 1.0004595e-003
 9.9807582e-004
 9.9802355e-004
 9.9874975e-004
 1.0019518e-003
 1.0012059e-003
 1.0017005e-003
 1.0016892e-003
 9.9907978e-004
 9.9595811e-004
 9.9510164e-004
 9.9377823e-004
 9.9085667e-004
 9.9145295e-004
 9.8953128e-004
 1.0253226e-003
 1.0217867e-003
 1.0987442e-003
 1.1330636e-003
 1.1702490e-003
 1.2101575e-003
 1.2877253e-003
 1.1030660e-003
 9.8100933e-004
 9.8353333e-004
 9.8862639e-004
 1.0227222e-003
 1.1705180e-003
 1.3877634e-003
 1.5769115e-003
 1.7366013e-003
 1.9139021e-003
 2.1559824e-003
 2.5599301e-003
 3.1727857e-003
 3.8464894e-003
 5.4246951e-003
 7.7893841e-003
 7.5847534e-003
 5.3707273e-003
 2.7787555e-003
 1.4832761e-003
 1.0433808e-003
 9.8188024e-004
 1.2067129e-003
 9.7494567e-004
 9.7693037e-004
 9.7280886e-004
 9.6741598e-004
 9.7918918e-004
 9.6386939e-004
 9.7682013e-004
 9.6039829e-004
 9.3785464e-004
 9.1706280e-004
 1.0063532e-003
 1.3970678e-003
 2.9926347e-003
 8.3358940e-003
 1.0367392e-002
 8.0584744e-003
 7.2420225e-003
 6.5254862e-003
 6.6945725e-003
 6.9722976e-003
 7.4502775e-003
 9.4266413e-003
