Error bars for splib07a Record=7423: Muscovite GDS108              BECKb AREF
 2.9737470e-003
 1.2053075e-003
 9.5796603e-004
 8.9203235e-004
 8.1750064e-004
 7.6964445e-004
 7.4074062e-004
 7.0654147e-004
 7.1034644e-004
 6.3575828e-004
 7.1017741e-004
 5.5700232e-004
 6.9472485e-004
 7.3009048e-004
 5.5134058e-004
 6.5663975e-004
 8.6789078e-004
 9.0812286e-004
 8.7887660e-004
 7.6587603e-004
 9.1565377e-004
 7.0002337e-004
 6.0802442e-004
 9.2498586e-004
 8.0901571e-004
 7.7999750e-004
 7.9996767e-004
 5.9503509e-004
 6.5011601e-004
 6.6684949e-004
 6.1062525e-004
 7.4511103e-004
 9.6213387e-004
 6.0242921e-004
 6.9254386e-004
 5.6213775e-004
 5.9541425e-004
 6.3207588e-004
 9.5891417e-004
 8.4660627e-004
 6.3891656e-004
 8.0532569e-004
 6.7091314e-004
 6.5950549e-004
 7.0274057e-004
 6.6232105e-004
 5.8250729e-004
 5.9761311e-004
 8.7426649e-004
 5.6512031e-004
 6.0803944e-004
 6.3491031e-004
 5.5488368e-004
 5.3692283e-004
 9.7193697e-004
 9.3537208e-004
 9.5047662e-004
 6.4427406e-004
 9.4396196e-004
 6.6764298e-004
 7.1652897e-004
 6.5564504e-004
 6.3822261e-004
 6.6045986e-004
 6.4215955e-004
 6.4260466e-004
 7.3551654e-004
 6.3160673e-004
 9.6151530e-004
 7.6871389e-004
 7.9472829e-004
 8.0233486e-004
 9.6200156e-004
 9.4109878e-004
 7.7324494e-004
 8.1535912e-004
 9.4322837e-004
 7.1174157e-004
 9.6523156e-004
 7.0088526e-004
 6.9566310e-004
 7.3933695e-004
 7.6155801e-004
 8.2472427e-004
 7.3573051e-004
 7.1164471e-004
 7.5928331e-004
 9.7037619e-004
 6.8919244e-004
 9.5348153e-004
 9.6204068e-004
 7.6805230e-004
 8.1305235e-004
 7.0475088e-004
 9.6781604e-004
 7.7574851e-004
 7.9772674e-004
 7.3993031e-004
 8.5598248e-004
 9.7440835e-004
 7.9637981e-004
 7.5174926e-004
 7.7421142e-004
 7.4725191e-004
 7.6810259e-004
 6.1225897e-004
 8.1203319e-004
 9.1116701e-004
 7.9381058e-004
 9.7182090e-004
 7.4340205e-004
 8.1232929e-004
 9.4441907e-004
 8.7178644e-004
 9.3224127e-004
 8.4104022e-004
 9.6664851e-004
 8.6548901e-004
 8.2458451e-004
 7.1897084e-004
 6.6631089e-004
 6.9314142e-004
 9.4813865e-004
 9.6199277e-004
 5.9212313e-004
 6.0097815e-004
 6.7737600e-004
 6.8309589e-004
 9.5328293e-004
 6.9682737e-004
 9.6072891e-004
 7.9544965e-004
 8.9548359e-004
 7.9110847e-004
 9.6421980e-004
 9.3732547e-004
 8.4582780e-004
 8.7074353e-004
 9.4480178e-004
 9.4773824e-004
 9.4313058e-004
 9.5412228e-004
 9.6115598e-004
 8.4823242e-004
 9.0091210e-004
 9.5988612e-004
 8.7064930e-004
 9.4155181e-004
 9.4698142e-004
 7.2418217e-004
 9.0706930e-004
 9.5266872e-004
 7.1507471e-004
 8.0135744e-004
 9.3424547e-004
 7.0350256e-004
 6.7641970e-004
 7.6461310e-004
 8.6563878e-004
 8.9356123e-004
 7.4064406e-004
 6.7607174e-004
 9.0650574e-004
 6.7917415e-004
 7.5394579e-004
 7.6682476e-004
 9.5116254e-004
 7.6212600e-004
 7.3673576e-004
 9.5049827e-004
 7.7140745e-004
 6.7079428e-004
 8.8075409e-004
 5.2216597e-004
 9.2776667e-004
 5.9991836e-004
 8.8831992e-004
 6.3773518e-004
 7.0284179e-004
 5.8726466e-004
 5.7590369e-004
 9.4156392e-004
 9.5516560e-004
 6.2224967e-004
 9.4518671e-004
 7.2602328e-004
 7.1799132e-004
 8.3635724e-004
 8.1603171e-004
 8.4854552e-004
 9.5442822e-004
 9.5429091e-004
 8.7110273e-004
 8.3269022e-004
 7.8854576e-004
 9.4136683e-004
 9.2887663e-004
 7.4383913e-004
 7.0722174e-004
 5.5991125e-004
 5.4926064e-004
 6.2417029e-004
 5.9600803e-004
 6.2949961e-004
 7.0804416e-004
 9.4056845e-004
 7.0091907e-004
 7.2079012e-004
 5.6072685e-004
 7.9230114e-004
 7.0572615e-004
 9.5894025e-004
 8.5882103e-004
 8.9060195e-004
 8.7976409e-004
 8.3330245e-004
 7.8065111e-004
 6.0062611e-004
 7.6581124e-004
 5.4791960e-004
 6.5927074e-004
 7.7562052e-004
 8.0722146e-004
 6.2879513e-004
 7.3606469e-004
 6.8860641e-004
 7.1350008e-004
 5.7379075e-004
 6.8360072e-004
 6.1671744e-004
 9.7526342e-004
 6.5357407e-004
 6.3334114e-004
 6.6392974e-004
 8.3100394e-004
 7.3180377e-004
 7.2139548e-004
 9.6062780e-004
 9.9837477e-004
 9.7523700e-004
 1.0920201e-003
 1.0228741e-003
 1.0206787e-003
 1.0169239e-003
 9.2814164e-004
 1.0074258e-003
 1.0207875e-003
 1.0020706e-003
 1.0022334e-003
 9.4737334e-004
 1.0047306e-003
 1.0014140e-003
 9.8220923e-004
 1.0005188e-003
 9.8652567e-004
 1.0014925e-003
 8.4850186e-004
 8.9241064e-004
 9.6541253e-004
 8.4735267e-004
 1.0101853e-003
 1.0019268e-003
 1.0010262e-003
 9.2488300e-004
 9.9262421e-004
 7.3005573e-004
 7.0874090e-004
 9.5585466e-004
 9.9038694e-004
 1.0166666e-003
 9.0975402e-004
 9.2374737e-004
 9.9715125e-004
 1.0118457e-003
 9.8263251e-004
 8.3890912e-004
 1.0096186e-003
 8.7148056e-004
 8.4426574e-004
 8.2287396e-004
 9.9926477e-004
 8.8692986e-004
 7.7204831e-004
 9.9088543e-004
 8.6677319e-004
 9.2949183e-004
 8.9943554e-004
 1.0164890e-003
 9.8161632e-004
 8.6998631e-004
 7.2702568e-004
 9.7233552e-004
 9.9922274e-004
 7.6881913e-004
 9.0757903e-004
 9.6476288e-004
 9.8207453e-004
 6.6354260e-004
 7.9426105e-004
 7.9562451e-004
 6.9012411e-004
 9.2569640e-004
 7.0318405e-004
 1.0087771e-003
 8.6347968e-004
 9.4641087e-004
 7.2807068e-004
 7.0254150e-004
 7.5492793e-004
 7.1473687e-004
 8.8991452e-004
 9.8971010e-004
 9.1290748e-004
 8.0795353e-004
 7.0046331e-004
 7.3784246e-004
 8.3280844e-004
 7.3693733e-004
 8.7760377e-004
 8.9064054e-004
 8.2344731e-004
 8.7854784e-004
 9.5593574e-004
 7.0985995e-004
 9.8146731e-004
 9.7400713e-004
 8.6257712e-004
 8.1930414e-004
 7.7179581e-004
 8.8716077e-004
 9.9947967e-004
 1.0107205e-003
 8.3701656e-004
 1.0161828e-003
 7.6244003e-004
 9.8771008e-004
 9.9019078e-004
 1.0016216e-003
 9.9739817e-004
 9.9010055e-004
 9.4967143e-004
 9.5483882e-004
 8.9562353e-004
 1.0113996e-003
 8.6627132e-004
 9.9632132e-004
 9.9838094e-004
 1.0188315e-003
 9.9679932e-004
 8.6952915e-004
 1.0094319e-003
 1.0090612e-003
 9.2301413e-004
 9.9983928e-004
 1.0132450e-003
 8.5421768e-004
 9.9579629e-004
 1.0019644e-003
 1.0113731e-003
 1.0243270e-003
 1.0135425e-003
 1.0027826e-003
 1.0207193e-003
 1.0113558e-003
 7.4131257e-004
 8.4810302e-004
 9.3040202e-004
 8.0270151e-004
 8.2323881e-004
 9.4823935e-004
 6.8151974e-004
 5.8442017e-004
 8.1931282e-004
 8.5422368e-004
 8.3480601e-004
 7.8171433e-004
 9.2823122e-004
 9.1589283e-004
 9.2333328e-004
 1.0157245e-003
 1.0261623e-003
 9.2381338e-004
 9.9033362e-004
 1.0083771e-003
 8.6616742e-004
 1.0267099e-003
 1.0017875e-003
 1.0264312e-003
 1.0174976e-003
 1.0243647e-003
 8.9916860e-004
 9.6508139e-004
 1.0151106e-003
 1.0195726e-003
 1.0218363e-003
 1.0234363e-003
 1.0257070e-003
 1.0191560e-003
 1.0249623e-003
 1.0094434e-003
 1.0271677e-003
 8.4607810e-004
 8.5624459e-004
 9.5367600e-004
 1.0253774e-003
 9.8448864e-004
 1.0010379e-003
 1.0240508e-003
 9.6030626e-004
 9.9801295e-004
 9.1224659e-004
 9.6505793e-004
 1.0211922e-003
 1.0055010e-003
 9.9808001e-004
 1.0172522e-003
 9.9967909e-004
 1.0045806e-003
 1.0104063e-003
 9.6906465e-004
 1.0084755e-003
 1.0026955e-003
 1.0140780e-003
 1.0145734e-003
 1.0053512e-003
 1.0080056e-003
 1.0000825e-003
 1.0099486e-003
 1.0119699e-003
 1.0091369e-003
 1.0083534e-003
 1.0045295e-003
 1.0034817e-003
 9.9767791e-004
 9.9675742e-004
 1.0015721e-003
 1.0003821e-003
 1.0018105e-003
 9.8514894e-004
 1.0016164e-003
 9.9470350e-004
 9.9939213e-004
 1.0062031e-003
 1.0078124e-003
 1.0099743e-003
 1.0267883e-003
 1.0251253e-003
 1.1223389e-003
 1.3283842e-003
 1.8796105e-003
 2.4718344e-003
 2.4392793e-003
 1.6283053e-003
 1.0476293e-003
 9.9481014e-004
 9.9145644e-004
 9.8786817e-004
 9.8874595e-004
 9.8592706e-004
 9.8594232e-004
 9.8931906e-004
 9.7103301e-004
 8.8019081e-004
 9.7761804e-004
 9.6487778e-004
 9.6751185e-004
 9.4880501e-004
 9.2618883e-004
 9.3028264e-004
 1.1740957e-003
 3.0746618e-003
 7.1407841e-003
 7.4388129e-003
 5.7653328e-003
 4.8661246e-003
 4.5084846e-003
 4.1765147e-003
 4.5462698e-003
 4.9259230e-003
 7.0573888e-003
