Error bars for splib07a Record=3580: Diopside HS15.3B Pyroxene     BECKc AREF
 0.0000000e+000
 3.9955077e-001
 1.7598893e-001
 3.5209402e-002
 1.2211281e-002
 6.2197815e-003
 3.6140287e-003
 3.7014899e-003
 2.7809404e-003
 2.1378100e-003
 1.9920506e-003
 2.2268081e-003
 1.9996774e-003
 1.6327362e-003
 1.5496678e-003
 1.3918189e-003
 1.2701016e-003
 1.2374182e-003
 1.4561799e-003
 1.2743081e-003
 1.2961506e-003
 1.3118589e-003
 1.3278993e-003
 1.3280266e-003
 1.3462822e-003
 1.3471729e-003
 1.3465615e-003
 1.3552487e-003
 1.3605925e-003
 1.3507145e-003
 1.3682420e-003
 1.0978720e-003
 6.6225848e-004
 9.4985025e-004
 9.8052446e-004
 9.1558305e-004
 1.2340019e-003
 8.0954214e-004
 1.0756160e-003
 9.5506158e-004
 9.0393977e-004
 1.3481221e-003
 1.0228860e-003
 8.4203191e-004
 7.4631232e-004
 1.0692360e-003
 8.9829625e-004
 8.2653429e-004
 7.6728733e-004
 7.3104026e-004
 7.4830151e-004
 6.5956678e-004
 6.7197543e-004
 8.4268197e-004
 7.1045838e-004
 8.6548243e-004
 7.8518630e-004
 7.7409105e-004
 7.5614679e-004
 7.2382588e-004
 6.9062435e-004
 6.5987831e-004
 7.1581686e-004
 6.9619104e-004
 7.0284668e-004
 6.7222136e-004
 6.2859326e-004
 6.9101516e-004
 1.0632226e-003
 8.8481122e-004
 1.0156351e-003
 8.9975493e-004
 9.9118298e-004
 1.0854970e-003
 9.1311452e-004
 1.1171252e-003
 8.2635146e-004
 9.3505828e-004
 8.6226955e-004
 1.1861554e-003
 8.4030547e-004
 8.7263138e-004
 8.5773034e-004
 7.5321714e-004
 8.5379183e-004
 8.9116243e-004
 7.8211928e-004
 7.1329024e-004
 8.7544892e-004
 7.8463991e-004
 8.5407338e-004
 9.0870948e-004
 6.2501675e-004
 8.7401964e-004
 8.2867168e-004
 1.0865062e-003
 8.4687438e-004
 8.1756641e-004
 7.8350253e-004
 9.1883395e-004
 8.4207667e-004
 9.5419207e-004
 7.8797189e-004
 7.0282136e-004
 8.5438113e-004
 9.1237453e-004
 7.7502424e-004
 1.1467963e-003
 9.8890252e-004
 8.0913777e-004
 8.4856706e-004
 9.9682529e-004
 9.4112678e-004
 8.4018655e-004
 1.1858123e-003
 8.9544605e-004
 9.5633150e-004
 8.0391596e-004
 6.8301527e-004
 7.1694807e-004
 6.7182456e-004
 6.5681420e-004
 7.2396436e-004
 6.2755554e-004
 7.8785018e-004
 6.4753223e-004
 7.0152379e-004
 7.3794258e-004
 9.3083637e-004
 7.9941424e-004
 7.7443093e-004
 1.2297089e-003
 1.0071843e-003
 1.3517054e-003
 1.2130601e-003
 1.0103922e-003
 1.1564901e-003
 1.4402105e-003
 1.0492519e-003
 9.1905682e-004
 9.9091907e-004
 9.6906448e-004
 7.3210342e-004
 7.5074175e-004
 1.0595128e-003
 1.0053887e-003
 9.0297696e-004
 8.1574556e-004
 7.9549308e-004
 9.2707423e-004
 8.5677172e-004
 1.1819450e-003
 8.4211101e-004
 8.3954493e-004
 7.9325953e-004
 7.1566732e-004
 6.9047086e-004
 9.0482150e-004
 8.6648081e-004
 8.6491054e-004
 8.9412020e-004
 8.6395052e-004
 1.0426128e-003
 8.1732654e-004
 7.5873401e-004
 9.1720658e-004
 7.6968921e-004
 8.2062848e-004
 9.0507127e-004
 8.5502607e-004
 9.9114364e-004
 1.2630131e-003
 9.2303671e-004
 9.9060964e-004
 9.3705556e-004
 8.1392791e-004
 6.3968229e-004
 6.0122577e-004
 7.6198654e-004
 6.8930251e-004
 7.0197118e-004
 1.0554998e-003
 7.1530900e-004
 7.7219249e-004
 8.3204679e-004
 1.0169074e-003
 1.2711176e-003
 8.3234219e-004
 1.3053667e-003
 9.4200310e-004
 8.4139255e-004
 1.1070186e-003
 1.2897881e-003
 9.3457679e-004
 1.0505640e-003
 1.0521285e-003
 1.0412269e-003
 1.0078716e-003
 5.9723173e-004
 6.2631664e-004
 8.2413584e-004
 6.7733775e-004
 5.3508318e-004
 6.2225369e-004
 9.4288657e-004
 8.2829443e-004
 8.3907752e-004
 7.6598051e-004
 8.6479407e-004
 8.2626188e-004
 1.1928958e-003
 9.4233948e-004
 8.4741734e-004
 9.1111497e-004
 7.8269537e-004
 9.2653203e-004
 1.2789196e-003
 1.1277805e-003
 6.4442982e-004
 7.6358748e-004
 7.7247247e-004
 7.2739355e-004
 7.2102464e-004
 8.0814899e-004
 7.5196009e-004
 5.8825879e-004
 9.3838666e-004
 6.7358831e-004
 6.5334380e-004
 6.4102962e-004
 9.1084524e-004
 6.0969911e-004
 7.3260430e-004
 6.7722803e-004
 8.4951840e-004
 8.6061558e-004
 8.4175868e-004
 7.1406399e-004
 9.6558058e-004
 1.0422724e-003
 1.8557656e-003
 1.6169212e-003
 1.6194795e-003
 1.2899317e-003
 1.6129868e-003
 1.5440808e-003
 1.5892480e-003
 7.4900885e-004
 1.2474548e-003
 1.3565870e-003
 7.6452794e-004
 9.5384615e-004
 1.0114285e-003
 1.3337062e-003
 1.1191127e-003
 1.0289029e-003
 1.1110532e-003
 1.4684652e-003
 1.2118944e-003
 1.4062516e-003
 1.0002961e-003
 7.4766605e-004
 1.5474112e-003
 1.1708784e-003
 1.4194102e-003
 1.4217458e-003
 1.0672413e-003
 1.1909567e-003
 1.0317635e-003
 9.6686959e-004
 1.1261606e-003
 9.5264410e-004
 1.3047673e-003
 1.1475518e-003
 1.0499865e-003
 1.1566817e-003
 1.0909981e-003
 1.1688776e-003
 1.0889828e-003
 1.2790358e-003
 9.3306060e-004
 1.2364285e-003
 8.2481792e-004
 1.1843099e-003
 9.3264371e-004
 1.0730197e-003
 6.1437098e-004
 1.0046774e-003
 1.1656139e-003
 1.0248498e-003
 9.2109514e-004
 8.9853961e-004
 9.1990671e-004
 1.1682732e-003
 1.1398983e-003
 1.3242713e-003
 8.0510881e-004
 1.0511075e-003
 1.2156437e-003
 7.5728755e-004
 8.7843009e-004
 6.9138705e-004
 8.8507350e-004
 9.6802111e-004
 1.0563122e-003
 9.0731523e-004
 1.0250177e-003
 8.2780467e-004
 7.3819875e-004
 6.3505978e-004
 9.9800248e-004
 9.4403012e-004
 9.2890230e-004
 7.3609006e-004
 9.2800328e-004
 6.8234606e-004
 7.8919448e-004
 9.2348573e-004
 9.8152168e-004
 9.5013174e-004
 6.8289705e-004
 7.7404216e-004
 9.2415343e-004
 8.4739260e-004
 9.2862418e-004
 8.3742157e-004
 5.7872420e-004
 1.1784856e-003
 9.3384465e-004
 8.5770269e-004
 1.2165924e-003
 1.0358619e-003
 8.3481747e-004
 9.0351998e-004
 8.3300500e-004
 1.0118028e-003
 1.4661020e-003
 1.0885429e-003
 7.9718779e-004
 9.0670655e-004
 1.5410467e-003
 1.1635578e-003
 9.8838180e-004
 1.0442213e-003
 9.9651155e-004
 1.0713891e-003
 1.1572653e-003
 8.7859691e-004
 1.2217422e-003
 9.0356538e-004
 8.0299430e-004
 9.0556004e-004
 1.1434669e-003
 1.2746919e-003
 9.1562385e-004
 1.2232155e-003
 1.4754866e-003
 1.5185276e-003
 9.3495531e-004
 9.0725766e-004
 1.2666223e-003
 1.4889073e-003
 1.0891587e-003
 1.1974009e-003
 1.0236712e-003
 1.0946259e-003
 9.3111832e-004
 7.3395058e-004
 9.0066151e-004
 1.1002371e-003
 7.5344561e-004
 8.2466059e-004
 7.0215150e-004
 8.4508822e-004
 8.3385402e-004
 8.1781641e-004
 1.0809019e-003
 7.6955359e-004
 6.9648429e-004
 9.3570887e-004
 8.0771581e-004
 1.2375073e-003
 9.5196348e-004
 1.0836208e-003
 9.0373360e-004
 8.4692281e-004
 1.5810591e-003
 1.6688015e-003
 1.6452848e-003
 1.5999025e-003
 1.0834557e-003
 1.0072393e-003
 1.5967217e-003
 1.6103330e-003
 1.6600305e-003
 1.4386678e-003
 1.2463697e-003
 1.6411914e-003
 1.4131523e-003
 1.4125013e-003
 1.1530524e-003
 7.5547548e-004
 1.1646682e-003
 1.1604486e-003
 1.0972655e-003
 1.0928413e-003
 1.2236889e-003
 1.0682154e-003
 1.1909293e-003
 9.6931116e-004
 1.1440944e-003
 1.3379473e-003
 1.5737679e-003
 1.3722122e-003
 1.4553168e-003
 1.2595183e-003
 1.4700942e-003
 1.6325312e-003
 1.6548904e-003
 1.4845495e-003
 1.4600881e-003
 1.3505847e-003
 1.6417011e-003
 1.1679428e-003
 1.6239560e-003
 9.7595860e-004
 1.5678945e-003
 1.3673669e-003
 1.0220209e-003
 1.2908916e-003
 1.6208526e-003
 1.6419607e-003
 1.6423676e-003
 1.5999647e-003
 1.5016552e-003
 1.6403696e-003
 1.0688794e-003
 1.5425929e-003
 1.6265865e-003
 1.5126712e-003
 1.6306021e-003
 1.6691174e-003
 1.6684696e-003
 1.6717960e-003
 1.6774097e-003
 1.6724465e-003
 1.6754710e-003
 1.6804978e-003
 1.8611297e-003
 2.4619303e-003
 3.2668328e-003
 2.9313401e-003
 2.0230939e-003
 1.6646044e-003
 1.6081464e-003
 1.6320781e-003
 1.5474866e-003
 1.6513369e-003
 1.6599233e-003
 1.4164606e-003
 1.0912525e-003
 1.3903354e-003
 9.2320394e-004
 1.5151345e-003
 1.1621318e-003
 1.0368975e-003
 1.5237249e-003
 1.5571535e-003
 1.5453091e-003
 1.5278718e-003
 3.2509002e-003
 5.5428818e-003
 6.6044391e-003
 6.1248452e-003
 5.4572290e-003
 5.0382484e-003
 5.4032849e-003
 5.3568794e-003
 6.2437369e-003
 8.6546391e-003
