Error bars for splib07a Record=2533: Chalcopyrite HS431.3B         BECKb AREF
 4.1465318e-001
 7.7267006e-002
 1.4905103e-002
 5.2514584e-003
 3.2253151e-003
 1.5095276e-003
 1.1787033e-003
 1.0962718e-003
 8.1199384e-004
 7.4196275e-004
 6.6458702e-004
 7.0458435e-004
 7.0758944e-004
 6.4310315e-004
 6.0883735e-004
 5.9815717e-004
 6.2063627e-004
 6.4189214e-004
 6.6594034e-004
 6.8522926e-004
 7.0116890e-004
 7.1249012e-004
 7.2384841e-004
 7.3221733e-004
 7.3724444e-004
 7.4233871e-004
 7.4698433e-004
 7.4886146e-004
 7.5238163e-004
 7.5551821e-004
 7.5693353e-004
 7.3918479e-004
 7.4141583e-004
 5.8276666e-004
 7.4575277e-004
 7.4888539e-004
 7.4395828e-004
 6.5965077e-004
 7.3698303e-004
 7.4244617e-004
 6.4510864e-004
 7.5715437e-004
 7.5679825e-004
 7.3410530e-004
 7.4316573e-004
 7.4139214e-004
 7.5400237e-004
 6.9958821e-004
 7.3800032e-004
 7.1076432e-004
 6.1956339e-004
 6.2581850e-004
 5.9862586e-004
 5.1490404e-004
 5.3609826e-004
 7.5751531e-004
 7.6527777e-004
 7.6330994e-004
 6.5832486e-004
 6.1481295e-004
 7.6736696e-004
 7.0485525e-004
 7.4223388e-004
 5.8838417e-004
 6.1368552e-004
 5.6975620e-004
 5.9658330e-004
 5.8866496e-004
 7.6418556e-004
 7.7641738e-004
 7.8307721e-004
 7.8775873e-004
 7.7144353e-004
 7.9177454e-004
 6.3297659e-004
 7.8505045e-004
 5.7166698e-004
 6.6170964e-004
 6.6943350e-004
 7.6192676e-004
 7.8663859e-004
 7.8207185e-004
 6.8116438e-004
 7.6881918e-004
 7.8049110e-004
 6.6487800e-004
 7.0569129e-004
 6.4567733e-004
 6.3943252e-004
 6.9360499e-004
 6.3841266e-004
 5.9376151e-004
 7.8123430e-004
 6.4251153e-004
 7.0600619e-004
 6.6566525e-004
 6.4955233e-004
 7.9375179e-004
 7.8858132e-004
 6.4101350e-004
 6.1085250e-004
 7.8327820e-004
 6.8590854e-004
 6.3954265e-004
 7.9702871e-004
 6.4909318e-004
 6.1006489e-004
 7.1072945e-004
 6.8309793e-004
 6.6660787e-004
 8.0241938e-004
 8.0822239e-004
 7.7609444e-004
 8.0074096e-004
 7.1301055e-004
 7.1176235e-004
 6.5085886e-004
 7.7130756e-004
 6.3573150e-004
 5.3885521e-004
 5.7621562e-004
 5.5660086e-004
 5.8150722e-004
 6.1015208e-004
 6.4984529e-004
 5.9472519e-004
 7.4025517e-004
 5.5328396e-004
 6.5452239e-004
 7.8550872e-004
 6.9003680e-004
 7.3092093e-004
 7.9862820e-004
 8.0297794e-004
 8.1573776e-004
 8.0508983e-004
 8.1540545e-004
 8.0321939e-004
 7.7724777e-004
 6.7405269e-004
 7.9860515e-004
 7.1020488e-004
 6.0822238e-004
 7.8435551e-004
 7.7248533e-004
 7.9406274e-004
 7.9904689e-004
 7.1083545e-004
 6.3260761e-004
 7.8757032e-004
 5.5403804e-004
 5.8940897e-004
 6.5614143e-004
 5.4320740e-004
 5.3873652e-004
 6.2759960e-004
 6.0243905e-004
 7.4042846e-004
 7.5588370e-004
 7.9222454e-004
 6.4598455e-004
 6.0791546e-004
 6.1824074e-004
 5.9593684e-004
 7.7939156e-004
 7.7879900e-004
 7.4107642e-004
 7.7958259e-004
 6.2612782e-004
 7.9148216e-004
 7.9634995e-004
 7.8783632e-004
 7.4584183e-004
 7.4225280e-004
 8.0330035e-004
 5.9530756e-004
 6.7031698e-004
 6.8849802e-004
 6.2635238e-004
 6.4088294e-004
 6.1496499e-004
 7.9985918e-004
 7.7355449e-004
 6.7223416e-004
 7.0604717e-004
 7.4182439e-004
 8.0203795e-004
 7.8818848e-004
 7.9277548e-004
 7.9436949e-004
 8.0985989e-004
 8.0996426e-004
 7.9977646e-004
 6.8927574e-004
 7.2357134e-004
 8.0096826e-004
 7.9610507e-004
 7.2353898e-004
 8.0735219e-004
 8.0871640e-004
 7.7422813e-004
 8.1205065e-004
 6.3483074e-004
 6.2495645e-004
 6.0906919e-004
 6.3129200e-004
 5.0643308e-004
 6.0801959e-004
 5.2369543e-004
 6.1909971e-004
 5.6449021e-004
 7.5346301e-004
 6.3865533e-004
 5.4403272e-004
 7.9171587e-004
 6.3315005e-004
 8.1000512e-004
 8.2041405e-004
 6.6076574e-004
 6.8113697e-004
 6.6947500e-004
 5.4695626e-004
 5.9284165e-004
 6.2709604e-004
 7.9365156e-004
 7.5382378e-004
 4.6685062e-004
 6.6088315e-004
 5.5268931e-004
 6.0162053e-004
 6.1488041e-004
 6.4536632e-004
 5.0048623e-004
 6.9158385e-004
 8.1632473e-004
 5.6061597e-004
 5.8312895e-004
 7.5461745e-004
 7.1318517e-004
 8.3869352e-004
 9.6889620e-004
 8.9635688e-004
 8.9577300e-004
 8.9356775e-004
 8.9867023e-004
 8.9888985e-004
 8.9025463e-004
 8.9835160e-004
 8.9387846e-004
 8.9701347e-004
 8.9048513e-004
 8.8857533e-004
 8.8844611e-004
 9.0429361e-004
 9.0117659e-004
 7.3466991e-004
 8.1674766e-004
 7.6868647e-004
 8.8941917e-004
 6.9479115e-004
 7.4139034e-004
 8.8444795e-004
 8.9941575e-004
 8.8950677e-004
 8.3970133e-004
 8.9216244e-004
 8.9992851e-004
 8.2502578e-004
 8.3972752e-004
 8.3901919e-004
 8.2076323e-004
 7.1716309e-004
 8.5590943e-004
 6.9056830e-004
 8.3921937e-004
 8.3963742e-004
 8.0365426e-004
 7.9369836e-004
 7.5432530e-004
 6.3981628e-004
 7.1440387e-004
 7.1372750e-004
 6.5122353e-004
 6.4937054e-004
 8.5278560e-004
 7.7825040e-004
 7.0732384e-004
 5.9623073e-004
 8.8787288e-004
 7.7126734e-004
 7.9961692e-004
 6.3785986e-004
 6.1918964e-004
 8.8832929e-004
 8.9733826e-004
 8.6725864e-004
 7.2403118e-004
 8.0351956e-004
 5.8671151e-004
 5.6073681e-004
 8.4871764e-004
 7.9516205e-004
 8.1013842e-004
 8.1871398e-004
 8.3971070e-004
 5.7256955e-004
 7.4574794e-004
 5.9037429e-004
 8.5473608e-004
 8.7073742e-004
 5.4484583e-004
 7.4206229e-004
 8.9369447e-004
 6.3258124e-004
 6.9431274e-004
 6.3111953e-004
 5.8113615e-004
 6.6674012e-004
 7.1865873e-004
 6.4574881e-004
 7.1700453e-004
 5.8938179e-004
 6.1923667e-004
 5.2868377e-004
 5.7162001e-004
 6.2804087e-004
 7.2153780e-004
 8.8463409e-004
 8.9540880e-004
 8.6164661e-004
 8.9613325e-004
 8.5200940e-004
 9.0649945e-004
 9.0233318e-004
 9.0617675e-004
 9.0913399e-004
 9.0488006e-004
 8.1619289e-004
 8.8965642e-004
 9.0878824e-004
 7.8333059e-004
 7.6141400e-004
 8.1758032e-004
 8.5027312e-004
 7.9044345e-004
 9.1664609e-004
 8.2472799e-004
 9.1293495e-004
 8.8881020e-004
 8.9761987e-004
 8.9424627e-004
 7.4022554e-004
 9.1302453e-004
 9.2201593e-004
 9.0479344e-004
 9.0765697e-004
 9.0979098e-004
 9.1631064e-004
 9.1140246e-004
 9.0123055e-004
 9.1017073e-004
 9.1299450e-004
 9.1542635e-004
 9.1103610e-004
 7.1588770e-004
 8.0262072e-004
 8.6662482e-004
 8.6889655e-004
 9.0167334e-004
 7.1801315e-004
 6.3365186e-004
 5.8004237e-004
 5.6579075e-004
 7.9236808e-004
 6.9752597e-004
 6.5755070e-004
 7.6172367e-004
 7.7237259e-004
 6.5047934e-004
 9.0388482e-004
 9.1570965e-004
 9.1365154e-004
 8.5836614e-004
 9.1377139e-004
 8.8734296e-004
 8.7172532e-004
 9.2018658e-004
 9.1979519e-004
 9.0782787e-004
 9.1261329e-004
 9.1145089e-004
 9.1315556e-004
 9.1266702e-004
 9.1701275e-004
 9.2113554e-004
 9.2085853e-004
 9.1972179e-004
 9.1578386e-004
 9.2429720e-004
 9.1334915e-004
 7.4929930e-004
 6.1754504e-004
 7.9070753e-004
 8.6149457e-004
 9.1272494e-004
 8.8777021e-004
 9.1563945e-004
 8.6833106e-004
 9.0957654e-004
 7.5157388e-004
 8.9812715e-004
 9.0718764e-004
 8.9716708e-004
 9.0173428e-004
 9.1933552e-004
 8.9576450e-004
 9.0527500e-004
 9.1880915e-004
 8.9840870e-004
 9.0831157e-004
 9.1188017e-004
 9.0673793e-004
 9.0916693e-004
 9.1193395e-004
 9.0040214e-004
 9.0630457e-004
 9.0557191e-004
 9.0371905e-004
 8.9600467e-004
 8.9761405e-004
 8.9236820e-004
 9.0236019e-004
 9.0412016e-004
 8.9688326e-004
 8.9621759e-004
 8.9713349e-004
 8.9882023e-004
 8.9814147e-004
 9.0409600e-004
 9.0391980e-004
 9.0954377e-004
 9.1267016e-004
 9.1614469e-004
 9.1342570e-004
 9.1501389e-004
 9.1556413e-004
 9.1616542e-004
 9.1497524e-004
 9.1347989e-004
 1.1823148e-003
 1.7045786e-003
 1.3021386e-003
 1.1057898e-003
 9.1686746e-004
 9.0864307e-004
 9.0205244e-004
 9.0378529e-004
 9.0541254e-004
 9.0638408e-004
 9.0294186e-004
 8.9444319e-004
 9.0211979e-004
 7.9800707e-004
 8.8480493e-004
 8.9841848e-004
 8.7717769e-004
 8.5815572e-004
 8.3851506e-004
 8.2493230e-004
 1.0688422e-003
 2.0515940e-003
 3.5471625e-003
 4.3331813e-003
 3.9746938e-003
 3.3767605e-003
 3.1974874e-003
 3.0525965e-003
 3.3696082e-003
 3.4641314e-003
 4.4949758e-003
