Error bars for splib07a Record=11741: Alunite0.5+Kaol_KGa-1 AMX3    BECKb AREF
 0.0000000e+000
 0.0000000e+000
 4.0890914e-003
 1.0110114e-003
 9.3435211e-004
 7.9306908e-004
 7.7226630e-004
 7.0779788e-004
 7.3946803e-004
 5.7645241e-004
 7.1121851e-004
 7.6774601e-004
 7.2264968e-004
 6.5289758e-004
 7.8456808e-004
 8.2057976e-004
 4.6531868e-004
 7.1756245e-004
 9.4313954e-004
 8.1858347e-004
 6.9204625e-004
 7.2243082e-004
 6.3815148e-004
 7.5052719e-004
 9.3851273e-004
 1.0099381e-003
 7.0449658e-004
 7.6101703e-004
 1.0133582e-003
 7.4515282e-004
 9.8732917e-004
 5.5519555e-004
 6.2899297e-004
 5.4250815e-004
 4.7750608e-004
 5.1157916e-004
 4.2193549e-004
 4.4090900e-004
 5.1080791e-004
 5.4088957e-004
 4.8260999e-004
 4.6068468e-004
 5.9167604e-004
 5.0517550e-004
 5.3368509e-004
 3.7492948e-004
 5.4872455e-004
 5.3463195e-004
 5.6864280e-004
 5.4433354e-004
 5.2657479e-004
 4.6260501e-004
 5.8310793e-004
 3.6850164e-004
 5.4474291e-004
 5.5584830e-004
 4.2648567e-004
 6.5976050e-004
 5.4260780e-004
 5.6850055e-004
 4.8426091e-004
 4.9264875e-004
 5.1561056e-004
 4.1793199e-004
 4.1883203e-004
 3.6216225e-004
 5.4256181e-004
 4.6387280e-004
 4.1299284e-004
 5.4696883e-004
 5.4904894e-004
 5.6764053e-004
 5.9144426e-004
 6.0645893e-004
 6.1029155e-004
 7.1392005e-004
 5.1986048e-004
 4.2267414e-004
 5.6891865e-004
 5.4764317e-004
 5.1151944e-004
 4.8733345e-004
 5.4362894e-004
 5.4881431e-004
 5.5405975e-004
 7.5073272e-004
 3.6828892e-004
 5.4046628e-004
 5.4881640e-004
 3.8243397e-004
 5.6097144e-004
 5.3664681e-004
 5.6146545e-004
 5.0547760e-004
 5.9849833e-004
 7.8192051e-004
 5.6525454e-004
 5.2535348e-004
 5.1305006e-004
 5.2572438e-004
 5.2128156e-004
 5.6746911e-004
 5.4068037e-004
 5.5248366e-004
 4.7843540e-004
 5.0806790e-004
 5.9378863e-004
 6.9194339e-004
 5.7475484e-004
 7.9221174e-004
 5.5993680e-004
 5.6094839e-004
 5.5343035e-004
 5.5121223e-004
 5.5073883e-004
 5.7514763e-004
 5.3263002e-004
 5.8302184e-004
 5.5660680e-004
 5.4549874e-004
 5.3652684e-004
 4.8279294e-004
 7.3383510e-004
 5.6374958e-004
 6.7681697e-004
 5.2501552e-004
 5.2998168e-004
 5.3260545e-004
 5.4878078e-004
 5.3797750e-004
 5.2597118e-004
 5.5875274e-004
 4.8857101e-004
 5.3031929e-004
 5.3354772e-004
 8.8580581e-004
 5.3509831e-004
 6.3981151e-004
 7.8828144e-004
 5.3058704e-004
 7.6728419e-004
 4.4745739e-004
 5.6008802e-004
 5.6741911e-004
 5.4256007e-004
 4.2006641e-004
 5.0408387e-004
 5.1968516e-004
 5.3024455e-004
 5.8329920e-004
 5.2841817e-004
 5.1960989e-004
 4.9375434e-004
 4.7072268e-004
 5.7486468e-004
 6.8101229e-004
 4.9945043e-004
 5.0058647e-004
 5.7959580e-004
 4.9855898e-004
 5.3052983e-004
 5.7273195e-004
 6.1909191e-004
 4.4983663e-004
 5.3114427e-004
 5.0555071e-004
 4.4485932e-004
 4.4517979e-004
 7.2010362e-004
 4.6373825e-004
 5.3768960e-004
 5.2208733e-004
 5.1910238e-004
 5.5438478e-004
 5.3916243e-004
 4.0121010e-004
 5.0421024e-004
 5.0475617e-004
 5.0821778e-004
 5.1077956e-004
 4.5183738e-004
 5.3834415e-004
 4.8330909e-004
 4.5193729e-004
 5.5474316e-004
 4.0860617e-004
 5.0081860e-004
 7.3337869e-004
 4.2879026e-004
 5.0447439e-004
 5.2333821e-004
 5.8392715e-004
 5.8195938e-004
 7.5232232e-004
 5.3926033e-004
 4.4376342e-004
 7.9056091e-004
 5.1006849e-004
 5.3370680e-004
 5.3225871e-004
 5.6286453e-004
 4.5920047e-004
 8.3101261e-004
 4.4756566e-004
 4.7763888e-004
 5.6361174e-004
 6.0957129e-004
 5.7414977e-004
 5.1443477e-004
 9.9128275e-004
 6.0314185e-004
 7.8382954e-004
 1.0247607e-003
 5.2499207e-004
 5.4851291e-004
 5.6719879e-004
 5.0845259e-004
 5.2054209e-004
 5.1567209e-004
 5.4380769e-004
 5.7314063e-004
 5.4179109e-004
 4.7798717e-004
 5.9814705e-004
 5.0279300e-004
 6.1290193e-004
 5.2065740e-004
 5.9861375e-004
 5.0206453e-004
 6.7424850e-004
 5.0837576e-004
 5.2097806e-004
 8.7267585e-004
 5.4734579e-004
 5.8069598e-004
 6.9362327e-004
 6.3226692e-004
 6.1154651e-004
 6.2153040e-004
 6.4804731e-004
 1.5175157e-003
 1.1403757e-003
 1.1110217e-003
 1.1242782e-003
 1.1245982e-003
 1.0081928e-003
 8.7503338e-004
 8.5790560e-004
 9.0372062e-004
 8.0440706e-004
 6.8417704e-004
 7.7045418e-004
 9.0876105e-004
 9.6560060e-004
 9.0348831e-004
 7.6104142e-004
 7.5819390e-004
 8.8858552e-004
 6.6927006e-004
 8.1101136e-004
 5.4469222e-004
 7.6518266e-004
 9.0736168e-004
 1.0328945e-003
 7.8541081e-004
 8.8248780e-004
 8.2451844e-004
 6.7688525e-004
 8.1562850e-004
 6.7646551e-004
 9.0689439e-004
 7.9558650e-004
 6.7919394e-004
 7.9903472e-004
 7.5688353e-004
 7.9132826e-004
 6.3933415e-004
 5.9520046e-004
 7.3903316e-004
 6.0845865e-004
 6.7186978e-004
 5.2091456e-004
 6.6452747e-004
 6.5476849e-004
 6.4050592e-004
 6.6326902e-004
 6.6034368e-004
 6.4931461e-004
 6.0948188e-004
 6.7541812e-004
 6.8527751e-004
 6.6724815e-004
 6.5828965e-004
 8.2442682e-004
 9.7093754e-004
 7.1709533e-004
 5.7870510e-004
 5.3306180e-004
 5.7733129e-004
 6.6873379e-004
 5.8183662e-004
 5.8387982e-004
 6.1162940e-004
 6.4280123e-004
 5.8652996e-004
 5.0138234e-004
 5.4870849e-004
 6.0055364e-004
 5.7376601e-004
 6.8539963e-004
 5.7650596e-004
 6.0466584e-004
 5.2862102e-004
 6.4814108e-004
 5.9114979e-004
 6.9621456e-004
 5.4766255e-004
 5.8915629e-004
 5.7010434e-004
 6.3560088e-004
 5.4942881e-004
 5.4971152e-004
 4.4958736e-004
 7.6480885e-004
 5.6210847e-004
 6.9688878e-004
 5.4639549e-004
 6.6876493e-004
 6.7768194e-004
 7.5885328e-004
 8.2066096e-004
 6.8126037e-004
 7.7008031e-004
 7.8433298e-004
 9.1610913e-004
 8.4135472e-004
 6.9859205e-004
 8.0292986e-004
 6.6738849e-004
 6.9913751e-004
 6.2362471e-004
 9.5084519e-004
 6.1380211e-004
 8.1018487e-004
 6.8706751e-004
 8.9803740e-004
 6.9900113e-004
 7.4922107e-004
 8.4126374e-004
 9.4190257e-004
 6.9608592e-004
 7.1819668e-004
 1.0197859e-003
 8.2955265e-004
 6.9918990e-004
 6.7507790e-004
 9.0028933e-004
 8.7152096e-004
 7.8288431e-004
 7.5203396e-004
 8.8326389e-004
 9.3670801e-004
 1.0765170e-003
 7.6633808e-004
 6.0408266e-004
 5.9473468e-004
 7.6577679e-004
 8.0846902e-004
 7.1677152e-004
 7.3412992e-004
 7.3534891e-004
 5.3387729e-004
 5.7858933e-004
 6.4472301e-004
 6.2293810e-004
 5.9428677e-004
 5.8313261e-004
 5.6029478e-004
 6.2536803e-004
 5.8846513e-004
 7.2284555e-004
 8.3259476e-004
 6.7775586e-004
 9.1355684e-004
 8.5213716e-004
 9.9217298e-004
 7.9620606e-004
 1.1304137e-003
 1.1058873e-003
 8.9378160e-004
 9.2996552e-004
 8.8299502e-004
 9.1536407e-004
 1.1174745e-003
 1.1329278e-003
 1.1199662e-003
 9.5113792e-004
 9.8512601e-004
 1.0964531e-003
 1.0913938e-003
 6.6845014e-004
 5.8571337e-004
 5.9485278e-004
 7.9583348e-004
 9.9699886e-004
 6.9240184e-004
 7.5955444e-004
 6.7141937e-004
 9.6143549e-004
 8.2305545e-004
 8.4981613e-004
 7.4908341e-004
 8.9407712e-004
 7.3164172e-004
 8.1450277e-004
 9.5902418e-004
 9.1640657e-004
 1.0905475e-003
 8.6960848e-004
 1.0106731e-003
 9.0454874e-004
 1.0184263e-003
 1.0915427e-003
 1.1086959e-003
 1.0936486e-003
 1.1001367e-003
 1.0943087e-003
 1.0983633e-003
 1.0999516e-003
 1.0982485e-003
 1.0914440e-003
 1.1020104e-003
 1.0940199e-003
 1.0873863e-003
 1.0827502e-003
 1.0706937e-003
 1.0551313e-003
 1.0614434e-003
 1.0774138e-003
 1.0667447e-003
 1.0862451e-003
 1.0663724e-003
 1.0829952e-003
 1.1000844e-003
 1.1049752e-003
 1.0988630e-003
 1.1073835e-003
 1.1208906e-003
 1.4257621e-003
 1.9679691e-003
 2.5214104e-003
 2.2615071e-003
 1.4637616e-003
 1.0844775e-003
 1.0644261e-003
 1.0676292e-003
 1.0637671e-003
 1.0542247e-003
 1.0560359e-003
 1.0426547e-003
 8.8396098e-004
 9.8022260e-004
 6.9501228e-004
 9.7452843e-004
 7.5723900e-004
 8.6619140e-004
 1.0086690e-003
 9.9467370e-004
 9.8481961e-004
 1.1900843e-003
 1.9909926e-003
 4.7020828e-003
 4.7476050e-003
 4.9899276e-003
 4.9928683e-003
 4.5993240e-003
 4.3318388e-003
 4.5481492e-003
 5.1462664e-003
 6.6345031e-003
