splib07b Record=31235: Lodgepole-Pine YNP-LP3-B    AVIRISb RTGC
-1.2300000e+034
-1.2300000e+034
-1.2300000e+034
-1.2300000e+034
-1.2300000e+034
-1.2300000e+034
-1.2300000e+034
-1.2300000e+034
-1.2300000e+034
-1.2300000e+034
-1.2300000e+034
-1.2300000e+034
-1.2300000e+034
-1.2300000e+034
-1.2300000e+034
-1.2300000e+034
-1.2300000e+034
-1.2300000e+034
-1.2300000e+034
-1.2300000e+034
-1.2300000e+034
-1.2300000e+034
-1.2300000e+034
-1.2300000e+034
-1.2300000e+034
-1.2300000e+034
-1.2300000e+034
-1.2300000e+034
-1.2300000e+034
-1.2300000e+034
-1.2300000e+034
-1.2300000e+034
-1.2300000e+034
-1.2300000e+034
-1.2300000e+034
-1.2300000e+034
-1.2300000e+034
-1.2300000e+034
-1.2300000e+034
 1.2102270e-002
 1.2102270e-002
 1.2103868e-002
 1.2106671e-002
 1.2111891e-002
 1.2120731e-002
 1.2134401e-002
 1.2154107e-002
 1.2181054e-002
 1.2216453e-002
 1.2261507e-002
 1.2317427e-002
 1.2384954e-002
 1.2462540e-002
 1.2548145e-002
 1.2639731e-002
 1.2735265e-002
 1.2832703e-002
 1.2930009e-002
 1.3025145e-002
 1.3116077e-002
 1.3200760e-002
 1.3277759e-002
 1.3347567e-002
 1.3411302e-002
 1.3470071e-002
 1.3524989e-002
 1.3577160e-002
 1.3627707e-002
 1.3677735e-002
 1.3728357e-002
 1.3780685e-002
 1.3835587e-002
 1.3892946e-002
 1.3952400e-002
 1.4013590e-002
 1.4076157e-002
 1.4139735e-002
 1.4203968e-002
 1.4268490e-002
 1.4332947e-002
 1.4396974e-002
 1.4460245e-002
 1.4521803e-002
 1.4580724e-002
 1.4636089e-002
 1.4686977e-002
 1.4732468e-002
 1.4771642e-002
 1.4803577e-002
 1.4827351e-002
 1.4842045e-002
 1.4847302e-002
 1.4844998e-002
 1.4837590e-002
 1.4827544e-002
 1.4817320e-002
 1.4809377e-002
 1.4806172e-002
 1.4810175e-002
 1.4823836e-002
 1.4849622e-002
 1.4889052e-002
 1.4939881e-002
 1.4998929e-002
 1.5063011e-002
 1.5128947e-002
 1.5193549e-002
 1.5253637e-002
 1.5306029e-002
 1.5347540e-002
 1.5374986e-002
 1.5386125e-002
 1.5382363e-002
 1.5366120e-002
 1.5339815e-002
 1.5305866e-002
 1.5266688e-002
 1.5224700e-002
 1.5182321e-002
 1.5141969e-002
 1.5106061e-002
 1.5076594e-002
 1.5053879e-002
 1.5037802e-002
 1.5028257e-002
 1.5025129e-002
 1.5028311e-002
 1.5037687e-002
 1.5053151e-002
 1.5074588e-002
 1.5101891e-002
 1.5135243e-002
 1.5175801e-002
 1.5225013e-002
 1.5284315e-002
 1.5355160e-002
 1.5438986e-002
 1.5537229e-002
 1.5651349e-002
 1.5782768e-002
 1.5932949e-002
 1.6102782e-002
 1.6291050e-002
 1.6495969e-002
 1.6715759e-002
 1.6948650e-002
 1.7192895e-002
 1.7446699e-002
 1.7708277e-002
 1.7975874e-002
 1.8247731e-002
 1.8522736e-002
 1.8800912e-002
 1.9082900e-002
 1.9369392e-002
 1.9661084e-002
 1.9958612e-002
 2.0262675e-002
 2.0573946e-002
 2.0893119e-002
 2.1220831e-002
 2.1556996e-002
 2.1898380e-002
 2.2240913e-002
 2.2580601e-002
 2.2913368e-002
 2.3235202e-002
 2.3542084e-002
 2.3829952e-002
 2.4094798e-002
 2.4332561e-002
 2.4540661e-002
 2.4722280e-002
 2.4882007e-002
 2.5024461e-002
 2.5154252e-002
 2.5275996e-002
 2.5394289e-002
 2.5513748e-002
 2.5638994e-002
 2.5774615e-002
 2.5923841e-002
 2.6083376e-002
 2.6248511e-002
 2.6414527e-002
 2.6576720e-002
 2.6730355e-002
 2.6870733e-002
 2.6993131e-002
 2.7092844e-002
 2.7165147e-002
 2.7206397e-002
 2.7216991e-002
 2.7198458e-002
 2.7152320e-002
 2.7080115e-002
 2.6983358e-002
 2.6863584e-002
 2.6722323e-002
 2.6561098e-002
 2.6381439e-002
 2.6185606e-002
 2.5977563e-002
 2.5761971e-002
 2.5543487e-002
 2.5326766e-002
 2.5116492e-002
 2.4917312e-002
 2.4733884e-002
 2.4570877e-002
 2.4432948e-002
 2.4323361e-002
 2.4239810e-002
 2.4178587e-002
 2.4135986e-002
 2.4108307e-002
 2.4091838e-002
 2.4082880e-002
 2.4077723e-002
 2.4072666e-002
 2.4064001e-002
 2.4048926e-002
 2.4028348e-002
 2.4004089e-002
 2.3977976e-002
 2.3951832e-002
 2.3927482e-002
 2.3906745e-002
 2.3891451e-002
 2.3883417e-002
 2.3884475e-002
 2.3895567e-002
 2.3914201e-002
 2.3937041e-002
 2.3960738e-002
 2.3981949e-002
 2.3997333e-002
 2.4003547e-002
 2.3997242e-002
 2.3975076e-002
 2.3933709e-002
 2.3870995e-002
 2.3790007e-002
 2.3695067e-002
 2.3590492e-002
 2.3480605e-002
 2.3369728e-002
 2.3262171e-002
 2.3162257e-002
 2.3074307e-002
 2.3002643e-002
 2.2950519e-002
 2.2916637e-002
 2.2898678e-002
 2.2894317e-002
 2.2901241e-002
 2.2917125e-002
 2.2939650e-002
 2.2966497e-002
 2.2995345e-002
 2.3023874e-002
 2.3050018e-002
 2.3072738e-002
 2.3091247e-002
 2.3104751e-002
 2.3112474e-002
 2.3113621e-002
 2.3107409e-002
 2.3093052e-002
 2.3069760e-002
 2.3036748e-002
 2.2993580e-002
 2.2941215e-002
 2.2880964e-002
 2.2814138e-002
 2.2742042e-002
 2.2665996e-002
 2.2587309e-002
 2.2507284e-002
 2.2427240e-002
 2.2348484e-002
 2.2272008e-002
 2.2197517e-002
 2.2124402e-002
 2.2052059e-002
 2.1979878e-002
 2.1907246e-002
 2.1833550e-002
 2.1758180e-002
 2.1680536e-002
 2.1599999e-002
 2.1516187e-002
 2.1429094e-002
 2.1338938e-002
 2.1245938e-002
 2.1150304e-002
 2.1052243e-002
 2.0951986e-002
 2.0849742e-002
 2.0745717e-002
 2.0640140e-002
 2.0533696e-002
 2.0428309e-002
 2.0326402e-002
 2.0230368e-002
 2.0142626e-002
 2.0065572e-002
 2.0001613e-002
 1.9953160e-002
 1.9922616e-002
-1.2300000e+034
-1.2300000e+034
 2.0472001e-002
 2.0371029e-002
 2.0274624e-002
 2.0185001e-002
 2.0104378e-002
 2.0034973e-002
 1.9979015e-002
 1.9938724e-002
 1.9916316e-002
 1.9914014e-002
 1.9934265e-002
 1.9980550e-002
 2.0056626e-002
 2.0166242e-002
 2.0313164e-002
 2.0501141e-002
 2.0733913e-002
 2.1015262e-002
 2.1348909e-002
 2.1738648e-002
 2.2188231e-002
 2.2698781e-002
 2.3271214e-002
 2.3906589e-002
 2.4605807e-002
 2.5369894e-002
 2.6199883e-002
 2.7096655e-002
 2.8061310e-002
 2.9094705e-002
 3.0196972e-002
 3.1364538e-002
 3.2592978e-002
 3.3877671e-002
 3.5214178e-002
 3.6598023e-002
 3.8024712e-002
 3.9489850e-002
 4.0988758e-002
 4.2517044e-002
 4.4071425e-002
 4.5653597e-002
 4.7266159e-002
 4.8912112e-002
 5.0594065e-002
 5.2314907e-002
 5.4077562e-002
 5.5884607e-002
 5.7739079e-002
 5.9643537e-002
 6.1599802e-002
 6.3605294e-002
 6.5655954e-002
 6.7748241e-002
 6.9878072e-002
 7.2041772e-002
 7.4235678e-002
 7.6455720e-002
 7.8698337e-002
 8.0959469e-002
 8.3234802e-002
 8.5517474e-002
 8.7799579e-002
 9.0073630e-002
 9.2332132e-002
 9.4567157e-002
 9.6771248e-002
 9.8936744e-002
 1.0105615e-001
 1.0312158e-001
 1.0512645e-001
 1.0706782e-001
 1.0894336e-001
 1.1075105e-001
 1.1248877e-001
 1.1415450e-001
 1.1574594e-001
 1.1726103e-001
 1.1869776e-001
 1.2005382e-001
 1.2132825e-001
 1.2252431e-001
 1.2364610e-001
 1.2469800e-001
 1.2568413e-001
 1.2660880e-001
 1.2747632e-001
 1.2829085e-001
 1.2905669e-001
 1.2977804e-001
 1.3045871e-001
 1.3110070e-001
 1.3170543e-001
 1.3227445e-001
 1.3280925e-001
 1.3331126e-001
 1.3378203e-001
 1.3422304e-001
 1.3463584e-001
-1.2300000e+034
 1.3538291e-001
 1.3572015e-001
 1.3603510e-001
 1.3632917e-001
 1.3660394e-001
 1.3686086e-001
 1.3710146e-001
 1.3732721e-001
 1.3753961e-001
 1.3774018e-001
 1.3793008e-001
 1.3811049e-001
 1.3828216e-001
 1.3844591e-001
 1.3860252e-001
 1.3875285e-001
 1.3889761e-001
 1.3903768e-001
 1.3917381e-001
 1.3930681e-001
 1.3943769e-001
 1.3956736e-001
 1.3969694e-001
 1.3982759e-001
 1.3996047e-001
 1.4009660e-001
 1.4023721e-001
 1.4038339e-001
 1.4053628e-001
 1.4069700e-001
 1.4086598e-001
 1.4104187e-001
 1.4122267e-001
 1.4140633e-001
 1.4159082e-001
 1.4177412e-001
 1.4195421e-001
 1.4212905e-001
 1.4229661e-001
 1.4245489e-001
 1.4260246e-001
 1.4273955e-001
 1.4286700e-001
 1.4298566e-001
 1.4309637e-001
 1.4320002e-001
 1.4329746e-001
 1.4338952e-001
 1.4347708e-001
 1.4356099e-001
 1.4364214e-001
 1.4372222e-001
 1.4380290e-001
 1.4388588e-001
 1.4397293e-001
 1.4406568e-001
 1.4416587e-001
 1.4427519e-001
 1.4439538e-001
 1.4452808e-001
 1.4467452e-001
 1.4483283e-001
 1.4500059e-001
 1.4517541e-001
 1.4535487e-001
 1.4553653e-001
 1.4571801e-001
 1.4589687e-001
 1.4607072e-001
 1.4623715e-001
 1.4639439e-001
 1.4654332e-001
 1.4668551e-001
 1.4682245e-001
 1.4695574e-001
 1.4708686e-001
 1.4721741e-001
 1.4734888e-001
 1.4748284e-001
 1.4762081e-001
 1.4776407e-001
 1.4791282e-001
 1.4806695e-001
 1.4822641e-001
 1.4839107e-001
 1.4856087e-001
 1.4873573e-001
 1.4891556e-001
 1.4910027e-001
 1.4928980e-001
 1.4948376e-001
 1.4968067e-001
 1.4987880e-001
 1.5007633e-001
 1.5027155e-001
 1.5046269e-001
 1.5064798e-001
 1.5082563e-001
 1.5099394e-001
 1.5115114e-001
 1.5129603e-001
 1.5143000e-001
 1.5155497e-001
 1.5167293e-001
 1.5178582e-001
 1.5189555e-001
 1.5200415e-001
 1.5211353e-001
 1.5222563e-001
 1.5234242e-001
 1.5246540e-001
 1.5259415e-001
 1.5272777e-001
 1.5286544e-001
 1.5300624e-001
 1.5314934e-001
 1.5329382e-001
 1.5343884e-001
 1.5358350e-001
 1.5372694e-001
 1.5386802e-001
 1.5400451e-001
 1.5413399e-001
 1.5425394e-001
 1.5436193e-001
 1.5445545e-001
 1.5453206e-001
 1.5458927e-001
 1.5462461e-001
 1.5463561e-001
 1.5462083e-001
 1.5458298e-001
 1.5452591e-001
 1.5445341e-001
 1.5436931e-001
 1.5427743e-001
 1.5418157e-001
 1.5408553e-001
 1.5399316e-001
 1.5390825e-001
 1.5383404e-001
 1.5377103e-001
 1.5371911e-001
 1.5367819e-001
 1.5364821e-001
 1.5362909e-001
 1.5362073e-001
 1.5362306e-001
 1.5363601e-001
 1.5365948e-001
 1.5369293e-001
 1.5373398e-001
 1.5377976e-001
 1.5382747e-001
 1.5387425e-001
 1.5391721e-001
 1.5395355e-001
 1.5398040e-001
 1.5399493e-001
 1.5399429e-001
 1.5397617e-001
 1.5394062e-001
 1.5388820e-001
 1.5381956e-001
 1.5373535e-001
 1.5363611e-001
 1.5352252e-001
 1.5339512e-001
 1.5325455e-001
-1.2300000e+034
 1.5293659e-001
 1.5276045e-001
 1.5257360e-001
 1.5237667e-001
 1.5217027e-001
 1.5195501e-001
 1.5173149e-001
 1.5150033e-001
 1.5126216e-001
-1.2300000e+034
 1.5076689e-001
 1.5051101e-001
 1.5025054e-001
 1.4998607e-001
 1.4971824e-001
 1.4944765e-001
 1.4917491e-001
 1.4890063e-001
 1.4862543e-001
-1.2300000e+034
 1.4807472e-001
 1.4780043e-001
 1.4752766e-001
 1.4725703e-001
 1.4698915e-001
 1.4672464e-001
 1.4646412e-001
 1.4620818e-001
 1.4595741e-001
 1.4571248e-001
 1.4547445e-001
 1.4524491e-001
 1.4502592e-001
 1.4481959e-001
 1.4462797e-001
 1.4445315e-001
 1.4429720e-001
 1.4416215e-001
 1.4405015e-001
 1.4396325e-001
 1.4390257e-001
 1.4386584e-001
 1.4384980e-001
 1.4385112e-001
 1.4386658e-001
 1.4389288e-001
 1.4392674e-001
 1.4396487e-001
 1.4400403e-001
 1.4404091e-001
 1.4407329e-001
 1.4410308e-001
 1.4413327e-001
 1.4416684e-001
 1.4420676e-001
 1.4425600e-001
 1.4431752e-001
 1.4439432e-001
 1.4448936e-001
 1.4460564e-001
 1.4474510e-001
 1.4490570e-001
 1.4508446e-001
 1.4527829e-001
 1.4548421e-001
 1.4569916e-001
 1.4592010e-001
 1.4614402e-001
 1.4636786e-001
 1.4658862e-001
 1.4680408e-001
 1.4701533e-001
 1.4722429e-001
 1.4743289e-001
 1.4764304e-001
 1.4785667e-001
 1.4807563e-001
 1.4830193e-001
 1.4853743e-001
 1.4878409e-001
 1.4904329e-001
 1.4931460e-001
 1.4959696e-001
 1.4988944e-001
 1.5019104e-001
 1.5050076e-001
 1.5081768e-001
 1.5114072e-001
 1.5146899e-001
-1.2300000e+034
 1.5213749e-001
 1.5247576e-001
 1.5281530e-001
 1.5315510e-001
 1.5349419e-001
 1.5383153e-001
 1.5416622e-001
 1.5449727e-001
 1.5482360e-001
 1.5514432e-001
 1.5545848e-001
 1.5576768e-001
 1.5607341e-001
 1.5637740e-001
 1.5668118e-001
 1.5698639e-001
 1.5729468e-001
 1.5760756e-001
 1.5792674e-001
 1.5825374e-001
 1.5858962e-001
 1.5893294e-001
 1.5928155e-001
 1.5963344e-001
 1.5998648e-001
 1.6033864e-001
 1.6068788e-001
 1.6103204e-001
 1.6136912e-001
 1.6169697e-001
 1.6201442e-001
 1.6232155e-001
 1.6261931e-001
 1.6290866e-001
 1.6319054e-001
 1.6346595e-001
 1.6373585e-001
 1.6400120e-001
 1.6426291e-001
 1.6452198e-001
 1.6477883e-001
 1.6503352e-001
 1.6528550e-001
 1.6553429e-001
 1.6577937e-001
 1.6602026e-001
 1.6625647e-001
 1.6648746e-001
 1.6671276e-001
 1.6693184e-001
 1.6714442e-001
 1.6734961e-001
 1.6754672e-001
 1.6773514e-001
 1.6791420e-001
 1.6808321e-001
 1.6824149e-001
 1.6838840e-001
 1.6852328e-001
 1.6864546e-001
 1.6875450e-001
 1.6885155e-001
 1.6893798e-001
 1.6901511e-001
 1.6908433e-001
 1.6914696e-001
 1.6920435e-001
 1.6925786e-001
 1.6930887e-001
 1.6935869e-001
 1.6940807e-001
 1.6945505e-001
 1.6949697e-001
 1.6953126e-001
 1.6955532e-001
 1.6956653e-001
 1.6956225e-001
 1.6953994e-001
 1.6949698e-001
 1.6943072e-001
 1.6933975e-001
 1.6922708e-001
 1.6909704e-001
 1.6895379e-001
 1.6880158e-001
 1.6864465e-001
 1.6848724e-001
 1.6833352e-001
 1.6818777e-001
 1.6805419e-001
 1.6793518e-001
 1.6782553e-001
 1.6771825e-001
 1.6760626e-001
 1.6748260e-001
 1.6734016e-001
 1.6717196e-001
 1.6697095e-001
 1.6673009e-001
 1.6644235e-001
 1.6610268e-001
 1.6571391e-001
 1.6528092e-001
 1.6480848e-001
 1.6430138e-001
 1.6376449e-001
 1.6320263e-001
 1.6262069e-001
 1.6202335e-001
 1.6141550e-001
 1.6080125e-001
 1.6018185e-001
 1.5955779e-001
 1.5892960e-001
 1.5829791e-001
 1.5766306e-001
 1.5702565e-001
 1.5638620e-001
 1.5574527e-001
-1.2300000e+034
 1.5446092e-001
 1.5381859e-001
 1.5317692e-001
 1.5253624e-001
 1.5189721e-001
 1.5126029e-001
 1.5062606e-001
 1.4999510e-001
 1.4936775e-001
-1.2300000e+034
 1.4812632e-001
 1.4751324e-001
 1.4690596e-001
 1.4630499e-001
 1.4571087e-001
 1.4512420e-001
 1.4454532e-001
 1.4397486e-001
 1.4341334e-001
-1.2300000e+034
 1.4231914e-001
 1.4178751e-001
 1.4126699e-001
 1.4075793e-001
 1.4026093e-001
 1.3977651e-001
 1.3930520e-001
 1.3884757e-001
 1.3840403e-001
-1.2300000e+034
 1.3756150e-001
 1.3716359e-001
 1.3678187e-001
 1.3641690e-001
 1.3606921e-001
 1.3573936e-001
 1.3542780e-001
 1.3513508e-001
 1.3486178e-001
 1.3460831e-001
 1.3437442e-001
 1.3415785e-001
 1.3395551e-001
 1.3376419e-001
 1.3358082e-001
 1.3340229e-001
 1.3322540e-001
 1.3304706e-001
 1.3286412e-001
 1.3267352e-001
 1.3247319e-001
 1.3226441e-001
 1.3204958e-001
 1.3183105e-001
 1.3161117e-001
 1.3139236e-001
 1.3117693e-001
 1.3096736e-001
 1.3076593e-001
 1.3057503e-001
 1.3039656e-001
 1.3023145e-001
 1.3008019e-001
 1.2994319e-001
 1.2982093e-001
 1.2971380e-001
 1.2962230e-001
 1.2954682e-001
 1.2948786e-001
 1.2944582e-001
 1.2942101e-001
 1.2941298e-001
 1.2942113e-001
 1.2944490e-001
 1.2948376e-001
 1.2953708e-001
 1.2960431e-001
 1.2968485e-001
 1.2977819e-001
 1.2988372e-001
 1.3000138e-001
 1.3013244e-001
 1.3027866e-001
 1.3044181e-001
 1.3062359e-001
 1.3082585e-001
 1.3105026e-001
 1.3129866e-001
 1.3157274e-001
 1.3187426e-001
 1.3220419e-001
 1.3256027e-001
 1.3293925e-001
 1.3333811e-001
 1.3375367e-001
 1.3418290e-001
 1.3462253e-001
 1.3506953e-001
 1.3552082e-001
 1.3597314e-001
 1.3642341e-001
 1.3687091e-001
 1.3731480e-001
 1.3775450e-001
 1.3818917e-001
 1.3861807e-001
 1.3904040e-001
 1.3945542e-001
 1.3986243e-001
 1.4026065e-001
 1.4064966e-001
 1.4102818e-001
 1.4139527e-001
 1.4174999e-001
 1.4209141e-001
 1.4241862e-001
 1.4273064e-001
 1.4302653e-001
 1.4330542e-001
 1.4356631e-001
 1.4380918e-001
 1.4403743e-001
 1.4425527e-001
 1.4446698e-001
 1.4467682e-001
 1.4488907e-001
 1.4510792e-001
 1.4533769e-001
 1.4558263e-001
 1.4584696e-001
 1.4613354e-001
 1.4643951e-001
 1.4676049e-001
 1.4709224e-001
 1.4743043e-001
 1.4777078e-001
 1.4810891e-001
 1.4844057e-001
 1.4876150e-001
-1.2300000e+034
 1.4935367e-001
 1.4961638e-001
 1.4985108e-001
 1.5005606e-001
 1.5023266e-001
 1.5038243e-001
 1.5050690e-001
 1.5060765e-001
 1.5068626e-001
-1.2300000e+034
-1.2300000e+034
 1.4685188e-001
 1.4719778e-001
 1.4754915e-001
 1.4790116e-001
 1.4824905e-001
 1.4858812e-001
 1.4891352e-001
 1.4922044e-001
 1.4950413e-001
 1.4975986e-001
 1.4998388e-001
 1.5017685e-001
 1.5034048e-001
 1.5047656e-001
 1.5058674e-001
 1.5067281e-001
 1.5073645e-001
 1.5077944e-001
 1.5080346e-001
 1.5081027e-001
 1.5080164e-001
 1.5077959e-001
 1.5074614e-001
 1.5070336e-001
 1.5065330e-001
 1.5059799e-001
 1.5053952e-001
 1.5047991e-001
 1.5042122e-001
 1.5036549e-001
 1.5031363e-001
 1.5026188e-001
 1.5020536e-001
 1.5013918e-001
 1.5005840e-001
 1.4995816e-001
 1.4983353e-001
 1.4967963e-001
 1.4949155e-001
 1.4926438e-001
 1.4899483e-001
 1.4868581e-001
 1.4834188e-001
 1.4796759e-001
 1.4756742e-001
 1.4714591e-001
 1.4670761e-001
 1.4625704e-001
 1.4579867e-001
 1.4533715e-001
 1.4487568e-001
 1.4441238e-001
 1.4394434e-001
 1.4346831e-001
 1.4298141e-001
 1.4248048e-001
 1.4196239e-001
 1.4142422e-001
 1.4086273e-001
 1.4027502e-001
 1.3965836e-001
 1.3901171e-001
 1.3833463e-001
 1.3762666e-001
 1.3688715e-001
 1.3611552e-001
 1.3531128e-001
 1.3447398e-001
 1.3360302e-001
 1.3269775e-001
 1.3175952e-001
 1.3079083e-001
 1.2979582e-001
 1.2877870e-001
 1.2774365e-001
 1.2669489e-001
 1.2563655e-001
 1.2457287e-001
 1.2350803e-001
 1.2244620e-001
 1.2138975e-001
 1.2034062e-001
 1.1929864e-001
 1.1826366e-001
 1.1723576e-001
 1.1621504e-001
 1.1520132e-001
 1.1419448e-001
 1.1319456e-001
-1.2300000e+034
 1.1121567e-001
 1.1023637e-001
 1.0926387e-001
 1.0829825e-001
 1.0733937e-001
 1.0638707e-001
 1.0544142e-001
 1.0450251e-001
 1.0357019e-001
-1.2300000e+034
 1.0172593e-001
 1.0081402e-001
 9.9908531e-002
 9.9009454e-002
 9.8116733e-002
 9.7230352e-002
 9.6350238e-002
 9.5476389e-002
 9.4608769e-002
-1.2300000e+034
 9.2891112e-002
 9.2041120e-002
 9.1197237e-002
 9.0359300e-002
 8.9527376e-002
 8.8701546e-002
 8.7881662e-002
 8.7067597e-002
 8.6259402e-002
-1.2300000e+034
 8.4661454e-002
 8.3871536e-002
 8.3087333e-002
 8.2308821e-002
 8.1535958e-002
 8.0768622e-002
 8.0006957e-002
 7.9250850e-002
 7.8500248e-002
-1.2300000e+034
 7.7014744e-002
 7.6279685e-002
 7.5550094e-002
 7.4825764e-002
 7.4106827e-002
 7.3393159e-002
 7.2684668e-002
 7.1981438e-002
 7.1283303e-002
-1.2300000e+034
 6.9903217e-002
 6.9221109e-002
 6.8544015e-002
 6.7871884e-002
 6.7204721e-002
 6.6542462e-002
 6.5885067e-002
 6.5232515e-002
 6.4584769e-002
-1.2300000e+034
 6.3303553e-002
 6.2670007e-002
 6.2041122e-002
 6.1416864e-002
 6.0797125e-002
 6.0182013e-002
 5.9571426e-002
 5.8965325e-002
 5.8363669e-002
-1.2300000e+034
 5.7173006e-002
 5.6583863e-002
 5.5999108e-002
 5.5418558e-002
 5.4842331e-002
 5.4270308e-002
 5.3702395e-002
 5.3138688e-002
 5.2579019e-002
 5.2023485e-002
 5.1473673e-002
 5.0934859e-002
 5.0413989e-002
 4.9918044e-002
 4.9453981e-002
 4.9028769e-002
 4.8649363e-002
 4.8322745e-002
 4.8055857e-002
 4.7855686e-002
 4.7726091e-002
 4.7658581e-002
 4.7641557e-002
 4.7663435e-002
 4.7712624e-002
 4.7777537e-002
 4.7846567e-002
 4.7908131e-002
 4.7950640e-002
 4.7962505e-002
 4.7935069e-002
 4.7871418e-002
 4.7777578e-002
 4.7659572e-002
 4.7523428e-002
 4.7375165e-002
 4.7220808e-002
 4.7066391e-002
 4.6917927e-002
 4.6781443e-002
 4.6662230e-002
 4.6562649e-002
 4.6484321e-002
 4.6428867e-002
 4.6397906e-002
 4.6393074e-002
 4.6415985e-002
 4.6468273e-002
 4.6551540e-002
 4.6667427e-002
 4.6815939e-002
 4.6990667e-002
 4.7183570e-002
 4.7386624e-002
 4.7591802e-002
 4.7791105e-002
 4.7976434e-002
 4.8139818e-002
 4.8273195e-002
 4.8368562e-002
 4.8420891e-002
 4.8437253e-002
 4.8427697e-002
 4.8402313e-002
 4.8371162e-002
 4.8344318e-002
 4.8331849e-002
 4.8343830e-002
 4.8390333e-002
 4.8481427e-002
 4.8624359e-002
 4.8815101e-002
 4.9046792e-002
 4.9312577e-002
 4.9605638e-002
 4.9919046e-002
 5.0245982e-002
 5.0579585e-002
 5.0913006e-002
 5.1239386e-002
 5.1553313e-002
 5.1855169e-002
 5.2146785e-002
 5.2429970e-002
 5.2706562e-002
 5.2978422e-002
 5.3247303e-002
 5.3515069e-002
 5.3783532e-002
 5.4054540e-002
 5.4329209e-002
 5.4607473e-002
 5.4888677e-002
 5.5172063e-002
 5.5456910e-002
 5.5742446e-002
 5.6028046e-002
 5.6312926e-002
 5.6596350e-002
 5.6877650e-002
 5.7156529e-002
 5.7432946e-002
 5.7707321e-002
 5.7980075e-002
 5.8251627e-002
 5.8522396e-002
 5.8792803e-002
 5.9063267e-002
 5.9334207e-002
 5.9606049e-002
 5.9878875e-002
 6.0151447e-002
 6.0422178e-002
 6.0689509e-002
 6.0951855e-002
 6.1207667e-002
 6.1455317e-002
 6.1693255e-002
 6.1919902e-002
 6.2133696e-002
 6.2333595e-002
 6.2521867e-002
 6.2701352e-002
 6.2874816e-002
 6.3045099e-002
 6.3214995e-002
 6.3387275e-002
 6.3564777e-002
 6.3750267e-002
 6.3946597e-002
 6.4156003e-002
 6.4377427e-002
 6.4609192e-002
 6.4849682e-002
 6.5097243e-002
 6.5350242e-002
 6.5607026e-002
 6.5865964e-002
 6.6125400e-002
 6.6383712e-002
 6.6639207e-002
 6.6891454e-002
 6.7140095e-002
 6.7384683e-002
 6.7624755e-002
 6.7859873e-002
 6.8089649e-002
 6.8313628e-002
 6.8531357e-002
 6.8742439e-002
 6.8946756e-002
 6.9145478e-002
 6.9340169e-002
 6.9532335e-002
 6.9723472e-002
 6.9915146e-002
 7.0108861e-002
 7.0306130e-002
 7.0508473e-002
 7.0717432e-002
 7.0934214e-002
 7.1157515e-002
 7.1385719e-002
 7.1617223e-002
 7.1850397e-002
 7.2083600e-002
 7.2315224e-002
 7.2543666e-002
 7.2767280e-002
 7.2984457e-002
 7.3193878e-002
 7.3396578e-002
 7.3593952e-002
 7.3787279e-002
 7.3977970e-002
 7.4167334e-002
 7.4356675e-002
 7.4547395e-002
 7.4740797e-002
 7.4938253e-002
 7.5140707e-002
 7.5347506e-002
 7.5557724e-002
 7.5770326e-002
 7.5984299e-002
 7.6198682e-002
 7.6412462e-002
 7.6624639e-002
 7.6834194e-002
 7.7040173e-002
 7.7241898e-002
 7.7440053e-002
 7.7635735e-002
 7.7829957e-002
 7.8023799e-002
 7.8218304e-002
 7.8414500e-002
 7.8613475e-002
 7.8816228e-002
 7.9023868e-002
 7.9236910e-002
 7.9453833e-002
 7.9672679e-002
 7.9891413e-002
 8.0108039e-002
 8.0320500e-002
 8.0526851e-002
 8.0725074e-002
 8.0913119e-002
 8.1089035e-002
 8.1251457e-002
 8.1401803e-002
 8.1542157e-002
 8.1674583e-002
 8.1801198e-002
 8.1924058e-002
 8.2045250e-002
 8.2166880e-002
 8.2290985e-002
 8.2419701e-002
 8.2554430e-002
 8.2693957e-002
 8.2836464e-002
 8.2980089e-002
 8.3122954e-002
 8.3263241e-002
 8.3399087e-002
 8.3528623e-002
 8.3650000e-002
 8.3761387e-002
 8.3861388e-002
 8.3950549e-002
 8.4029913e-002
 8.4100477e-002
 8.4163286e-002
 8.4219344e-002
 8.4269680e-002
 8.4315330e-002
 8.4357291e-002
 8.4396608e-002
 8.4434018e-002
 8.4469177e-002
 8.4501460e-002
 8.4530242e-002
 8.4554888e-002
 8.4574774e-002
 8.4589280e-002
 8.4597796e-002
 8.4599666e-002
 8.4594287e-002
 8.4581286e-002
 8.4561326e-002
 8.4535345e-002
 8.4504254e-002
 8.4468998e-002
 8.4430486e-002
 8.4389657e-002
 8.4347427e-002
 8.4304743e-002
 8.4262505e-002
 8.4221266e-002
 8.4180020e-002
 8.4137343e-002
 8.4091857e-002
 8.4042169e-002
 8.3986856e-002
 8.3924524e-002
 8.3853781e-002
 8.3773226e-002
 8.3681449e-002
 8.3577409e-002
 8.3461493e-002
 8.3334394e-002
 8.3196864e-002
 8.3049588e-002
 8.2893334e-002
 8.2728803e-002
 8.2556717e-002
 8.2377821e-002
 8.2192801e-002
 8.2002722e-002
 8.1808634e-002
 8.1611983e-002
 8.1414126e-002
 8.1216469e-002
 8.1020355e-002
 8.0827236e-002
 8.0638476e-002
 8.0455430e-002
 8.0279544e-002
 8.0111519e-002
 7.9950556e-002
 7.9795115e-002
 7.9643711e-002
 7.9494841e-002
 7.9347014e-002
 7.9198711e-002
 7.9048432e-002
 7.8894697e-002
 7.8735977e-002
 7.8571565e-002
 7.8402750e-002
 7.8231677e-002
 7.8060411e-002
 7.7891022e-002
 7.7725597e-002
 7.7566251e-002
 7.7415057e-002
 7.7274092e-002
 7.7145480e-002
 7.7030592e-002
 7.6928824e-002
 7.6838829e-002
 7.6759286e-002
 7.6688863e-002
 7.6626226e-002
 7.6570041e-002
 7.6518983e-002
 7.6471716e-002
 7.6426901e-002
 7.6383233e-002
 7.6339170e-002
 7.6293223e-002
 7.6243863e-002
 7.6189585e-002
 7.6128893e-002
 7.6060265e-002
 7.5982183e-002
 7.5893149e-002
 7.5791657e-002
 7.5676672e-002
 7.5549088e-002
 7.5410321e-002
 7.5261742e-002
 7.5104751e-002
 7.4940696e-002
 7.4771024e-002
 7.4597105e-002
 7.4420288e-002
 7.4242018e-002
 7.4063726e-002
 7.3888265e-002
 7.3718503e-002
 7.3557407e-002
 7.3407829e-002
 7.3272698e-002
 7.3154934e-002
 7.3057428e-002
 7.2983094e-002
 7.2934836e-002
 7.2914153e-002
 7.2916806e-002
 7.2937183e-002
 7.2969720e-002
 7.3008776e-002
 7.3048800e-002
 7.3084168e-002
 7.3109306e-002
 7.3118590e-002
 7.3106445e-002
 7.3068932e-002
 7.3008738e-002
 7.2930232e-002
 7.2837770e-002
 7.2735682e-002
 7.2628364e-002
 7.2520159e-002
 7.2415411e-002
 7.2318472e-002
 7.2233714e-002
 7.2164744e-002
 7.2112143e-002
 7.2075784e-002
 7.2055511e-002
 7.2051175e-002
 7.2062619e-002
 7.2089694e-002
 7.2132252e-002
 7.2190166e-002
 7.2263248e-002
 7.2350286e-002
 7.2445624e-002
 7.2542571e-002
 7.2634377e-002
 7.2714336e-002
 7.2775722e-002
 7.2811827e-002
 7.2815903e-002
 7.2781250e-002
 7.2701126e-002
 7.2570771e-002
 7.2393104e-002
 7.2173014e-002
 7.1915396e-002
 7.1625143e-002
 7.1307108e-002
 7.0966199e-002
 7.0607238e-002
 7.0235193e-002
 6.9854908e-002
 6.9470473e-002
 6.9082759e-002
 6.8691969e-002
 6.8298176e-002
 6.7901462e-002
 6.7502029e-002
 6.7099974e-002
 6.6695392e-002
 6.6288359e-002
-1.2300000e+034
 6.5467678e-002
 6.5054208e-002
 6.4638786e-002
 6.4221613e-002
 6.3802749e-002
 6.3382328e-002
 6.2960468e-002
 6.2537238e-002
 6.2112853e-002
-1.2300000e+034
 6.1260972e-002
 6.0833655e-002
 6.0405672e-002
 5.9977081e-002
 5.9548013e-002
 5.9118535e-002
 5.8688864e-002
 5.8259074e-002
 5.7829224e-002
-1.2300000e+034
 5.6970105e-002
 5.6540970e-002
 5.6112364e-002
 5.5684362e-002
 5.5257019e-002
 5.4830562e-002
 5.4405063e-002
 5.3980641e-002
 5.3557366e-002
-1.2300000e+034
 5.2714985e-002
 5.2296069e-002
 5.1878780e-002
 5.1463332e-002
 5.1049806e-002
 5.0638311e-002
 5.0228972e-002
 4.9821861e-002
 4.9417190e-002
-1.2300000e+034
 4.8615899e-002
 4.8219513e-002
 4.7825985e-002
 4.7435459e-002
 4.7048029e-002
 4.6663832e-002
 4.6282984e-002
 4.5905598e-002
 4.5531794e-002
-1.2300000e+034
 4.4795085e-002
 4.4432372e-002
 4.4073772e-002
 4.3719321e-002
 4.3369230e-002
 4.3023564e-002
 4.2682413e-002
 4.2345975e-002
 4.2014282e-002
-1.2300000e+034
-1.2300000e+034
 4.2084318e-002
 4.1752934e-002
 4.1426670e-002
 4.1105609e-002
 4.0789913e-002
 4.0479749e-002
 4.0175196e-002
 3.9876342e-002
 3.9583348e-002
-1.2300000e+034
 3.9015476e-002
 3.8740844e-002
 3.8472533e-002
 3.8210738e-002
 3.7955519e-002
 3.7707027e-002
 3.7465412e-002
 3.7230749e-002
 3.7003212e-002
-1.2300000e+034
 3.6569905e-002
 3.6364380e-002
 3.6166459e-002
 3.5976272e-002
 3.5793934e-002
 3.5619546e-002
 3.5453241e-002
 3.5295174e-002
 3.5145447e-002
-1.2300000e+034
 3.4871597e-002
 3.4747727e-002
 3.4632657e-002
 3.4526549e-002
 3.4429505e-002
 3.4341637e-002
 3.4263086e-002
 3.4193959e-002
 3.4134399e-002
-1.2300000e+034
 3.4044404e-002
 3.4014244e-002
 3.3994149e-002
 3.3984251e-002
 3.3984676e-002
 3.3995543e-002
 3.4016974e-002
 3.4049101e-002
 3.4092046e-002
-1.2300000e+034
 3.4210786e-002
 3.4286823e-002
 3.4374140e-002
 3.4472872e-002
 3.4583136e-002
 3.4705076e-002
 3.4838781e-002
 3.4984387e-002
 3.5142027e-002
-1.2300000e+034
 3.5493702e-002
 3.5687972e-002
 3.5894703e-002
 3.6114082e-002
 3.6346216e-002
 3.6591206e-002
 3.6849186e-002
 3.7120253e-002
 3.7404593e-002
 3.7702281e-002
 3.8011618e-002
 3.8321722e-002
 3.8619850e-002
 3.8893260e-002
 3.9129242e-002
 3.9314989e-002
 3.9437801e-002
 3.9484926e-002
 3.9443620e-002
 3.9301150e-002
 3.9050788e-002
 3.8708311e-002
 3.8295351e-002
 3.7833393e-002
 3.7344057e-002
 3.6848921e-002
 3.6369570e-002
 3.5927631e-002
 3.5544574e-002
 3.5242040e-002
 3.5036139e-002
 3.4921166e-002
 3.4885924e-002
 3.4919247e-002
 3.5009962e-002
 3.5146851e-002
 3.5318781e-002
 3.5514567e-002
 3.5723012e-002
 3.5932954e-002
 3.6135167e-002
 3.6328223e-002
 3.6512740e-002
 3.6689259e-002
 3.6858335e-002
 3.7020512e-002
 3.7176393e-002
 3.7326518e-002
 3.7471436e-002
 3.7611742e-002
 3.7747890e-002
 3.7880003e-002
 3.8008086e-002
 3.8132213e-002
 3.8252391e-002
 3.8368661e-002
 3.8481034e-002
 3.8589545e-002
 3.8694248e-002
-1.2300000e+034
 3.8892213e-002
 3.8985539e-002
 3.9075155e-002
 3.9161123e-002
 3.9243452e-002
 3.9322186e-002
 3.9397348e-002
 3.9468948e-002
 3.9537050e-002
-1.2300000e+034
 3.9662849e-002
 3.9720584e-002
 3.9774947e-002
 3.9825950e-002
 3.9873619e-002
 3.9917983e-002
 3.9959088e-002
 3.9996952e-002
 4.0031604e-002
-1.2300000e+034
 4.0091421e-002
 4.0116634e-002
 4.0138766e-002
 4.0157843e-002
 4.0173896e-002
 4.0186953e-002
 4.0197052e-002
 4.0204212e-002
 4.0208470e-002
 4.0209856e-002
 4.0208440e-002
 4.0204484e-002
 4.0198252e-002
 4.0190049e-002
 4.0180139e-002
 4.0168826e-002
 4.0156379e-002
 4.0143095e-002
 4.0129259e-002
 4.0115144e-002
 4.0101003e-002
 4.0087003e-002
 4.0073249e-002
 4.0059879e-002
 4.0047009e-002
 4.0034745e-002
 4.0023230e-002
 4.0012572e-002
 4.0002894e-002
 3.9994314e-002
 3.9987117e-002
 3.9982203e-002
 3.9980616e-002
 3.9983422e-002
 3.9991666e-002
 4.0006414e-002
 4.0028706e-002
 4.0059622e-002
 4.0100209e-002
 4.0151514e-002
 4.0213786e-002
 4.0284459e-002
 4.0360112e-002
 4.0437385e-002
 4.0512912e-002
 4.0583286e-002
 4.0645145e-002
 4.0695108e-002
 4.0729798e-002
 4.0745832e-002
 4.0740948e-002
 4.0717438e-002
 4.0678732e-002
 4.0628273e-002
 4.0569499e-002
 4.0505882e-002
 4.0440839e-002
 4.0377807e-002
 4.0320240e-002
 4.0271599e-002
 4.0234417e-002
 4.0207498e-002
 4.0188808e-002
 4.0176284e-002
 4.0167861e-002
 4.0161498e-002
 4.0155139e-002
 4.0146723e-002
 4.0134199e-002
 4.0115520e-002
 4.0089481e-002
 4.0058296e-002
 4.0025059e-002
 3.9992839e-002
 3.9964709e-002
 3.9943751e-002
 3.9933044e-002
 3.9935660e-002
 3.9954685e-002
 3.9993182e-002
 4.0053077e-002
 4.0131684e-002
 4.0225107e-002
 4.0329490e-002
 4.0440995e-002
 4.0555719e-002
 4.0669806e-002
 4.0779408e-002
 4.0880673e-002
 4.0969692e-002
 4.1043721e-002
 4.1104332e-002
 4.1154157e-002
 4.1195873e-002
 4.1232135e-002
 4.1265607e-002
 4.1298926e-002
 4.1334763e-002
 4.1375786e-002
 4.1424632e-002
 4.1483175e-002
 4.1550487e-002
 4.1624863e-002
 4.1704603e-002
 4.1788004e-002
 4.1873381e-002
 4.1958999e-002
 4.2043176e-002
 4.2124201e-002
 4.2200387e-002
 4.2270441e-002
 4.2334761e-002
 4.2394169e-002
 4.2449471e-002
 4.2501505e-002
 4.2551059e-002
 4.2598955e-002
 4.2646021e-002
 4.2693064e-002
 4.2740904e-002
 4.2790089e-002
 4.2840142e-002
 4.2890295e-002
 4.2939790e-002
 4.2987868e-002
 4.3033786e-002
 4.3076776e-002
 4.3116100e-002
 4.3150984e-002
 4.3180682e-002
 4.3205258e-002
 4.3228228e-002
 4.3253891e-002
 4.3286584e-002
 4.3330614e-002
 4.3390289e-002
 4.3469954e-002
 4.3573912e-002
 4.3706480e-002
 4.3871984e-002
 4.4072762e-002
 4.4302102e-002
 4.4551220e-002
 4.4811353e-002
 4.5073796e-002
 4.5329656e-002
 4.5570221e-002
 4.5786731e-002
 4.5970410e-002
 4.6112493e-002
 4.6206880e-002
 4.6258654e-002
 4.6275452e-002
 4.6264928e-002
 4.6234734e-002
 4.6192531e-002
 4.6145942e-002
 4.6102628e-002
 4.6070233e-002
 4.6056416e-002
 4.6067148e-002
 4.6101723e-002
 4.6157766e-002
 4.6232905e-002
 4.6324737e-002
 4.6430927e-002
 4.6549078e-002
 4.6676818e-002
 4.6811767e-002
 4.6951551e-002
 4.7093838e-002
 4.7237288e-002
 4.7380712e-002
 4.7522817e-002
 4.7662314e-002
 4.7798000e-002
 4.7928609e-002
 4.8052866e-002
 4.8169490e-002
 4.8277281e-002
 4.8375163e-002
 4.8462935e-002
 4.8540596e-002
 4.8608180e-002
 4.8665684e-002
 4.8713114e-002
 4.8750490e-002
 4.8777793e-002
 4.8795067e-002
 4.8802309e-002
 4.8799813e-002
 4.8789043e-002
 4.8771735e-002
 4.8749644e-002
 4.8724517e-002
 4.8698097e-002
 4.8672121e-002
 4.8648350e-002
 4.8628528e-002
 4.8614390e-002
 4.8606671e-002
 4.8602011e-002
 4.8596051e-002
 4.8584398e-002
 4.8562709e-002
 4.8526581e-002
 4.8471648e-002
 4.8393551e-002
 4.8287928e-002
 4.8150364e-002
 4.7978397e-002
 4.7777094e-002
 4.7553476e-002
 4.7314402e-002
 4.7066875e-002
 4.6817861e-002
 4.6574324e-002
 4.6343274e-002
 4.6131559e-002
 4.5946207e-002
 4.5792177e-002
 4.5665406e-002
 4.5559946e-002
 4.5469861e-002
 4.5389149e-002
 4.5311838e-002
 4.5231968e-002
 4.5143601e-002
 4.5040749e-002
 4.4917416e-002
 4.4769093e-002
 4.4597048e-002
 4.4403896e-002
 4.4192247e-002
 4.3964792e-002
 4.3724261e-002
 4.3473236e-002
 4.3214329e-002
 4.2950243e-002
 4.2683706e-002
 4.2417306e-002
 4.2153645e-002
 4.1895445e-002
 4.1645426e-002
 4.1406192e-002
 4.1180346e-002
 4.0970609e-002
 4.0779684e-002
 4.0610183e-002
 4.0464737e-002
 4.0344749e-002
 4.0246438e-002
 4.0164661e-002
 4.0094301e-002
 4.0030275e-002
 3.9967492e-002
 3.9900836e-002
 3.9825175e-002
 3.9735425e-002
 3.9626509e-002
 3.9495125e-002
 3.9344501e-002
 3.9179731e-002
 3.9005782e-002
 3.8827769e-002
 3.8650684e-002
 3.8479529e-002
 3.8319409e-002
 3.8175296e-002
 3.8052291e-002
 3.7953436e-002
 3.7873972e-002
 3.7807252e-002
 3.7746556e-002
 3.7685182e-002
 3.7616462e-002
 3.7533682e-002
 3.7430167e-002
 3.7299175e-002
 3.7134085e-002
 3.6931157e-002
 3.6698595e-002
 3.6447745e-002
 3.6189806e-002
 3.5936009e-002
 3.5697550e-002
 3.5485785e-002
 3.5311896e-002
 3.5187103e-002
 3.5122707e-002
 3.5125855e-002
 3.5187557e-002
 3.5294909e-002
 3.5434999e-002
 3.5594922e-002
 3.5761800e-002
 3.5922643e-002
 3.6064595e-002
 3.6174726e-002
 3.6240138e-002
 3.6251619e-002
 3.6214769e-002
 3.6139023e-002
 3.6033753e-002
 3.5908446e-002
 3.5772495e-002
 3.5635289e-002
 3.5506301e-002
 3.5394914e-002
 3.5310578e-002
 3.5260130e-002
 3.5239864e-002
 3.5243608e-002
 3.5265163e-002
 3.5298347e-002
 3.5336968e-002
 3.5374820e-002
 3.5405740e-002
 3.5423517e-002
 3.5421971e-002
 3.5396449e-002
 3.5348430e-002
 3.5280943e-002
 3.5197008e-002
 3.5099637e-002
 3.4991827e-002
 3.4876652e-002
 3.4757119e-002
 3.4636233e-002
 3.4517020e-002
 3.4402393e-002
 3.4294173e-002
 3.4194082e-002
 3.4103837e-002
 3.4025177e-002
 3.3959791e-002
 3.3909414e-002
 3.3875767e-002
 3.3860575e-002
 3.3865556e-002
 3.3891242e-002
 3.3933412e-002
 3.3986643e-002
 3.4045532e-002
 3.4104660e-002
 3.4158614e-002
 3.4201968e-002
 3.4229327e-002
 3.4235265e-002
 3.4214374e-002
 3.4162592e-002
 3.4081299e-002
 3.3973221e-002
 3.3841092e-002
 3.3687640e-002
 3.3515640e-002
 3.3327743e-002
 3.3126719e-002
 3.2915302e-002
 3.2696214e-002
 3.2472722e-002
 3.2250192e-002
 3.2034524e-002
 3.1831622e-002
 3.1647373e-002
 3.1487688e-002
 3.1358458e-002
 3.1265587e-002
 3.1214964e-002
 3.1212499e-002
 3.1261273e-002
 3.1353150e-002
 3.1477164e-002
 3.1622361e-002
 3.1777762e-002
 3.1932466e-002
 3.2075502e-002
 3.2195903e-002
 3.2282721e-002
 3.2324996e-002
 3.2315154e-002
 3.2259036e-002
 3.2165766e-002
 3.2044418e-002
 3.1904113e-002
 3.1753965e-002
 3.1603079e-002
 3.1460602e-002
 3.1335566e-002
 3.1237118e-002
 3.1171663e-002
 3.1134753e-002
 3.1119248e-002
 3.1117991e-002
 3.1123837e-002
 3.1129643e-002
 3.1128252e-002
 3.1112529e-002
 3.1075316e-002
 3.1009460e-002
 3.0909978e-002
 3.0780539e-002
 3.0626874e-002
 3.0454809e-002
 3.0270183e-002
 3.0078702e-002
 2.9886205e-002
 2.9698487e-002
 2.9521381e-002
 2.9360602e-002
 2.9221073e-002
 2.9104033e-002
 2.9009821e-002
 2.8938714e-002
 2.8891064e-002
 2.8867193e-002
 2.8867422e-002
 2.8892066e-002
 2.8941460e-002
 2.9015921e-002
 2.9114135e-002
 2.9228996e-002
 2.9351765e-002
 2.9473698e-002
 2.9586110e-002
 2.9680312e-002
 2.9747549e-002
 2.9779110e-002
 2.9766299e-002
 2.9700378e-002
 2.9575361e-002
 2.9396236e-002
 2.9170582e-002
 2.8906176e-002
 2.8610552e-002
 2.8291445e-002
 2.7956603e-002
 2.7613536e-002
 2.7270067e-002
 2.6933707e-002
 2.6611971e-002
 2.6311439e-002
 2.6038239e-002
 2.5798781e-002
 2.5599221e-002
 2.5445895e-002
 2.5345104e-002
 2.5303071e-002
 2.5326092e-002
 2.5420448e-002
 2.5589835e-002
 2.5828976e-002
 2.6130011e-002
 2.6485249e-002
 2.6886946e-002
 2.7327469e-002
 2.7798863e-002
 2.8293485e-002
 2.8803719e-002
 2.9321576e-002
 2.9321576e-002
-1.2300000e+034
-1.2300000e+034
-1.2300000e+034
-1.2300000e+034
-1.2300000e+034
-1.2300000e+034
-1.2300000e+034
-1.2300000e+034
-1.2300000e+034
-1.2300000e+034
-1.2300000e+034
-1.2300000e+034
-1.2300000e+034
-1.2300000e+034
-1.2300000e+034
-1.2300000e+034
-1.2300000e+034
-1.2300000e+034
-1.2300000e+034
-1.2300000e+034
-1.2300000e+034
-1.2300000e+034
-1.2300000e+034
-1.2300000e+034
-1.2300000e+034
-1.2300000e+034
-1.2300000e+034
-1.2300000e+034
