splib07b Record=31957: WhitebarkPine YNP-WB-2 frst AVIRISb RTGC
-1.2300000e+034
-1.2300000e+034
-1.2300000e+034
-1.2300000e+034
-1.2300000e+034
-1.2300000e+034
-1.2300000e+034
-1.2300000e+034
-1.2300000e+034
-1.2300000e+034
-1.2300000e+034
-1.2300000e+034
-1.2300000e+034
-1.2300000e+034
-1.2300000e+034
-1.2300000e+034
-1.2300000e+034
-1.2300000e+034
-1.2300000e+034
-1.2300000e+034
-1.2300000e+034
-1.2300000e+034
-1.2300000e+034
-1.2300000e+034
-1.2300000e+034
-1.2300000e+034
-1.2300000e+034
-1.2300000e+034
-1.2300000e+034
-1.2300000e+034
-1.2300000e+034
-1.2300000e+034
-1.2300000e+034
-1.2300000e+034
-1.2300000e+034
-1.2300000e+034
-1.2300000e+034
-1.2300000e+034
-1.2300000e+034
 3.4614712e-002
 3.4614712e-002
 3.4449872e-002
 3.4284387e-002
 3.4117591e-002
 3.3948846e-002
 3.3777490e-002
 3.3602875e-002
 3.3424359e-002
 3.3241272e-002
 3.3052981e-002
 3.2858819e-002
 3.2658588e-002
 3.2455083e-002
 3.2251596e-002
 3.2051366e-002
 3.1857666e-002
 3.1673770e-002
 3.1502940e-002
 3.1348433e-002
 3.1213522e-002
 3.1101473e-002
 3.1014252e-002
 3.0949170e-002
 3.0902166e-002
 3.0869206e-002
 3.0846242e-002
 3.0829223e-002
 3.0814108e-002
 3.0796845e-002
 3.0773394e-002
 3.0739704e-002
 3.0692564e-002
 3.0632090e-002
 3.0559238e-002
 3.0474950e-002
 3.0380178e-002
 3.0275874e-002
 3.0162988e-002
 3.0042477e-002
 2.9915277e-002
 2.9782351e-002
 2.9644534e-002
 2.9503932e-002
 2.9362557e-002
 2.9222427e-002
 2.9085560e-002
 2.8953962e-002
 2.8829649e-002
 2.8714640e-002
 2.8610948e-002
 2.8520586e-002
 2.8444950e-002
 2.8383374e-002
 2.8334552e-002
 2.8297173e-002
 2.8269926e-002
 2.8251495e-002
 2.8240569e-002
 2.8235838e-002
 2.8235987e-002
 2.8239707e-002
 2.8245768e-002
 2.8253265e-002
 2.8261371e-002
 2.8269270e-002
 2.8276134e-002
 2.8281147e-002
 2.8283477e-002
 2.8282309e-002
 2.8276814e-002
 2.8266175e-002
 2.8249770e-002
 2.8228024e-002
 2.8201584e-002
 2.8171100e-002
 2.8137224e-002
 2.8100604e-002
 2.8061891e-002
 2.8021736e-002
 2.7980790e-002
 2.7939701e-002
 2.7899360e-002
 2.7861610e-002
 2.7828533e-002
 2.7802218e-002
 2.7784742e-002
 2.7778197e-002
 2.7784660e-002
 2.7806215e-002
 2.7844947e-002
 2.7902944e-002
 2.7981797e-002
 2.8080638e-002
 2.8198080e-002
 2.8332714e-002
 2.8483160e-002
 2.8648011e-002
 2.8825860e-002
 2.9015336e-002
 2.9215015e-002
 2.9423527e-002
 2.9640106e-002
 2.9866664e-002
 3.0105725e-002
 3.0359818e-002
 3.0631496e-002
 3.0923318e-002
 3.1237807e-002
 3.1577487e-002
 3.1944908e-002
 3.2342646e-002
 3.2772150e-002
 3.3228152e-002
 3.3704165e-002
 3.4193784e-002
 3.4690615e-002
 3.5188168e-002
 3.5680044e-002
 3.6159813e-002
 3.6621079e-002
 3.7057351e-002
 3.7463780e-002
 3.7841689e-002
 3.8193882e-002
 3.8523261e-002
 3.8832620e-002
 3.9124846e-002
 3.9402805e-002
 3.9669305e-002
 3.9927233e-002
 4.0179409e-002
 4.0428054e-002
 4.0672809e-002
 4.0912621e-002
 4.1146491e-002
 4.1373391e-002
 4.1592304e-002
 4.1802205e-002
 4.2002074e-002
 4.2190902e-002
 4.2367648e-002
 4.2531371e-002
 4.2680424e-002
 4.2813234e-002
 4.2928249e-002
 4.3023918e-002
 4.3098666e-002
 4.3150943e-002
 4.3179188e-002
 4.3181848e-002
 4.3157354e-002
 4.3104574e-002
 4.3024406e-002
 4.2918213e-002
 4.2787377e-002
 4.2633280e-002
 4.2457275e-002
 4.2260751e-002
 4.2045075e-002
 4.1811619e-002
 4.1561764e-002
 4.1297503e-002
 4.1021682e-002
 4.0737744e-002
 4.0449128e-002
 4.0159255e-002
 3.9871596e-002
 3.9589584e-002
 3.9316647e-002
 3.9056230e-002
 3.8811773e-002
 3.8585961e-002
 3.8378462e-002
 3.8188186e-002
 3.8014032e-002
 3.7854936e-002
 3.7709787e-002
 3.7577525e-002
 3.7457034e-002
 3.7347239e-002
 3.7247054e-002
 3.7155420e-002
 3.7071984e-002
 3.6996402e-002
 3.6928337e-002
 3.6867451e-002
 3.6813404e-002
 3.6765859e-002
 3.6724474e-002
 3.6688909e-002
 3.6658827e-002
 3.6633581e-002
 3.6611125e-002
 3.6589127e-002
 3.6565248e-002
 3.6537148e-002
 3.6502481e-002
 3.6458924e-002
 3.6404125e-002
 3.6335751e-002
 3.6251463e-002
 3.6149558e-002
 3.6031529e-002
 3.5899527e-002
 3.5755727e-002
 3.5602283e-002
 3.5441376e-002
 3.5275146e-002
 3.5105757e-002
 3.4935378e-002
 3.4766171e-002
 3.4600485e-002
 3.4440354e-002
 3.4288026e-002
 3.4145735e-002
 3.4015715e-002
 3.3900194e-002
 3.3801425e-002
 3.3721633e-002
 3.3663061e-002
 3.3627935e-002
 3.3617202e-002
 3.3626620e-002
 3.3650659e-002
 3.3683777e-002
 3.3720441e-002
 3.3755116e-002
 3.3782270e-002
 3.3796366e-002
 3.3791866e-002
 3.3763237e-002
 3.3706363e-002
 3.3622809e-002
 3.3515554e-002
 3.3387575e-002
 3.3241846e-002
 3.3081364e-002
 3.2909110e-002
 3.2728050e-002
 3.2541174e-002
 3.2351464e-002
 3.2161374e-002
 3.1971280e-002
 3.1781022e-002
 3.1590462e-002
 3.1399459e-002
 3.1207843e-002
 3.1015478e-002
 3.0822197e-002
 3.0627877e-002
 3.0432355e-002
 3.0235959e-002
 3.0039707e-002
 2.9845126e-002
 2.9653711e-002
 2.9466966e-002
 2.9286381e-002
 2.9113483e-002
 2.8949765e-002
 2.8796725e-002
 2.8655883e-002
 2.8528539e-002
 2.8414441e-002
 2.8313188e-002
 2.8224360e-002
 2.8147548e-002
 2.8082334e-002
 2.8028306e-002
 2.7985053e-002
 2.7952161e-002
-1.2300000e+034
-1.2300000e+034
 2.8460467e-002
 2.8356550e-002
 2.8264591e-002
 2.8184207e-002
 2.8115010e-002
 2.8056620e-002
 2.8008658e-002
 2.7970744e-002
 2.7942494e-002
 2.7923528e-002
 2.7915187e-002
 2.7925638e-002
 2.7964793e-002
 2.8042555e-002
 2.8168852e-002
 2.8353581e-002
 2.8606638e-002
 2.8937967e-002
 2.9357435e-002
 2.9875001e-002
 3.0499386e-002
 3.1230874e-002
 3.2068215e-002
 3.3010378e-002
 3.4056079e-002
 3.5204232e-002
 3.6453765e-002
 3.7803374e-002
 3.9252073e-002
 4.0798530e-002
 4.2440254e-002
 4.4168938e-002
 4.5974948e-002
 4.7848333e-002
 4.9779441e-002
 5.1758558e-002
 5.3775921e-002
 5.5821937e-002
 5.7886597e-002
 5.9960295e-002
 6.2036224e-002
 6.4119488e-002
 6.6217728e-002
 6.8339102e-002
 7.0491254e-002
 7.2682232e-002
 7.4920058e-002
 7.7212378e-002
 7.9567365e-002
 8.1992641e-002
 8.4493451e-002
 8.7063797e-002
 8.9694463e-002
 9.2376806e-002
 9.5101558e-002
 9.7859949e-002
 1.0064322e-001
 1.0344207e-001
 1.0624791e-001
 1.0905147e-001
 1.1184464e-001
 1.1462197e-001
 1.1737817e-001
 1.2010844e-001
 1.2280804e-001
 1.2547164e-001
 1.2809451e-001
 1.3067164e-001
 1.3319826e-001
 1.3566913e-001
 1.3807926e-001
 1.4042309e-001
 1.4269441e-001
 1.4488751e-001
 1.4699648e-001
 1.4901555e-001
 1.5093862e-001
 1.5275986e-001
 1.5447354e-001
 1.5607354e-001
 1.5755646e-001
 1.5892839e-001
 1.6019757e-001
 1.6137259e-001
 1.6246164e-001
 1.6347325e-001
 1.6441587e-001
 1.6529778e-001
 1.6612746e-001
 1.6691324e-001
 1.6766223e-001
 1.6837622e-001
 1.6905551e-001
 1.6970050e-001
 1.7031164e-001
 1.7088926e-001
 1.7143376e-001
 1.7194556e-001
 1.7242508e-001
-1.2300000e+034
 1.7328903e-001
 1.7367424e-001
 1.7402866e-001
 1.7435265e-001
 1.7464656e-001
 1.7491084e-001
 1.7514588e-001
 1.7535207e-001
 1.7552978e-001
 1.7567942e-001
 1.7580195e-001
 1.7590125e-001
 1.7598185e-001
 1.7604814e-001
 1.7610458e-001
 1.7615557e-001
 1.7620559e-001
 1.7625907e-001
 1.7632043e-001
 1.7639413e-001
 1.7648377e-001
 1.7658897e-001
 1.7670844e-001
 1.7684098e-001
 1.7698531e-001
 1.7714016e-001
 1.7730425e-001
 1.7747639e-001
 1.7765529e-001
 1.7783968e-001
 1.7802799e-001
 1.7821850e-001
 1.7840919e-001
 1.7859802e-001
 1.7878295e-001
 1.7896192e-001
 1.7913297e-001
 1.7929401e-001
 1.7944302e-001
 1.7957795e-001
 1.7969757e-001
 1.7980291e-001
 1.7989594e-001
 1.7997845e-001
 1.8005235e-001
 1.8011956e-001
 1.8018194e-001
 1.8024133e-001
 1.8029967e-001
 1.8035884e-001
 1.8042043e-001
 1.8048535e-001
 1.8055432e-001
 1.8062793e-001
 1.8070684e-001
 1.8079175e-001
 1.8088333e-001
 1.8098217e-001
 1.8108901e-001
 1.8120444e-001
 1.8132912e-001
 1.8146276e-001
 1.8160501e-001
 1.8175557e-001
 1.8191414e-001
 1.8208031e-001
 1.8225378e-001
 1.8243422e-001
 1.8262132e-001
 1.8281470e-001
 1.8301378e-001
 1.8321669e-001
 1.8342136e-001
 1.8362565e-001
 1.8382746e-001
 1.8402466e-001
 1.8421513e-001
 1.8439676e-001
 1.8456741e-001
 1.8472499e-001
 1.8486838e-001
 1.8500054e-001
 1.8512543e-001
 1.8524694e-001
 1.8536913e-001
 1.8549588e-001
 1.8563120e-001
 1.8577901e-001
 1.8594328e-001
 1.8612795e-001
 1.8633541e-001
 1.8656172e-001
 1.8680139e-001
 1.8704882e-001
 1.8729855e-001
 1.8754506e-001
 1.8778279e-001
 1.8800627e-001
 1.8820992e-001
 1.8838826e-001
 1.8853754e-001
 1.8866117e-001
 1.8876433e-001
 1.8885225e-001
 1.8893009e-001
 1.8900304e-001
 1.8907632e-001
 1.8915510e-001
 1.8924461e-001
 1.8934999e-001
 1.8947510e-001
 1.8961817e-001
 1.8977615e-001
 1.8994598e-001
 1.9012451e-001
 1.9030865e-001
 1.9049534e-001
 1.9068147e-001
 1.9086395e-001
 1.9103968e-001
 1.9120589e-001
 1.9136108e-001
 1.9150403e-001
 1.9163355e-001
 1.9174846e-001
 1.9184755e-001
 1.9192961e-001
 1.9199347e-001
 1.9203791e-001
 1.9206175e-001
 1.9206433e-001
 1.9204719e-001
 1.9201246e-001
 1.9196227e-001
 1.9189878e-001
 1.9182408e-001
 1.9174030e-001
 1.9164959e-001
 1.9155408e-001
 1.9145590e-001
 1.9135733e-001
 1.9126067e-001
 1.9116834e-001
 1.9108279e-001
 1.9100647e-001
 1.9094180e-001
 1.9089122e-001
 1.9085720e-001
 1.9084215e-001
 1.9084853e-001
 1.9087748e-001
 1.9092511e-001
 1.9098613e-001
 1.9105537e-001
 1.9112764e-001
 1.9119768e-001
 1.9126031e-001
 1.9131030e-001
 1.9134243e-001
 1.9135147e-001
 1.9133326e-001
 1.9128780e-001
 1.9121620e-001
 1.9111951e-001
 1.9099890e-001
 1.9085543e-001
 1.9069019e-001
 1.9050428e-001
 1.9029880e-001
-1.2300000e+034
 1.8983379e-001
 1.8957649e-001
 1.8930402e-001
 1.8901752e-001
 1.8871804e-001
 1.8840666e-001
 1.8808454e-001
 1.8775272e-001
 1.8741231e-001
-1.2300000e+034
 1.8670972e-001
 1.8634972e-001
 1.8598549e-001
 1.8561813e-001
 1.8524873e-001
 1.8487842e-001
 1.8450828e-001
 1.8413937e-001
 1.8377283e-001
-1.2300000e+034
 1.8305123e-001
 1.8269835e-001
 1.8235223e-001
 1.8201391e-001
 1.8168457e-001
 1.8136527e-001
 1.8105707e-001
 1.8076111e-001
 1.8047848e-001
 1.8021028e-001
 1.7995770e-001
 1.7972080e-001
 1.7949980e-001
 1.7929491e-001
 1.7910630e-001
 1.7893417e-001
 1.7877875e-001
 1.7864022e-001
 1.7851882e-001
 1.7841470e-001
 1.7832774e-001
 1.7825693e-001
 1.7820084e-001
 1.7815809e-001
 1.7812727e-001
 1.7810695e-001
 1.7809577e-001
 1.7809232e-001
 1.7809519e-001
 1.7810296e-001
 1.7811461e-001
 1.7813051e-001
 1.7815141e-001
 1.7817810e-001
 1.7821132e-001
 1.7825179e-001
 1.7830031e-001
 1.7835757e-001
 1.7842437e-001
 1.7850147e-001
 1.7858954e-001
 1.7868900e-001
 1.7880027e-001
 1.7892373e-001
 1.7905970e-001
 1.7920862e-001
 1.7937084e-001
 1.7954676e-001
 1.7973673e-001
 1.7994116e-001
 1.8016016e-001
 1.8039292e-001
 1.8063833e-001
 1.8089530e-001
 1.8116271e-001
 1.8143956e-001
 1.8172470e-001
 1.8201709e-001
 1.8231557e-001
 1.8261912e-001
 1.8292676e-001
 1.8323822e-001
 1.8355323e-001
 1.8387172e-001
 1.8419339e-001
 1.8451810e-001
 1.8484572e-001
 1.8517601e-001
 1.8550883e-001
-1.2300000e+034
 1.8618156e-001
 1.8652114e-001
 1.8686254e-001
 1.8720554e-001
 1.8754992e-001
 1.8789551e-001
 1.8824220e-001
 1.8858977e-001
 1.8893802e-001
 1.8928677e-001
 1.8963556e-001
 1.8998505e-001
 1.9033557e-001
 1.9068751e-001
 1.9104119e-001
 1.9139695e-001
 1.9175526e-001
 1.9211635e-001
 1.9248071e-001
 1.9284855e-001
 1.9322008e-001
 1.9359443e-001
 1.9397044e-001
 1.9434710e-001
 1.9472320e-001
 1.9509768e-001
 1.9546950e-001
 1.9583741e-001
 1.9620045e-001
 1.9655736e-001
 1.9690770e-001
 1.9725084e-001
 1.9758677e-001
 1.9791545e-001
 1.9823682e-001
 1.9855091e-001
 1.9885769e-001
 1.9915712e-001
 1.9944917e-001
 1.9973381e-001
 2.0001081e-001
 2.0028090e-001
 2.0054454e-001
 2.0080227e-001
 2.0105453e-001
 2.0130183e-001
 2.0154470e-001
 2.0178360e-001
 2.0201904e-001
 2.0225146e-001
 2.0248123e-001
 2.0270632e-001
 2.0292452e-001
 2.0313375e-001
 2.0333178e-001
 2.0351645e-001
 2.0368558e-001
 2.0383698e-001
 2.0396848e-001
 2.0407794e-001
 2.0416401e-001
 2.0422930e-001
 2.0427726e-001
 2.0431130e-001
 2.0433481e-001
 2.0435126e-001
 2.0436405e-001
 2.0437661e-001
 2.0439236e-001
 2.0441473e-001
 2.0444576e-001
 2.0448181e-001
 2.0451786e-001
 2.0454884e-001
 2.0456977e-001
 2.0457558e-001
 2.0456123e-001
 2.0452173e-001
 2.0445201e-001
 2.0434701e-001
 2.0420374e-001
 2.0402697e-001
 2.0382354e-001
 2.0360026e-001
 2.0336393e-001
 2.0312141e-001
 2.0287943e-001
 2.0264482e-001
 2.0242442e-001
 2.0222501e-001
 2.0205061e-001
 2.0189404e-001
 2.0174527e-001
 2.0159432e-001
 2.0143116e-001
 2.0124578e-001
 2.0102821e-001
 2.0076852e-001
 2.0045654e-001
 2.0008236e-001
 1.9963880e-001
 1.9912995e-001
 1.9856276e-001
 1.9794407e-001
 1.9728082e-001
 1.9657992e-001
 1.9584827e-001
 1.9509292e-001
 1.9432056e-001
 1.9353822e-001
 1.9275172e-001
 1.9196264e-001
 1.9117148e-001
 1.9037873e-001
 1.8958496e-001
 1.8879047e-001
 1.8799588e-001
 1.8720169e-001
 1.8640834e-001
-1.2300000e+034
 1.8482633e-001
 1.8403862e-001
 1.8325384e-001
 1.8247233e-001
 1.8169466e-001
 1.8092133e-001
 1.8015283e-001
 1.7938979e-001
 1.7863242e-001
-1.2300000e+034
 1.7713721e-001
 1.7640032e-001
 1.7567123e-001
 1.7495041e-001
 1.7423841e-001
 1.7353579e-001
 1.7284283e-001
 1.7216016e-001
 1.7148829e-001
-1.2300000e+034
 1.7017879e-001
 1.6954216e-001
 1.6891839e-001
 1.6830774e-001
 1.6771086e-001
 1.6712821e-001
 1.6656028e-001
 1.6600764e-001
 1.6547066e-001
-1.2300000e+034
 1.6444580e-001
 1.6395898e-001
 1.6348980e-001
 1.6303881e-001
 1.6260651e-001
 1.6219342e-001
 1.6179997e-001
 1.6142669e-001
 1.6107409e-001
 1.6074263e-001
 1.6043195e-001
 1.6014004e-001
 1.5986408e-001
 1.5960114e-001
 1.5934832e-001
 1.5910280e-001
 1.5886161e-001
 1.5862189e-001
 1.5838075e-001
 1.5813532e-001
 1.5788370e-001
 1.5762635e-001
 1.5736483e-001
 1.5710051e-001
 1.5683492e-001
 1.5656956e-001
 1.5630585e-001
 1.5604535e-001
 1.5578945e-001
 1.5553968e-001
 1.5529728e-001
 1.5506403e-001
 1.5484162e-001
 1.5463158e-001
 1.5443552e-001
 1.5425502e-001
 1.5409169e-001
 1.5394711e-001
 1.5382285e-001
 1.5372057e-001
 1.5364145e-001
 1.5358485e-001
 1.5354978e-001
 1.5353531e-001
 1.5354042e-001
 1.5356421e-001
 1.5360567e-001
 1.5366384e-001
 1.5373778e-001
 1.5382648e-001
 1.5392967e-001
 1.5404905e-001
 1.5418701e-001
 1.5434588e-001
 1.5452804e-001
 1.5473582e-001
 1.5497160e-001
 1.5523779e-001
 1.5553664e-001
 1.5587059e-001
 1.5624073e-001
 1.5664333e-001
 1.5707324e-001
 1.5752549e-001
 1.5799507e-001
 1.5847696e-001
 1.5896603e-001
 1.5945731e-001
 1.5994585e-001
 1.6042644e-001
 1.6089466e-001
 1.6135076e-001
 1.6179544e-001
 1.6222955e-001
 1.6265377e-001
 1.6306891e-001
 1.6347562e-001
 1.6387467e-001
 1.6426688e-001
 1.6465296e-001
 1.6503377e-001
 1.6540857e-001
 1.6577666e-001
 1.6613740e-001
 1.6649015e-001
 1.6683434e-001
 1.6716921e-001
 1.6749418e-001
 1.6780858e-001
 1.6811177e-001
 1.6840343e-001
 1.6868444e-001
 1.6895592e-001
 1.6921911e-001
 1.6947517e-001
 1.6972530e-001
 1.6997060e-001
 1.7021233e-001
 1.7045166e-001
 1.7068970e-001
 1.7092738e-001
 1.7116432e-001
 1.7139970e-001
 1.7163289e-001
 1.7186315e-001
 1.7208974e-001
 1.7231196e-001
 1.7252907e-001
 1.7274041e-001
-1.2300000e+034
 1.7314272e-001
 1.7333230e-001
 1.7351317e-001
 1.7368412e-001
 1.7384322e-001
 1.7398864e-001
 1.7411840e-001
 1.7423056e-001
 1.7432328e-001
-1.2300000e+034
-1.2300000e+034
 1.7146482e-001
 1.7170544e-001
 1.7194265e-001
 1.7217566e-001
 1.7240366e-001
 1.7262596e-001
 1.7284162e-001
 1.7304993e-001
 1.7325002e-001
 1.7344119e-001
 1.7362235e-001
 1.7379160e-001
 1.7394684e-001
 1.7408592e-001
 1.7420670e-001
 1.7430706e-001
 1.7438488e-001
 1.7443801e-001
 1.7446436e-001
 1.7446175e-001
 1.7442942e-001
 1.7437182e-001
 1.7429480e-001
 1.7420414e-001
 1.7410570e-001
 1.7400527e-001
 1.7390865e-001
 1.7382170e-001
 1.7375019e-001
 1.7369998e-001
 1.7367421e-001
 1.7366560e-001
 1.7366412e-001
 1.7365986e-001
 1.7364283e-001
 1.7360309e-001
 1.7353067e-001
 1.7341560e-001
 1.7324793e-001
 1.7301765e-001
 1.7271781e-001
 1.7235301e-001
 1.7193098e-001
 1.7145930e-001
 1.7094557e-001
 1.7039740e-001
 1.6982248e-001
 1.6922842e-001
 1.6862275e-001
 1.6801323e-001
 1.6740580e-001
 1.6679986e-001
 1.6619335e-001
 1.6558400e-001
 1.6496979e-001
 1.6434844e-001
 1.6371775e-001
 1.6307572e-001
 1.6241997e-001
 1.6174854e-001
 1.6105907e-001
 1.6034876e-001
 1.5961488e-001
 1.5885474e-001
 1.5806539e-001
 1.5724398e-001
 1.5638775e-001
 1.5549403e-001
 1.5455987e-001
 1.5358238e-001
 1.5256175e-001
 1.5150324e-001
 1.5041481e-001
 1.4930455e-001
 1.4818045e-001
 1.4705059e-001
 1.4592294e-001
 1.4480558e-001
 1.4370652e-001
 1.4263381e-001
 1.4159277e-001
 1.4058466e-001
 1.3960773e-001
 1.3866030e-001
 1.3774084e-001
 1.3684782e-001
 1.3597953e-001
 1.3513425e-001
 1.3431045e-001
-1.2300000e+034
 1.3272102e-001
 1.3195197e-001
 1.3119794e-001
 1.3045739e-001
 1.2972860e-001
 1.2900987e-001
 1.2829970e-001
 1.2759651e-001
 1.2689863e-001
-1.2300000e+034
 1.2551284e-001
 1.2482178e-001
 1.2412954e-001
 1.2343451e-001
 1.2273508e-001
 1.2202964e-001
 1.2131654e-001
 1.2059422e-001
 1.1986102e-001
-1.2300000e+034
 1.1835476e-001
 1.1757852e-001
 1.1678493e-001
 1.1597227e-001
 1.1513900e-001
 1.1428361e-001
 1.1340441e-001
 1.1249963e-001
 1.1156777e-001
 1.1060734e-001
 1.0961811e-001
 1.0860040e-001
 1.0755591e-001
 1.0648639e-001
 1.0539360e-001
 1.0427915e-001
 1.0314503e-001
 1.0199288e-001
 1.0082442e-001
-1.2300000e+034
 9.8444425e-002
 9.7236201e-002
 9.6018791e-002
 9.4793640e-002
 9.3562782e-002
 9.2327833e-002
 9.1090396e-002
 8.9852497e-002
 8.8615611e-002
-1.2300000e+034
 8.6153753e-002
 8.4932119e-002
 8.3718620e-002
 8.2514979e-002
 8.1322961e-002
 8.0144286e-002
 7.8980736e-002
 7.7834010e-002
 7.6705873e-002
-1.2300000e+034
 7.4512362e-002
 7.3450468e-002
 7.2414130e-002
 7.1405098e-002
 7.0425004e-002
 6.9475822e-002
 6.8559185e-002
 6.7676820e-002
 6.6830494e-002
-1.2300000e+034
 6.5252163e-002
 6.4523645e-002
 6.3838303e-002
 6.3197725e-002
 6.2603809e-002
 6.2058229e-002
 6.1562672e-002
 6.1119005e-002
 6.0728874e-002
 6.0394119e-002
 6.0114510e-002
 5.9880611e-002
 5.9681144e-002
 5.9504855e-002
 5.9340466e-002
 5.9176732e-002
 5.9002373e-002
 5.8806140e-002
 5.8576744e-002
 5.8302946e-002
 5.7977486e-002
 5.7609227e-002
 5.7211023e-002
 5.6795750e-002
 5.6376267e-002
 5.5965405e-002
 5.5576127e-002
 5.5221252e-002
 5.4913644e-002
 5.4666180e-002
 5.4488011e-002
 5.4373465e-002
 5.4313142e-002
 5.4297660e-002
 5.4317627e-002
 5.4363653e-002
 5.4426353e-002
 5.4496333e-002
 5.4564204e-002
 5.4620586e-002
 5.4658115e-002
 5.4677572e-002
 5.4681774e-002
 5.4673534e-002
 5.4655671e-002
 5.4631006e-002
 5.4602351e-002
 5.4572519e-002
 5.4544326e-002
 5.4520592e-002
 5.4503992e-002
 5.4496653e-002
 5.4500565e-002
 5.4517727e-002
 5.4550122e-002
 5.4599747e-002
 5.4668583e-002
 5.4758631e-002
 5.4871865e-002
 5.5010296e-002
 5.5175070e-002
 5.5364039e-002
 5.5574216e-002
 5.5802602e-002
 5.6046221e-002
 5.6302086e-002
 5.6567203e-002
 5.6838594e-002
 5.7113264e-002
 5.7388235e-002
 5.7661071e-002
 5.7931598e-002
 5.8200173e-002
 5.8467187e-002
 5.8733039e-002
 5.8998041e-002
 5.9262600e-002
 5.9527088e-002
 5.9791878e-002
 6.0057353e-002
 6.0324062e-002
 6.0593288e-002
 6.0866490e-002
 6.1145134e-002
 6.1430689e-002
 6.1724640e-002
 6.2028382e-002
 6.2343426e-002
 6.2671222e-002
 6.3013233e-002
 6.3369729e-002
 6.3738160e-002
 6.4114988e-002
 6.4496510e-002
 6.4879067e-002
 6.5258950e-002
 6.5632612e-002
 6.5996364e-002
 6.6346489e-002
 6.6679418e-002
 6.6992924e-002
 6.7288853e-002
 6.7570552e-002
 6.7841358e-002
 6.8104625e-002
 6.8363711e-002
 6.8621941e-002
 6.8882659e-002
 6.9149226e-002
 6.9424994e-002
 6.9712259e-002
 7.0009261e-002
 7.0313178e-002
 7.0621215e-002
 7.0930555e-002
 7.1238413e-002
 7.1541935e-002
 7.1838334e-002
 7.2124794e-002
 7.2398528e-002
 7.2657615e-002
 7.2905175e-002
 7.3145315e-002
 7.3381998e-002
 7.3619314e-002
 7.3861264e-002
 7.4111834e-002
 7.4375130e-002
 7.4655101e-002
 7.4955866e-002
 7.5280085e-002
 7.5623333e-002
 7.5979792e-002
 7.6343656e-002
 7.6709129e-002
 7.7070393e-002
 7.7421658e-002
 7.7757113e-002
 7.8070946e-002
 7.8357354e-002
 7.8612246e-002
 7.8839689e-002
 7.9045542e-002
 7.9235502e-002
 7.9415374e-002
 7.9590864e-002
 7.9767786e-002
 7.9951905e-002
 8.0148928e-002
 8.0364697e-002
 8.0603294e-002
 8.0862343e-002
 8.1137896e-002
 8.1425950e-002
 8.1722453e-002
 8.2023479e-002
 8.2325011e-002
 8.2623057e-002
 8.2913570e-002
 8.3192647e-002
 8.3457269e-002
 8.3707064e-002
 8.3942734e-002
 8.4164955e-002
 8.4374443e-002
 8.4571838e-002
 8.4757827e-002
 8.4933139e-002
 8.5098423e-002
 8.5254401e-002
 8.5402079e-002
 8.5544690e-002
 8.5685864e-002
 8.5829139e-002
 8.5978135e-002
 8.6136401e-002
 8.6307511e-002
 8.6495079e-002
 8.6702637e-002
 8.6933821e-002
 8.7190732e-002
 8.7469645e-002
 8.7765500e-002
 8.8073105e-002
 8.8387303e-002
 8.8703029e-002
 8.9015096e-002
 8.9318372e-002
 8.9607678e-002
 8.9877948e-002
 9.0125583e-002
 9.0353332e-002
 9.0565577e-002
 9.0766601e-002
 9.0960801e-002
 9.1152497e-002
 9.1345981e-002
 9.1545671e-002
 9.1755830e-002
 9.1980875e-002
 9.2223518e-002
 9.2480198e-002
 9.2745833e-002
 9.3015291e-002
 9.3283445e-002
 9.3545109e-002
 9.3795247e-002
 9.4028704e-002
 9.4240300e-002
 9.4425000e-002
 9.4579451e-002
 9.4707616e-002
 9.4815306e-002
 9.4908305e-002
 9.4992422e-002
 9.5073439e-002
 9.5157139e-002
 9.5249332e-002
 9.5355801e-002
 9.5482342e-002
 9.5632881e-002
 9.5803834e-002
 9.5989816e-002
 9.6185379e-002
 9.6385069e-002
 9.6583501e-002
 9.6775219e-002
 9.6954815e-002
 9.7116828e-002
 9.7255871e-002
 9.7367913e-002
 9.7454660e-002
 9.7519241e-002
 9.7564787e-002
 9.7594410e-002
 9.7611248e-002
 9.7618431e-002
 9.7619064e-002
 9.7616293e-002
 9.7613230e-002
 9.7612448e-002
 9.7614244e-002
 9.7618386e-002
 9.7624592e-002
 9.7632624e-002
 9.7642221e-002
 9.7653121e-002
 9.7665086e-002
 9.7677849e-002
 9.7691163e-002
 9.7704761e-002
 9.7718343e-002
 9.7731642e-002
 9.7744323e-002
 9.7756118e-002
 9.7766705e-002
 9.7775809e-002
 9.7783111e-002
 9.7788341e-002
 9.7791173e-002
 9.7790949e-002
 9.7785525e-002
 9.7772360e-002
 9.7748935e-002
 9.7712718e-002
 9.7661197e-002
 9.7591840e-002
 9.7502112e-002
 9.7389504e-002
 9.7251475e-002
 9.7086713e-002
 9.6898817e-002
 9.6692480e-002
 9.6472554e-002
 9.6243732e-002
 9.6010827e-002
 9.5778644e-002
 9.5551878e-002
 9.5335364e-002
 9.5133819e-002
 9.4950832e-002
 9.4783939e-002
 9.4629563e-002
 9.4484083e-002
 9.4343886e-002
 9.4205335e-002
 9.4064847e-002
 9.3918800e-002
 9.3763582e-002
 9.3595587e-002
 9.3412153e-002
 9.3215615e-002
 9.3009241e-002
 9.2796355e-002
 9.2580281e-002
 9.2364326e-002
 9.2151769e-002
 9.1945924e-002
 9.1750138e-002
 9.1567658e-002
 9.1401003e-002
 9.1248266e-002
 9.1106862e-002
 9.0974085e-002
 9.0847313e-002
 9.0723842e-002
 9.0601079e-002
 9.0476342e-002
 9.0346947e-002
 9.0210289e-002
 9.0064503e-002
 8.9911997e-002
 8.9755952e-002
 8.9599602e-002
 8.9446172e-002
 8.9298874e-002
 8.9160904e-002
 8.9035511e-002
 8.8925913e-002
 8.8835299e-002
 8.8765725e-002
 8.8714056e-002
 8.8676035e-002
 8.8647395e-002
 8.8623874e-002
 8.8601202e-002
 8.8575132e-002
 8.8541381e-002
 8.8495702e-002
 8.8433817e-002
 8.8352591e-002
 8.8253371e-002
 8.8138632e-002
 8.8010862e-002
 8.7872520e-002
 8.7726064e-002
 8.7574013e-002
 8.7418795e-002
 8.7262899e-002
 8.7108821e-002
 8.6958513e-002
 8.6812943e-002
 8.6672515e-002
 8.6537696e-002
 8.6408883e-002
 8.6286545e-002
 8.6171113e-002
 8.6063020e-002
 8.5962705e-002
 8.5870594e-002
 8.5786939e-002
 8.5710637e-002
 8.5640468e-002
 8.5575141e-002
 8.5513428e-002
 8.5454054e-002
 8.5395731e-002
 8.5337259e-002
 8.5277326e-002
 8.5214704e-002
 8.5148349e-002
 8.5078105e-002
 8.5004099e-002
 8.4926374e-002
 8.4845014e-002
 8.4760115e-002
 8.4671766e-002
 8.4580034e-002
 8.4485009e-002
 8.4386773e-002
 8.4286287e-002
 8.4187947e-002
 8.4097087e-002
 8.4018983e-002
 8.3958931e-002
 8.3922207e-002
 8.3914138e-002
 8.3939999e-002
 8.4005095e-002
 8.4114708e-002
 8.4271088e-002
 8.4464289e-002
 8.4681354e-002
 8.4909216e-002
 8.5134931e-002
 8.5345499e-002
 8.5527934e-002
 8.5669242e-002
 8.5756406e-002
 8.5776448e-002
 8.5719898e-002
 8.5591286e-002
 8.5398696e-002
 8.5150190e-002
 8.4853858e-002
 8.4517740e-002
 8.4149912e-002
 8.3758384e-002
 8.3351336e-002
 8.2936764e-002
 8.2521416e-002
 8.2106590e-002
 8.1692427e-002
 8.1278883e-002
 8.0865964e-002
 8.0453768e-002
 8.0042295e-002
 7.9631537e-002
 7.9221517e-002
-1.2300000e+034
 7.8403942e-002
 7.7996403e-002
 7.7589691e-002
 7.7183910e-002
 7.6779053e-002
 7.6375142e-002
 7.5972192e-002
 7.5570196e-002
 7.5169280e-002
-1.2300000e+034
 7.4370608e-002
 7.3972858e-002
 7.3576294e-002
 7.3180869e-002
 7.2786637e-002
 7.2393559e-002
 7.2001763e-002
 7.1611226e-002
 7.1221918e-002
-1.2300000e+034
 7.0447356e-002
 7.0062049e-002
 6.9678195e-002
 6.9295749e-002
 6.8914689e-002
 6.8535149e-002
 6.8157099e-002
 6.7780562e-002
 6.7405529e-002
-1.2300000e+034
 6.6660285e-002
 6.6290081e-002
 6.5921493e-002
 6.5554611e-002
 6.5189436e-002
 6.4825982e-002
 6.4464286e-002
 6.4104319e-002
 6.3746214e-002
-1.2300000e+034
 6.3035846e-002
 6.2683634e-002
 6.2333319e-002
 6.1984953e-002
 6.1638534e-002
 6.1294101e-002
 6.0951676e-002
 6.0611293e-002
 6.0272958e-002
-1.2300000e+034
 5.9602279e-002
 5.9269931e-002
 5.8939792e-002
 5.8611814e-002
 5.8286093e-002
 5.7962626e-002
 5.7641387e-002
 5.7322484e-002
 5.7005875e-002
-1.2300000e+034
-1.2300000e+034
 5.7072915e-002
 5.6754734e-002
 5.6438975e-002
 5.6125630e-002
 5.5814765e-002
 5.5506445e-002
 5.5200659e-002
 5.4897387e-002
 5.4596715e-002
-1.2300000e+034
 5.4003257e-002
 5.3710535e-002
 5.3420473e-002
 5.3133167e-002
 5.2848570e-002
 5.2566759e-002
 5.2287772e-002
 5.2011587e-002
 5.1738296e-002
-1.2300000e+034
 5.1200345e-002
 5.0935742e-002
 5.0674107e-002
 5.0415490e-002
 5.0159894e-002
 4.9907316e-002
 4.9657799e-002
 4.9411420e-002
 4.9168166e-002
-1.2300000e+034
 4.8691325e-002
 4.8457813e-002
 4.8227508e-002
 4.8000485e-002
 4.7776740e-002
 4.7556303e-002
 4.7339194e-002
 4.7125429e-002
 4.6915069e-002
-1.2300000e+034
 4.6504408e-002
 4.6304200e-002
 4.6107475e-002
 4.5914266e-002
 4.5724615e-002
 4.5538567e-002
 4.5356125e-002
 4.5177296e-002
 4.5002136e-002
-1.2300000e+034
 4.4663113e-002
 4.4499274e-002
 4.4339191e-002
 4.4182912e-002
 4.4030439e-002
 4.3881800e-002
 4.3737043e-002
 4.3596189e-002
 4.3459259e-002
-1.2300000e+034
 4.3197397e-002
 4.3072514e-002
 4.2951670e-002
 4.2834859e-002
 4.2722132e-002
 4.2613503e-002
 4.2509008e-002
 4.2408682e-002
 4.2312533e-002
 4.2220589e-002
 4.2132538e-002
 4.2047165e-002
 4.1962896e-002
 4.1878160e-002
 4.1791383e-002
 4.1701011e-002
 4.1605461e-002
 4.1503172e-002
 4.1392557e-002
 4.1272059e-002
 4.1141279e-002
 4.1003734e-002
 4.0864110e-002
 4.0727057e-002
 4.0597253e-002
 4.0479377e-002
 4.0378101e-002
 4.0298104e-002
 4.0244039e-002
 4.0220588e-002
 4.0230904e-002
 4.0272053e-002
 4.0339574e-002
 4.0429018e-002
 4.0535931e-002
 4.0655829e-002
 4.0784299e-002
 4.0916868e-002
 4.1049078e-002
 4.1176479e-002
 4.1295551e-002
 4.1406512e-002
 4.1510575e-002
 4.1608896e-002
 4.1702654e-002
 4.1793011e-002
 4.1881170e-002
 4.1968293e-002
 4.2055540e-002
 4.2144120e-002
 4.2234968e-002
 4.2328130e-002
 4.2423420e-002
 4.2520694e-002
 4.2619765e-002
 4.2720445e-002
 4.2822566e-002
 4.2925943e-002
 4.3030430e-002
-1.2300000e+034
 4.3241873e-002
 4.3348476e-002
 4.3455455e-002
 4.3562666e-002
 4.3669920e-002
 4.3777049e-002
 4.3883868e-002
 4.3990180e-002
 4.4095863e-002
-1.2300000e+034
 4.4304553e-002
 4.4407196e-002
 4.4508509e-002
 4.4608295e-002
 4.4706371e-002
 4.4802550e-002
 4.4896703e-002
 4.4988621e-002
 4.5078129e-002
-1.2300000e+034
 4.5249272e-002
 4.5330521e-002
 4.5408688e-002
 4.5483585e-002
 4.5555018e-002
 4.5622844e-002
 4.5686875e-002
 4.5746926e-002
 4.5802824e-002
 4.5854412e-002
 4.5901507e-002
 4.5944322e-002
 4.5983016e-002
 4.6017777e-002
 4.6048801e-002
 4.6076283e-002
 4.6100397e-002
 4.6121325e-002
 4.6139270e-002
 4.6154410e-002
 4.6166990e-002
 4.6177395e-002
 4.6186086e-002
 4.6193507e-002
 4.6200119e-002
 4.6206363e-002
 4.6212703e-002
 4.6219580e-002
 4.6227448e-002
 4.6236765e-002
 4.6247859e-002
 4.6260621e-002
 4.6274845e-002
 4.6290316e-002
 4.6306804e-002
 4.6324112e-002
 4.6341997e-002
 4.6360273e-002
 4.6378694e-002
 4.6397064e-002
 4.6415221e-002
 4.6433400e-002
 4.6451893e-002
 4.6470989e-002
 4.6490986e-002
 4.6512172e-002
 4.6534844e-002
 4.6559293e-002
 4.6585821e-002
 4.6614710e-002
 4.6646252e-002
 4.6680458e-002
 4.6717349e-002
 4.6756938e-002
 4.6799231e-002
 4.6844222e-002
 4.6891924e-002
 4.6942372e-002
 4.6995558e-002
 4.7051474e-002
 4.7109477e-002
 4.7166605e-002
 4.7219180e-002
 4.7263578e-002
 4.7296170e-002
 4.7313299e-002
 4.7311328e-002
 4.7286619e-002
 4.7235519e-002
 4.7154408e-002
 4.7041841e-002
 4.6905164e-002
 4.6754032e-002
 4.6597995e-002
 4.6446640e-002
 4.6309523e-002
 4.6196293e-002
 4.6116505e-002
 4.6079729e-002
 4.6095587e-002
 4.6170224e-002
 4.6296217e-002
 4.6462614e-002
 4.6658568e-002
 4.6873238e-002
 4.7095649e-002
 4.7314968e-002
 4.7520313e-002
 4.7700841e-002
 4.7845591e-002
 4.7946934e-002
 4.8010096e-002
 4.8043448e-002
 4.8055436e-002
 4.8054475e-002
 4.8048977e-002
 4.8047364e-002
 4.8058044e-002
 4.8089460e-002
 4.8149999e-002
 4.8245322e-002
 4.8370577e-002
 4.8518233e-002
 4.8680749e-002
 4.8850577e-002
 4.9020223e-002
 4.9182065e-002
 4.9328599e-002
 4.9452290e-002
 4.9545594e-002
 4.9603224e-002
 4.9628928e-002
 4.9628690e-002
 4.9608514e-002
 4.9574379e-002
 4.9532305e-002
 4.9488276e-002
 4.9448285e-002
 4.9418334e-002
 4.9404413e-002
 4.9411155e-002
 4.9437761e-002
 4.9482081e-002
 4.9541917e-002
 4.9615119e-002
 4.9699526e-002
 4.9792960e-002
 4.9893301e-002
 4.9998313e-002
 5.0105877e-002
 5.0214183e-002
 5.0323550e-002
 5.0434668e-002
 5.0548218e-002
 5.0664891e-002
 5.0785344e-002
 5.0910324e-002
 5.1040486e-002
 5.1176514e-002
 5.1319104e-002
 5.1468469e-002
 5.1622093e-002
 5.1776994e-002
 5.1930178e-002
 5.2078687e-002
 5.2219443e-002
 5.2349508e-002
 5.2465886e-002
 5.2565575e-002
 5.2645590e-002
 5.2704170e-002
 5.2744772e-002
 5.2772064e-002
 5.2790683e-002
 5.2805282e-002
 5.2820522e-002
 5.2841049e-002
 5.2871522e-002
 5.2916579e-002
 5.2980885e-002
 5.3067509e-002
 5.3173218e-002
 5.3293191e-002
 5.3422615e-002
 5.3556640e-002
 5.3690515e-002
 5.3819407e-002
 5.3938482e-002
 5.4042932e-002
 5.4127943e-002
 5.4190364e-002
 5.4234032e-002
 5.4264441e-002
 5.4287039e-002
 5.4307289e-002
 5.4330662e-002
 5.4362629e-002
 5.4408651e-002
 5.4474182e-002
 5.4564711e-002
 5.4683805e-002
 5.4827452e-002
 5.4989725e-002
 5.5164792e-002
 5.5346727e-002
 5.5529632e-002
 5.5707607e-002
 5.5874709e-002
 5.6025133e-002
 5.6152932e-002
 5.6253646e-002
 5.6328528e-002
 5.6380332e-002
 5.6411736e-002
 5.6425452e-002
 5.6424189e-002
 5.6410659e-002
 5.6387566e-002
 5.6357626e-002
 5.6323532e-002
 5.6287359e-002
 5.6248646e-002
 5.6206256e-002
 5.6159079e-002
 5.6106027e-002
 5.6045946e-002
 5.5977736e-002
 5.5900287e-002
 5.5812504e-002
 5.5713229e-002
 5.5601586e-002
 5.5477526e-002
 5.5341259e-002
 5.5192888e-002
 5.5032618e-002
 5.4860618e-002
 5.4677069e-002
 5.4482169e-002
 5.4276016e-002
 5.4058820e-002
 5.3831480e-002
 5.3596154e-002
 5.3355779e-002
 5.3113338e-002
 5.2871667e-002
 5.2633617e-002
 5.2402161e-002
 5.2180246e-002
 5.1970728e-002
 5.1776465e-002
 5.1599193e-002
 5.1435731e-002
 5.1281609e-002
 5.1132340e-002
 5.0983530e-002
 5.0830778e-002
 5.0669614e-002
 5.0495565e-002
 5.0304212e-002
 5.0091177e-002
 4.9853578e-002
 4.9594875e-002
 4.9320243e-002
 4.9034875e-002
 4.8743825e-002
 4.8452150e-002
 4.8165027e-002
 4.7887653e-002
 4.7625080e-002
 4.7382358e-002
 4.7163613e-002
 4.6968590e-002
 4.6795879e-002
 4.6644084e-002
 4.6511877e-002
 4.6397928e-002
 4.6300840e-002
 4.6219230e-002
 4.6151750e-002
 4.6097066e-002
 4.6053059e-002
 4.6014503e-002
 4.5975484e-002
 4.5930058e-002
 4.5872316e-002
 4.5796324e-002
 4.5696124e-002
 4.5565836e-002
 4.5399472e-002
 4.5191180e-002
 4.4937465e-002
 4.4644658e-002
 4.4321753e-002
 4.3977566e-002
 4.3620873e-002
 4.3260708e-002
 4.2905856e-002
 4.2565178e-002
 4.2247474e-002
 4.1961759e-002
 4.1714821e-002
 4.1505460e-002
 4.1330632e-002
 4.1187122e-002
 4.1071787e-002
 4.0981449e-002
 4.0913004e-002
 4.0863276e-002
 4.0829100e-002
 4.0807351e-002
 4.0795006e-002
 4.0789530e-002
 4.0788583e-002
 4.0789802e-002
 4.0790815e-002
 4.0789269e-002
 4.0782806e-002
 4.0769063e-002
 4.0745683e-002
 4.0710296e-002
 4.0661406e-002
 4.0601179e-002
 4.0532731e-002
 4.0459093e-002
 4.0383376e-002
 4.0308636e-002
 4.0237926e-002
 4.0174361e-002
 4.0120974e-002
 4.0080875e-002
 4.0056083e-002
 4.0044382e-002
 4.0042542e-002
 4.0047355e-002
 4.0055584e-002
 4.0064014e-002
 4.0069424e-002
 4.0068585e-002
 4.0058292e-002
 4.0035304e-002
 3.9996721e-002
 3.9940849e-002
 3.9866336e-002
 3.9771803e-002
 3.9655875e-002
 3.9517149e-002
 3.9354324e-002
 3.9165996e-002
 3.8950801e-002
 3.8707353e-002
 3.8436834e-002
 3.8148981e-002
 3.7856005e-002
 3.7570134e-002
 3.7303638e-002
 3.7068613e-002
 3.6877342e-002
 3.6742043e-002
 3.6674935e-002
 3.6688238e-002
 3.6789123e-002
 3.6964569e-002
 3.7196498e-002
 3.7466854e-002
 3.7757553e-002
 3.8050536e-002
 3.8327720e-002
 3.8571045e-002
 3.8762435e-002
 3.8883828e-002
 3.8922094e-002
 3.8883906e-002
 3.8780887e-002
 3.8624655e-002
 3.8426828e-002
 3.8199093e-002
 3.7952945e-002
 3.7700068e-002
 3.7452076e-002
 3.7220590e-002
 3.7015013e-002
 3.6835916e-002
 3.6681626e-002
 3.6550499e-002
 3.6440872e-002
 3.6351096e-002
 3.6279511e-002
 3.6224462e-002
 3.6184292e-002
 3.6157347e-002
 3.6142271e-002
 3.6138903e-002
 3.6147378e-002
 3.6167841e-002
 3.6200415e-002
 3.6245257e-002
 3.6302496e-002
 3.6372274e-002
 3.6454733e-002
 3.6550000e-002
 3.6656260e-002
 3.6764491e-002
 3.6863685e-002
 3.6942948e-002
 3.6991280e-002
 3.6997717e-002
 3.6951296e-002
 3.6841083e-002
 3.6656071e-002
 3.6385298e-002
 3.6023282e-002
 3.5586391e-002
 3.5096601e-002
 3.4575514e-002
 3.4045100e-002
 3.3527192e-002
 3.3043634e-002
 3.2616384e-002
 3.2267068e-002
 3.2017644e-002
 3.1883009e-002
 3.1850278e-002
 3.1899597e-002
 3.2011151e-002
 3.2165058e-002
 3.2341562e-002
 3.2520793e-002
 3.2682911e-002
 3.2808058e-002
 3.2876465e-002
 3.2873377e-002
 3.2804545e-002
 3.2680884e-002
 3.2513216e-002
 3.2312438e-002
 3.2089427e-002
 3.1855062e-002
 3.1620275e-002
 3.1395826e-002
 3.1192649e-002
 3.1018607e-002
 3.0868247e-002
 3.0733248e-002
 3.0605283e-002
 3.0475955e-002
 3.0336874e-002
 3.0179705e-002
 2.9996132e-002
 2.9777765e-002
 2.9516175e-002
 2.9207505e-002
 2.8865770e-002
 2.8509188e-002
 2.8156310e-002
 2.7825352e-002
 2.7534781e-002
 2.7303038e-002
 2.7148396e-002
 2.7089303e-002
 2.7144117e-002
 2.7324406e-002
 2.7614245e-002
 2.7991088e-002
 2.8432077e-002
 2.8914738e-002
 2.9416284e-002
 2.9913902e-002
 3.0385155e-002
 3.0807132e-002
 3.1157354e-002
 3.1418122e-002
 3.1594023e-002
 3.1694416e-002
 3.1728774e-002
 3.1706546e-002
 3.1637125e-002
 3.1529985e-002
 3.1394549e-002
 3.1240210e-002
 3.1076470e-002
 3.1076470e-002
-1.2300000e+034
-1.2300000e+034
-1.2300000e+034
-1.2300000e+034
-1.2300000e+034
-1.2300000e+034
-1.2300000e+034
-1.2300000e+034
-1.2300000e+034
-1.2300000e+034
-1.2300000e+034
-1.2300000e+034
-1.2300000e+034
-1.2300000e+034
-1.2300000e+034
-1.2300000e+034
-1.2300000e+034
-1.2300000e+034
-1.2300000e+034
-1.2300000e+034
-1.2300000e+034
-1.2300000e+034
-1.2300000e+034
-1.2300000e+034
-1.2300000e+034
-1.2300000e+034
-1.2300000e+034
-1.2300000e+034
