splib07b Record=31997: Yerba Santa CA01-ERCA-1 bush ASDFRa AREF
 2.1783214e-002
 2.1800999e-002
 2.1824246e-002
 2.1813376e-002
 2.1806935e-002
 2.1813851e-002
 2.1790318e-002
 2.1753306e-002
 2.1807104e-002
 2.1862129e-002
 2.1871995e-002
 2.1893764e-002
 2.1866800e-002
 2.1809936e-002
 2.1778021e-002
 2.1803511e-002
 2.1848973e-002
 2.1860544e-002
 2.1858284e-002
 2.1860993e-002
 2.1870732e-002
 2.1858953e-002
 2.1854382e-002
 2.1880083e-002
 2.1926483e-002
 2.1960910e-002
 2.1959165e-002
 2.1944137e-002
 2.1960113e-002
 2.2002747e-002
 2.2032978e-002
 2.2030154e-002
 2.2021534e-002
 2.2040442e-002
 2.2081299e-002
 2.2130338e-002
 2.2165554e-002
 2.2185443e-002
 2.2227773e-002
 2.2245558e-002
 2.2232195e-002
 2.2286847e-002
 2.2336721e-002
 2.2358028e-002
 2.2411695e-002
 2.2464801e-002
 2.2494003e-002
 2.2502979e-002
 2.2531956e-002
 2.2581765e-002
 2.2626342e-002
 2.2666058e-002
 2.2699613e-002
 2.2734594e-002
 2.2780526e-002
 2.2821384e-002
 2.2858184e-002
 2.2903780e-002
 2.2966178e-002
 2.3034485e-002
 2.3094118e-002
 2.3170322e-002
 2.3250245e-002
 2.3320084e-002
 2.3387525e-002
 2.3464527e-002
 2.3551544e-002
 2.3634860e-002
 2.3722535e-002
 2.3823015e-002
 2.3933629e-002
 2.4045015e-002
 2.4147747e-002
 2.4245704e-002
 2.4348618e-002
 2.4472302e-002
 2.4608299e-002
 2.4730897e-002
 2.4859872e-002
 2.4991140e-002
 2.5107106e-002
 2.5229735e-002
 2.5365835e-002
 2.5504410e-002
 2.5639167e-002
 2.5771530e-002
 2.5898231e-002
 2.6003381e-002
 2.6118563e-002
 2.6254302e-002
 2.6389921e-002
 2.6514400e-002
 2.6632443e-002
 2.6758473e-002
 2.6872830e-002
 2.6985198e-002
 2.7106185e-002
 2.7233038e-002
 2.7354268e-002
 2.7463671e-002
 2.7569279e-002
 2.7678693e-002
 2.7794193e-002
 2.7908938e-002
 2.8016621e-002
 2.8122548e-002
 2.8232520e-002
 2.8327532e-002
 2.8419141e-002
 2.8517688e-002
 2.8613836e-002
 2.8707420e-002
 2.8800206e-002
 2.8895574e-002
 2.8988391e-002
 2.9075027e-002
 2.9158490e-002
 2.9252721e-002
 2.9343000e-002
 2.9421475e-002
 2.9510841e-002
 2.9597972e-002
 2.9680440e-002
 2.9772643e-002
 2.9854832e-002
 2.9930109e-002
 3.0013811e-002
 3.0096611e-002
 3.0179314e-002
 3.0262956e-002
 3.0341592e-002
 3.0424703e-002
 3.0513711e-002
 3.0600164e-002
 3.0679513e-002
 3.0756328e-002
 3.0839689e-002
 3.0924002e-002
 3.1012353e-002
 3.1106045e-002
 3.1198183e-002
 3.1291939e-002
 3.1391509e-002
 3.1496894e-002
 3.1609479e-002
 3.1728499e-002
 3.1852797e-002
 3.1983439e-002
 3.2113101e-002
 3.2239057e-002
 3.2388642e-002
 3.2554280e-002
 3.2716889e-002
 3.2886032e-002
 3.3061311e-002
 3.3247758e-002
 3.3448700e-002
 3.3671446e-002
 3.3919089e-002
 3.4183722e-002
 3.4460023e-002
 3.4751397e-002
 3.5062596e-002
 3.5402521e-002
 3.5781823e-002
 3.6195777e-002
 3.6634877e-002
 3.7111375e-002
 3.7630636e-002
 3.8174093e-002
 3.8748790e-002
 3.9358988e-002
 3.9986983e-002
 4.0628776e-002
 4.1305870e-002
 4.2015754e-002
 4.2737428e-002
 4.3474361e-002
 4.4212572e-002
 4.4934932e-002
 4.5642447e-002
 4.6340853e-002
 4.7035914e-002
 4.7716595e-002
 4.8374940e-002
 4.9013186e-002
 4.9633954e-002
 5.0228290e-002
 5.0797939e-002
 5.1354922e-002
 5.1897429e-002
 5.2429739e-002
 5.2952327e-002
 5.3463027e-002
 5.3962175e-002
 5.4450367e-002
 5.4927234e-002
 5.5397145e-002
 5.5857126e-002
 5.6299251e-002
 5.6711856e-002
 5.7088219e-002
 5.7436392e-002
 5.7738818e-002
 5.7987008e-002
 5.8196791e-002
 5.8366623e-002
 5.8482051e-002
 5.8553889e-002
 5.8594719e-002
 5.8607128e-002
 5.8606230e-002
 5.8602288e-002
 5.8573972e-002
 5.8511559e-002
 5.8430735e-002
 5.8308929e-002
 5.8148403e-002
 5.7971455e-002
 5.7770669e-002
 5.7544976e-002
 5.7308149e-002
 5.7066400e-002
 5.6833550e-002
 5.6618068e-002
 5.6409974e-002
 5.6222692e-002
 5.6060880e-002
 5.5913802e-002
 5.5782218e-002
 5.5668384e-002
 5.5570535e-002
 5.5491660e-002
 5.5428818e-002
 5.5372771e-002
 5.5322155e-002
 5.5276003e-002
 5.5235576e-002
 5.5202328e-002
 5.5189103e-002
 5.5207286e-002
 5.5246208e-002
 5.5301201e-002
 5.5366993e-002
 5.5439554e-002
 5.5522501e-002
 5.5618603e-002
 5.5714566e-002
 5.5797160e-002
 5.5877335e-002
 5.5943977e-002
 5.5988751e-002
 5.6024257e-002
 5.6039687e-002
 5.6030255e-002
 5.6002855e-002
 5.5948231e-002
 5.5871293e-002
 5.5781424e-002
 5.5681285e-002
 5.5578124e-002
 5.5473570e-002
 5.5366337e-002
 5.5255774e-002
 5.5146258e-002
 5.5048253e-002
 5.4959811e-002
 5.4881841e-002
 5.4822180e-002
 5.4782972e-002
 5.4756459e-002
 5.4731879e-002
 5.4730657e-002
 5.4747187e-002
 5.4763164e-002
 5.4791700e-002
 5.4830015e-002
 5.4872882e-002
 5.4920394e-002
 5.4981388e-002
 5.5050034e-002
 5.5114999e-002
 5.5157278e-002
 5.5165447e-002
 5.5154659e-002
 5.5120856e-002
 5.5064067e-002
 5.4991547e-002
 5.4904699e-002
 5.4792538e-002
 5.4654729e-002
 5.4498091e-002
 5.4329563e-002
 5.4159936e-002
 5.3990439e-002
 5.3803954e-002
 5.3616658e-002
 5.3451326e-002
 5.3308334e-002
 5.3188376e-002
 5.3084612e-002
 5.3007003e-002
 5.2935656e-002
 5.2849054e-002
 5.2749552e-002
 5.2617688e-002
 5.2451815e-002
 5.2275211e-002
 5.2092921e-002
 5.1895190e-002
 5.1682502e-002
 5.1453475e-002
 5.1225591e-002
 5.1015165e-002
 5.0809685e-002
 5.0636027e-002
 5.0494011e-002
 5.0360773e-002
 5.0252769e-002
 5.0182641e-002
 5.0143220e-002
 5.0132100e-002
 5.0147865e-002
 5.0184514e-002
 5.0247069e-002
 5.0328616e-002
 5.0433025e-002
 5.0568957e-002
 5.0732609e-002
 5.0948042e-002
 5.1223047e-002
 5.1546883e-002
 5.1956382e-002
 5.2456226e-002
 5.3032137e-002
 5.3766523e-002
 5.4691367e-002
 5.5741142e-002
 5.6877710e-002
 5.8155630e-002
 5.9588090e-002
 6.1212040e-002
 6.3148610e-002
 6.5371677e-002
 6.7816146e-002
 7.0580073e-002
 7.3614769e-002
 7.6808602e-002
 8.0381609e-002
 8.4340982e-002
 8.8508785e-002
 9.2920564e-002
 9.7578906e-002
 1.0237393e-001
 1.0727169e-001
 1.1237904e-001
 1.1767190e-001
 1.2308122e-001
 1.2866102e-001
 1.3438448e-001
 1.4020625e-001
 1.4614645e-001
 1.5214828e-001
 1.5813805e-001
 1.6411270e-001
 1.6996123e-001
 1.7604999e-001
 1.8266492e-001
 1.8973728e-001
 1.9690970e-001
 2.0355268e-001
 2.0968716e-001
 2.1570373e-001
 2.2198039e-001
 2.2835985e-001
 2.3454262e-001
 2.4054067e-001
 2.4639697e-001
 2.5207388e-001
 2.5762954e-001
 2.6310697e-001
 2.6839638e-001
 2.7336198e-001
 2.7800772e-001
 2.8240347e-001
 2.8657842e-001
 2.9061365e-001
 2.9452074e-001
 2.9821616e-001
 3.0170503e-001
 3.0506936e-001
 3.0821270e-001
 3.1112924e-001
 3.1390134e-001
 3.1651312e-001
 3.1894714e-001
 3.2123891e-001
 3.2337257e-001
 3.2533312e-001
 3.2718697e-001
 3.2894611e-001
 3.3058551e-001
 3.3212015e-001
 3.3356592e-001
 3.3493271e-001
 3.3612788e-001
 3.3714145e-001
-1.2300000e+034
-1.2300000e+034
-1.2300000e+034
-1.2300000e+034
-1.2300000e+034
-1.2300000e+034
-1.2300000e+034
-1.2300000e+034
-1.2300000e+034
-1.2300000e+034
 3.4668118e-001
 3.4760544e-001
 3.4840393e-001
 3.4912100e-001
 3.4978220e-001
 3.5041648e-001
 3.5104880e-001
 3.5166472e-001
 3.5225600e-001
 3.5284081e-001
 3.5339648e-001
 3.5393256e-001
 3.5447705e-001
 3.5499892e-001
 3.5550535e-001
 3.5601306e-001
 3.5649058e-001
 3.5694191e-001
 3.5737470e-001
 3.5777032e-001
 3.5814270e-001
 3.5854059e-001
 3.5898280e-001
 3.5947430e-001
 3.5999945e-001
 3.6052373e-001
 3.6101490e-001
 3.6144081e-001
 3.6184141e-001
 3.6227950e-001
 3.6273515e-001
 3.6317280e-001
 3.6359221e-001
 3.6401343e-001
 3.6445433e-001
 3.6490947e-001
 3.6539200e-001
 3.6589068e-001
 3.6636844e-001
 3.6680490e-001
 3.6715150e-001
 3.6741123e-001
 3.6763018e-001
 3.6775386e-001
 3.6777377e-001
 3.6773509e-001
 3.6765608e-001
 3.6767712e-001
 3.6787373e-001
 3.6825117e-001
 3.6886308e-001
 3.6955649e-001
 3.7024507e-001
 3.7069255e-001
 3.7095192e-001
 3.7127423e-001
 3.7181124e-001
 3.7244198e-001
 3.7290308e-001
 3.7319887e-001
 3.7341005e-001
 3.7369120e-001
 3.7404302e-001
 3.7443230e-001
 3.7481961e-001
 3.7522301e-001
 3.7567592e-001
 3.7616140e-001
 3.7662786e-001
 3.7708607e-001
 3.7752467e-001
 3.7794724e-001
 3.7836266e-001
 3.7878305e-001
 3.7921089e-001
 3.7964028e-001
 3.8005665e-001
 3.8045341e-001
 3.8083845e-001
 3.8122025e-001
 3.8156497e-001
 3.8185555e-001
 3.8214841e-001
 3.8242128e-001
 3.8266760e-001
 3.8290599e-001
 3.8321057e-001
 3.8360846e-001
 3.8403869e-001
 3.8448730e-001
 3.8488263e-001
 3.8520631e-001
 3.8548571e-001
 3.8576922e-001
 3.8607216e-001
 3.8633451e-001
 3.8654107e-001
 3.8673267e-001
 3.8693884e-001
 3.8716781e-001
 3.8743028e-001
 3.8772094e-001
 3.8800091e-001
 3.8823915e-001
 3.8845330e-001
 3.8869381e-001
 3.8892797e-001
 3.8912988e-001
 3.8933951e-001
 3.8956198e-001
 3.8978511e-001
 3.8998979e-001
 3.9019412e-001
 3.9041856e-001
 3.9066151e-001
 3.9091042e-001
 3.9113888e-001
 3.9134264e-001
 3.9153746e-001
 3.9172202e-001
 3.9189139e-001
 3.9204317e-001
 3.9216167e-001
 3.9221936e-001
 3.9221677e-001
 3.9211527e-001
 3.9190269e-001
 3.9163068e-001
 3.9133209e-001
 3.9104226e-001
 3.9078456e-001
 3.9055777e-001
 3.9046133e-001
 3.9055303e-001
 3.9078003e-001
 3.9112023e-001
 3.9141881e-001
 3.9159608e-001
 3.9170757e-001
 3.9171764e-001
 3.9165276e-001
 3.9157546e-001
 3.9152190e-001
 3.9153096e-001
 3.9163688e-001
 3.9172882e-001
 3.9179242e-001
 3.9192548e-001
 3.9204505e-001
 3.9221805e-001
 3.9248362e-001
 3.9277163e-001
 3.9301255e-001
 3.9317816e-001
 3.9330792e-001
 3.9340064e-001
 3.9340064e-001
 3.9326409e-001
 3.9298314e-001
 3.9253747e-001
 3.9194351e-001
 3.9122891e-001
-1.2300000e+034
-1.2300000e+034
-1.2300000e+034
-1.2300000e+034
-1.2300000e+034
-1.2300000e+034
-1.2300000e+034
-1.2300000e+034
-1.2300000e+034
-1.2300000e+034
-1.2300000e+034
-1.2300000e+034
-1.2300000e+034
-1.2300000e+034
-1.2300000e+034
-1.2300000e+034
-1.2300000e+034
-1.2300000e+034
-1.2300000e+034
-1.2300000e+034
-1.2300000e+034
 3.7881497e-001
 3.7824804e-001
 3.7760204e-001
 3.7689260e-001
 3.7615794e-001
 3.7543699e-001
 3.7476018e-001
 3.7407640e-001
 3.7359259e-001
 3.7321210e-001
 3.7271693e-001
 3.7245384e-001
 3.7229618e-001
 3.7207648e-001
 3.7207875e-001
 3.7218568e-001
 3.7228447e-001
 3.7247413e-001
 3.7265351e-001
 3.7282422e-001
 3.7306744e-001
 3.7317771e-001
 3.7320083e-001
 3.7328467e-001
 3.7331054e-001
 3.7333554e-001
 3.7341657e-001
 3.7352714e-001
 3.7366489e-001
 3.7384528e-001
 3.7410590e-001
 3.7431642e-001
 3.7455311e-001
 3.7493420e-001
 3.7535682e-001
 3.7573913e-001
 3.7606880e-001
 3.7642136e-001
 3.7679121e-001
 3.7717751e-001
 3.7757763e-001
 3.7805989e-001
 3.7855193e-001
 3.7894788e-001
 3.7932441e-001
 3.7969491e-001
 3.8006714e-001
 3.8050851e-001
 3.8096410e-001
 3.8138878e-001
 3.8185674e-001
 3.8237172e-001
 3.8290656e-001
 3.8343364e-001
 3.8394687e-001
 3.8442424e-001
 3.8487524e-001
 3.8538510e-001
 3.8593683e-001
 3.8644493e-001
 3.8701460e-001
 3.8768607e-001
 3.8833198e-001
 3.8893437e-001
 3.8953957e-001
 3.9015946e-001
 3.9070570e-001
 3.9113036e-001
 3.9155146e-001
 3.9206368e-001
 3.9264154e-001
 3.9327526e-001
 3.9395133e-001
 3.9451519e-001
 3.9485195e-001
 3.9522165e-001
 3.9584899e-001
 3.9653242e-001
 3.9707506e-001
 3.9753944e-001
 3.9803773e-001
 3.9857394e-001
 3.9911598e-001
 3.9961419e-001
 4.0003228e-001
 4.0044138e-001
 4.0087011e-001
 4.0123755e-001
 4.0160304e-001
 4.0199459e-001
 4.0244192e-001
 4.0292102e-001
 4.0328121e-001
 4.0362197e-001
 4.0401572e-001
 4.0437400e-001
 4.0470719e-001
 4.0508145e-001
 4.0545228e-001
 4.0577340e-001
 4.0605614e-001
 4.0637019e-001
 4.0678692e-001
 4.0723577e-001
 4.0767512e-001
 4.0803394e-001
 4.0830970e-001
 4.0854132e-001
 4.0870678e-001
 4.0883267e-001
 4.0895024e-001
 4.0909722e-001
 4.0925455e-001
 4.0946692e-001
 4.0976310e-001
 4.0997529e-001
 4.1007969e-001
 4.1024381e-001
 4.1044268e-001
 4.1062921e-001
 4.1083163e-001
 4.1102499e-001
 4.1117734e-001
 4.1129375e-001
 4.1140488e-001
 4.1152930e-001
 4.1161722e-001
 4.1164857e-001
 4.1165125e-001
 4.1163006e-001
 4.1161355e-001
 4.1163102e-001
 4.1169623e-001
 4.1177440e-001
 4.1186535e-001
 4.1188791e-001
 4.1182455e-001
 4.1175187e-001
 4.1166908e-001
 4.1158158e-001
 4.1149303e-001
 4.1139844e-001
 4.1129571e-001
 4.1119453e-001
 4.1107398e-001
 4.1094077e-001
 4.1079202e-001
 4.1060138e-001
 4.1041997e-001
 4.1024634e-001
 4.1003227e-001
 4.0981680e-001
 4.0949589e-001
 4.0905571e-001
 4.0875900e-001
 4.0858516e-001
 4.0835920e-001
 4.0811276e-001
 4.0789151e-001
 4.0760615e-001
 4.0724251e-001
 4.0690786e-001
 4.0657014e-001
 4.0607685e-001
 4.0551051e-001
 4.0515813e-001
 4.0488362e-001
 4.0426198e-001
 4.0334734e-001
 4.0223420e-001
 4.0085006e-001
 3.9956468e-001
 3.9839756e-001
 3.9702448e-001
 3.9555451e-001
 3.9408854e-001
 3.9267385e-001
 3.9116862e-001
 3.8936368e-001
 3.8751701e-001
 3.8586557e-001
 3.8434824e-001
 3.8279068e-001
 3.8120702e-001
 3.7958753e-001
 3.7800094e-001
 3.7648144e-001
 3.7499207e-001
 3.7350002e-001
 3.7199533e-001
 3.7033156e-001
 3.6844042e-001
 3.6648679e-001
 3.6448440e-001
 3.6241820e-001
 3.6012712e-001
 3.5770896e-001
 3.5520431e-001
 3.5267791e-001
 3.5039368e-001
 3.4830809e-001
 3.4639537e-001
 3.4467974e-001
 3.4318811e-001
 3.4187707e-001
 3.4079513e-001
 3.3998427e-001
 3.3923954e-001
 3.3856237e-001
 3.3797547e-001
 3.3743960e-001
 3.3694652e-001
 3.3647272e-001
 3.3603111e-001
 3.3568788e-001
 3.3540449e-001
 3.3510992e-001
 3.3480984e-001
 3.3450547e-001
 3.3418882e-001
 3.3394125e-001
 3.3375192e-001
 3.3355078e-001
 3.3336103e-001
 3.3313248e-001
 3.3284193e-001
 3.3254495e-001
 3.3226669e-001
 3.3198327e-001
 3.3165401e-001
 3.3130094e-001
 3.3095425e-001
 3.3061126e-001
 3.3029988e-001
 3.3001101e-001
 3.2973966e-001
 3.2949334e-001
 3.2923374e-001
 3.2895833e-001
 3.2871842e-001
 3.2850492e-001
 3.2832882e-001
 3.2821721e-001
 3.2811338e-001
 3.2799071e-001
 3.2789755e-001
 3.2789445e-001
 3.2793364e-001
 3.2797185e-001
 3.2801664e-001
 3.2811150e-001
 3.2823050e-001
 3.2844001e-001
 3.2872784e-001
 3.2904181e-001
 3.2940108e-001
 3.2976821e-001
 3.3015406e-001
 3.3055225e-001
 3.3096743e-001
 3.3140254e-001
 3.3187044e-001
 3.3235797e-001
 3.3287522e-001
 3.3341268e-001
 3.3398888e-001
 3.3458853e-001
 3.3521086e-001
 3.3585134e-001
 3.3649382e-001
 3.3715147e-001
 3.3774981e-001
 3.3828652e-001
 3.3886445e-001
 3.3947432e-001
 3.4008810e-001
 3.4072024e-001
 3.4132180e-001
 3.4187928e-001
 3.4241381e-001
 3.4293327e-001
 3.4344056e-001
 3.4393722e-001
 3.4442908e-001
 3.4493577e-001
 3.4545079e-001
 3.4593862e-001
 3.4640682e-001
 3.4685847e-001
 3.4730190e-001
 3.4770715e-001
 3.4806478e-001
 3.4845591e-001
 3.4887186e-001
 3.4929013e-001
 3.4972563e-001
 3.5012621e-001
 3.5048014e-001
 3.5080114e-001
 3.5106811e-001
 3.5132506e-001
 3.5161066e-001
 3.5190812e-001
 3.5220867e-001
 3.5250816e-001
 3.5273924e-001
 3.5291931e-001
 3.5310704e-001
 3.5330316e-001
 3.5346910e-001
 3.5360575e-001
 3.5372657e-001
 3.5381922e-001
 3.5392141e-001
 3.5405335e-001
 3.5414663e-001
 3.5416704e-001
 3.5415202e-001
 3.5409606e-001
 3.5403919e-001
 3.5401511e-001
 3.5400459e-001
 3.5398588e-001
 3.5395607e-001
 3.5390779e-001
 3.5385367e-001
 3.5381216e-001
 3.5378388e-001
 3.5370249e-001
 3.5357592e-001
 3.5343751e-001
 3.5329235e-001
 3.5309896e-001
 3.5284722e-001
 3.5260922e-001
 3.5237360e-001
 3.5212258e-001
 3.5184884e-001
 3.5153168e-001
 3.5116529e-001
 3.5077497e-001
 3.5034794e-001
 3.4990251e-001
 3.4946266e-001
 3.4902057e-001
 3.4851384e-001
 3.4794393e-001
 3.4737638e-001
 3.4681022e-001
 3.4620625e-001
 3.4558028e-001
 3.4483960e-001
 3.4396479e-001
 3.4312302e-001
 3.4230942e-001
 3.4142238e-001
 3.4046960e-001
 3.3948842e-001
 3.3846238e-001
 3.3740565e-001
 3.3632839e-001
 3.3523193e-001
 3.3411011e-001
 3.3293360e-001
 3.3165005e-001
 3.3028755e-001
 3.2891977e-001
 3.2753414e-001
 3.2609209e-001
 3.2459551e-001
 3.2315940e-001
 3.2175413e-001
 3.2030797e-001
 3.1881982e-001
 3.1733760e-001
 3.1587228e-001
 3.1431270e-001
 3.1261247e-001
 3.1085357e-001
 3.0909657e-001
 3.0724916e-001
 3.0526409e-001
 3.0322617e-001
 3.0120650e-001
 2.9921252e-001
 2.9728165e-001
 2.9542890e-001
 2.9378128e-001
 2.9225114e-001
 2.9088020e-001
 2.8960302e-001
 2.8840613e-001
 2.8724086e-001
 2.8611156e-001
 2.8496534e-001
 2.8390452e-001
 2.8283903e-001
 2.8183097e-001
 2.8090459e-001
 2.8004190e-001
 2.7935648e-001
 2.7844217e-001
 2.7671823e-001
-1.2300000e+034
-1.2300000e+034
-1.2300000e+034
-1.2300000e+034
-1.2300000e+034
-1.2300000e+034
-1.2300000e+034
-1.2300000e+034
-1.2300000e+034
-1.2300000e+034
-1.2300000e+034
-1.2300000e+034
-1.2300000e+034
-1.2300000e+034
-1.2300000e+034
-1.2300000e+034
-1.2300000e+034
-1.2300000e+034
-1.2300000e+034
-1.2300000e+034
-1.2300000e+034
-1.2300000e+034
-1.2300000e+034
-1.2300000e+034
-1.2300000e+034
-1.2300000e+034
-1.2300000e+034
-1.2300000e+034
-1.2300000e+034
-1.2300000e+034
-1.2300000e+034
-1.2300000e+034
-1.2300000e+034
-1.2300000e+034
-1.2300000e+034
-1.2300000e+034
-1.2300000e+034
-1.2300000e+034
-1.2300000e+034
-1.2300000e+034
-1.2300000e+034
-1.2300000e+034
-1.2300000e+034
-1.2300000e+034
-1.2300000e+034
-1.2300000e+034
-1.2300000e+034
-1.2300000e+034
-1.2300000e+034
-1.2300000e+034
-1.2300000e+034
 9.9486135e-002
 9.5582455e-002
 9.4678253e-002
 9.3506724e-002
 9.0911202e-002
 8.9519382e-002
 8.9165024e-002
 8.9234628e-002
 8.9076795e-002
 8.8386774e-002
 8.7816775e-002
 8.6937360e-002
 8.5477516e-002
 8.4120110e-002
 8.2979336e-002
 8.2103156e-002
 8.1797600e-002
 8.1613019e-002
 8.1666492e-002
 8.1850171e-002
 8.1850439e-002
 8.1969477e-002
 8.1994645e-002
 8.1945494e-002
 8.1671663e-002
 8.1082270e-002
 8.0564380e-002
 8.0129199e-002
 7.9508044e-002
 7.8756824e-002
 7.8314282e-002
 7.8084640e-002
 7.7881239e-002
 7.7704780e-002
 7.7541597e-002
 7.7541843e-002
 7.7641152e-002
 7.7843934e-002
 7.8047268e-002
 7.7971168e-002
 7.7860586e-002
 7.7840768e-002
 7.7787064e-002
 7.7824257e-002
 7.7903658e-002
 7.7898785e-002
 7.7892795e-002
 7.7925719e-002
 7.7986501e-002
 7.8089595e-002
 7.8187525e-002
 7.8309253e-002
 7.8448802e-002
 7.8638680e-002
 7.8899316e-002
 7.9116248e-002
 7.9303987e-002
 7.9516582e-002
 7.9741955e-002
 7.9912558e-002
 8.0045097e-002
 8.0217600e-002
 8.0434553e-002
 8.0732264e-002
 8.1074350e-002
 8.1499994e-002
 8.2011864e-002
 8.2462125e-002
 8.2896814e-002
 8.3358906e-002
 8.3819099e-002
 8.4327199e-002
 8.4855512e-002
 8.5354492e-002
 8.5831620e-002
 8.6326361e-002
 8.6924791e-002
 8.7560683e-002
 8.8171504e-002
 8.8779360e-002
 8.9395933e-002
 9.0024143e-002
 9.0604901e-002
 9.1145404e-002
 9.1767818e-002
 9.2410184e-002
 9.3039639e-002
 9.3676381e-002
 9.4314657e-002
 9.4960302e-002
 9.5607519e-002
 9.6247427e-002
 9.6894078e-002
 9.7549289e-002
 9.8195687e-002
 9.8857440e-002
 9.9556223e-002
 1.0029053e-001
 1.0099077e-001
 1.0165330e-001
 1.0233751e-001
 1.0304058e-001
 1.0372717e-001
 1.0440972e-001
 1.0511948e-001
 1.0585455e-001
 1.0657936e-001
 1.0727409e-001
 1.0796113e-001
 1.0866914e-001
 1.0937154e-001
 1.1006577e-001
 1.1076717e-001
 1.1146568e-001
 1.1216532e-001
 1.1286248e-001
 1.1354990e-001
 1.1426572e-001
 1.1498891e-001
 1.1568815e-001
 1.1638651e-001
 1.1708627e-001
 1.1778288e-001
 1.1846247e-001
 1.1912838e-001
 1.1981333e-001
 1.2049161e-001
 1.2114982e-001
 1.2180924e-001
 1.2247170e-001
 1.2313610e-001
 1.2379678e-001
 1.2445653e-001
 1.2513086e-001
 1.2579757e-001
 1.2645429e-001
 1.2712641e-001
 1.2777506e-001
 1.2841402e-001
 1.2904753e-001
 1.2965225e-001
 1.3026582e-001
 1.3087791e-001
 1.3147040e-001
 1.3205804e-001
 1.3267173e-001
 1.3331006e-001
 1.3392860e-001
 1.3452730e-001
 1.3515708e-001
 1.3581301e-001
 1.3642652e-001
 1.3701192e-001
 1.3760725e-001
 1.3820799e-001
 1.3877971e-001
 1.3931377e-001
 1.3983868e-001
 1.4036158e-001
 1.4087477e-001
 1.4137870e-001
 1.4189307e-001
 1.4242615e-001
 1.4295134e-001
 1.4344846e-001
 1.4395945e-001
 1.4449804e-001
 1.4502989e-001
 1.4556576e-001
 1.4610805e-001
 1.4663492e-001
 1.4718102e-001
 1.4773992e-001
 1.4828175e-001
 1.4883170e-001
 1.4935742e-001
 1.4985093e-001
 1.5038373e-001
 1.5094249e-001
 1.5145907e-001
 1.5192039e-001
 1.5238446e-001
 1.5288368e-001
 1.5336816e-001
 1.5383187e-001
 1.5431058e-001
 1.5479466e-001
 1.5528542e-001
 1.5577421e-001
 1.5625717e-001
 1.5676169e-001
 1.5724356e-001
 1.5769100e-001
 1.5814447e-001
 1.5859514e-001
 1.5906127e-001
 1.5954509e-001
 1.6001356e-001
 1.6045690e-001
 1.6087842e-001
 1.6130345e-001
 1.6175026e-001
 1.6220389e-001
 1.6264713e-001
 1.6305795e-001
 1.6346422e-001
 1.6391949e-001
 1.6437168e-001
 1.6476960e-001
 1.6515148e-001
 1.6552773e-001
 1.6589439e-001
 1.6626406e-001
 1.6662483e-001
 1.6696684e-001
 1.6729505e-001
 1.6761871e-001
 1.6793989e-001
 1.6824834e-001
 1.6855139e-001
 1.6884919e-001
 1.6912855e-001
 1.6940020e-001
 1.6966353e-001
 1.6990684e-001
 1.7014252e-001
 1.7039579e-001
 1.7066075e-001
 1.7088950e-001
 1.7109986e-001
 1.7131697e-001
 1.7150404e-001
 1.7165470e-001
 1.7177601e-001
 1.7186426e-001
 1.7194705e-001
 1.7203929e-001
 1.7211203e-001
 1.7214985e-001
 1.7217310e-001
 1.7222972e-001
 1.7228167e-001
 1.7225288e-001
 1.7219184e-001
 1.7209496e-001
 1.7193532e-001
 1.7174181e-001
 1.7151600e-001
 1.7125097e-001
 1.7096065e-001
 1.7066248e-001
 1.7035815e-001
 1.7008109e-001
 1.6981459e-001
 1.6954005e-001
 1.6927452e-001
 1.6903926e-001
 1.6883931e-001
 1.6864294e-001
 1.6844581e-001
 1.6823088e-001
 1.6799657e-001
 1.6777357e-001
 1.6755182e-001
 1.6732812e-001
 1.6714400e-001
 1.6700305e-001
 1.6687541e-001
 1.6675864e-001
 1.6664056e-001
 1.6653135e-001
 1.6640572e-001
 1.6622283e-001
 1.6602865e-001
 1.6584955e-001
 1.6568530e-001
 1.6551238e-001
 1.6530259e-001
 1.6510341e-001
 1.6488276e-001
 1.6457529e-001
 1.6421692e-001
 1.6383241e-001
 1.6341418e-001
 1.6296080e-001
 1.6247964e-001
 1.6196939e-001
 1.6147080e-001
 1.6102800e-001
 1.6062531e-001
 1.6022718e-001
 1.5984754e-001
 1.5948690e-001
 1.5914705e-001
 1.5885900e-001
 1.5858290e-001
 1.5830408e-001
 1.5799698e-001
 1.5763979e-001
 1.5726425e-001
 1.5686609e-001
 1.5647314e-001
 1.5611708e-001
 1.5578435e-001
 1.5543641e-001
 1.5509978e-001
 1.5480144e-001
 1.5451020e-001
 1.5421404e-001
 1.5395129e-001
 1.5373756e-001
 1.5348543e-001
 1.5319170e-001
 1.5292352e-001
 1.5267429e-001
 1.5239811e-001
 1.5209767e-001
 1.5175131e-001
 1.5135841e-001
 1.5102753e-001
 1.5074778e-001
 1.5048379e-001
 1.5024696e-001
 1.4998627e-001
 1.4968927e-001
 1.4941072e-001
 1.4915656e-001
 1.4893661e-001
 1.4875753e-001
 1.4858550e-001
 1.4841352e-001
 1.4823528e-001
 1.4805686e-001
 1.4782844e-001
 1.4756036e-001
 1.4731017e-001
 1.4706203e-001
 1.4686799e-001
 1.4671268e-001
 1.4649515e-001
 1.4623222e-001
 1.4594114e-001
 1.4564100e-001
 1.4533247e-001
 1.4500582e-001
 1.4458525e-001
 1.4409602e-001
 1.4362544e-001
 1.4314857e-001
 1.4273912e-001
 1.4239076e-001
 1.4208794e-001
 1.4187410e-001
 1.4175676e-001
 1.4165209e-001
 1.4147457e-001
 1.4125709e-001
 1.4101772e-001
 1.4075677e-001
 1.4045921e-001
 1.4017981e-001
 1.3994949e-001
 1.3971090e-001
 1.3942294e-001
 1.3913190e-001
 1.3888632e-001
 1.3865787e-001
 1.3838778e-001
 1.3822035e-001
 1.3819765e-001
 1.3819084e-001
 1.3820383e-001
 1.3823511e-001
 1.3829315e-001
 1.3837378e-001
 1.3852358e-001
 1.3851781e-001
 1.3833533e-001
 1.3816704e-001
 1.3798136e-001
 1.3782473e-001
 1.3764486e-001
 1.3754725e-001
 1.3753769e-001
 1.3757564e-001
 1.3770446e-001
 1.3794458e-001
 1.3824485e-001
 1.3837294e-001
 1.3843305e-001
 1.3860957e-001
 1.3880073e-001
 1.3873316e-001
 1.3853276e-001
 1.3830087e-001
 1.3800809e-001
 1.3793162e-001
 1.3805670e-001
 1.3842198e-001
 1.3878307e-001
 1.3831465e-001
 1.3769305e-001
-1.2300000e+034
-1.2300000e+034
-1.2300000e+034
-1.2300000e+034
-1.2300000e+034
-1.2300000e+034
-1.2300000e+034
-1.2300000e+034
-1.2300000e+034
-1.2300000e+034
-1.2300000e+034
-1.2300000e+034
-1.2300000e+034
-1.2300000e+034
-1.2300000e+034
-1.2300000e+034
-1.2300000e+034
-1.2300000e+034
-1.2300000e+034
-1.2300000e+034
-1.2300000e+034
-1.2300000e+034
-1.2300000e+034
-1.2300000e+034
-1.2300000e+034
-1.2300000e+034
-1.2300000e+034
-1.2300000e+034
-1.2300000e+034
-1.2300000e+034
-1.2300000e+034
-1.2300000e+034
-1.2300000e+034
-1.2300000e+034
-1.2300000e+034
-1.2300000e+034
-1.2300000e+034
-1.2300000e+034
-1.2300000e+034
-1.2300000e+034
-1.2300000e+034
-1.2300000e+034
-1.2300000e+034
-1.2300000e+034
-1.2300000e+034
-1.2300000e+034
-1.2300000e+034
-1.2300000e+034
-1.2300000e+034
-1.2300000e+034
-1.2300000e+034
-1.2300000e+034
-1.2300000e+034
-1.2300000e+034
-1.2300000e+034
-1.2300000e+034
-1.2300000e+034
-1.2300000e+034
-1.2300000e+034
-1.2300000e+034
-1.2300000e+034
-1.2300000e+034
-1.2300000e+034
-1.2300000e+034
-1.2300000e+034
-1.2300000e+034
-1.2300000e+034
-1.2300000e+034
-1.2300000e+034
-1.2300000e+034
-1.2300000e+034
-1.2300000e+034
-1.2300000e+034
-1.2300000e+034
-1.2300000e+034
-1.2300000e+034
-1.2300000e+034
-1.2300000e+034
-1.2300000e+034
-1.2300000e+034
-1.2300000e+034
-1.2300000e+034
-1.2300000e+034
-1.2300000e+034
-1.2300000e+034
-1.2300000e+034
-1.2300000e+034
-1.2300000e+034
-1.2300000e+034
-1.2300000e+034
-1.2300000e+034
-1.2300000e+034
-1.2300000e+034
-1.2300000e+034
-1.2300000e+034
-1.2300000e+034
-1.2300000e+034
-1.2300000e+034
-1.2300000e+034
-1.2300000e+034
-1.2300000e+034
-1.2300000e+034
-1.2300000e+034
-1.2300000e+034
-1.2300000e+034
-1.2300000e+034
-1.2300000e+034
-1.2300000e+034
-1.2300000e+034
-1.2300000e+034
-1.2300000e+034
-1.2300000e+034
-1.2300000e+034
-1.2300000e+034
-1.2300000e+034
-1.2300000e+034
-1.2300000e+034
-1.2300000e+034
-1.2300000e+034
-1.2300000e+034
-1.2300000e+034
-1.2300000e+034
-1.2300000e+034
-1.2300000e+034
-1.2300000e+034
-1.2300000e+034
-1.2300000e+034
-1.2300000e+034
-1.2300000e+034
-1.2300000e+034
-1.2300000e+034
-1.2300000e+034
-1.2300000e+034
-1.2300000e+034
-1.2300000e+034
-1.2300000e+034
-1.2300000e+034
-1.2300000e+034
-1.2300000e+034
-1.2300000e+034
-1.2300000e+034
-1.2300000e+034
-1.2300000e+034
-1.2300000e+034
-1.2300000e+034
-1.2300000e+034
-1.2300000e+034
-1.2300000e+034
-1.2300000e+034
-1.2300000e+034
-1.2300000e+034
-1.2300000e+034
-1.2300000e+034
 4.4171359e-002
 4.4440843e-002
 4.4459850e-002
 4.4439431e-002
 4.4320449e-002
 4.4302315e-002
 4.4393621e-002
 4.4526618e-002
 4.4660430e-002
 4.4759102e-002
 4.4840235e-002
 4.4877663e-002
 4.5003910e-002
 4.5240574e-002
 4.5433555e-002
 4.5621317e-002
 4.5778401e-002
 4.5895025e-002
 4.6015784e-002
 4.6174254e-002
 4.6327714e-002
 4.6436630e-002
 4.6515547e-002
 4.6583548e-002
 4.6626471e-002
 4.6718549e-002
 4.6883360e-002
 4.7024060e-002
 4.7152154e-002
 4.7280494e-002
 4.7429830e-002
 4.7585905e-002
 4.7733512e-002
 4.7893457e-002
 4.8063058e-002
 4.8259888e-002
 4.8432000e-002
 4.8550077e-002
 4.8681293e-002
 4.8800297e-002
 4.8941281e-002
 4.9098335e-002
 4.9297608e-002
 4.9571645e-002
 4.9916524e-002
 5.0194751e-002
 5.0394349e-002
 5.0553732e-002
 5.0601274e-002
 5.0676331e-002
 5.0738063e-002
 5.0863877e-002
 5.1145121e-002
 5.1407393e-002
 5.1494535e-002
 5.1513087e-002
 5.1689144e-002
 5.1976126e-002
 5.2147325e-002
 5.2195329e-002
 5.2337207e-002
 5.2607838e-002
 5.2812997e-002
 5.2955728e-002
 5.3089816e-002
 5.3247210e-002
 5.3400859e-002
 5.3546440e-002
 5.3683747e-002
 5.3793505e-002
 5.3875383e-002
 5.3983748e-002
 5.4136731e-002
 5.4259971e-002
 5.4351121e-002
 5.4440126e-002
 5.4540172e-002
 5.4631028e-002
 5.4698426e-002
 5.4753333e-002
 5.4804530e-002
 5.4857973e-002
 5.4922912e-002
 5.5005968e-002
 5.5075955e-002
 5.5124056e-002
 5.5163898e-002
 5.5177484e-002
 5.5209178e-002
 5.5300504e-002
 5.5420887e-002
 5.5542111e-002
 5.5680282e-002
 5.5772536e-002
 5.5795006e-002
 5.5857234e-002
 5.5950269e-002
 5.6050096e-002
 5.6190792e-002
 5.6339923e-002
 5.6459665e-002
 5.6583617e-002
 5.6738939e-002
 5.6889478e-002
 5.7019606e-002
 5.7136305e-002
 5.7241105e-002
 5.7345390e-002
 5.7412799e-002
 5.7412282e-002
 5.7459120e-002
 5.7557717e-002
 5.7660837e-002
 5.7809394e-002
 5.7944302e-002
 5.8028314e-002
 5.8090907e-002
 5.8157317e-002
 5.8244459e-002
 5.8343939e-002
 5.8438733e-002
 5.8547132e-002
 5.8676057e-002
 5.8789182e-002
 5.8900315e-002
 5.9015460e-002
 5.9109155e-002
 5.9199169e-002
 5.9286583e-002
 5.9353475e-002
 5.9408572e-002
 5.9461109e-002
 5.9536625e-002
 5.9643157e-002
 5.9744045e-002
 5.9844453e-002
 5.9944019e-002
 6.0031220e-002
 6.0096759e-002
 6.0139202e-002
 6.0187411e-002
 6.0265139e-002
 6.0367003e-002
 6.0443245e-002
 6.0512308e-002
 6.0625635e-002
 6.0756449e-002
 6.0879193e-002
 6.1010845e-002
 6.1121188e-002
 6.1214425e-002
 6.1301004e-002
 6.1367884e-002
 6.1426897e-002
 6.1464462e-002
 6.1499644e-002
 6.1567284e-002
 6.1641928e-002
 6.1690111e-002
 6.1735868e-002
 6.1792616e-002
 6.1859962e-002
 6.1940409e-002
 6.2008705e-002
 6.2101472e-002
 6.2252592e-002
 6.2372003e-002
 6.2449440e-002
 6.2521487e-002
 6.2540948e-002
 6.2571228e-002
 6.2637500e-002
 6.2688142e-002
 6.2761918e-002
 6.2862173e-002
 6.2924221e-002
 6.2968329e-002
 6.3033648e-002
 6.3119501e-002
 6.3198067e-002
 6.3250549e-002
 6.3302644e-002
 6.3378610e-002
 6.3458525e-002
 6.3524209e-002
 6.3597187e-002
 6.3650690e-002
 6.3711494e-002
 6.3811563e-002
 6.3911632e-002
 6.4054154e-002
 6.4225622e-002
 6.4349011e-002
 6.4458020e-002
 6.4583644e-002
 6.4720005e-002
 6.4889662e-002
 6.5093562e-002
 6.5283537e-002
 6.5495566e-002
 6.5714315e-002
 6.5890178e-002
 6.6058546e-002
 6.6242829e-002
 6.6426381e-002
 6.6575296e-002
 6.6684313e-002
 6.6799536e-002
 6.6909514e-002
 6.7020498e-002
 6.7172468e-002
 6.7329422e-002
 6.7469276e-002
 6.7631885e-002
 6.7838445e-002
 6.8017960e-002
 6.8192773e-002
 6.8353839e-002
 6.8463102e-002
 6.8593830e-002
 6.8742409e-002
 6.8876281e-002
 6.8992667e-002
 6.9099285e-002
 6.9199592e-002
 6.9264323e-002
 6.9349907e-002
 6.9481537e-002
 6.9619104e-002
 6.9778293e-002
 6.9941163e-002
 7.0082977e-002
 7.0196867e-002
 7.0320800e-002
 7.0438206e-002
 7.0547357e-002
 7.0698053e-002
 7.0795715e-002
 7.0878230e-002
 7.1072280e-002
 7.1283758e-002
 7.1429379e-002
 7.1544945e-002
 7.1641646e-002
 7.1715437e-002
 7.1793646e-002
 7.1896061e-002
 7.1998298e-002
 7.2066709e-002
 7.2168499e-002
 7.2356038e-002
 7.2493687e-002
 7.2556362e-002
 7.2631240e-002
 7.2677888e-002
 7.2684810e-002
 7.2668210e-002
 7.2638720e-002
 7.2639957e-002
 7.2664164e-002
 7.2693311e-002
 7.2742082e-002
 7.2740756e-002
 7.2696671e-002
 7.2638832e-002
 7.2528332e-002
 7.2443254e-002
 7.2390512e-002
 7.2298340e-002
 7.2191246e-002
 7.2052367e-002
 7.1794696e-002
 7.1531318e-002
 7.1263745e-002
 7.0987165e-002
 7.0782840e-002
 7.0599481e-002
 7.0387617e-002
 7.0154749e-002
 6.9788411e-002
 6.9318511e-002
 6.8950430e-002
 6.8636440e-002
 6.8298377e-002
 6.7974053e-002
 6.7641459e-002
 6.7309901e-002
 6.6966265e-002
 6.6603400e-002
 6.6212393e-002
 6.5757170e-002
 6.5360300e-002
 6.5090619e-002
 6.4836599e-002
 6.4591706e-002
 6.4335406e-002
 6.4018130e-002
 6.3643694e-002
 6.3222669e-002
 6.2751733e-002
 6.2315099e-002
 6.1918724e-002
 6.1472610e-002
 6.1030105e-002
 6.0593233e-002
 6.0140818e-002
 5.9905071e-002
 5.9861958e-002
 5.9678398e-002
 5.9431106e-002
 5.9119344e-002
 5.8680508e-002
 5.8248747e-002
 5.7793219e-002
 5.7409521e-002
 5.7176590e-002
 5.6969292e-002
 5.6793861e-002
 5.6551367e-002
 5.6223970e-002
 5.5944242e-002
 5.5662472e-002
 5.5339407e-002
 5.5035368e-002
 5.4752436e-002
 5.4576021e-002
 5.4470744e-002
 5.4296922e-002
 5.4097507e-002
 5.3880610e-002
 5.3654592e-002
 5.3405385e-002
 5.3071197e-002
 5.2818578e-002
 5.2697320e-002
 5.2523285e-002
 5.2304327e-002
 5.2053757e-002
 5.1728394e-002
 5.1386904e-002
 5.1020104e-002
 5.0689586e-002
 5.0432030e-002
 5.0192285e-002
 5.0044511e-002
 4.9921867e-002
 4.9650516e-002
 4.9326546e-002
 4.9141403e-002
 4.9051758e-002
 4.8943181e-002
 4.8759479e-002
 4.8506007e-002
 4.8284363e-002
 4.8155535e-002
 4.8076645e-002
 4.8073854e-002
 4.8127823e-002
 4.8181649e-002
 4.8199352e-002
 4.8166521e-002
 4.8184164e-002
 4.8163094e-002
 4.8106361e-002
 4.8063669e-002
 4.7954459e-002
 4.7764011e-002
 4.7526237e-002
 4.7294945e-002
 4.7045663e-002
 4.6883669e-002
 4.6779748e-002
 4.6660479e-002
 4.6577271e-002
 4.6521019e-002
 4.6636384e-002
 4.6768282e-002
 4.6822719e-002
 4.6919271e-002
 4.6921104e-002
 4.6871413e-002
 4.6779547e-002
 4.6539482e-002
 4.6318531e-002
 4.6112239e-002
 4.5882072e-002
 4.5744278e-002
 4.5659930e-002
 4.5627937e-002
 4.5606926e-002
 4.5554049e-002
 4.5678176e-002
 4.5933913e-002
 4.5954406e-002
 4.5853231e-002
 4.5659382e-002
 4.5303196e-002
 4.5131251e-002
 4.5056544e-002
 4.4940185e-002
 4.4864386e-002
 4.4814140e-002
 4.4799168e-002
 4.4848721e-002
 4.4989150e-002
 4.5051180e-002
 4.4875756e-002
 4.4678174e-002
 4.4703171e-002
 4.4682752e-002
 4.4467725e-002
 4.4338062e-002
 4.4244897e-002
 4.4181377e-002
 4.4206571e-002
 4.4108253e-002
 4.3814149e-002
 4.3602727e-002
 4.3880615e-002
 4.4227656e-002
 4.3953430e-002
 4.3530587e-002
 4.3330703e-002
 4.3103769e-002
 4.3016095e-002
 4.3023076e-002
 4.2895846e-002
 4.2788606e-002
 4.2663846e-002
 4.2482585e-002
 4.2316716e-002
 4.2038735e-002
 4.1754495e-002
 4.1482855e-002
 4.1265439e-002
 4.1220792e-002
 4.0984500e-002
 4.0525191e-002
 4.0211037e-002
 3.9973080e-002
 4.0067960e-002
 4.0584184e-002
 4.0894471e-002
 4.1134790e-002
 4.1130722e-002
 4.0776655e-002
 4.0461950e-002
 3.9981626e-002
 3.9566293e-002
 3.9383002e-002
 3.8988937e-002
 3.8162094e-002
 3.7848815e-002
 3.8487095e-002
 3.8717546e-002
 3.8243439e-002
 3.7772857e-002
 3.7322946e-002
 3.7034430e-002
 3.6952134e-002
 3.6863893e-002
 3.6764372e-002
 3.6731832e-002
 3.6873519e-002
 3.7024416e-002
 3.7222289e-002
 3.7376054e-002
 3.7440870e-002
 3.7496552e-002
 3.7447538e-002
 3.7266873e-002
 3.6939040e-002
 3.6544416e-002
 3.6286905e-002
 3.6183786e-002
 3.6239196e-002
 3.6310814e-002
 3.5966758e-002
 3.5713091e-002
 3.6082182e-002
 3.6399759e-002
 3.6495097e-002
-1.2300000e+034
-1.2300000e+034
-1.2300000e+034
-1.2300000e+034
-1.2300000e+034
-1.2300000e+034
-1.2300000e+034
-1.2300000e+034
-1.2300000e+034
-1.2300000e+034
-1.2300000e+034
-1.2300000e+034
-1.2300000e+034
-1.2300000e+034
-1.2300000e+034
-1.2300000e+034
-1.2300000e+034
-1.2300000e+034
-1.2300000e+034
-1.2300000e+034
-1.2300000e+034
-1.2300000e+034
-1.2300000e+034
-1.2300000e+034
-1.2300000e+034
-1.2300000e+034
-1.2300000e+034
-1.2300000e+034
-1.2300000e+034
-1.2300000e+034
-1.2300000e+034
-1.2300000e+034
-1.2300000e+034
-1.2300000e+034
-1.2300000e+034
-1.2300000e+034
-1.2300000e+034
-1.2300000e+034
-1.2300000e+034
-1.2300000e+034
-1.2300000e+034
-1.2300000e+034
-1.2300000e+034
-1.2300000e+034
-1.2300000e+034
-1.2300000e+034
-1.2300000e+034
-1.2300000e+034
-1.2300000e+034
-1.2300000e+034
-1.2300000e+034
-1.2300000e+034
-1.2300000e+034
-1.2300000e+034
-1.2300000e+034
-1.2300000e+034
-1.2300000e+034
-1.2300000e+034
-1.2300000e+034
-1.2300000e+034
