splib07b Record=34072: LawnGrass GDS91b +1shft 3nm   BECKa AREF
 6.0051620e-001
 6.0051620e-001
 6.0051614e-001
 6.0051614e-001
 6.0051614e-001
 6.0051614e-001
 6.0051614e-001
 6.0051614e-001
 6.0051614e-001
 6.0051614e-001
 6.0051614e-001
 6.0051620e-001
 6.0051614e-001
 6.0051608e-001
 6.0051614e-001
 6.0051614e-001
 6.0051620e-001
 6.0051614e-001
 6.0051608e-001
 6.0051614e-001
 6.0051614e-001
 6.0051614e-001
 6.0051614e-001
 6.0051614e-001
 6.0051614e-001
 6.0051614e-001
 6.0051614e-001
 6.0051614e-001
 6.0051614e-001
 6.0051614e-001
 6.0051614e-001
 6.0051614e-001
 6.0051614e-001
 6.0051620e-001
 6.0051614e-001
 6.0051620e-001
 6.0051614e-001
 6.0051608e-001
 6.0051620e-001
 6.0051608e-001
 6.0051614e-001
 6.0051620e-001
 6.0051614e-001
 6.0051620e-001
 6.0051614e-001
 6.0051614e-001
 6.0051614e-001
 6.0051614e-001
 6.0051614e-001
 6.0051614e-001
 6.0051608e-001
 6.0051614e-001
 6.0051614e-001
 6.0051614e-001
 6.0051614e-001
 6.0051614e-001
 6.0051614e-001
 6.0051614e-001
 6.0051620e-001
 6.0051614e-001
 6.0051608e-001
 6.0051620e-001
 6.0051614e-001
 6.0051614e-001
 6.0051620e-001
 6.0051614e-001
 6.0051614e-001
 6.0051614e-001
 6.0051608e-001
 6.0051608e-001
 6.0051614e-001
 6.0051620e-001
 6.0051614e-001
 6.0051614e-001
 6.0051608e-001
 6.0051614e-001
 6.0051614e-001
 6.0051614e-001
 6.0051614e-001
 6.0051620e-001
 6.0051614e-001
 6.0051614e-001
 6.0051614e-001
 6.0051614e-001
 6.0051614e-001
 6.0051614e-001
 6.0051614e-001
 6.0051620e-001
 6.0051614e-001
 6.0051614e-001
 6.0051614e-001
 6.0051614e-001
 6.0051614e-001
 6.0051614e-001
 6.0051614e-001
 6.0051614e-001
 6.0051614e-001
 6.0051614e-001
 6.0051614e-001
 6.0051614e-001
 6.0051608e-001
 6.0051614e-001
 6.0051614e-001
 6.0051614e-001
 6.0051614e-001
 6.0051614e-001
 6.0051614e-001
 6.0051608e-001
 6.0051614e-001
 6.0051608e-001
 6.0051614e-001
 6.0051614e-001
 6.0051614e-001
 6.0051614e-001
 6.0051614e-001
 6.0051614e-001
 6.0051614e-001
 6.0051614e-001
 6.0051614e-001
 6.0051614e-001
 6.0051614e-001
 6.0051614e-001
 6.0051614e-001
 6.0051614e-001
 6.0051620e-001
 6.0051614e-001
 6.0051620e-001
 6.0051614e-001
 6.0051614e-001
 6.0051614e-001
 6.0051614e-001
 6.0051614e-001
 6.0051614e-001
 6.0051614e-001
 6.0051614e-001
 6.0051614e-001
 6.0051614e-001
 6.0051608e-001
 6.0051614e-001
 6.0051614e-001
 6.0051614e-001
 6.0051614e-001
 6.0051608e-001
 6.0051614e-001
 6.0051614e-001
 6.0051614e-001
 6.0051614e-001
 6.0051614e-001
 6.0051620e-001
 6.0051614e-001
 6.0051614e-001
 6.0051614e-001
 6.0051608e-001
 6.0051614e-001
 6.0051620e-001
 6.0051614e-001
 6.0051614e-001
 6.0051614e-001
 6.0051614e-001
 6.0051614e-001
 6.0051614e-001
 6.0051620e-001
 6.0051614e-001
 6.0051614e-001
 6.0051614e-001
 6.0051614e-001
 6.0051620e-001
 6.0051608e-001
 6.0051614e-001
 6.0051620e-001
 6.0051614e-001
 6.0051614e-001
 6.0051614e-001
 6.0051614e-001
 6.0051620e-001
 6.0051614e-001
 6.0051614e-001
 6.0051614e-001
 6.0051620e-001
 6.0051614e-001
 6.0051614e-001
 6.0051620e-001
 6.0051614e-001
 6.0051614e-001
 6.0051620e-001
 6.0051614e-001
 6.0051614e-001
 6.0051614e-001
 6.0051614e-001
 6.0051614e-001
 6.0051614e-001
 6.0051614e-001
 6.0051614e-001
 6.0051614e-001
 6.0051614e-001
 6.0051614e-001
 6.0051614e-001
 6.0051608e-001
 6.0051620e-001
 6.0051614e-001
 6.0051614e-001
 6.0051620e-001
 6.0051614e-001
 6.0051608e-001
 6.0051608e-001
 6.0051620e-001
 6.0051614e-001
 6.0051608e-001
 6.0051608e-001
 6.0051614e-001
 6.0051614e-001
 6.0051614e-001
 6.0051614e-001
 6.0051614e-001
 6.0051614e-001
 6.0051614e-001
 6.0051608e-001
 6.0051614e-001
 6.0051614e-001
 6.0051614e-001
 6.0051608e-001
 6.0051614e-001
 6.0051614e-001
 6.0051608e-001
 6.0051614e-001
 6.0051608e-001
 6.0051614e-001
 6.0051614e-001
 6.0051614e-001
 6.0051614e-001
 6.0051614e-001
 6.0051614e-001
 6.0051614e-001
 6.0051614e-001
 6.0051614e-001
 6.0051614e-001
 6.0051614e-001
 6.0051620e-001
 6.0051614e-001
 6.0051614e-001
 6.0051614e-001
 6.0051614e-001
 6.0051614e-001
 6.0051614e-001
 6.0051608e-001
 6.0051608e-001
 6.0051608e-001
 6.0051608e-001
 6.0051602e-001
 6.0051614e-001
 6.0051608e-001
 6.0051620e-001
 6.0051614e-001
 6.0051614e-001
 6.0051626e-001
 6.0051620e-001
 6.0051626e-001
 6.0051626e-001
 6.0051632e-001
 6.0051632e-001
 6.0051626e-001
 6.0051638e-001
 6.0051632e-001
 6.0051626e-001
 6.0051620e-001
 6.0051614e-001
 6.0051596e-001
 6.0051584e-001
 6.0051566e-001
 6.0051560e-001
 6.0051548e-001
 6.0051543e-001
 6.0051537e-001
 6.0051548e-001
 6.0051554e-001
 6.0051572e-001
 6.0051602e-001
 6.0051638e-001
 6.0051680e-001
 6.0051727e-001
 6.0051775e-001
 6.0051823e-001
 6.0051847e-001
 6.0051876e-001
 6.0051882e-001
 6.0051870e-001
 6.0051829e-001
 6.0051763e-001
 6.0051656e-001
 6.0051519e-001
 6.0051352e-001
 6.0051113e-001
 6.0050815e-001
 6.0050452e-001
 6.0050005e-001
 6.0049462e-001
 6.0048831e-001
 6.0048091e-001
 6.0047227e-001
 6.0046238e-001
 6.0045111e-001
 6.0043848e-001
 6.0042471e-001
 6.0040992e-001
 6.0039490e-001
 6.0038000e-001
 6.0036546e-001
 6.0035193e-001
 6.0033965e-001
 6.0032922e-001
 6.0032099e-001
 6.0031539e-001
 6.0031283e-001
 6.0031372e-001
 6.0031796e-001
 6.0032493e-001
 6.0033429e-001
 6.0034525e-001
 6.0035747e-001
 6.0037035e-001
 6.0038340e-001
 6.0039598e-001
 6.0040778e-001
 6.0041803e-001
 6.0042638e-001
 6.0043216e-001
 6.0043544e-001
 6.0043633e-001
 6.0043520e-001
 6.0043210e-001
 6.0042745e-001
 6.0042137e-001
 6.0041416e-001
 6.0040605e-001
 6.0039723e-001
 6.0038787e-001
 6.0037839e-001
 6.0036892e-001
 6.0035992e-001
 6.0035169e-001
 6.0034490e-001
 6.0034001e-001
 6.0033745e-001
 6.0033774e-001
 6.0034144e-001
 6.0034901e-001
 6.0036075e-001
 6.0037732e-001
 6.0039932e-001
 6.0042685e-001
 6.0045910e-001
 6.0049355e-001
 6.0052812e-001
 6.0056037e-001
 6.0058814e-001
 6.0060918e-001
 6.0062099e-001
 6.0062152e-001
 6.0060841e-001
 6.0057932e-001
 6.0053200e-001
 6.0046446e-001
 6.0037941e-001
 6.0028291e-001
 6.0018128e-001
 6.0008085e-001
 5.9998775e-001
 5.9990829e-001
 5.9984875e-001
 5.9981549e-001
 5.9981453e-001
 5.9985232e-001
 5.9993511e-001
 6.0006863e-001
 6.0025114e-001
 6.0047483e-001
 6.0073209e-001
 6.0101479e-001
 6.0131532e-001
 6.0162568e-001
 6.0193819e-001
 6.0224491e-001
 6.0253799e-001
 6.0280967e-001
 6.0305202e-001
 6.0325760e-001
 6.0342431e-001
 6.0355413e-001
 6.0364926e-001
 6.0371178e-001
 6.0374403e-001
 6.0374808e-001
 6.0372621e-001
 6.0368043e-001
 6.0361290e-001
 6.0352594e-001
 6.0342163e-001
 6.0330218e-001
 6.0316938e-001
 6.0302496e-001
 6.0287052e-001
 6.0270768e-001
 6.0253823e-001
 6.0236359e-001
 6.0218567e-001
 6.0200584e-001
 6.0182601e-001
 6.0164756e-001
 6.0147238e-001
 6.0130197e-001
 6.0113853e-001
 6.0098445e-001
 6.0084224e-001
 6.0071427e-001
 6.0060298e-001
 6.0051084e-001
 6.0044032e-001
 6.0039389e-001
 6.0037392e-001
 6.0038286e-001
 6.0042322e-001
 6.0049713e-001
 6.0060334e-001
 6.0073781e-001
 6.0089618e-001
 6.0107422e-001
 6.0126770e-001
 6.0147250e-001
 6.0168433e-001
 6.0189897e-001
 6.0211211e-001
 6.0231966e-001
 6.0251725e-001
 6.0270095e-001
 6.0286891e-001
 6.0302120e-001
 6.0315824e-001
 6.0328013e-001
 6.0338694e-001
 6.0347903e-001
 6.0355663e-001
 6.0361993e-001
 6.0366893e-001
 6.0370415e-001
 6.0372549e-001
 6.0373342e-001
 6.0372877e-001
 6.0371298e-001
 6.0368741e-001
 6.0365367e-001
 6.0361314e-001
 6.0356724e-001
 6.0351741e-001
 6.0346526e-001
 6.0341209e-001
 6.0335940e-001
 6.0330868e-001
 6.0326129e-001
 6.0321862e-001
 6.0318184e-001
 6.0315233e-001
 6.0313129e-001
 6.0311967e-001
 6.0311902e-001
 6.0313052e-001
 6.0315531e-001
 6.0319465e-001
 6.0324973e-001
 6.0332042e-001
 6.0340130e-001
 6.0348648e-001
 6.0356957e-001
 6.0364443e-001
 6.0370487e-001
 6.0374480e-001
 6.0375798e-001
 6.0373825e-001
 6.0368204e-001
 6.0359478e-001
 6.0348332e-001
 6.0335505e-001
 6.0321671e-001
 6.0307556e-001
 6.0293865e-001
 6.0281301e-001
 6.0270572e-001
 6.0262084e-001
 6.0255235e-001
 6.0249197e-001
 6.0243177e-001
 6.0236341e-001
 6.0227877e-001
 6.0216981e-001
 6.0202837e-001
 6.0184634e-001
 6.0162097e-001
 6.0136759e-001
 6.0110539e-001
 6.0085356e-001
 6.0063112e-001
 6.0045731e-001
 6.0035110e-001
 6.0033178e-001
 6.0041839e-001
 6.0062033e-001
 6.0091376e-001
 6.0126829e-001
 6.0165328e-001
 6.0203826e-001
 6.0239255e-001
 6.0268563e-001
 6.0288692e-001
 6.0296589e-001
 6.0290378e-001
 6.0272133e-001
 6.0244787e-001
 6.0211271e-001
 6.0174513e-001
 6.0137433e-001
 6.0102952e-001
 6.0074008e-001
 6.0053521e-001
 6.0043466e-001
 6.0042560e-001
 6.0048825e-001
 6.0060287e-001
 6.0074985e-001
 6.0090923e-001
 6.0106140e-001
 6.0118735e-001
 6.0128099e-001
 6.0134768e-001
 6.0139322e-001
 6.0142308e-001
 6.0144323e-001
 6.0145897e-001
 6.0147357e-001
 6.0148758e-001
 6.0150200e-001
 6.0151744e-001
 6.0153478e-001
 6.0155457e-001
 6.0157883e-001
 6.0161000e-001
 6.0165101e-001
 6.0170442e-001
 6.0177308e-001
 6.0185915e-001
 6.0196042e-001
 6.0207003e-001
 6.0218126e-001
 6.0228705e-001
 6.0238063e-001
 6.0245532e-001
 6.0251015e-001
 6.0254896e-001
 6.0257584e-001
 6.0259485e-001
 6.0260999e-001
 6.0262537e-001
 6.0264426e-001
 6.0266954e-001
 6.0270411e-001
 6.0275072e-001
 6.0281217e-001
 6.0289097e-001
 6.0298520e-001
 6.0308856e-001
 6.0319471e-001
 6.0329741e-001
 6.0339022e-001
 6.0346711e-001
 6.0352719e-001
 6.0357416e-001
 6.0361189e-001
 6.0364437e-001
 6.0367543e-001
 6.0370886e-001
 6.0374647e-001
 6.0378778e-001
 6.0383266e-001
 6.0388076e-001
 6.0393178e-001
 6.0398543e-001
 6.0404116e-001
 6.0409838e-001
 6.0415643e-001
 6.0421467e-001
 6.0427243e-001
 6.0432917e-001
 6.0438460e-001
 6.0443854e-001
 6.0449111e-001
 6.0454226e-001
 6.0459197e-001
 6.0464025e-001
 6.0468715e-001
 6.0473287e-001
 6.0477757e-001
 6.0482138e-001
 6.0486466e-001
 6.0490733e-001
 6.0494977e-001
 6.0499185e-001
 6.0503399e-001
 6.0507613e-001
 6.0511845e-001
 6.0516107e-001
 6.0520416e-001
 6.0524791e-001
 6.0529256e-001
 6.0533816e-001
 6.0538495e-001
 6.0543317e-001
 6.0548288e-001
 6.0553384e-001
 6.0558599e-001
 6.0563928e-001
 6.0569364e-001
 6.0574889e-001
 6.0580486e-001
 6.0586131e-001
 6.0591793e-001
 6.0597456e-001
 6.0603094e-001
 6.0608649e-001
 6.0614061e-001
 6.0619259e-001
 6.0624170e-001
 6.0628724e-001
 6.0632861e-001
 6.0636491e-001
 6.0639566e-001
 6.0641992e-001
 6.0643822e-001
 6.0645169e-001
 6.0646194e-001
 6.0647041e-001
 6.0647839e-001
 6.0648745e-001
 6.0649914e-001
 6.0651463e-001
 6.0653549e-001
 6.0656190e-001
 6.0659248e-001
 6.0662580e-001
 6.0666025e-001
 6.0669464e-001
 6.0672730e-001
 6.0675681e-001
 6.0678178e-001
 6.0680079e-001
 6.0681355e-001
 6.0682178e-001
 6.0682678e-001
 6.0683018e-001
 6.0683352e-001
 6.0683829e-001
 6.0684609e-001
 6.0685849e-001
 6.0687691e-001
 6.0690147e-001
 6.0693061e-001
 6.0696238e-001
 6.0699522e-001
 6.0702729e-001
 6.0705674e-001
 6.0708195e-001
 6.0710108e-001
 6.0711241e-001
 6.0711598e-001
 6.0711414e-001
 6.0710919e-001
 6.0710341e-001
 6.0709935e-001
 6.0709929e-001
 6.0710567e-001
 6.0712075e-001
 6.0714704e-001
 6.0718429e-001
 6.0722923e-001
 6.0727853e-001
 6.0732877e-001
 6.0737640e-001
 6.0741812e-001
 6.0745049e-001
 6.0746998e-001
 6.0747331e-001
 6.0746056e-001
 6.0743529e-001
 6.0740191e-001
 6.0736459e-001
 6.0732746e-001
 6.0729486e-001
 6.0727090e-001
 6.0725975e-001
 6.0726553e-001
 6.0728866e-001
 6.0732466e-001
 6.0736877e-001
 6.0741633e-001
 6.0746258e-001
 6.0750258e-001
 6.0753196e-001
 6.0754573e-001
 6.0753930e-001
 6.0751390e-001
 6.0747802e-001
 6.0744077e-001
 6.0741103e-001
 6.0739809e-001
 6.0741067e-001
 6.0745806e-001
 6.0754925e-001
 6.0769296e-001
 6.0788888e-001
 6.0812479e-001
 6.0838759e-001
 6.0866433e-001
 6.0894179e-001
 6.0920709e-001
 6.0944718e-001
 6.0964888e-001
 6.0979950e-001
 6.0989559e-001
 6.0994601e-001
 6.0996062e-001
 6.0994881e-001
 6.0992050e-001
 6.0988528e-001
 6.0985303e-001
 6.0983312e-001
 6.0983539e-001
 6.0986257e-001
 6.0990888e-001
 6.0996783e-001
 6.1003280e-001
 6.1009765e-001
 6.1015570e-001
 6.1020046e-001
 6.1022687e-001
 6.1023688e-001
 6.1023480e-001
 6.1022514e-001
 6.1021221e-001
 6.1020058e-001
 6.1019391e-001
 6.1019289e-001
 6.1019689e-001
 6.1020541e-001
 6.1021799e-001
 6.1023396e-001
 6.1025256e-001
 6.1027235e-001
 6.1029118e-001
 6.1030734e-001
 6.1031872e-001
 6.1032343e-001
 6.1031997e-001
 6.1030984e-001
 6.1029512e-001
 6.1027819e-001
 6.1026132e-001
 6.1024684e-001
 6.1023653e-001
 6.1022997e-001
 6.1022574e-001
 6.1022258e-001
 6.1021912e-001
 6.1021405e-001
 6.1020637e-001
 6.1019725e-001
 6.1018836e-001
 6.1018175e-001
 6.1017913e-001
 6.1018234e-001
 6.1019289e-001
 6.1021024e-001
 6.1023313e-001
 6.1026037e-001
 6.1029071e-001
 6.1032283e-001
 6.1035556e-001
 6.1038667e-001
 6.1041373e-001
 6.1043465e-001
 6.1044681e-001
 6.1044806e-001
 6.1043650e-001
 6.1041409e-001
 6.1038405e-001
 6.1034960e-001
 6.1031383e-001
 6.1028010e-001
 6.1025119e-001
 6.1022913e-001
 6.1021537e-001
 6.1021131e-001
 6.1021835e-001
 6.1023796e-001
 6.1027086e-001
 6.1031365e-001
 6.1036086e-001
 6.1040765e-001
 6.1044884e-001
 6.1047918e-001
 6.1049473e-001
 6.1049682e-001
 6.1048901e-001
 6.1047494e-001
 6.1045790e-001
 6.1044180e-001
 6.1042935e-001
 6.1042148e-001
 6.1041790e-001
 6.1041862e-001
 6.1042333e-001
 6.1043191e-001
 6.1044389e-001
 6.1045796e-001
 6.1047190e-001
 6.1048406e-001
 6.1049241e-001
 6.1049503e-001
 6.1049068e-001
 6.1048132e-001
 6.1047012e-001
 6.1046058e-001
 6.1045581e-001
 6.1045921e-001
 6.1047316e-001
 6.1049587e-001
 6.1052364e-001
 6.1055273e-001
 6.1057961e-001
 6.1060071e-001
 6.1061275e-001
 6.1061597e-001
 6.1061156e-001
 6.1060083e-001
 6.1058521e-001
 6.1056590e-001
 6.1054444e-001
 6.1052346e-001
 6.1050594e-001
 6.1049497e-001
 6.1049372e-001
 6.1050522e-001
 6.1053175e-001
 6.1057097e-001
 6.1061883e-001
 6.1067140e-001
 6.1072439e-001
 6.1077404e-001
 6.1081684e-001
 6.1085421e-001
 6.1088943e-001
 6.1092556e-001
 6.1096573e-001
 6.1101317e-001
 6.1107045e-001
 6.1113602e-001
 6.1120713e-001
 6.1128104e-001
 6.1135471e-001
 6.1142558e-001
 6.1149096e-001
 6.1155099e-001
 6.1160684e-001
 6.1165953e-001
 6.1171019e-001
 6.1175990e-001
 6.1180985e-001
 6.1186212e-001
 6.1191881e-001
 6.1198252e-001
 6.1205542e-001
 6.1213994e-001
 6.1223763e-001
 6.1234599e-001
 6.1246091e-001
 6.1257815e-001
 6.1269379e-001
 6.1280340e-001
 6.1290383e-001
 6.1299747e-001
 6.1308879e-001
 6.1318231e-001
 6.1328244e-001
 6.1339378e-001
 6.1351997e-001
 6.1366004e-001
 6.1381054e-001
 6.1396891e-001
 6.1413169e-001
 6.1429608e-001
 6.1445928e-001
 6.1462063e-001
 6.1478049e-001
 6.1493915e-001
 6.1509687e-001
 6.1525393e-001
 6.1541110e-001
 6.1557299e-001
 6.1574560e-001
 6.1593461e-001
 6.1614615e-001
 6.1638612e-001
 6.1665905e-001
 6.1696017e-001
 6.1728126e-001
 6.1761403e-001
 6.1795032e-001
 6.1828154e-001
 6.1860085e-001
 6.1890703e-001
 6.1920196e-001
 6.1948723e-001
 6.1976451e-001
 6.2003583e-001
 6.2030268e-001
 6.2056869e-001
 6.2083799e-001
 6.2111443e-001
 6.2140226e-001
 6.2170529e-001
 6.2202734e-001
 6.2236959e-001
 6.2273228e-001
 6.2311590e-001
 6.2352037e-001
 6.2394637e-001
 6.2439322e-001
 6.2485677e-001
 6.2533104e-001
 6.2581038e-001
 6.2628871e-001
 6.2676018e-001
 6.2721974e-001
 6.2766695e-001
 6.2810373e-001
 6.2853187e-001
 6.2895310e-001
 6.2936920e-001
 6.2978178e-001
 6.3019234e-001
 6.3060212e-001
 6.3101244e-001
 6.3142461e-001
 6.3183975e-001
 6.3225913e-001
 6.3268113e-001
 6.3310403e-001
 6.3352579e-001
 6.3394403e-001
 6.3435721e-001
 6.3476294e-001
 6.3516092e-001
 6.3555086e-001
 6.3593245e-001
 6.3630569e-001
 6.3667017e-001
 6.3702607e-001
 6.3737291e-001
 6.3771093e-001
 6.3804007e-001
 6.3836008e-001
 6.3867134e-001
 6.3897353e-001
 6.3926739e-001
 6.3955331e-001
 6.3983208e-001
 6.4010435e-001
 6.4037073e-001
 6.4063162e-001
 6.4088529e-001
 6.4112902e-001
 6.4136052e-001
 6.4157695e-001
 6.4177579e-001
 6.4195526e-001
 6.4211917e-001
 6.4227337e-001
 6.4242393e-001
 6.4257687e-001
 6.4273822e-001
 6.4291275e-001
 6.4309651e-001
 6.4328223e-001
 6.4346266e-001
 6.4363039e-001
 6.4377785e-001
 6.4389902e-001
 6.4399529e-001
 6.4407164e-001
 6.4413291e-001
 6.4418375e-001
 6.4422911e-001
 6.4427346e-001
 6.4431792e-001
 6.4436251e-001
 6.4440709e-001
 6.4445150e-001
 6.4449590e-001
 6.4454019e-001
 6.4458418e-001
 6.4462781e-001
 6.4467108e-001
 6.4471394e-001
 6.4475620e-001
 6.4479816e-001
 6.4484149e-001
 6.4488870e-001
 6.4494216e-001
 6.4500433e-001
 6.4507776e-001
 6.4516413e-001
 6.4526176e-001
 6.4536697e-001
 6.4547628e-001
 6.4558619e-001
 6.4569306e-001
 6.4579362e-001
 6.4588499e-001
 6.4596510e-001
 6.4603156e-001
 6.4608222e-001
 6.4611465e-001
 6.4612722e-001
 6.4612228e-001
 6.4610386e-001
 6.4607614e-001
 6.4604324e-001
 6.4600921e-001
 6.4597791e-001
 6.4595115e-001
 6.4592975e-001
 6.4591455e-001
 6.4590651e-001
 6.4590651e-001
 6.4591467e-001
 6.4592516e-001
 6.4592981e-001
 6.4592052e-001
 6.4588892e-001
 6.4582694e-001
 6.4572811e-001
 6.4559972e-001
 6.4545482e-001
 6.4530677e-001
 6.4516866e-001
 6.4505363e-001
 6.4497304e-001
 6.4492333e-001
 6.4489478e-001
 6.4487731e-001
 6.4486122e-001
 6.4483631e-001
 6.4479393e-001
 6.4473063e-001
 6.4464635e-001
 6.4454055e-001
 6.4441288e-001
 6.4426303e-001
 6.4409095e-001
 6.4389950e-001
 6.4369279e-001
 6.4347476e-001
 6.4324963e-001
 6.4302117e-001
 6.4279324e-001
 6.4256537e-001
 6.4233601e-001
 6.4210302e-001
 6.4186478e-001
 6.4161927e-001
 6.4136499e-001
 6.4110285e-001
 6.4083481e-001
 6.4056265e-001
 6.4028835e-001
 6.4001399e-001
 6.3974088e-001
 6.3946688e-001
 6.3918817e-001
 6.3890111e-001
 6.3860166e-001
 6.3828629e-001
 6.3795197e-001
 6.3760352e-001
 6.3724905e-001
 6.3689667e-001
 6.3655466e-001
 6.3623101e-001
 6.3593268e-001
 6.3565749e-001
 6.3539904e-001
 6.3515091e-001
 6.3490659e-001
 6.3465977e-001
 6.3440478e-001
 6.3414294e-001
 6.3387853e-001
 6.3361555e-001
 6.3335854e-001
 6.3311166e-001
 6.3287902e-001
 6.3266361e-001
 6.3246787e-001
 6.3229412e-001
 6.3214487e-001
 6.3202256e-001
 6.3192844e-001
 6.3185441e-001
 6.3178837e-001
 6.3171816e-001
 6.3163149e-001
 6.3151610e-001
 6.3136131e-001
 6.3116783e-001
 6.3094145e-001
 6.3068819e-001
 6.3041401e-001
 6.3012505e-001
 6.2982744e-001
 6.2953115e-001
 6.2924749e-001
 6.2898773e-001
 6.2876344e-001
 6.2858582e-001
 6.2846470e-001
 6.2839735e-001
 6.2837517e-001
 6.2838960e-001
 6.2843204e-001
 6.2849391e-001
 6.2856621e-001
 6.2863755e-001
 6.2869537e-001
 6.2872696e-001
 6.2871969e-001
 6.2866092e-001
 6.2854052e-001
 6.2836641e-001
 6.2815583e-001
 6.2792575e-001
 6.2769300e-001
 6.2747473e-001
 6.2728655e-001
 6.2713164e-001
 6.2700784e-001
 6.2691265e-001
 6.2684381e-001
 6.2679887e-001
 6.2677497e-001
 6.2676436e-001
 6.2675703e-001
 6.2674332e-001
 6.2671322e-001
 6.2665671e-001
 6.2656593e-001
 6.2644821e-001
 6.2631869e-001
 6.2619227e-001
 6.2608403e-001
 6.2600881e-001
 6.2597972e-001
 6.2599313e-001
 6.2603748e-001
 6.2610120e-001
 6.2617260e-001
 6.2624025e-001
 6.2629306e-001
 6.2632602e-001
 6.2633657e-001
 6.2632233e-001
 6.2628078e-001
 6.2620962e-001
 6.2610763e-001
 6.2598497e-001
 6.2585711e-001
 6.2573963e-001
 6.2564796e-001
 6.2559766e-001
 6.2560111e-001
 6.2564552e-001
 6.2570554e-001
 6.2575561e-001
 6.2577045e-001
 6.2572491e-001
 6.2561500e-001
 6.2546533e-001
 6.2530339e-001
 6.2515628e-001
 6.2505007e-001
 6.2499022e-001
 6.2496448e-001
 6.2496048e-001
 6.2496561e-001
 6.2496763e-001
 6.2495637e-001
 6.2492275e-001
 6.2485796e-001
 6.2475282e-001
 6.2460256e-001
 6.2442040e-001
 6.2422490e-001
 6.2403440e-001
 6.2386739e-001
 6.2373698e-001
 6.2364256e-001
 6.2358177e-001
 6.2355196e-001
 6.2355047e-001
 6.2356853e-001
 6.2358826e-001
 6.2359089e-001
 6.2355804e-001
 6.2347168e-001
 6.2333107e-001
 6.2314880e-001
 6.2293851e-001
 6.2271357e-001
 6.2248743e-001
 6.2227207e-001
 6.2207937e-001
 6.2192112e-001
 6.2180883e-001
 6.2175077e-001
 6.2173891e-001
 6.2176079e-001
 6.2180388e-001
 6.2185556e-001
 6.2190270e-001
 6.2193048e-001
 6.2192374e-001
 6.2186748e-001
 6.2174678e-001
 6.2156403e-001
 6.2134606e-001
 6.2112224e-001
 6.2092143e-001
 6.2077171e-001
 6.2068099e-001
 6.2063968e-001
 6.2063766e-001
 6.2066483e-001
 6.2071019e-001
 6.2075782e-001
 6.2078840e-001
 6.2078309e-001
 6.2072289e-001
 6.2059754e-001
 6.2043762e-001
 6.2028593e-001
 6.2018490e-001
 6.2017721e-001
 6.2028134e-001
 6.2045336e-001
 6.2063944e-001
 6.2078571e-001
 6.2083912e-001
 6.2078178e-001
 6.2064874e-001
 6.2047952e-001
 6.2031317e-001
 6.2018800e-001
 6.2011611e-001
 6.2008679e-001
 6.2008852e-001
 6.2010968e-001
 6.2013936e-001
 6.2017083e-001
 6.2019992e-001
 6.2022227e-001
 6.2023365e-001
 6.2023038e-001
 6.2021190e-001
 6.2017781e-001
 6.2012839e-001
 6.2006360e-001
 6.1998349e-001
 6.1988920e-001
 6.1978304e-001
 6.1966711e-001
 6.1954391e-001
 6.1941552e-001
 6.1928415e-001
 6.1915249e-001
 6.1902308e-001
 6.1889899e-001
 6.1878276e-001
 6.1867720e-001
 6.1858493e-001
 6.1850399e-001
 6.1842829e-001
 6.1835170e-001
 6.1826789e-001
 6.1817086e-001
 6.1805475e-001
 6.1792117e-001
 6.1777878e-001
 6.1763638e-001
 6.1750275e-001
 6.1738676e-001
 6.1729670e-001
 6.1723155e-001
 6.1718190e-001
 6.1713779e-001
 6.1708945e-001
 6.1702716e-001
 6.1694133e-001
 6.1683053e-001
 6.1670041e-001
 6.1655724e-001
 6.1640668e-001
 6.1625487e-001
 6.1610776e-001
 6.1596882e-001
 6.1583960e-001
 6.1572123e-001
 6.1561519e-001
 6.1552292e-001
 6.1544532e-001
 6.1538047e-001
 6.1532301e-001
 6.1526746e-001
 6.1520857e-001
 6.1514086e-001
 6.1505938e-001
 6.1496592e-001
 6.1486864e-001
 6.1477607e-001
 6.1469662e-001
 6.1463881e-001
 6.1461067e-001
 6.1461073e-001
 6.1462915e-001
 6.1465549e-001
 6.1467946e-001
 6.1469066e-001
 6.1467922e-001
 6.1464357e-001
 6.1459035e-001
 6.1452633e-001
 6.1445826e-001
 6.1439300e-001
 6.1433715e-001
 6.1429226e-001
 6.1425483e-001
 6.1422139e-001
 6.1418843e-001
 6.1415237e-001
 6.1410993e-001
 6.1405891e-001
 6.1399883e-001
 6.1392903e-001
 6.1384898e-001
 6.1375815e-001
 6.1365604e-001
 6.1354542e-001
 6.1343175e-001
 6.1332089e-001
 6.1321843e-001
 6.1313003e-001
 6.1306131e-001
 6.1301136e-001
 6.1297363e-001
 6.1294115e-001
 6.1290705e-001
 6.1286443e-001
 6.1280656e-001
 6.1273229e-001
 6.1264515e-001
 6.1254907e-001
 6.1244792e-001
 6.1234564e-001
 6.1224604e-001
 6.1215240e-001
 6.1206716e-001
 6.1199272e-001
 6.1193150e-001
 6.1188620e-001
 6.1185896e-001
 6.1184776e-001
 6.1184657e-001
 6.1184913e-001
 6.1184919e-001
 6.1184072e-001
 6.1181742e-001
 6.1177903e-001
 6.1173075e-001
 6.1167771e-001
 6.1162531e-001
 6.1157882e-001
 6.1154354e-001
 6.1152476e-001
 6.1152613e-001
 6.1154431e-001
 6.1157435e-001
 6.1161137e-001
 6.1165041e-001
 6.1168659e-001
 6.1171496e-001
 6.1173058e-001
 6.1172861e-001
 6.1170572e-001
 6.1166561e-001
 6.1161333e-001
 6.1155409e-001
 6.1149305e-001
 6.1143547e-001
 6.1138654e-001
 6.1135143e-001
 6.1133534e-001
 6.1134183e-001
 6.1136883e-001
 6.1141241e-001
 6.1146903e-001
 6.1153477e-001
 6.1160594e-001
 6.1167890e-001
 6.1174989e-001
 6.1181509e-001
 6.1187172e-001
 6.1192107e-001
 6.1196530e-001
 6.1200643e-001
 6.1204678e-001
 6.1208844e-001
 6.1213356e-001
 6.1218423e-001
 6.1224288e-001
 6.1231148e-001
 6.1239368e-001
 6.1249280e-001
 6.1261249e-001
 6.1275625e-001
 6.1292750e-001
 6.1312997e-001
 6.1336702e-001
 6.1364222e-001
 6.1395824e-001
 6.1431372e-001
 6.1470675e-001
 6.1513478e-001
 6.1559600e-001
 6.1608827e-001
 6.1660904e-001
 6.1715668e-001
 6.1772853e-001
 6.1832279e-001
 6.1893743e-001
 6.1957043e-001
 6.2022012e-001
 6.2088418e-001
 6.2156117e-001
 6.2224877e-001
 6.2294531e-001
 6.2364882e-001
 6.2435883e-001
 6.2508190e-001
 6.2582541e-001
 6.2659752e-001
 6.2740606e-001
 6.2825888e-001
 6.2916380e-001
 6.3012856e-001
 6.3116145e-001
 6.3226676e-001
 6.3343835e-001
 6.3466614e-001
 6.3593984e-001
 6.3725042e-001
 6.3858706e-001
 6.3994068e-001
 6.4130092e-001
 6.4265800e-001
 6.4400494e-001
 6.4534563e-001
 6.4668828e-001
 6.4803922e-001
 6.4940643e-001
 6.5079719e-001
 6.5221858e-001
 6.5367812e-001
 6.5518284e-001
 6.5673584e-001
 6.5831679e-001
 6.5990168e-001
 6.6146564e-001
 6.6298354e-001
 6.6443294e-001
 6.6581285e-001
 6.6714346e-001
 6.6844404e-001
 6.6973448e-001
 6.7103428e-001
 6.7236257e-001
 6.7372870e-001
 6.7513186e-001
 6.7657328e-001
 6.7805195e-001
 6.7956841e-001
 6.8112308e-001
 6.8271077e-001
 6.8432546e-001
 6.8595880e-001
 6.8760401e-001
 6.8925440e-001
 6.9090199e-001
 6.9254661e-001
 6.9419044e-001
 6.9583839e-001
 6.9749272e-001
 6.9915748e-001
 7.0083678e-001
 7.0253009e-001
 7.0423687e-001
 7.0595443e-001
 7.0768160e-001
 7.0941722e-001
 7.1115875e-001
 7.1291023e-001
 7.1467620e-001
 7.1646434e-001
 7.1827948e-001
 7.2012848e-001
 7.2201771e-001
 7.2394490e-001
 7.2590488e-001
 7.2788936e-001
 7.2989237e-001
 7.3190778e-001
 7.3392767e-001
 7.3595256e-001
 7.3798448e-001
 7.4002850e-001
 7.4208701e-001
 7.4416411e-001
 7.4626434e-001
 7.4838632e-001
 7.5052911e-001
 7.5268871e-001
 7.5486439e-001
 7.5705206e-001
 7.5925010e-001
 7.6145935e-001
 7.6368004e-001
 7.6591581e-001
 7.6816696e-001
 7.7043623e-001
 7.7272654e-001
 7.7503628e-001
 7.7736628e-001
 7.7971387e-001
 7.8207970e-001
 7.8446114e-001
 7.8685802e-001
 7.8927237e-001
 7.9170495e-001
 7.9416049e-001
 7.9663986e-001
 7.9914671e-001
 8.0168432e-001
 8.0424678e-001
 8.0682647e-001
 8.0941176e-001
 8.1199485e-001
 8.1456411e-001
 8.1711113e-001
 8.1963408e-001
 8.2213426e-001
 8.2461613e-001
 8.2708126e-001
 8.2953459e-001
 8.3197731e-001
 8.3441609e-001
 8.3685923e-001
 8.3931279e-001
 8.4178597e-001
 8.4428483e-001
 8.4681720e-001
 8.4937894e-001
 8.5195261e-001
 8.5452431e-001
 8.5707629e-001
 8.5959458e-001
 8.6206216e-001
 8.6447555e-001
 8.6684054e-001
 8.6916089e-001
 8.7144357e-001
 8.7369233e-001
 8.7591338e-001
 8.7811601e-001
 8.8030905e-001
 8.8250536e-001
 8.8471389e-001
 8.8694704e-001
 8.8921350e-001
 8.9151204e-001
 8.9383096e-001
 8.9615542e-001
 8.9847428e-001
 9.0077281e-001
 9.0303922e-001
 9.0526456e-001
 9.0744042e-001
 9.0956187e-001
 9.1162050e-001
 9.1361117e-001
 9.1552621e-001
 9.1737032e-001
 9.1915685e-001
 9.2089731e-001
 9.2260629e-001
 9.2429513e-001
 9.2597806e-001
 9.2765999e-001
 9.2934209e-001
 9.3102556e-001
 9.3270952e-001
 9.3439549e-001
 9.3608254e-001
 9.3776405e-001
 9.3942720e-001
 9.4105738e-001
 9.4264209e-001
 9.4416666e-001
 9.4561893e-001
 9.4699705e-001
 9.4831085e-001
 9.4957072e-001
 9.5078552e-001
 9.5196617e-001
 9.5312148e-001
 9.5426178e-001
 9.5539516e-001
 9.5652068e-001
 9.5763701e-001
 9.5874166e-001
 9.5983338e-001
 9.6090961e-001
 9.6196854e-001
 9.6300894e-001
 9.6402788e-001
 9.6502453e-001
 9.6599662e-001
 9.6694374e-001
 9.6786386e-001
 9.6875608e-001
 9.6961933e-001
 9.7045183e-001
 9.7125286e-001
 9.7202057e-001
 9.7275466e-001
 9.7345710e-001
 9.7412944e-001
 9.7477454e-001
 9.7539401e-001
 9.7599053e-001
 9.7656578e-001
 9.7712231e-001
 9.7766256e-001
 9.7818804e-001
 9.7870129e-001
 9.7920370e-001
 9.7969735e-001
 9.8018408e-001
 9.8066568e-001
 9.8114425e-001
 9.8162133e-001
 9.8209906e-001
 9.8257798e-001
 9.8305494e-001
 9.8352641e-001
 9.8398763e-001
 9.8443502e-001
 9.8486441e-001
 9.8527163e-001
 9.8565298e-001
 9.8600405e-001
 9.8632288e-001
 9.8661321e-001
 9.8688072e-001
 9.8713070e-001
 9.8736876e-001
 9.8760045e-001
 9.8783129e-001
 9.8806667e-001
 9.8831201e-001
 9.8857152e-001
 9.8884344e-001
 9.8912472e-001
 9.8941284e-001
 9.8970449e-001
 9.8999703e-001
 9.9028736e-001
 9.9057257e-001
 9.9084997e-001
 9.9111676e-001
 9.9137211e-001
 9.9161488e-001
 9.9184442e-001
 9.9205989e-001
 9.9226058e-001
 9.9244571e-001
 9.9261427e-001
 9.9276567e-001
 9.9289954e-001
 9.9301833e-001
 9.9312472e-001
 9.9322170e-001
 9.9331188e-001
 9.9339825e-001
 9.9348348e-001
 9.9357039e-001
 9.9366206e-001
 9.9376035e-001
 9.9386507e-001
 9.9397546e-001
 9.9409062e-001
 9.9420965e-001
 9.9433166e-001
 9.9445599e-001
 9.9458164e-001
 9.9470788e-001
 9.9483377e-001
 9.9495840e-001
 9.9508125e-001
 9.9520212e-001
 9.9532038e-001
 9.9543589e-001
 9.9554825e-001
 9.9565709e-001
 9.9576205e-001
 9.9586272e-001
 9.9595898e-001
 9.9605030e-001
 9.9613637e-001
 9.9621689e-001
 9.9629229e-001
 9.9636376e-001
 9.9643230e-001
 9.9649936e-001
 9.9656576e-001
 9.9663293e-001
 9.9670190e-001
 9.9677384e-001
 9.9685001e-001
 9.9693143e-001
 9.9701953e-001
 9.9711514e-001
 9.9721825e-001
 9.9732769e-001
 9.9744189e-001
 9.9755967e-001
 9.9767971e-001
 9.9780059e-001
 9.9792093e-001
 9.9803942e-001
 9.9815488e-001
 9.9826568e-001
 9.9837083e-001
 9.9846870e-001
 9.9855930e-001
 9.9864328e-001
 9.9872136e-001
 9.9879467e-001
 9.9886388e-001
 9.9892980e-001
 9.9899322e-001
 9.9905515e-001
 9.9911636e-001
 9.9917746e-001
 9.9923956e-001
 9.9930352e-001
 9.9936926e-001
 9.9943691e-001
 9.9950588e-001
 9.9957615e-001
 9.9964720e-001
 9.9971896e-001
 9.9979103e-001
 9.9989933e-001
 1.0001125e+000
 1.0003151e+000
 1.0005032e+000
 1.0006758e+000
 1.0008322e+000
 1.0009716e+000
 1.0010940e+000
 1.0012071e+000
 1.0013279e+000
 1.0014732e+000
 1.0016598e+000
 1.0019038e+000
 1.0021998e+000
 1.0025212e+000
 1.0028403e+000
 1.0031297e+000
 1.0033625e+000
 1.0035266e+000
 1.0036238e+000
 1.0036569e+000
 1.0036281e+000
 1.0035406e+000
 1.0033998e+000
 1.0032231e+000
 1.0030308e+000
 1.0028436e+000
 1.0026817e+000
 1.0025657e+000
 1.0025116e+000
 1.0025189e+000
 1.0025835e+000
 1.0027008e+000
 1.0028666e+000
 1.0030768e+000
 1.0033267e+000
 1.0036107e+000
 1.0039175e+000
 1.0042341e+000
 1.0045481e+000
 1.0048465e+000
 1.0051168e+000
 1.0053463e+000
 1.0055221e+000
 1.0056348e+000
 1.0056872e+000
 1.0056847e+000
 1.0056331e+000
 1.0055377e+000
 1.0054045e+000
 1.0052385e+000
 1.0050458e+000
 1.0048320e+000
 1.0046049e+000
 1.0043721e+000
 1.0041418e+000
 1.0039216e+000
 1.0037193e+000
 1.0035431e+000
 1.0034006e+000
 1.0032972e+000
 1.0032294e+000
 1.0031915e+000
 1.0031775e+000
 1.0031821e+000
 1.0031991e+000
 1.0032231e+000
 1.0032480e+000
 1.0032686e+000
 1.0032789e+000
 1.0032729e+000
 1.0032452e+000
 1.0031925e+000
 1.0031191e+000
 1.0030315e+000
 1.0029362e+000
 1.0028396e+000
 1.0027485e+000
 1.0026689e+000
 1.0026077e+000
 1.0025712e+000
 1.0025656e+000
 1.0025979e+000
 1.0026742e+000
 1.0027981e+000
 1.0029626e+000
 1.0031581e+000
 1.0033753e+000
 1.0036048e+000
 1.0038369e+000
 1.0040624e+000
 1.0042719e+000
 1.0044558e+000
 1.0046048e+000
 1.0047094e+000
 1.0047632e+000
 1.0047710e+000
 1.0047394e+000
 1.0046755e+000
 1.0045862e+000
 1.0044787e+000
 1.0043597e+000
 1.0042363e+000
 1.0041153e+000
 1.0040038e+000
 1.0039065e+000
 1.0038214e+000
 1.0037448e+000
 1.0036731e+000
 1.0036021e+000
 1.0035287e+000
 1.0034488e+000
 1.0033591e+000
 1.0032554e+000
 1.0031345e+000
 1.0029932e+000
 1.0028330e+000
 1.0026549e+000
 1.0024610e+000
 1.0022525e+000
 1.0020314e+000
 1.0017991e+000
 1.0015572e+000
 1.0013076e+000
 1.0010515e+000
 1.0007900e+000
 1.0005205e+000
 1.0002400e+000
 9.9994540e-001
 9.9963385e-001
 9.9930221e-001
 9.9894750e-001
 9.9856669e-001
 9.9815673e-001
 9.9771452e-001
 9.9723613e-001
 9.9671811e-001
 9.9615633e-001
 9.9554712e-001
 9.9488670e-001
 9.9417138e-001
 9.9339712e-001
 9.9256313e-001
 9.9167740e-001
 9.9075049e-001
 9.8979217e-001
 9.8881280e-001
 9.8782253e-001
 9.8683143e-001
 9.8584980e-001
 9.8488712e-001
 9.8395193e-001
 9.8305190e-001
 9.8219538e-001
 9.8138994e-001
 9.8064393e-001
 9.7996509e-001
 9.7936147e-001
 9.7883719e-001
 9.7838354e-001
 9.7798949e-001
 9.7764385e-001
 9.7733557e-001
 9.7705340e-001
 9.7678632e-001
 9.7652858e-001
 9.7629213e-001
 9.7609222e-001
 9.7594422e-001
 9.7586346e-001
 9.7586530e-001
 9.7595650e-001
 9.7611660e-001
 9.7631991e-001
 9.7654051e-001
 9.7675282e-001
 9.7693092e-001
 9.7705609e-001
 9.7713113e-001
 9.7716343e-001
 9.7715986e-001
 9.7712767e-001
 9.7707427e-001
 9.7700995e-001
 9.7695547e-001
 9.7693366e-001
 9.7696739e-001
 9.7707915e-001
 9.7729194e-001
 9.7761798e-001
 9.7803813e-001
 9.7852671e-001
 9.7905815e-001
 9.7960711e-001
 9.8014778e-001
 9.8065871e-001
 9.8113012e-001
 9.8155481e-001
 9.8192525e-001
 9.8223412e-001
 9.8247403e-001
 9.8264623e-001
 9.8277819e-001
 9.8290241e-001
 9.8305130e-001
 9.8325735e-001
 9.8355287e-001
 9.8395747e-001
 9.8445112e-001
 9.8500621e-001
 9.8559552e-001
 9.8619163e-001
 9.8676735e-001
 9.8730057e-001
 9.8778647e-001
 9.8822337e-001
 9.8860943e-001
 9.8894310e-001
 9.8922211e-001
 9.8945266e-001
 9.8966330e-001
 9.8988688e-001
 9.9015617e-001
 9.9050385e-001
 9.9095976e-001
 9.9150997e-001
 9.9210680e-001
 9.9270153e-001
 9.9324560e-001
 9.9369359e-001
 9.9404383e-001
 9.9432737e-001
 9.9457681e-001
 9.9482411e-001
 9.9510032e-001
 9.9541545e-001
 9.9576372e-001
 9.9613935e-001
 9.9653596e-001
 9.9694705e-001
 9.9735248e-001
 9.9772298e-001
 9.9802893e-001
 9.9824059e-001
 9.9833131e-001
 9.9831939e-001
 9.9825650e-001
 9.9819505e-001
 9.9818748e-001
 9.9828273e-001
 9.9848080e-001
 9.9874574e-001
 9.9904066e-001
 9.9932832e-001
 9.9957395e-001
 9.9977016e-001
 9.9993008e-001
 1.0000675e+000
 1.0001957e+000
 1.0003275e+000
 1.0004600e+000
 1.0005792e+000
 1.0006709e+000
 1.0007211e+000
 1.0007167e+000
 1.0006641e+000
 1.0005835e+000
 1.0004954e+000
 1.0004203e+000
 1.0003774e+000
 1.0003724e+000
 1.0003996e+000
 1.0004543e+000
 1.0005308e+000
 1.0006233e+000
 1.0007188e+000
 1.0007987e+000
 1.0008446e+000
 1.0008377e+000
 1.0007614e+000
 1.0006222e+000
 1.0004432e+000
 1.0002481e+000
 1.0000603e+000
 9.9990284e-001
 9.9978852e-001
 9.9972314e-001
 9.9971235e-001
 9.9976170e-001
 9.9987429e-001
 1.0000165e+000
 1.0001291e+000
 1.0001526e+000
 1.0000269e+000
 9.9969900e-001
 9.9919784e-001
 9.9861115e-001
 9.9802756e-001
 9.9753535e-001
 9.9721676e-001
 9.9706912e-001
 9.9703026e-001
 9.9703705e-001
 9.9702626e-001
 9.9693859e-001
 9.9676418e-001
 9.9652791e-001
 9.9625504e-001
 9.9597079e-001
 9.9569923e-001
 9.9544579e-001
 9.9520308e-001
 9.9496365e-001
 9.9471980e-001
 9.9446386e-001
 9.9418598e-001
 9.9387461e-001
 9.9351877e-001
 9.9310678e-001
 9.9262762e-001
 9.9207461e-001
 9.9144310e-001
 9.9072957e-001
 9.8992968e-001
 9.8903918e-001
 9.8805213e-001
 9.8696160e-001
 9.8576069e-001
 9.8444206e-001
 9.8299909e-001
 9.8143476e-001
 9.7975653e-001
 9.7797281e-001
 9.7609091e-001
 9.7411996e-001
 9.7206581e-001
 9.6993321e-001
 9.6772772e-001
 9.6545339e-001
 9.6311826e-001
 9.6074837e-001
 9.5838350e-001
 9.5606303e-001
 9.5382798e-001
 9.5171618e-001
 9.4974315e-001
 9.4790930e-001
 9.4621581e-001
 9.4466293e-001
 9.4325006e-001
 9.4196427e-001
 9.4078374e-001
 9.3968773e-001
 9.3865448e-001
 9.3766433e-001
 9.3671751e-001
 9.3582797e-001
 9.3500942e-001
 9.3427569e-001
 9.3363869e-001
 9.3309045e-001
 9.3260920e-001
 9.3217313e-001
 9.3176043e-001
 9.3135065e-001
 9.3093997e-001
 9.3053484e-001
 9.3014199e-001
 9.2976803e-001
 9.2941946e-001
 9.2909551e-001
 9.2879164e-001
 9.2850274e-001
 9.2822403e-001
 9.2795146e-001
 9.2768830e-001
 9.2744297e-001
 9.2722344e-001
 9.2703861e-001
 9.2689562e-001
 9.2679256e-001
 9.2672163e-001
 9.2667460e-001
 9.2664361e-001
 9.2662030e-001
 9.2659408e-001
 9.2655277e-001
 9.2648423e-001
 9.2637634e-001
 9.2621887e-001
 9.2602390e-001
 9.2581719e-001
 9.2562467e-001
 9.2547244e-001
 9.2538428e-001
 9.2535847e-001
 9.2537773e-001
 9.2542434e-001
 9.2548066e-001
 9.2553025e-001
 9.2556882e-001
 9.2559963e-001
 9.2562622e-001
 9.2565191e-001
 9.2568105e-001
 9.2572695e-001
 9.2580873e-001
 9.2594534e-001
 9.2615592e-001
 9.2645669e-001
 9.2683184e-001
 9.2724639e-001
 9.2766476e-001
 9.2805183e-001
 9.2837512e-001
 9.2863417e-001
 9.2884761e-001
 9.2903453e-001
 9.2921406e-001
 9.2940384e-001
 9.2960656e-001
 9.2981583e-001
 9.3002522e-001
 9.3022841e-001
 9.3042010e-001
 9.3060470e-001
 9.3079334e-001
 9.3099689e-001
 9.3122631e-001
 9.3149132e-001
 9.3178821e-001
 9.3210572e-001
 9.3243223e-001
 9.3275625e-001
 9.3306702e-001
 9.3336242e-001
 9.3364519e-001
 9.3391818e-001
 9.3418413e-001
 9.3444604e-001
 9.3470621e-001
 9.3496674e-001
 9.3522984e-001
 9.3549758e-001
 9.3577164e-001
 9.3604898e-001
 9.3632340e-001
 9.3658900e-001
 9.3683970e-001
 9.3707031e-001
 9.3728149e-001
 9.3747741e-001
 9.3766242e-001
 9.3784100e-001
 9.3801671e-001
 9.3818420e-001
 9.3833363e-001
 9.3845475e-001
 9.3853766e-001
 9.3857378e-001
 9.3857157e-001
 9.3854898e-001
 9.3852395e-001
 9.3851453e-001
 9.3853647e-001
 9.3857956e-001
 9.3861943e-001
 9.3863142e-001
 9.3859088e-001
 9.3847638e-001
 9.3829685e-001
 9.3807888e-001
 9.3784904e-001
 9.3763375e-001
 9.3745673e-001
 9.3731159e-001
 9.3717533e-001
 9.3702453e-001
 9.3683606e-001
 9.3658912e-001
 9.3628663e-001
 9.3594533e-001
 9.3558168e-001
 9.3521231e-001
 9.3485218e-001
 9.3450218e-001
 9.3415534e-001
 9.3380386e-001
 9.3344063e-001
 9.3305838e-001
 9.3264699e-001
 9.3219560e-001
 9.3169278e-001
 9.3112767e-001
 9.3049103e-001
 9.2979026e-001
 9.2904240e-001
 9.2826414e-001
 9.2747265e-001
 9.2668307e-001
 9.2589390e-001
 9.2509466e-001
 9.2427498e-001
 9.2342436e-001
 9.2253244e-001
 9.2159152e-001
 9.2059493e-001
 9.1953677e-001
 9.1841042e-001
 9.1721117e-001
 9.1594917e-001
 9.1464359e-001
 9.1331285e-001
 9.1197562e-001
 9.1064805e-001
 9.0932655e-001
 9.0799588e-001
 9.0664077e-001
 9.0524548e-001
 9.0379757e-001
 9.0229940e-001
 9.0076321e-001
 8.9920044e-001
 8.9762300e-001
 8.9604241e-001
 8.9446169e-001
 8.9288050e-001
 8.9129770e-001
 8.8971364e-001
 8.8812739e-001
 8.8654000e-001
 8.8495302e-001
 8.8336891e-001
 8.8178921e-001
 8.8021535e-001
 8.7864262e-001
 8.7706381e-001
 8.7547237e-001
 8.7386078e-001
 8.7222439e-001
 8.7058049e-001
 8.6895984e-001
 8.6739129e-001
 8.6590469e-001
 8.6452633e-001
 8.6325753e-001
 8.6208570e-001
 8.6099809e-001
 8.5998219e-001
 8.5902339e-001
 8.5809457e-001
 8.5716093e-001
 8.5618776e-001
 8.5514009e-001
 8.5398871e-001
 8.5274380e-001
 8.5143661e-001
 8.5009831e-001
 8.4876090e-001
 8.4745049e-001
 8.4615099e-001
 8.4482491e-001
 8.4343433e-001
 8.4194201e-001
 8.4031510e-001
 8.3856213e-001
 8.3671242e-001
 8.3479655e-001
 8.3284378e-001
 8.3087701e-001
 8.2886112e-001
 8.2673365e-001
 8.2443041e-001
 8.2188791e-001
 8.1904888e-001
 8.1591809e-001
 8.1252819e-001
 8.0891252e-001
 8.0510420e-001
 8.0113506e-001
 7.9703206e-001
 7.9281640e-001
 7.8850973e-001
 7.8413284e-001
 7.7970892e-001
 7.7525097e-001
 7.7077001e-001
 7.6627570e-001
 7.6178110e-001
 7.5729775e-001
 7.5285351e-001
 7.4848348e-001
 7.4422199e-001
 7.4010623e-001
 7.3616499e-001
 7.3238343e-001
 7.2872460e-001
 7.2515363e-001
 7.2163343e-001
 7.1813607e-001
 7.1469980e-001
 7.1139789e-001
 7.0830113e-001
 7.0548129e-001
 7.0299989e-001
 7.0083636e-001
 6.9893283e-001
 6.9722933e-001
 6.9566691e-001
 6.9419020e-001
 6.9277853e-001
 6.9142616e-001
 6.9012785e-001
 6.8887806e-001
 6.8767333e-001
 6.8651891e-001
 6.8542504e-001
 6.8440169e-001
 6.8345946e-001
 6.8260616e-001
 6.8183196e-001
 6.8111908e-001
 6.8044937e-001
 6.7980504e-001
 6.7917120e-001
 6.7855740e-001
 6.7798442e-001
 6.7747325e-001
 6.7704493e-001
 6.7671484e-001
 6.7645800e-001
 6.7623043e-001
 6.7598808e-001
 6.7568690e-001
 6.7528987e-001
 6.7481351e-001
 6.7429954e-001
 6.7378914e-001
 6.7332375e-001
 6.7294073e-001
 6.7264581e-001
 6.7242992e-001
 6.7228436e-001
 6.7220014e-001
 6.7216784e-001
 6.7217350e-001
 6.7220128e-001
 6.7223519e-001
 6.7225945e-001
 6.7226154e-001
 6.7225492e-001
 6.7226440e-001
 6.7231512e-001
 6.7243212e-001
 6.7263472e-001
 6.7289984e-001
 6.7318577e-001
 6.7345017e-001
 6.7365128e-001
 6.7375499e-001
 6.7378658e-001
 6.7379749e-001
 6.7383927e-001
 6.7396373e-001
 6.7421520e-001
 6.7458755e-001
 6.7505175e-001
 6.7557871e-001
 6.7613935e-001
 6.7670757e-001
 6.7727560e-001
 6.7784441e-001
 6.7841482e-001
 6.7898792e-001
 6.7956442e-001
 6.8014610e-001
 6.8073499e-001
 6.8133283e-001
 6.8194193e-001
 6.8256396e-001
 6.8320119e-001
 6.8385589e-001
 6.8453062e-001
 6.8522722e-001
 6.8594760e-001
 6.8668985e-001
 6.8745053e-001
 6.8822575e-001
 6.8901211e-001
 6.8980527e-001
 6.9059616e-001
 6.9137383e-001
 6.9212675e-001
 6.9284397e-001
 6.9351751e-001
 6.9416207e-001
 6.9480133e-001
 6.9545943e-001
 6.9616044e-001
 6.9692415e-001
 6.9773817e-001
 6.9857746e-001
 6.9941682e-001
 7.0023090e-001
 7.0099974e-001
 7.0173872e-001
 7.0247877e-001
 7.0325065e-001
 7.0408511e-001
 7.0500690e-001
 7.0600086e-001
 7.0703512e-001
 7.0807815e-001
 7.0909745e-001
 7.1006620e-001
 7.1098959e-001
 7.1188641e-001
 7.1277475e-001
 7.1367371e-001
 7.1459931e-001
 7.1555191e-001
 7.1652526e-001
 7.1751255e-001
 7.1850759e-001
 7.1950299e-001
 7.2048485e-001
 7.2143638e-001
 7.2234094e-001
 7.2318196e-001
 7.2394681e-001
 7.2464758e-001
 7.2530752e-001
 7.2594947e-001
 7.2659647e-001
 7.2727132e-001
 7.2798735e-001
 7.2874498e-001
 7.2954267e-001
 7.3037964e-001
 7.3125410e-001
 7.3216492e-001
 7.3310632e-001
 7.3406541e-001
 7.3502827e-001
 7.3598152e-001
 7.3691154e-001
 7.3780495e-001
 7.3865491e-001
 7.3946404e-001
 7.4023616e-001
 7.4097508e-001
 7.4168450e-001
 7.4236798e-001
 7.4303114e-001
 7.4368250e-001
 7.4433047e-001
 7.4498355e-001
 7.4565029e-001
 7.4633914e-001
 7.4705249e-001
 7.4778259e-001
 7.4852145e-001
 7.4926102e-001
 7.4999321e-001
 7.5071025e-001
 7.5140762e-001
 7.5208735e-001
 7.5275201e-001
 7.5340390e-001
 7.5404501e-001
 7.5467795e-001
 7.5530511e-001
 7.5592893e-001
 7.5655144e-001
 7.5717515e-001
 7.5780261e-001
 7.5843585e-001
 7.5907767e-001
 7.5972944e-001
 7.6038986e-001
 7.6105601e-001
 7.6172525e-001
 7.6239437e-001
 7.6306075e-001
 7.6372159e-001
 7.6437432e-001
 7.6501739e-001
 7.6565057e-001
 7.6627296e-001
 7.6688385e-001
 7.6748288e-001
 7.6806903e-001
 7.6864177e-001
 7.6920074e-001
 7.6974583e-001
 7.7027643e-001
 7.7079254e-001
 7.7129364e-001
 7.7177978e-001
 7.7225095e-001
 7.7271211e-001
 7.7316934e-001
 7.7362931e-001
 7.7409786e-001
 7.7458143e-001
 7.7508616e-001
 7.7561706e-001
 7.7617025e-001
 7.7673841e-001
 7.7731472e-001
 7.7789205e-001
 7.7846348e-001
 7.7902168e-001
 7.7956039e-001
 7.8007674e-001
 7.8056961e-001
 7.8103703e-001
 7.8147781e-001
 7.8189051e-001
 7.8227365e-001
 7.8262675e-001
 7.8295529e-001
 7.8326666e-001
 7.8356856e-001
 7.8386837e-001
 7.8417355e-001
 7.8449184e-001
 7.8482872e-001
 7.8517902e-001
 7.8553367e-001
 7.8588349e-001
 7.8621954e-001
 7.8653264e-001
 7.8681397e-001
 7.8705645e-001
 7.8726721e-001
 7.8745788e-001
 7.8764015e-001
 7.8782564e-001
 7.8802621e-001
 7.8825337e-001
 7.8851652e-001
 7.8881043e-001
 7.8912550e-001
 7.8945172e-001
 7.8977937e-001
 7.9009825e-001
 7.9039878e-001
 7.9067254e-001
 7.9091996e-001
 7.9114473e-001
 7.9134995e-001
 7.9153931e-001
 7.9171634e-001
 7.9188448e-001
 7.9204661e-001
 7.9220355e-001
 7.9235494e-001
 7.9250044e-001
 7.9263979e-001
 7.9277277e-001
 7.9289907e-001
 7.9301763e-001
 7.9312307e-001
 7.9320860e-001
 7.9326719e-001
 7.9329205e-001
 7.9327631e-001
 7.9321319e-001
 7.9309762e-001
 7.9293567e-001
 7.9273641e-001
 7.9250926e-001
 7.9226375e-001
 7.9200917e-001
 7.9175484e-001
 7.9151005e-001
 7.9127985e-001
 7.9106331e-001
 7.9085940e-001
 7.9066700e-001
 7.9048502e-001
 7.9031235e-001
 7.9014796e-001
 7.8999072e-001
 7.8983933e-001
 7.8969252e-001
 7.8954911e-001
 7.8940773e-001
 7.8926694e-001
 7.8912556e-001
 7.8898227e-001
 7.8883564e-001
 7.8868413e-001
 7.8852564e-001
 7.8835815e-001
 7.8817970e-001
 7.8798801e-001
 7.8778118e-001
 7.8755713e-001
 7.8731382e-001
 7.8705060e-001
 7.8676903e-001
 7.8647047e-001
 7.8615624e-001
 7.8582799e-001
 7.8548700e-001
 7.8513479e-001
 7.8477293e-001
 7.8440177e-001
 7.8402090e-001
 7.8363001e-001
 7.8322822e-001
 7.8281528e-001
 7.8239036e-001
 7.8195316e-001
 7.8150320e-001
 7.8104055e-001
 7.8056610e-001
 7.8008091e-001
 7.7958632e-001
 7.7908307e-001
 7.7857232e-001
 7.7805501e-001
 7.7753264e-001
 7.7700937e-001
 7.7649426e-001
 7.7599615e-001
 7.7552438e-001
 7.7508771e-001
 7.7469546e-001
 7.7435648e-001
 7.7407938e-001
 7.7385962e-001
 7.7367610e-001
 7.7350718e-001
 7.7333063e-001
 7.7312487e-001
 7.7286810e-001
 7.7253824e-001
 7.7211398e-001
 7.7159292e-001
 7.7099472e-001
 7.7034044e-001
 7.6965094e-001
 7.6894760e-001
 7.6825130e-001
 7.6758307e-001
 7.6696366e-001
 7.6639986e-001
 7.6588315e-001
 7.6540369e-001
 7.6495153e-001
 7.6451689e-001
 7.6409012e-001
 7.6366138e-001
 7.6322114e-001
 7.6276541e-001
 7.6229811e-001
 7.6182276e-001
 7.6134318e-001
 7.6086318e-001
 7.6038647e-001
 7.5991708e-001
 7.5945866e-001
 7.5901580e-001
 7.5859356e-001
 7.5819767e-001
 7.5783330e-001
 7.5750577e-001
 7.5722033e-001
 7.5698262e-001
 7.5679749e-001
 7.5666338e-001
 7.5657070e-001
 7.5650966e-001
 7.5647014e-001
 7.5644237e-001
 7.5641632e-001
 7.5638199e-001
 7.5632983e-001
 7.5625616e-001
 7.5616419e-001
 7.5605780e-001
 7.5594050e-001
 7.5581628e-001
 7.5568879e-001
 7.5556159e-001
 7.5543851e-001
 7.5532216e-001
 7.5521398e-001
 7.5511551e-001
 7.5502801e-001
 7.5495303e-001
 7.5489193e-001
 7.5484610e-001
 7.5481707e-001
 7.5480437e-001
 7.5480604e-001
 7.5481999e-001
 7.5484389e-001
 7.5487590e-001
 7.5491369e-001
 7.5495511e-001
 7.5499809e-001
 7.5504035e-001
 7.5508106e-001
 7.5511974e-001
 7.5515664e-001
 7.5519174e-001
 7.5522494e-001
 7.5525606e-001
 7.5528538e-001
 7.5531256e-001
 7.5533777e-001
 7.5536102e-001
 7.5538099e-001
 7.5539535e-001
 7.5540179e-001
 7.5539804e-001
 7.5538158e-001
 7.5535005e-001
 7.5530118e-001
 7.5523245e-001
 7.5514156e-001
 7.5502604e-001
 7.5488353e-001
 7.5471109e-001
 7.5450605e-001
 7.5426561e-001
 7.5398707e-001
 7.5366759e-001
 7.5330442e-001
 7.5289500e-001
 7.5243628e-001
 7.5192559e-001
 7.5136220e-001
 7.5074661e-001
 7.5007981e-001
 7.4936235e-001
 7.4859560e-001
 7.4778008e-001
 7.4691671e-001
 7.4600613e-001
 7.4504954e-001
 7.4404764e-001
 7.4299842e-001
 7.4189734e-001
 7.4073935e-001
 7.3952013e-001
 7.3823500e-001
 7.3687881e-001
 7.3544675e-001
 7.3393464e-001
 7.3233736e-001
 7.3065025e-001
 7.2886854e-001
 7.2698867e-001
 7.2500628e-001
 7.2291726e-001
 7.2071749e-001
 7.1840221e-001
 7.1596861e-001
 7.1341169e-001
 7.1072757e-001
 7.0791191e-001
 7.0497245e-001
 7.0192575e-001
 6.9878930e-001
 6.9557989e-001
 6.9231653e-001
 6.8901616e-001
 6.8569630e-001
 6.8237448e-001
 6.7906749e-001
 6.7579412e-001
 6.7256540e-001
 6.6938692e-001
 6.6626346e-001
 6.6320205e-001
 6.6020745e-001
 6.5728509e-001
 6.5443981e-001
 6.5167862e-001
 6.4900619e-001
 6.4642799e-001
 6.4394826e-001
 6.4157212e-001
 6.3930303e-001
 6.3714492e-001
 6.3510185e-001
 6.3317728e-001
 6.3137621e-001
 6.2970203e-001
 6.2815887e-001
 6.2674993e-001
 6.2547249e-001
 6.2431532e-001
 6.2326747e-001
 6.2231761e-001
 6.2145531e-001
 6.2066907e-001
 6.1994803e-001
 6.1928111e-001
 6.1865717e-001
 6.1806566e-001
 6.1750257e-001
 6.1697036e-001
 6.1647189e-001
 6.1601019e-001
 6.1558807e-001
 6.1520833e-001
 6.1487395e-001
 6.1458772e-001
 6.1435252e-001
 6.1417109e-001
 6.1404097e-001
 6.1395496e-001
 6.1390561e-001
 6.1388570e-001
 6.1388773e-001
 6.1390430e-001
 6.1392802e-001
 6.1395144e-001
 6.1396724e-001
 6.1396819e-001
 6.1395216e-001
 6.1392123e-001
 6.1387807e-001
 6.1382538e-001
 6.1376542e-001
 6.1370087e-001
 6.1363435e-001
 6.1356837e-001
 6.1350530e-001
 6.1344796e-001
 6.1339808e-001
 6.1335719e-001
 6.1332673e-001
 6.1330813e-001
 6.1330289e-001
 6.1331230e-001
 6.1333805e-001
 6.1338139e-001
 6.1344373e-001
 6.1352664e-001
 6.1363137e-001
 6.1375916e-001
 6.1391115e-001
 6.1408871e-001
 6.1429292e-001
 6.1452502e-001
 6.1478615e-001
 6.1507767e-001
 6.1540073e-001
 6.1575633e-001
 6.1614043e-001
 6.1654449e-001
 6.1696005e-001
 6.1737835e-001
 6.1779088e-001
 6.1818868e-001
 6.1856335e-001
 6.1890614e-001
 6.1920851e-001
 6.1946207e-001
 6.1966848e-001
 6.1983824e-001
 6.1998188e-001
 6.2011015e-001
 6.2023383e-001
 6.2036359e-001
 6.2051004e-001
 6.2068391e-001
 6.2089592e-001
 6.2115628e-001
 6.2146425e-001
 6.2180996e-001
 6.2218243e-001
 6.2257147e-001
 6.2296635e-001
 6.2335658e-001
 6.2373161e-001
 6.2408072e-001
 6.2439358e-001
 6.2466025e-001
 6.2488151e-001
 6.2506783e-001
 6.2523031e-001
 6.2537980e-001
 6.2552732e-001
 6.2568361e-001
 6.2585974e-001
 6.2606651e-001
 6.2631488e-001
 6.2661541e-001
 6.2696892e-001
 6.2736839e-001
 6.2780648e-001
 6.2827569e-001
 6.2876856e-001
 6.2927777e-001
 6.2979579e-001
 6.3031548e-001
 6.3082910e-001
 6.3132960e-001
 6.3181323e-001
 6.3227957e-001
 6.3272798e-001
 6.3315815e-001
 6.3356942e-001
 6.3396162e-001
 6.3433409e-001
 6.3468641e-001
 6.3501799e-001
 6.3532877e-001
 6.3562012e-001
 6.3589478e-001
 6.3615590e-001
 6.3640678e-001
 6.3665015e-001
 6.3688922e-001
 6.3712698e-001
 6.3736659e-001
 6.3761091e-001
 6.3786298e-001
 6.3812369e-001
 6.3839233e-001
 6.3866812e-001
 6.3895029e-001
 6.3923782e-001
 6.3953018e-001
 6.3982630e-001
 6.4012569e-001
 6.4042723e-001
 6.4073044e-001
 6.4103627e-001
 6.4134783e-001
 6.4166754e-001
 6.4199829e-001
 6.4234287e-001
 6.4270413e-001
 6.4308476e-001
 6.4348751e-001
 6.4391524e-001
 6.4437050e-001
 6.4485055e-001
 6.4534855e-001
 6.4585763e-001
 6.4637077e-001
 6.4688098e-001
 6.4738131e-001
 6.4786482e-001
 6.4832455e-001
 6.4875364e-001
 6.4914531e-001
 6.4950037e-001
 6.4982551e-001
 6.5012723e-001
 6.5041256e-001
 6.5068799e-001
 6.5096033e-001
 6.5123630e-001
 6.5152282e-001
 6.5182638e-001
 6.5215343e-001
 6.5250456e-001
 6.5287548e-001
 6.5326166e-001
 6.5365881e-001
 6.5406239e-001
 6.5446830e-001
 6.5487170e-001
 6.5526843e-001
 6.5565413e-001
 6.5602452e-001
 6.5637952e-001
 6.5672177e-001
 6.5705442e-001
 6.5738040e-001
 6.5770274e-001
 6.5802413e-001
 6.5834785e-001
 6.5867674e-001
 6.5901393e-001
 6.5936196e-001
 6.5972221e-001
 6.6009432e-001
 6.6047806e-001
 6.6087323e-001
 6.6127932e-001
 6.6169631e-001
 6.6212362e-001
 6.6256130e-001
 6.6300881e-001
 6.6346586e-001
 6.6393095e-001
 6.6440189e-001
 6.6487598e-001
 6.6535097e-001
 6.6582435e-001
 6.6629380e-001
 6.6675705e-001
 6.6721141e-001
 6.6765457e-001
 6.6808420e-001
 6.6849935e-001
 6.6889954e-001
 6.6928476e-001
 6.6965473e-001
 6.7000937e-001
 6.7034841e-001
 6.7067164e-001
 6.7097896e-001
 6.7127019e-001
 6.7154515e-001
 6.7180377e-001
 6.7204654e-001
 6.7227364e-001
 6.7248535e-001
 6.7268199e-001
 6.7286366e-001
 6.7303073e-001
 6.7318368e-001
 6.7332238e-001
 6.7344773e-001
 6.7356360e-001
 6.7367709e-001
 6.7379504e-001
 6.7392445e-001
 6.7407221e-001
 6.7424530e-001
 6.7445070e-001
 6.7469537e-001
 6.7498612e-001
 6.7532939e-001
 6.7571986e-001
 6.7614460e-001
 6.7658991e-001
 6.7704237e-001
 6.7748874e-001
 6.7791528e-001
 6.7830849e-001
 6.7865515e-001
 6.7894173e-001
 6.7915583e-001
 6.7930037e-001
 6.7938942e-001
 6.7943740e-001
 6.7945886e-001
 6.7946786e-001
 6.7947900e-001
 6.7950660e-001
 6.7956513e-001
 6.7966884e-001
 6.7983103e-001
 6.8004990e-001
 6.8031263e-001
 6.8060607e-001
 6.8091708e-001
 6.8123245e-001
 6.8153936e-001
 6.8182445e-001
 6.8207479e-001
 6.8227720e-001
 6.8241960e-001
 6.8250310e-001
 6.8253839e-001
 6.8253618e-001
 6.8250746e-001
 6.8246305e-001
 6.8241358e-001
 6.8237019e-001
 6.8234354e-001
 6.8234450e-001
 6.8238336e-001
 6.8246198e-001
 6.8257666e-001
 6.8272346e-001
 6.8289846e-001
 6.8309760e-001
 6.8331707e-001
 6.8355286e-001
 6.8380117e-001
 6.8405783e-001
 6.8431920e-001
 6.8458080e-001
 6.8483859e-001
 6.8508828e-001
 6.8532544e-001
 6.8554586e-001
 6.8574530e-001
 6.8591946e-001
 6.8606412e-001
 6.8617487e-001
 6.8624812e-001
 6.8628687e-001
 6.8629915e-001
 6.8629307e-001
 6.8627656e-001
 6.8625766e-001
 6.8624443e-001
 6.8624490e-001
 6.8626720e-001
 6.8631923e-001
 6.8640834e-001
 6.8653220e-001
 6.8668228e-001
 6.8684959e-001
 6.8702543e-001
 6.8720084e-001
 6.8736690e-001
 6.8751496e-001
 6.8763614e-001
 6.8772149e-001
 6.8776292e-001
 6.8776041e-001
 6.8771929e-001
 6.8764508e-001
 6.8754345e-001
 6.8741971e-001
 6.8727958e-001
 6.8712848e-001
 6.8697202e-001
 6.8681562e-001
 6.8666464e-001
 6.8652111e-001
 6.8638539e-001
 6.8625754e-001
 6.8613762e-001
 6.8602574e-001
 6.8592185e-001
 6.8582624e-001
 6.8573910e-001
 6.8566042e-001
 6.8558979e-001
 6.8552208e-001
 6.8544894e-001
 6.8536168e-001
 6.8525183e-001
 6.8511099e-001
 6.8493062e-001
 6.8470204e-001
 6.8441701e-001
 6.8406671e-001
 6.8364435e-001
 6.8315941e-001
 6.8263251e-001
 6.8208402e-001
 6.8153507e-001
 6.8100613e-001
 6.8051791e-001
 6.8009102e-001
 6.7974633e-001
 6.7950439e-001
 6.7938358e-001
 6.7937452e-001
 6.7945021e-001
 6.7958331e-001
 6.7974645e-001
 6.7991227e-001
 6.8005353e-001
 6.8014276e-001
 6.8015283e-001
 6.8005621e-001
 6.7982811e-001
 6.7947251e-001
 6.7901134e-001
 6.7846698e-001
 6.7786169e-001
 6.7721784e-001
 6.7655790e-001
 6.7590392e-001
 6.7527854e-001
 6.7470378e-001
 6.7420036e-001
 6.7376804e-001
 6.7339396e-001
 6.7306465e-001
 6.7276722e-001
 6.7248821e-001
 6.7221463e-001
 6.7193305e-001
 6.7163050e-001
 6.7129362e-001
 6.7091048e-001
 6.7048144e-001
 6.7001474e-001
 6.6951889e-001
 6.6900218e-001
 6.6847289e-001
 6.6793942e-001
 6.6741025e-001
 6.6689378e-001
 6.6639817e-001
 6.6593128e-001
 6.6549587e-001
 6.6509098e-001
 6.6471571e-001
 6.6436905e-001
 6.6405046e-001
 6.6375893e-001
 6.6349363e-001
 6.6325355e-001
 6.6303802e-001
 6.6284579e-001
 6.6267300e-001
 6.6251379e-001
 6.6236246e-001
 6.6221327e-001
 6.6206044e-001
 6.6189831e-001
 6.6172099e-001
 6.6152292e-001
 6.6129822e-001
 6.6104174e-001
 6.6075510e-001
 6.6044360e-001
 6.6011286e-001
 6.5976828e-001
 6.5941542e-001
 6.5905958e-001
 6.5870643e-001
 6.5836143e-001
 6.5803003e-001
 6.5771705e-001
 6.5742248e-001
 6.5714270e-001
 6.5687430e-001
 6.5661377e-001
 6.5635765e-001
 6.5610254e-001
 6.5584493e-001
 6.5558136e-001
 6.5530831e-001
 6.5502274e-001
 6.5472472e-001
 6.5441650e-001
 6.5410000e-001
 6.5377742e-001
 6.5345103e-001
 6.5312290e-001
 6.5279490e-001
 6.5246952e-001
 6.5214860e-001
 6.5183443e-001
 6.5152854e-001
 6.5123248e-001
 6.5094781e-001
 6.5067589e-001
 6.5041840e-001
 6.5017653e-001
 6.4995199e-001
 6.4974624e-001
 6.4956069e-001
 6.4939636e-001
 6.4925045e-001
 6.4911789e-001
 6.4899325e-001
 6.4887148e-001
 6.4874732e-001
 6.4861578e-001
 6.4847136e-001
 6.4830917e-001
 6.4812380e-001
 6.4791065e-001
 6.4767015e-001
 6.4740556e-001
 6.4711994e-001
 6.4681673e-001
 6.4649916e-001
 6.4617032e-001
 6.4583373e-001
 6.4549237e-001
 6.4514971e-001
 6.4480865e-001
 6.4447039e-001
 6.4413476e-001
 6.4380205e-001
 6.4347202e-001
 6.4314479e-001
 6.4282012e-001
 6.4249837e-001
 6.4217937e-001
 6.4186305e-001
 6.4154953e-001
 6.4123863e-001
 6.4093053e-001
 6.4062494e-001
 6.4032209e-001
 6.4002168e-001
 6.3972366e-001
 6.3942808e-001
 6.3913482e-001
 6.3884389e-001
 6.3855511e-001
 6.3826853e-001
 6.3798410e-001
 6.3770151e-001
 6.3742101e-001
 6.3714248e-001
 6.3686579e-001
 6.3659102e-001
 6.3631797e-001
 6.3604695e-001
 6.3577771e-001
 6.3551021e-001
 6.3524461e-001
 6.3498080e-001
 6.3471878e-001
 6.3445854e-001
 6.3419992e-001
 6.3394320e-001
 6.3368809e-001
 6.3343483e-001
 6.3318324e-001
 6.3293320e-001
 6.3268501e-001
 6.3243842e-001
 6.3219333e-001
 6.3194954e-001
 6.3170695e-001
 6.3146538e-001
 6.3122463e-001
 6.3098437e-001
 6.3074464e-001
 6.3050508e-001
 6.3026565e-001
 6.3002610e-001
 6.2978613e-001
 6.2954581e-001
 6.2930483e-001
 6.2906283e-001
 6.2881994e-001
 6.2857574e-001
 6.2833023e-001
 6.2808305e-001
 6.2783414e-001
 6.2758327e-001
 6.2733024e-001
 6.2707508e-001
 6.2681752e-001
 6.2655824e-001
 6.2629724e-001
 6.2603492e-001
 6.2577152e-001
 6.2550730e-001
 6.2524241e-001
 6.2497729e-001
 6.2471223e-001
 6.2444723e-001
 6.2418294e-001
 6.2391925e-001
 6.2365675e-001
 6.2339538e-001
 6.2313569e-001
 6.2287790e-001
 6.2262213e-001
 6.2236881e-001
 6.2211800e-001
 6.2187010e-001
 6.2162548e-001
 6.2138426e-001
 6.2114674e-001
 6.2091321e-001
 6.2068391e-001
 6.2045902e-001
 6.2023872e-001
 6.2002289e-001
 6.1981148e-001
 6.1960435e-001
 6.1940163e-001
 6.1920303e-001
 6.1900860e-001
 6.1881834e-001
 6.1863214e-001
 6.1844993e-001
 6.1827165e-001
 6.1809731e-001
 6.1792666e-001
 6.1775982e-001
 6.1759675e-001
 6.1743724e-001
 6.1728138e-001
 6.1712909e-001
 6.1698025e-001
 6.1683482e-001
 6.1669266e-001
 6.1655384e-001
 6.1641830e-001
 6.1628598e-001
 6.1615664e-001
 6.1603051e-001
 6.1590725e-001
 6.1578703e-001
 6.1566961e-001
 6.1555517e-001
 6.1544353e-001
 6.1533481e-001
 6.1522907e-001
 6.1512637e-001
 6.1502701e-001
 6.1493063e-001
 6.1483759e-001
 6.1474788e-001
 6.1466163e-001
 6.1457878e-001
 6.1449951e-001
 6.1442387e-001
 6.1435193e-001
 6.1428362e-001
 6.1421925e-001
 6.1415857e-001
 6.1410201e-001
 6.1404938e-001
 6.1400080e-001
 6.1395645e-001
 6.1391628e-001
 6.1388040e-001
 6.1384881e-001
 6.1382169e-001
 6.1379898e-001
 6.1378080e-001
 6.1376733e-001
 6.1375850e-001
 6.1375445e-001
 6.1375517e-001
 6.1376077e-001
 6.1377132e-001
 6.1378652e-001
 6.1380613e-001
 6.1382961e-001
 6.1385691e-001
 6.1388743e-001
 6.1392081e-001
 6.1395693e-001
 6.1399531e-001
 6.1403561e-001
 6.1407745e-001
 6.1412054e-001
 6.1416453e-001
 6.1420906e-001
 6.1425382e-001
 6.1429840e-001
 6.1434251e-001
 6.1438572e-001
 6.1442780e-001
 6.1446834e-001
 6.1450702e-001
 6.1454344e-001
 6.1457729e-001
 6.1460829e-001
 6.1463600e-001
 6.1466008e-001
 6.1468017e-001
 6.1469609e-001
 6.1470729e-001
 6.1471349e-001
 6.1471438e-001
 6.1470968e-001
 6.1469895e-001
 6.1468220e-001
 6.1465967e-001
 6.1463159e-001
 6.1459792e-001
 6.1455899e-001
 6.1451495e-001
 6.1446583e-001
 6.1441195e-001
 6.1435336e-001
 6.1429030e-001
 6.1422282e-001
 6.1415124e-001
 6.1407566e-001
 6.1399609e-001
 6.1391282e-001
 6.1382610e-001
 6.1373591e-001
 6.1364245e-001
 6.1354607e-001
 6.1344665e-001
 6.1334461e-001
 6.1323988e-001
 6.1313283e-001
 6.1302346e-001
 6.1291200e-001
 6.1279863e-001
 6.1268342e-001
 6.1256653e-001
 6.1244833e-001
 6.1232877e-001
 6.1220807e-001
 6.1208642e-001
 6.1196387e-001
 6.1184084e-001
 6.1171716e-001
 6.1159319e-001
 6.1146903e-001
 6.1134493e-001
 6.1122090e-001
 6.1109722e-001
 6.1097395e-001
 6.1085141e-001
 6.1072958e-001
 6.1060876e-001
 6.1048895e-001
 6.1037052e-001
 6.1025345e-001
 6.1013806e-001
 6.1002433e-001
 6.0991257e-001
 6.0980284e-001
 6.0969537e-001
 6.0959035e-001
 6.0948783e-001
 6.0938799e-001
 6.0929108e-001
 6.0919720e-001
 6.0910648e-001
 6.0901916e-001
 6.0893542e-001
 6.0885531e-001
 6.0877901e-001
 6.0870671e-001
 6.0863853e-001
 6.0857409e-001
 6.0851276e-001
 6.0845429e-001
 6.0839790e-001
 6.0834324e-001
 6.0828966e-001
 6.0823667e-001
 6.0818374e-001
 6.0813040e-001
 6.0807604e-001
 6.0802025e-001
 6.0796231e-001
 6.0790187e-001
 6.0783839e-001
 6.0777128e-001
 6.0770005e-001
 6.0762417e-001
 6.0754311e-001
 6.0745639e-001
 6.0736334e-001
 6.0726362e-001
 6.0715657e-001
 6.0704178e-001
 6.0691857e-001
 6.0678661e-001
 6.0664517e-001
 6.0649389e-001
 6.0633218e-001
 6.0615957e-001
 6.0597545e-001
 6.0577929e-001
 6.0557079e-001
 6.0535020e-001
 6.0511833e-001
 6.0487598e-001
 6.0462379e-001
 6.0436231e-001
 6.0409260e-001
 6.0381514e-001
 6.0353070e-001
 6.0323989e-001
 6.0294354e-001
 6.0264242e-001
 6.0233724e-001
 6.0202849e-001
 6.0171711e-001
 6.0140371e-001
 6.0108918e-001
 6.0077399e-001
 6.0045892e-001
 6.0014480e-001
 5.9983230e-001
 5.9952211e-001
 5.9921485e-001
 5.9891140e-001
 5.9861249e-001
 5.9831870e-001
 5.9803063e-001
 5.9774929e-001
 5.9747535e-001
 5.9720939e-001
 5.9695208e-001
 5.9670430e-001
 5.9646660e-001
 5.9623879e-001
 5.9602034e-001
 5.9581089e-001
 5.9560996e-001
 5.9541708e-001
 5.9523183e-001
 5.9505373e-001
 5.9488225e-001
 5.9471709e-001
 5.9455770e-001
 5.9440362e-001
 5.9425443e-001
 5.9410965e-001
 5.9396887e-001
 5.9383160e-001
 5.9369731e-001
 5.9356570e-001
 5.9343624e-001
 5.9330845e-001
 5.9318191e-001
 5.9305614e-001
 5.9293067e-001
 5.9280509e-001
 5.9267896e-001
 5.9255177e-001
 5.9242320e-001
 5.9229255e-001
 5.9215957e-001
 5.9202379e-001
 5.9188455e-001
 5.9174162e-001
 5.9159464e-001
 5.9144425e-001
 5.9129155e-001
 5.9113759e-001
 5.9098327e-001
 5.9082967e-001
 5.9067786e-001
 5.9052879e-001
 5.9038359e-001
 5.9024322e-001
 5.9010863e-001
 5.8998096e-001
 5.8986121e-001
 5.8975035e-001
 5.8964938e-001
 5.8955944e-001
 5.8948153e-001
 5.8941662e-001
 5.8936572e-001
 5.8932996e-001
 5.8931023e-001
 5.8930767e-001
 5.8932316e-001
 5.8935791e-001
 5.8941281e-001
 5.8948886e-001
 5.8958727e-001
 5.8970892e-001
 5.8985484e-001
 5.9002602e-001
 5.9022361e-001
 5.9044850e-001
 5.9070146e-001
 5.9098083e-001
 5.9128433e-001
 5.9160984e-001
 5.9195501e-001
 5.9231752e-001
 5.9269524e-001
 5.9308577e-001
 5.9348702e-001
 5.9389645e-001
 5.9431201e-001
 5.9473133e-001
 5.9515238e-001
 5.9557253e-001
 5.9598970e-001
 5.9640163e-001
 5.9680617e-001
 5.9720081e-001
 5.9758335e-001
 5.9795159e-001
 5.9830332e-001
 5.9863621e-001
 5.9894794e-001
 5.9923631e-001
 5.9949905e-001
 5.9973389e-001
 5.9993857e-001
 6.0011071e-001
 6.0024828e-001
 6.0034883e-001
 6.0041010e-001
 6.0043001e-001
 6.0040653e-001
 6.0034108e-001
 6.0023552e-001
 6.0009199e-001
 5.9991246e-001
 5.9969902e-001
 5.9945363e-001
 5.9917843e-001
 5.9887546e-001
 5.9854686e-001
 5.9819424e-001
 5.9782022e-001
 5.9742653e-001
 5.9701520e-001
 5.9658831e-001
 5.9614789e-001
 5.9569615e-001
 5.9523493e-001
 5.9476644e-001
 5.9429246e-001
 5.9381527e-001
 5.9333688e-001
 5.9285933e-001
 5.9238452e-001
 5.9191465e-001
 5.9145170e-001
 5.9099782e-001
 5.9055477e-001
 5.9012502e-001
 5.8971024e-001
 5.8931261e-001
 5.8893430e-001
 5.8857673e-001
 5.8824039e-001
 5.8792490e-001
 5.8762985e-001
 5.8735496e-001
 5.8710003e-001
 5.8686471e-001
 5.8664876e-001
 5.8645171e-001
 5.8627337e-001
 5.8611351e-001
 5.8597177e-001
 5.8584780e-001
 5.8574128e-001
 5.8565211e-001
 5.8557975e-001
 5.8552396e-001
 5.8548450e-001
 5.8546108e-001
 5.8545339e-001
 5.8546102e-001
 5.8548379e-001
 5.8552134e-001
 5.8557343e-001
 5.8563972e-001
 5.8571988e-001
 5.8581370e-001
 5.8592075e-001
 5.8604085e-001
 5.8617359e-001
 5.8631885e-001
 5.8647615e-001
 5.8664513e-001
 5.8682531e-001
 5.8701599e-001
 5.8721656e-001
 5.8742613e-001
 5.8764428e-001
 5.8787030e-001
 5.8810347e-001
 5.8834320e-001
 5.8858877e-001
 5.8883935e-001
 5.8909458e-001
 5.8935362e-001
 5.8961582e-001
 5.8988059e-001
 5.9014726e-001
 5.9041506e-001
 5.9068334e-001
 5.9095144e-001
 5.9121889e-001
 5.9148479e-001
 5.9174848e-001
 5.9200948e-001
 5.9226698e-001
 5.9252030e-001
 5.9276885e-001
 5.9301198e-001
 5.9324890e-001
 5.9347922e-001
 5.9370196e-001
 5.9391659e-001
 5.9412241e-001
 5.9431899e-001
 5.9450632e-001
 5.9468448e-001
 5.9485394e-001
 5.9501493e-001
 5.9516746e-001
 5.9531182e-001
 5.9544837e-001
 5.9557724e-001
 5.9569860e-001
 5.9581286e-001
 5.9592009e-001
 5.9602058e-001
 5.9611458e-001
 5.9620225e-001
 5.9628391e-001
 5.9635973e-001
 5.9642982e-001
 5.9649462e-001
 5.9655422e-001
 5.9660894e-001
 5.9665889e-001
 5.9670442e-001
 5.9674567e-001
 5.9678292e-001
 5.9681642e-001
 5.9684628e-001
 5.9687287e-001
 5.9689635e-001
 5.9691691e-001
 5.9693485e-001
 5.9695035e-001
 5.9696358e-001
 5.9697461e-001
 5.9698325e-001
 5.9698945e-001
 5.9699303e-001
 5.9699410e-001
 5.9699237e-001
 5.9698790e-001
 5.9698057e-001
 5.9697014e-001
 5.9695679e-001
 5.9694022e-001
 5.9692043e-001
 5.9689724e-001
 5.9687084e-001
 5.9684074e-001
 5.9680718e-001
 5.9676993e-001
 5.9672886e-001
 5.9668398e-001
 5.9663516e-001
 5.9658229e-001
 5.9652531e-001
 5.9646422e-001
 5.9639877e-001
 5.9632897e-001
 5.9625477e-001
 5.9617597e-001
 5.9609240e-001
 5.9600425e-001
 5.9591132e-001
 5.9581339e-001
 5.9571064e-001
 5.9560299e-001
 5.9549063e-001
 5.9537381e-001
 5.9525257e-001
 5.9512717e-001
 5.9499770e-001
 5.9486437e-001
 5.9472722e-001
 5.9458655e-001
 5.9444243e-001
 5.9429508e-001
 5.9414452e-001
 5.9399104e-001
 5.9383482e-001
 5.9367591e-001
 5.9351438e-001
 5.9335065e-001
 5.9318471e-001
 5.9301674e-001
 5.9284699e-001
 5.9267539e-001
 5.9250224e-001
 5.9232777e-001
 5.9215200e-001
 5.9197509e-001
 5.9179735e-001
 5.9161878e-001
 5.9143960e-001
 5.9125990e-001
 5.9108001e-001
 5.9089983e-001
