splib07b Record=33644: Rangeland L02-019 S01% G06%  ASDFRa AREF
-1.2300000e+034
-1.2300000e+034
-1.2300000e+034
-1.2300000e+034
-1.2300000e+034
-1.2300000e+034
 4.9171377e-002
 4.9547818e-002
 4.9785677e-002
 4.9808018e-002
 4.9757522e-002
 4.9832087e-002
 5.0166424e-002
 5.0642051e-002
 5.1077314e-002
 5.1335253e-002
 5.1458329e-002
 5.1533673e-002
 5.1640674e-002
 5.1827244e-002
 5.2133232e-002
 5.2570045e-002
 5.3035803e-002
 5.3400271e-002
 5.3578991e-002
 5.3671546e-002
 5.3823419e-002
 5.4141369e-002
 5.4576505e-002
 5.5040829e-002
 5.5461206e-002
 5.5823218e-002
 5.6127042e-002
 5.6388263e-002
 5.6683056e-002
 5.7102676e-002
 5.7693392e-002
 5.8321889e-002
 5.8810085e-002
 5.9043672e-002
 5.9163738e-002
 5.9375044e-002
 5.9824660e-002
 6.0429081e-002
 6.1047189e-002
 6.1566010e-002
 6.1984599e-002
 6.2330052e-002
 6.2632799e-002
 6.2937148e-002
 6.3290745e-002
 6.3722357e-002
 6.4184971e-002
 6.4612724e-002
 6.4960755e-002
 6.5267794e-002
 6.5593854e-002
 6.5984443e-002
 6.6428132e-002
 6.6899367e-002
 6.7373402e-002
 6.7829229e-002
 6.8246901e-002
 6.8618722e-002
 6.8986848e-002
 6.9405571e-002
 6.9910504e-002
 7.0460901e-002
 7.0997208e-002
 7.1475767e-002
 7.1917377e-002
 7.2358564e-002
 7.2829589e-002
 7.3333852e-002
 7.3868349e-002
 7.4427411e-002
 7.4995466e-002
 7.5554453e-002
 7.6095372e-002
 7.6644987e-002
 7.7239268e-002
 7.7899538e-002
 7.8588873e-002
 7.9255901e-002
 7.9864241e-002
 8.0437683e-002
 8.1015199e-002
 8.1626900e-002
 8.2267903e-002
 8.2924500e-002
 8.3582856e-002
 8.4228791e-002
 8.4847942e-002
 8.5432261e-002
 8.5999303e-002
 8.6572744e-002
 8.7168127e-002
 8.7767653e-002
 8.8345245e-002
 8.8880472e-002
 8.9376390e-002
 8.9841709e-002
 9.0285949e-002
 9.0721272e-002
 9.1160782e-002
 9.1610894e-002
 9.2051722e-002
 9.2456751e-002
 9.2808448e-002
 9.3124703e-002
 9.3432412e-002
 9.3751706e-002
 9.4077259e-002
 9.4397046e-002
 9.4701849e-002
 9.4992109e-002
 9.5270999e-002
 9.5541902e-002
 9.5810249e-002
 9.6081570e-002
 9.6358731e-002
 9.6632876e-002
 9.6892238e-002
 9.7130693e-002
 9.7364686e-002
 9.7616203e-002
 9.7899936e-002
 9.8202117e-002
 9.8501705e-002
 9.8782316e-002
 9.9046029e-002
 9.9299841e-002
 9.9551968e-002
 9.9816531e-002
 1.0010881e-001
 1.0043825e-001
 1.0078900e-001
 1.0113918e-001
 1.0147212e-001
 1.0179284e-001
 1.0211127e-001
 1.0243692e-001
 1.0277631e-001
 1.0313512e-001
 1.0351650e-001
 1.0391153e-001
 1.0430872e-001
 1.0470044e-001
 1.0509525e-001
 1.0550581e-001
 1.0593977e-001
 1.0638665e-001
 1.0683074e-001
 1.0726221e-001
 1.0769267e-001
 1.0813948e-001
 1.0861436e-001
 1.0910831e-001
 1.0960677e-001
 1.1009838e-001
 1.1058418e-001
 1.1106867e-001
 1.1155664e-001
 1.1205512e-001
 1.1257195e-001
 1.1311226e-001
 1.1367189e-001
 1.1424419e-001
 1.1482245e-001
 1.1540002e-001
 1.1597037e-001
 1.1653027e-001
 1.1709037e-001
 1.1766478e-001
 1.1826298e-001
 1.1887616e-001
 1.1949098e-001
 1.2009724e-001
 1.2069681e-001
 1.2129477e-001
 1.2189477e-001
 1.2249473e-001
 1.2309121e-001
 1.2368158e-001
 1.2426636e-001
 1.2484705e-001
 1.2542501e-001
 1.2600154e-001
 1.2657779e-001
 1.2715434e-001
 1.2772861e-001
 1.2829718e-001
 1.2885821e-001
 1.2941568e-001
 1.2997490e-001
 1.3053975e-001
 1.3110764e-001
 1.3167457e-001
 1.3223656e-001
 1.3279086e-001
 1.3333490e-001
 1.3386755e-001
 1.3439332e-001
 1.3491820e-001
 1.3544586e-001
 1.3597102e-001
 1.3648604e-001
 1.3698472e-001
 1.3746622e-001
 1.3793109e-001
 1.3838133e-001
 1.3882472e-001
 1.3927041e-001
 1.3972354e-001
 1.4017265e-001
 1.4060220e-001
 1.4100218e-001
 1.4138414e-001
 1.4176521e-001
 1.4215703e-001
 1.4255008e-001
 1.4292936e-001
 1.4328453e-001
 1.4362291e-001
 1.4395636e-001
 1.4429395e-001
 1.4463352e-001
 1.4497007e-001
 1.4529881e-001
 1.4561574e-001
 1.4591701e-001
 1.4620155e-001
 1.4647949e-001
 1.4676355e-001
 1.4706284e-001
 1.4737177e-001
 1.4768106e-001
 1.4797978e-001
 1.4825045e-001
 1.4847408e-001
 1.4864221e-001
 1.4878860e-001
 1.4895758e-001
 1.4918061e-001
 1.4943759e-001
 1.4969571e-001
 1.4993006e-001
 1.5014866e-001
 1.5036762e-001
 1.5059875e-001
 1.5083691e-001
 1.5107274e-001
 1.5129818e-001
 1.5151070e-001
 1.5170908e-001
 1.5189360e-001
 1.5207025e-001
 1.5224646e-001
 1.5242694e-001
 1.5260585e-001
 1.5277465e-001
 1.5292980e-001
 1.5308800e-001
 1.5327090e-001
 1.5349048e-001
 1.5371987e-001
 1.5392250e-001
 1.5407354e-001
 1.5419495e-001
 1.5432042e-001
 1.5447624e-001
 1.5465876e-001
 1.5485685e-001
 1.5506198e-001
 1.5527582e-001
 1.5550269e-001
 1.5574501e-001
 1.5599790e-001
 1.5625502e-001
 1.5651071e-001
 1.5676384e-001
 1.5701483e-001
 1.5726167e-001
 1.5749456e-001
 1.5770218e-001
 1.5787864e-001
 1.5804301e-001
 1.5821959e-001
 1.5842514e-001
 1.5864217e-001
 1.5884559e-001
 1.5901589e-001
 1.5916020e-001
 1.5929143e-001
 1.5942152e-001
 1.5955850e-001
 1.5970875e-001
 1.5987600e-001
 1.6005050e-001
 1.6022015e-001
 1.6037740e-001
 1.6053596e-001
 1.6071534e-001
 1.6092658e-001
 1.6114947e-001
 1.6135637e-001
 1.6152647e-001
 1.6166860e-001
 1.6179867e-001
 1.6193096e-001
 1.6207068e-001
 1.6222110e-001
 1.6238230e-001
 1.6254191e-001
 1.6268432e-001
 1.6280054e-001
 1.6290772e-001
 1.6302960e-001
 1.6318421e-001
 1.6336703e-001
 1.6356786e-001
 1.6377687e-001
 1.6398582e-001
 1.6418678e-001
 1.6437709e-001
 1.6457556e-001
 1.6480622e-001
 1.6508426e-001
 1.6538966e-001
 1.6569351e-001
 1.6597670e-001
 1.6625895e-001
 1.6656984e-001
 1.6693214e-001
 1.6734049e-001
 1.6778313e-001
 1.6825148e-001
 1.6875000e-001
 1.6928633e-001
 1.6986758e-001
 1.7049862e-001
 1.7118372e-001
 1.7192440e-001
 1.7271337e-001
 1.7354062e-001
 1.7439872e-001
 1.7528926e-001
 1.7621639e-001
 1.7718242e-001
 1.7818384e-001
 1.7921478e-001
 1.8026863e-001
 1.8133169e-001
 1.8238877e-001
 1.8342963e-001
 1.8446495e-001
 1.8551053e-001
 1.8657646e-001
 1.8764979e-001
 1.8871209e-001
 1.8974885e-001
 1.9076161e-001
 1.9175589e-001
 1.9273818e-001
 1.9371848e-001
 1.9470786e-001
 1.9571082e-001
 1.9670568e-001
 1.9766390e-001
 1.9856909e-001
 1.9945183e-001
 2.0035467e-001
 2.0130485e-001
 2.0226879e-001
 2.0319764e-001
 2.0405658e-001
 2.0486644e-001
 2.0566204e-001
 2.0646980e-001
 2.0728314e-001
 2.0808718e-001
 2.0886956e-001
 2.0962781e-001
 2.1036200e-001
 2.1107295e-001
 2.1176471e-001
 2.1244211e-001
 2.1310855e-001
 2.1376161e-001
 2.1439758e-001
 2.1501285e-001
 2.1560451e-001
 2.1616994e-001
 2.1670973e-001
 2.1723764e-001
 2.1777076e-001
 2.1831957e-001
 2.1886835e-001
 2.1939473e-001
 2.1988238e-001
 2.2033887e-001
 2.2077768e-001
 2.2120954e-001
 2.2163397e-001
 2.2204725e-001
 2.2245307e-001
 2.2287992e-001
 2.2336298e-001
 2.2391619e-001
-1.2300000e+034
-1.2300000e+034
-1.2300000e+034
-1.2300000e+034
 2.2558707e-001
 2.2578253e-001
 2.2603028e-001
 2.2633792e-001
 2.2670580e-001
 2.2710505e-001
 2.2749962e-001
 2.2786123e-001
 2.2819303e-001
 2.2850607e-001
 2.2881077e-001
 2.2911525e-001
 2.2942711e-001
 2.2975072e-001
 2.3007721e-001
 2.3039438e-001
 2.3069258e-001
 2.3097190e-001
 2.3123504e-001
 2.3148736e-001
 2.3174563e-001
 2.3202930e-001
 2.3234904e-001
 2.3268026e-001
 2.3298953e-001
 2.3325410e-001
 2.3349437e-001
 2.3374152e-001
 2.3401754e-001
 2.3430783e-001
 2.3458867e-001
 2.3484412e-001
 2.3508762e-001
 2.3534082e-001
 2.3561925e-001
 2.3591417e-001
 2.3621097e-001
 2.3649701e-001
 2.3676737e-001
 2.3701918e-001
 2.3725380e-001
 2.3748912e-001
 2.3774748e-001
 2.3804250e-001
 2.3835446e-001
 2.3865509e-001
 2.3892279e-001
 2.3916216e-001
 2.3938447e-001
 2.3960100e-001
 2.3982346e-001
 2.4006359e-001
 2.4032570e-001
 2.4058415e-001
 2.4080589e-001
 2.4097234e-001
 2.4112333e-001
 2.4131332e-001
 2.4157858e-001
 2.4188323e-001
 2.4217336e-001
 2.4241063e-001
 2.4262002e-001
 2.4284221e-001
 2.4310702e-001
 2.4340092e-001
 2.4369952e-001
 2.4398139e-001
 2.4423683e-001
 2.4445903e-001
 2.4464838e-001
 2.4483314e-001
 2.4504881e-001
 2.4531929e-001
 2.4562204e-001
 2.4592304e-001
 2.4619433e-001
 2.4643271e-001
 2.4664102e-001
 2.4682645e-001
 2.4701291e-001
 2.4722855e-001
 2.4749129e-001
 2.4777843e-001
 2.4805701e-001
 2.4830176e-001
 2.4851777e-001
 2.4871792e-001
 2.4891461e-001
 2.4911864e-001
 2.4934033e-001
 2.4958405e-001
 2.4983057e-001
 2.5005466e-001
 2.5024131e-001
 2.5041637e-001
 2.5061670e-001
 2.5086671e-001
 2.5114405e-001
 2.5141472e-001
 2.5165212e-001
 2.5185880e-001
 2.5204480e-001
 2.5222185e-001
 2.5240883e-001
 2.5262642e-001
 2.5288582e-001
 2.5316060e-001
 2.5341496e-001
 2.5362477e-001
 2.5381339e-001
 2.5401562e-001
 2.5425631e-001
 2.5451916e-001
 2.5477764e-001
 2.5501165e-001
 2.5522658e-001
 2.5543427e-001
 2.5564653e-001
 2.5587502e-001
 2.5613153e-001
 2.5642014e-001
 2.5671494e-001
 2.5698251e-001
 2.5720021e-001
 2.5738901e-001
 2.5758076e-001
 2.5780022e-001
 2.5804403e-001
 2.5830171e-001
 2.5856087e-001
 2.5880095e-001
 2.5899944e-001
 2.5914723e-001
 2.5928903e-001
 2.5948280e-001
 2.5976402e-001
 2.6007739e-001
 2.6034418e-001
 2.6051185e-001
 2.6062959e-001
 2.6077217e-001
 2.6099631e-001
 2.6128754e-001
 2.6161346e-001
 2.6194173e-001
 2.6224041e-001
 2.6247764e-001
 2.6263821e-001
 2.6277372e-001
 2.6295236e-001
 2.6322094e-001
 2.6354101e-001
 2.6385266e-001
 2.6411027e-001
 2.6432529e-001
 2.6452339e-001
 2.6472867e-001
 2.6495922e-001
 2.6523131e-001
 2.6554975e-001
 2.6587239e-001
-1.2300000e+034
-1.2300000e+034
-1.2300000e+034
-1.2300000e+034
-1.2300000e+034
-1.2300000e+034
-1.2300000e+034
-1.2300000e+034
-1.2300000e+034
-1.2300000e+034
-1.2300000e+034
-1.2300000e+034
-1.2300000e+034
-1.2300000e+034
-1.2300000e+034
-1.2300000e+034
-1.2300000e+034
 2.6897520e-001
 2.6911032e-001
 2.6940927e-001
 2.6981294e-001
 2.7021864e-001
 2.7054170e-001
 2.7076870e-001
 2.7090424e-001
 2.7096954e-001
 2.7105355e-001
 2.7126148e-001
 2.7165401e-001
 2.7210823e-001
 2.7245590e-001
 2.7258793e-001
 2.7263162e-001
 2.7277344e-001
 2.7314335e-001
 2.7364561e-001
 2.7412793e-001
 2.7446765e-001
 2.7466011e-001
 2.7473098e-001
 2.7472648e-001
 2.7477765e-001
 2.7503684e-001
 2.7558878e-001
 2.7624723e-001
 2.7675837e-001
 2.7694717e-001
 2.7695352e-001
 2.7699640e-001
 2.7724102e-001
 2.7763823e-001
 2.7808493e-001
 2.7848962e-001
 2.7880216e-001
 2.7898365e-001
 2.7902710e-001
 2.7905372e-001
 2.7921677e-001
 2.7961171e-001
 2.8010184e-001
 2.8049296e-001
 2.8065550e-001
 2.8072247e-001
 2.8089219e-001
 2.8130010e-001
 2.8183079e-001
 2.8230587e-001
 2.8258988e-001
 2.8271800e-001
 2.8276819e-001
 2.8282267e-001
 2.8297916e-001
 2.8334033e-001
 2.8395036e-001
 2.8462163e-001
 2.8510857e-001
 2.8524274e-001
 2.8516802e-001
 2.8510591e-001
 2.8522989e-001
 2.8551921e-001
 2.8590566e-001
 2.8632203e-001
 2.8670543e-001
 2.8701174e-001
 2.8726497e-001
 2.8750506e-001
 2.8776416e-001
 2.8803968e-001
 2.8831926e-001
 2.8859365e-001
 2.8886178e-001
 2.8912356e-001
 2.8938085e-001
 2.8963837e-001
 2.8990084e-001
 2.9017213e-001
 2.9044944e-001
 2.9072735e-001
 2.9100260e-001
 2.9127690e-001
 2.9155317e-001
 2.9183286e-001
 2.9211181e-001
 2.9238328e-001
 2.9264441e-001
 2.9290271e-001
 2.9316857e-001
 2.9344919e-001
 2.9373968e-001
 2.9403177e-001
 2.9431966e-001
 2.9460287e-001
 2.9488307e-001
 2.9516134e-001
 2.9543805e-001
 2.9571396e-001
 2.9598960e-001
 2.9627043e-001
 2.9656133e-001
 2.9686573e-001
 2.9717475e-001
 2.9747745e-001
 2.9776606e-001
 2.9804543e-001
 2.9832393e-001
 2.9860687e-001
 2.9889122e-001
 2.9917118e-001
 2.9944405e-001
 2.9971594e-001
 2.9999536e-001
 3.0028796e-001
 3.0058706e-001
 3.0088380e-001
 3.0117103e-001
 3.0145156e-001
 3.0173171e-001
 3.0201569e-001
 3.0230317e-001
 3.0259368e-001
 3.0288535e-001
 3.0317611e-001
 3.0346358e-001
 3.0374587e-001
 3.0402356e-001
 3.0429742e-001
 3.0456936e-001
 3.0484506e-001
 3.0513102e-001
 3.0543104e-001
 3.0573803e-001
 3.0604121e-001
 3.0633363e-001
 3.0661774e-001
 3.0689991e-001
 3.0718416e-001
 3.0746937e-001
 3.0775300e-001
 3.0803365e-001
 3.0831152e-001
 3.0858871e-001
 3.0886614e-001
 3.0914363e-001
 3.0942050e-001
 3.0969638e-001
 3.0997214e-001
 3.1024766e-001
 3.1052426e-001
 3.1080207e-001
 3.1108183e-001
 3.1136277e-001
 3.1164387e-001
 3.1192291e-001
 3.1219757e-001
 3.1246573e-001
 3.1272420e-001
 3.1297207e-001
 3.1321201e-001
 3.1344834e-001
 3.1368256e-001
 3.1390977e-001
 3.1412172e-001
 3.1431475e-001
 3.1449649e-001
-1.2300000e+034
-1.2300000e+034
-1.2300000e+034
-1.2300000e+034
-1.2300000e+034
-1.2300000e+034
-1.2300000e+034
-1.2300000e+034
-1.2300000e+034
-1.2300000e+034
-1.2300000e+034
-1.2300000e+034
-1.2300000e+034
-1.2300000e+034
-1.2300000e+034
-1.2300000e+034
-1.2300000e+034
-1.2300000e+034
-1.2300000e+034
-1.2300000e+034
-1.2300000e+034
-1.2300000e+034
-1.2300000e+034
-1.2300000e+034
-1.2300000e+034
-1.2300000e+034
-1.2300000e+034
-1.2300000e+034
-1.2300000e+034
-1.2300000e+034
-1.2300000e+034
-1.2300000e+034
-1.2300000e+034
-1.2300000e+034
-1.2300000e+034
-1.2300000e+034
-1.2300000e+034
-1.2300000e+034
-1.2300000e+034
-1.2300000e+034
-1.2300000e+034
 3.2606831e-001
 3.2627171e-001
 3.2645565e-001
 3.2661670e-001
 3.2675269e-001
 3.2686466e-001
 3.2696825e-001
 3.2708409e-001
 3.2722533e-001
 3.2737884e-001
 3.2752427e-001
 3.2764828e-001
 3.2776231e-001
 3.2788488e-001
 3.2802939e-001
 3.2819223e-001
 3.2836363e-001
 3.2853732e-001
 3.2871103e-001
 3.2888412e-001
 3.2905671e-001
 3.2922962e-001
 3.2940412e-001
 3.2958144e-001
 3.2976413e-001
 3.2995480e-001
 3.3015475e-001
 3.3036000e-001
 3.3056557e-001
 3.3076707e-001
 3.3096752e-001
 3.3117056e-001
 3.3137909e-001
 3.3158910e-001
 3.3179560e-001
 3.3199513e-001
 3.3218929e-001
 3.3238167e-001
 3.3257496e-001
 3.3276972e-001
 3.3296657e-001
 3.3316508e-001
 3.3336398e-001
 3.3356106e-001
 3.3375654e-001
 3.3395848e-001
 3.3417821e-001
 3.3442226e-001
 3.3468410e-001
 3.3495268e-001
 3.3522034e-001
 3.3548728e-001
 3.3575720e-001
 3.3603278e-001
 3.3631268e-001
 3.3659545e-001
 3.3688006e-001
 3.3716771e-001
 3.3745986e-001
 3.3775783e-001
 3.3805948e-001
 3.3836198e-001
 3.3866346e-001
 3.3896822e-001
 3.3928224e-001
 3.3960906e-001
 3.3994296e-001
 3.4027666e-001
 3.4060457e-001
 3.4092674e-001
 3.4124509e-001
 3.4156209e-001
 3.4188110e-001
 3.4220707e-001
 3.4254238e-001
 3.4288371e-001
 3.4322596e-001
 3.4356457e-001
 3.4389645e-001
 3.4421802e-001
 3.4452772e-001
 3.4483147e-001
 3.4513563e-001
 3.4544456e-001
 3.4575537e-001
 3.4606263e-001
 3.4636313e-001
 3.4666395e-001
 3.4697425e-001
 3.4729916e-001
 3.4762985e-001
 3.4795308e-001
 3.4825963e-001
 3.4855425e-001
 3.4884480e-001
 3.4913835e-001
 3.4943646e-001
 3.4973985e-001
 3.5004783e-001
 3.5035491e-001
 3.5065418e-001
 3.5094038e-001
 3.5121265e-001
 3.5147154e-001
 3.5171959e-001
 3.5196608e-001
 3.5222256e-001
 3.5249618e-001
 3.5277960e-001
 3.5306203e-001
 3.5333553e-001
 3.5360160e-001
 3.5386494e-001
 3.5412955e-001
 3.5439545e-001
 3.5466224e-001
 3.5492906e-001
 3.5519275e-001
 3.5544890e-001
 3.5569432e-001
 3.5592791e-001
 3.5614854e-001
 3.5635719e-001
 3.5655913e-001
 3.5676068e-001
 3.5696739e-001
 3.5717848e-001
 3.5739261e-001
 3.5760796e-001
 3.5782290e-001
 3.5803664e-001
 3.5824686e-001
 3.5845098e-001
 3.5864690e-001
 3.5883263e-001
 3.5901329e-001
 3.5919526e-001
 3.5938266e-001
 3.5957012e-001
 3.5975102e-001
 3.5991976e-001
 3.6008158e-001
 3.6024252e-001
 3.6040795e-001
 3.6057279e-001
 3.6073074e-001
 3.6087742e-001
 3.6101538e-001
 3.6115041e-001
 3.6128640e-001
 3.6142322e-001
 3.6156079e-001
 3.6169732e-001
 3.6182928e-001
 3.6195141e-001
 3.6206174e-001
 3.6216730e-001
 3.6227667e-001
 3.6239612e-001
 3.6252168e-001
 3.6264685e-001
 3.6276665e-001
 3.6288103e-001
 3.6299145e-001
 3.6309800e-001
 3.6319438e-001
 3.6327302e-001
 3.6332849e-001
 3.6336899e-001
 3.6340508e-001
 3.6344352e-001
 3.6348027e-001
 3.6350697e-001
 3.6351851e-001
 3.6352098e-001
 3.6352396e-001
 3.6353362e-001
 3.6354721e-001
 3.6355942e-001
 3.6356515e-001
 3.6355639e-001
 3.6352554e-001
 3.6346716e-001
 3.6339068e-001
 3.6330768e-001
 3.6322662e-001
 3.6313906e-001
 3.6303300e-001
 3.6289912e-001
 3.6273885e-001
 3.6255562e-001
 3.6235297e-001
 3.6213174e-001
 3.6189243e-001
 3.6163387e-001
 3.6134559e-001
 3.6101675e-001
 3.6064142e-001
 3.6024433e-001
 3.5985640e-001
 3.5949484e-001
 3.5912228e-001
 3.5868785e-001
 3.5823670e-001
-1.2300000e+034
-1.2300000e+034
-1.2300000e+034
-1.2300000e+034
-1.2300000e+034
-1.2300000e+034
-1.2300000e+034
-1.2300000e+034
-1.2300000e+034
-1.2300000e+034
-1.2300000e+034
-1.2300000e+034
-1.2300000e+034
-1.2300000e+034
-1.2300000e+034
-1.2300000e+034
-1.2300000e+034
-1.2300000e+034
-1.2300000e+034
-1.2300000e+034
-1.2300000e+034
-1.2300000e+034
-1.2300000e+034
-1.2300000e+034
-1.2300000e+034
-1.2300000e+034
-1.2300000e+034
-1.2300000e+034
-1.2300000e+034
-1.2300000e+034
-1.2300000e+034
-1.2300000e+034
-1.2300000e+034
-1.2300000e+034
-1.2300000e+034
-1.2300000e+034
-1.2300000e+034
-1.2300000e+034
-1.2300000e+034
-1.2300000e+034
-1.2300000e+034
-1.2300000e+034
-1.2300000e+034
-1.2300000e+034
-1.2300000e+034
-1.2300000e+034
 3.3156082e-001
 3.2991046e-001
 3.2801512e-001
 3.2604292e-001
 3.2415357e-001
 3.2247385e-001
 3.2112285e-001
 3.2016906e-001
 3.1948262e-001
 3.1888375e-001
 3.1824929e-001
 3.1767997e-001
 3.1733274e-001
 3.1731674e-001
 3.1754744e-001
 3.1789237e-001
 3.1824026e-001
 3.1856301e-001
 3.1885475e-001
 3.1911078e-001
 3.1933519e-001
 3.1953424e-001
 3.1970847e-001
 3.1983513e-001
 3.1988570e-001
 3.1984356e-001
 3.1973934e-001
 3.1961545e-001
 3.1950739e-001
 3.1942233e-001
 3.1936145e-001
 3.1932348e-001
 3.1930473e-001
 3.1929940e-001
 3.1930268e-001
 3.1930962e-001
 3.1931508e-001
 3.1931806e-001
 3.1932980e-001
 3.1936631e-001
 3.1943914e-001
 3.1954372e-001
 3.1967196e-001
 3.1981519e-001
 3.1996164e-001
 3.2009926e-001
 3.2021916e-001
 3.2032710e-001
 3.2043231e-001
 3.2054034e-001
 3.2064161e-001
 3.2072219e-001
 3.2077304e-001
 3.2080466e-001
 3.2083142e-001
 3.2086506e-001
 3.2090482e-001
 3.2094666e-001
 3.2098848e-001
 3.2103318e-001
 3.2108474e-001
 3.2114977e-001
 3.2124048e-001
 3.2137036e-001
 3.2155111e-001
 3.2178730e-001
 3.2208067e-001
 3.2242873e-001
 3.2280865e-001
 3.2319218e-001
 3.2355517e-001
 3.2388988e-001
 3.2419103e-001
 3.2445902e-001
 3.2470843e-001
 3.2495892e-001
 3.2522556e-001
 3.2550952e-001
 3.2580757e-001
 3.2611701e-001
 3.2643515e-001
 3.2676032e-001
 3.2708967e-001
 3.2742059e-001
 3.2774982e-001
 3.2807523e-001
 3.2839447e-001
 3.2870686e-001
 3.2901111e-001
 3.2931086e-001
 3.2960910e-001
 3.2990938e-001
 3.3021134e-001
 3.3051461e-001
 3.3081931e-001
 3.3112523e-001
 3.3143374e-001
 3.3174655e-001
 3.3207029e-001
 3.3241388e-001
 3.3278307e-001
 3.3317271e-001
 3.3357638e-001
 3.3398741e-001
 3.3439875e-001
 3.3480352e-001
 3.3519703e-001
 3.3558366e-001
 3.3596864e-001
 3.3635691e-001
 3.3674479e-001
 3.3712703e-001
 3.3750075e-001
 3.3787188e-001
 3.3824775e-001
 3.3863440e-001
 3.3902633e-001
 3.3941609e-001
 3.3979726e-001
 3.4016812e-001
 3.4052795e-001
 3.4087744e-001
 3.4122014e-001
 3.4156084e-001
 3.4190288e-001
 3.4224263e-001
 3.4257498e-001
 3.4289655e-001
 3.4320799e-001
 3.4351146e-001
 3.4380922e-001
 3.4409913e-001
 3.4437877e-001
 3.4464726e-001
 3.4490862e-001
 3.4516954e-001
 3.4543446e-001
 3.4570289e-001
 3.4597382e-001
 3.4624553e-001
 3.4651649e-001
 3.4678409e-001
 3.4704787e-001
 3.4730819e-001
 3.4756759e-001
 3.4782699e-001
 3.4808576e-001
 3.4834281e-001
 3.4859750e-001
 3.4885180e-001
 3.4910852e-001
 3.4936836e-001
 3.4962952e-001
 3.4988812e-001
 3.5014120e-001
 3.5038853e-001
 3.5063136e-001
 3.5087022e-001
 3.5110617e-001
 3.5134056e-001
 3.5157415e-001
 3.5180587e-001
 3.5203514e-001
 3.5226089e-001
 3.5248384e-001
 3.5270646e-001
 3.5292989e-001
 3.5315800e-001
 3.5339445e-001
 3.5364214e-001
 3.5389945e-001
 3.5416496e-001
 3.5443586e-001
 3.5471007e-001
 3.5498536e-001
 3.5525927e-001
 3.5553020e-001
 3.5579666e-001
 3.5605782e-001
 3.5631651e-001
 3.5657704e-001
 3.5684162e-001
 3.5710815e-001
 3.5737246e-001
 3.5763234e-001
 3.5789239e-001
 3.5815921e-001
 3.5843831e-001
 3.5872838e-001
 3.5902631e-001
 3.5933045e-001
 3.5964164e-001
 3.5996246e-001
 3.6029297e-001
 3.6062741e-001
 3.6095852e-001
 3.6128157e-001
 3.6160269e-001
 3.6193088e-001
 3.6227241e-001
 3.6262205e-001
 3.6297148e-001
 3.6331344e-001
 3.6364955e-001
 3.6398137e-001
 3.6431164e-001
 3.6464119e-001
 3.6496958e-001
 3.6529788e-001
 3.6562380e-001
 3.6594534e-001
 3.6626112e-001
 3.6657068e-001
 3.6687437e-001
 3.6717221e-001
 3.6746597e-001
 3.6775571e-001
 3.6804309e-001
 3.6832708e-001
 3.6860645e-001
 3.6887997e-001
 3.6914870e-001
 3.6941519e-001
 3.6967915e-001
 3.6993745e-001
 3.7018511e-001
 3.7041923e-001
 3.7064296e-001
 3.7086076e-001
 3.7107685e-001
 3.7129647e-001
 3.7152329e-001
 3.7175995e-001
 3.7200189e-001
 3.7224162e-001
 3.7247282e-001
 3.7269515e-001
 3.7290922e-001
 3.7311551e-001
 3.7331480e-001
 3.7350774e-001
 3.7369469e-001
 3.7387416e-001
 3.7404549e-001
 3.7420666e-001
 3.7435386e-001
 3.7448433e-001
 3.7459618e-001
 3.7469819e-001
 3.7480074e-001
 3.7491050e-001
 3.7501833e-001
 3.7511262e-001
 3.7518340e-001
 3.7523377e-001
 3.7526876e-001
 3.7529317e-001
 3.7530667e-001
 3.7530804e-001
 3.7529629e-001
 3.7527421e-001
 3.7524658e-001
 3.7521589e-001
 3.7517947e-001
 3.7513417e-001
 3.7507594e-001
 3.7500510e-001
 3.7492156e-001
 3.7482545e-001
 3.7471664e-001
 3.7459496e-001
 3.7446049e-001
 3.7431213e-001
 3.7414905e-001
 3.7397102e-001
 3.7378034e-001
 3.7358019e-001
 3.7337226e-001
 3.7315539e-001
 3.7292781e-001
 3.7268800e-001
 3.7243775e-001
 3.7217951e-001
 3.7191558e-001
 3.7164751e-001
 3.7137601e-001
 3.7110221e-001
 3.7083176e-001
 3.7057027e-001
 3.7032169e-001
 3.7008402e-001
 3.6985281e-001
 3.6962509e-001
 3.6940101e-001
 3.6918199e-001
 3.6896792e-001
 3.6875305e-001
 3.6852956e-001
 3.6829165e-001
 3.6804479e-001
 3.6779663e-001
 3.6755303e-001
 3.6731571e-001
 3.6708573e-001
 3.6686182e-001
 3.6663783e-001
 3.6640561e-001
 3.6615977e-001
 3.6590672e-001
 3.6565447e-001
 3.6541012e-001
 3.6517245e-001
 3.6493757e-001
 3.6470416e-001
 3.6447126e-001
 3.6424091e-001
 3.6401322e-001
 3.6378852e-001
 3.6356756e-001
 3.6335152e-001
 3.6314744e-001
 3.6296287e-001
 3.6280438e-001
 3.6267188e-001
 3.6256289e-001
 3.6247671e-001
 3.6241764e-001
 3.6238921e-001
 3.6239606e-001
 3.6243698e-001
 3.6251032e-001
 3.6261517e-001
 3.6275122e-001
 3.6291811e-001
 3.6311337e-001
 3.6332256e-001
 3.6352792e-001
 3.6371681e-001
 3.6389300e-001
 3.6406428e-001
 3.6423650e-001
 3.6440715e-001
 3.6457029e-001
 3.6472163e-001
 3.6485970e-001
 3.6498466e-001
 3.6509880e-001
 3.6521506e-001
 3.6534861e-001
 3.6551145e-001
 3.6569604e-001
 3.6589271e-001
 3.6609372e-001
 3.6630622e-001
 3.6654168e-001
 3.6680576e-001
 3.6708528e-001
 3.6736253e-001
 3.6762556e-001
 3.6789158e-001
 3.6818308e-001
 3.6850768e-001
 3.6880621e-001
 3.6900410e-001
 3.6905301e-001
 3.6901322e-001
 3.6897141e-001
 3.6899632e-001
 3.6908817e-001
 3.6922932e-001
 3.6940438e-001
 3.6961216e-001
 3.6985457e-001
 3.7012359e-001
 3.7037730e-001
 3.7056443e-001
 3.7065855e-001
 3.7073433e-001
 3.7089095e-001
 3.7119043e-001
 3.7154290e-001
 3.7182096e-001
 3.7193155e-001
 3.7191600e-001
 3.7185097e-001
 3.7180242e-001
 3.7179983e-001
 3.7186348e-001
 3.7200058e-001
-1.2300000e+034
-1.2300000e+034
-1.2300000e+034
-1.2300000e+034
-1.2300000e+034
-1.2300000e+034
-1.2300000e+034
-1.2300000e+034
-1.2300000e+034
-1.2300000e+034
-1.2300000e+034
-1.2300000e+034
-1.2300000e+034
-1.2300000e+034
-1.2300000e+034
-1.2300000e+034
-1.2300000e+034
-1.2300000e+034
-1.2300000e+034
-1.2300000e+034
-1.2300000e+034
-1.2300000e+034
-1.2300000e+034
-1.2300000e+034
-1.2300000e+034
-1.2300000e+034
-1.2300000e+034
-1.2300000e+034
-1.2300000e+034
-1.2300000e+034
-1.2300000e+034
-1.2300000e+034
-1.2300000e+034
-1.2300000e+034
-1.2300000e+034
-1.2300000e+034
-1.2300000e+034
-1.2300000e+034
-1.2300000e+034
-1.2300000e+034
-1.2300000e+034
-1.2300000e+034
-1.2300000e+034
-1.2300000e+034
-1.2300000e+034
-1.2300000e+034
-1.2300000e+034
-1.2300000e+034
-1.2300000e+034
-1.2300000e+034
-1.2300000e+034
-1.2300000e+034
-1.2300000e+034
-1.2300000e+034
-1.2300000e+034
-1.2300000e+034
-1.2300000e+034
-1.2300000e+034
-1.2300000e+034
-1.2300000e+034
-1.2300000e+034
-1.2300000e+034
-1.2300000e+034
-1.2300000e+034
-1.2300000e+034
-1.2300000e+034
-1.2300000e+034
-1.2300000e+034
-1.2300000e+034
-1.2300000e+034
-1.2300000e+034
-1.2300000e+034
-1.2300000e+034
-1.2300000e+034
-1.2300000e+034
-1.2300000e+034
-1.2300000e+034
-1.2300000e+034
-1.2300000e+034
-1.2300000e+034
-1.2300000e+034
-1.2300000e+034
-1.2300000e+034
-1.2300000e+034
-1.2300000e+034
-1.2300000e+034
-1.2300000e+034
-1.2300000e+034
-1.2300000e+034
-1.2300000e+034
-1.2300000e+034
-1.2300000e+034
-1.2300000e+034
-1.2300000e+034
-1.2300000e+034
-1.2300000e+034
-1.2300000e+034
-1.2300000e+034
-1.2300000e+034
-1.2300000e+034
-1.2300000e+034
-1.2300000e+034
-1.2300000e+034
-1.2300000e+034
-1.2300000e+034
-1.2300000e+034
-1.2300000e+034
-1.2300000e+034
-1.2300000e+034
-1.2300000e+034
-1.2300000e+034
-1.2300000e+034
-1.2300000e+034
-1.2300000e+034
-1.2300000e+034
-1.2300000e+034
-1.2300000e+034
-1.2300000e+034
-1.2300000e+034
-1.2300000e+034
-1.2300000e+034
-1.2300000e+034
-1.2300000e+034
-1.2300000e+034
-1.2300000e+034
-1.2300000e+034
-1.2300000e+034
-1.2300000e+034
-1.2300000e+034
-1.2300000e+034
-1.2300000e+034
-1.2300000e+034
-1.2300000e+034
-1.2300000e+034
-1.2300000e+034
-1.2300000e+034
-1.2300000e+034
-1.2300000e+034
-1.2300000e+034
-1.2300000e+034
-1.2300000e+034
-1.2300000e+034
-1.2300000e+034
-1.2300000e+034
-1.2300000e+034
-1.2300000e+034
-1.2300000e+034
-1.2300000e+034
-1.2300000e+034
-1.2300000e+034
-1.2300000e+034
 2.9100072e-001
 2.9148781e-001
 2.9184499e-001
 2.9223424e-001
 2.9277405e-001
 2.9341197e-001
 2.9405275e-001
 2.9462478e-001
 2.9514858e-001
 2.9566777e-001
 2.9623005e-001
 2.9690024e-001
 2.9774752e-001
 2.9880157e-001
 2.9993606e-001
 3.0098590e-001
 3.0182931e-001
 3.0251798e-001
 3.0314720e-001
 3.0378783e-001
 3.0441198e-001
 3.0496767e-001
 3.0541849e-001
 3.0579323e-001
 3.0613700e-001
 3.0648917e-001
 3.0686876e-001
 3.0728999e-001
 3.0775911e-001
 3.0825382e-001
 3.0874324e-001
 3.0920541e-001
 3.0964947e-001
 3.1009158e-001
 3.1054452e-001
 3.1100228e-001
 3.1145403e-001
 3.1189507e-001
 3.1234068e-001
 3.1281221e-001
 3.1332150e-001
 3.1384811e-001
 3.1436229e-001
 3.1483877e-001
 3.1527096e-001
 3.1565619e-001
 3.1599775e-001
 3.1631967e-001
 3.1665087e-001
 3.1700999e-001
 3.1737334e-001
 3.1770539e-001
 3.1798437e-001
 3.1823662e-001
 3.1850055e-001
 3.1881049e-001
 3.1918105e-001
 3.1962168e-001
 3.2013574e-001
 3.2069969e-001
 3.2128328e-001
 3.2186186e-001
 3.2243070e-001
 3.2299179e-001
 3.2353869e-001
 3.2403901e-001
 3.2445270e-001
 3.2474864e-001
 3.2493055e-001
 3.2500944e-001
 3.2500088e-001
 3.2493338e-001
 3.2483849e-001
 3.2473615e-001
 3.2459986e-001
 3.2439196e-001
 3.2408690e-001
 3.2371420e-001
 3.2331619e-001
 3.2292804e-001
 3.2255173e-001
 3.2218331e-001
 3.2181501e-001
 3.2143342e-001
 3.2102171e-001
 3.2056853e-001
 3.2007927e-001
 3.1956482e-001
 3.1904688e-001
 3.1859541e-001
 3.1829146e-001
 3.1818077e-001
 3.1816843e-001
 3.1812304e-001
 3.1792605e-001
 3.1750983e-001
 3.1681854e-001
 3.1583765e-001
 3.1471333e-001
 3.1363282e-001
 3.1274515e-001
 3.1204230e-001
 3.1148025e-001
 3.1101468e-001
 3.1060970e-001
 3.1023157e-001
 3.0984965e-001
 3.0945012e-001
 3.0902109e-001
 3.0855823e-001
 3.0807757e-001
 3.0760053e-001
 3.0714712e-001
 3.0672717e-001
 3.0634797e-001
 3.0601242e-001
 3.0570230e-001
 3.0539486e-001
 3.0507389e-001
 3.0475193e-001
 3.0444726e-001
 3.0417597e-001
 3.0393738e-001
 3.0372867e-001
 3.0354473e-001
 3.0337575e-001
 3.0321118e-001
 3.0304170e-001
 3.0286434e-001
 3.0267787e-001
 3.0248263e-001
 3.0228376e-001
 3.0208784e-001
 3.0189848e-001
 3.0170882e-001
 3.0150872e-001
 3.0129194e-001
 3.0106872e-001
 3.0085343e-001
 3.0065638e-001
 3.0047536e-001
 3.0030400e-001
 3.0013746e-001
 2.9997623e-001
 2.9982278e-001
 2.9967734e-001
 2.9953516e-001
 2.9938900e-001
 2.9923573e-001
 2.9908389e-001
 2.9894540e-001
 2.9882869e-001
 2.9873145e-001
 2.9864728e-001
 2.9857138e-001
 2.9850304e-001
 2.9844344e-001
 2.9839155e-001
 2.9834384e-001
 2.9829541e-001
 2.9824272e-001
 2.9818794e-001
 2.9813504e-001
 2.9808655e-001
 2.9804140e-001
 2.9799831e-001
 2.9795521e-001
 2.9790756e-001
 2.9785067e-001
 2.9778513e-001
 2.9772767e-001
 2.9769981e-001
 2.9771683e-001
 2.9776528e-001
 2.9782614e-001
 2.9788318e-001
 2.9793489e-001
 2.9798207e-001
 2.9802811e-001
 2.9808003e-001
 2.9814681e-001
 2.9823205e-001
 2.9832107e-001
 2.9839450e-001
 2.9843894e-001
 2.9846680e-001
 2.9849637e-001
 2.9854012e-001
 2.9858515e-001
 2.9861364e-001
 2.9861072e-001
 2.9857755e-001
 2.9851854e-001
 2.9843622e-001
 2.9832104e-001
 2.9816169e-001
 2.9794982e-001
 2.9769328e-001
 2.9740328e-001
 2.9708895e-001
 2.9674548e-001
 2.9636636e-001
 2.9594579e-001
 2.9548416e-001
 2.9498342e-001
 2.9444826e-001
 2.9389301e-001
 2.9333553e-001
 2.9278928e-001
 2.9225338e-001
 2.9172322e-001
 2.9119793e-001
 2.9069519e-001
 2.9023647e-001
 2.8983846e-001
 2.8950092e-001
 2.8921828e-001
 2.8898698e-001
 2.8881153e-001
 2.8869760e-001
 2.8865078e-001
 2.8867555e-001
 2.8877398e-001
 2.8894481e-001
 2.8916633e-001
 2.8941140e-001
 2.8965846e-001
 2.8990448e-001
 2.9015183e-001
 2.9040265e-001
 2.9066002e-001
 2.9092696e-001
 2.9120281e-001
 2.9147401e-001
 2.9172236e-001
 2.9193470e-001
 2.9211482e-001
 2.9227111e-001
 2.9240733e-001
 2.9250470e-001
 2.9253930e-001
 2.9249603e-001
 2.9238963e-001
 2.9224277e-001
 2.9207516e-001
 2.9189020e-001
 2.9168844e-001
 2.9146752e-001
 2.9121706e-001
 2.9092452e-001
 2.9057994e-001
 2.9018325e-001
 2.8973728e-001
 2.8924277e-001
 2.8869280e-001
 2.8807789e-001
 2.8738990e-001
 2.8662556e-001
 2.8578120e-001
 2.8486729e-001
 2.8394377e-001
 2.8308290e-001
 2.8235263e-001
 2.8180000e-001
 2.8146815e-001
 2.8139681e-001
 2.8161186e-001
 2.8213578e-001
 2.8297809e-001
 2.8409269e-001
 2.8542015e-001
 2.8690308e-001
 2.8848657e-001
 2.9011866e-001
 2.9174790e-001
 2.9332027e-001
 2.9478306e-001
 2.9609406e-001
 2.9725370e-001
 2.9827109e-001
 2.9915574e-001
 2.9990837e-001
 3.0052695e-001
 3.0101201e-001
 3.0137369e-001
 3.0162254e-001
 3.0177122e-001
 3.0183503e-001
 3.0183077e-001
 3.0177045e-001
 3.0164984e-001
 3.0146036e-001
 3.0119607e-001
 3.0086181e-001
 3.0046430e-001
 3.0000862e-001
 2.9948992e-001
 2.9890037e-001
 2.9823995e-001
 2.9753435e-001
 2.9681736e-001
 2.9611358e-001
 2.9541901e-001
 2.9472080e-001
 2.9400763e-001
 2.9327255e-001
 2.9250827e-001
 2.9171103e-001
 2.9088184e-001
 2.9002586e-001
 2.8914967e-001
 2.8827029e-001
 2.8740868e-001
 2.8658000e-001
 2.8578129e-001
 2.8500494e-001
 2.8424191e-001
 2.8347719e-001
 2.8269547e-001
 2.8188798e-001
 2.8107285e-001
 2.8027588e-001
 2.7951899e-001
 2.7880925e-001
 2.7814981e-001
 2.7754176e-001
 2.7697751e-001
 2.7644593e-001
 2.7593780e-001
 2.7544552e-001
 2.7496147e-001
 2.7447972e-001
 2.7399841e-001
 2.7351734e-001
 2.7303624e-001
 2.7255860e-001
 2.7208766e-001
 2.7162755e-001
 2.7118397e-001
 2.7076265e-001
 2.7036652e-001
 2.6998532e-001
 2.6960656e-001
 2.6921722e-001
 2.6880407e-001
 2.6835498e-001
 2.6786438e-001
 2.6735342e-001
 2.6685101e-001
 2.6637608e-001
 2.6590943e-001
 2.6542190e-001
 2.6489520e-001
 2.6435143e-001
 2.6382318e-001
 2.6333204e-001
 2.6285672e-001
 2.6236466e-001
 2.6183200e-001
 2.6127231e-001
 2.6070651e-001
 2.6015362e-001
 2.5961944e-001
 2.5910634e-001
 2.5861570e-001
 2.5814480e-001
 2.5768939e-001
 2.5724989e-001
 2.5684395e-001
 2.5649422e-001
 2.5621772e-001
 2.5601080e-001
 2.5586554e-001
 2.5576994e-001
 2.5569895e-001
 2.5562444e-001
 2.5552723e-001
 2.5542054e-001
 2.5532714e-001
 2.5526336e-001
 2.5522068e-001
 2.5518420e-001
 2.5514060e-001
 2.5508103e-001
 2.5499755e-001
 2.5488356e-001
 2.5473985e-001
 2.5456768e-001
 2.5436994e-001
 2.5415197e-001
 2.5392053e-001
 2.5368127e-001
 2.5343856e-001
 2.5319541e-001
 2.5294897e-001
 2.5267306e-001
 2.5233439e-001
 2.5191617e-001
 2.5146747e-001
 2.5105327e-001
 2.5072107e-001
 2.5044802e-001
 2.5019419e-001
 2.4992903e-001
 2.4966246e-001
 2.4941458e-001
 2.4920243e-001
 2.4903092e-001
 2.4890195e-001
 2.4881800e-001
 2.4878375e-001
 2.4880482e-001
 2.4887787e-001
 2.4896489e-001
 2.4901918e-001
 2.4901372e-001
 2.4899903e-001
 2.4904622e-001
 2.4919827e-001
 2.4939111e-001
 2.4953350e-001
 2.4955857e-001
 2.4949896e-001
 2.4941099e-001
 2.4933994e-001
 2.4928261e-001
 2.4922332e-001
 2.4915121e-001
 2.4907051e-001
 2.4899043e-001
 2.4891613e-001
 2.4884337e-001
 2.4876367e-001
 2.4866715e-001
 2.4853292e-001
 2.4833803e-001
 2.4807405e-001
 2.4779090e-001
 2.4755375e-001
 2.4741273e-001
 2.4736039e-001
 2.4737494e-001
 2.4743533e-001
 2.4752504e-001
 2.4762820e-001
 2.4772532e-001
 2.4777859e-001
 2.4774598e-001
 2.4760155e-001
 2.4738255e-001
 2.4714211e-001
 2.4693377e-001
 2.4681264e-001
 2.4683438e-001
 2.4701905e-001
 2.4724475e-001
 2.4735391e-001
 2.4723834e-001
 2.4698415e-001
 2.4672703e-001
 2.4656388e-001
 2.4643706e-001
 2.4625120e-001
 2.4593741e-001
 2.4553449e-001
 2.4510798e-001
 2.4469930e-001
 2.4425106e-001
 2.4368125e-001
 2.4294679e-001
 2.4215679e-001
 2.4145852e-001
 2.4096201e-001
 2.4062289e-001
 2.4035928e-001
 2.4009287e-001
 2.3975752e-001
 2.3929180e-001
 2.3865326e-001
 2.3788345e-001
 2.3704337e-001
 2.3619212e-001
 2.3538211e-001
 2.3466292e-001
 2.3406202e-001
 2.3351778e-001
 2.3294573e-001
 2.3227550e-001
 2.3149039e-001
 2.3058820e-001
 2.2958291e-001
 2.2855647e-001
 2.2760798e-001
 2.2680582e-001
 2.2609341e-001
 2.2538364e-001
 2.2460550e-001
 2.2375114e-001
 2.2282910e-001
 2.2186208e-001
 2.2092944e-001
 2.2012454e-001
 2.1949589e-001
 2.1890900e-001
 2.1818370e-001
 2.1720712e-001
 2.1613239e-001
 2.1517920e-001
 2.1450463e-001
 2.1401568e-001
 2.1355681e-001
 2.1299644e-001
 2.1230376e-001
 2.1147208e-001
 2.1052268e-001
 2.0959175e-001
 2.0884266e-001
 2.0838903e-001
 2.0814472e-001
-1.2300000e+034
-1.2300000e+034
-1.2300000e+034
-1.2300000e+034
-1.2300000e+034
-1.2300000e+034
-1.2300000e+034
-1.2300000e+034
-1.2300000e+034
-1.2300000e+034
-1.2300000e+034
-1.2300000e+034
-1.2300000e+034
-1.2300000e+034
-1.2300000e+034
-1.2300000e+034
-1.2300000e+034
-1.2300000e+034
-1.2300000e+034
-1.2300000e+034
-1.2300000e+034
-1.2300000e+034
-1.2300000e+034
-1.2300000e+034
-1.2300000e+034
-1.2300000e+034
-1.2300000e+034
-1.2300000e+034
-1.2300000e+034
-1.2300000e+034
-1.2300000e+034
-1.2300000e+034
-1.2300000e+034
-1.2300000e+034
-1.2300000e+034
-1.2300000e+034
-1.2300000e+034
-1.2300000e+034
-1.2300000e+034
-1.2300000e+034
-1.2300000e+034
