 splib07a Record=20761: Vermillion_GDS779            ASDFRa AREF
 2.6327441e-002
 2.5726944e-002
 2.6601475e-002
 2.7112551e-002
 2.6651954e-002
 2.5128046e-002
 2.5316702e-002
 2.5263721e-002
 2.5056789e-002
 2.4841938e-002
 2.4565902e-002
 2.4481360e-002
 2.4774650e-002
 2.4129659e-002
 2.4227096e-002
 2.4836022e-002
 2.3547506e-002
 2.3906682e-002
 2.4614293e-002
 2.4269389e-002
 2.4482964e-002
 2.4451381e-002
 2.3996817e-002
 2.4102239e-002
 2.3830956e-002
 2.3374043e-002
 2.3144186e-002
 2.3814544e-002
 2.4348935e-002
 2.4163259e-002
 2.3317881e-002
 2.3220783e-002
 2.3702452e-002
 2.3156265e-002
 2.2747861e-002
 2.2591149e-002
 2.2919929e-002
 2.3172749e-002
 2.3215326e-002
 2.3009146e-002
 2.2645749e-002
 2.2539197e-002
 2.2560619e-002
 2.2434242e-002
 2.2188464e-002
 2.1999869e-002
 2.1968227e-002
 2.1911990e-002
 2.1994488e-002
 2.2153076e-002
 2.1929359e-002
 2.1772198e-002
 2.1736445e-002
 2.1935686e-002
 2.1643242e-002
 2.1473739e-002
 2.1544147e-002
 2.1541797e-002
 2.1195790e-002
 2.0820109e-002
 2.1171324e-002
 2.1225804e-002
 2.1196203e-002
 2.1166060e-002
 2.0843724e-002
 2.0892307e-002
 2.1203455e-002
 2.0996340e-002
 2.0844048e-002
 2.0708976e-002
 2.0554896e-002
 2.0697702e-002
 2.0738030e-002
 2.0607021e-002
 2.0640023e-002
 2.0580409e-002
 2.0474888e-002
 2.0405220e-002
 2.0309215e-002
 2.0257801e-002
 2.0292850e-002
 2.0301813e-002
 2.0304620e-002
 2.0284537e-002
 2.0115020e-002
 2.0099662e-002
 2.0107726e-002
 2.0009745e-002
 2.0005068e-002
 1.9985527e-002
 1.9931275e-002
 1.9923287e-002
 1.9900760e-002
 1.9874997e-002
 1.9872891e-002
 1.9890366e-002
 1.9872420e-002
 1.9783730e-002
 1.9818507e-002
 1.9840412e-002
 1.9848853e-002
 1.9892123e-002
 1.9805267e-002
 1.9727379e-002
 1.9810328e-002
 1.9746974e-002
 1.9683257e-002
 1.9647308e-002
 1.9610206e-002
 1.9591492e-002
 1.9577473e-002
 1.9535981e-002
 1.9643521e-002
 1.9653568e-002
 1.9420112e-002
 1.9497272e-002
 1.9535800e-002
 1.9524939e-002
 1.9501720e-002
 1.9528121e-002
 1.9541215e-002
 1.9467296e-002
 1.9398306e-002
 1.9395225e-002
 1.9468462e-002
 1.9480875e-002
 1.9444818e-002
 1.9414971e-002
 1.9524314e-002
 1.9501101e-002
 1.9458776e-002
 1.9446000e-002
 1.9502314e-002
 1.9505616e-002
 1.9471578e-002
 1.9521862e-002
 1.9551802e-002
 1.9560585e-002
 1.9539274e-002
 1.9534744e-002
 1.9572699e-002
 1.9652203e-002
 1.9589491e-002
 1.9614035e-002
 1.9679224e-002
 1.9700497e-002
 1.9710938e-002
 1.9715503e-002
 1.9715078e-002
 1.9786540e-002
 1.9856090e-002
 1.9914031e-002
 1.9922677e-002
 1.9975746e-002
 2.0044889e-002
 2.0109052e-002
 2.0087248e-002
 2.0123728e-002
 2.0236950e-002
 2.0274522e-002
 2.0327264e-002
 2.0383202e-002
 2.0418640e-002
 2.0493893e-002
 2.0565553e-002
 2.0614691e-002
 2.0673824e-002
 2.0750806e-002
 2.0843076e-002
 2.0943323e-002
 2.1042937e-002
 2.1127550e-002
 2.1178233e-002
 2.1258619e-002
 2.1358419e-002
 2.1472283e-002
 2.1505140e-002
 2.1606497e-002
 2.1735832e-002
 2.1826567e-002
 2.1975130e-002
 2.2091242e-002
 2.2133069e-002
 2.2274373e-002
 2.2414466e-002
 2.2544915e-002
 2.2641424e-002
 2.2765240e-002
 2.2903306e-002
 2.3050888e-002
 2.3216324e-002
 2.3365127e-002
 2.3496108e-002
 2.3691731e-002
 2.3870043e-002
 2.4052026e-002
 2.4286523e-002
 2.4475100e-002
 2.4683349e-002
 2.4941649e-002
 2.5137473e-002
 2.5398307e-002
 2.5704550e-002
 2.5956560e-002
 2.6240328e-002
 2.6555929e-002
 2.6917573e-002
 2.7288387e-002
 2.7685890e-002
 2.8113389e-002
 2.8574245e-002
 2.9068274e-002
 2.9597631e-002
 3.0187095e-002
 3.0803468e-002
 3.1471319e-002
 3.2214295e-002
 3.2976795e-002
 3.3810500e-002
 3.4710567e-002
 3.5673346e-002
 3.6754619e-002
 3.7911896e-002
 3.9141145e-002
 4.0503725e-002
 4.1939009e-002
 4.3449178e-002
 4.5195587e-002
 4.7003780e-002
 4.8909701e-002
 5.1028561e-002
 5.3285055e-002
 5.5735558e-002
 5.8425669e-002
 6.1406713e-002
 6.4514510e-002
 6.7716554e-002
 7.0962168e-002
 7.4235067e-002
 7.7585138e-002
 8.1162445e-002
 8.5167021e-002
 8.9339204e-002
 9.3687914e-002
 9.8345779e-002
 1.0353310e-001
 1.0913680e-001
 1.1515547e-001
 1.2140137e-001
 1.2765309e-001
 1.3366430e-001
 1.3944018e-001
 1.4542072e-001
 1.5164201e-001
 1.5817732e-001
 1.6486394e-001
 1.7156027e-001
 1.7814039e-001
 1.8451838e-001
 1.9083829e-001
 1.9711030e-001
 2.0321247e-001
 2.0927118e-001
 2.1524853e-001
 2.2107147e-001
 2.2677401e-001
 2.3236212e-001
 2.3782471e-001
 2.4304025e-001
 2.4815123e-001
 2.5315428e-001
 2.5794467e-001
 2.6245525e-001
 2.6676470e-001
 2.7087882e-001
 2.7491590e-001
 2.7872488e-001
 2.8226522e-001
 2.8546497e-001
 2.8844285e-001
 2.9123959e-001
 2.9385284e-001
 2.9630518e-001
 2.9863909e-001
 3.0086100e-001
 3.0291510e-001
 3.0488369e-001
 3.0677047e-001
 3.0855811e-001
 3.1024003e-001
 3.1185150e-001
 3.1339085e-001
 3.1486130e-001
 3.1625050e-001
 3.1755656e-001
 3.1881630e-001
 3.2001862e-001
 3.2117555e-001
 3.2228264e-001
 3.2331857e-001
 3.2431734e-001
 3.2528338e-001
 3.2617363e-001
 3.2702699e-001
 3.2784438e-001
 3.2861236e-001
 3.2936320e-001
 3.3008564e-001
 3.3076248e-001
 3.3141118e-001
 3.3202946e-001
 3.3261842e-001
 3.3320647e-001
 3.3380204e-001
 3.3438179e-001
 3.3490264e-001
 3.3540058e-001
 3.3588594e-001
 3.3636060e-001
 3.3680385e-001
 3.3725178e-001
 3.3769706e-001
 3.3810824e-001
 3.3853844e-001
 3.3895537e-001
 3.3933184e-001
 3.3972788e-001
 3.4010881e-001
 3.4047285e-001
 3.4084260e-001
 3.4121054e-001
 3.4156585e-001
 3.4188604e-001
 3.4220326e-001
 3.4250599e-001
 3.4279007e-001
 3.4309962e-001
 3.4340960e-001
 3.4371802e-001
 3.4401688e-001
 3.4432325e-001
 3.4462976e-001
 3.4493047e-001
 3.4519503e-001
 3.4544870e-001
 3.4569487e-001
 3.4594411e-001
 3.4619424e-001
 3.4644401e-001
 3.4669223e-001
 3.4693176e-001
 3.4716055e-001
 3.4737650e-001
 3.4761772e-001
 3.4782675e-001
 3.4802195e-001
 3.4826735e-001
 3.4847534e-001
 3.4868294e-001
 3.4891599e-001
 3.4910816e-001
 3.4929892e-001
 3.4949473e-001
 3.4971642e-001
 3.4992492e-001
 3.5012591e-001
 3.5032555e-001
 3.5052371e-001
 3.5071725e-001
 3.5090488e-001
 3.5107383e-001
 3.5124269e-001
 3.5141298e-001
 3.5159200e-001
 3.5176891e-001
 3.5193655e-001
 3.5208732e-001
 3.5224727e-001
 3.5240957e-001
 3.5257247e-001
 3.5272676e-001
 3.5288718e-001
 3.5304502e-001
 3.5318685e-001
 3.5335511e-001
 3.5351673e-001
 3.5366210e-001
 3.5381639e-001
 3.5395962e-001
 3.5410082e-001
 3.5427156e-001
 3.5441530e-001
 3.5455501e-001
 3.5470524e-001
 3.5484666e-001
 3.5497531e-001
 3.5509542e-001
 3.5525376e-001
 3.5538325e-001
 3.5550681e-001
 3.5565549e-001
 3.5579601e-001
 3.5593140e-001
 3.5606202e-001
 3.5617051e-001
 3.5628948e-001
 3.5641941e-001
 3.5656878e-001
 3.5670164e-001
 3.5682270e-001
 3.5693178e-001
 3.5706282e-001
 3.5717678e-001
 3.5727566e-001
 3.5741344e-001
 3.5755232e-001
 3.5768786e-001
 3.5781157e-001
 3.5794061e-001
 3.5805765e-001
 3.5815722e-001
 3.5829625e-001
 3.5842124e-001
 3.5854003e-001
 3.5867679e-001
 3.5877711e-001
 3.5887060e-001
 3.5897312e-001
 3.5906008e-001
 3.5915673e-001
 3.5926476e-001
 3.5938156e-001
 3.5949734e-001
 3.5961163e-001
 3.5972315e-001
 3.5982692e-001
 3.5993248e-001
 3.6004239e-001
 3.6014259e-001
 3.6025894e-001
 3.6038342e-001
 3.6049327e-001
 3.6060429e-001
 3.6071363e-001
 3.6081949e-001
 3.6093640e-001
 3.6104244e-001
 3.6114070e-001
 3.6127394e-001
 3.6138678e-001
 3.6148706e-001
 3.6157849e-001
 3.6165878e-001
 3.6175203e-001
 3.6186519e-001
 3.6195546e-001
 3.6205673e-001
 3.6216509e-001
 3.6227289e-001
 3.6237586e-001
 3.6247566e-001
 3.6257210e-001
 3.6266086e-001
 3.6275348e-001
 3.6285082e-001
 3.6295325e-001
 3.6303720e-001
 3.6311942e-001
 3.6322090e-001
 3.6330572e-001
 3.6339685e-001
 3.6350051e-001
 3.6360592e-001
 3.6372444e-001
 3.6384109e-001
 3.6390838e-001
 3.6399266e-001
 3.6407897e-001
 3.6415941e-001
 3.6427224e-001
 3.6436918e-001
 3.6445040e-001
 3.6454391e-001
 3.6465028e-001
 3.6475360e-001
 3.6483192e-001
 3.6491948e-001
 3.6500987e-001
 3.6510232e-001
 3.6522242e-001
 3.6530846e-001
 3.6537203e-001
 3.6543709e-001
 3.6552301e-001
 3.6560896e-001
 3.6568284e-001
 3.6575866e-001
 3.6584002e-001
 3.6592746e-001
 3.6602429e-001
 3.6613172e-001
 3.6623752e-001
 3.6632475e-001
 3.6640999e-001
 3.6649138e-001
 3.6656794e-001
 3.6662093e-001
 3.6669195e-001
 3.6677155e-001
 3.6683658e-001
 3.6691022e-001
 3.6698768e-001
 3.6706728e-001
 3.6714476e-001
 3.6721897e-001
 3.6728933e-001
 3.6735314e-001
 3.6743614e-001
 3.6751243e-001
 3.6754575e-001
 3.6763370e-001
 3.6772919e-001
 3.6782274e-001
 3.6790565e-001
 3.6798391e-001
 3.6805636e-001
 3.6811677e-001
 3.6819306e-001
 3.6826301e-001
 3.6831313e-001
 3.6839724e-001
 3.6847770e-001
 3.6855200e-001
 3.6861858e-001
 3.6869156e-001
 3.6875728e-001
 3.6879611e-001
 3.6887825e-001
 3.6895761e-001
 3.6902392e-001
 3.6908039e-001
 3.6913767e-001
 3.6919886e-001
 3.6927465e-001
 3.6936978e-001
 3.6945778e-001
 3.6952287e-001
 3.6961794e-001
 3.6969367e-001
 3.6974925e-001
 3.6979663e-001
 3.6984226e-001
 3.6988890e-001
 3.6993954e-001
 3.7003699e-001
 3.7013298e-001
 3.7021798e-001
 3.7032023e-001
 3.7037832e-001
 3.7040931e-001
 3.7044665e-001
 3.7051177e-001
 3.7058231e-001
 3.7064821e-001
 3.7072459e-001
 3.7080267e-001
 3.7088114e-001
 3.7095499e-001
 3.7101421e-001
 3.7106970e-001
 3.7113139e-001
 3.7120724e-001
 3.7126100e-001
 3.7128621e-001
 3.7136409e-001
 3.7145886e-001
 3.7155697e-001
 3.7162426e-001
 3.7166896e-001
 3.7172112e-001
 3.7179720e-001
 3.7184501e-001
 3.7189358e-001
 3.7194702e-001
 3.7202045e-001
 3.7208629e-001
 3.7215996e-001
 3.7226120e-001
 3.7230000e-001
 3.7234774e-001
 3.7241700e-001
 3.7245265e-001
 3.7251312e-001
 3.7258291e-001
 3.7262648e-001
 3.7270159e-001
 3.7276992e-001
 3.7281102e-001
 3.7286702e-001
 3.7291047e-001
 3.7294447e-001
 3.7299362e-001
 3.7308922e-001
 3.7319076e-001
 3.7325606e-001
 3.7327805e-001
 3.7332752e-001
 3.7341711e-001
 3.7348083e-001
 3.7354633e-001
 3.7361145e-001
 3.7367040e-001
 3.7370136e-001
 3.7373352e-001
 3.7378210e-001
 3.7383217e-001
 3.7388018e-001
 3.7393045e-001
 3.7401026e-001
 3.7408382e-001
 3.7414423e-001
 3.7417752e-001
 3.7426519e-001
 3.7432021e-001
 3.7432900e-001
 3.7441909e-001
 3.7447539e-001
 3.7451071e-001
 3.7454155e-001
 3.7460923e-001
 3.7469068e-001
 3.7477791e-001
 3.7478441e-001
 3.7482870e-001
 3.7490568e-001
 3.7496707e-001
 3.7500623e-001
 3.7504268e-001
 3.7509421e-001
 3.7511668e-001
 3.7515923e-001
 3.7523115e-001
 3.7530190e-001
 3.7537584e-001
 3.7544671e-001
 3.7549701e-001
 3.7559563e-001
 3.7566805e-001
 3.7567422e-001
 3.7581190e-001
 3.7594992e-001
 3.7607229e-001
 3.7601924e-001
 3.7588024e-001
 3.7590948e-001
 3.7608799e-001
 3.7625530e-001
 3.7632445e-001
 3.7632439e-001
 3.7639219e-001
 3.7656474e-001
 3.7666690e-001
 3.7668040e-001
 3.7670609e-001
 3.7667650e-001
 3.7668732e-001
 3.7686563e-001
 3.7701291e-001
 3.7703761e-001
 3.7704784e-001
 3.7711582e-001
 3.7718126e-001
 3.7716910e-001
 3.7715361e-001
 3.7722579e-001
 3.7735412e-001
 3.7744689e-001
 3.7749463e-001
 3.7753776e-001
 3.7760758e-001
 3.7769324e-001
 3.7771258e-001
 3.7769064e-001
 3.7774366e-001
 3.7787706e-001
 3.7795320e-001
 3.7793213e-001
 3.7791100e-001
 3.7792185e-001
 3.7796402e-001
 3.7800151e-001
 3.7808433e-001
 3.7826085e-001
 3.7837678e-001
 3.7834927e-001
 3.7833324e-001
 3.7844348e-001
 3.7857854e-001
 3.7863755e-001
 3.7867194e-001
 3.7873113e-001
 3.7876758e-001
 3.7886932e-001
 3.7900323e-001
 3.7906674e-001
 3.7909466e-001
 3.7913743e-001
 3.7921667e-001
 3.7927586e-001
 3.7932226e-001
 3.7939131e-001
 3.7946299e-001
 3.7951529e-001
 3.7952483e-001
 3.7954789e-001
 3.7963718e-001
 3.7972936e-001
 3.7980226e-001
 3.7987509e-001
 3.7993428e-001
 3.7997514e-001
 3.8005140e-001
 3.8015661e-001
 3.8018534e-001
 3.8017058e-001
 3.8020420e-001
 3.8028550e-001
 3.8038012e-001
 3.8046739e-001
 3.8054889e-001
 3.8063592e-001
 3.8068688e-001
 3.8068417e-001
 3.8070330e-001
 3.8077760e-001
 3.8085321e-001
 3.8092700e-001
 3.8099632e-001
 3.8103774e-001
 3.8107359e-001
 3.8113776e-001
 3.8120210e-001
 3.8125083e-001
 3.8131237e-001
 3.8139418e-001
 3.8148233e-001
 3.8158190e-001
 3.8169861e-001
 3.8179782e-001
 3.8186350e-001
 3.8194370e-001
 3.8203356e-001
 3.8210750e-001
 3.8216299e-001
 3.8222009e-001
 3.8225129e-001
 3.8228169e-001
 3.8234663e-001
 3.8241693e-001
 3.8253325e-001
 3.8265428e-001
 3.8274163e-001
 3.8281864e-001
 3.8289946e-001
 3.8297382e-001
 3.8304970e-001
 3.8313353e-001
 3.8325140e-001
 3.8339537e-001
 3.8349152e-001
 3.8353312e-001
 3.8360456e-001
 3.8372475e-001
 3.8382751e-001
 3.8388252e-001
 3.8394856e-001
 3.8405484e-001
 3.8415417e-001
 3.8425383e-001
 3.8435230e-001
 3.8438419e-001
 3.8440967e-001
 3.8448912e-001
 3.8457608e-001
 3.8467550e-001
 3.8477901e-001
 3.8486397e-001
 3.8493627e-001
 3.8501367e-001
 3.8509610e-001
 3.8516992e-001
 3.8523626e-001
 3.8531747e-001
 3.8542184e-001
 3.8551399e-001
 3.8557687e-001
 3.8564914e-001
 3.8576213e-001
 3.8587102e-001
 3.8597348e-001
 3.8607422e-001
 3.8611954e-001
 3.8616347e-001
 3.8621059e-001
 3.8625640e-001
 3.8634312e-001
 3.8643751e-001
 3.8649076e-001
 3.8652918e-001
 3.8659471e-001
 3.8667411e-001
 3.8674271e-001
 3.8680592e-001
 3.8687038e-001
 3.8693321e-001
 3.8699904e-001
 3.8707143e-001
 3.8714015e-001
 3.8720682e-001
 3.8727799e-001
 3.8737184e-001
 3.8746545e-001
 3.8754797e-001
 3.8763008e-001
 3.8769180e-001
 3.8775241e-001
 3.8781810e-001
 3.8788554e-001
 3.8799122e-001
 3.8810605e-001
 3.8820690e-001
 3.8830119e-001
 3.8837665e-001
 3.8844255e-001
 3.8853422e-001
 3.8864660e-001
 3.8873181e-001
 3.8879031e-001
 3.8885123e-001
 3.8891372e-001
 3.8896874e-001
 3.8900289e-001
 3.8905784e-001
 3.8919622e-001
 3.8932696e-001
 3.8937432e-001
 3.8942096e-001
 3.8951817e-001
 3.8961917e-001
 3.8969928e-001
 3.8977355e-001
 3.8984579e-001
 3.8991967e-001
 3.8999745e-001
 3.9007795e-001
 3.9017522e-001
 3.9027980e-001
 3.9035088e-001
 3.9040598e-001
 3.9049953e-001
 3.9062577e-001
 3.9074153e-001
 3.9084536e-001
 3.9094338e-001
 3.9102307e-001
 3.9110780e-001
 3.9120889e-001
 3.9131701e-001
 3.9145213e-001
 3.9158377e-001
 3.9166608e-001
 3.9174619e-001
 3.9184338e-001
 3.9194569e-001
 3.9205012e-001
 3.9214817e-001
 3.9224687e-001
 3.9235687e-001
 3.9249000e-001
 3.9262196e-001
 3.9272338e-001
 3.9281732e-001
 3.9291549e-001
 3.9300588e-001
 3.9310473e-001
 3.9322329e-001
 3.9334452e-001
 3.9345610e-001
 3.9356098e-001
 3.9365667e-001
 3.9375401e-001
 3.9386037e-001
 3.9395744e-001
 3.9404795e-001
 3.9414167e-001
 3.9423445e-001
 3.9432582e-001
 3.9441416e-001
 3.9450285e-001
 3.9459807e-001
 3.9469564e-001
 3.9481315e-001
 3.9492968e-001
 3.9503127e-001
 3.9513183e-001
 3.9523613e-001
 3.9533857e-001
 3.9543802e-001
 3.9553934e-001
 3.9562887e-001
 3.9571321e-001
 3.9581615e-001
 3.9592344e-001
 3.9602679e-001
 3.9614245e-001
 3.9625686e-001
 3.9634964e-001
 3.9645433e-001
 3.9659020e-001
 3.9671078e-001
 3.9680690e-001
 3.9689472e-001
 3.9697477e-001
 3.9706028e-001
 3.9712584e-001
 3.9719343e-001
 3.9730927e-001
 3.9742711e-001
 3.9751184e-001
 3.9758968e-001
 3.9768180e-001
 3.9778167e-001
 3.9788449e-001
 3.9797989e-001
 3.9808407e-001
 3.9820087e-001
 3.9830488e-001
 3.9839229e-001
 3.9848819e-001
 3.9860630e-001
 3.9871261e-001
 3.9879358e-001
 3.9890304e-001
 3.9903277e-001
 3.9913687e-001
 3.9923388e-001
 3.9935777e-001
 3.9950868e-001
 3.9964604e-001
 3.9974794e-001
 3.9984959e-001
 3.9995262e-001
 4.0005261e-001
 4.0014911e-001
 4.0024388e-001
 4.0034840e-001
 4.0045944e-001
 4.0057093e-001
 4.0067783e-001
 4.0077299e-001
 4.0086147e-001
 4.0094024e-001
 4.0102619e-001
 4.0114388e-001
 4.0126175e-001
 4.0134305e-001
 4.0140548e-001
 4.0149722e-001
 4.0161178e-001
 4.0171984e-001
 4.0183255e-001
 4.0194580e-001
 4.0203989e-001
 4.0212530e-001
 4.0222597e-001
 4.0232861e-001
 4.0242749e-001
 4.0254676e-001
 4.0267378e-001
 4.0279269e-001
 4.0290871e-001
 4.0301475e-001
 4.0311295e-001
 4.0321827e-001
 4.0334412e-001
 4.0347239e-001
 4.0359762e-001
 4.0371510e-001
 4.0381923e-001
 4.0392593e-001
 4.0403873e-001
 4.0415421e-001
 4.0429607e-001
 4.0444171e-001
 4.0456536e-001
 4.0468767e-001
 4.0481171e-001
 4.0493253e-001
 4.0507543e-001
 4.0521926e-001
 4.0536305e-001
 4.0550879e-001
 4.0564534e-001
 4.0578997e-001
 4.0593112e-001
 4.0607244e-001
 4.0621901e-001
 4.0636015e-001
 4.0650877e-001
 4.0666753e-001
 4.0680903e-001
 4.0692809e-001
 4.0706486e-001
 4.0721247e-001
 4.0734255e-001
 4.0745902e-001
 4.0757906e-001
 4.0770152e-001
 4.0781164e-001
 4.0791407e-001
 4.0803370e-001
 4.0817210e-001
 4.0830842e-001
 4.0844437e-001
 4.0858006e-001
 4.0871945e-001
 4.0885758e-001
 4.0897593e-001
 4.0909183e-001
 4.0922660e-001
 4.0937117e-001
 4.0952852e-001
 4.0968224e-001
 4.0982142e-001
 4.0996012e-001
 4.1009241e-001
 4.1021842e-001
 4.1034347e-001
 4.1047493e-001
 4.1058776e-001
 4.1068339e-001
 4.1083208e-001
 4.1099629e-001
 4.1111290e-001
 4.1122374e-001
 4.1135252e-001
 4.1148782e-001
 4.1161838e-001
 4.1173363e-001
 4.1185147e-001
 4.1199461e-001
 4.1213274e-001
 4.1225386e-001
 4.1237220e-001
 4.1248217e-001
 4.1259292e-001
 4.1270855e-001
 4.1283721e-001
 4.1296881e-001
 4.1309291e-001
 4.1323403e-001
 4.1337943e-001
 4.1352955e-001
 4.1368663e-001
 4.1383925e-001
 4.1397929e-001
 4.1411588e-001
 4.1425988e-001
 4.1439709e-001
 4.1452765e-001
 4.1466722e-001
 4.1480720e-001
 4.1494727e-001
 4.1510412e-001
 4.1529778e-001
 4.1548625e-001
 4.1564220e-001
 4.1579050e-001
 4.1595140e-001
 4.1611964e-001
 4.1628546e-001
 4.1645098e-001
 4.1663975e-001
 4.1683161e-001
 4.1699615e-001
 4.1715178e-001
 4.1731209e-001
 4.1747230e-001
 4.1761959e-001
 4.1776446e-001
 4.1792047e-001
 4.1808045e-001
 4.1823673e-001
 4.1838428e-001
 4.1855717e-001
 4.1874608e-001
 4.1890335e-001
 4.1904923e-001
 4.1922316e-001
 4.1940740e-001
 4.1959372e-001
 4.1977373e-001
 4.1993296e-001
 4.2009574e-001
 4.2026514e-001
 4.2040798e-001
 4.2055291e-001
 4.2072764e-001
 4.2089510e-001
 4.2104426e-001
 4.2119771e-001
 4.2135727e-001
 4.2151427e-001
 4.2166781e-001
 4.2182449e-001
 4.2201325e-001
 4.2220145e-001
 4.2235968e-001
 4.2251730e-001
 4.2267781e-001
 4.2283675e-001
 4.2299306e-001
 4.2314631e-001
 4.2331052e-001
 4.2347881e-001
 4.2362148e-001
 4.2375776e-001
 4.2391142e-001
 4.2406622e-001
 4.2420989e-001
 4.2435911e-001
 4.2452788e-001
 4.2469519e-001
 4.2485949e-001
 4.2503026e-001
 4.2519778e-001
 4.2535692e-001
 4.2551371e-001
 4.2567688e-001
 4.2585856e-001
 4.2603925e-001
 4.2619926e-001
 4.2635992e-001
 4.2653167e-001
 4.2670736e-001
 4.2688689e-001
 4.2705700e-001
 4.2721647e-001
 4.2737886e-001
 4.2754304e-001
 4.2771098e-001
 4.2788234e-001
 4.2804560e-001
 4.2819786e-001
 4.2835546e-001
 4.2854723e-001
 4.2874572e-001
 4.2891502e-001
 4.2907786e-001
 4.2926472e-001
 4.2945880e-001
 4.2965809e-001
 4.2985135e-001
 4.3004018e-001
 4.3024018e-001
 4.3044695e-001
 4.3064788e-001
 4.3085229e-001
 4.3106318e-001
 4.3127117e-001
 4.3146980e-001
 4.3165183e-001
 4.3183559e-001
 4.3203485e-001
 4.3223885e-001
 4.3244100e-001
 4.3264347e-001
 4.3283865e-001
 4.3303260e-001
 4.3324387e-001
 4.3345162e-001
 4.3363893e-001
 4.3382302e-001
 4.3402049e-001
 4.3422139e-001
 4.3441015e-001
 4.3459138e-001
 4.3479303e-001
 4.3501249e-001
 4.3521178e-001
 4.3539569e-001
 4.3559715e-001
 4.3580461e-001
 4.3600819e-001
 4.3621463e-001
 4.3643242e-001
 4.3665963e-001
 4.3687364e-001
 4.3706766e-001
 4.3728054e-001
 4.3751761e-001
 4.3773091e-001
 4.3791893e-001
 4.3812215e-001
 4.3834218e-001
 4.3853348e-001
 4.3869874e-001
 4.3889302e-001
 4.3910947e-001
 4.3931767e-001
 4.3952096e-001
 4.3973160e-001
 4.3995067e-001
 4.4015655e-001
 4.4034725e-001
 4.4054589e-001
 4.4074589e-001
 4.4093469e-001
 4.4111732e-001
 4.4131020e-001
 4.4152161e-001
 4.4170952e-001
 4.4187361e-001
 4.4204551e-001
 4.4222301e-001
 4.4241267e-001
 4.4260961e-001
 4.4281861e-001
 4.4303808e-001
 4.4324359e-001
 4.4344032e-001
 4.4365028e-001
 4.4386575e-001
 4.4406053e-001
 4.4424736e-001
 4.4447082e-001
 4.4471842e-001
 4.4492275e-001
 4.4509253e-001
 4.4528043e-001
 4.4548208e-001
 4.4567123e-001
 4.4585529e-001
 4.4607833e-001
 4.4632232e-001
 4.4654426e-001
 4.4675958e-001
 4.4699860e-001
 4.4723794e-001
 4.4745129e-001
 4.4765830e-001
 4.4788316e-001
 4.4811776e-001
 4.4832423e-001
 4.4851869e-001
 4.4873288e-001
 4.4895089e-001
 4.4913045e-001
 4.4929874e-001
 4.4948977e-001
 4.4968536e-001
 4.4988966e-001
 4.5010069e-001
 4.5030347e-001
 4.5050284e-001
 4.5070553e-001
 4.5090804e-001
 4.5112833e-001
 4.5135596e-001
 4.5156229e-001
 4.5176333e-001
 4.5199117e-001
 4.5222795e-001
 4.5243278e-001
 4.5262632e-001
 4.5285583e-001
 4.5308980e-001
 4.5327678e-001
 4.5346448e-001
 4.5371538e-001
 4.5396775e-001
 4.5417035e-001
 4.5437244e-001
 4.5460701e-001
 4.5484456e-001
 4.5505986e-001
 4.5527303e-001
 4.5551950e-001
 4.5576525e-001
 4.5597190e-001
 4.5617929e-001
 4.5640150e-001
 4.5662060e-001
 4.5683628e-001
 4.5705903e-001
 4.5729899e-001
 4.5753175e-001
 4.5775893e-001
 4.5799339e-001
 4.5822841e-001
 4.5846015e-001
 4.5869324e-001
 4.5893046e-001
 4.5918417e-001
 4.5942834e-001
 4.5962748e-001
 4.5983452e-001
 4.6008167e-001
 4.6031755e-001
 4.6050781e-001
 4.6070248e-001
 4.6091232e-001
 4.6112421e-001
 4.6133673e-001
 4.6155679e-001
 4.6178472e-001
 4.6199745e-001
 4.6219540e-001
 4.6239564e-001
 4.6259636e-001
 4.6279517e-001
 4.6299180e-001
 4.6320376e-001
 4.6343285e-001
 4.6364468e-001
 4.6383974e-001
 4.6403965e-001
 4.6424013e-001
 4.6443030e-001
 4.6461472e-001
 4.6482533e-001
 4.6505347e-001
 4.6524259e-001
 4.6541426e-001
 4.6562588e-001
 4.6585163e-001
 4.6605721e-001
 4.6625736e-001
 4.6646053e-001
 4.6666569e-001
 4.6688709e-001
 4.6711200e-001
 4.6731502e-001
 4.6751735e-001
 4.6772212e-001
 4.6792710e-001
 4.6815988e-001
 4.6839410e-001
 4.6859348e-001
 4.6879509e-001
 4.6904001e-001
 4.6928257e-001
 4.6948788e-001
 4.6969968e-001
 4.6994174e-001
 4.7017100e-001
 4.7034615e-001
 4.7053242e-001
 4.7074899e-001
 4.7095659e-001
 4.7114098e-001
 4.7133446e-001
 4.7154230e-001
 4.7173712e-001
 4.7191301e-001
 4.7210735e-001
 4.7232643e-001
 4.7251630e-001
 4.7267672e-001
 4.7285601e-001
 4.7305039e-001
 4.7322509e-001
 4.7338626e-001
 4.7357866e-001
 4.7378847e-001
 4.7396576e-001
 4.7413185e-001
 4.7431970e-001
 4.7451347e-001
 4.7469145e-001
 4.7486717e-001
 4.7505081e-001
 4.7523761e-001
 4.7539318e-001
 4.7554886e-001
 4.7571287e-001
 4.7587892e-001
 4.7604710e-001
 4.7621542e-001
 4.7638214e-001
 4.7654921e-001
 4.7670040e-001
 4.7686297e-001
 4.7705546e-001
 4.7723719e-001
 4.7739908e-001
 4.7756734e-001
 4.7774369e-001
 4.7791415e-001
 4.7808167e-001
 4.7828332e-001
 4.7851351e-001
 4.7869280e-001
 4.7883624e-001
 4.7901860e-001
 4.7921503e-001
 4.7941104e-001
 4.7961524e-001
 4.7980154e-001
 4.7998327e-001
 4.8015067e-001
 4.8030871e-001
 4.8050815e-001
 4.8071522e-001
 4.8089308e-001
 4.8107779e-001
 4.8132899e-001
 4.8157692e-001
 4.8178360e-001
 4.8199964e-001
 4.8222405e-001
 4.8244345e-001
 4.8266825e-001
 4.8289424e-001
 4.8312029e-001
 4.8334917e-001
 4.8357841e-001
 4.8380274e-001
 4.8402888e-001
 4.8423791e-001
 4.8442557e-001
 4.8465520e-001
 4.8491204e-001
 4.8514631e-001
 4.8537624e-001
 4.8562235e-001
 4.8586684e-001
 4.8603025e-001
 4.8618042e-001
 4.8638490e-001
 4.8660484e-001
 4.8682916e-001
 4.8704442e-001
 4.8722830e-001
 4.8740977e-001
 4.8762059e-001
 4.8783192e-001
 4.8801723e-001
 4.8824853e-001
 4.8847112e-001
 4.8867497e-001
 4.8886997e-001
 4.8906177e-001
 4.8923954e-001
 4.8939949e-001
 4.8957503e-001
 4.8975959e-001
 4.8993579e-001
 4.9010831e-001
 4.9030536e-001
 4.9049905e-001
 4.9070570e-001
 4.9091035e-001
 4.9112827e-001
 4.9134684e-001
 4.9154824e-001
 4.9174130e-001
 4.9194205e-001
 4.9215969e-001
 4.9237305e-001
 4.9255264e-001
 4.9273226e-001
 4.9291676e-001
 4.9309951e-001
 4.9328792e-001
 4.9347880e-001
 4.9367988e-001
 4.9392942e-001
 4.9417353e-001
 4.9433109e-001
 4.9448580e-001
 4.9468002e-001
 4.9488148e-001
 4.9505723e-001
 4.9521509e-001
 4.9538186e-001
 4.9556831e-001
 4.9575299e-001
 4.9592903e-001
 4.9610418e-001
 4.9632525e-001
 4.9654844e-001
 4.9671382e-001
 4.9685487e-001
 4.9701864e-001
 4.9720624e-001
 4.9737784e-001
 4.9751231e-001
 4.9765033e-001
 4.9784917e-001
 4.9804690e-001
 4.9820611e-001
 4.9835953e-001
 4.9852520e-001
 4.9869776e-001
 4.9886993e-001
 4.9903908e-001
 4.9920908e-001
 4.9938372e-001
 4.9955779e-001
 4.9974790e-001
 4.9993846e-001
 5.0014734e-001
 5.0036317e-001
 5.0056344e-001
 5.0075191e-001
 5.0095981e-001
 5.0118977e-001
 5.0139922e-001
 5.0152200e-001
 5.0164449e-001
 5.0174850e-001
 5.0185221e-001
 5.0194991e-001
 5.0204444e-001
 5.0214827e-001
 5.0225461e-001
 5.0236595e-001
 5.0248587e-001
 5.0259495e-001
 5.0266087e-001
 5.0272721e-001
 5.0279915e-001
 5.0287080e-001
 5.0295740e-001
 5.0305367e-001
 5.0314003e-001
 5.0320959e-001
 5.0327802e-001
 5.0334752e-001
 5.0341308e-001
 5.0343615e-001
 5.0345767e-001
 5.0346756e-001
 5.0347841e-001
 5.0347543e-001
 5.0346160e-001
 5.0341868e-001
 5.0335318e-001
 5.0329125e-001
 5.0324321e-001
 5.0319046e-001
 5.0310385e-001
 5.0301635e-001
 5.0291848e-001
 5.0282031e-001
 5.0271863e-001
 5.0260967e-001
 5.0250012e-001
 5.0239491e-001
 5.0228059e-001
 5.0215334e-001
 5.0203407e-001
 5.0192845e-001
 5.0182217e-001
 5.0175023e-001
 5.0168657e-001
 5.0163281e-001
 5.0157613e-001
 5.0151306e-001
 5.0144458e-001
 5.0139624e-001
 5.0137466e-001
 5.0135839e-001
 5.0133967e-001
 5.0131953e-001
 5.0132847e-001
 5.0134516e-001
 5.0139230e-001
 5.0145489e-001
 5.0151414e-001
 5.0155890e-001
 5.0162178e-001
 5.0170791e-001
 5.0178331e-001
 5.0183702e-001
 5.0189614e-001
 5.0199497e-001
 5.0208849e-001
 5.0217360e-001
 5.0225627e-001
 5.0236773e-001
 5.0248241e-001
 5.0258416e-001
 5.0267279e-001
 5.0277448e-001
 5.0289881e-001
 5.0303710e-001
 5.0317454e-001
 5.0330865e-001
 5.0346392e-001
 5.0362569e-001
 5.0377285e-001
 5.0390643e-001
 5.0402611e-001
 5.0412959e-001
 5.0421810e-001
 5.0429535e-001
 5.0437182e-001
 5.0445247e-001
 5.0453526e-001
 5.0461185e-001
 5.0468522e-001
 5.0478321e-001
 5.0488108e-001
 5.0497681e-001
 5.0508010e-001
 5.0520235e-001
 5.0534588e-001
 5.0548732e-001
 5.0560057e-001
 5.0572258e-001
 5.0586516e-001
 5.0599271e-001
 5.0608492e-001
 5.0618279e-001
 5.0631487e-001
 5.0644433e-001
 5.0650412e-001
 5.0654852e-001
 5.0663644e-001
 5.0676656e-001
 5.0690144e-001
 5.0700283e-001
 5.0710881e-001
 5.0725573e-001
 5.0738364e-001
 5.0746113e-001
 5.0754476e-001
 5.0768489e-001
 5.0784230e-001
 5.0798100e-001
 5.0808918e-001
 5.0817895e-001
 5.0827926e-001
 5.0838643e-001
 5.0849301e-001
 5.0862032e-001
 5.0876582e-001
 5.0888336e-001
 5.0896221e-001
 5.0905550e-001
 5.0920266e-001
 5.0937188e-001
 5.0952929e-001
 5.0967002e-001
 5.0983334e-001
 5.1000422e-001
 5.1012570e-001
 5.1020175e-001
 5.1029956e-001
 5.1042813e-001
 5.1056105e-001
 5.1069868e-001
 5.1083243e-001
 5.1095480e-001
 5.1106024e-001
 5.1108837e-001
 5.1109189e-001
 5.1110810e-001
 5.1114810e-001
 5.1118648e-001
 5.1123196e-001
 5.1130223e-001
 5.1138437e-001
 5.1142764e-001
 5.1141906e-001
 5.1140952e-001
 5.1140153e-001
 5.1139361e-001
 5.1137656e-001
 5.1135385e-001
 5.1135308e-001
 5.1136583e-001
 5.1136255e-001
 5.1137698e-001
 5.1143438e-001
 5.1152110e-001
 5.1159382e-001
 5.1161772e-001
 5.1163405e-001
 5.1167595e-001
 5.1173067e-001
 5.1183724e-001
 5.1198536e-001
 5.1216638e-001
 5.1234913e-001
 5.1250917e-001
 5.1266003e-001
 5.1284599e-001
 5.1302922e-001
 5.1320380e-001
 5.1340067e-001
 5.1363647e-001
 5.1388115e-001
 5.1408440e-001
 5.1423794e-001
 5.1438361e-001
 5.1454788e-001
 5.1472872e-001
 5.1489198e-001
 5.1504552e-001
 5.1521897e-001
 5.1540953e-001
 5.1560307e-001
 5.1578093e-001
 5.1593482e-001
 5.1608431e-001
 5.1623732e-001
 5.1638192e-001
 5.1653028e-001
 5.1671177e-001
 5.1690781e-001
 5.1707917e-001
 5.1724595e-001
 5.1742452e-001
 5.1759684e-001
 5.1773381e-001
 5.1785755e-001
 5.1798290e-001
 5.1811373e-001
 5.1823020e-001
 5.1834279e-001
 5.1845825e-001
 5.1855808e-001
 5.1864833e-001
 5.1873696e-001
 5.1882023e-001
 5.1888829e-001
 5.1893926e-001
 5.1897198e-001
 5.1902348e-001
 5.1911420e-001
 5.1920742e-001
 5.1926446e-001
 5.1930618e-001
 5.1934445e-001
 5.1937997e-001
 5.1942402e-001
 5.1949322e-001
 5.1952684e-001
 5.1953268e-001
 5.1955265e-001
 5.1957464e-001
 5.1961303e-001
 5.1966316e-001
 5.1969272e-001
 5.1969087e-001
 5.1967740e-001
 5.1966071e-001
 5.1964825e-001
 5.1964873e-001
 5.1966786e-001
 5.1970100e-001
 5.1972920e-001
 5.1970619e-001
 5.1966524e-001
 5.1965648e-001
 5.1966012e-001
 5.1965910e-001
 5.1959664e-001
 5.1949579e-001
 5.1937544e-001
 5.1923925e-001
 5.1910061e-001
 5.1899207e-001
 5.1891840e-001
 5.1885456e-001
 5.1876372e-001
 5.1865405e-001
 5.1850677e-001
 5.1835257e-001
 5.1819474e-001
 5.1805991e-001
 5.1793998e-001
 5.1782680e-001
 5.1773328e-001
 5.1763731e-001
 5.1749778e-001
 5.1733190e-001
 5.1716805e-001
 5.1703137e-001
 5.1693481e-001
 5.1683509e-001
 5.1672333e-001
 5.1659310e-001
 5.1646048e-001
 5.1633728e-001
 5.1623625e-001
 5.1612276e-001
 5.1599383e-001
 5.1583838e-001
 5.1567870e-001
 5.1552546e-001
 5.1538265e-001
 5.1520127e-001
 5.1503563e-001
 5.1488602e-001
 5.1473612e-001
 5.1459974e-001
 5.1446724e-001
 5.1436710e-001
 5.1433140e-001
 5.1426643e-001
 5.1411742e-001
 5.1399457e-001
 5.1393270e-001
 5.1386595e-001
 5.1380450e-001
 5.1375902e-001
 5.1372015e-001
 5.1367116e-001
 5.1361227e-001
 5.1353681e-001
 5.1349926e-001
 5.1348078e-001
 5.1343983e-001
 5.1339900e-001
 5.1341176e-001
 5.1346171e-001
 5.1350707e-001
 5.1351124e-001
 5.1353192e-001
 5.1356840e-001
 5.1359159e-001
 5.1362878e-001
 5.1367790e-001
 5.1375186e-001
 5.1384979e-001
 5.1396090e-001
 5.1404798e-001
 5.1415628e-001
 5.1428193e-001
 5.1441181e-001
 5.1453352e-001
 5.1467085e-001
 5.1480150e-001
 5.1491058e-001
 5.1500785e-001
 5.1512593e-001
 5.1526392e-001
 5.1538831e-001
 5.1550817e-001
 5.1560605e-001
 5.1567316e-001
 5.1570660e-001
 5.1569676e-001
 5.1571757e-001
 5.1578605e-001
 5.1584196e-001
 5.1589072e-001
 5.1594317e-001
 5.1598674e-001
 5.1597697e-001
 5.1595312e-001
 5.1591671e-001
 5.1585954e-001
 5.1582217e-001
 5.1583785e-001
 5.1585889e-001
 5.1586241e-001
 5.1586390e-001
 5.1586783e-001
 5.1587468e-001
 5.1590133e-001
 5.1593715e-001
 5.1598501e-001
 5.1603746e-001
 5.1605183e-001
 5.1605797e-001
 5.1606899e-001
 5.1605594e-001
 5.1600307e-001
 5.1594079e-001
 5.1588327e-001
 5.1585704e-001
 5.1585698e-001
 5.1582599e-001
 5.1575327e-001
 5.1566899e-001
 5.1560754e-001
 5.1555985e-001
 5.1548696e-001
 5.1534766e-001
 5.1521057e-001
 5.1509398e-001
 5.1495868e-001
 5.1478267e-001
 5.1461625e-001
 5.1445264e-001
 5.1426142e-001
 5.1404655e-001
 5.1384354e-001
 5.1364380e-001
 5.1343113e-001
 5.1324618e-001
 5.1306802e-001
 5.1287931e-001
 5.1268816e-001
 5.1250154e-001
 5.1227862e-001
 5.1209110e-001
 5.1196080e-001
 5.1180559e-001
 5.1166236e-001
 5.1154965e-001
 5.1141226e-001
 5.1128286e-001
 5.1117086e-001
 5.1109242e-001
 5.1101917e-001
 5.1090723e-001
 5.1078224e-001
 5.1065171e-001
 5.1053262e-001
 5.1049113e-001
 5.1055753e-001
 5.1058513e-001
 5.1057941e-001
 5.1057637e-001
 5.1052952e-001
 5.1047897e-001
 5.1047510e-001
 5.1046836e-001
 5.1043439e-001
 5.1038408e-001
 5.1034081e-001
 5.1030481e-001
 5.1028746e-001
 5.1027435e-001
 5.1026791e-001
 5.1027495e-001
 5.1028371e-001
 5.1028365e-001
 5.1027691e-001
 5.1028574e-001
 5.1031119e-001
 5.1034606e-001
 5.1038611e-001
 5.1043326e-001
 5.1054114e-001
 5.1063919e-001
 5.1061469e-001
 5.1059753e-001
 5.1069528e-001
 5.1081246e-001
 5.1086754e-001
 5.1091474e-001
 5.1098287e-001
 5.1107031e-001
 5.1120406e-001
 5.1135200e-001
 5.1146305e-001
 5.1157033e-001
 5.1164037e-001
 5.1166403e-001
 5.1173210e-001
 5.1182836e-001
 5.1193410e-001
 5.1204216e-001
 5.1210254e-001
 5.1209432e-001
 5.1210982e-001
 5.1220322e-001
 5.1229006e-001
 5.1233327e-001
 5.1240528e-001
 5.1254696e-001
 5.1265031e-001
 5.1262200e-001
 5.1257318e-001
 5.1251405e-001
 5.1240110e-001
 5.1231247e-001
 5.1230526e-001
 5.1237297e-001
 5.1239622e-001
 5.1234215e-001
 5.1229131e-001
 5.1220667e-001
 5.1212114e-001
 5.1204473e-001
 5.1201010e-001
 5.1201445e-001
 5.1201445e-001
 5.1202679e-001
 5.1204938e-001
 5.1212215e-001
 5.1223338e-001
 5.1227397e-001
 5.1228851e-001
 5.1235628e-001
 5.1243228e-001
 5.1252025e-001
 5.1260400e-001
 5.1257437e-001
 5.1254731e-001
 5.1255745e-001
 5.1255190e-001
 5.1258814e-001
 5.1266301e-001
 5.1271427e-001
 5.1272798e-001
 5.1273167e-001
 5.1275295e-001
 5.1275486e-001
 5.1272470e-001
 5.1264757e-001
 5.1257473e-001
 5.1257473e-001
 5.1258451e-001
 5.1251048e-001
 5.1244277e-001
 5.1235837e-001
 5.1226455e-001
 5.1225799e-001
 5.1229185e-001
 5.1239854e-001
 5.1249927e-001
 5.1237804e-001
 5.1217234e-001
 5.1209867e-001
 5.1213515e-001
 5.1226115e-001
 5.1232809e-001
 5.1223731e-001
 5.1214987e-001
 5.1216090e-001
 5.1220489e-001
 5.1218152e-001
 5.1213008e-001
 5.1206678e-001
 5.1199841e-001
 5.1200438e-001
 5.1200849e-001
 5.1195830e-001
 5.1193386e-001
 5.1187599e-001
 5.1176602e-001
 5.1170403e-001
 5.1167285e-001
 5.1149940e-001
 5.1123786e-001
 5.1116604e-001
 5.1120043e-001
 5.1117676e-001
 5.1114130e-001
 5.1112640e-001
 5.1107633e-001
 5.1097792e-001
 5.1087523e-001
 5.1079333e-001
 5.1074004e-001
 5.1061320e-001
 5.1050460e-001
 5.1058328e-001
 5.1069510e-001
 5.1073533e-001
 5.1070994e-001
 5.1069802e-001
 5.1072848e-001
 5.1069456e-001
 5.1061898e-001
 5.1050675e-001
 5.1039368e-001
 5.1015419e-001
 5.0992757e-001
 5.0992173e-001
 5.0991273e-001
 5.0983971e-001
 5.0971735e-001
 5.0944024e-001
 5.0921011e-001
 5.0905502e-001
 5.0884759e-001
 5.0860876e-001
 5.0836205e-001
 5.0828117e-001
 5.0823122e-001
 5.0793517e-001
 5.0766760e-001
 5.0766140e-001
 5.0767344e-001
 5.0764114e-001
 5.0753039e-001
 5.0728345e-001
 5.0707102e-001
 5.0690496e-001
 5.0674593e-001
 5.0657618e-001
 5.0634527e-001
 5.0606805e-001
 5.0582218e-001
 5.0557280e-001
 5.0521815e-001
 5.0488102e-001
 5.0468951e-001
 5.0466967e-001
 5.0462824e-001
 5.0441289e-001
 5.0423396e-001
 5.0420064e-001
 5.0410837e-001
 5.0393933e-001
 5.0385702e-001
 5.0383627e-001
 5.0370175e-001
 5.0346822e-001
 5.0317866e-001
 5.0306046e-001
 5.0306249e-001
 5.0307995e-001
 5.0293946e-001
 5.0268233e-001
 5.0280285e-001
 5.0299126e-001
 5.0307661e-001
 5.0323385e-001
 5.0315982e-001
 5.0294542e-001
 5.0272912e-001
 5.0241280e-001
 5.0231397e-001
 5.0244504e-001
 5.0265247e-001
 5.0274581e-001
 5.0229937e-001
 5.0168455e-001
 5.0163245e-001
 5.0200480e-001
 5.0218922e-001
 5.0210369e-001
 5.0202459e-001
 5.0175017e-001
 5.0160432e-001
 5.0198156e-001
 5.0261474e-001
 5.0292224e-001
 5.0275546e-001
 5.0252342e-001
 5.0215644e-001
