 splib07a Record=19277: Oiled_sand_brown    GrndIsle ASDFRa AREF
 2.9630579e-002
 2.9632399e-002
 2.9624075e-002
 2.9634910e-002
 2.9598286e-002
 2.9574282e-002
 2.9582217e-002
 2.9629050e-002
 2.9687904e-002
 2.9660590e-002
 2.9587382e-002
 2.9611090e-002
 2.9605504e-002
 2.9595079e-002
 2.9591516e-002
 2.9538335e-002
 2.9526895e-002
 2.9540759e-002
 2.9511653e-002
 2.9528858e-002
 2.9556651e-002
 2.9574264e-002
 2.9617878e-002
 2.9634867e-002
 2.9638233e-002
 2.9666035e-002
 2.9686015e-002
 2.9685277e-002
 2.9657729e-002
 2.9618122e-002
 2.9656038e-002
 2.9718610e-002
 2.9731454e-002
 2.9806396e-002
 2.9882949e-002
 2.9918831e-002
 2.9908501e-002
 2.9907485e-002
 2.9911211e-002
 2.9919798e-002
 2.9991703e-002
 3.0057618e-002
 3.0075353e-002
 3.0043481e-002
 3.0056104e-002
 3.0097926e-002
 3.0135015e-002
 3.0148787e-002
 3.0145066e-002
 3.0142581e-002
 3.0162176e-002
 3.0184170e-002
 3.0203355e-002
 3.0222662e-002
 3.0257737e-002
 3.0301707e-002
 3.0341374e-002
 3.0367384e-002
 3.0410429e-002
 3.0440442e-002
 3.0450648e-002
 3.0476112e-002
 3.0510942e-002
 3.0555218e-002
 3.0603835e-002
 3.0638294e-002
 3.0668572e-002
 3.0704224e-002
 3.0751072e-002
 3.0797804e-002
 3.0849451e-002
 3.0902077e-002
 3.0919574e-002
 3.0951880e-002
 3.1007979e-002
 3.1057721e-002
 3.1109972e-002
 3.1166656e-002
 3.1227542e-002
 3.1286143e-002
 3.1355590e-002
 3.1424507e-002
 3.1466715e-002
 3.1493828e-002
 3.1529676e-002
 3.1583976e-002
 3.1633902e-002
 3.1700060e-002
 3.1771917e-002
 3.1828638e-002
 3.1885121e-002
 3.1942874e-002
 3.1998832e-002
 3.2044034e-002
 3.2090653e-002
 3.2147344e-002
 3.2216150e-002
 3.2275088e-002
 3.2329254e-002
 3.2384228e-002
 3.2444350e-002
 3.2506000e-002
 3.2569021e-002
 3.2635000e-002
 3.2707728e-002
 3.2777414e-002
 3.2839075e-002
 3.2894768e-002
 3.2951638e-002
 3.3007935e-002
 3.3064511e-002
 3.3133332e-002
 3.3202335e-002
 3.3266686e-002
 3.3326965e-002
 3.3384409e-002
 3.3453513e-002
 3.3533659e-002
 3.3590905e-002
 3.3653755e-002
 3.3723429e-002
 3.3788051e-002
 3.3846609e-002
 3.3905953e-002
 3.3971831e-002
 3.4043573e-002
 3.4108389e-002
 3.4173373e-002
 3.4248244e-002
 3.4317661e-002
 3.4386091e-002
 3.4457084e-002
 3.4530293e-002
 3.4593724e-002
 3.4669869e-002
 3.4779567e-002
 3.4893233e-002
 3.4998186e-002
 3.5079561e-002
 3.5133392e-002
 3.5211861e-002
 3.5292029e-002
 3.5363082e-002
 3.5473946e-002
 3.5565235e-002
 3.5634357e-002
 3.5713546e-002
 3.5797365e-002
 3.5892520e-002
 3.6000408e-002
 3.6111936e-002
 3.6218770e-002
 3.6323745e-002
 3.6429621e-002
 3.6512434e-002
 3.6609933e-002
 3.6728948e-002
 3.6828332e-002
 3.6944091e-002
 3.7066009e-002
 3.7177127e-002
 3.7290338e-002
 3.7404429e-002
 3.7521351e-002
 3.7645854e-002
 3.7780158e-002
 3.7920017e-002
 3.8063016e-002
 3.8215611e-002
 3.8345732e-002
 3.8443521e-002
 3.8529180e-002
 3.8643833e-002
 3.8775675e-002
 3.8905520e-002
 3.9025296e-002
 3.9160777e-002
 3.9320827e-002
 3.9489541e-002
 3.9611910e-002
 3.9721977e-002
 3.9852370e-002
 4.0009499e-002
 4.0174007e-002
 4.0334839e-002
 4.0482033e-002
 4.0613096e-002
 4.0754121e-002
 4.0912863e-002
 4.1072484e-002
 4.1240271e-002
 4.1407716e-002
 4.1565273e-002
 4.1716751e-002
 4.1873027e-002
 4.2035181e-002
 4.2193349e-002
 4.2348105e-002
 4.2518966e-002
 4.2705540e-002
 4.2863976e-002
 4.3027796e-002
 4.3204423e-002
 4.3385230e-002
 4.3553632e-002
 4.3712344e-002
 4.3867152e-002
 4.4024833e-002
 4.4204149e-002
 4.4391271e-002
 4.4564288e-002
 4.4733100e-002
 4.4898670e-002
 4.5064114e-002
 4.5231618e-002
 4.5412593e-002
 4.5594752e-002
 4.5761753e-002
 4.5914605e-002
 4.6067894e-002
 4.6231236e-002
 4.6400711e-002
 4.6547595e-002
 4.6691455e-002
 4.6851419e-002
 4.7024827e-002
 4.7214273e-002
 4.7410917e-002
 4.7611210e-002
 4.7846399e-002
 4.8071291e-002
 4.8262056e-002
 4.8442021e-002
 4.8620336e-002
 4.8802946e-002
 4.8989750e-002
 4.9167167e-002
 4.9336165e-002
 4.9496520e-002
 4.9660034e-002
 4.9861077e-002
 5.0052308e-002
 5.0206814e-002
 5.0394580e-002
 5.0590582e-002
 5.0794210e-002
 5.1003631e-002
 5.1195890e-002
 5.1397942e-002
 5.1616963e-002
 5.1814303e-002
 5.2018143e-002
 5.2228488e-002
 5.2434761e-002
 5.2628990e-002
 5.2812383e-002
 5.2997641e-002
 5.3198159e-002
 5.3396352e-002
 5.3593449e-002
 5.3795159e-002
 5.4004319e-002
 5.4207124e-002
 5.4402914e-002
 5.4601800e-002
 5.4815091e-002
 5.5020656e-002
 5.5217411e-002
 5.5430520e-002
 5.5609223e-002
 5.5776905e-002
 5.5972252e-002
 5.6182075e-002
 5.6399919e-002
 5.6613933e-002
 5.6815121e-002
 5.7026014e-002
 5.7217043e-002
 5.7384174e-002
 5.7599328e-002
 5.7827581e-002
 5.8047678e-002
 5.8253039e-002
 5.8463808e-002
 5.8675423e-002
 5.8884829e-002
 5.9093390e-002
 5.9297971e-002
 5.9499588e-002
 5.9705395e-002
 5.9930231e-002
 6.0162976e-002
 6.0388625e-002
 6.0596518e-002
 6.0803313e-002
 6.1005551e-002
 6.1201073e-002
 6.1397791e-002
 6.1606057e-002
 6.1840493e-002
 6.2100478e-002
 6.2314544e-002
 6.2508754e-002
 6.2718861e-002
 6.2966265e-002
 6.3211448e-002
 6.3485853e-002
 6.3796282e-002
 6.4030334e-002
 6.4177357e-002
 6.4309679e-002
 6.4512163e-002
 6.4736582e-002
 6.4959675e-002
 6.5176360e-002
 6.5407664e-002
 6.5632641e-002
 6.5854684e-002
 6.6082284e-002
 6.6302910e-002
 6.6523142e-002
 6.6748157e-002
 6.6977412e-002
 6.7215577e-002
 6.7442626e-002
 6.7654617e-002
 6.7889385e-002
 6.8128087e-002
 6.8358004e-002
 6.8575390e-002
 6.8805449e-002
 6.9044031e-002
 6.9282562e-002
 6.9513202e-002
 6.9753133e-002
 7.0013277e-002
 7.0279427e-002
 7.0488147e-002
 7.0766941e-002
 7.1076900e-002
 7.1284674e-002
 7.1498506e-002
 7.1688868e-002
 7.1852989e-002
 7.2058737e-002
 7.2305948e-002
 7.2578222e-002
 7.2842292e-002
 7.3057920e-002
 7.3255345e-002
 7.3467568e-002
 7.3716059e-002
 7.3979542e-002
 7.4237816e-002
 7.4473754e-002
 7.4686117e-002
 7.4903287e-002
 7.5135499e-002
 7.5377315e-002
 7.5617686e-002
 7.5859964e-002
 7.6105423e-002
 7.6353692e-002
 7.6597407e-002
 7.6833583e-002
 7.7058420e-002
 7.7268623e-002
 7.7492662e-002
 7.7789672e-002
 7.8180939e-002
 7.8519456e-002
 7.8791007e-002
 7.8979902e-002
 7.9075918e-002
 7.9253413e-002
 7.9522863e-002
 7.9813652e-002
 8.0058157e-002
 8.0283716e-002
 8.0506787e-002
 8.0731027e-002
 8.0965824e-002
 8.1200778e-002
 8.1426479e-002
 8.1648231e-002
 8.1854984e-002
 8.2071342e-002
 8.2315214e-002
 8.2583658e-002
 8.2856826e-002
 8.3124332e-002
 8.3382264e-002
 8.3636716e-002
 8.3873913e-002
 8.4098749e-002
 8.4339634e-002
 8.4585719e-002
 8.4822394e-002
 8.5044876e-002
 8.5281178e-002
 8.5526384e-002
 8.5775591e-002
 8.6017959e-002
 8.6240970e-002
 8.6474173e-002
 8.6721703e-002
 8.6958513e-002
 8.7216705e-002
 8.7462373e-002
-1.2300000e+034
-1.2300000e+034
-1.2300000e+034
-1.2300000e+034
-1.2300000e+034
-1.2300000e+034
-1.2300000e+034
-1.2300000e+034
-1.2300000e+034
-1.2300000e+034
-1.2300000e+034
 9.0295665e-002
 9.0530962e-002
 9.0777241e-002
 9.1012217e-002
 9.1229871e-002
 9.1473743e-002
 9.1716610e-002
 9.1942355e-002
 9.2154853e-002
 9.2396341e-002
 9.2631787e-002
 9.2846610e-002
 9.3081497e-002
 9.3303554e-002
 9.3517594e-002
 9.3732834e-002
 9.3940318e-002
 9.4134517e-002
 9.4329141e-002
 9.4545715e-002
 9.4767965e-002
 9.5006913e-002
 9.5255807e-002
 9.5485702e-002
 9.5707767e-002
 9.5908970e-002
 9.6090354e-002
 9.6289940e-002
 9.6478015e-002
 9.6659936e-002
 9.6857920e-002
 9.7077347e-002
 9.7282961e-002
 9.7479984e-002
 9.7711630e-002
 9.7937576e-002
 9.8145664e-002
 9.8336220e-002
 9.8524883e-002
 9.8692261e-002
 9.8843917e-002
 9.8985203e-002
 9.9102214e-002
 9.9232554e-002
 9.9400476e-002
 9.9605158e-002
 9.9800110e-002
 1.0001940e-001
 1.0026302e-001
 1.0048057e-001
 1.0066839e-001
 1.0084385e-001
 1.0102393e-001
 1.0120925e-001
 1.0141566e-001
 1.0160141e-001
 1.0173503e-001
 1.0189226e-001
 1.0205258e-001
 1.0223582e-001
 1.0245895e-001
 1.0262441e-001
 1.0279645e-001
 1.0299549e-001
 1.0316826e-001
 1.0335035e-001
 1.0354273e-001
 1.0372815e-001
 1.0387263e-001
 1.0406150e-001
 1.0426947e-001
 1.0445112e-001
 1.0464589e-001
 1.0482774e-001
 1.0499851e-001
 1.0517126e-001
 1.0531823e-001
 1.0547002e-001
 1.0563254e-001
 1.0577933e-001
 1.0594252e-001
 1.0608318e-001
 1.0620105e-001
 1.0639222e-001
 1.0658639e-001
 1.0675593e-001
 1.0689065e-001
 1.0700365e-001
 1.0710966e-001
 1.0722706e-001
 1.0736503e-001
 1.0749253e-001
 1.0761920e-001
 1.0774572e-001
 1.0787204e-001
 1.0805047e-001
 1.0822921e-001
 1.0836837e-001
 1.0848630e-001
 1.0859356e-001
 1.0870157e-001
 1.0882317e-001
 1.0896850e-001
 1.0909149e-001
 1.0919829e-001
 1.0931717e-001
 1.0945152e-001
 1.0958638e-001
 1.0971927e-001
 1.0984795e-001
 1.0993261e-001
 1.1004570e-001
 1.1019464e-001
 1.1030764e-001
 1.1044648e-001
 1.1058476e-001
 1.1070256e-001
 1.1081592e-001
 1.1093554e-001
 1.1105981e-001
 1.1116348e-001
 1.1119397e-001
 1.1123487e-001
 1.1126837e-001
 1.1126350e-001
 1.1132427e-001
 1.1136972e-001
 1.1141553e-001
 1.1153403e-001
 1.1161666e-001
 1.1172121e-001
 1.1185177e-001
 1.1195275e-001
 1.1206629e-001
 1.1213339e-001
 1.1214430e-001
 1.1217596e-001
 1.1226559e-001
 1.1243443e-001
 1.1263559e-001
 1.1271566e-001
 1.1276025e-001
 1.1280669e-001
 1.1288547e-001
 1.1301740e-001
 1.1319498e-001
 1.1335800e-001
 1.1347151e-001
 1.1366801e-001
 1.1385306e-001
 1.1399996e-001
 1.1412692e-001
 1.1422646e-001
 1.1432419e-001
 1.1440267e-001
 1.1440406e-001
 1.1435360e-001
 1.1433028e-001
 1.1430818e-001
 1.1413770e-001
 1.1426913e-001
 1.1440496e-001
 1.1420845e-001
 1.1404110e-001
 1.1386014e-001
 1.1371598e-001
 1.1355700e-001
 1.1321796e-001
 1.1331765e-001
 1.1357272e-001
 1.1365531e-001
 1.1393675e-001
 1.1410604e-001
 1.1419615e-001
 1.1431841e-001
 1.1439236e-001
 1.1466762e-001
 1.1496715e-001
 1.1496750e-001
 1.1510877e-001
 1.1519413e-001
 1.1522298e-001
 1.1534403e-001
 1.1551043e-001
 1.1567340e-001
 1.1601336e-001
 1.1674721e-001
 1.1703243e-001
 1.1713807e-001
 1.1739298e-001
 1.1791795e-001
 1.1818254e-001
 1.1835577e-001
 1.1870709e-001
 1.1938829e-001
 1.1979681e-001
 1.1995016e-001
 1.2003601e-001
 1.2030605e-001
 1.2063769e-001
 1.2083473e-001
 1.2091183e-001
 1.2129482e-001
 1.2148970e-001
 1.2165968e-001
 1.2195666e-001
 1.2206337e-001
 1.2221657e-001
 1.2252196e-001
 1.2287480e-001
 1.2284795e-001
 1.2305095e-001
 1.2346072e-001
 1.2376209e-001
 1.2379571e-001
 1.2402852e-001
 1.2432303e-001
 1.2440108e-001
 1.2462166e-001
 1.2478323e-001
 1.2493654e-001
 1.2522256e-001
 1.2554447e-001
 1.2583636e-001
 1.2593235e-001
 1.2581846e-001
 1.2613043e-001
 1.2626915e-001
 1.2627302e-001
 1.2656374e-001
 1.2685439e-001
 1.2703624e-001
 1.2709022e-001
 1.2724519e-001
 1.2736526e-001
 1.2746446e-001
 1.2755696e-001
 1.2769614e-001
 1.2782472e-001
 1.2794669e-001
 1.2807439e-001
 1.2818702e-001
 1.2828733e-001
 1.2839894e-001
 1.2853257e-001
 1.2868446e-001
 1.2884578e-001
 1.2898313e-001
 1.2909679e-001
 1.2921700e-001
 1.2930030e-001
 1.2938134e-001
 1.2946709e-001
 1.2957729e-001
 1.2969488e-001
 1.2982979e-001
 1.2999853e-001
 1.3016677e-001
 1.3027605e-001
 1.3031867e-001
 1.3034692e-001
 1.3039991e-001
 1.3051982e-001
 1.3071105e-001
 1.3095099e-001
 1.3114510e-001
 1.3127428e-001
 1.3130207e-001
 1.3135050e-001
 1.3136655e-001
 1.3138257e-001
 1.3153669e-001
 1.3173744e-001
 1.3191028e-001
 1.3207209e-001
 1.3211621e-001
 1.3213074e-001
 1.3223729e-001
 1.3234405e-001
 1.3244626e-001
 1.3264228e-001
 1.3279454e-001
 1.3286668e-001
 1.3296659e-001
 1.3303441e-001
 1.3311593e-001
 1.3325208e-001
 1.3339251e-001
 1.3347723e-001
 1.3363367e-001
 1.3374887e-001
 1.3376358e-001
 1.3392670e-001
 1.3410224e-001
 1.3420205e-001
 1.3433100e-001
 1.3446257e-001
 1.3442838e-001
 1.3446540e-001
 1.3468248e-001
 1.3483636e-001
 1.3502121e-001
 1.3517421e-001
 1.3521142e-001
 1.3520262e-001
 1.3528861e-001
 1.3539301e-001
 1.3553099e-001
 1.3575543e-001
 1.3590169e-001
 1.3590738e-001
 1.3596191e-001
 1.3599606e-001
 1.3604528e-001
 1.3624766e-001
 1.3639504e-001
 1.3643205e-001
 1.3648941e-001
 1.3656825e-001
 1.3661195e-001
 1.3662936e-001
 1.3665049e-001
 1.3672046e-001
 1.3672833e-001
 1.3672526e-001
 1.3682802e-001
 1.3689221e-001
 1.3682586e-001
 1.3678640e-001
 1.3676451e-001
 1.3674906e-001
 1.3682742e-001
 1.3686110e-001
 1.3683851e-001
 1.3680281e-001
 1.3667893e-001
 1.3654751e-001
 1.3646308e-001
 1.3633387e-001
 1.3618205e-001
 1.3594431e-001
 1.3573070e-001
 1.3553654e-001
 1.3530567e-001
 1.3513228e-001
 1.3490577e-001
 1.3424432e-001
-1.2300000e+034
-1.2300000e+034
-1.2300000e+034
-1.2300000e+034
-1.2300000e+034
-1.2300000e+034
-1.2300000e+034
-1.2300000e+034
-1.2300000e+034
-1.2300000e+034
-1.2300000e+034
-1.2300000e+034
-1.2300000e+034
-1.2300000e+034
-1.2300000e+034
-1.2300000e+034
-1.2300000e+034
-1.2300000e+034
-1.2300000e+034
-1.2300000e+034
-1.2300000e+034
-1.2300000e+034
-1.2300000e+034
-1.2300000e+034
-1.2300000e+034
-1.2300000e+034
-1.2300000e+034
-1.2300000e+034
-1.2300000e+034
 1.3880880e-001
 1.3916108e-001
 1.3943028e-001
 1.3981365e-001
 1.4003572e-001
 1.4035481e-001
 1.4101152e-001
 1.4150965e-001
 1.4178137e-001
 1.4208129e-001
 1.4235896e-001
 1.4257599e-001
 1.4288501e-001
 1.4310415e-001
 1.4326808e-001
 1.4338844e-001
 1.4350730e-001
 1.4364423e-001
 1.4376296e-001
 1.4388606e-001
 1.4398730e-001
 1.4403813e-001
 1.4410771e-001
 1.4424649e-001
 1.4433198e-001
 1.4436527e-001
 1.4440826e-001
 1.4442742e-001
 1.4442267e-001
 1.4438868e-001
 1.4439073e-001
 1.4441313e-001
 1.4438605e-001
 1.4433612e-001
 1.4427973e-001
 1.4424714e-001
 1.4421077e-001
 1.4415827e-001
 1.4410859e-001
 1.4409323e-001
 1.4406914e-001
 1.4404079e-001
 1.4408502e-001
 1.4412437e-001
 1.4412083e-001
 1.4411893e-001
 1.4407872e-001
 1.4407921e-001
 1.4414924e-001
 1.4419661e-001
 1.4426012e-001
 1.4437447e-001
 1.4448719e-001
 1.4456344e-001
 1.4465696e-001
 1.4479977e-001
 1.4493711e-001
 1.4506201e-001
 1.4518778e-001
 1.4531536e-001
 1.4544886e-001
 1.4554614e-001
 1.4567742e-001
 1.4583373e-001
 1.4601280e-001
 1.4622474e-001
 1.4647417e-001
 1.4673817e-001
 1.4700708e-001
 1.4727123e-001
 1.4755754e-001
 1.4788990e-001
 1.4823195e-001
 1.4858881e-001
 1.4899403e-001
 1.4939918e-001
 1.4981583e-001
 1.5022318e-001
 1.5061949e-001
 1.5101688e-001
 1.5140098e-001
 1.5178542e-001
 1.5219899e-001
 1.5259211e-001
 1.5297447e-001
 1.5334003e-001
 1.5366380e-001
 1.5396215e-001
 1.5424368e-001
 1.5452661e-001
 1.5481806e-001
 1.5509444e-001
 1.5536463e-001
 1.5564574e-001
 1.5590619e-001
 1.5615191e-001
 1.5638915e-001
 1.5658072e-001
 1.5678599e-001
 1.5703467e-001
 1.5725738e-001
 1.5746987e-001
 1.5768048e-001
 1.5787001e-001
 1.5803754e-001
 1.5820231e-001
 1.5837438e-001
 1.5855159e-001
 1.5871204e-001
 1.5887663e-001
 1.5904865e-001
 1.5918195e-001
 1.5931040e-001
 1.5943392e-001
 1.5955111e-001
 1.5970327e-001
 1.5987442e-001
 1.6005093e-001
 1.6028336e-001
 1.6052009e-001
 1.6071470e-001
 1.6092643e-001
 1.6117528e-001
 1.6142130e-001
 1.6167201e-001
 1.6192010e-001
 1.6213052e-001
 1.6232839e-001
 1.6252519e-001
 1.6270484e-001
 1.6289061e-001
 1.6309746e-001
 1.6327897e-001
 1.6343369e-001
 1.6361038e-001
 1.6377532e-001
 1.6389708e-001
 1.6403994e-001
 1.6418669e-001
 1.6434422e-001
 1.6448134e-001
 1.6456226e-001
 1.6466443e-001
 1.6483387e-001
 1.6495277e-001
 1.6500819e-001
 1.6509499e-001
 1.6519083e-001
 1.6524729e-001
 1.6535300e-001
 1.6549198e-001
 1.6561794e-001
 1.6574341e-001
 1.6582476e-001
 1.6590425e-001
 1.6602148e-001
 1.6609992e-001
 1.6614625e-001
 1.6623691e-001
 1.6635692e-001
 1.6642930e-001
 1.6647081e-001
 1.6655980e-001
 1.6666958e-001
 1.6670540e-001
 1.6674773e-001
 1.6685008e-001
 1.6698606e-001
 1.6712289e-001
 1.6719912e-001
 1.6726223e-001
 1.6737434e-001
 1.6744591e-001
 1.6744660e-001
 1.6748185e-001
 1.6750462e-001
 1.6742250e-001
 1.6736630e-001
 1.6731784e-001
 1.6720673e-001
 1.6703822e-001
 1.6689096e-001
 1.6683212e-001
 1.6676612e-001
 1.6679685e-001
 1.6687925e-001
 1.6691259e-001
 1.6699511e-001
 1.6707599e-001
 1.6708887e-001
 1.6703780e-001
 1.6695406e-001
 1.6687055e-001
 1.6670464e-001
 1.6640073e-001
 1.6582002e-001
 1.6526912e-001
 1.6471256e-001
 1.6381319e-001
 1.6307229e-001
 1.6245951e-001
 1.6161728e-001
 1.6079798e-001
 1.6022199e-001
 1.5903910e-001
-1.2300000e+034
-1.2300000e+034
-1.2300000e+034
-1.2300000e+034
-1.2300000e+034
-1.2300000e+034
-1.2300000e+034
-1.2300000e+034
-1.2300000e+034
-1.2300000e+034
-1.2300000e+034
-1.2300000e+034
-1.2300000e+034
-1.2300000e+034
-1.2300000e+034
-1.2300000e+034
-1.2300000e+034
-1.2300000e+034
-1.2300000e+034
-1.2300000e+034
-1.2300000e+034
-1.2300000e+034
-1.2300000e+034
-1.2300000e+034
-1.2300000e+034
-1.2300000e+034
-1.2300000e+034
-1.2300000e+034
-1.2300000e+034
-1.2300000e+034
-1.2300000e+034
-1.2300000e+034
-1.2300000e+034
-1.2300000e+034
-1.2300000e+034
-1.2300000e+034
-1.2300000e+034
-1.2300000e+034
-1.2300000e+034
-1.2300000e+034
-1.2300000e+034
-1.2300000e+034
-1.2300000e+034
-1.2300000e+034
-1.2300000e+034
-1.2300000e+034
-1.2300000e+034
-1.2300000e+034
-1.2300000e+034
-1.2300000e+034
-1.2300000e+034
-1.2300000e+034
-1.2300000e+034
-1.2300000e+034
-1.2300000e+034
-1.2300000e+034
-1.2300000e+034
-1.2300000e+034
-1.2300000e+034
-1.2300000e+034
-1.2300000e+034
-1.2300000e+034
-1.2300000e+034
-1.2300000e+034
-1.2300000e+034
-1.2300000e+034
-1.2300000e+034
-1.2300000e+034
-1.2300000e+034
-1.2300000e+034
-1.2300000e+034
-1.2300000e+034
-1.2300000e+034
-1.2300000e+034
-1.2300000e+034
-1.2300000e+034
-1.2300000e+034
-1.2300000e+034
-1.2300000e+034
-1.2300000e+034
-1.2300000e+034
-1.2300000e+034
-1.2300000e+034
-1.2300000e+034
-1.2300000e+034
-1.2300000e+034
-1.2300000e+034
-1.2300000e+034
-1.2300000e+034
-1.2300000e+034
-1.2300000e+034
-1.2300000e+034
-1.2300000e+034
-1.2300000e+034
-1.2300000e+034
-1.2300000e+034
-1.2300000e+034
-1.2300000e+034
-1.2300000e+034
 1.7162767e-001
 1.7197342e-001
 1.7266697e-001
 1.7318849e-001
 1.7329285e-001
 1.7334330e-001
 1.7346525e-001
 1.7345595e-001
 1.7343910e-001
 1.7349036e-001
 1.7333591e-001
 1.7317973e-001
 1.7304145e-001
 1.7315577e-001
 1.7335251e-001
 1.7343047e-001
 1.7363440e-001
 1.7404670e-001
 1.7437863e-001
 1.7481017e-001
 1.7563137e-001
 1.7641346e-001
 1.7698301e-001
 1.7759816e-001
 1.7791824e-001
 1.7792745e-001
 1.7824624e-001
 1.7865972e-001
 1.7898224e-001
 1.7956901e-001
 1.8012786e-001
 1.8045674e-001
 1.8093711e-001
 1.8149461e-001
 1.8207921e-001
 1.8280765e-001
 1.8334247e-001
 1.8376891e-001
 1.8428952e-001
 1.8470192e-001
 1.8503940e-001
 1.8541394e-001
 1.8574955e-001
 1.8603536e-001
 1.8633662e-001
 1.8665923e-001
 1.8689968e-001
 1.8707290e-001
 1.8735178e-001
 1.8761463e-001
 1.8777990e-001
 1.8805619e-001
 1.8837182e-001
 1.8867949e-001
 1.8895783e-001
 1.8924880e-001
 1.8954118e-001
 1.8978070e-001
 1.9000238e-001
 1.9025435e-001
 1.9049980e-001
 1.9067936e-001
 1.9089010e-001
 1.9114982e-001
 1.9136740e-001
 1.9154420e-001
 1.9172783e-001
 1.9192863e-001
 1.9215398e-001
 1.9239351e-001
 1.9261295e-001
 1.9281055e-001
 1.9300336e-001
 1.9317260e-001
 1.9332820e-001
 1.9351582e-001
 1.9370484e-001
 1.9387150e-001
 1.9405441e-001
 1.9424465e-001
 1.9441099e-001
 1.9458050e-001
 1.9476190e-001
 1.9492345e-001
 1.9507240e-001
 1.9524305e-001
 1.9544092e-001
 1.9564162e-001
 1.9583191e-001
 1.9598959e-001
 1.9613016e-001
 1.9630858e-001
 1.9651195e-001
 1.9670497e-001
 1.9688262e-001
 1.9706276e-001
 1.9724104e-001
 1.9741295e-001
 1.9759755e-001
 1.9777603e-001
 1.9792505e-001
 1.9804843e-001
 1.9819044e-001
 1.9836050e-001
 1.9850498e-001
 1.9864064e-001
 1.9879229e-001
 1.9893569e-001
 1.9907609e-001
 1.9920756e-001
 1.9932568e-001
 1.9943681e-001
 1.9952628e-001
 1.9963209e-001
 1.9974372e-001
 1.9981895e-001
 1.9990407e-001
 2.0001110e-001
 2.0010926e-001
 2.0022346e-001
 2.0034531e-001
 2.0044477e-001
 2.0056614e-001
 2.0071706e-001
 2.0086782e-001
 2.0102179e-001
 2.0120336e-001
 2.0139574e-001
 2.0156664e-001
 2.0172268e-001
 2.0184307e-001
 2.0197380e-001
 2.0212588e-001
 2.0226265e-001
 2.0240368e-001
 2.0254041e-001
 2.0265301e-001
 2.0275964e-001
 2.0287123e-001
 2.0297916e-001
 2.0307611e-001
 2.0316486e-001
 2.0325390e-001
 2.0333394e-001
 2.0340236e-001
 2.0345241e-001
 2.0350133e-001
 2.0357189e-001
 2.0364472e-001
 2.0373517e-001
 2.0383638e-001
 2.0393240e-001
 2.0402755e-001
 2.0410275e-001
 2.0416945e-001
 2.0425873e-001
 2.0437528e-001
 2.0449437e-001
 2.0460345e-001
 2.0471072e-001
 2.0480320e-001
 2.0489207e-001
 2.0500833e-001
 2.0510772e-001
 2.0516244e-001
 2.0521621e-001
 2.0528758e-001
 2.0536281e-001
 2.0541777e-001
 2.0547439e-001
 2.0552483e-001
 2.0552045e-001
 2.0553863e-001
 2.0559463e-001
 2.0560203e-001
 2.0560841e-001
 2.0563442e-001
 2.0562683e-001
 2.0561911e-001
 2.0560297e-001
 2.0556208e-001
 2.0554663e-001
 2.0554045e-001
 2.0552336e-001
 2.0551233e-001
 2.0550804e-001
 2.0552456e-001
 2.0552705e-001
 2.0551088e-001
 2.0552720e-001
 2.0552550e-001
 2.0550697e-001
 2.0551832e-001
 2.0553324e-001
 2.0552918e-001
 2.0547301e-001
 2.0539780e-001
 2.0537359e-001
 2.0532970e-001
 2.0526591e-001
 2.0524862e-001
 2.0515449e-001
 2.0496830e-001
 2.0480697e-001
 2.0464779e-001
 2.0446828e-001
 2.0427850e-001
 2.0408753e-001
 2.0387037e-001
 2.0360459e-001
 2.0331571e-001
 2.0300129e-001
 2.0270647e-001
 2.0240548e-001
 2.0207264e-001
 2.0177405e-001
 2.0145068e-001
 2.0106632e-001
 2.0066345e-001
 2.0025675e-001
 1.9983287e-001
 1.9936804e-001
 1.9889787e-001
 1.9846922e-001
 1.9796263e-001
 1.9738123e-001
 1.9678779e-001
 1.9615181e-001
 1.9544387e-001
 1.9473560e-001
 1.9395408e-001
 1.9306137e-001
 1.9206750e-001
 1.9104084e-001
 1.8996716e-001
 1.8874739e-001
 1.8747115e-001
 1.8619448e-001
 1.8484724e-001
 1.8351184e-001
 1.8220927e-001
 1.8084279e-001
 1.7951113e-001
 1.7827845e-001
 1.7707376e-001
 1.7585519e-001
 1.7467520e-001
 1.7350745e-001
 1.7232345e-001
 1.7123502e-001
 1.7012727e-001
 1.6895247e-001
 1.6789746e-001
 1.6690980e-001
 1.6594392e-001
 1.6505128e-001
 1.6414392e-001
 1.6322640e-001
 1.6241559e-001
 1.6163702e-001
 1.6081917e-001
 1.6003710e-001
 1.5929002e-001
 1.5849033e-001
 1.5761116e-001
 1.5673931e-001
 1.5585192e-001
 1.5491724e-001
 1.5405905e-001
 1.5330057e-001
 1.5250005e-001
 1.5176986e-001
 1.5123308e-001
 1.5076999e-001
 1.5040566e-001
 1.5025644e-001
 1.5030193e-001
 1.5049075e-001
 1.5089549e-001
 1.5146782e-001
 1.5222092e-001
 1.5317661e-001
 1.5423365e-001
 1.5538286e-001
 1.5674119e-001
 1.5803279e-001
 1.5946236e-001
 1.6082489e-001
 1.6191398e-001
 1.6294500e-001
 1.6407575e-001
 1.6501619e-001
 1.6568451e-001
 1.6629210e-001
 1.6678242e-001
 1.6708483e-001
 1.6728969e-001
 1.6741876e-001
 1.6725241e-001
 1.6704366e-001
 1.6691251e-001
 1.6668710e-001
 1.6627665e-001
 1.6592763e-001
 1.6557844e-001
 1.6519806e-001
 1.6478853e-001
 1.6457553e-001
 1.6435067e-001
 1.6416080e-001
 1.6420905e-001
 1.6421945e-001
 1.6418009e-001
 1.6448003e-001
 1.6490313e-001
 1.6525492e-001
 1.6584307e-001
 1.6663775e-001
 1.6730422e-001
 1.6803366e-001
 1.6898039e-001
 1.6971594e-001
 1.7046982e-001
 1.7137924e-001
 1.7226161e-001
 1.7334381e-001
 1.7435734e-001
 1.7514522e-001
 1.7596540e-001
 1.7659056e-001
 1.7725265e-001
 1.7824660e-001
 1.7902334e-001
 1.7961441e-001
 1.8016732e-001
 1.8035367e-001
 1.8045643e-001
 1.8063924e-001
 1.8068559e-001
 1.8025815e-001
 1.8000829e-001
 1.8013924e-001
 1.7989500e-001
 1.7937583e-001
 1.7896515e-001
 1.7763402e-001
-1.2300000e+034
-1.2300000e+034
-1.2300000e+034
-1.2300000e+034
-1.2300000e+034
-1.2300000e+034
-1.2300000e+034
-1.2300000e+034
-1.2300000e+034
-1.2300000e+034
-1.2300000e+034
-1.2300000e+034
-1.2300000e+034
-1.2300000e+034
-1.2300000e+034
-1.2300000e+034
-1.2300000e+034
-1.2300000e+034
-1.2300000e+034
-1.2300000e+034
-1.2300000e+034
-1.2300000e+034
-1.2300000e+034
-1.2300000e+034
-1.2300000e+034
-1.2300000e+034
-1.2300000e+034
-1.2300000e+034
-1.2300000e+034
-1.2300000e+034
-1.2300000e+034
-1.2300000e+034
-1.2300000e+034
-1.2300000e+034
-1.2300000e+034
-1.2300000e+034
-1.2300000e+034
-1.2300000e+034
-1.2300000e+034
-1.2300000e+034
-1.2300000e+034
-1.2300000e+034
-1.2300000e+034
-1.2300000e+034
-1.2300000e+034
-1.2300000e+034
-1.2300000e+034
-1.2300000e+034
-1.2300000e+034
-1.2300000e+034
-1.2300000e+034
-1.2300000e+034
-1.2300000e+034
-1.2300000e+034
-1.2300000e+034
-1.2300000e+034
-1.2300000e+034
-1.2300000e+034
-1.2300000e+034
-1.2300000e+034
-1.2300000e+034
-1.2300000e+034
-1.2300000e+034
-1.2300000e+034
-1.2300000e+034
-1.2300000e+034
-1.2300000e+034
-1.2300000e+034
-1.2300000e+034
-1.2300000e+034
-1.2300000e+034
-1.2300000e+034
-1.2300000e+034
-1.2300000e+034
-1.2300000e+034
-1.2300000e+034
-1.2300000e+034
-1.2300000e+034
-1.2300000e+034
-1.2300000e+034
-1.2300000e+034
-1.2300000e+034
-1.2300000e+034
-1.2300000e+034
-1.2300000e+034
-1.2300000e+034
-1.2300000e+034
-1.2300000e+034
-1.2300000e+034
-1.2300000e+034
-1.2300000e+034
-1.2300000e+034
-1.2300000e+034
-1.2300000e+034
-1.2300000e+034
-1.2300000e+034
-1.2300000e+034
-1.2300000e+034
-1.2300000e+034
-1.2300000e+034
-1.2300000e+034
-1.2300000e+034
-1.2300000e+034
-1.2300000e+034
-1.2300000e+034
-1.2300000e+034
-1.2300000e+034
-1.2300000e+034
-1.2300000e+034
-1.2300000e+034
-1.2300000e+034
-1.2300000e+034
-1.2300000e+034
-1.2300000e+034
-1.2300000e+034
-1.2300000e+034
-1.2300000e+034
-1.2300000e+034
-1.2300000e+034
-1.2300000e+034
-1.2300000e+034
-1.2300000e+034
-1.2300000e+034
-1.2300000e+034
-1.2300000e+034
-1.2300000e+034
-1.2300000e+034
-1.2300000e+034
-1.2300000e+034
-1.2300000e+034
-1.2300000e+034
-1.2300000e+034
-1.2300000e+034
-1.2300000e+034
-1.2300000e+034
-1.2300000e+034
-1.2300000e+034
-1.2300000e+034
-1.2300000e+034
-1.2300000e+034
-1.2300000e+034
-1.2300000e+034
-1.2300000e+034
-1.2300000e+034
-1.2300000e+034
-1.2300000e+034
-1.2300000e+034
-1.2300000e+034
-1.2300000e+034
-1.2300000e+034
-1.2300000e+034
-1.2300000e+034
-1.2300000e+034
-1.2300000e+034
-1.2300000e+034
-1.2300000e+034
-1.2300000e+034
-1.2300000e+034
-1.2300000e+034
-1.2300000e+034
-1.2300000e+034
-1.2300000e+034
-1.2300000e+034
-1.2300000e+034
-1.2300000e+034
-1.2300000e+034
-1.2300000e+034
-1.2300000e+034
-1.2300000e+034
-1.2300000e+034
-1.2300000e+034
-1.2300000e+034
-1.2300000e+034
-1.2300000e+034
-1.2300000e+034
-1.2300000e+034
 1.8756640e-001
 1.8771599e-001
 1.8789381e-001
 1.8776351e-001
 1.8770085e-001
 1.8795377e-001
 1.8824537e-001
 1.8866628e-001
 1.8917985e-001
 1.8951978e-001
 1.8964228e-001
 1.8970099e-001
 1.8953045e-001
 1.8950307e-001
 1.8973275e-001
 1.8983950e-001
 1.9002376e-001
 1.9016907e-001
 1.9004464e-001
 1.8980663e-001
 1.8938370e-001
 1.8907182e-001
 1.8872489e-001
 1.8868212e-001
 1.8860978e-001
 1.8860668e-001
 1.8856589e-001
 1.8821271e-001
-1.2300000e+034
-1.2300000e+034
-1.2300000e+034
-1.2300000e+034
-1.2300000e+034
-1.2300000e+034
-1.2300000e+034
-1.2300000e+034
-1.2300000e+034
-1.2300000e+034
-1.2300000e+034
-1.2300000e+034
-1.2300000e+034
-1.2300000e+034
-1.2300000e+034
-1.2300000e+034
-1.2300000e+034
-1.2300000e+034
-1.2300000e+034
 1.9638902e-001
 1.9698903e-001
 1.9749334e-001
 1.9795357e-001
 1.9829378e-001
 1.9857980e-001
 1.9867674e-001
 1.9870752e-001
 1.9860522e-001
 1.9857477e-001
 1.9869280e-001
 1.9879203e-001
 1.9893275e-001
 1.9904339e-001
 1.9905864e-001
 1.9905369e-001
 1.9902270e-001
 1.9893613e-001
 1.9879897e-001
 1.9877560e-001
 1.9877200e-001
 1.9877626e-001
 1.9870315e-001
 1.9860667e-001
 1.9848658e-001
 1.9830717e-001
 1.9823314e-001
 1.9825552e-001
 1.9827884e-001
 1.9834113e-001
 1.9828455e-001
 1.9821982e-001
 1.9818021e-001
 1.9808207e-001
 1.9815630e-001
 1.9836530e-001
 1.9856769e-001
 1.9881906e-001
 1.9921483e-001
 1.9944732e-001
 1.9943957e-001
 1.9951591e-001
 1.9943945e-001
 1.9948398e-001
 1.9978866e-001
 2.0002379e-001
 2.0020665e-001
 2.0038012e-001
 2.0055608e-001
 2.0063736e-001
 2.0064938e-001
 2.0083298e-001
 2.0105924e-001
 2.0121337e-001
 2.0140383e-001
 2.0165424e-001
 2.0176931e-001
 2.0180608e-001
 2.0185915e-001
 2.0178986e-001
 2.0187567e-001
 2.0207368e-001
 2.0209339e-001
 2.0215966e-001
 2.0219204e-001
 2.0214413e-001
 2.0208360e-001
 2.0207064e-001
 2.0202856e-001
 2.0193258e-001
 2.0199881e-001
 2.0212027e-001
 2.0220724e-001
 2.0231839e-001
 2.0238326e-001
 2.0245464e-001
 2.0239687e-001
 2.0235090e-001
 2.0241752e-001
 2.0239045e-001
 2.0245917e-001
 2.0255941e-001
 2.0252182e-001
 2.0249528e-001
 2.0243084e-001
 2.0242879e-001
 2.0242248e-001
 2.0247641e-001
 2.0257054e-001
 2.0256372e-001
 2.0252220e-001
 2.0239851e-001
 2.0223379e-001
 2.0211330e-001
 2.0201470e-001
 2.0203312e-001
 2.0208320e-001
 2.0212732e-001
 2.0208178e-001
 2.0193049e-001
 2.0182437e-001
 2.0171885e-001
 2.0161341e-001
 2.0152968e-001
 2.0153843e-001
 2.0155835e-001
 2.0145860e-001
 2.0137627e-001
 2.0116672e-001
 2.0085904e-001
 2.0059815e-001
 2.0032531e-001
 2.0012233e-001
 1.9993348e-001
 1.9974984e-001
 1.9953981e-001
 1.9918273e-001
 1.9877614e-001
 1.9833966e-001
 1.9788894e-001
 1.9758330e-001
 1.9744316e-001
 1.9727910e-001
 1.9694421e-001
 1.9662924e-001
 1.9623864e-001
 1.9571017e-001
 1.9543938e-001
 1.9528455e-001
 1.9512193e-001
 1.9498648e-001
 1.9477898e-001
 1.9456945e-001
 1.9428499e-001
 1.9394635e-001
 1.9363043e-001
 1.9341514e-001
 1.9336504e-001
 1.9326821e-001
 1.9313015e-001
 1.9298373e-001
 1.9273341e-001
 1.9250710e-001
 1.9228582e-001
 1.9211546e-001
 1.9206369e-001
 1.9197339e-001
 1.9189832e-001
 1.9178337e-001
 1.9163838e-001
 1.9143285e-001
 1.9121248e-001
 1.9111271e-001
 1.9101080e-001
 1.9097306e-001
 1.9100812e-001
 1.9089396e-001
 1.9073197e-001
 1.9054164e-001
 1.9030710e-001
 1.9002615e-001
 1.8981941e-001
 1.8977876e-001
 1.8972524e-001
 1.8973166e-001
 1.8961549e-001
 1.8926588e-001
 1.8899533e-001
 1.8875213e-001
 1.8856212e-001
 1.8845011e-001
 1.8828177e-001
 1.8809946e-001
 1.8774855e-001
 1.8733239e-001
 1.8691890e-001
 1.8639317e-001
 1.8612610e-001
 1.8596165e-001
 1.8564112e-001
 1.8535188e-001
 1.8501958e-001
 1.8460956e-001
 1.8423030e-001
 1.8386145e-001
 1.8365103e-001
 1.8350753e-001
 1.8340042e-001
 1.8339305e-001
 1.8339916e-001
 1.8322977e-001
 1.8281452e-001
 1.8249866e-001
 1.8220687e-001
 1.8200941e-001
 1.8207800e-001
 1.8213673e-001
 1.8228264e-001
 1.8239838e-001
 1.8223126e-001
 1.8207188e-001
 1.8189155e-001
 1.8170536e-001
 1.8164629e-001
 1.8156496e-001
 1.8149786e-001
 1.8133198e-001
 1.8107586e-001
 1.8086591e-001
 1.8066134e-001
 1.8028203e-001
 1.7985742e-001
 1.7951815e-001
 1.7913714e-001
 1.7864080e-001
 1.7809048e-001
 1.7747380e-001
 1.7675798e-001
 1.7596847e-001
 1.7518637e-001
 1.7443681e-001
 1.7358774e-001
 1.7276292e-001
 1.7196646e-001
 1.7080285e-001
 1.6959161e-001
 1.6821387e-001
 1.6670762e-001
 1.6544504e-001
 1.6410096e-001
 1.6265757e-001
 1.6114639e-001
 1.5921964e-001
 1.5721075e-001
 1.5524204e-001
 1.5325682e-001
 1.5136981e-001
 1.4937420e-001
 1.4736009e-001
 1.4510186e-001
 1.4252037e-001
 1.4008951e-001
 1.3756570e-001
 1.3494141e-001
 1.3263358e-001
 1.3043755e-001
 1.2824894e-001
 1.2596741e-001
 1.2363447e-001
 1.2133630e-001
 1.1891068e-001
 1.1700696e-001
 1.1535592e-001
 1.1368863e-001
 1.1221657e-001
 1.1075187e-001
 1.0929259e-001
 1.0807004e-001
 1.0694964e-001
 1.0592289e-001
 1.0507549e-001
 1.0438330e-001
 1.0382948e-001
 1.0309710e-001
 1.0235716e-001
 1.0153753e-001
 1.0063761e-001
 9.9923305e-002
 9.9344492e-002
 9.8761298e-002
 9.7914599e-002
 9.7040899e-002
 9.5898539e-002
 9.4567604e-002
 9.3298666e-002
 9.1773175e-002
 9.0164572e-002
 8.8893071e-002
 8.7658055e-002
 8.6320080e-002
 8.4899135e-002
 8.3212182e-002
 8.1534557e-002
 7.9966061e-002
 7.8762740e-002
 7.8001797e-002
 7.7266842e-002
 7.6833524e-002
 7.6433897e-002
 7.5880513e-002
 7.5659573e-002
 7.5718351e-002
 7.6262765e-002
 7.7226833e-002
 7.8178428e-002
 7.9335302e-002
 8.0442525e-002
 8.1169993e-002
 8.2167514e-002
 8.3299793e-002
 8.4362760e-002
 8.5790545e-002
 8.7237991e-002
 8.8607118e-002
 8.9657187e-002
 9.0334706e-002
 9.1074966e-002
 9.1159731e-002
 9.0880901e-002
 9.1215715e-002
 9.1363616e-002
 9.1319263e-002
 9.1619618e-002
 9.1224037e-002
 8.9996055e-002
 8.8814124e-002
 8.7797485e-002
 8.7034158e-002
 8.6509131e-002
 8.5930608e-002
 8.4930949e-002
 8.3516560e-002
 8.2160644e-002
 8.0732875e-002
 7.9614155e-002
 7.9043508e-002
 7.8730315e-002
 7.9133257e-002
 7.9162344e-002
 7.8639030e-002
 7.8851648e-002
 7.8705959e-002
 7.9001114e-002
 8.0737934e-002
 8.1951320e-002
 8.2949117e-002
 8.4014975e-002
 8.4394887e-002
 8.4697478e-002
 8.5012689e-002
 8.5579574e-002
 8.6373985e-002
 8.6948618e-002
 8.7952003e-002
 8.8710457e-002
 8.8315025e-002
 8.7821029e-002
 8.7431304e-002
 8.7176844e-002
 8.7724335e-002
 8.8797539e-002
 8.9792795e-002
 8.9974813e-002
 8.9470558e-002
 8.9197680e-002
 8.8688843e-002
 8.8238508e-002
 8.8814639e-002
 8.9323036e-002
 8.9729220e-002
 9.0152778e-002
 8.9775912e-002
 8.9125045e-002
 8.7725423e-002
 8.6631656e-002
 8.7710597e-002
 8.9208916e-002
 9.0249702e-002
 9.0705805e-002
 8.9754313e-002
 8.8279247e-002
 8.6830087e-002
 8.6520247e-002
 8.7907270e-002
 8.8938624e-002
 8.9892015e-002
 9.0196230e-002
 8.8752493e-002
 8.7664843e-002
 8.6762547e-002
 8.6249620e-002
 8.7308779e-002
 8.8116437e-002
 8.9204818e-002
 8.9969084e-002
 8.8661321e-002
 8.7259695e-002
 8.5393593e-002
 8.5086666e-002
 8.7546416e-002
 8.8749044e-002
 9.0426229e-002
 9.1353506e-002
 8.9314818e-002
 8.8756897e-002
 8.7466806e-002
 8.5117675e-002
 8.5865915e-002
 8.7174691e-002
 8.8914454e-002
 9.0745136e-002
 9.0479292e-002
 9.0421259e-002
 8.9462630e-002
 8.8813856e-002
 9.0662010e-002
 9.1805324e-002
-1.2300000e+034
-1.2300000e+034
-1.2300000e+034
-1.2300000e+034
-1.2300000e+034
-1.2300000e+034
-1.2300000e+034
-1.2300000e+034
-1.2300000e+034
-1.2300000e+034
-1.2300000e+034
-1.2300000e+034
-1.2300000e+034
-1.2300000e+034
-1.2300000e+034
-1.2300000e+034
-1.2300000e+034
-1.2300000e+034
-1.2300000e+034
-1.2300000e+034
-1.2300000e+034
-1.2300000e+034
-1.2300000e+034
-1.2300000e+034
-1.2300000e+034
-1.2300000e+034
-1.2300000e+034
-1.2300000e+034
-1.2300000e+034
-1.2300000e+034
-1.2300000e+034
-1.2300000e+034
-1.2300000e+034
-1.2300000e+034
-1.2300000e+034
-1.2300000e+034
-1.2300000e+034
-1.2300000e+034
-1.2300000e+034
-1.2300000e+034
-1.2300000e+034
-1.2300000e+034
-1.2300000e+034
-1.2300000e+034
-1.2300000e+034
-1.2300000e+034
-1.2300000e+034
-1.2300000e+034
-1.2300000e+034
-1.2300000e+034
-1.2300000e+034
-1.2300000e+034
-1.2300000e+034
-1.2300000e+034
-1.2300000e+034
-1.2300000e+034
-1.2300000e+034
-1.2300000e+034
-1.2300000e+034
-1.2300000e+034
-1.2300000e+034
-1.2300000e+034
-1.2300000e+034
-1.2300000e+034
-1.2300000e+034
-1.2300000e+034
-1.2300000e+034
-1.2300000e+034
-1.2300000e+034
-1.2300000e+034
-1.2300000e+034
-1.2300000e+034
-1.2300000e+034
-1.2300000e+034
-1.2300000e+034
