 splib07a Record=19345: Oil23_Water77 DWH10-3 8 mm   ASDHRa AREF
 5.8571354e-002
 5.8574956e-002
 5.1806495e-002
 4.7483865e-002
 4.3314833e-002
 4.1867420e-002
 4.3201890e-002
 3.9434548e-002
 3.6159445e-002
 3.5966728e-002
 3.7434779e-002
 3.5253286e-002
 3.4139324e-002
 3.5065897e-002
 3.4995921e-002
 3.4086093e-002
 3.2753222e-002
 3.2023434e-002
 3.2458007e-002
 3.2278232e-002
 3.1902559e-002
 3.2075278e-002
 3.2333199e-002
 3.1676240e-002
 3.1229625e-002
 3.2181572e-002
 3.2368064e-002
 3.2231838e-002
 3.2360610e-002
 3.3107951e-002
 3.3479083e-002
 3.3684440e-002
 3.3645783e-002
 3.3350937e-002
 3.4411814e-002
 3.5273761e-002
 3.4841120e-002
 3.4863111e-002
 3.5135113e-002
 3.5539620e-002
 3.5896804e-002
 3.6278039e-002
 3.6820605e-002
 3.7248317e-002
 3.7161682e-002
 3.7232067e-002
 3.7471473e-002
 3.7918132e-002
 3.8541611e-002
 3.8882811e-002
 3.9210211e-002
 3.9880566e-002
 4.0689018e-002
 4.1167360e-002
 4.1324835e-002
 4.1652329e-002
 4.2501613e-002
 4.2872943e-002
 4.2887520e-002
 4.3619812e-002
 4.4288255e-002
 4.4944599e-002
 4.5562979e-002
 4.6087127e-002
 4.6874717e-002
 4.7651142e-002
 4.8167329e-002
 4.8837509e-002
 4.9435206e-002
 5.0056137e-002
 5.0882533e-002
 5.1590212e-002
 5.2318204e-002
 5.3083956e-002
 5.3777471e-002
 5.4597355e-002
 5.5276513e-002
 5.5798635e-002
 5.6726504e-002
 5.7509139e-002
 5.8175415e-002
 5.8979683e-002
 5.9730373e-002
 6.0513742e-002
 6.1338063e-002
 6.2134534e-002
 6.2921874e-002
 6.3698493e-002
 6.4458773e-002
 6.5210119e-002
 6.6033654e-002
 6.6889271e-002
 6.7680813e-002
 6.8442427e-002
 6.9302797e-002
 7.0197098e-002
 7.0940860e-002
 7.1807295e-002
 7.2713085e-002
 7.3593639e-002
 7.4492022e-002
 7.5306058e-002
 7.6175742e-002
 7.7214286e-002
 7.8116924e-002
 7.8952238e-002
 7.9812601e-002
 8.0777079e-002
 8.1759587e-002
 8.2680807e-002
 8.3539017e-002
 8.4468395e-002
 8.5423894e-002
 8.6390629e-002
 8.7349601e-002
 8.8281028e-002
 8.9237958e-002
 9.0171784e-002
 9.1012679e-002
 9.2012793e-002
 9.3050301e-002
 9.4018772e-002
 9.4989054e-002
 9.5934421e-002
 9.6945472e-002
 9.8055884e-002
 9.9025093e-002
 9.9950783e-002
 1.0092352e-001
 1.0196426e-001
 1.0295869e-001
 1.0393168e-001
 1.0492642e-001
 1.0593605e-001
 1.0690693e-001
 1.0790543e-001
 1.0898151e-001
 1.0995425e-001
 1.1093696e-001
 1.1195856e-001
 1.1295326e-001
 1.1399875e-001
 1.1506089e-001
 1.1609528e-001
 1.1711485e-001
 1.1817709e-001
 1.1924702e-001
 1.2026935e-001
 1.2132584e-001
 1.2233662e-001
 1.2331569e-001
 1.2437624e-001
 1.2542129e-001
 1.2647434e-001
 1.2754217e-001
 1.2856534e-001
 1.2962855e-001
 1.3073418e-001
 1.3180338e-001
 1.3279131e-001
 1.3382572e-001
 1.3493888e-001
 1.3599966e-001
 1.3711788e-001
 1.3824387e-001
 1.3930009e-001
 1.4033037e-001
 1.4139813e-001
 1.4252070e-001
 1.4365196e-001
 1.4475431e-001
 1.4584219e-001
 1.4692946e-001
 1.4801419e-001
 1.4914432e-001
 1.5028754e-001
 1.5140527e-001
 1.5255356e-001
 1.5365271e-001
 1.5470861e-001
 1.5582085e-001
 1.5696485e-001
 1.5811916e-001
 1.5925266e-001
 1.6037048e-001
 1.6153112e-001
 1.6274510e-001
 1.6397063e-001
 1.6516104e-001
 1.6636449e-001
 1.6760561e-001
 1.6884398e-001
 1.7007099e-001
 1.7131455e-001
 1.7258994e-001
 1.7383057e-001
 1.7504974e-001
 1.7627829e-001
 1.7753054e-001
 1.7871557e-001
 1.7985028e-001
 1.8096955e-001
 1.8209048e-001
 1.8319859e-001
 1.8429269e-001
 1.8537293e-001
 1.8642779e-001
 1.8750107e-001
 1.8861508e-001
 1.8976201e-001
 1.9096090e-001
 1.9218978e-001
 1.9342129e-001
 1.9465579e-001
 1.9588992e-001
 1.9713432e-001
 1.9840455e-001
 1.9967940e-001
 2.0092171e-001
 2.0210910e-001
 2.0327309e-001
 2.0445849e-001
 2.0571654e-001
 2.0704892e-001
 2.0832917e-001
 2.0954959e-001
 2.1070907e-001
 2.1183245e-001
 2.1298940e-001
 2.1412660e-001
 2.1523097e-001
 2.1642959e-001
 2.1768640e-001
 2.1898876e-001
 2.2031927e-001
 2.2163625e-001
 2.2292994e-001
 2.2419533e-001
 2.2543733e-001
 2.2668065e-001
 2.2792786e-001
 2.2918563e-001
 2.3046410e-001
 2.3169534e-001
 2.3287916e-001
 2.3407739e-001
 2.3528823e-001
 2.3652411e-001
 2.3777772e-001
 2.3902212e-001
 2.4027091e-001
 2.4154717e-001
 2.4286214e-001
 2.4416372e-001
 2.4545319e-001
 2.4674267e-001
 2.4804783e-001
 2.4934380e-001
 2.5061005e-001
 2.5185820e-001
 2.5314757e-001
 2.5443247e-001
 2.5568783e-001
 2.5692946e-001
 2.5822413e-001
 2.5952157e-001
 2.6078388e-001
 2.6204956e-001
 2.6335445e-001
 2.6463380e-001
 2.6583749e-001
 2.6710567e-001
 2.6839849e-001
 2.6969072e-001
 2.7097586e-001
 2.7224571e-001
 2.7352405e-001
 2.7481791e-001
 2.7609119e-001
 2.7737680e-001
 2.7865747e-001
 2.7990109e-001
 2.8115663e-001
 2.8244564e-001
 2.8375846e-001
 2.8504860e-001
 2.8632891e-001
 2.8760603e-001
 2.8888077e-001
 2.9013437e-001
 2.9139709e-001
 2.9267395e-001
 2.9394764e-001
 2.9521218e-001
 2.9646751e-001
 2.9771772e-001
 2.9896608e-001
 3.0021799e-001
 3.0146599e-001
 3.0271176e-001
 3.0398589e-001
 3.0525467e-001
 3.0650893e-001
 3.0776027e-001
 3.0897444e-001
 3.1020471e-001
 3.1146953e-001
 3.1269422e-001
 3.1395102e-001
 3.1520995e-001
 3.1640914e-001
 3.1762141e-001
 3.1885317e-001
 3.2010666e-001
 3.2136005e-001
 3.2255927e-001
 3.2375145e-001
 3.2499042e-001
 3.2622978e-001
 3.2745296e-001
 3.2866803e-001
 3.2989293e-001
 3.3109415e-001
 3.3229682e-001
 3.3352324e-001
 3.3476320e-001
 3.3598578e-001
 3.3718264e-001
 3.3836669e-001
 3.3956438e-001
 3.4077412e-001
 3.4197342e-001
 3.4313875e-001
 3.4432143e-001
 3.4554380e-001
 3.4678233e-001
 3.4796554e-001
 3.4916377e-001
 3.5038927e-001
 3.5161275e-001
 3.5278913e-001
 3.5395801e-001
 3.5510859e-001
 3.5621923e-001
 3.5743237e-001
 3.5867700e-001
 3.5985807e-001
 3.6098117e-001
 3.6211821e-001
 3.6329326e-001
 3.6449212e-001
 3.6568615e-001
 3.6683151e-001
 3.6794445e-001
 3.6907846e-001
 3.7015334e-001
 3.7123185e-001
 3.7236309e-001
 3.7349927e-001
 3.7463805e-001
 3.7578288e-001
 3.7693098e-001
 3.7803584e-001
 3.7912285e-001
 3.8020691e-001
 3.8128337e-001
 3.8237086e-001
 3.8346034e-001
 3.8453963e-001
 3.8561606e-001
 3.8670602e-001
 3.8780859e-001
 3.8891715e-001
 3.9003736e-001
 3.9114159e-001
 3.9220017e-001
 3.9320177e-001
 3.9420506e-001
 3.9526859e-001
 3.9639419e-001
 3.9747354e-001
 3.9850706e-001
 3.9950863e-001
 4.0051526e-001
 4.0154898e-001
 4.0257385e-001
 4.0355912e-001
 4.0451795e-001
 4.0553570e-001
 4.0658522e-001
 4.0762177e-001
 4.0864101e-001
 4.0966159e-001
 4.1068938e-001
 4.1171393e-001
 4.1271162e-001
 4.1370472e-001
 4.1470870e-001
 4.1572237e-001
 4.1672745e-001
 4.1771534e-001
 4.1869640e-001
 4.1969955e-001
 4.2069376e-001
 4.2165598e-001
 4.2258278e-001
 4.2351088e-001
 4.2446563e-001
 4.2545149e-001
 4.2644835e-001
 4.2743388e-001
 4.2839041e-001
 4.2932811e-001
 4.3028820e-001
 4.3126693e-001
 4.3223694e-001
 4.3317273e-001
 4.3409339e-001
 4.3502688e-001
 4.3599302e-001
 4.3697512e-001
 4.3790191e-001
 4.3880185e-001
 4.3969876e-001
 4.4060582e-001
 4.4154042e-001
 4.4248155e-001
 4.4340825e-001
 4.4433054e-001
 4.4526783e-001
 4.4618273e-001
 4.4705164e-001
 4.4793618e-001
 4.4883016e-001
 4.4974354e-001
 4.5067161e-001
 4.5156130e-001
 4.5242730e-001
 4.5328319e-001
 4.5413208e-001
 4.5497233e-001
 4.5582172e-001
 4.5668763e-001
 4.5756379e-001
 4.5847973e-001
 4.5937437e-001
 4.6020207e-001
 4.6103898e-001
 4.6186790e-001
 4.6269244e-001
 4.6352649e-001
 4.6437755e-001
 4.6525428e-001
 4.6613848e-001
 4.6700075e-001
 4.6786627e-001
 4.6868125e-001
 4.6943960e-001
 4.7021559e-001
 4.7097301e-001
 4.7173584e-001
 4.7251779e-001
 4.7329235e-001
 4.7410095e-001
 4.7493777e-001
 4.7575080e-001
 4.7648627e-001
 4.7719547e-001
 4.7792214e-001
 4.7868368e-001
 4.7945410e-001
 4.8020804e-001
 4.8094940e-001
 4.8171461e-001
 4.8248866e-001
 4.8326460e-001
 4.8403019e-001
 4.8477504e-001
 4.8550236e-001
 4.8622409e-001
 4.8693171e-001
 4.8760357e-001
 4.8832756e-001
 4.8906049e-001
 4.8972777e-001
 4.9039856e-001
 4.9106824e-001
 4.9172860e-001
 4.9237841e-001
 4.9306366e-001
 4.9379316e-001
 4.9453634e-001
 4.9523535e-001
 4.9591726e-001
 4.9664026e-001
 4.9740651e-001
 4.9812338e-001
 4.9879661e-001
 4.9949130e-001
 5.0021827e-001
 5.0087428e-001
 5.0154060e-001
 5.0224108e-001
 5.0296015e-001
 5.0364184e-001
 5.0429153e-001
 5.0494653e-001
 5.0563002e-001
 5.0628257e-001
 5.0693840e-001
 5.0758195e-001
 5.0819176e-001
 5.0881219e-001
 5.0941044e-001
 5.1000637e-001
 5.1065159e-001
 5.1131284e-001
 5.1195902e-001
 5.1258320e-001
 5.1321095e-001
 5.1384372e-001
 5.1446527e-001
 5.1507962e-001
 5.1571077e-001
 5.1632184e-001
 5.1691103e-001
 5.1749277e-001
 5.1809591e-001
 5.1871485e-001
 5.1932454e-001
 5.1989549e-001
 5.2044451e-001
 5.2105027e-001
 5.2165067e-001
 5.2218759e-001
 5.2272314e-001
 5.2329451e-001
 5.2386993e-001
 5.2442431e-001
 5.2500647e-001
 5.2558249e-001
 5.2612990e-001
 5.2664042e-001
 5.2715659e-001
 5.2772945e-001
 5.2828866e-001
 5.2877170e-001
 5.2928799e-001
 5.2982420e-001
 5.3033006e-001
 5.3078318e-001
 5.3127325e-001
 5.3175503e-001
 5.3220946e-001
 5.3263140e-001
 5.3303915e-001
 5.3347540e-001
 5.3390151e-001
 5.3427082e-001
 5.3465575e-001
 5.3505957e-001
 5.3546196e-001
 5.3583711e-001
 5.3622210e-001
 5.3667063e-001
 5.3712398e-001
 5.3750336e-001
 5.3789002e-001
 5.3829145e-001
 5.3867596e-001
 5.3898031e-001
 5.3922457e-001
 5.3956097e-001
 5.3990698e-001
 5.4014099e-001
 5.4040670e-001
 5.4065639e-001
 5.4087859e-001
 5.4105872e-001
 5.4119068e-001
 5.4135787e-001
 5.4155368e-001
 5.4170448e-001
 5.4175782e-001
 5.4180646e-001
 5.4187816e-001
 5.4197347e-001
 5.4207015e-001
 5.4209417e-001
 5.4211128e-001
 5.4213881e-001
 5.4202354e-001
 5.4184061e-001
 5.4174167e-001
 5.4167151e-001
 5.4131675e-001
 5.4097420e-001
 5.4059643e-001
 5.4019415e-001
 5.3984731e-001
 5.3931051e-001
 5.3866762e-001
 5.3803301e-001
 5.3744239e-001
 5.3683758e-001
 5.3625160e-001
 5.3568232e-001
 5.3513592e-001
 5.3474391e-001
 5.3443444e-001
 5.3413838e-001
 5.3383684e-001
 5.3361553e-001
 5.3357488e-001
 5.3367996e-001
 5.3377408e-001
 5.3377932e-001
 5.3383052e-001
 5.3401351e-001
 5.3427458e-001
 5.3444827e-001
 5.3468376e-001
 5.3493851e-001
 5.3519326e-001
 5.3553694e-001
 5.3590506e-001
 5.3628349e-001
 5.3663957e-001
 5.3696173e-001
 5.3735942e-001
 5.3780752e-001
 5.3831828e-001
 5.3886408e-001
 5.3930044e-001
 5.3983331e-001
 5.4038084e-001
 5.4078442e-001
 5.4127508e-001
 5.4196328e-001
 5.4271370e-001
 5.4333913e-001
 5.4383236e-001
 5.4424334e-001
 5.4483742e-001
 5.4563141e-001
 5.4631782e-001
 5.4701561e-001
 5.4777253e-001
 5.4839551e-001
 5.4891104e-001
 5.4941601e-001
 5.5099028e-001
 5.5177480e-001
 5.5252028e-001
 5.5322319e-001
 5.5399227e-001
 5.5478621e-001
 5.5555952e-001
 5.5638981e-001
 5.5717164e-001
 5.5786735e-001
 5.5863887e-001
 5.5945295e-001
 5.6026739e-001
 5.6107014e-001
 5.6181216e-001
 5.6258833e-001
 5.6332684e-001
 5.6409413e-001
 5.6488436e-001
 5.6570470e-001
 5.6652689e-001
 5.6734127e-001
 5.6821561e-001
 5.6905466e-001
 5.6985235e-001
 5.7066542e-001
 5.7150245e-001
 5.7227659e-001
 5.7299185e-001
 5.7374990e-001
 5.7452220e-001
 5.7531542e-001
 5.7605010e-001
 5.7679999e-001
 5.7751018e-001
 5.7812238e-001
 5.7880765e-001
 5.7953525e-001
 5.8022720e-001
 5.8089513e-001
 5.8163923e-001
 5.8233911e-001
 5.8302498e-001
 5.8370334e-001
 5.8433944e-001
 5.8498621e-001
 5.8563858e-001
 5.8626860e-001
 5.8692074e-001
 5.8753181e-001
 5.8808833e-001
 5.8865553e-001
 5.8921629e-001
 5.8978122e-001
 5.9032369e-001
 5.9086710e-001
 5.9138787e-001
 5.9189504e-001
 5.9239924e-001
 5.9286362e-001
 5.9332997e-001
 5.9380245e-001
 5.9423530e-001
 5.9462488e-001
 5.9503847e-001
 5.9547681e-001
 5.9583974e-001
 5.9617829e-001
 5.9648412e-001
 5.9672987e-001
 5.9696746e-001
 5.9720337e-001
 5.9745800e-001
 5.9774667e-001
 5.9801245e-001
 5.9829879e-001
 5.9863091e-001
 5.9891605e-001
 5.9910512e-001
 5.9928256e-001
 5.9940535e-001
 5.9952307e-001
 5.9961802e-001
 5.9972733e-001
 5.9983397e-001
 5.9989053e-001
 5.9997976e-001
 6.0007221e-001
 6.0013855e-001
 6.0018867e-001
 6.0023385e-001
 6.0026008e-001
 6.0025114e-001
 6.0017884e-001
 6.0006195e-001
 5.9996903e-001
 5.9988302e-001
 5.9981781e-001
 5.9972888e-001
 5.9967631e-001
 5.9951043e-001
 5.9930271e-001
 5.9907049e-001
 5.9884113e-001
 5.9863418e-001
 5.9843343e-001
 5.9825373e-001
 5.9803545e-001
 5.9782809e-001
 5.9759927e-001
 5.9733039e-001
 5.9707040e-001
 5.9674567e-001
 5.9639305e-001
 5.9600407e-001
 5.9560877e-001
 5.9518069e-001
 5.9472144e-001
 5.9424925e-001
 5.9371436e-001
 5.9306312e-001
 5.9234244e-001
 5.9154993e-001
 5.9061086e-001
 5.8952802e-001
 5.8830601e-001
 5.8692205e-001
 5.8535713e-001
 5.8361709e-001
 5.8166176e-001
 5.7946146e-001
 5.7703859e-001
 5.7439852e-001
 5.7150811e-001
 5.6842685e-001
 5.6517506e-001
 5.6170762e-001
 5.5806947e-001
 5.5432016e-001
 5.5047095e-001
 5.4657918e-001
 5.4271799e-001
 5.3889465e-001
 5.3510380e-001
 5.3139210e-001
 5.2780908e-001
 5.2437395e-001
 5.2116853e-001
 5.1820374e-001
 5.1545107e-001
 5.1291400e-001
 5.1063102e-001
 5.0856823e-001
 5.0668931e-001
 5.0502568e-001
 5.0353217e-001
 5.0217938e-001
 5.0098884e-001
 4.9991453e-001
 4.9894235e-001
 4.9806187e-001
 4.9720925e-001
 4.9639162e-001
 4.9562615e-001
 4.9489346e-001
 4.9421519e-001
 4.9357787e-001
 4.9300036e-001
 4.9249265e-001
 4.9200025e-001
 4.9149731e-001
 4.9097866e-001
 4.9041107e-001
 4.8982033e-001
 4.8921433e-001
 4.8857254e-001
 4.8787937e-001
 4.8711842e-001
 4.8629004e-001
 4.8537868e-001
 4.8440591e-001
 4.8336312e-001
 4.8226759e-001
 4.8106068e-001
 4.7990537e-001
 4.7867987e-001
 4.7754648e-001
 4.7643480e-001
 4.7539577e-001
 4.7441840e-001
 4.7355673e-001
 4.7284016e-001
 4.7226924e-001
 4.7185531e-001
 4.7155628e-001
 4.7131911e-001
 4.7115606e-001
 4.7102919e-001
 4.7091255e-001
 4.7082272e-001
 4.7074196e-001
 4.7063309e-001
 4.7051328e-001
 4.7038588e-001
 4.7020820e-001
 4.7007337e-001
 4.6993178e-001
 4.6984562e-001
 4.6982139e-001
 4.6988016e-001
 4.7000730e-001
 4.7024110e-001
 4.7058100e-001
 4.7103727e-001
 4.7164050e-001
 4.7235173e-001
 4.7316572e-001
 4.7411713e-001
 4.7516131e-001
 4.7625831e-001
 4.7740483e-001
 4.7865042e-001
 4.7986889e-001
 4.8114243e-001
 4.8237541e-001
 4.8361641e-001
 4.8481068e-001
 4.8596960e-001
 4.8709565e-001
 4.8817652e-001
 4.8920819e-001
 4.9020320e-001
 4.9117672e-001
 4.9213070e-001
 4.9303296e-001
 4.9386659e-001
 4.9465725e-001
 4.9541023e-001
 4.9612772e-001
 4.9683139e-001
 4.9752137e-001
 4.9818513e-001
 4.9882179e-001
 4.9944454e-001
 5.0004596e-001
 5.0063741e-001
 5.0122517e-001
 5.0175840e-001
 5.0230581e-001
 5.0281274e-001
 5.0325918e-001
 5.0369692e-001
 5.0409341e-001
 5.0446570e-001
 5.0485140e-001
 5.0523204e-001
 5.0557667e-001
 5.0589710e-001
 5.0619864e-001
 5.0648493e-001
 5.0672638e-001
 5.0694692e-001
 5.0711799e-001
 5.0722969e-001
 5.0733161e-001
 5.0740653e-001
 5.0745666e-001
 5.0749391e-001
 5.0749069e-001
 5.0742996e-001
 5.0732338e-001
 5.0716078e-001
 5.0691825e-001
 5.0662023e-001
 5.0628024e-001
 5.0589901e-001
 5.0548458e-001
 5.0504208e-001
 5.0456995e-001
 5.0405645e-001
 5.0350106e-001
 5.0290906e-001
 5.0226867e-001
 5.0161815e-001
 5.0094795e-001
 5.0022453e-001
 4.9949700e-001
 4.9867904e-001
 4.9776202e-001
 4.9683210e-001
 4.9585533e-001
 4.9482220e-001
 4.9377200e-001
 4.9267653e-001
 4.9150077e-001
 4.9025545e-001
 4.8892915e-001
 4.8752624e-001
 4.8608491e-001
 4.8461181e-001
 4.8307183e-001
 4.8148105e-001
 4.7984612e-001
 4.7816420e-001
 4.7641665e-001
 4.7462684e-001
 4.7278106e-001
 4.7088549e-001
 4.6892667e-001
 4.6693546e-001
 4.6485963e-001
 4.6272406e-001
 4.6051151e-001
 4.5822549e-001
 4.5589215e-001
 4.5349544e-001
 4.5107085e-001
 4.4863266e-001
 4.4616243e-001
 4.4364393e-001
 4.4108310e-001
 4.3846512e-001
 4.3579158e-001
 4.3310022e-001
 4.3038878e-001
 4.2765376e-001
 4.2487732e-001
 4.2211390e-001
 4.1933775e-001
 4.1657498e-001
 4.1382959e-001
 4.1107732e-001
 4.0833026e-001
 4.0560168e-001
 4.0284717e-001
 4.0015805e-001
 3.9751416e-001
 3.9488560e-001
 3.9227822e-001
 3.8973713e-001
 3.8719058e-001
 3.8470843e-001
 3.8229033e-001
 3.7990695e-001
 3.7760067e-001
 3.7532195e-001
 3.7304732e-001
 3.7081659e-001
 3.6862960e-001
 3.6647341e-001
 3.6435011e-001
 3.6229593e-001
 3.6019459e-001
 3.5810190e-001
 3.5599300e-001
 3.5387456e-001
 3.5173294e-001
 3.4961432e-001
 3.4742182e-001
 3.4521091e-001
 3.4292883e-001
 3.4065187e-001
 3.3822984e-001
 3.3574641e-001
 3.3316800e-001
 3.3042023e-001
 3.2755372e-001
 3.2455546e-001
 3.2134429e-001
 3.1798133e-001
 3.1442478e-001
 3.1060731e-001
 3.0660379e-001
 3.0239415e-001
 2.9798594e-001
 2.9335135e-001
 2.8850693e-001
 2.8341484e-001
 2.7808154e-001
 2.7250829e-001
 2.6670167e-001
 2.6067612e-001
 2.5436664e-001
 2.4802069e-001
 2.4144320e-001
 2.3494370e-001
 2.2839160e-001
 2.2187434e-001
 2.1524781e-001
 2.0881101e-001
 2.0228429e-001
 1.9605517e-001
 1.8996978e-001
 1.8406245e-001
 1.7837986e-001
 1.7290522e-001
 1.6762124e-001
 1.6257425e-001
 1.5777163e-001
 1.5321831e-001
 1.4890732e-001
 1.4482512e-001
 1.4099734e-001
 1.3741854e-001
 1.3404578e-001
 1.3091724e-001
 1.2796238e-001
 1.2520708e-001
 1.2264584e-001
 1.2029421e-001
 1.1808760e-001
 1.1609095e-001
 1.1419582e-001
 1.1244809e-001
 1.1080714e-001
 1.0930000e-001
 1.0789364e-001
 1.0661896e-001
 1.0540788e-001
 1.0431468e-001
 1.0326608e-001
 1.0227923e-001
 1.0135912e-001
 1.0051720e-001
 9.9719919e-002
 9.8975986e-002
 9.8277800e-002
 9.7604811e-002
 9.6962377e-002
 9.6358709e-002
 9.5785975e-002
 9.5246516e-002
 9.4742782e-002
 9.4259247e-002
 9.3822367e-002
 9.3427099e-002
 9.3080088e-002
 9.2749804e-002
 9.2459738e-002
 9.2181534e-002
 9.1914319e-002
 9.1696270e-002
 9.1519699e-002
 9.1356657e-002
 9.1229059e-002
 9.1111362e-002
 9.1008380e-002
 9.0924151e-002
 9.0863548e-002
 9.0819180e-002
 9.0789728e-002
 9.0776972e-002
 9.0785243e-002
 9.0808734e-002
 9.0852469e-002
 9.0901427e-002
 9.0948112e-002
 9.1033302e-002
 9.1130257e-002
 9.1264352e-002
 9.1438740e-002
 9.1646418e-002
 9.1894075e-002
 9.2193335e-002
 9.2538156e-002
 9.2928730e-002
 9.3357012e-002
 9.3819305e-002
 9.4322838e-002
 9.4852842e-002
 9.5409892e-002
 9.5994420e-002
 9.6596949e-002
 9.7226530e-002
 9.7878762e-002
 9.8558448e-002
 9.9254116e-002
 9.9967666e-002
 1.0071178e-001
 1.0148133e-001
 1.0226949e-001
 1.0308933e-001
 1.0391843e-001
 1.0476224e-001
 1.0563018e-001
 1.0652070e-001
 1.0742148e-001
 1.0834287e-001
 1.0927264e-001
 1.1021216e-001
 1.1116645e-001
 1.1214215e-001
 1.1312400e-001
 1.1411566e-001
 1.1511651e-001
 1.1613210e-001
 1.1714355e-001
 1.1815062e-001
 1.1918222e-001
 1.2022351e-001
 1.2127772e-001
 1.2235998e-001
 1.2343282e-001
 1.2451021e-001
 1.2558810e-001
 1.2667289e-001
 1.2777838e-001
 1.2888977e-001
 1.3000670e-001
 1.3111883e-001
 1.3223551e-001
 1.3335770e-001
 1.3448153e-001
 1.3562451e-001
 1.3676536e-001
 1.3789907e-001
 1.3905622e-001
 1.4020693e-001
 1.4135854e-001
 1.4253938e-001
 1.4370543e-001
 1.4486964e-001
 1.4604093e-001
 1.4721078e-001
 1.4837982e-001
 1.4955373e-001
 1.5073414e-001
 1.5190212e-001
 1.5306479e-001
 1.5422602e-001
 1.5538153e-001
 1.5653925e-001
 1.5770051e-001
 1.5885732e-001
 1.5999906e-001
 1.6116606e-001
 1.6234793e-001
 1.6351411e-001
 1.6469438e-001
 1.6585940e-001
 1.6700025e-001
 1.6816568e-001
 1.6933836e-001
 1.7050345e-001
 1.7167760e-001
 1.7285021e-001
 1.7402059e-001
 1.7518756e-001
 1.7637058e-001
 1.7752089e-001
 1.7865756e-001
 1.7977297e-001
 1.8085705e-001
 1.8194251e-001
 1.8301205e-001
 1.8407694e-001
 1.8514554e-001
 1.8619774e-001
 1.8721895e-001
 1.8825865e-001
 1.8930960e-001
 1.9033989e-001
 1.9136825e-001
 1.9240239e-001
 1.9341429e-001
 1.9441529e-001
 1.9540317e-001
 1.9637741e-001
 1.9733045e-001
 1.9826064e-001
 1.9918035e-001
 2.0008853e-001
 2.0098805e-001
 2.0188403e-001
 2.0277007e-001
 2.0364137e-001
 2.0451416e-001
 2.0538069e-001
 2.0624645e-001
 2.0712863e-001
 2.0798580e-001
 2.0883349e-001
 2.0968181e-001
 2.1050942e-001
 2.1135256e-001
 2.1219443e-001
 2.1303122e-001
 2.1385360e-001
 2.1463031e-001
 2.1539688e-001
 2.1614186e-001
 2.1686205e-001
 2.1758363e-001
 2.1828966e-001
 2.1897356e-001
 2.1964176e-001
 2.2031160e-001
 2.2098376e-001
 2.2163497e-001
 2.2226292e-001
 2.2287825e-001
 2.2348365e-001
 2.2407272e-001
 2.2465478e-001
 2.2524017e-001
 2.2580598e-001
 2.2636926e-001
 2.2695473e-001
 2.2753477e-001
 2.2810107e-001
 2.2865663e-001
 2.2919761e-001
 2.2971155e-001
 2.3020099e-001
 2.3067673e-001
 2.3113997e-001
 2.3160221e-001
 2.3206951e-001
 2.3254126e-001
 2.3300800e-001
 2.3347229e-001
 2.3393598e-001
 2.3436625e-001
 2.3477246e-001
 2.3516527e-001
 2.3551488e-001
 2.3586054e-001
 2.3621477e-001
 2.3653691e-001
 2.3686084e-001
 2.3719159e-001
 2.3751047e-001
 2.3784897e-001
 2.3820618e-001
 2.3856705e-001
 2.3891954e-001
 2.3923869e-001
 2.3953608e-001
 2.3981906e-001
 2.4006781e-001
 2.4032713e-001
 2.4059147e-001
 2.4082099e-001
 2.4106240e-001
 2.4129993e-001
 2.4151644e-001
 2.4173756e-001
 2.4194230e-001
 2.4213457e-001
 2.4232107e-001
 2.4248356e-001
 2.4261659e-001
 2.4272171e-001
 2.4279518e-001
 2.4284188e-001
 2.4288134e-001
 2.4290720e-001
 2.4289078e-001
 2.4283156e-001
 2.4275632e-001
 2.4264364e-001
 2.4250661e-001
 2.4237166e-001
 2.4219693e-001
 2.4201705e-001
 2.4182373e-001
 2.4158832e-001
 2.4135412e-001
 2.4109715e-001
 2.4080418e-001
 2.4050240e-001
 2.4018219e-001
 2.3984548e-001
 2.3946989e-001
 2.3903713e-001
 2.3858868e-001
 2.3809762e-001
 2.3757166e-001
 2.3704468e-001
 2.3646061e-001
 2.3579365e-001
 2.3504435e-001
 2.3419121e-001
 2.3325729e-001
 2.3225470e-001
 2.3116706e-001
 2.3002611e-001
 2.2881477e-001
 2.2754021e-001
 2.2625916e-001
 2.2498937e-001
 2.2378860e-001
 2.2266304e-001
 2.2158162e-001
 2.2055921e-001
 2.1955059e-001
 2.1853654e-001
 2.1752235e-001
 2.1645588e-001
 2.1533705e-001
 2.1419773e-001
 2.1303609e-001
 2.1190678e-001
 2.1083549e-001
 2.0979889e-001
 2.0883250e-001
 2.0794187e-001
 2.0712116e-001
 2.0633562e-001
 2.0556699e-001
 2.0476691e-001
 2.0388961e-001
 2.0294780e-001
 2.0191531e-001
 2.0081460e-001
 1.9965693e-001
 1.9845043e-001
 1.9721706e-001
 1.9600154e-001
 1.9480731e-001
 1.9362757e-001
 1.9251226e-001
 1.9148052e-001
 1.9053870e-001
 1.8974388e-001
 1.8909718e-001
 1.8855990e-001
 1.8817149e-001
 1.8795495e-001
 1.8790272e-001
 1.8797366e-001
 1.8815403e-001
 1.8846536e-001
 1.8886338e-001
 1.8931143e-001
 1.8975241e-001
 1.9009060e-001
 1.9033623e-001
 1.9049296e-001
 1.9056530e-001
 1.9050694e-001
 1.9029845e-001
 1.8996412e-001
 1.8951304e-001
 1.8892708e-001
 1.8822224e-001
 1.8743683e-001
 1.8656093e-001
 1.8563750e-001
 1.8471190e-001
 1.8373565e-001
 1.8270990e-001
 1.8165824e-001
 1.8058498e-001
 1.7951253e-001
 1.7843878e-001
 1.7740282e-001
 1.7642489e-001
 1.7546834e-001
 1.7456323e-001
 1.7371278e-001
 1.7289941e-001
 1.7219338e-001
 1.7159288e-001
 1.7107917e-001
 1.7065988e-001
 1.7030077e-001
 1.6998984e-001
 1.6973075e-001
 1.6949628e-001
 1.6930881e-001
 1.6915040e-001
 1.6903287e-001
 1.6890638e-001
 1.6879402e-001
 1.6866823e-001
 1.6853604e-001
 1.6840486e-001
 1.6826704e-001
 1.6813047e-001
 1.6799892e-001
 1.6785441e-001
 1.6771699e-001
 1.6758715e-001
 1.6745180e-001
 1.6731265e-001
 1.6716696e-001
 1.6702284e-001
 1.6686808e-001
 1.6671365e-001
 1.6657001e-001
 1.6638866e-001
 1.6620925e-001
 1.6607593e-001
 1.6595998e-001
 1.6589276e-001
 1.6583280e-001
 1.6572835e-001
 1.6563682e-001
 1.6553244e-001
 1.6541553e-001
 1.6533522e-001
 1.6527310e-001
 1.6529548e-001
 1.6527398e-001
 1.6526644e-001
 1.6522954e-001
 1.6514812e-001
 1.6506834e-001
 1.6497943e-001
 1.6490507e-001
 1.6483198e-001
 1.6473228e-001
 1.6463509e-001
 1.6452380e-001
 1.6435927e-001
 1.6425607e-001
 1.6418649e-001
 1.6414270e-001
 1.6408192e-001
 1.6397390e-001
 1.6385475e-001
 1.6367278e-001
 1.6345523e-001
 1.6325468e-001
 1.6300608e-001
 1.6275662e-001
 1.6253428e-001
 1.6224149e-001
 1.6191280e-001
 1.6133742e-001
 1.6107060e-001
 1.6063133e-001
 1.6013125e-001
 1.5955788e-001
 1.5895781e-001
 1.5826531e-001
 1.5754968e-001
 1.5680999e-001
 1.5600270e-001
 1.5513423e-001
 1.5429635e-001
 1.5337932e-001
 1.5235195e-001
 1.5127023e-001
 1.5012144e-001
 1.4887141e-001
 1.4754018e-001
 1.4612058e-001
 1.4462228e-001
 1.4309850e-001
 1.4146270e-001
 1.3970722e-001
 1.3786967e-001
 1.3596989e-001
 1.3393788e-001
 1.3177671e-001
 1.2955151e-001
 1.2718391e-001
 1.2455340e-001
 1.2188990e-001
 1.1912795e-001
 1.1631692e-001
 1.1352541e-001
 1.1064311e-001
 1.0771062e-001
 1.0463401e-001
 1.0148954e-001
 9.8235339e-002
 9.4930924e-002
 9.1580540e-002
 8.8235475e-002
 8.4846824e-002
 8.1496328e-002
 7.8175321e-002
 7.4929588e-002
 7.1713977e-002
 6.8619020e-002
 6.5592900e-002
 6.2543489e-002
 5.9625480e-002
 5.6742191e-002
 5.3995017e-002
 5.1446680e-002
 4.8982836e-002
 4.6569590e-002
 4.4285882e-002
 4.2086821e-002
 3.9993878e-002
 3.8087577e-002
 3.6387242e-002
 3.4783401e-002
 3.3290781e-002
 3.1936321e-002
 3.0750088e-002
 2.9622043e-002
 2.8571045e-002
 2.7627885e-002
 2.6822409e-002
 2.6013758e-002
 2.5249474e-002
 2.4651878e-002
 2.4087010e-002
 2.3485016e-002
 2.2964934e-002
 2.2616114e-002
 2.2263128e-002
 2.1861017e-002
 2.1529472e-002
 2.1248622e-002
 2.1006936e-002
 2.0775650e-002
 2.0649452e-002
 2.0486671e-002
 2.0203015e-002
 1.9986859e-002
 1.9824637e-002
 1.9663217e-002
 1.9539626e-002
 1.9440876e-002
 1.9397046e-002
 1.9325009e-002
 1.9273859e-002
 1.9183183e-002
 1.9103833e-002
 1.8961860e-002
 1.8870514e-002
 1.8906116e-002
 1.8920602e-002
 1.8936373e-002
 1.8957516e-002
 1.8948564e-002
 1.8951816e-002
 1.8932020e-002
 1.8956719e-002
 1.9012138e-002
 1.9102329e-002
 1.9169681e-002
 1.9249139e-002
 1.9322144e-002
 1.9330163e-002
 1.9354742e-002
 1.9406714e-002
 1.9465728e-002
 1.9500678e-002
 1.9567190e-002
 1.9667000e-002
 1.9804962e-002
 1.9922063e-002
 2.0059461e-002
 2.0188330e-002
 2.0242507e-002
 2.0325327e-002
 2.0443479e-002
 2.0561205e-002
 2.0723566e-002
 2.0876989e-002
 2.0970132e-002
 2.1093998e-002
 2.1251393e-002
 2.1407161e-002
 2.1567265e-002
 2.1805421e-002
 2.2006659e-002
 2.2097157e-002
 2.2236759e-002
 2.2449829e-002
 2.2626890e-002
 2.2803145e-002
 2.2999177e-002
 2.3125460e-002
 2.3265749e-002
 2.3441065e-002
 2.3668285e-002
 2.3890367e-002
 2.4116917e-002
 2.4335057e-002
 2.4514727e-002
 2.4720149e-002
 2.4979293e-002
 2.5205782e-002
 2.5412975e-002
 2.5639107e-002
 2.5787078e-002
 2.5962278e-002
 2.6181418e-002
 2.6478058e-002
 2.6731489e-002
 2.6951779e-002
 2.7181827e-002
 2.7344765e-002
 2.7531331e-002
 2.7794868e-002
 2.8039245e-002
 2.8232830e-002
 2.8463598e-002
 2.8713088e-002
 2.8969739e-002
 2.9238580e-002
 2.9578948e-002
 2.9883174e-002
 3.0100243e-002
 3.0367980e-002
 3.0679708e-002
 3.0972026e-002
 3.1327166e-002
 3.1656601e-002
 3.1879637e-002
 3.2129768e-002
 3.2407053e-002
 3.2681379e-002
 3.2995317e-002
 3.3295169e-002
 3.3602301e-002
 3.3937514e-002
 3.4249771e-002
 3.4562767e-002
 3.4869660e-002
 3.5143256e-002
 3.5419408e-002
 3.5661358e-002
 3.5937946e-002
 3.6290672e-002
 3.6608577e-002
 3.6968511e-002
 3.7301403e-002
 3.7568100e-002
 3.7765563e-002
 3.8001280e-002
 3.8262896e-002
 3.8523611e-002
 3.8791798e-002
 3.9089028e-002
 3.9424155e-002
 3.9743319e-002
 4.0063944e-002
 4.0405240e-002
 4.0760007e-002
 4.1094020e-002
 4.1411266e-002
 4.1748192e-002
 4.2104080e-002
 4.2424653e-002
 4.2747084e-002
 4.3123551e-002
 4.3487065e-002
 4.3776602e-002
 4.4096079e-002
 4.4508208e-002
 4.4874914e-002
 4.5214046e-002
 4.5557041e-002
 4.5778956e-002
 4.6041124e-002
 4.6428505e-002
 4.6786610e-002
 4.7147848e-002
 4.7517635e-002
 4.7877230e-002
 4.8178613e-002
 4.8506442e-002
 4.8876636e-002
 4.9259670e-002
 4.9677685e-002
 5.0071720e-002
 5.0443765e-002
 5.0834976e-002
 5.1219508e-002
 5.1598888e-002
 5.2021645e-002
 5.2432094e-002
 5.2844670e-002
 5.3211622e-002
 5.3551558e-002
 5.3903725e-002
 5.4267634e-002
 5.4631878e-002
 5.4989059e-002
 5.5341821e-002
 5.5709306e-002
 5.6112040e-002
 5.6471076e-002
 5.6805231e-002
 5.7158004e-002
 5.7415821e-002
 5.7702743e-002
 5.8134392e-002
 5.8527671e-002
 5.8882371e-002
 5.9217092e-002
 5.9578016e-002
 5.9975609e-002
 6.0326826e-002
 6.0660813e-002
 6.1029896e-002
 6.1323285e-002
 6.1653607e-002
 6.2167630e-002
 6.2611900e-002
 6.2936425e-002
 6.3297383e-002
 6.3637294e-002
 6.3976243e-002
 6.4376555e-002
 6.4779684e-002
 6.5161027e-002
 6.5536529e-002
 6.5881476e-002
 6.6288859e-002
 6.6645853e-002
 6.6953711e-002
 6.7302749e-002
 6.7670532e-002
 6.8042509e-002
 6.8449095e-002
 6.8836160e-002
 6.9237947e-002
 6.9594823e-002
 6.9892786e-002
 7.0199780e-002
 7.0463724e-002
 7.0727482e-002
 7.1010940e-002
 7.1291670e-002
 7.1539104e-002
 7.1824260e-002
 7.2127528e-002
 7.2485551e-002
 7.2862685e-002
 7.3126070e-002
 7.3422655e-002
 7.3751576e-002
 7.4044690e-002
 7.4363485e-002
 7.4686758e-002
 7.4964285e-002
 7.5220466e-002
 7.5527780e-002
 7.5806841e-002
 7.5978801e-002
 7.6163642e-002
 7.6372385e-002
 7.6571837e-002
 7.6765992e-002
 7.6964147e-002
 7.7157401e-002
 7.7339679e-002
 7.7571049e-002
 7.7870354e-002
 7.8143366e-002
 7.8428604e-002
 7.8660719e-002
 7.8763403e-002
 7.8908637e-002
 7.9071417e-002
 7.9237178e-002
 7.9465501e-002
 7.9665415e-002
 7.9817310e-002
 7.9984918e-002
 8.0192365e-002
 8.0375224e-002
 8.0467507e-002
 8.0593236e-002
 8.0788933e-002
 8.0940887e-002
 8.1131570e-002
 8.1307352e-002
 8.1435032e-002
 8.1471488e-002
 8.1489794e-002
 8.1554815e-002
 8.1691638e-002
 8.1812039e-002
 8.1932053e-002
 8.2134426e-002
 8.2325414e-002
 8.2496941e-002
 8.2647629e-002
 8.2750767e-002
 8.2881525e-002
 8.3029129e-002
 8.3144940e-002
 8.3305448e-002
 8.3453923e-002
 8.3560318e-002
 8.3637096e-002
 8.3616823e-002
 8.3648987e-002
 8.3707228e-002
 8.3736956e-002
 8.3936870e-002
 8.4089220e-002
 8.4092133e-002
 8.4040463e-002
 8.4096663e-002
 8.4097855e-002
 8.4141277e-002
 8.4310837e-002
 8.4427342e-002
 8.4550358e-002
 8.4629551e-002
 8.4656022e-002
 8.4670544e-002
 8.4604084e-002
 8.4551468e-002
 8.4526338e-002
 8.4496461e-002
 8.4493503e-002
 8.4460028e-002
 8.4386669e-002
 8.4318824e-002
 8.4214389e-002
 8.4114656e-002
 8.4036954e-002
 8.3964244e-002
 8.3953790e-002
 8.3907805e-002
 8.3800279e-002
 8.3701827e-002
 8.3606407e-002
 8.3447337e-002
 8.3329961e-002
 8.3250217e-002
 8.3117262e-002
 8.3031088e-002
 8.2927905e-002
 8.2758300e-002
 8.2609534e-002
 8.2382359e-002
 8.2165010e-002
 8.1948861e-002
 8.1792481e-002
 8.1775099e-002
 8.1659459e-002
 8.1495695e-002
 8.1360608e-002
 8.1108637e-002
 8.0856688e-002
 8.0694988e-002
 8.0518991e-002
 8.0352373e-002
 8.0122627e-002
 7.9829529e-002
 7.9563320e-002
 7.9225674e-002
 7.8854695e-002
 7.8516759e-002
 7.8193448e-002
 7.7856444e-002
 7.7485196e-002
 7.7222236e-002
 7.6893196e-002
 7.6383807e-002
 7.5861588e-002
 7.5294390e-002
 7.4658722e-002
 7.4158490e-002
 7.3660590e-002
 7.3083624e-002
 7.2611354e-002
 7.2063312e-002
 7.1381785e-002
 7.0781127e-002
 7.0144437e-002
 6.9501556e-002
 6.8924613e-002
 6.8315223e-002
 6.7623004e-002
 6.6993736e-002
 6.6388384e-002
 6.5790214e-002
 6.5262206e-002
 6.4768121e-002
 6.4243577e-002
 6.3772134e-002
 6.3448757e-002
 6.3073903e-002
 6.2620848e-002
 6.2221553e-002
 6.1840557e-002
 6.1452165e-002
 6.1107639e-002
 6.0776263e-002
 6.0435493e-002
 6.0069095e-002
 5.9753362e-002
 5.9413575e-002
 5.8962662e-002
 5.8524489e-002
 5.8127344e-002
 5.7695173e-002
 5.7340197e-002
 5.6902342e-002
 5.6258652e-002
 5.5649221e-002
 5.4967977e-002
 5.4284349e-002
 5.3821459e-002
 5.3287886e-002
 5.2545782e-002
 5.1881280e-002
 5.1094323e-002
 5.0386369e-002
 4.9989533e-002
 4.9596146e-002
 4.9090646e-002
 4.8749529e-002
 4.8565730e-002
 4.8495490e-002
 4.8521250e-002
 4.8547130e-002
 4.8577830e-002
 4.8526842e-002
 4.8707582e-002
 4.9100526e-002
 4.9350876e-002
 4.9534883e-002
 4.9698520e-002
 4.9757689e-002
 4.9776644e-002
 4.9753327e-002
 4.9762398e-002
 4.9801808e-002
 4.9756207e-002
 4.9688175e-002
 4.9624465e-002
 4.9439728e-002
 4.9251970e-002
 4.9221989e-002
 4.9066883e-002
 4.8721600e-002
 4.8378862e-002
 4.7932122e-002
 4.7526482e-002
 4.7219593e-002
 4.6874020e-002
 4.6463501e-002
 4.6105936e-002
 4.5861404e-002
 4.5501105e-002
 4.5122623e-002
 4.4722117e-002
 4.3975398e-002
 4.3407917e-002
 4.3012965e-002
 4.2720124e-002
 4.2758953e-002
 4.2738713e-002
 4.2715956e-002
 4.2705461e-002
 4.2578224e-002
 4.2485308e-002
 4.2475577e-002
 4.2445723e-002
 4.2435270e-002
 4.2402875e-002
 4.2311531e-002
 4.2237021e-002
 4.2106833e-002
 4.2012848e-002
 4.2147029e-002
 4.2133454e-002
 4.1863915e-002
 4.1704688e-002
 4.1555099e-002
 4.1319709e-002
 4.1287471e-002
 4.1188981e-002
 4.0606119e-002
 4.0217634e-002
 4.0126584e-002
 3.9989319e-002
 4.0197015e-002
 4.0219877e-002
 3.9828729e-002
 3.9522637e-002
 3.8909655e-002
 3.8484477e-002
 3.8699340e-002
 3.8701121e-002
 3.8446385e-002
 3.8359076e-002
 3.8278025e-002
 3.8053945e-002
 3.8072396e-002
 3.8032472e-002
 3.7336379e-002
 3.6856726e-002
 3.6964778e-002
 3.6852587e-002
 3.6643721e-002
 3.6479689e-002
 3.5898883e-002
 3.5458062e-002
 3.5499211e-002
 3.5404902e-002
 3.5215609e-002
 3.5043254e-002
 3.4664590e-002
 3.4368064e-002
 3.4033999e-002
 3.3888303e-002
 3.4344923e-002
 3.4462012e-002
 3.4487907e-002
 3.4446642e-002
 3.3488225e-002
 3.2863956e-002
 3.2874584e-002
 3.2761268e-002
 3.2825589e-002
 3.2876216e-002
 3.2661382e-002
 3.2501180e-002
 3.2441296e-002
 3.2406807e-002
 3.2542177e-002
 3.2504063e-002
 3.2266669e-002
 3.2088958e-002
 3.1722181e-002
 3.1397622e-002
 3.1273846e-002
 3.1186501e-002
 3.1099448e-002
 3.0958649e-002
 3.1030038e-002
 3.0893372e-002
 3.0269573e-002
 2.9868199e-002
 2.9501190e-002
 2.9179398e-002
 2.9221309e-002
 2.9174112e-002
 2.8969023e-002
 2.8817968e-002
 2.8701030e-002
 2.8552843e-002
 2.8287856e-002
 2.8213784e-002
 2.8266219e-002
 2.8591355e-002
 2.8747253e-002
 2.8417850e-002
 2.8167952e-002
 2.8009510e-002
 2.7622679e-002
 2.7241480e-002
 2.7142247e-002
 2.7365727e-002
 2.7294705e-002
 2.7395487e-002
 2.7488697e-002
 2.6694434e-002
 2.6218228e-002
 2.6603797e-002
 2.6627736e-002
 2.6913179e-002
 2.7189625e-002
 2.6157880e-002
 2.5404034e-002
 2.5052363e-002
 2.4826365e-002
 2.5767371e-002
 2.6419006e-002
 2.6822669e-002
 2.7092118e-002
 2.6164791e-002
 2.5484219e-002
 2.5329504e-002
 2.5117781e-002
 2.4982492e-002
 2.5080895e-002
 2.5566880e-002
 2.5701599e-002
 2.5991574e-002
 2.6322827e-002
 2.5623204e-002
 2.4979867e-002
 2.4924578e-002
 2.4796039e-002
 2.4417417e-002
 2.4206974e-002
 2.4687674e-002
 2.4544751e-002
 2.3090426e-002
 2.2655493e-002
 2.2318996e-002
 2.3325060e-002
 2.4728054e-002
 2.3996517e-002
 2.2642061e-002
 2.2178994e-002
 2.2397093e-002
 2.2717161e-002
 2.4111623e-002
 2.4640186e-002
 2.3459895e-002
 2.3459882e-002
