 splib07a Record=20560: Vermiculite GDS908 expandOre ASDFRb AREF
 8.8149957e-002
 8.3470307e-002
 8.6564481e-002
 9.4010830e-002
 9.9121220e-002
 9.5596969e-002
 8.7859772e-002
 8.4427916e-002
 8.7412626e-002
 8.9037329e-002
 8.8962033e-002
 8.9518763e-002
 9.1582850e-002
 8.9872397e-002
 9.1861561e-002
 9.5063500e-002
 9.4499290e-002
 9.2764303e-002
 9.3063816e-002
 9.5658652e-002
 9.8416090e-002
 9.8489262e-002
 9.9048048e-002
 1.0062200e-001
 9.8986238e-002
 1.0000774e-001
 1.0250704e-001
 1.0424094e-001
 1.0516319e-001
 1.0461073e-001
 1.0386403e-001
 1.0453717e-001
 1.0429663e-001
 1.0635707e-001
 1.0939820e-001
 1.0799709e-001
 1.1019912e-001
 1.1163959e-001
 1.0972830e-001
 1.1027328e-001
 1.1114410e-001
 1.1187614e-001
 1.1264178e-001
 1.1431873e-001
 1.1503971e-001
 1.1485844e-001
 1.1550798e-001
 1.1680307e-001
 1.1782831e-001
 1.1833950e-001
 1.1997168e-001
 1.1968239e-001
 1.1864427e-001
 1.1924694e-001
 1.2152457e-001
 1.2290683e-001
 1.2285061e-001
 1.2290441e-001
 1.2316723e-001
 1.2383187e-001
 1.2473472e-001
 1.2476475e-001
 1.2568496e-001
 1.2681212e-001
 1.2657955e-001
 1.2674053e-001
 1.2752531e-001
 1.2863375e-001
 1.2925884e-001
 1.2980402e-001
 1.3021636e-001
 1.3048296e-001
 1.3127960e-001
 1.3218233e-001
 1.3293563e-001
 1.3350040e-001
 1.3419251e-001
 1.3507678e-001
 1.3610406e-001
 1.3709962e-001
 1.3803099e-001
 1.3887107e-001
 1.3964424e-001
 1.4094172e-001
 1.4232664e-001
 1.4341299e-001
 1.4419292e-001
 1.4494692e-001
 1.4588481e-001
 1.4712574e-001
 1.4845008e-001
 1.4958555e-001
 1.5047738e-001
 1.5141521e-001
 1.5234134e-001
 1.5339597e-001
 1.5468422e-001
 1.5572862e-001
 1.5669507e-001
 1.5766668e-001
 1.5852816e-001
 1.5943344e-001
 1.6042438e-001
 1.6148929e-001
 1.6259587e-001
 1.6350012e-001
 1.6416310e-001
 1.6481744e-001
 1.6551225e-001
 1.6636400e-001
 1.6736583e-001
 1.6782457e-001
 1.6836253e-001
 1.6916244e-001
 1.6974331e-001
 1.7016418e-001
 1.7059541e-001
 1.7120133e-001
 1.7184941e-001
 1.7238569e-001
 1.7274617e-001
 1.7297201e-001
 1.7328821e-001
 1.7374003e-001
 1.7428695e-001
 1.7485684e-001
 1.7534703e-001
 1.7576063e-001
 1.7627028e-001
 1.7678609e-001
 1.7722671e-001
 1.7754863e-001
 1.7800227e-001
 1.7845735e-001
 1.7885435e-001
 1.7932403e-001
 1.8007985e-001
 1.8089364e-001
 1.8135920e-001
 1.8183421e-001
 1.8241671e-001
 1.8312235e-001
 1.8387836e-001
 1.8459745e-001
 1.8528135e-001
 1.8599415e-001
 1.8669729e-001
 1.8744937e-001
 1.8828940e-001
 1.8911044e-001
 1.9005747e-001
 1.9107836e-001
 1.9191422e-001
 1.9284675e-001
 1.9383095e-001
 1.9475998e-001
 1.9571988e-001
 1.9667223e-001
 1.9761090e-001
 1.9859284e-001
 1.9967748e-001
 2.0080873e-001
 2.0189510e-001
 2.0309830e-001
 2.0429377e-001
 2.0539886e-001
 2.0652299e-001
 2.0764028e-001
 2.0873591e-001
 2.0980081e-001
 2.1096560e-001
 2.1212082e-001
 2.1317494e-001
 2.1435624e-001
 2.1556757e-001
 2.1676727e-001
 2.1801470e-001
 2.1919838e-001
 2.2036724e-001
 2.2161236e-001
 2.2281739e-001
 2.2396754e-001
 2.2507596e-001
 2.2618997e-001
 2.2732311e-001
 2.2846206e-001
 2.2957079e-001
 2.3067565e-001
 2.3178978e-001
 2.3291688e-001
 2.3404092e-001
 2.3513792e-001
 2.3622884e-001
 2.3742019e-001
 2.3858228e-001
 2.3967841e-001
 2.4071926e-001
 2.4176364e-001
 2.4280921e-001
 2.4384166e-001
 2.4484730e-001
 2.4586117e-001
 2.4688736e-001
 2.4789396e-001
 2.4882282e-001
 2.4977067e-001
 2.5085497e-001
 2.5185955e-001
 2.5282884e-001
 2.5381497e-001
 2.5481725e-001
 2.5583234e-001
 2.5683114e-001
 2.5776112e-001
 2.5869626e-001
 2.5959438e-001
 2.6041085e-001
 2.6126856e-001
 2.6212683e-001
 2.6297015e-001
 2.6386943e-001
 2.6472363e-001
 2.6552579e-001
 2.6632923e-001
 2.6714942e-001
 2.6796159e-001
 2.6873901e-001
 2.6951095e-001
 2.7026802e-001
 2.7100927e-001
 2.7175844e-001
 2.7250388e-001
 2.7325264e-001
 2.7401826e-001
 2.7480841e-001
 2.7558786e-001
 2.7636173e-001
 2.7731985e-001
 2.7812093e-001
 2.7870730e-001
 2.7949131e-001
 2.8032625e-001
 2.8118926e-001
 2.8209370e-001
 2.8301391e-001
 2.8384504e-001
 2.8448388e-001
 2.8490412e-001
 2.8552973e-001
 2.8643999e-001
 2.8714094e-001
 2.8772423e-001
 2.8826874e-001
 2.8889757e-001
 2.8987104e-001
 2.9088059e-001
 2.9160070e-001
 2.9221714e-001
 2.9284421e-001
 2.9354393e-001
 2.9431841e-001
 2.9503271e-001
 2.9567069e-001
 2.9628485e-001
 2.9695520e-001
 2.9766402e-001
 2.9837400e-001
 2.9910514e-001
 2.9984525e-001
 3.0058771e-001
 3.0133203e-001
 3.0197209e-001
 3.0250180e-001
 3.0298120e-001
 3.0351666e-001
 3.0413261e-001
 3.0480394e-001
 3.0542281e-001
 3.0600855e-001
 3.0659151e-001
 3.0721214e-001
 3.0786991e-001
 3.0854535e-001
 3.0920580e-001
 3.0989206e-001
 3.1060633e-001
 3.1133944e-001
 3.1207430e-001
 3.1281805e-001
 3.1356347e-001
 3.1427228e-001
 3.1499004e-001
 3.1571144e-001
 3.1639817e-001
 3.1709093e-001
 3.1778884e-001
 3.1847754e-001
 3.1913346e-001
 3.1978700e-001
 3.2045257e-001
 3.2109773e-001
 3.2174563e-001
 3.2241824e-001
 3.2313743e-001
 3.2382086e-001
 3.2450032e-001
 3.2522151e-001
 3.2591724e-001
 3.2660887e-001
 3.2731351e-001
 3.2802305e-001
 3.2870555e-001
 3.2936782e-001
 3.3005100e-001
 3.3075589e-001
 3.3145198e-001
 3.3211017e-001
 3.3279228e-001
 3.3347771e-001
 3.3414075e-001
 3.3476034e-001
 3.3538434e-001
 3.3601737e-001
 3.3662257e-001
 3.3722803e-001
 3.3783889e-001
 3.3845648e-001
 3.3910996e-001
 3.3977026e-001
 3.4041157e-001
 3.4103429e-001
 3.4165472e-001
 3.4228650e-001
 3.4294391e-001
 3.4356338e-001
 3.4416717e-001
 3.4480089e-001
 3.4540308e-001
 3.4598726e-001
 3.4656638e-001
 3.4711176e-001
 3.4767798e-001
 3.4827021e-001
 3.4883672e-001
 3.4940445e-001
 3.4996006e-001
 3.5047981e-001
 3.5099688e-001
 3.5151660e-001
 3.5203829e-001
 3.5255650e-001
 3.5305911e-001
 3.5355994e-001
 3.5411128e-001
 3.5465610e-001
 3.5519159e-001
 3.5573816e-001
 3.5631764e-001
 3.5691169e-001
 3.5750562e-001
 3.5811931e-001
 3.5873902e-001
 3.5935917e-001
 3.5998186e-001
 3.6063993e-001
 3.6131024e-001
 3.6194751e-001
 3.6257231e-001
 3.6319497e-001
 3.6381850e-001
 3.6442503e-001
 3.6503080e-001
 3.6564073e-001
 3.6624655e-001
 3.6683869e-001
 3.6742610e-001
 3.6802414e-001
 3.6860299e-001
 3.6919928e-001
 3.6982983e-001
 3.7041056e-001
 3.7099439e-001
 3.7160149e-001
 3.7221605e-001
 3.7282303e-001
 3.7341252e-001
 3.7398604e-001
 3.7462518e-001
 3.7528431e-001
 3.7591994e-001
 3.7654716e-001
 3.7717873e-001
 3.7782654e-001
 3.7850419e-001
 3.7916985e-001
 3.7982944e-001
 3.8050053e-001
 3.8114145e-001
 3.8175100e-001
 3.8233912e-001
 3.8292900e-001
 3.8352743e-001
 3.8412526e-001
 3.8469914e-001
 3.8523194e-001
 3.8575551e-001
 3.8630173e-001
 3.8681480e-001
 3.8735050e-001
 3.8792565e-001
 3.8846198e-001
 3.8899603e-001
 3.8953054e-001
 3.9005020e-001
 3.9055282e-001
 3.9107767e-001
 3.9165309e-001
 3.9222494e-001
 3.9276445e-001
 3.9327809e-001
 3.9382502e-001
 3.9436603e-001
 3.9488885e-001
 3.9539459e-001
 3.9591560e-001
 3.9644358e-001
 3.9697492e-001
 3.9754963e-001
 3.9810112e-001
 3.9861092e-001
 3.9910865e-001
 3.9961192e-001
 4.0009841e-001
 4.0054497e-001
 4.0100905e-001
 4.0147597e-001
 4.0192789e-001
 4.0234774e-001
 4.0278217e-001
 4.0321302e-001
 4.0358648e-001
 4.0394825e-001
 4.0431127e-001
 4.0467817e-001
 4.0503687e-001
 4.0539259e-001
 4.0576729e-001
 4.0620422e-001
 4.0660146e-001
 4.0694147e-001
 4.0724736e-001
 4.0758571e-001
 4.0793619e-001
 4.0827885e-001
 4.0861407e-001
 4.0890658e-001
 4.0917557e-001
 4.0947089e-001
 4.0978375e-001
 4.1010785e-001
 4.1043597e-001
 4.1076210e-001
 4.1107777e-001
 4.1136861e-001
 4.1161445e-001
 4.1192207e-001
 4.1225478e-001
 4.1254911e-001
 4.1282344e-001
 4.1309309e-001
 4.1335902e-001
 4.1360232e-001
 4.1381511e-001
 4.1400883e-001
 4.1420150e-001
 4.1439360e-001
 4.1456696e-001
 4.1471392e-001
 4.1484964e-001
 4.1498181e-001
 4.1510645e-001
 4.1521415e-001
 4.1531494e-001
 4.1542402e-001
 4.1555703e-001
 4.1573781e-001
 4.1590071e-001
 4.1602734e-001
 4.1613433e-001
 4.1623399e-001
 4.1633379e-001
 4.1644341e-001
 4.1659009e-001
 4.1673538e-001
 4.1685149e-001
 4.1692388e-001
 4.1705936e-001
 4.1719761e-001
 4.1727999e-001
 4.1739789e-001
 4.1751999e-001
 4.1763234e-001
 4.1773796e-001
 4.1783354e-001
 4.1791752e-001
 4.1799569e-001
 4.1809681e-001
 4.1820422e-001
 4.1831034e-001
 4.1841844e-001
 4.1851354e-001
 4.1859922e-001
 4.1868180e-001
 4.1876188e-001
 4.1882709e-001
 4.1888231e-001
 4.1894794e-001
 4.1900849e-001
 4.1906250e-001
 4.1911113e-001
 4.1915447e-001
 4.1917348e-001
 4.1918758e-001
 4.1924244e-001
 4.1925454e-001
 4.1924104e-001
 4.1924301e-001
 4.1931522e-001
 4.1937613e-001
 4.1941810e-001
 4.1948012e-001
 4.1955096e-001
 4.1963601e-001
 4.1973302e-001
 4.1981831e-001
 4.1990459e-001
 4.1996333e-001
 4.1996425e-001
 4.2001161e-001
 4.2008317e-001
 4.2015216e-001
 4.2020521e-001
 4.2028525e-001
 4.2041034e-001
 4.2056322e-001
 4.2061180e-001
 4.2066780e-001
 4.2076027e-001
 4.2082247e-001
 4.2092931e-001
 4.2105797e-001
 4.2117724e-001
 4.2130584e-001
 4.2142302e-001
 4.2155483e-001
 4.2174003e-001
 4.2186236e-001
 4.2194739e-001
 4.2203313e-001
 4.2214495e-001
 4.2227358e-001
 4.2240715e-001
 4.2253131e-001
 4.2264169e-001
 4.2268217e-001
 4.2268935e-001
 4.2277321e-001
 4.2285126e-001
 4.2293245e-001
 4.2302877e-001
 4.2312995e-001
 4.2319801e-001
 4.2325106e-001
 4.2332473e-001
 4.2340860e-001
 4.2351726e-001
 4.2365313e-001
 4.2380330e-001
 4.2393690e-001
 4.2406884e-001
 4.2420977e-001
 4.2434123e-001
 4.2447439e-001
 4.2463174e-001
 4.2481536e-001
 4.2492360e-001
 4.2500719e-001
 4.2509791e-001
 4.2520678e-001
 4.2535520e-001
 4.2551470e-001
 4.2564991e-001
 4.2572975e-001
 4.2585078e-001
 4.2600003e-001
 4.2614266e-001
 4.2628512e-001
 4.2638019e-001
 4.2647088e-001
 4.2662773e-001
 4.2677957e-001
 4.2696714e-001
 4.2717049e-001
 4.2731622e-001
 4.2748863e-001
 4.2765760e-001
 4.2781332e-001
 4.2800829e-001
 4.2816886e-001
 4.2832482e-001
 4.2850533e-001
 4.2865115e-001
 4.2881575e-001
 4.2898124e-001
 4.2911980e-001
 4.2929065e-001
 4.2944524e-001
 4.2957199e-001
 4.2968422e-001
 4.2975834e-001
 4.2987397e-001
 4.3003696e-001
 4.3017432e-001
 4.3031484e-001
 4.3043026e-001
 4.3051043e-001
 4.3058154e-001
 4.3071160e-001
 4.3087450e-001
 4.3102780e-001
 4.3114385e-001
 4.3127730e-001
 4.3143266e-001
 4.3158916e-001
 4.3170142e-001
 4.3183336e-001
 4.3197379e-001
 4.3210718e-001
 4.3229151e-001
 4.3239948e-001
 4.3249011e-001
 4.3266192e-001
 4.3283081e-001
 4.3297836e-001
 4.3311000e-001
 4.3324646e-001
 4.3340489e-001
 4.3356940e-001
 4.3374237e-001
 4.3392909e-001
 4.3411624e-001
 4.3416089e-001
 4.3426308e-001
 4.3439400e-001
 4.3452436e-001
 4.3473199e-001
 4.3488720e-001
 4.3501726e-001
 4.3515226e-001
 4.3527079e-001
 4.3538144e-001
 4.3549800e-001
 4.3559268e-001
 4.3571684e-001
 4.3586791e-001
 4.3600082e-001
 4.3612355e-001
 4.3625632e-001
 4.3639132e-001
 4.3653250e-001
 4.3666860e-001
 4.3679169e-001
 4.3691039e-001
 4.3703511e-001
 4.3717214e-001
 4.3730864e-001
 4.3742481e-001
 4.3753156e-001
 4.3762758e-001
 4.3770358e-001
 4.3778649e-001
 4.3786985e-001
 4.3794498e-001
 4.3802011e-001
 4.3807948e-001
 4.3812588e-001
 4.3816581e-001
 4.3820783e-001
 4.3826202e-001
 4.3831000e-001
 4.3837568e-001
 4.3844250e-001
 4.3851680e-001
 4.3857387e-001
 4.3863571e-001
 4.3868449e-001
 4.3870401e-001
 4.3875015e-001
 4.3880710e-001
 4.3886128e-001
 4.3892208e-001
 4.3898389e-001
 4.3905589e-001
 4.3911061e-001
 4.3916014e-001
 4.3920410e-001
 4.3925375e-001
 4.3929797e-001
 4.3933538e-001
 4.3937823e-001
 4.3941242e-001
 4.3942544e-001
 4.3945846e-001
 4.3950382e-001
 4.3954122e-001
 4.3958092e-001
 4.3961832e-001
 4.3965629e-001
 4.3968832e-001
 4.3970743e-001
 4.3974218e-001
 4.3978477e-001
 4.3982187e-001
 4.3985757e-001
 4.3991101e-001
 4.3995446e-001
 4.3999112e-001
 4.4003132e-001
 4.4007739e-001
 4.4011822e-001
 4.4015011e-001
 4.4019538e-001
 4.4024771e-001
 4.4029754e-001
 4.4035009e-001
 4.4040629e-001
 4.4046003e-001
 4.4052252e-001
 4.4060037e-001
 4.4066736e-001
 4.4073570e-001
 4.4080037e-001
 4.4086108e-001
 4.4091499e-001
 4.4096303e-001
 4.4099662e-001
 4.4105327e-001
 4.4111362e-001
 4.4117862e-001
 4.4126251e-001
 4.4133565e-001
 4.4140276e-001
 4.4146794e-001
 4.4152823e-001
 4.4159752e-001
 4.4166559e-001
 4.4173834e-001
 4.4181573e-001
 4.4188607e-001
 4.4196266e-001
 4.4205120e-001
 4.4213888e-001
 4.4222903e-001
 4.4232091e-001
 4.4241470e-001
 4.4251511e-001
 4.4263023e-001
 4.4273335e-001
 4.4282565e-001
 4.4292957e-001
 4.4303328e-001
 4.4314417e-001
 4.4326597e-001
 4.4338670e-001
 4.4349709e-001
 4.4359565e-001
 4.4369730e-001
 4.4380611e-001
 4.4391590e-001
 4.4403702e-001
 4.4416001e-001
 4.4426894e-001
 4.4438300e-001
 4.4449392e-001
 4.4459736e-001
 4.4468707e-001
 4.4479614e-001
 4.4491154e-001
 4.4502020e-001
 4.4513309e-001
 4.4524583e-001
 4.4535187e-001
 4.4545311e-001
 4.4555727e-001
 4.4566229e-001
 4.4576764e-001
 4.4587329e-001
 4.4597143e-001
 4.4606838e-001
 4.4616744e-001
 4.4627246e-001
 4.4638306e-001
 4.4649196e-001
 4.4660601e-001
 4.4672620e-001
 4.4684514e-001
 4.4696680e-001
 4.4709948e-001
 4.4723859e-001
 4.4736782e-001
 4.4751477e-001
 4.4767106e-001
 4.4782391e-001
 4.4798490e-001
 4.4813731e-001
 4.4829336e-001
 4.4846562e-001
 4.4863707e-001
 4.4881511e-001
 4.4899300e-001
 4.4916624e-001
 4.4934419e-001
 4.4952226e-001
 4.4970647e-001
 4.4989780e-001
 4.5008081e-001
 4.5025915e-001
 4.5044062e-001
 4.5062467e-001
 4.5080316e-001
 4.5098642e-001
 4.5117059e-001
 4.5135108e-001
 4.5153430e-001
 4.5170271e-001
 4.5187432e-001
 4.5205691e-001
 4.5223245e-001
 4.5241457e-001
 4.5259297e-001
 4.5276254e-001
 4.5294511e-001
 4.5312962e-001
 4.5331821e-001
 4.5351779e-001
 4.5371488e-001
 4.5391306e-001
 4.5411339e-001
 4.5431325e-001
 4.5451593e-001
 4.5471999e-001
 4.5492640e-001
 4.5512566e-001
 4.5532504e-001
 4.5552590e-001
 4.5572585e-001
 4.5592842e-001
 4.5613828e-001
 4.5635456e-001
 4.5657191e-001
 4.5679542e-001
 4.5702136e-001
 4.5724443e-001
 4.5746866e-001
 4.5769179e-001
 4.5792240e-001
 4.5816392e-001
 4.5840499e-001
 4.5864370e-001
 4.5888993e-001
 4.5914280e-001
 4.5939752e-001
 4.5965692e-001
 4.5991617e-001
 4.6017653e-001
 4.6044311e-001
 4.6071479e-001
 4.6098739e-001
 4.6126395e-001
 4.6154094e-001
 4.6180707e-001
 4.6207476e-001
 4.6235359e-001
 4.6263027e-001
 4.6290863e-001
 4.6319020e-001
 4.6346897e-001
 4.6375206e-001
 4.6403712e-001
 4.6432254e-001
 4.6460980e-001
 4.6490341e-001
 4.6519300e-001
 4.6547961e-001
 4.6576756e-001
 4.6605673e-001
 4.6634364e-001
 4.6662503e-001
 4.6691248e-001
 4.6720287e-001
 4.6749961e-001
 4.6780324e-001
 4.6810123e-001
 4.6840063e-001
 4.6869585e-001
 4.6897987e-001
 4.6926612e-001
 4.6955582e-001
 4.6984497e-001
 4.7013056e-001
 4.7041711e-001
 4.7069767e-001
 4.7096771e-001
 4.7124892e-001
 4.7153571e-001
 4.7181532e-001
 4.7210220e-001
 4.7237712e-001
 4.7263750e-001
 4.7290358e-001
 4.7317192e-001
 4.7343346e-001
 4.7369355e-001
 4.7394711e-001
 4.7419700e-001
 4.7443914e-001
 4.7467268e-001
 4.7490874e-001
 4.7514692e-001
 4.7539052e-001
 4.7563964e-001
 4.7588712e-001
 4.7613373e-001
 4.7637886e-001
 4.7662756e-001
 4.7687444e-001
 4.7712916e-001
 4.7739366e-001
 4.7764954e-001
 4.7790578e-001
 4.7816053e-001
 4.7841150e-001
 4.7866148e-001
 4.7891220e-001
 4.7915950e-001
 4.7939724e-001
 4.7964561e-001
 4.7989836e-001
 4.8015004e-001
 4.8041004e-001
 4.8066658e-001
 4.8091808e-001
 4.8117167e-001
 4.8142973e-001
 4.8169303e-001
 4.8196223e-001
 4.8222640e-001
 4.8249105e-001
 4.8275876e-001
 4.8302245e-001
 4.8328310e-001
 4.8354277e-001
 4.8380467e-001
 4.8405892e-001
 4.8430666e-001
 4.8455566e-001
 4.8480266e-001
 4.8504853e-001
 4.8529735e-001
 4.8553610e-001
 4.8576677e-001
 4.8599809e-001
 4.8622692e-001
 4.8644939e-001
 4.8667106e-001
 4.8688817e-001
 4.8709652e-001
 4.8730424e-001
 4.8751351e-001
 4.8771650e-001
 4.8791018e-001
 4.8810375e-001
 4.8829424e-001
 4.8848754e-001
 4.8868307e-001
 4.8887721e-001
 4.8907894e-001
 4.8928463e-001
 4.8949116e-001
 4.8970297e-001
 4.8991367e-001
 4.9012336e-001
 4.9033970e-001
 4.9055427e-001
 4.9078152e-001
 4.9101570e-001
 4.9125850e-001
 4.9151203e-001
 4.9177113e-001
 4.9204054e-001
 4.9231488e-001
 4.9259391e-001
 4.9288228e-001
 4.9318415e-001
 4.9348295e-001
 4.9379349e-001
 4.9409500e-001
 4.9440101e-001
 4.9469015e-001
 4.9497315e-001
 4.9524310e-001
 4.9549845e-001
 4.9571988e-001
 4.9590725e-001
 4.9606490e-001
 4.9617237e-001
 4.9623582e-001
 4.9626085e-001
 4.9624512e-001
 4.9618664e-001
 4.9608201e-001
 4.9595386e-001
 4.9577042e-001
 4.9560261e-001
 4.9541408e-001
 4.9522737e-001
 4.9503985e-001
 4.9484095e-001
 4.9464864e-001
 4.9441212e-001
 4.9418935e-001
 4.9387202e-001
 4.9351898e-001
 4.9307230e-001
 4.9254459e-001
 4.9196085e-001
 4.9126685e-001
 4.9058715e-001
 4.8981392e-001
 4.8913071e-001
 4.8841700e-001
 4.8783511e-001
 4.8730317e-001
 4.8690110e-001
 4.8659384e-001
 4.8642126e-001
 4.8634896e-001
 4.8635462e-001
 4.8641980e-001
 4.8650780e-001
 4.8659793e-001
 4.8666808e-001
 4.8667562e-001
 4.8666063e-001
 4.8657098e-001
 4.8641935e-001
 4.8623765e-001
 4.8599032e-001
 4.8575321e-001
 4.8546293e-001
 4.8523542e-001
 4.8498902e-001
 4.8483413e-001
 4.8470953e-001
 4.8467490e-001
 4.8470134e-001
 4.8480880e-001
 4.8499900e-001
 4.8524070e-001
 4.8556125e-001
 4.8591539e-001
 4.8633230e-001
 4.8677081e-001
 4.8726290e-001
 4.8775843e-001
 4.8828539e-001
 4.8881146e-001
 4.8935372e-001
 4.8989412e-001
 4.9044144e-001
 4.9098706e-001
 4.9153599e-001
 4.9208388e-001
 4.9263236e-001
 4.9318045e-001
 4.9372432e-001
 4.9426535e-001
 4.9480516e-001
 4.9533743e-001
 4.9586642e-001
 4.9639484e-001
 4.9690831e-001
 4.9741894e-001
 4.9793619e-001
 4.9843961e-001
 4.9893245e-001
 4.9942109e-001
 4.9989256e-001
 5.0034887e-001
 5.0079912e-001
 5.0123996e-001
 5.0166780e-001
 5.0208604e-001
 5.0249165e-001
 5.0287950e-001
 5.0326896e-001
 5.0364918e-001
 5.0403279e-001
 5.0440764e-001
 5.0479680e-001
 5.0519121e-001
 5.0559187e-001
 5.0600171e-001
 5.0641435e-001
 5.0682902e-001
 5.0725460e-001
 5.0768363e-001
 5.0812578e-001
 5.0858569e-001
 5.0904197e-001
 5.0950354e-001
 5.0996757e-001
 5.1042944e-001
 5.1090419e-001
 5.1138932e-001
 5.1187611e-001
 5.1237708e-001
 5.1287001e-001
 5.1336128e-001
 5.1385224e-001
 5.1434845e-001
 5.1483440e-001
 5.1531500e-001
 5.1578838e-001
 5.1626796e-001
 5.1673841e-001
 5.1721549e-001
 5.1769191e-001
 5.1815909e-001
 5.1862580e-001
 5.1908755e-001
 5.1955050e-001
 5.2001286e-001
 5.2047098e-001
 5.2092421e-001
 5.2136719e-001
 5.2181160e-001
 5.2225918e-001
 5.2269852e-001
 5.2313346e-001
 5.2356523e-001
 5.2399296e-001
 5.2441841e-001
 5.2484006e-001
 5.2526277e-001
 5.2568567e-001
 5.2610791e-001
 5.2652669e-001
 5.2694827e-001
 5.2737278e-001
 5.2779394e-001
 5.2821285e-001
 5.2863079e-001
 5.2904993e-001
 5.2946520e-001
 5.2987510e-001
 5.3028715e-001
 5.3069937e-001
 5.3111017e-001
 5.3152031e-001
 5.3192484e-001
 5.3233063e-001
 5.3272891e-001
 5.3311318e-001
 5.3351092e-001
 5.3391409e-001
 5.3431219e-001
 5.3471649e-001
 5.3511232e-001
 5.3550363e-001
 5.3588915e-001
 5.3626734e-001
 5.3664637e-001
 5.3702396e-001
 5.3739882e-001
 5.3776890e-001
 5.3814089e-001
 5.3851455e-001
 5.3888291e-001
 5.3925097e-001
 5.3961420e-001
 5.3997475e-001
 5.4032892e-001
 5.4067492e-001
 5.4102391e-001
 5.4137158e-001
 5.4172057e-001
 5.4207063e-001
 5.4242063e-001
 5.4277396e-001
 5.4312110e-001
 5.4346555e-001
 5.4380685e-001
 5.4414463e-001
 5.4448444e-001
 5.4482275e-001
 5.4516512e-001
 5.4551333e-001
 5.4585493e-001
 5.4619104e-001
 5.4652548e-001
 5.4686064e-001
 5.4719734e-001
 5.4752898e-001
 5.4785872e-001
 5.4819417e-001
 5.4853052e-001
 5.4886550e-001
 5.4920238e-001
 5.4953712e-001
 5.4986781e-001
 5.5019313e-001
 5.5052185e-001
 5.5085111e-001
 5.5117196e-001
 5.5149090e-001
 5.5180448e-001
 5.5211395e-001
 5.5241901e-001
 5.5271500e-001
 5.5301398e-001
 5.5331409e-001
 5.5360556e-001
 5.5389929e-001
 5.5419302e-001
 5.5448586e-001
 5.5478990e-001
 5.5509192e-001
 5.5539376e-001
 5.5570424e-001
 5.5600947e-001
 5.5631214e-001
 5.5661172e-001
 5.5690718e-001
 5.5720335e-001
 5.5749512e-001
 5.5778414e-001
 5.5807418e-001
 5.5835205e-001
 5.5862159e-001
 5.5889285e-001
 5.5917031e-001
 5.5945480e-001
 5.5973500e-001
 5.6001693e-001
 5.6029308e-001
 5.6056672e-001
 5.6084311e-001
 5.6111330e-001
 5.6139755e-001
 5.6168646e-001
 5.6196463e-001
 5.6225145e-001
 5.6253946e-001
 5.6281698e-001
 5.6309539e-001
 5.6337154e-001
 5.6364417e-001
 5.6391716e-001
 5.6418413e-001
 5.6445986e-001
 5.6473505e-001
 5.6500101e-001
 5.6527603e-001
 5.6554949e-001
 5.6581116e-001
 5.6607062e-001
 5.6631798e-001
 5.6654477e-001
 5.6677842e-001
 5.6701094e-001
 5.6723136e-001
 5.6745678e-001
 5.6768078e-001
 5.6790757e-001
 5.6814182e-001
 5.6837893e-001
 5.6862056e-001
 5.6886166e-001
 5.6910121e-001
 5.6934065e-001
 5.6958407e-001
 5.6983072e-001
 5.7007259e-001
 5.7031369e-001
 5.7055777e-001
 5.7080036e-001
 5.7104015e-001
 5.7127857e-001
 5.7152259e-001
 5.7176477e-001
 5.7199949e-001
 5.7223350e-001
 5.7247359e-001
 5.7271725e-001
 5.7296413e-001
 5.7321417e-001
 5.7346505e-001
 5.7371140e-001
 5.7394755e-001
 5.7418656e-001
 5.7442528e-001
 5.7465923e-001
 5.7489324e-001
 5.7512116e-001
 5.7535166e-001
 5.7557452e-001
 5.7578748e-001
 5.7600570e-001
 5.7622766e-001
 5.7645059e-001
 5.7667339e-001
 5.7689577e-001
 5.7712525e-001
 5.7735473e-001
 5.7758248e-001
 5.7781667e-001
 5.7805073e-001
 5.7827616e-001
 5.7850397e-001
 5.7873845e-001
 5.7897949e-001
 5.7922524e-001
 5.7946324e-001
 5.7970935e-001
 5.7994413e-001
 5.8016592e-001
 5.8038503e-001
 5.8059949e-001
 5.8082062e-001
 5.8103865e-001
 5.8126038e-001
 5.8148164e-001
 5.8170742e-001
 5.8193731e-001
 5.8216029e-001
 5.8238131e-001
 5.8260822e-001
 5.8282530e-001
 5.8303863e-001
 5.8326703e-001
 5.8349240e-001
 5.8370930e-001
 5.8392572e-001
 5.8414143e-001
 5.8435428e-001
 5.8457088e-001
 5.8479375e-001
 5.8501935e-001
 5.8525413e-001
 5.8548474e-001
 5.8570445e-001
 5.8593023e-001
 5.8615816e-001
 5.8638209e-001
 5.8661306e-001
 5.8684796e-001
 5.8707350e-001
 5.8728778e-001
 5.8749574e-001
 5.8770001e-001
 5.8789116e-001
 5.8807760e-001
 5.8825779e-001
 5.8843273e-001
 5.8860648e-001
 5.8877093e-001
 5.8894175e-001
 5.8910394e-001
 5.8925706e-001
 5.8941031e-001
 5.8955598e-001
 5.8970875e-001
 5.8986247e-001
 5.9000188e-001
 5.9013724e-001
 5.9026539e-001
 5.9038192e-001
 5.9048969e-001
 5.9058934e-001
 5.9068656e-001
 5.9077430e-001
 5.9086066e-001
 5.9094125e-001
 5.9102637e-001
 5.9110671e-001
 5.9119081e-001
 5.9127825e-001
 5.9137338e-001
 5.9147036e-001
 5.9156919e-001
 5.9167254e-001
 5.9178215e-001
 5.9189582e-001
 5.9200394e-001
 5.9211510e-001
 5.9222752e-001
 5.9233987e-001
 5.9245980e-001
 5.9259158e-001
 5.9272909e-001
 5.9285682e-001
 5.9298897e-001
 5.9312785e-001
 5.9326124e-001
 5.9340054e-001
 5.9354460e-001
 5.9368902e-001
 5.9384072e-001
 5.9399289e-001
 5.9414476e-001
 5.9429926e-001
 5.9445536e-001
 5.9460127e-001
 5.9473974e-001
 5.9488487e-001
 5.9502232e-001
 5.9516454e-001
 5.9531945e-001
 5.9546822e-001
 5.9561443e-001
 5.9575623e-001
 5.9589142e-001
 5.9603679e-001
 5.9618312e-001
 5.9632868e-001
 5.9647644e-001
 5.9663135e-001
 5.9678745e-001
 5.9694242e-001
 5.9711057e-001
 5.9726745e-001
 5.9741640e-001
 5.9756154e-001
 5.9770167e-001
 5.9784639e-001
 5.9799176e-001
 5.9816110e-001
 5.9836203e-001
 5.9858388e-001
 5.9882313e-001
 5.9909040e-001
 5.9938371e-001
 5.9967786e-001
 6.0000491e-001
 6.0034156e-001
 6.0071164e-001
 6.0105616e-001
 6.0141724e-001
 6.0175323e-001
 6.0206848e-001
 6.0237110e-001
 6.0266596e-001
 6.0295147e-001
 6.0321468e-001
 6.0346764e-001
 6.0370183e-001
 6.0391617e-001
 6.0411674e-001
 6.0430872e-001
 6.0448486e-001
 6.0465002e-001
 6.0480201e-001
 6.0496432e-001
 6.0513109e-001
 6.0529435e-001
 6.0545474e-001
 6.0562217e-001
 6.0579222e-001
 6.0595024e-001
 6.0609949e-001
 6.0625720e-001
 6.0640407e-001
 6.0652834e-001
 6.0664433e-001
 6.0675138e-001
 6.0683924e-001
 6.0690737e-001
 6.0697526e-001
 6.0702550e-001
 6.0706222e-001
 6.0709667e-001
 6.0712558e-001
 6.0714263e-001
 6.0715646e-001
 6.0715640e-001
 6.0714984e-001
 6.0712260e-001
 6.0707992e-001
 6.0702056e-001
 6.0693520e-001
 6.0681325e-001
 6.0667074e-001
 6.0650164e-001
 6.0631174e-001
 6.0610414e-001
 6.0586405e-001
 6.0559571e-001
 6.0531217e-001
 6.0499412e-001
 6.0463995e-001
 6.0426116e-001
 6.0387325e-001
 6.0341793e-001
 6.0293669e-001
 6.0237890e-001
 6.0177112e-001
 6.0110068e-001
 6.0034275e-001
 5.9946984e-001
 5.9850365e-001
 5.9745187e-001
 5.9627640e-001
 5.9500897e-001
 5.9361953e-001
 5.9213746e-001
 5.9053391e-001
 5.8882427e-001
 5.8699739e-001
 5.8507049e-001
 5.8306682e-001
 5.8092147e-001
 5.7866389e-001
 5.7626241e-001
 5.7375753e-001
 5.7106626e-001
 5.6819314e-001
 5.6519485e-001
 5.6203288e-001
 5.5873311e-001
 5.5530208e-001
 5.5170929e-001
 5.4806185e-001
 5.4426086e-001
 5.4045922e-001
 5.3650194e-001
 5.3263593e-001
 5.2874333e-001
 5.2486366e-001
 5.2105397e-001
 5.1734912e-001
 5.1382089e-001
 5.1037639e-001
 5.0719053e-001
 5.0413173e-001
 5.0138074e-001
 4.9884772e-001
 4.9659798e-001
 4.9457854e-001
 4.9288511e-001
 4.9146202e-001
 4.9025050e-001
 4.8927101e-001
 4.8855314e-001
 4.8800939e-001
 4.8771700e-001
 4.8754922e-001
 4.8760295e-001
 4.8774859e-001
 4.8806289e-001
 4.8846915e-001
 4.8898113e-001
 4.8959312e-001
 4.9025309e-001
 4.9101683e-001
 4.9178931e-001
 4.9263221e-001
 4.9347529e-001
 4.9436444e-001
 4.9526247e-001
 4.9618292e-001
 4.9711245e-001
 4.9803677e-001
 4.9895331e-001
 4.9985269e-001
 5.0075787e-001
 5.0163811e-001
 5.0249517e-001
 5.0333869e-001
 5.0417084e-001
 5.0497657e-001
 5.0575858e-001
 5.0653923e-001
 5.0730199e-001
 5.0804996e-001
 5.0878328e-001
 5.0950414e-001
 5.1020783e-001
 5.1089317e-001
 5.1157814e-001
 5.1225495e-001
 5.1292944e-001
 5.1358140e-001
 5.1423085e-001
 5.1486272e-001
 5.1548630e-001
 5.1611179e-001
 5.1675022e-001
 5.1738727e-001
 5.1803827e-001
 5.1870084e-001
 5.1936209e-001
 5.2001715e-001
 5.2066207e-001
 5.2131873e-001
 5.2199239e-001
 5.2268547e-001
 5.2339232e-001
 5.2411234e-001
 5.2482545e-001
 5.2554822e-001
 5.2627075e-001
 5.2698797e-001
 5.2772254e-001
 5.2847117e-001
 5.2922380e-001
 5.2997589e-001
 5.3073949e-001
 5.3150553e-001
 5.3228241e-001
 5.3307945e-001
 5.3388673e-001
 5.3472090e-001
 5.3556961e-001
 5.3642368e-001
 5.3728479e-001
 5.3815359e-001
 5.3903741e-001
 5.3993350e-001
 5.4085433e-001
 5.4179931e-001
 5.4273319e-001
 5.4365414e-001
 5.4455280e-001
 5.4545647e-001
 5.4638869e-001
 5.4733312e-001
 5.4829383e-001
 5.4924506e-001
 5.5019319e-001
 5.5115479e-001
 5.5213642e-001
 5.5312848e-001
 5.5414468e-001
 5.5515260e-001
 5.5615652e-001
 5.5714220e-001
 5.5809629e-001
 5.5903757e-001
 5.5998415e-001
 5.6092936e-001
 5.6188887e-001
 5.6283581e-001
 5.6376451e-001
 5.6466520e-001
 5.6556517e-001
 5.6644577e-001
 5.6732786e-001
 5.6821775e-001
 5.6909329e-001
 5.6998122e-001
 5.7085991e-001
 5.7174981e-001
 5.7263345e-001
 5.7348835e-001
 5.7431906e-001
 5.7511979e-001
 5.7589638e-001
 5.7667547e-001
 5.7745439e-001
 5.7821196e-001
 5.7895184e-001
 5.7967103e-001
 5.8038026e-001
 5.8109415e-001
 5.8181518e-001
 5.8253914e-001
 5.8326322e-001
 5.8397835e-001
 5.8466744e-001
 5.8531332e-001
 5.8594227e-001
 5.8657426e-001
 5.8723724e-001
 5.8792949e-001
 5.8863252e-001
 5.8932543e-001
 5.8999920e-001
 5.9065145e-001
 5.9127814e-001
 5.9187657e-001
 5.9248692e-001
 5.9311628e-001
 5.9374678e-001
 5.9437293e-001
 5.9497541e-001
 5.9554553e-001
 5.9610659e-001
 5.9667724e-001
 5.9725869e-001
 5.9784532e-001
 5.9843504e-001
 5.9901464e-001
 5.9958029e-001
 6.0013652e-001
 6.0068256e-001
 6.0120940e-001
 6.0172164e-001
 6.0222054e-001
 6.0271591e-001
 6.0319316e-001
 6.0369110e-001
 6.0420364e-001
 6.0472476e-001
 6.0525447e-001
 6.0578614e-001
 6.0631508e-001
 6.0682678e-001
 6.0733902e-001
 6.0784489e-001
 6.0833901e-001
 6.0882622e-001
 6.0929841e-001
 6.0975945e-001
 6.1021727e-001
 6.1068285e-001
 6.1115098e-001
 6.1161333e-001
 6.1205149e-001
 6.1246878e-001
 6.1288387e-001
 6.1329156e-001
 6.1371368e-001
 6.1414820e-001
 6.1458492e-001
 6.1502063e-001
 6.1545390e-001
 6.1588067e-001
 6.1630207e-001
 6.1672312e-001
 6.1715204e-001
 6.1758721e-001
 6.1801326e-001
 6.1842889e-001
 6.1883414e-001
 6.1923254e-001
 6.1963689e-001
 6.2003404e-001
 6.2041718e-001
 6.2079203e-001
 6.2116301e-001
 6.2155426e-001
 6.2198263e-001
 6.2244117e-001
 6.2288415e-001
 6.2330139e-001
 6.2366629e-001
 6.2401003e-001
 6.2435794e-001
 6.2470430e-001
 6.2505269e-001
 6.2540632e-001
 6.2573725e-001
 6.2607485e-001
 6.2639642e-001
 6.2671715e-001
 6.2704289e-001
 6.2737691e-001
 6.2770170e-001
 6.2800395e-001
 6.2827462e-001
 6.2851036e-001
 6.2874264e-001
 6.2899595e-001
 6.2926859e-001
 6.2953842e-001
 6.2978864e-001
 6.3001114e-001
 6.3020784e-001
 6.3038468e-001
 6.3055575e-001
 6.3071078e-001
 6.3086802e-001
 6.3102365e-001
 6.3115162e-001
 6.3125342e-001
 6.3134617e-001
 6.3142818e-001
 6.3152403e-001
 6.3162905e-001
 6.3170958e-001
 6.3176280e-001
 6.3179284e-001
 6.3181245e-001
 6.3184011e-001
 6.3187712e-001
 6.3189965e-001
 6.3190597e-001
 6.3188332e-001
 6.3184810e-001
 6.3180804e-001
 6.3174504e-001
 6.3168949e-001
 6.3161165e-001
 6.3152248e-001
 6.3141167e-001
 6.3126594e-001
 6.3111907e-001
 6.3095653e-001
 6.3082111e-001
 6.3069272e-001
 6.3054717e-001
 6.3036680e-001
 6.3016057e-001
 6.2993437e-001
 6.2972742e-001
 6.2954462e-001
 6.2936473e-001
 6.2920296e-001
 6.2903768e-001
 6.2885296e-001
 6.2866366e-001
 6.2846577e-001
 6.2825751e-001
 6.2805033e-001
 6.2786025e-001
 6.2766087e-001
 6.2746590e-001
 6.2729669e-001
 6.2711495e-001
 6.2691957e-001
 6.2671506e-001
 6.2648976e-001
 6.2624967e-001
 6.2600893e-001
 6.2575233e-001
 6.2550169e-001
 6.2524301e-001
 6.2500000e-001
 6.2478423e-001
 6.2455946e-001
 6.2433463e-001
 6.2408972e-001
 6.2382698e-001
 6.2355369e-001
 6.2328559e-001
 6.2302238e-001
 6.2276876e-001
 6.2252259e-001
 6.2227774e-001
 6.2201834e-001
 6.2173074e-001
 6.2143660e-001
 6.2108856e-001
 6.2073463e-001
 6.2034053e-001
 6.1993766e-001
 6.1951405e-001
 6.1909157e-001
 6.1862844e-001
 6.1814135e-001
 6.1760390e-001
 6.1703914e-001
 6.1642218e-001
 6.1578876e-001
 6.1507070e-001
 6.1429918e-001
 6.1346579e-001
 6.1250669e-001
 6.1145359e-001
 6.1026555e-001
 6.0896099e-001
 6.0754114e-001
 6.0599369e-001
 6.0435259e-001
 6.0258579e-001
 6.0076517e-001
 5.9880733e-001
 5.9685987e-001
 5.9479249e-001
 5.9283251e-001
 5.9079564e-001
 5.8895886e-001
 5.8716273e-001
 5.8558321e-001
 5.8411437e-001
 5.8291399e-001
 5.8192283e-001
 5.8115375e-001
 5.8064282e-001
 5.8027840e-001
 5.8015764e-001
 5.8017230e-001
 5.8031237e-001
 5.8066499e-001
 5.8092499e-001
 5.8128041e-001
 5.8149093e-001
 5.8171093e-001
 5.8178067e-001
 5.8180976e-001
 5.8169258e-001
 5.8148599e-001
 5.8112919e-001
 5.8064008e-001
 5.7999659e-001
 5.7919985e-001
 5.7828641e-001
 5.7723445e-001
 5.7605386e-001
 5.7472652e-001
 5.7324231e-001
 5.7161742e-001
 5.6986868e-001
 5.6799310e-001
 5.6598926e-001
 5.6383753e-001
 5.6156021e-001
 5.5913311e-001
 5.5658692e-001
 5.5388474e-001
 5.5110705e-001
 5.4823166e-001
 5.4520857e-001
 5.4218286e-001
 5.3902370e-001
 5.3590614e-001
 5.3273207e-001
 5.2968931e-001
 5.2666283e-001
 5.2381545e-001
 5.2103031e-001
 5.1845878e-001
 5.1602614e-001
 5.1378322e-001
 5.1172441e-001
 5.0984389e-001
 5.0816607e-001
 5.0662065e-001
 5.0528038e-001
 5.0400168e-001
 5.0287628e-001
 5.0179309e-001
 5.0086492e-001
 4.9992463e-001
 4.9906802e-001
 4.9815726e-001
 4.9725398e-001
 4.9632069e-001
 4.9535161e-001
 4.9439800e-001
 4.9341550e-001
 4.9243659e-001
 4.9142674e-001
 4.9046430e-001
 4.8948485e-001
 4.8860130e-001
 4.8775691e-001
 4.8698866e-001
 4.8631909e-001
 4.8573896e-001
 4.8527583e-001
 4.8496613e-001
 4.8479292e-001
 4.8473760e-001
 4.8487970e-001
 4.8518834e-001
 4.8572487e-001
 4.8646536e-001
 4.8733130e-001
 4.8837012e-001
 4.8948327e-001
 4.9078017e-001
 4.9215621e-001
 4.9372056e-001
 4.9529234e-001
 4.9698019e-001
 4.9861446e-001
 5.0028765e-001
 5.0185293e-001
 5.0341117e-001
 5.0489521e-001
 5.0638741e-001
 5.0778669e-001
 5.0910783e-001
 5.1031154e-001
 5.1141346e-001
 5.1242715e-001
 5.1334959e-001
 5.1419759e-001
 5.1491284e-001
 5.1554221e-001
 5.1604360e-001
 5.1651156e-001
 5.1691121e-001
 5.1728791e-001
 5.1760864e-001
 5.1787341e-001
 5.1808965e-001
 5.1826882e-001
 5.1840866e-001
 5.1851583e-001
 5.1858079e-001
 5.1857185e-001
 5.1848018e-001
 5.1834941e-001
 5.1817095e-001
 5.1792645e-001
 5.1764077e-001
 5.1731032e-001
 5.1690304e-001
 5.1644206e-001
 5.1595271e-001
 5.1542211e-001
 5.1486313e-001
 5.1425803e-001
 5.1359195e-001
 5.1289755e-001
 5.1215684e-001
 5.1139224e-001
 5.1065242e-001
 5.0992447e-001
 5.0922328e-001
 5.0852484e-001
 5.0782555e-001
 5.0715822e-001
 5.0653911e-001
 5.0602525e-001
 5.0558400e-001
 5.0520033e-001
 5.0485647e-001
 5.0455993e-001
 5.0434375e-001
 5.0416952e-001
 5.0402993e-001
 5.0394064e-001
 5.0387818e-001
 5.0384372e-001
 5.0386339e-001
 5.0391918e-001
 5.0396556e-001
 5.0401187e-001
 5.0405765e-001
 5.0409490e-001
 5.0415689e-001
 5.0424510e-001
 5.0433034e-001
 5.0443083e-001
 5.0455892e-001
 5.0467885e-001
 5.0476617e-001
 5.0482893e-001
 5.0486100e-001
 5.0486493e-001
 5.0489670e-001
 5.0492555e-001
 5.0490576e-001
 5.0488484e-001
 5.0482470e-001
 5.0471026e-001
 5.0460327e-001
 5.0446427e-001
 5.0426626e-001
 5.0403011e-001
 5.0376165e-001
 5.0343931e-001
 5.0310528e-001
 5.0277627e-001
 5.0244021e-001
 5.0209969e-001
 5.0174940e-001
 5.0137544e-001
 5.0096607e-001
 5.0056392e-001
 5.0015008e-001
 4.9973148e-001
 4.9933600e-001
 4.9892697e-001
 4.9852243e-001
 4.9812013e-001
 4.9771348e-001
 4.9732044e-001
 4.9693742e-001
 4.9657649e-001
 4.9620751e-001
 4.9579969e-001
 4.9537140e-001
 4.9495122e-001
 4.9453822e-001
 4.9413908e-001
 4.9372053e-001
 4.9327037e-001
 4.9282101e-001
 4.9233985e-001
 4.9184960e-001
 4.9135551e-001
 4.9083245e-001
 4.9028170e-001
 4.8971269e-001
 4.8912838e-001
 4.8850909e-001
 4.8787698e-001
 4.8724043e-001
 4.8659176e-001
 4.8599303e-001
 4.8542374e-001
 4.8483074e-001
 4.8426560e-001
 4.8368979e-001
 4.8309606e-001
 4.8254392e-001
 4.8201337e-001
 4.8148844e-001
 4.8098797e-001
 4.8049155e-001
 4.7999996e-001
 4.7953209e-001
 4.7905472e-001
 4.7858372e-001
 4.7815040e-001
 4.7777694e-001
 4.7743815e-001
 4.7704855e-001
 4.7659373e-001
 4.7611019e-001
 4.7562101e-001
 4.7520170e-001
 4.7493038e-001
 4.7454932e-001
 4.7408760e-001
 4.7368538e-001
 4.7330302e-001
 4.7295785e-001
 4.7264242e-001
 4.7230545e-001
 4.7198293e-001
 4.7175270e-001
 4.7166544e-001
 4.7148284e-001
 4.7127503e-001
 4.7095281e-001
