s07_ASD Record=18725: Oiled_P.austral. DWO-3-DEL-1 ASDFRa AREF
-1.2300000e+034
 3.2961879e-002
 3.2978121e-002
 3.3022784e-002
 3.3188723e-002
 3.3292279e-002
 3.3349697e-002
 3.3416785e-002
 3.3515122e-002
 3.3642054e-002
 3.3782069e-002
 3.3907734e-002
 3.3998437e-002
 3.4088254e-002
 3.4223754e-002
 3.4426693e-002
 3.4568749e-002
 3.4696564e-002
 3.4940120e-002
 3.5130251e-002
 3.5340123e-002
 3.5605606e-002
 3.5836712e-002
 3.6136653e-002
 3.6470439e-002
 3.6759749e-002
 3.7098952e-002
 3.7474718e-002
 3.7867200e-002
 3.8264520e-002
 3.8723271e-002
 3.9228048e-002
 3.9754320e-002
 4.0365566e-002
 4.0991135e-002
 4.1610800e-002
 4.2264853e-002
 4.2897280e-002
 4.3510512e-002
 4.4140305e-002
 4.4841342e-002
 4.5595933e-002
 4.6419345e-002
 4.7354490e-002
 4.8331294e-002
 4.9292486e-002
 5.0205518e-002
 5.1097408e-002
 5.1916584e-002
 5.2672599e-002
 5.3400323e-002
 5.4100309e-002
 5.4823592e-002
 5.5597637e-002
 5.6401003e-002
 5.7226684e-002
 5.8056142e-002
 5.8871202e-002
 5.9687443e-002
 6.0466066e-002
 6.1197679e-002
 6.1921641e-002
 6.2595673e-002
 6.3243523e-002
 6.3897304e-002
 6.4523935e-002
 6.5145127e-002
 6.5767743e-002
 6.6379458e-002
 6.6984594e-002
 6.7569613e-002
 6.8126708e-002
 6.8682186e-002
 6.9219895e-002
 6.9743797e-002
 7.0274904e-002
 7.0811272e-002
 7.1362466e-002
 7.1932711e-002
 7.2506092e-002
 7.3082492e-002
 7.3645733e-002
 7.4168161e-002
 7.4627705e-002
 7.5054146e-002
 7.5484008e-002
 7.5935625e-002
 7.6400779e-002
 7.6870613e-002
 7.7335514e-002
 7.7800229e-002
 7.8251079e-002
 7.8682691e-002
 7.9106569e-002
 7.9535864e-002
 7.9975776e-002
 8.0422908e-002
 8.0855869e-002
 8.1270836e-002
 8.1670709e-002
 8.2068130e-002
 8.2473814e-002
 8.2888529e-002
 8.3308160e-002
 8.3729081e-002
 8.4156044e-002
 8.4571905e-002
 8.4946156e-002
 8.5328206e-002
 8.5723840e-002
 8.6127192e-002
 8.6523987e-002
 8.6904533e-002
 8.7276414e-002
 8.7660760e-002
 8.8050529e-002
 8.8446461e-002
 8.8845372e-002
 8.9239106e-002
 8.9626506e-002
 9.0007380e-002
 9.0384871e-002
 9.0764418e-002
 9.1136351e-002
 9.1501564e-002
 9.1877647e-002
 9.2251495e-002
 9.2629015e-002
 9.3014419e-002
 9.3385249e-002
 9.3750715e-002
 9.4114706e-002
 9.4473742e-002
 9.4843253e-002
 9.5231995e-002
 9.5646091e-002
 9.6087418e-002
 9.6535377e-002
 9.6953742e-002
 9.7310208e-002
 9.7658873e-002
 9.8032005e-002
 9.8439477e-002
 9.8843768e-002
 9.9237829e-002
 9.9617943e-002
 9.9995449e-002
 1.0039256e-001
 1.0079531e-001
 1.0119644e-001
 1.0161141e-001
 1.0202248e-001
 1.0242723e-001
 1.0283072e-001
 1.0323513e-001
 1.0363698e-001
 1.0403717e-001
 1.0444109e-001
 1.0486533e-001
 1.0530318e-001
 1.0573681e-001
 1.0616809e-001
 1.0658862e-001
 1.0700573e-001
 1.0743946e-001
 1.0787380e-001
 1.0831672e-001
 1.0878247e-001
 1.0927906e-001
 1.0974456e-001
 1.1015911e-001
 1.1056005e-001
 1.1096534e-001
 1.1138760e-001
 1.1181881e-001
 1.1223177e-001
 1.1266608e-001
 1.1313757e-001
 1.1362764e-001
 1.1407976e-001
 1.1449435e-001
 1.1490870e-001
 1.1536983e-001
 1.1584821e-001
 1.1632464e-001
 1.1677709e-001
 1.1720190e-001
 1.1762246e-001
 1.1805932e-001
 1.1851338e-001
 1.1896034e-001
 1.1941701e-001
 1.1988924e-001
 1.2033956e-001
 1.2079883e-001
 1.2127263e-001
 1.2174534e-001
 1.2224185e-001
 1.2275824e-001
 1.2327502e-001
 1.2376525e-001
 1.2426878e-001
 1.2478961e-001
 1.2530543e-001
 1.2579240e-001
 1.2623084e-001
 1.2662731e-001
 1.2701957e-001
 1.2741162e-001
 1.2782206e-001
 1.2826312e-001
 1.2871334e-001
 1.2915024e-001
 1.2957685e-001
 1.3001734e-001
 1.3049439e-001
 1.3098589e-001
 1.3145316e-001
 1.3187887e-001
 1.3229536e-001
 1.3271461e-001
 1.3312636e-001
 1.3354653e-001
 1.3396950e-001
 1.3439909e-001
 1.3484986e-001
 1.3532926e-001
 1.3583367e-001
 1.3636437e-001
 1.3695167e-001
 1.3756347e-001
 1.3815580e-001
 1.3870269e-001
 1.3922356e-001
 1.3972047e-001
 1.4020196e-001
 1.4068469e-001
 1.4114003e-001
 1.4153357e-001
 1.4187515e-001
 1.4238946e-001
 1.4298125e-001
 1.4353363e-001
 1.4411581e-001
 1.4466996e-001
 1.4523405e-001
 1.4585978e-001
 1.4646572e-001
 1.4705402e-001
 1.4764878e-001
 1.4826135e-001
 1.4886433e-001
 1.4946972e-001
 1.5008493e-001
 1.5069136e-001
 1.5126371e-001
 1.5182376e-001
 1.5241393e-001
 1.5300626e-001
 1.5359522e-001
 1.5418549e-001
 1.5479040e-001
 1.5539010e-001
 1.5598479e-001
 1.5658523e-001
 1.5718776e-001
 1.5778393e-001
 1.5839309e-001
 1.5904039e-001
 1.5965334e-001
 1.6025005e-001
 1.6086505e-001
 1.6146876e-001
 1.6208859e-001
 1.6272382e-001
 1.6335231e-001
 1.6398364e-001
 1.6457625e-001
 1.6513495e-001
 1.6576682e-001
 1.6645497e-001
 1.6715227e-001
 1.6781411e-001
 1.6847955e-001
 1.6916142e-001
 1.6985288e-001
 1.7052001e-001
 1.7121692e-001
 1.7191206e-001
 1.7257328e-001
 1.7325233e-001
 1.7395094e-001
 1.7465250e-001
 1.7533699e-001
 1.7601220e-001
 1.7665002e-001
 1.7723097e-001
 1.7777252e-001
 1.7836429e-001
 1.7907782e-001
 1.7991741e-001
 1.8067564e-001
 1.8136887e-001
 1.8207912e-001
 1.8288732e-001
 1.8354572e-001
 1.8418844e-001
 1.8499225e-001
 1.8590318e-001
 1.8665452e-001
 1.8731970e-001
 1.8808043e-001
 1.8883838e-001
 1.8957014e-001
 1.9029485e-001
 1.9106638e-001
 1.9181931e-001
 1.9255665e-001
 1.9330816e-001
 1.9407873e-001
 1.9483311e-001
 1.9557682e-001
 1.9634621e-001
 1.9713272e-001
 1.9790387e-001
 1.9865482e-001
 1.9943628e-001
 2.0021446e-001
 2.0098816e-001
 2.0177144e-001
 2.0254426e-001
 2.0332317e-001
 2.0411074e-001
 2.0489532e-001
 2.0570149e-001
 2.0651102e-001
 2.0724131e-001
 2.0773111e-001
 2.0844620e-001
 2.0939471e-001
 2.1024278e-001
 2.1105918e-001
 2.1176712e-001
 2.1235809e-001
 2.1298045e-001
 2.1382889e-001
 2.1487223e-001
 2.1593304e-001
 2.1676910e-001
 2.1744847e-001
 2.1810077e-001
 2.1887575e-001
 2.1975513e-001
 2.2071527e-001
 2.2167343e-001
 2.2250058e-001
 2.2330599e-001
 2.2414166e-001
 2.2501048e-001
 2.2586548e-001
 2.2671090e-001
 2.2755064e-001
 2.2839075e-001
 2.2920029e-001
 2.2996342e-001
 2.3063153e-001
 2.3108315e-001
 2.3134989e-001
 2.3162156e-001
 2.3221661e-001
 2.3317266e-001
 2.3439164e-001
 2.3548125e-001
 2.3612130e-001
 2.3662034e-001
 2.3722504e-001
 2.3801640e-001
 2.3878823e-001
 2.3956089e-001
 2.4032927e-001
 2.4106987e-001
 2.4186300e-001
 2.4284531e-001
 2.4393001e-001
 2.4487706e-001
 2.4565172e-001
 2.4638309e-001
 2.4718125e-001
 2.4805340e-001
 2.4895111e-001
 2.4986000e-001
 2.5077450e-001
 2.5167894e-001
 2.5256902e-001
 2.5344020e-001
 2.5429341e-001
 2.5514269e-001
 2.5597480e-001
 2.5678518e-001
 2.5760844e-001
 2.5843287e-001
 2.5925824e-001
 2.6008475e-001
 2.6090980e-001
 2.6172480e-001
 2.6253211e-001
 2.6334989e-001
 2.6416579e-001
 2.6483649e-001
-1.2300000e+034
-1.2300000e+034
-1.2300000e+034
-1.2300000e+034
-1.2300000e+034
-1.2300000e+034
-1.2300000e+034
-1.2300000e+034
-1.2300000e+034
-1.2300000e+034
-1.2300000e+034
 2.7480757e-001
 2.7570003e-001
 2.7657443e-001
 2.7742764e-001
 2.7826747e-001
 2.7911478e-001
 2.7995083e-001
 2.8077510e-001
 2.8160521e-001
 2.8244615e-001
 2.8328374e-001
 2.8410703e-001
 2.8492707e-001
 2.8574279e-001
 2.8652555e-001
 2.8725848e-001
 2.8798866e-001
 2.8869179e-001
 2.8938681e-001
 2.9011253e-001
 2.9086810e-001
 2.9169026e-001
 2.9257748e-001
 2.9347467e-001
 2.9433545e-001
 2.9514533e-001
 2.9590407e-001
 2.9662588e-001
 2.9737476e-001
 2.9814833e-001
 2.9891336e-001
 2.9965314e-001
 3.0040476e-001
 3.0120128e-001
 3.0206388e-001
 3.0294254e-001
 3.0380180e-001
 3.0460805e-001
 3.0532852e-001
 3.0596825e-001
 3.0652562e-001
 3.0700856e-001
 3.0745846e-001
 3.0791226e-001
 3.0838120e-001
 3.0885065e-001
 3.0936354e-001
 3.1001446e-001
 3.1084296e-001
 3.1178540e-001
 3.1264618e-001
 3.1350300e-001
 3.1437835e-001
 3.1507757e-001
 3.1572700e-001
 3.1638968e-001
 3.1709343e-001
 3.1779805e-001
 3.1845701e-001
 3.1908703e-001
 3.1973788e-001
 3.2045674e-001
 3.2123724e-001
 3.2203808e-001
 3.2280111e-001
 3.2363927e-001
 3.2448757e-001
 3.2529512e-001
 3.2610765e-001
 3.2691208e-001
 3.2770783e-001
 3.2850072e-001
 3.2930824e-001
 3.3011582e-001
 3.3090779e-001
 3.3167359e-001
 3.3242342e-001
 3.3315453e-001
 3.3387583e-001
 3.3459395e-001
 3.3523706e-001
 3.3588967e-001
 3.3661473e-001
 3.3733636e-001
 3.3803943e-001
 3.3872795e-001
 3.3941388e-001
 3.4008631e-001
 3.4078339e-001
 3.4149820e-001
 3.4219879e-001
 3.4288108e-001
 3.4353957e-001
 3.4419969e-001
 3.4490475e-001
 3.4558803e-001
 3.4624180e-001
 3.4688237e-001
 3.4754261e-001
 3.4816876e-001
 3.4877950e-001
 3.4940857e-001
 3.5006091e-001
 3.5071126e-001
 3.5134861e-001
 3.5196760e-001
 3.5256633e-001
 3.5315806e-001
 3.5375443e-001
 3.5436031e-001
 3.5495633e-001
 3.5554737e-001
 3.5613036e-001
 3.5669807e-001
 3.5730097e-001
 3.5790896e-001
 3.5848641e-001
 3.5902396e-001
 3.5954019e-001
 3.6003053e-001
 3.6048374e-001
 3.6088568e-001
 3.6120376e-001
 3.6145356e-001
 3.6168098e-001
 3.6191413e-001
 3.6207986e-001
 3.6220017e-001
 3.6240372e-001
 3.6276990e-001
 3.6323935e-001
 3.6369759e-001
 3.6408684e-001
 3.6466891e-001
 3.6533916e-001
 3.6596665e-001
 3.6646697e-001
 3.6688966e-001
 3.6725980e-001
 3.6760703e-001
 3.6796260e-001
 3.6833507e-001
 3.6870766e-001
 3.6909196e-001
 3.6958870e-001
 3.7013143e-001
 3.7067831e-001
 3.7122712e-001
 3.7185708e-001
 3.7253678e-001
 3.7323439e-001
 3.7391046e-001
 3.7448823e-001
 3.7488839e-001
 3.7517634e-001
 3.7550798e-001
 3.7563702e-001
 3.7557918e-001
 3.7540412e-001
 3.7518331e-001
 3.7466735e-001
 3.7386644e-001
 3.7289327e-001
 3.7183425e-001
 3.7043437e-001
 3.6878189e-001
 3.6753088e-001
 3.6772075e-001
 3.6843187e-001
 3.6937952e-001
 3.7043595e-001
 3.7120420e-001
 3.7183720e-001
 3.7241367e-001
 3.7292066e-001
 3.7313667e-001
 3.7314898e-001
 3.7322363e-001
 3.7363228e-001
 3.7407535e-001
 3.7464464e-001
 3.7533250e-001
 3.7611914e-001
 3.7721241e-001
 3.7804234e-001
 3.7858513e-001
 3.7936234e-001
 3.8026479e-001
 3.8107082e-001
 3.8176027e-001
 3.8258454e-001
 3.8354224e-001
 3.8469273e-001
 3.8588646e-001
 3.8685137e-001
 3.8812542e-001
 3.8927108e-001
 3.9012644e-001
 3.9115155e-001
 3.9209664e-001
 3.9285406e-001
 3.9345133e-001
 3.9414456e-001
 3.9469641e-001
 3.9508921e-001
 3.9542797e-001
 3.9593723e-001
 3.9647648e-001
 3.9698035e-001
 3.9748541e-001
 3.9819697e-001
 3.9894041e-001
 3.9962465e-001
 4.0025929e-001
 4.0102348e-001
 4.0184620e-001
 4.0256387e-001
 4.0309668e-001
 4.0377748e-001
 4.0444973e-001
 4.0501100e-001
 4.0548104e-001
 4.0615073e-001
 4.0679708e-001
 4.0731066e-001
 4.0772685e-001
 4.0822187e-001
 4.0859425e-001
 4.0893885e-001
 4.0948489e-001
 4.0982378e-001
 4.1009489e-001
 4.1055647e-001
 4.1094494e-001
 4.1135255e-001
 4.1175914e-001
 4.1215697e-001
 4.1254735e-001
 4.1294119e-001
 4.1334075e-001
 4.1374943e-001
 4.1414827e-001
 4.1453183e-001
 4.1488850e-001
 4.1522825e-001
 4.1557506e-001
 4.1591662e-001
 4.1625720e-001
 4.1661087e-001
 4.1695604e-001
 4.1725743e-001
 4.1756818e-001
 4.1789043e-001
 4.1820875e-001
 4.1852367e-001
 4.1886482e-001
 4.1918182e-001
 4.1953650e-001
 4.1988137e-001
 4.2020532e-001
 4.2056343e-001
 4.2087418e-001
 4.2120910e-001
 4.2156950e-001
 4.2189324e-001
 4.2220852e-001
 4.2250925e-001
 4.2273942e-001
 4.2299485e-001
 4.2327073e-001
 4.2354143e-001
 4.2387980e-001
 4.2423171e-001
 4.2454058e-001
 4.2484295e-001
 4.2505798e-001
 4.2521560e-001
 4.2553246e-001
 4.2587775e-001
 4.2615202e-001
 4.2650786e-001
 4.2682639e-001
 4.2695895e-001
 4.2714655e-001
 4.2738232e-001
 4.2761889e-001
 4.2792466e-001
 4.2821726e-001
 4.2844424e-001
 4.2872915e-001
 4.2893571e-001
 4.2911696e-001
 4.2938063e-001
 4.2957997e-001
 4.2979410e-001
 4.3009728e-001
 4.3035215e-001
 4.3060046e-001
 4.3084517e-001
 4.3100992e-001
 4.3118894e-001
 4.3138555e-001
 4.3156493e-001
 4.3174356e-001
 4.3195701e-001
 4.3208101e-001
 4.3219966e-001
 4.3236598e-001
 4.3248770e-001
 4.3259984e-001
 4.3278140e-001
 4.3291408e-001
 4.3294516e-001
 4.3300962e-001
 4.3309847e-001
 4.3316457e-001
 4.3326899e-001
 4.3333909e-001
 4.3339503e-001
 4.3340570e-001
 4.3334591e-001
 4.3325010e-001
 4.3316266e-001
 4.3302736e-001
 4.3288350e-001
 4.3277282e-001
 4.3265405e-001
 4.3249264e-001
 4.3231612e-001
 4.3215191e-001
 4.3197915e-001
 4.3175873e-001
 4.3153617e-001
 4.3138763e-001
 4.3116876e-001
 4.3084100e-001
 4.3049887e-001
 4.3005493e-001
 4.2956170e-001
 4.2903188e-001
 4.2832321e-001
 4.2761791e-001
 4.2672789e-001
 4.2581844e-001
 4.2489347e-001
 4.2395237e-001
 4.2285386e-001
-1.2300000e+034
-1.2300000e+034
-1.2300000e+034
-1.2300000e+034
-1.2300000e+034
-1.2300000e+034
-1.2300000e+034
-1.2300000e+034
-1.2300000e+034
-1.2300000e+034
-1.2300000e+034
-1.2300000e+034
-1.2300000e+034
-1.2300000e+034
-1.2300000e+034
-1.2300000e+034
-1.2300000e+034
-1.2300000e+034
-1.2300000e+034
-1.2300000e+034
-1.2300000e+034
-1.2300000e+034
-1.2300000e+034
-1.2300000e+034
-1.2300000e+034
-1.2300000e+034
-1.2300000e+034
-1.2300000e+034
-1.2300000e+034
 4.2340952e-001
 4.2353901e-001
 4.2405912e-001
 4.2449036e-001
 4.2466304e-001
 4.2507833e-001
 4.2581278e-001
 4.2623547e-001
 4.2672318e-001
 4.2705804e-001
 4.2678794e-001
 4.2663401e-001
 4.2676750e-001
 4.2678818e-001
 4.2676505e-001
 4.2689362e-001
 4.2688254e-001
 4.2665082e-001
 4.2651382e-001
 4.2638853e-001
 4.2626387e-001
 4.2626831e-001
 4.2620939e-001
 4.2605996e-001
 4.2592555e-001
 4.2574602e-001
 4.2556685e-001
 4.2544693e-001
 4.2529225e-001
 4.2507112e-001
 4.2489362e-001
 4.2461279e-001
 4.2428246e-001
 4.2400116e-001
 4.2368144e-001
 4.2339855e-001
 4.2320079e-001
 4.2299524e-001
 4.2279592e-001
 4.2260918e-001
 4.2240435e-001
 4.2222804e-001
 4.2209378e-001
 4.2195201e-001
 4.2186850e-001
 4.2177147e-001
 4.2154461e-001
 4.2138049e-001
 4.2130181e-001
 4.2120039e-001
 4.2113584e-001
 4.2114788e-001
 4.2117459e-001
 4.2119980e-001
 4.2123401e-001
 4.2128634e-001
 4.2136467e-001
 4.2149076e-001
 4.2158687e-001
 4.2165330e-001
 4.2175937e-001
 4.2182064e-001
 4.2191201e-001
 4.2206985e-001
 4.2226386e-001
 4.2246249e-001
 4.2269674e-001
 4.2302293e-001
 4.2339849e-001
 4.2380902e-001
 4.2425179e-001
 4.2468897e-001
 4.2517617e-001
 4.2569602e-001
 4.2628059e-001
 4.2685300e-001
 4.2738023e-001
 4.2795357e-001
 4.2859349e-001
 4.2920572e-001
 4.2983073e-001
 4.3045741e-001
 4.3107599e-001
 4.3165374e-001
 4.3220210e-001
 4.3275130e-001
 4.3326661e-001
 4.3372807e-001
 4.3417668e-001
 4.3463147e-001
 4.3505388e-001
 4.3544406e-001
 4.3582106e-001
 4.3616506e-001
 4.3650272e-001
 4.3682778e-001
 4.3713722e-001
 4.3746004e-001
 4.3776196e-001
 4.3801710e-001
 4.3826735e-001
 4.3854943e-001
 4.3878761e-001
 4.3897927e-001
 4.3915311e-001
 4.3931082e-001
 4.3945900e-001
 4.3960440e-001
 4.3974239e-001
 4.3987775e-001
 4.3998370e-001
 4.4003326e-001
 4.4010633e-001
 4.4020283e-001
 4.4028810e-001
 4.4038150e-001
 4.4051176e-001
 4.4066846e-001
 4.4081202e-001
 4.4097596e-001
 4.4120029e-001
 4.4143796e-001
 4.4169635e-001
 4.4193313e-001
 4.4214448e-001
 4.4239625e-001
 4.4258755e-001
 4.4270849e-001
 4.4286501e-001
 4.4300660e-001
 4.4308850e-001
 4.4318500e-001
 4.4329539e-001
 4.4336450e-001
 4.4342220e-001
 4.4348416e-001
 4.4355112e-001
 4.4359204e-001
 4.4360402e-001
 4.4361633e-001
 4.4361898e-001
 4.4357342e-001
 4.4351277e-001
 4.4346249e-001
 4.4339186e-001
 4.4327077e-001
 4.4315818e-001
 4.4304091e-001
 4.4287637e-001
 4.4273648e-001
 4.4261643e-001
 4.4247717e-001
 4.4234765e-001
 4.4219881e-001
 4.4199669e-001
 4.4177151e-001
 4.4156858e-001
 4.4136801e-001
 4.4112226e-001
 4.4087556e-001
 4.4067264e-001
 4.4045097e-001
 4.4017223e-001
 4.3990180e-001
 4.3962428e-001
 4.3936425e-001
 4.3913439e-001
 4.3888843e-001
 4.3869999e-001
 4.3851355e-001
 4.3824410e-001
 4.3799156e-001
 4.3770656e-001
 4.3729070e-001
 4.3680555e-001
 4.3633774e-001
 4.3586674e-001
 4.3532476e-001
 4.3462580e-001
 4.3392673e-001
 4.3328252e-001
 4.3257487e-001
 4.3190867e-001
 4.3131369e-001
 4.3090218e-001
 4.3062881e-001
 4.3040487e-001
 4.3013644e-001
 4.2980477e-001
 4.2937618e-001
 4.2883483e-001
 4.2823640e-001
 4.2754462e-001
 4.2669368e-001
 4.2562836e-001
 4.2426524e-001
 4.2298466e-001
 4.2163444e-001
 4.1993624e-001
 4.1836041e-001
 4.1664228e-001
 4.1480920e-001
 4.1294220e-001
 4.1080418e-001
 4.0850437e-001
-1.2300000e+034
-1.2300000e+034
-1.2300000e+034
-1.2300000e+034
-1.2300000e+034
-1.2300000e+034
-1.2300000e+034
-1.2300000e+034
-1.2300000e+034
-1.2300000e+034
-1.2300000e+034
-1.2300000e+034
-1.2300000e+034
-1.2300000e+034
-1.2300000e+034
-1.2300000e+034
-1.2300000e+034
-1.2300000e+034
-1.2300000e+034
-1.2300000e+034
-1.2300000e+034
-1.2300000e+034
-1.2300000e+034
-1.2300000e+034
-1.2300000e+034
-1.2300000e+034
-1.2300000e+034
-1.2300000e+034
-1.2300000e+034
-1.2300000e+034
-1.2300000e+034
-1.2300000e+034
-1.2300000e+034
-1.2300000e+034
-1.2300000e+034
-1.2300000e+034
-1.2300000e+034
-1.2300000e+034
-1.2300000e+034
-1.2300000e+034
-1.2300000e+034
-1.2300000e+034
-1.2300000e+034
-1.2300000e+034
-1.2300000e+034
-1.2300000e+034
-1.2300000e+034
-1.2300000e+034
-1.2300000e+034
-1.2300000e+034
-1.2300000e+034
-1.2300000e+034
-1.2300000e+034
-1.2300000e+034
-1.2300000e+034
-1.2300000e+034
-1.2300000e+034
-1.2300000e+034
-1.2300000e+034
-1.2300000e+034
-1.2300000e+034
-1.2300000e+034
-1.2300000e+034
-1.2300000e+034
-1.2300000e+034
-1.2300000e+034
-1.2300000e+034
-1.2300000e+034
-1.2300000e+034
-1.2300000e+034
-1.2300000e+034
-1.2300000e+034
-1.2300000e+034
-1.2300000e+034
-1.2300000e+034
-1.2300000e+034
-1.2300000e+034
-1.2300000e+034
-1.2300000e+034
-1.2300000e+034
-1.2300000e+034
-1.2300000e+034
-1.2300000e+034
-1.2300000e+034
-1.2300000e+034
-1.2300000e+034
-1.2300000e+034
-1.2300000e+034
-1.2300000e+034
-1.2300000e+034
-1.2300000e+034
-1.2300000e+034
-1.2300000e+034
-1.2300000e+034
-1.2300000e+034
-1.2300000e+034
-1.2300000e+034
-1.2300000e+034
-1.2300000e+034
 3.4030432e-001
 3.4067753e-001
 3.4105581e-001
 3.4090114e-001
 3.4062529e-001
 3.4043056e-001
 3.3999693e-001
 3.3950293e-001
 3.3908945e-001
 3.3872980e-001
 3.3810374e-001
 3.3760035e-001
 3.3732811e-001
 3.3704874e-001
 3.3688083e-001
 3.3708432e-001
 3.3738068e-001
 3.3791879e-001
 3.3893445e-001
 3.3984461e-001
 3.4065750e-001
 3.4180474e-001
 3.4282121e-001
 3.4359837e-001
 3.4437606e-001
 3.4486544e-001
 3.4515145e-001
 3.4548351e-001
 3.4607041e-001
 3.4694445e-001
 3.4777871e-001
 3.4851074e-001
 3.4929758e-001
 3.5006911e-001
 3.5087079e-001
 3.5179159e-001
 3.5266528e-001
 3.5352072e-001
 3.5428554e-001
 3.5482857e-001
 3.5527533e-001
 3.5566667e-001
 3.5595483e-001
 3.5625169e-001
 3.5662484e-001
 3.5696724e-001
 3.5726929e-001
 3.5760146e-001
 3.5796222e-001
 3.5833231e-001
 3.5877797e-001
 3.5926852e-001
 3.5977986e-001
 3.6035842e-001
 3.6093706e-001
 3.6150390e-001
 3.6208501e-001
 3.6269432e-001
 3.6325121e-001
 3.6377716e-001
 3.6430657e-001
 3.6479852e-001
 3.6529064e-001
 3.6581513e-001
 3.6634305e-001
 3.6685401e-001
 3.6736408e-001
 3.6789349e-001
 3.6845437e-001
 3.6901534e-001
 3.6954537e-001
 3.7004334e-001
 3.7051401e-001
 3.7097174e-001
 3.7140709e-001
 3.7183356e-001
 3.7228251e-001
 3.7274414e-001
 3.7320316e-001
 3.7363687e-001
 3.7404680e-001
 3.7444365e-001
 3.7483773e-001
 3.7525785e-001
 3.7564328e-001
 3.7598735e-001
 3.7635595e-001
 3.7672636e-001
 3.7708172e-001
 3.7742737e-001
 3.7776628e-001
 3.7810457e-001
 3.7845850e-001
 3.7882867e-001
 3.7917900e-001
 3.7952870e-001
 3.7988451e-001
 3.8021976e-001
 3.8055602e-001
 3.8089103e-001
 3.8120851e-001
 3.8152966e-001
 3.8186082e-001
 3.8218710e-001
 3.8251582e-001
 3.8282070e-001
 3.8309312e-001
 3.8338703e-001
 3.8365754e-001
 3.8387185e-001
 3.8409919e-001
 3.8436300e-001
 3.8459021e-001
 3.8476965e-001
 3.8497666e-001
 3.8519958e-001
 3.8537890e-001
 3.8556764e-001
 3.8580382e-001
 3.8601843e-001
 3.8622579e-001
 3.8645694e-001
 3.8669834e-001
 3.8696602e-001
 3.8725486e-001
 3.8755229e-001
 3.8785917e-001
 3.8815415e-001
 3.8843161e-001
 3.8870180e-001
 3.8898784e-001
 3.8926119e-001
 3.8948432e-001
 3.8972822e-001
 3.9001399e-001
 3.9027828e-001
 3.9051628e-001
 3.9077207e-001
 3.9103690e-001
 3.9129281e-001
 3.9156380e-001
 3.9184484e-001
 3.9211577e-001
 3.9237452e-001
 3.9266375e-001
 3.9296019e-001
 3.9321122e-001
 3.9345816e-001
 3.9373475e-001
 3.9401096e-001
 3.9430031e-001
 3.9461431e-001
 3.9492524e-001
 3.9523867e-001
 3.9555639e-001
 3.9588293e-001
 3.9620930e-001
 3.9651203e-001
 3.9681667e-001
 3.9711818e-001
 3.9738768e-001
 3.9763477e-001
 3.9788753e-001
 3.9814189e-001
 3.9834866e-001
 3.9852768e-001
 3.9873403e-001
 3.9893389e-001
 3.9910975e-001
 3.9929640e-001
 3.9946866e-001
 3.9958203e-001
 3.9966264e-001
 3.9976490e-001
 3.9988273e-001
 3.9998615e-001
 4.0006495e-001
 4.0011784e-001
 4.0015665e-001
 4.0017539e-001
 4.0017763e-001
 4.0018901e-001
 4.0020934e-001
 4.0022272e-001
 4.0023372e-001
 4.0025938e-001
 4.0027198e-001
 4.0024596e-001
 4.0024865e-001
 4.0029901e-001
 4.0031123e-001
 4.0029827e-001
 4.0030280e-001
 4.0029836e-001
 4.0026811e-001
 4.0019426e-001
 4.0007851e-001
 3.9994809e-001
 3.9980954e-001
 3.9965031e-001
 3.9946803e-001
 3.9926955e-001
 3.9901021e-001
 3.9868298e-001
 3.9835507e-001
 3.9799795e-001
 3.9757255e-001
 3.9714575e-001
 3.9672554e-001
 3.9621630e-001
 3.9570794e-001
 3.9522251e-001
 3.9470163e-001
 3.9415157e-001
 3.9360783e-001
 3.9304850e-001
 3.9246252e-001
 3.9188969e-001
 3.9131317e-001
 3.9072070e-001
 3.9010167e-001
 3.8944313e-001
 3.8879573e-001
 3.8816419e-001
 3.8749170e-001
 3.8680333e-001
 3.8611832e-001
 3.8539386e-001
 3.8463524e-001
 3.8392633e-001
 3.8315105e-001
 3.8229308e-001
 3.8136390e-001
 3.8037452e-001
 3.7937871e-001
 3.7835774e-001
 3.7725917e-001
 3.7611243e-001
 3.7497279e-001
 3.7385806e-001
 3.7271598e-001
 3.7152833e-001
 3.7040183e-001
 3.6932787e-001
 3.6830592e-001
 3.6735731e-001
 3.6640179e-001
 3.6542779e-001
 3.6449325e-001
 3.6362001e-001
 3.6276081e-001
 3.6188132e-001
 3.6099246e-001
 3.6014166e-001
 3.5936368e-001
 3.5859182e-001
 3.5780650e-001
 3.5707492e-001
 3.5638738e-001
 3.5562998e-001
 3.5484174e-001
 3.5410514e-001
 3.5335255e-001
 3.5255539e-001
 3.5167503e-001
 3.5075688e-001
 3.4986264e-001
 3.4897363e-001
 3.4809273e-001
 3.4723017e-001
 3.4635431e-001
 3.4550145e-001
 3.4480014e-001
 3.4420717e-001
 3.4363151e-001
 3.4316903e-001
 3.4290567e-001
 3.4277686e-001
 3.4271681e-001
 3.4277850e-001
 3.4303594e-001
 3.4343758e-001
 3.4402189e-001
 3.4470138e-001
 3.4545240e-001
 3.4625378e-001
 3.4731233e-001
 3.4829140e-001
 3.4917861e-001
 3.5002396e-001
 3.5074291e-001
 3.5138893e-001
 3.5204828e-001
 3.5256299e-001
 3.5286191e-001
 3.5310820e-001
 3.5328743e-001
 3.5333353e-001
 3.5325754e-001
 3.5314780e-001
 3.5289639e-001
 3.5259801e-001
 3.5233894e-001
 3.5202453e-001
 3.5153282e-001
 3.5109699e-001
 3.5070553e-001
 3.5030171e-001
 3.4998694e-001
 3.4962398e-001
 3.4920684e-001
 3.4891775e-001
 3.4870988e-001
 3.4856582e-001
 3.4850407e-001
 3.4856340e-001
 3.4875548e-001
 3.4901598e-001
 3.4930912e-001
 3.4959137e-001
 3.4983835e-001
 3.5017395e-001
 3.5056850e-001
 3.5103956e-001
 3.5146636e-001
 3.5186359e-001
 3.5229328e-001
 3.5257047e-001
 3.5289055e-001
 3.5348308e-001
 3.5398993e-001
 3.5436916e-001
 3.5473591e-001
 3.5499173e-001
 3.5516667e-001
 3.5538450e-001
 3.5549113e-001
 3.5525748e-001
 3.5501388e-001
 3.5475174e-001
 3.5442072e-001
 3.5405192e-001
 3.5359105e-001
 3.5248858e-001
 3.5176960e-001
 3.5183388e-001
-1.2300000e+034
-1.2300000e+034
-1.2300000e+034
-1.2300000e+034
-1.2300000e+034
-1.2300000e+034
-1.2300000e+034
-1.2300000e+034
-1.2300000e+034
-1.2300000e+034
-1.2300000e+034
-1.2300000e+034
-1.2300000e+034
-1.2300000e+034
-1.2300000e+034
-1.2300000e+034
-1.2300000e+034
-1.2300000e+034
-1.2300000e+034
-1.2300000e+034
-1.2300000e+034
-1.2300000e+034
-1.2300000e+034
-1.2300000e+034
-1.2300000e+034
-1.2300000e+034
-1.2300000e+034
-1.2300000e+034
-1.2300000e+034
-1.2300000e+034
-1.2300000e+034
-1.2300000e+034
-1.2300000e+034
-1.2300000e+034
-1.2300000e+034
-1.2300000e+034
-1.2300000e+034
-1.2300000e+034
-1.2300000e+034
-1.2300000e+034
-1.2300000e+034
-1.2300000e+034
-1.2300000e+034
-1.2300000e+034
-1.2300000e+034
-1.2300000e+034
-1.2300000e+034
-1.2300000e+034
-1.2300000e+034
-1.2300000e+034
-1.2300000e+034
-1.2300000e+034
-1.2300000e+034
-1.2300000e+034
-1.2300000e+034
-1.2300000e+034
-1.2300000e+034
-1.2300000e+034
-1.2300000e+034
-1.2300000e+034
-1.2300000e+034
-1.2300000e+034
-1.2300000e+034
-1.2300000e+034
-1.2300000e+034
-1.2300000e+034
-1.2300000e+034
-1.2300000e+034
-1.2300000e+034
-1.2300000e+034
-1.2300000e+034
-1.2300000e+034
-1.2300000e+034
-1.2300000e+034
-1.2300000e+034
-1.2300000e+034
-1.2300000e+034
-1.2300000e+034
-1.2300000e+034
-1.2300000e+034
-1.2300000e+034
-1.2300000e+034
-1.2300000e+034
-1.2300000e+034
-1.2300000e+034
-1.2300000e+034
-1.2300000e+034
-1.2300000e+034
-1.2300000e+034
-1.2300000e+034
-1.2300000e+034
-1.2300000e+034
-1.2300000e+034
-1.2300000e+034
-1.2300000e+034
-1.2300000e+034
-1.2300000e+034
-1.2300000e+034
-1.2300000e+034
-1.2300000e+034
-1.2300000e+034
-1.2300000e+034
-1.2300000e+034
-1.2300000e+034
-1.2300000e+034
-1.2300000e+034
-1.2300000e+034
-1.2300000e+034
-1.2300000e+034
-1.2300000e+034
-1.2300000e+034
-1.2300000e+034
-1.2300000e+034
-1.2300000e+034
-1.2300000e+034
-1.2300000e+034
-1.2300000e+034
-1.2300000e+034
-1.2300000e+034
-1.2300000e+034
-1.2300000e+034
-1.2300000e+034
-1.2300000e+034
-1.2300000e+034
-1.2300000e+034
-1.2300000e+034
-1.2300000e+034
-1.2300000e+034
-1.2300000e+034
-1.2300000e+034
-1.2300000e+034
-1.2300000e+034
-1.2300000e+034
-1.2300000e+034
-1.2300000e+034
-1.2300000e+034
-1.2300000e+034
-1.2300000e+034
-1.2300000e+034
-1.2300000e+034
-1.2300000e+034
-1.2300000e+034
-1.2300000e+034
-1.2300000e+034
-1.2300000e+034
-1.2300000e+034
-1.2300000e+034
-1.2300000e+034
-1.2300000e+034
-1.2300000e+034
-1.2300000e+034
-1.2300000e+034
-1.2300000e+034
-1.2300000e+034
-1.2300000e+034
-1.2300000e+034
-1.2300000e+034
-1.2300000e+034
-1.2300000e+034
-1.2300000e+034
-1.2300000e+034
-1.2300000e+034
-1.2300000e+034
-1.2300000e+034
-1.2300000e+034
-1.2300000e+034
-1.2300000e+034
-1.2300000e+034
-1.2300000e+034
-1.2300000e+034
-1.2300000e+034
-1.2300000e+034
-1.2300000e+034
-1.2300000e+034
-1.2300000e+034
-1.2300000e+034
 2.5413793e-001
 2.5495479e-001
 2.5585252e-001
 2.5655988e-001
 2.5719646e-001
 2.5784039e-001
 2.5852624e-001
 2.5924343e-001
 2.6005206e-001
 2.6076433e-001
 2.6147082e-001
 2.6204076e-001
 2.6252618e-001
 2.6322603e-001
 2.6396468e-001
 2.6474428e-001
 2.6554474e-001
 2.6610228e-001
 2.6658368e-001
 2.6691183e-001
 2.6704925e-001
 2.6730943e-001
 2.6758423e-001
 2.6780903e-001
 2.6810971e-001
 2.6864162e-001
 2.6921684e-001
 2.6995885e-001
-1.2300000e+034
-1.2300000e+034
-1.2300000e+034
-1.2300000e+034
-1.2300000e+034
-1.2300000e+034
-1.2300000e+034
-1.2300000e+034
-1.2300000e+034
-1.2300000e+034
-1.2300000e+034
-1.2300000e+034
-1.2300000e+034
-1.2300000e+034
-1.2300000e+034
-1.2300000e+034
-1.2300000e+034
-1.2300000e+034
-1.2300000e+034
 2.8576627e-001
 2.8597495e-001
 2.8606680e-001
 2.8605521e-001
 2.8607708e-001
 2.8608367e-001
 2.8591779e-001
 2.8571805e-001
 2.8551888e-001
 2.8522190e-001
 2.8486165e-001
 2.8445953e-001
 2.8412589e-001
 2.8381526e-001
 2.8343716e-001
 2.8314677e-001
 2.8288862e-001
 2.8256264e-001
 2.8222099e-001
 2.8186518e-001
 2.8145537e-001
 2.8097060e-001
 2.8052229e-001
 2.8015363e-001
 2.7978107e-001
 2.7935198e-001
 2.7894497e-001
 2.7857175e-001
 2.7824184e-001
 2.7794829e-001
 2.7762181e-001
 2.7730981e-001
 2.7701131e-001
 2.7673027e-001
 2.7650303e-001
 2.7632621e-001
 2.7617249e-001
 2.7603242e-001
 2.7587795e-001
 2.7575570e-001
 2.7565727e-001
 2.7554369e-001
 2.7535775e-001
 2.7523586e-001
 2.7504393e-001
 2.7477849e-001
 2.7464038e-001
 2.7452523e-001
 2.7442032e-001
 2.7436957e-001
 2.7439281e-001
 2.7434623e-001
 2.7428684e-001
 2.7425820e-001
 2.7423966e-001
 2.7414250e-001
 2.7407685e-001
 2.7405167e-001
 2.7396381e-001
 2.7385804e-001
 2.7377430e-001
 2.7370158e-001
 2.7363077e-001
 2.7357602e-001
 2.7352995e-001
 2.7347854e-001
 2.7350655e-001
 2.7358744e-001
 2.7354908e-001
 2.7348539e-001
 2.7345711e-001
 2.7340406e-001
 2.7334192e-001
 2.7332461e-001
 2.7342406e-001
 2.7344525e-001
 2.7349809e-001
 2.7357900e-001
 2.7357763e-001
 2.7363628e-001
 2.7373385e-001
 2.7375814e-001
 2.7379677e-001
 2.7382842e-001
 2.7381358e-001
 2.7389339e-001
 2.7402216e-001
 2.7406180e-001
 2.7408719e-001
 2.7407372e-001
 2.7402401e-001
 2.7401355e-001
 2.7401140e-001
 2.7407363e-001
 2.7417946e-001
 2.7428037e-001
 2.7437800e-001
 2.7448454e-001
 2.7456695e-001
 2.7468511e-001
 2.7486408e-001
 2.7500907e-001
 2.7508250e-001
 2.7514827e-001
 2.7515984e-001
 2.7511132e-001
 2.7513722e-001
 2.7517784e-001
 2.7521878e-001
 2.7527106e-001
 2.7530587e-001
 2.7532205e-001
 2.7532813e-001
 2.7531847e-001
 2.7523857e-001
 2.7524433e-001
 2.7529407e-001
 2.7529585e-001
 2.7535111e-001
 2.7538148e-001
 2.7534625e-001
 2.7534947e-001
 2.7538699e-001
 2.7537900e-001
 2.7536628e-001
 2.7548304e-001
 2.7560836e-001
 2.7574241e-001
 2.7594671e-001
 2.7605811e-001
 2.7614293e-001
 2.7626336e-001
 2.7637464e-001
 2.7650604e-001
 2.7665597e-001
 2.7684891e-001
 2.7700678e-001
 2.7711767e-001
 2.7724805e-001
 2.7735066e-001
 2.7749884e-001
 2.7768719e-001
 2.7785462e-001
 2.7806112e-001
 2.7828568e-001
 2.7849063e-001
 2.7870271e-001
 2.7892888e-001
 2.7916908e-001
 2.7940932e-001
 2.7968144e-001
 2.7998284e-001
 2.8018045e-001
 2.8033760e-001
 2.8049880e-001
 2.8063202e-001
 2.8078708e-001
 2.8095710e-001
 2.8115624e-001
 2.8134397e-001
 2.8148550e-001
 2.8171912e-001
 2.8196946e-001
 2.8225946e-001
 2.8249785e-001
 2.8264412e-001
 2.8290522e-001
 2.8314173e-001
 2.8336659e-001
 2.8370735e-001
 2.8393483e-001
 2.8410527e-001
 2.8430659e-001
 2.8440452e-001
 2.8447258e-001
 2.8449005e-001
 2.8443137e-001
 2.8457552e-001
 2.8477445e-001
 2.8497618e-001
 2.8523353e-001
 2.8538570e-001
 2.8550553e-001
 2.8561670e-001
 2.8569603e-001
 2.8583533e-001
 2.8600332e-001
 2.8616107e-001
 2.8633699e-001
 2.8659305e-001
 2.8674525e-001
 2.8667772e-001
 2.8655669e-001
 2.8639844e-001
 2.8629676e-001
 2.8631926e-001
 2.8632644e-001
 2.8626633e-001
 2.8612104e-001
 2.8582966e-001
 2.8555083e-001
 2.8535694e-001
 2.8513741e-001
 2.8498369e-001
 2.8483337e-001
 2.8454247e-001
 2.8415611e-001
 2.8370088e-001
 2.8318891e-001
 2.8257605e-001
 2.8197777e-001
 2.8136757e-001
 2.8067484e-001
 2.7988356e-001
 2.7912056e-001
 2.7834025e-001
 2.7746525e-001
 2.7656454e-001
 2.7553907e-001
 2.7442098e-001
 2.7333051e-001
 2.7217242e-001
 2.7105841e-001
 2.6996210e-001
 2.6872936e-001
 2.6741815e-001
 2.6612145e-001
 2.6477617e-001
 2.6337799e-001
 2.6197141e-001
 2.6057443e-001
 2.5915015e-001
 2.5767440e-001
 2.5613543e-001
 2.5456065e-001
 2.5310454e-001
 2.5164208e-001
 2.5012431e-001
 2.4871176e-001
 2.4720544e-001
 2.4558400e-001
 2.4405542e-001
 2.4253708e-001
 2.4094631e-001
 2.3951761e-001
 2.3825336e-001
 2.3693553e-001
 2.3562348e-001
 2.3435141e-001
 2.3315191e-001
 2.3198302e-001
 2.3093650e-001
 2.2996241e-001
 2.2894289e-001
 2.2796346e-001
 2.2713676e-001
 2.2639842e-001
 2.2584844e-001
 2.2539973e-001
 2.2483182e-001
 2.2431277e-001
 2.2384910e-001
 2.2338636e-001
 2.2301966e-001
 2.2274017e-001
 2.2230183e-001
 2.2180903e-001
 2.2125609e-001
 2.2065349e-001
 2.2011469e-001
 2.1953128e-001
 2.1889754e-001
 2.1827747e-001
 2.1754800e-001
 2.1678804e-001
 2.1606183e-001
 2.1506532e-001
 2.1393423e-001
 2.1285416e-001
 2.1167846e-001
 2.1064867e-001
 2.0967723e-001
 2.0849876e-001
 2.0737994e-001
 2.0631106e-001
 2.0520714e-001
 2.0419866e-001
 2.0324089e-001
 2.0243068e-001
 2.0176905e-001
 2.0120370e-001
 2.0082985e-001
 2.0053369e-001
 2.0038056e-001
 2.0036957e-001
 2.0057163e-001
 2.0111628e-001
 2.0179811e-001
 2.0272577e-001
 2.0378625e-001
 2.0485558e-001
 2.0594636e-001
 2.0683816e-001
 2.0769833e-001
 2.0846063e-001
 2.0898439e-001
 2.0937954e-001
 2.0953751e-001
 2.0957297e-001
 2.0966242e-001
 2.0971607e-001
 2.0965998e-001
 2.0940123e-001
 2.0890580e-001
 2.0859881e-001
 2.0834225e-001
 2.0779122e-001
 2.0742974e-001
 2.0684579e-001
 2.0600496e-001
 2.0551969e-001
 2.0483024e-001
 2.0390312e-001
 2.0317814e-001
 2.0264046e-001
 2.0224892e-001
 2.0205608e-001
 2.0164840e-001
 2.0097218e-001
 2.0065601e-001
 2.0048735e-001
 2.0045805e-001
 2.0080774e-001
 2.0107126e-001
 2.0139717e-001
 2.0208849e-001
 2.0265597e-001
 2.0322500e-001
 2.0368052e-001
 2.0358533e-001
 2.0389023e-001
 2.0434819e-001
 2.0430717e-001
 2.0456341e-001
 2.0484439e-001
 2.0496784e-001
 2.0513700e-001
 2.0514216e-001
 2.0509246e-001
 2.0474082e-001
 2.0460901e-001
 2.0463666e-001
 2.0418109e-001
 2.0437142e-001
 2.0453621e-001
 2.0405902e-001
 2.0414495e-001
 2.0379658e-001
 2.0338787e-001
 2.0390455e-001
 2.0405568e-001
 2.0416704e-001
 2.0390664e-001
 2.0285715e-001
 2.0260276e-001
 2.0271696e-001
 2.0267211e-001
 2.0288190e-001
 2.0263429e-001
 2.0201406e-001
 2.0167346e-001
 2.0171489e-001
 2.0183517e-001
 2.0184274e-001
 2.0161134e-001
 2.0107090e-001
 2.0061338e-001
 2.0024076e-001
 2.0031290e-001
 2.0106599e-001
 2.0161833e-001
 2.0142436e-001
 2.0099118e-001
 2.0055251e-001
 1.9961739e-001
 1.9892308e-001
 1.9879602e-001
 1.9837566e-001
 1.9764291e-001
 1.9684324e-001
 1.9642206e-001
 1.9606721e-001
 1.9564939e-001
 1.9653726e-001
 1.9716135e-001
 1.9608817e-001
 1.9608344e-001
 1.9643626e-001
 1.9522251e-001
 1.9555715e-001
 1.9678356e-001
 1.9655092e-001
 1.9616719e-001
 1.9495688e-001
 1.9288000e-001
 1.9117896e-001
-1.2300000e+034
-1.2300000e+034
-1.2300000e+034
-1.2300000e+034
-1.2300000e+034
-1.2300000e+034
-1.2300000e+034
-1.2300000e+034
-1.2300000e+034
-1.2300000e+034
-1.2300000e+034
-1.2300000e+034
-1.2300000e+034
-1.2300000e+034
-1.2300000e+034
-1.2300000e+034
-1.2300000e+034
-1.2300000e+034
-1.2300000e+034
-1.2300000e+034
-1.2300000e+034
-1.2300000e+034
-1.2300000e+034
-1.2300000e+034
-1.2300000e+034
-1.2300000e+034
-1.2300000e+034
-1.2300000e+034
-1.2300000e+034
-1.2300000e+034
-1.2300000e+034
-1.2300000e+034
-1.2300000e+034
-1.2300000e+034
-1.2300000e+034
-1.2300000e+034
-1.2300000e+034
-1.2300000e+034
-1.2300000e+034
-1.2300000e+034
-1.2300000e+034
-1.2300000e+034
-1.2300000e+034
-1.2300000e+034
-1.2300000e+034
-1.2300000e+034
-1.2300000e+034
-1.2300000e+034
-1.2300000e+034
-1.2300000e+034
-1.2300000e+034
-1.2300000e+034
-1.2300000e+034
-1.2300000e+034
-1.2300000e+034
-1.2300000e+034
-1.2300000e+034
-1.2300000e+034
-1.2300000e+034
-1.2300000e+034
-1.2300000e+034
-1.2300000e+034
-1.2300000e+034
-1.2300000e+034
-1.2300000e+034
-1.2300000e+034
-1.2300000e+034
-1.2300000e+034
-1.2300000e+034
-1.2300000e+034
-1.2300000e+034
-1.2300000e+034
-1.2300000e+034
-1.2300000e+034
-1.2300000e+034
-1.2300000e+034
