s07_ASD Record=18635: Nylon_Webbing GDS438 Flr Yel ASDFRa AREF
-1.2300000e+034
 3.7012640e-001
 3.7015176e-001
 3.7009573e-001
 3.6988643e-001
 3.6938033e-001
 3.6841974e-001
 3.6705661e-001
 3.6546788e-001
 3.6381787e-001
 3.6211333e-001
 3.6027020e-001
 3.5820696e-001
 3.5586828e-001
 3.5321423e-001
 3.5021359e-001
 3.4693033e-001
 3.4348390e-001
 3.3998176e-001
 3.3639336e-001
 3.3260593e-001
 3.2851616e-001
 3.2414326e-001
 3.1957981e-001
 3.1490991e-001
 3.1014028e-001
 3.0523011e-001
 3.0014554e-001
 2.9491305e-001
 2.8959394e-001
 2.8424641e-001
 2.7887291e-001
 2.7344266e-001
 2.6792952e-001
 2.6233938e-001
 2.5669795e-001
 2.5103146e-001
 2.4537975e-001
 2.3978981e-001
 2.3430458e-001
 2.2892824e-001
 2.2364140e-001
 2.1842426e-001
 2.1326312e-001
 2.0814648e-001
 2.0306680e-001
 1.9804311e-001
 1.9311179e-001
 1.8830508e-001
 1.8362047e-001
 1.7903499e-001
 1.7452662e-001
 1.7008890e-001
 1.6572563e-001
 1.6144228e-001
 1.5726776e-001
 1.5324488e-001
 1.4941144e-001
 1.4575133e-001
 1.4221707e-001
 1.3876556e-001
 1.3540201e-001
 1.3216050e-001
 1.2907235e-001
 1.2613557e-001
 1.2332851e-001
 1.2063004e-001
 1.1802594e-001
 1.1550617e-001
 1.1306152e-001
 1.1069486e-001
 1.0841524e-001
 1.0623083e-001
 1.0413618e-001
 1.0211799e-001
 1.0016430e-001
 9.8277941e-002
 9.6470959e-002
 9.4753496e-002
 9.3117192e-002
 9.1543175e-002
 9.0015225e-002
 8.8548377e-002
 8.7176539e-002
 8.5930899e-002
 8.4815942e-002
 8.3820142e-002
 8.2932815e-002
 8.2152873e-002
 8.1484869e-002
 8.0932863e-002
 8.0494069e-002
 8.0161557e-002
 7.9928763e-002
 7.9792708e-002
 7.9752341e-002
 7.9806328e-002
 7.9949029e-002
 8.0172248e-002
 8.0467716e-002
 8.0828294e-002
 8.1247181e-002
 8.1719220e-002
 8.2254365e-002
 8.2871854e-002
 8.3590172e-002
 8.4420197e-002
 8.5368246e-002
 8.6442187e-002
 8.7665111e-002
 8.9069150e-002
 9.0686850e-002
 9.2556082e-002
 9.4717301e-002
 9.7210489e-002
 1.0006440e-001
 1.0330205e-001
 1.0694887e-001
 1.1106321e-001
 1.1572217e-001
 1.2100089e-001
 1.2695357e-001
 1.3362195e-001
 1.4104730e-001
 1.4927465e-001
 1.5834960e-001
 1.6832076e-001
 1.7925672e-001
 1.9123927e-001
 2.0434864e-001
 2.1864694e-001
 2.3418650e-001
 2.5101709e-001
 2.6915380e-001
 2.8859329e-001
 3.0932969e-001
 3.3134660e-001
 3.5461906e-001
 3.7911683e-001
 4.0474549e-001
 4.3136832e-001
 4.5884970e-001
 4.8703793e-001
 5.1576883e-001
 5.4487729e-001
 5.7413781e-001
 6.0329676e-001
 6.3209850e-001
 6.6031873e-001
 6.8774956e-001
 7.1418214e-001
 7.3943704e-001
 7.6334542e-001
 7.8574890e-001
 8.0654889e-001
 8.2569063e-001
 8.4312028e-001
 8.5882485e-001
 8.7281030e-001
 8.8508981e-001
 8.9572096e-001
 9.0479100e-001
 9.1238588e-001
 9.1858876e-001
 9.2348456e-001
 9.2715591e-001
 9.2969161e-001
 9.3118274e-001
 9.3171889e-001
 9.3138385e-001
 9.3025810e-001
 9.2842090e-001
 9.2594475e-001
 9.2289746e-001
 9.1934705e-001
 9.1535407e-001
 9.1097629e-001
 9.0626979e-001
 9.0128076e-001
 8.9604843e-001
 8.9061213e-001
 8.8501322e-001
 8.7929368e-001
 8.7349457e-001
 8.6764765e-001
 8.6177844e-001
 8.5591263e-001
 8.5007674e-001
 8.4429926e-001
 8.3860642e-001
 8.3300865e-001
 8.2750815e-001
 8.2210684e-001
 8.1681389e-001
 8.1164390e-001
 8.0660933e-001
 8.0171317e-001
 7.9695159e-001
 7.9232210e-001
 7.8782612e-001
 7.8346699e-001
 7.7924806e-001
 7.7516514e-001
 7.7120942e-001
 7.6737326e-001
 7.6365227e-001
 7.6004446e-001
 7.5654811e-001
 7.5316232e-001
 7.4988639e-001
 7.4671948e-001
 7.4365753e-001
 7.4069458e-001
 7.3782504e-001
 7.3504615e-001
 7.3235619e-001
 7.2975367e-001
 7.2723883e-001
 7.2481328e-001
 7.2247714e-001
 7.2022474e-001
 7.1804571e-001
 7.1593094e-001
 7.1387708e-001
 7.1188527e-001
 7.0995545e-001
 7.0808238e-001
 7.0625728e-001
 7.0447248e-001
 7.0272762e-001
 7.0102698e-001
 6.9937408e-001
 6.9776911e-001
 6.9620883e-001
 6.9469100e-001
 6.9321245e-001
 6.9177037e-001
 6.9036198e-001
 6.8898702e-001
 6.8764591e-001
 6.8633956e-001
 6.8507028e-001
 6.8384057e-001
 6.8265253e-001
 6.8150383e-001
 6.8038899e-001
 6.7930329e-001
 6.7825043e-001
 6.7723918e-001
 6.7627728e-001
 6.7536199e-001
 6.7448467e-001
 6.7363673e-001
 6.7281342e-001
 6.7201281e-001
 6.7123294e-001
 6.7047745e-001
 6.6975278e-001
 6.6906601e-001
 6.6842276e-001
 6.6782898e-001
 6.6728926e-001
 6.6679782e-001
 6.6634244e-001
 6.6591227e-001
 6.6550636e-001
 6.6513014e-001
 6.6478896e-001
 6.6448903e-001
 6.6423637e-001
 6.6403663e-001
 6.6388774e-001
 6.6378260e-001
 6.6371536e-001
 6.6368651e-001
 6.6370094e-001
 6.6376245e-001
 6.6386640e-001
 6.6400498e-001
 6.6416901e-001
 6.6435617e-001
 6.6457039e-001
 6.6481298e-001
 6.6508472e-001
 6.6538763e-001
 6.6572082e-001
 6.6608369e-001
 6.6647196e-001
 6.6688418e-001
 6.6731733e-001
 6.6777223e-001
 6.6824651e-001
 6.6874254e-001
 6.6926104e-001
 6.6980273e-001
 6.7037064e-001
 6.7096466e-001
 6.7158687e-001
 6.7223066e-001
 6.7288911e-001
 6.7355359e-001
 6.7422479e-001
 6.7491126e-001
 6.7561811e-001
 6.7634189e-001
 6.7707545e-001
 6.7781025e-001
 6.7854768e-001
 6.7929351e-001
 6.8005478e-001
 6.8082815e-001
 6.8160641e-001
 6.8238270e-001
 6.8315840e-001
 6.8393946e-001
 6.8473136e-001
 6.8553352e-001
 6.8634152e-001
 6.8715113e-001
 6.8796080e-001
 6.8877059e-001
 6.8958092e-001
 6.9039434e-001
 6.9121522e-001
 6.9204742e-001
 6.9289100e-001
 6.9374424e-001
 6.9460511e-001
 6.9547272e-001
 6.9634646e-001
 6.9722617e-001
 6.9811088e-001
 6.9900018e-001
 6.9989443e-001
 7.0079279e-001
 7.0169783e-001
 7.0261103e-001
 7.0352948e-001
 7.0444793e-001
 7.0536226e-001
 7.0627397e-001
 7.0718896e-001
 7.0811051e-001
 7.0903903e-001
 7.0997107e-001
 7.1090335e-001
 7.1183264e-001
 7.1275645e-001
 7.1367210e-001
 7.1457958e-001
 7.1547794e-001
 7.1636868e-001
 7.1725029e-001
 7.1812087e-001
 7.1897805e-001
 7.1982193e-001
 7.2065330e-001
 7.2147274e-001
 7.2227830e-001
 7.2306734e-001
 7.2383684e-001
 7.2458613e-001
 7.2531605e-001
 7.2602701e-001
 7.2671849e-001
 7.2738904e-001
 7.2803766e-001
 7.2866458e-001
 7.2927076e-001
 7.2985744e-001
 7.3042375e-001
 7.3096842e-001
 7.3149019e-001
 7.3199022e-001
 7.3247147e-001
 7.3293632e-001
 7.3338383e-001
 7.3381084e-001
 7.3421454e-001
 7.3459709e-001
 7.3496360e-001
 7.3531890e-001
 7.3566186e-001
 7.3598880e-001
 7.3629594e-001
 7.3658425e-001
 7.3685730e-001
 7.3711824e-001
 7.3736650e-001
 7.3759931e-001
 7.3781407e-001
 7.3801088e-001
 7.3819149e-001
 7.3835808e-001
 7.3851711e-001
 7.3867732e-001
 7.3884660e-001
 7.3902315e-001
 7.3919970e-001
 7.3936933e-001
 7.3953676e-001
 7.3971301e-001
 7.3990798e-001
 7.4012035e-001
 7.4034071e-001
 7.4056351e-001
 7.4079084e-001
 7.4103200e-001
 7.4129540e-001
 7.4158227e-001
 7.4188954e-001
 7.4221402e-001
 7.4255008e-001
 7.4289060e-001
 7.4322897e-001
 7.4356252e-001
 7.4389112e-001
 7.4421436e-001
 7.4452859e-001
 7.4482828e-001
 7.4510860e-001
 7.4537110e-001
 7.4562114e-001
 7.4586314e-001
 7.4609661e-001
 7.4631733e-001
 7.4652177e-001
 7.4671239e-001
 7.4689478e-001
 7.4707419e-001
 7.4724996e-001
 7.4741811e-001
 7.4757481e-001
 7.4771976e-001
 7.4785483e-001
 7.4798208e-001
 7.4810284e-001
 7.4821901e-001
 7.4833149e-001
 7.4843758e-001
 7.4853200e-001
 7.4861032e-001
 7.4867743e-001
 7.4874371e-001
 7.4881953e-001
 7.4890232e-001
 7.4898559e-001
 7.4906272e-001
 7.4913216e-001
 7.4919486e-001
 7.4925268e-001
 7.4930823e-001
 7.4936485e-001
 7.4942565e-001
 7.4948722e-001
 7.4954313e-001
 7.4958736e-001
 7.4962425e-001
 7.4966353e-001
 7.4971449e-001
 7.4977869e-001
 7.4985355e-001
 7.4993598e-001
 7.5002015e-001
 7.5009853e-001
 7.5016487e-001
 7.5022537e-001
 7.5029367e-001
 7.5038183e-001
 7.5048923e-001
 7.5060767e-001
 7.5072908e-001
 7.5085342e-001
 7.5098509e-001
 7.5112808e-001
 7.5128651e-001
 7.5146413e-001
 7.5166422e-001
 7.5188273e-001
 7.5211167e-001
 7.5234377e-001
 7.5257981e-001
 7.5282526e-001
 7.5308526e-001
 7.5335485e-001
 7.5362408e-001
 7.5388426e-001
 7.5413907e-001
 7.5440061e-001
 7.5467914e-001
 7.5497049e-001
 7.5526106e-001
 7.5553912e-001
 7.5580579e-001
 7.5607061e-001
 7.5634193e-001
 7.5661916e-001
 7.5689632e-001
 7.5716799e-001
 7.5743318e-001
 7.5769436e-001
 7.5795376e-001
 7.5821197e-001
 7.5846881e-001
 7.5872397e-001
 7.5897503e-001
 7.5921822e-001
 7.5945008e-001
 7.5966877e-001
 7.5987583e-001
 7.6007080e-001
 7.6025462e-001
 7.6042819e-001
 7.6059288e-001
 7.6075083e-001
 7.6090467e-001
 7.6105678e-001
 7.6120359e-001
 7.6133847e-001
 7.6145488e-001
 7.6154935e-001
 7.6162016e-001
 7.6166612e-001
 7.6169193e-001
 7.6170588e-001
 7.6171529e-001
 7.6171917e-001
 7.6171130e-001
 7.6168561e-001
 7.6163936e-001
 7.6157141e-001
 7.6148093e-001
 7.6136947e-001
 7.6123983e-001
 7.6109469e-001
 7.6093465e-001
 7.6075912e-001
 7.6056778e-001
 7.6036119e-001
 7.6014102e-001
 7.5990909e-001
 7.5966895e-001
 7.5942534e-001
 7.5918204e-001
 7.5893134e-001
 7.5865877e-001
 7.5835049e-001
 7.5799924e-001
 7.5760174e-001
 7.5715476e-001
 7.5665891e-001
 7.5611448e-001
 7.5552356e-001
 7.5488454e-001
 7.5419378e-001
 7.5344819e-001
 7.5264937e-001
 7.5180191e-001
 7.5091106e-001
 7.4998611e-001
 7.4903941e-001
 7.4808276e-001
 7.4712318e-001
 7.4616522e-001
 7.4521428e-001
 7.4428821e-001
 7.4341130e-001
 7.4260753e-001
 7.4189347e-001
 7.4128109e-001
 7.4078178e-001
 7.4040413e-001
 7.4015403e-001
 7.4003738e-001
 7.4005777e-001
 7.4021649e-001
 7.4051493e-001
 7.4095166e-001
 7.4152333e-001
 7.4222630e-001
 7.4305242e-001
 7.4399048e-001
 7.4502909e-001
 7.4615288e-001
 7.4734378e-001
 7.4858415e-001
 7.4985850e-001
 7.5115216e-001
 7.5245088e-001
 7.5374198e-001
 7.5501406e-001
 7.5625545e-001
 7.5745565e-001
 7.5860476e-001
 7.5969291e-001
 7.6071501e-001
 7.6166773e-001
 7.6254898e-001
 7.6336420e-001
 7.6412338e-001
 7.6483613e-001
 7.6550686e-001
 7.6613611e-001
 7.6672721e-001
 7.6728624e-001
 7.6782286e-001
 7.6834601e-001
 7.6885647e-001
 7.6934946e-001
 7.6982087e-001
 7.7027005e-001
 7.7069819e-001
 7.7110648e-001
 7.7149469e-001
 7.7186406e-001
 7.7221376e-001
 7.7254391e-001
 7.7285486e-001
 7.7314758e-001
 7.7343011e-001
 7.7371508e-001
 7.7401286e-001
 7.7431440e-001
 7.7459931e-001
 7.7484876e-001
 7.7506483e-001
 7.7526069e-001
 7.7545136e-001
 7.7563745e-001
 7.7581429e-001
 7.7597666e-001
 7.7612203e-001
 7.7624887e-001
 7.7635598e-001
 7.7644527e-001
 7.7652150e-001
 7.7658647e-001
 7.7663970e-001
 7.7667719e-001
 7.7669483e-001
 7.7668786e-001
 7.7665120e-001
 7.7658087e-001
 7.7648646e-001
 7.7638543e-001
 7.7629364e-001
 7.7620071e-001
 7.7608430e-001
 7.7592218e-001
 7.7570206e-001
 7.7541816e-001
 7.7506495e-001
 7.7466148e-001
 7.7423960e-001
 7.7383202e-001
 7.7343553e-001
 7.7297491e-001
 7.7236509e-001
 7.7159858e-001
 7.7084857e-001
 7.7031153e-001
 7.7007300e-001
 7.6997775e-001
 7.6983786e-001
 7.6953900e-001
 7.6913744e-001
 7.6871234e-001
 7.6831001e-001
 7.6791066e-001
 7.6748586e-001
 7.6702160e-001
 7.6654518e-001
 7.6608890e-001
 7.6565224e-001
 7.6516891e-001
 7.6456279e-001
 7.6382267e-001
 7.6308244e-001
 7.6249558e-001
 7.6213998e-001
 7.6193070e-001
 7.6176041e-001
 7.6155400e-001
 7.6130813e-001
 7.6102990e-001
 7.6072723e-001
 7.6041520e-001
 7.6010746e-001
 7.5982267e-001
 7.5958973e-001
 7.5943804e-001
 7.5937659e-001
 7.5936133e-001
 7.5934458e-001
 7.5929618e-001
 7.5923562e-001
 7.5918549e-001
 7.5916106e-001
 7.5915605e-001
 7.5916135e-001
 7.5918025e-001
 7.5923932e-001
 7.5937122e-001
 7.5959057e-001
 7.5987864e-001
 7.6020950e-001
 7.6056629e-001
 7.6095033e-001
 7.6136506e-001
 7.6181328e-001
 7.6229024e-001
 7.6279008e-001
 7.6331490e-001
 7.6387626e-001
 7.6448739e-001
 7.6515836e-001
 7.6588488e-001
 7.6666176e-001
 7.6746875e-001
 7.6825142e-001
 7.6895106e-001
 7.6954919e-001
 7.7011687e-001
 7.7073711e-001
 7.7144611e-001
 7.7217561e-001
 7.7284384e-001
 7.7341998e-001
 7.7399445e-001
 7.7467036e-001
 7.7549678e-001
 7.7639258e-001
 7.7726018e-001
 7.7803725e-001
 7.7873868e-001
 7.7938813e-001
 7.8000915e-001
 7.8061748e-001
 7.8122884e-001
 7.8184909e-001
 7.8246236e-001
 7.8305113e-001
 7.8360289e-001
 7.8412676e-001
 7.8463149e-001
 7.8512073e-001
 7.8558069e-001
 7.8599858e-001
 7.8637338e-001
 7.8673571e-001
 7.8712112e-001
 7.8754437e-001
 7.8798217e-001
 7.8840351e-001
 7.8878838e-001
 7.8913581e-001
 7.8945100e-001
 7.8974158e-001
 7.9003084e-001
 7.9034150e-001
 7.9068011e-001
 7.9101598e-001
 7.9131222e-001
 7.9155236e-001
 7.9175645e-001
 7.9195064e-001
 7.9215372e-001
 7.9237181e-001
 7.9260594e-001
 7.9284400e-001
 7.9303843e-001
 7.9313701e-001
 7.9310864e-001
 7.9297245e-001
 7.9275352e-001
 7.9247212e-001
 7.9213786e-001
 7.9176009e-001
 7.9133314e-001
 7.9081851e-001
 7.9017478e-001
 7.8937995e-001
 7.8845966e-001
 7.8744674e-001
 7.8635180e-001
 7.8514290e-001
 7.8378206e-001
 7.8225166e-001
 7.8057438e-001
 7.7877808e-001
 7.7688277e-001
 7.7488673e-001
 7.7278399e-001
 7.7057451e-001
 7.6827711e-001
 7.6590639e-001
 7.6346999e-001
 7.6094675e-001
 7.5831085e-001
 7.5556713e-001
 7.5277716e-001
 7.5001025e-001
 7.4731702e-001
 7.4470115e-001
 7.4215895e-001
 7.3968381e-001
 7.3725760e-001
 7.3485941e-001
 7.3247987e-001
 7.3013097e-001
 7.2782773e-001
 7.2558010e-001
 7.2339052e-001
 7.2125727e-001
 7.1915609e-001
 7.1700436e-001
 7.1471477e-001
 7.1222818e-001
 7.0955956e-001
 7.0673186e-001
 7.0376402e-001
 7.0067286e-001
 6.9747293e-001
 6.9417363e-001
 6.9077653e-001
 6.8728000e-001
 6.8368584e-001
 6.7999935e-001
 6.7622536e-001
 6.7238230e-001
 6.6850954e-001
 6.6465354e-001
 6.6084039e-001
 6.5705347e-001
 6.5327132e-001
 6.4948773e-001
 6.4573514e-001
 6.4204979e-001
 6.3846487e-001
 6.3500994e-001
 6.3171089e-001
 6.2858629e-001
 6.2562978e-001
 6.2283254e-001
 6.2019825e-001
 6.1775702e-001
 6.1554259e-001
 6.1359507e-001
 6.1196178e-001
 6.1069453e-001
 6.0981429e-001
 6.0928375e-001
 6.0905468e-001
 6.0910374e-001
 6.0945857e-001
 6.1015242e-001
 6.1120486e-001
 6.1260152e-001
 6.1432379e-001
 6.1635464e-001
 6.1868477e-001
 6.2130457e-001
 6.2420285e-001
 6.2736529e-001
 6.3077670e-001
 6.3441432e-001
 6.3823265e-001
 6.4218235e-001
 6.4621907e-001
 6.5030223e-001
 6.5439272e-001
 6.5845305e-001
 6.6245151e-001
 6.6635638e-001
 6.7014301e-001
 6.7379940e-001
 6.7731488e-001
 6.8067694e-001
 6.8387103e-001
 6.8688142e-001
 6.8970996e-001
 6.9240016e-001
 6.9500279e-001
 6.9755322e-001
 7.0005375e-001
 7.0250553e-001
 7.0492065e-001
 7.0733976e-001
 7.0980960e-001
 7.1235687e-001
 7.1496916e-001
 7.1762890e-001
 7.2031206e-001
 7.2298437e-001
 7.2560960e-001
 7.2815675e-001
 7.3060757e-001
 7.3294407e-001
 7.3514253e-001
 7.3716235e-001
 7.3896176e-001
 7.4051946e-001
 7.4186260e-001
 7.4302363e-001
 7.4402308e-001
 7.4485493e-001
 7.4550897e-001
 7.4598604e-001
 7.4630737e-001
 7.4649799e-001
 7.4657440e-001
 7.4653554e-001
 7.4637622e-001
 7.4610120e-001
 7.4573618e-001
 7.4530792e-001
 7.4484318e-001
 7.4436754e-001
 7.4390537e-001
 7.4348092e-001
 7.4312001e-001
 7.4284911e-001
 7.4269062e-001
 7.4266231e-001
 7.4277985e-001
 7.4305165e-001
 7.4347216e-001
 7.4403173e-001
 7.4470663e-001
 7.4543554e-001
 7.4615222e-001
 7.4681520e-001
 7.4743241e-001
 7.4802023e-001
 7.4858826e-001
 7.4912572e-001
 7.4962187e-001
 7.5006694e-001
 7.5045657e-001
 7.5078607e-001
 7.5106204e-001
 7.5130850e-001
 7.5155509e-001
 7.5182641e-001
 7.5214624e-001
 7.5253439e-001
 7.5299621e-001
 7.5350004e-001
 7.5400686e-001
 7.5449413e-001
 7.5496721e-001
 7.5543576e-001
 7.5590265e-001
 7.5634968e-001
 7.5675744e-001
 7.5711316e-001
 7.5742680e-001
 7.5771081e-001
 7.5796634e-001
 7.5817329e-001
 7.5830859e-001
 7.5836229e-001
 7.5835508e-001
 7.5830936e-001
 7.5824326e-001
 7.5816214e-001
 7.5806940e-001
 7.5797552e-001
 7.5790256e-001
 7.5787723e-001
 7.5791210e-001
 7.5798953e-001
 7.5809109e-001
 7.5820559e-001
 7.5834292e-001
 7.5851578e-001
 7.5872827e-001
 7.5896108e-001
 7.5919294e-001
 7.5940597e-001
 7.5959015e-001
 7.5973535e-001
 7.5983512e-001
 7.5988752e-001
 7.5989407e-001
 7.5985205e-001
 7.5975585e-001
 7.5959766e-001
 7.5937086e-001
 7.5907123e-001
 7.5869495e-001
 7.5824112e-001
 7.5771922e-001
 7.5713831e-001
 7.5650316e-001
 7.5580710e-001
 7.5504041e-001
 7.5420260e-001
 7.5330186e-001
 7.5235289e-001
 7.5135261e-001
 7.5026464e-001
 7.4904859e-001
 7.4767762e-001
 7.4615467e-001
 7.4448645e-001
 7.4267143e-001
 7.4068457e-001
 7.3849899e-001
 7.3609424e-001
 7.3346645e-001
 7.3061293e-001
 7.2753400e-001
 7.2423422e-001
 7.2071713e-001
 7.1699762e-001
 7.1311271e-001
 7.0910358e-001
 7.0500010e-001
 7.0081264e-001
 6.9654948e-001
 6.9222379e-001
 6.8785948e-001
 6.8348134e-001
 6.7911845e-001
 6.7480195e-001
 6.7056680e-001
 6.6644627e-001
 6.6247278e-001
 6.5868181e-001
 6.5510458e-001
 6.5177524e-001
 6.4872879e-001
 6.4599133e-001
 6.4357412e-001
 6.4148659e-001
 6.3973314e-001
 6.3830984e-001
 6.3720977e-001
 6.3640869e-001
 6.3584393e-001
 6.3544697e-001
 6.3515210e-001
 6.3490200e-001
 6.3463920e-001
 6.3431954e-001
 6.3392276e-001
 6.3343334e-001
 6.3284361e-001
 6.3216275e-001
 6.3140172e-001
 6.3057095e-001
 6.2968123e-001
 6.2874246e-001
 6.2777281e-001
 6.2681007e-001
 6.2589353e-001
 6.2505329e-001
 6.2429410e-001
 6.2361765e-001
 6.2302762e-001
 6.2253267e-001
 6.2214100e-001
 6.2185037e-001
 6.2163556e-001
 6.2146658e-001
 6.2132567e-001
 6.2122065e-001
 6.2116081e-001
 6.2114966e-001
 6.2116987e-001
 6.2120211e-001
 6.2123394e-001
 6.2126744e-001
 6.2130672e-001
 6.2136132e-001
 6.2145263e-001
 6.2160367e-001
 6.2183058e-001
 6.2213266e-001
 6.2250668e-001
 6.2295210e-001
 6.2346703e-001
 6.2405258e-001
 6.2470269e-001
 6.2540257e-001
 6.2613499e-001
 6.2688673e-001
 6.2765747e-001
 6.2844485e-001
 6.2924623e-001
 6.3004959e-001
 6.3084131e-001
 6.3161236e-001
 6.3236237e-001
 6.3309157e-001
 6.3379729e-001
 6.3446832e-001
 6.3509321e-001
 6.3566500e-001
 6.3618815e-001
 6.3666868e-001
 6.3710624e-001
 6.3748920e-001
 6.3780475e-001
 6.3805199e-001
 6.3826066e-001
 6.3846409e-001
 6.3867807e-001
 6.3888049e-001
 6.3904274e-001
 6.3913941e-001
 6.3915551e-001
 6.3907623e-001
 6.3888049e-001
 6.3853544e-001
 6.3800728e-001
 6.3727295e-001
 6.3633674e-001
 6.3520646e-001
 6.3388306e-001
 6.3235801e-001
 6.3062215e-001
 6.2868708e-001
 6.2662321e-001
 6.2450445e-001
 6.2239301e-001
 6.2031841e-001
 6.1830646e-001
 6.1639172e-001
 6.1462706e-001
 6.1306804e-001
 6.1174619e-001
 6.1063290e-001
 6.0969466e-001
 6.0889596e-001
 6.0820389e-001
 6.0758293e-001
 6.0699868e-001
 6.0641235e-001
 6.0578680e-001
 6.0508806e-001
 6.0429674e-001
 6.0339248e-001
 6.0236400e-001
 6.0121590e-001
 5.9995341e-001
 5.9857637e-001
 5.9706616e-001
 5.9540248e-001
 5.9358424e-001
 5.9165066e-001
 5.8964515e-001
 5.8760744e-001
 5.8556747e-001
 5.8355170e-001
 5.8158410e-001
 5.7968038e-001
 5.7785499e-001
 5.7612634e-001
 5.7452542e-001
 5.7308364e-001
 5.7181317e-001
 5.7068360e-001
 5.6965965e-001
 5.6870073e-001
 5.6776214e-001
 5.6679654e-001
 5.6576675e-001
 5.6465882e-001
 5.6346071e-001
 5.6216419e-001
 5.6076735e-001
 5.5926776e-001
 5.5767155e-001
 5.5600065e-001
 5.5427980e-001
 5.5253625e-001
 5.5080193e-001
 5.4910916e-001
 5.4749340e-001
 5.4600084e-001
 5.4467702e-001
 5.4356849e-001
 5.4272431e-001
 5.4219180e-001
 5.4201806e-001
 5.4224277e-001
 5.4290515e-001
 5.4403615e-001
 5.4564536e-001
 5.4773992e-001
 5.5031955e-001
 5.5337453e-001
 5.5688971e-001
 5.6082612e-001
 5.6507975e-001
 5.6953859e-001
 5.7408392e-001
 5.7857621e-001
 5.8287591e-001
 5.8686697e-001
 5.9048802e-001
 5.9368873e-001
 5.9641534e-001
 5.9861660e-001
 6.0023957e-001
 6.0126328e-001
 6.0173160e-001
 6.0169792e-001
 6.0121393e-001
 6.0032851e-001
 5.9908986e-001
 5.9755975e-001
 5.9582651e-001
 5.9398168e-001
 5.9211075e-001
 5.9027869e-001
 5.8854914e-001
 5.8698708e-001
 5.8565944e-001
 5.8463389e-001
 5.8395934e-001
 5.8363849e-001
 5.8366960e-001
 5.8404720e-001
 5.8475602e-001
 5.8578062e-001
 5.8708698e-001
 5.8859807e-001
 5.9023148e-001
 5.9190881e-001
 5.9355760e-001
 5.9510839e-001
 5.9649718e-001
 5.9767646e-001
 5.9860003e-001
 5.9923512e-001
 5.9957874e-001
 5.9963125e-001
 5.9940636e-001
 5.9895015e-001
 5.9831190e-001
 5.9754568e-001
 5.9671354e-001
 5.9587896e-001
 5.9509778e-001
 5.9440732e-001
 5.9384090e-001
 5.9342873e-001
 5.9319025e-001
 5.9314400e-001
 5.9330362e-001
 5.9367168e-001
 5.9425217e-001
 5.9503943e-001
 5.9601671e-001
 5.9716380e-001
 5.9846592e-001
 5.9992343e-001
 6.0153604e-001
 6.0330760e-001
 6.0524899e-001
 6.0737187e-001
 6.0968065e-001
 6.1216307e-001
 6.1480576e-001
 6.1759073e-001
 6.2050086e-001
 6.2351567e-001
 6.2660676e-001
 6.2972230e-001
 6.3280857e-001
 6.3582855e-001
 6.3877469e-001
 6.4164722e-001
 6.4442885e-001
 6.4707023e-001
 6.4951771e-001
 6.5173656e-001
 6.5373719e-001
 6.5553689e-001
 6.5714747e-001
 6.5857482e-001
 6.5982497e-001
 6.6090101e-001
 6.6180390e-001
 6.6253513e-001
 6.6310316e-001
 6.6353083e-001
 6.6384333e-001
 6.6405791e-001
 6.6417378e-001
 6.6418749e-001
 6.6410345e-001
 6.6393769e-001
 6.6370803e-001
 6.6342825e-001
 6.6309613e-001
 6.6271031e-001
 6.6226810e-001
 6.6176993e-001
 6.6121560e-001
 6.6061026e-001
 6.5996486e-001
 6.5929240e-001
 6.5859538e-001
 6.5785843e-001
 6.5706259e-001
 6.5619224e-001
 6.5523493e-001
 6.5417904e-001
 6.5302414e-001
 6.5178823e-001
 6.5049297e-001
 6.4915007e-001
 6.4774638e-001
 6.4626837e-001
 6.4470011e-001
 6.4302665e-001
 6.4123237e-001
 6.3930649e-001
 6.3724780e-001
 6.3505459e-001
 6.3272721e-001
 6.3026685e-001
 6.2767553e-001
 6.2494159e-001
 6.2201834e-001
 6.1885685e-001
 6.1542016e-001
 6.1169827e-001
 6.0768628e-001
 6.0337102e-001
 5.9872663e-001
 5.9372431e-001
 5.8835268e-001
 5.8263773e-001
 5.7661051e-001
 5.7029957e-001
 5.6372166e-001
 5.5689579e-001
 5.4984844e-001
 5.4262412e-001
 5.3527212e-001
 5.2783656e-001
 5.2035791e-001
 5.1287645e-001
 5.0543785e-001
 4.9810880e-001
 4.9095687e-001
 4.8403016e-001
 4.7732836e-001
 4.7084299e-001
 4.6458405e-001
 4.5859051e-001
 4.5290905e-001
 4.4758695e-001
 4.4267341e-001
 4.3822116e-001
 4.3427274e-001
 4.3085784e-001
 4.2800307e-001
 4.2572010e-001
 4.2399359e-001
 4.2280075e-001
 4.2212594e-001
 4.2195979e-001
 4.2229486e-001
 4.2310590e-001
 4.2432609e-001
 4.2588395e-001
 4.2771026e-001
 4.2974561e-001
 4.3193027e-001
 4.3420678e-001
 4.3652126e-001
 4.3882132e-001
 4.4104895e-001
 4.4313821e-001
 4.4502094e-001
 4.4664076e-001
 4.4796848e-001
 4.4897833e-001
 4.4964585e-001
 4.4995269e-001
 4.4988057e-001
 4.4942772e-001
 4.4863087e-001
 4.4753167e-001
 4.4617558e-001
 4.4461915e-001
 4.4292137e-001
 4.4114661e-001
 4.3937805e-001
 4.3769941e-001
 4.3617746e-001
 4.3483669e-001
 4.3369558e-001
 4.3277830e-001
 4.3212140e-001
 4.3176135e-001
 4.3173313e-001
 4.3206045e-001
 4.3276662e-001
 4.3385375e-001
 4.3527406e-001
 4.3697360e-001
 4.3891472e-001
 4.4109219e-001
 4.4350809e-001
 4.4614539e-001
 4.4895253e-001
 4.5187205e-001
 4.5485523e-001
 4.5787326e-001
 4.6089977e-001
 4.6391341e-001
 4.6690509e-001
 4.6986768e-001
 4.7279376e-001
 4.7566971e-001
 4.7848421e-001
 4.8121974e-001
 4.8384103e-001
 4.8631367e-001
 4.8861375e-001
 4.9074391e-001
 4.9271187e-001
 4.9452052e-001
 4.9616715e-001
 4.9764669e-001
 4.9896365e-001
 5.0014377e-001
 5.0121325e-001
 5.0219560e-001
 5.0310016e-001
 5.0393611e-001
 5.0471520e-001
 5.0545150e-001
 5.0616342e-001
 5.0686210e-001
 5.0755060e-001
 5.0823140e-001
 5.0890058e-001
 5.0954360e-001
 5.1014578e-001
 5.1070338e-001
 5.1124078e-001
 5.1178539e-001
 5.1234931e-001
 5.1290393e-001
 5.1341748e-001
 5.1387882e-001
 5.1432705e-001
 5.1480764e-001
 5.1536065e-001
 5.1596868e-001
 5.1658124e-001
 5.1715147e-001
 5.1768434e-001
 5.1821715e-001
 5.1878130e-001
 5.1936817e-001
 5.1994246e-001
 5.2047455e-001
 5.2097046e-001
 5.2145940e-001
 5.2197003e-001
 5.2250862e-001
 5.2307129e-001
 5.2365071e-001
 5.2422899e-001
 5.2477974e-001
 5.2527928e-001
 5.2574480e-001
 5.2621782e-001
 5.2673262e-001
 5.2727258e-001
 5.2778703e-001
 5.2823257e-001
 5.2861840e-001
 5.2898735e-001
 5.2937734e-001
 5.2978534e-001
 5.3018105e-001
 5.3054029e-001
 5.3088808e-001
 5.3127909e-001
 5.3176290e-001
 5.3232902e-001
 5.3293127e-001
 5.3352880e-001
 5.3412867e-001
 5.3476620e-001
 5.3547490e-001
 5.3625625e-001
 5.3709632e-001
 5.3797978e-001
 5.3891349e-001
 5.3991282e-001
 5.4099083e-001
 5.4212326e-001
 5.4326403e-001
 5.4436898e-001
 5.4541695e-001
 5.4639930e-001
 5.4731071e-001
 5.4816502e-001
 5.4898673e-001
 5.4979825e-001
 5.5057591e-001
 5.5127037e-001
 5.5183697e-001
 5.5227184e-001
 5.5259752e-001
 5.5283606e-001
 5.5298477e-001
 5.5302930e-001
 5.5295604e-001
 5.5275530e-001
 5.5242217e-001
 5.5195004e-001
 5.5133843e-001
 5.5058789e-001
 5.4969662e-001
 5.4863787e-001
 5.4736978e-001
 5.4585630e-001
 5.4411322e-001
 5.4218805e-001
 5.4012698e-001
 5.3794914e-001
 5.3565627e-001
 5.3325325e-001
 5.3076166e-001
 5.2821416e-001
 5.2564281e-001
 5.2308422e-001
 5.2057618e-001
 5.1815581e-001
 5.1584953e-001
 5.1367658e-001
 5.1165259e-001
 5.0975299e-001
 5.0792998e-001
 5.0613862e-001
 5.0437647e-001
 5.0266647e-001
 5.0102723e-001
 4.9943146e-001
 4.9782756e-001
 4.9616691e-001
 4.9445674e-001
 4.9273536e-001
 4.9103773e-001
 4.8936173e-001
 4.8768273e-001
 4.8597747e-001
 4.8424423e-001
 4.8249087e-001
 4.8072678e-001
 4.7893751e-001
 4.7709849e-001
 4.7518823e-001
 4.7321934e-001
 4.7122550e-001
 4.6923959e-001
 4.6727195e-001
 4.6532273e-001
 4.6338883e-001
 4.6146339e-001
 4.5953628e-001
 4.5759895e-001
 4.5566985e-001
 4.5378226e-001
 4.5196617e-001
 4.5022070e-001
 4.4852471e-001
 4.4686124e-001
 4.4523805e-001
 4.4367999e-001
 4.4220993e-001
 4.4084436e-001
 4.3959427e-001
 4.3846908e-001
 4.3746269e-001
 4.3655792e-001
 4.3573990e-001
 4.3500581e-001
 4.3435967e-001
 4.3380758e-001
 4.3335024e-001
 4.3298727e-001
 4.3271908e-001
 4.3253922e-001
 4.3243852e-001
 4.3240863e-001
 4.3245265e-001
 4.3257979e-001
 4.3279877e-001
 4.3311709e-001
 4.3354169e-001
 4.3407691e-001
 4.3469989e-001
 4.3537176e-001
 4.3605828e-001
 4.3676916e-001
 4.3753973e-001
 4.3840140e-001
 4.3933862e-001
 4.4030762e-001
 4.4126794e-001
 4.4220683e-001
 4.4312921e-001
 4.4404009e-001
 4.4494060e-001
 4.4583037e-001
 4.4670972e-001
 4.4757634e-001
 4.4842827e-001
 4.4926172e-001
 4.5007485e-001
 4.5086557e-001
 4.5163009e-001
 4.5235932e-001
 4.5303926e-001
 4.5365784e-001
 4.5423156e-001
 4.5479125e-001
 4.5536327e-001
 4.5591128e-001
 4.5636490e-001
 4.5665699e-001
 4.5677370e-001
 4.5673305e-001
 4.5655242e-001
 4.5624450e-001
 4.5581856e-001
 4.5528129e-001
 4.5461702e-001
 4.5379749e-001
 4.5279378e-001
 4.5158774e-001
 4.5016608e-001
 4.4851497e-001
 4.4662431e-001
 4.4448468e-001
 4.4208822e-001
 4.3945810e-001
 4.3663290e-001
 4.3365416e-001
 4.3057430e-001
 4.2745528e-001
 4.2435741e-001
 4.2132860e-001
 4.1841495e-001
 4.1565791e-001
 4.1309336e-001
 4.1075292e-001
 4.0866578e-001
 4.0683576e-001
 4.0525198e-001
 4.0390053e-001
 4.0273255e-001
 4.0167940e-001
 4.0067816e-001
 3.9971301e-001
 3.9879867e-001
 3.9794475e-001
 3.9710939e-001
 3.9621842e-001
 3.9520112e-001
 3.9400530e-001
 3.9259261e-001
 3.9092481e-001
 3.8898790e-001
 3.8677886e-001
 3.8429323e-001
 3.8149151e-001
 3.7831715e-001
 3.7471709e-001
 3.7070245e-001
 3.6632597e-001
 3.6163604e-001
 3.5666993e-001
 3.5146269e-001
 3.4604734e-001
 3.4048396e-001
 3.3484545e-001
 3.2921037e-001
 3.2367420e-001
 3.1834131e-001
 3.1332144e-001
 3.0870837e-001
 3.0459094e-001
 3.0105928e-001
 2.9818550e-001
 2.9603529e-001
 2.9467010e-001
 2.9413164e-001
 2.9444641e-001
 2.9564211e-001
 2.9775131e-001
 3.0081031e-001
 3.0484456e-001
 3.0975863e-001
 3.1538895e-001
 3.2157478e-001
 3.2819688e-001
 3.3515549e-001
 3.4235424e-001
 3.4969279e-001
 3.5706016e-001
 3.6435333e-001
 3.7147778e-001
 3.7833944e-001
 3.8485458e-001
 3.9098069e-001
 3.9670265e-001
 4.0200078e-001
 4.0685391e-001
 4.1123664e-001
 4.1512221e-001
 4.1850817e-001
 4.2140496e-001
 4.2382383e-001
 4.2581740e-001
 4.2746079e-001
 4.2882559e-001
 4.2993724e-001
 4.3079787e-001
 4.3141133e-001
 4.3181691e-001
 4.3207568e-001
 4.3224493e-001
 4.3233314e-001
 4.3232226e-001
 4.3219566e-001
 4.3197140e-001
 4.3168664e-001
 4.3137491e-001
 4.3102592e-001
 4.3060586e-001
 4.3008006e-001
 4.2942724e-001
 4.2863351e-001
 4.2768827e-001
 4.2660156e-001
 4.2539829e-001
 4.2410219e-001
 4.2271858e-001
 4.2124292e-001
 4.1967180e-001
 4.1799900e-001
 4.1621777e-001
 4.1432354e-001
 4.1230899e-001
 4.1016588e-001
 4.0788773e-001
 4.0548873e-001
 4.0299064e-001
 4.0041384e-001
 3.9776453e-001
 3.9503515e-001
 3.9222136e-001
 3.8934001e-001
 3.8641822e-001
 3.8348415e-001
 3.8058525e-001
 3.7778035e-001
 3.7512431e-001
 3.7263912e-001
 3.7033060e-001
 3.6820292e-001
 3.6626858e-001
 3.6454663e-001
 3.6305237e-001
 3.6177954e-001
 3.6070734e-001
 3.5981646e-001
 3.5908109e-001
 3.5847345e-001
 3.5796481e-001
 3.5752290e-001
 3.5711157e-001
 3.5669911e-001
 3.5628128e-001
 3.5587209e-001
 3.5548297e-001
 3.5510612e-001
 3.5471946e-001
 3.5430226e-001
 3.5382888e-001
 3.5327178e-001
 3.5260719e-001
 3.5184902e-001
 3.5103250e-001
 3.5019258e-001
 3.4934571e-001
 3.4849891e-001
 3.4765440e-001
 3.4677061e-001
 3.4578180e-001
 3.4462813e-001
 3.4332457e-001
 3.4193251e-001
 3.4050742e-001
 3.3905590e-001
 3.3755565e-001
 3.3598563e-001
 3.3433959e-001
 3.3262092e-001
 3.3083060e-001
 3.2895139e-001
 3.2695433e-001
 3.2481730e-001
 3.2257885e-001
 3.2031333e-001
 3.1809157e-001
 3.1594187e-001
 3.1386542e-001
 3.1186384e-001
 3.0994985e-001
 3.0814177e-001
 3.0645704e-001
 3.0491957e-001
 3.0355367e-001
 3.0238360e-001
 3.0142584e-001
 3.0069128e-001
 3.0018777e-001
 2.9989970e-001
 2.9979551e-001
 2.9984525e-001
 3.0003577e-001
 3.0036256e-001
 3.0081967e-001
 3.0137497e-001
 3.0198193e-001
 3.0259764e-001
 3.0322826e-001
 3.0390814e-001
 3.0466729e-001
 3.0549428e-001
 3.0635330e-001
 3.0720851e-001
 3.0804953e-001
 3.0887988e-001
 3.0970353e-001
 3.1053683e-001
 3.1140229e-001
 3.1232378e-001
 3.1332654e-001
 3.1443760e-001
 3.1568146e-001
 3.1704587e-001
 3.1849843e-001
 3.2000738e-001
 3.2155782e-001
 3.2314289e-001
 3.2475680e-001
 3.2639512e-001
 3.2805121e-001
 3.2971933e-001
 3.3138108e-001
 3.3300826e-001
 3.3457562e-001
 3.3607471e-001
 3.3750737e-001
 3.3887181e-001
 3.4015355e-001
 3.4132808e-001
 3.4237161e-001
 3.4328052e-001
 3.4406370e-001
 3.4472793e-001
 3.4527948e-001
 3.4572253e-001
 3.4606069e-001
 3.4628227e-001
 3.4636754e-001
 3.4629899e-001
 3.4608379e-001
 3.4574425e-001
 3.4529960e-001
 3.4474543e-001
 3.4406236e-001
 3.4323293e-001
 3.4226727e-001
 3.4118998e-001
 3.4002629e-001
 3.3878937e-001
 3.3748889e-001
 3.3613056e-001
 3.3470115e-001
 3.3317614e-001
 3.3153266e-001
 3.2978415e-001
 3.2796180e-001
 3.2609537e-001
 3.2416430e-001
 3.2211870e-001
 3.1991565e-001
 3.1756413e-001
 3.1510526e-001
 3.1257918e-001
 3.0999681e-001
 3.0735219e-001
 3.0463982e-001
 3.0185568e-001
 2.9899424e-001
 2.9605180e-001
 2.9304042e-001
 2.8997907e-001
 2.8688458e-001
 2.8375983e-001
 2.8059679e-001
 2.7738553e-001
 2.7410656e-001
 2.7073574e-001
 2.6724800e-001
 2.6363370e-001
 2.5989428e-001
 2.5602913e-001
 2.5203326e-001
 2.4790330e-001
 2.4363674e-001
 2.3928073e-001
 2.3490974e-001
 2.3059815e-001
 2.2638620e-001
 2.2229508e-001
 2.1835148e-001
 2.1460465e-001
 2.1111852e-001
 2.0795801e-001
 2.0515996e-001
 2.0274653e-001
 2.0073742e-001
 1.9912672e-001
 1.9789165e-001
 1.9701193e-001
 1.9649507e-001
 1.9636343e-001
 1.9663642e-001
 1.9729470e-001
 1.9829716e-001
 1.9960490e-001
 2.0121026e-001
 2.0312321e-001
 2.0535024e-001
 2.0785883e-001
 2.1059041e-001
 2.1348737e-001
 2.1648654e-001
 2.1951912e-001
 2.2252040e-001
 2.2544581e-001
 2.2826353e-001
 2.3094112e-001
 2.3345697e-001
 2.3579459e-001
 2.3793842e-001
 2.3989387e-001
 2.4167797e-001
 2.4330364e-001
 2.4475309e-001
 2.4598776e-001
 2.4697226e-001
 2.4769375e-001
 2.4815372e-001
 2.4835636e-001
 2.4833687e-001
 2.4814862e-001
 2.4783711e-001
 2.4736841e-001
 2.4666238e-001
 2.4564458e-001
 2.4431668e-001
 2.4272551e-001
 2.4091841e-001
 2.3894674e-001
 2.3686603e-001
 2.3472755e-001
 2.3255572e-001
 2.3036134e-001
 2.2815584e-001
 2.2598334e-001
 2.2390708e-001
 2.2198980e-001
 2.2027653e-001
 2.1880287e-001
 2.1760036e-001
 2.1664612e-001
 2.1588655e-001
 2.1527168e-001
 2.1478751e-001
 2.1444184e-001
 2.1423990e-001
 2.1415843e-001
 2.1415719e-001
 2.1419734e-001
 2.1425200e-001
 2.1430178e-001
 2.1433090e-001
 2.1436127e-001
 2.1443634e-001
 2.1459424e-001
 2.1480411e-001
 2.1499568e-001
 2.1510619e-001
 2.1515736e-001
 2.1522169e-001
 2.1536401e-001
 2.1557261e-001
 2.1578982e-001
 2.1596271e-001
 2.1609575e-001
 2.1622644e-001
 2.1639074e-001
 2.1659578e-001
 2.1683365e-001
 2.1709551e-001
 2.1738134e-001
 2.1769494e-001
 2.1804112e-001
 2.1843450e-001
 2.1889476e-001
 2.1944101e-001
 2.2007681e-001
 2.2079799e-001
 2.2159880e-001
 2.2245710e-001
 2.2334231e-001
 2.2422491e-001
 2.2509028e-001
 2.2593245e-001
 2.2674756e-001
 2.2755300e-001
 2.2837742e-001
 2.2924991e-001
 2.3019482e-001
 2.3123269e-001
 2.3238255e-001
 2.3363864e-001
 2.3497981e-001
 2.3638511e-001
 2.3783161e-001
 2.3929480e-001
 2.4075334e-001
 2.4222073e-001
 2.4373201e-001
 2.4531510e-001
 2.4693148e-001
 2.4850290e-001
 2.4995908e-001
 2.5133494e-001
 2.5272524e-001
 2.5421301e-001
 2.5574496e-001
 2.5718889e-001
 2.5842589e-001
 2.5948641e-001
 2.6048949e-001
 2.6154473e-001
 2.6264399e-001
 2.6371035e-001
 2.6466873e-001
 2.6546016e-001
 2.6603675e-001
 2.6636156e-001
 2.6651087e-001
 2.6662818e-001
 2.6684335e-001
 2.6713908e-001
 2.6741078e-001
 2.6755846e-001
 2.6754087e-001
 2.6735073e-001
 2.6698640e-001
 2.6649487e-001
 2.6595217e-001
 2.6542896e-001
 2.6494202e-001
 2.6447466e-001
 2.6401150e-001
 2.6355138e-001
 2.6310074e-001
 2.6266372e-001
 2.6221278e-001
 2.6170233e-001
 2.6109356e-001
 2.6042575e-001
 2.5978312e-001
 2.5924334e-001
 2.5881246e-001
 2.5845376e-001
 2.5813019e-001
 2.5781006e-001
 2.5746435e-001
 2.5707349e-001
 2.5670880e-001
 2.5649697e-001
 2.5654060e-001
 2.5669408e-001
 2.5666589e-001
 2.5619724e-001
 2.5539094e-001
 2.5456333e-001
 2.5400841e-001
 2.5375605e-001
 2.5368044e-001
 2.5365999e-001
 2.5362489e-001
 2.5353712e-001
 2.5335404e-001
 2.5298187e-001
 2.5229692e-001
 2.5119510e-001
 2.4978428e-001
 2.4829538e-001
 2.4695823e-001
 2.4597378e-001
 2.4552473e-001
 2.4575862e-001
 2.4645786e-001
 2.4718995e-001
 2.4755508e-001
 2.4751386e-001
 2.4724054e-001
 2.4689674e-001
 2.4649112e-001
 2.4594131e-001
 2.4519362e-001
 2.4449141e-001
 2.4425514e-001
 2.4483895e-001
 2.4589305e-001
 2.4665229e-001
 2.4643262e-001
 2.4544102e-001
 2.4441056e-001
 2.4400908e-001
 2.4415886e-001
 2.4434257e-001
 2.4409424e-001
 2.4353465e-001
 2.4313141e-001
 2.4331461e-001
-1.2300000e+034
