s07_ASD Record=17868: Burlap_Fabric GDS430 Brown   ASDFRa AREF
-1.2300000e+034
 3.7402477e-002
 3.7405040e-002
 3.7493832e-002
 3.7618719e-002
 3.7741356e-002
 3.7861202e-002
 3.7989333e-002
 3.8143829e-002
 3.8341530e-002
 3.8584545e-002
 3.8866557e-002
 3.9180115e-002
 3.9506070e-002
 3.9818436e-002
 4.0095482e-002
 4.0361922e-002
 4.0669613e-002
 4.1065641e-002
 4.1542720e-002
 4.2061314e-002
 4.2583384e-002
 4.3091469e-002
 4.3580271e-002
 4.4046976e-002
 4.4514284e-002
 4.5019891e-002
 4.5596201e-002
 4.6218090e-002
 4.6826269e-002
 4.7367800e-002
 4.7858175e-002
 4.8353147e-002
 4.8903577e-002
 4.9502380e-002
 5.0108146e-002
 5.0683286e-002
 5.1233944e-002
 5.1792108e-002
 5.2385777e-002
 5.2998990e-002
 5.3589769e-002
 5.4120332e-002
 5.4599129e-002
 5.5061903e-002
 5.5543013e-002
 5.6058172e-002
 5.6612156e-002
 5.7206258e-002
 5.7808157e-002
 5.8365583e-002
 5.8832500e-002
 5.9228979e-002
 5.9614271e-002
 6.0041890e-002
 6.0501065e-002
 6.0943492e-002
 6.1325163e-002
 6.1653912e-002
 6.1968222e-002
 6.2303748e-002
 6.2663957e-002
 6.3033447e-002
 6.3396856e-002
 6.3743569e-002
 6.4065374e-002
 6.4355910e-002
 6.4624138e-002
 6.4888388e-002
 6.5164953e-002
 6.5449387e-002
 6.5724581e-002
 6.5975897e-002
 6.6212215e-002
 6.6456676e-002
 6.6730201e-002
 6.7030668e-002
 6.7342371e-002
 6.7650698e-002
 6.7953959e-002
 6.8258360e-002
 6.8569563e-002
 6.8887182e-002
 6.9207445e-002
 6.9526695e-002
 6.9843777e-002
 7.0159130e-002
 7.0473172e-002
 7.0787124e-002
 7.1102493e-002
 7.1420692e-002
 7.1741499e-002
 7.2063632e-002
 7.2386302e-002
 7.2714075e-002
 7.3054448e-002
 7.3413983e-002
 7.3787987e-002
 7.4165106e-002
 7.4534945e-002
 7.4899204e-002
 7.5266480e-002
 7.5644888e-002
 7.6035663e-002
 7.6436214e-002
 7.6844126e-002
 7.7259935e-002
 7.7685975e-002
 7.8124464e-002
 7.8575775e-002
 7.9039320e-002
 7.9514384e-002
 8.0002137e-002
 8.0504470e-002
 8.1023335e-002
 8.1558183e-002
 8.2107373e-002
 8.2669273e-002
 8.3245739e-002
 8.3840199e-002
 8.4455647e-002
 8.5089110e-002
 8.5734040e-002
 8.6384818e-002
 8.7045357e-002
 8.7725095e-002
 8.8432521e-002
 8.9166269e-002
 8.9919068e-002
 9.0684280e-002
 9.1463022e-002
 9.2261262e-002
 9.3084157e-002
 9.3929581e-002
 9.4790839e-002
 9.5662273e-002
 9.6546270e-002
 9.7450316e-002
 9.8380715e-002
 9.9333070e-002
 1.0029591e-001
 1.0125947e-001
 1.0222846e-001
 1.0321593e-001
 1.0423364e-001
 1.0527403e-001
 1.0631877e-001
 1.0735064e-001
 1.0836779e-001
 1.0937739e-001
 1.1038585e-001
 1.1139483e-001
 1.1240225e-001
 1.1340655e-001
 1.1440590e-001
 1.1539893e-001
 1.1638398e-001
 1.1736055e-001
 1.1832827e-001
 1.1928678e-001
 1.2023430e-001
 1.2116859e-001
 1.2208764e-001
 1.2299348e-001
 1.2389094e-001
 1.2478417e-001
 1.2567361e-001
 1.2655738e-001
 1.2743360e-001
 1.2830260e-001
 1.2916604e-001
 1.3002546e-001
 1.3088255e-001
 1.3173899e-001
 1.3259590e-001
 1.3344990e-001
 1.3429491e-001
 1.3512556e-001
 1.3594267e-001
 1.3675110e-001
 1.3755499e-001
 1.3835186e-001
 1.3913520e-001
 1.3989916e-001
 1.4064430e-001
 1.4137495e-001
 1.4209494e-001
 1.4280131e-001
 1.4348710e-001
 1.4414614e-001
 1.4478052e-001
 1.4539692e-001
 1.4600168e-001
 1.4659491e-001
 1.4717287e-001
 1.4773259e-001
 1.4827777e-001
 1.4881606e-001
 1.4935465e-001
 1.4989655e-001
 1.5044197e-001
 1.5099138e-001
 1.5154661e-001
 1.5211032e-001
 1.5268531e-001
 1.5327601e-001
 1.5388769e-001
 1.5452529e-001
 1.5518910e-001
 1.5587683e-001
 1.5658662e-001
 1.5732063e-001
 1.5808345e-001
 1.5887924e-001
 1.5970638e-001
 1.6056004e-001
 1.6143553e-001
 1.6233063e-001
 1.6324444e-001
 1.6417576e-001
 1.6511984e-001
 1.6606964e-001
 1.6701859e-001
 1.6796365e-001
 1.6890375e-001
 1.6983771e-001
 1.7076069e-001
 1.7166589e-001
 1.7254667e-001
 1.7340012e-001
 1.7422539e-001
 1.7502171e-001
 1.7578895e-001
 1.7652726e-001
 1.7723683e-001
 1.7791852e-001
 1.7857361e-001
 1.7920347e-001
 1.7981102e-001
 1.8040022e-001
 1.8097474e-001
 1.8153556e-001
 1.8208206e-001
 1.8261398e-001
 1.8313451e-001
 1.8364911e-001
 1.8416287e-001
 1.8467890e-001
 1.8519904e-001
 1.8572502e-001
 1.8625832e-001
 1.8680014e-001
 1.8735161e-001
 1.8791293e-001
 1.8848364e-001
 1.8906330e-001
 1.8965001e-001
 1.9024123e-001
 1.9083416e-001
 1.9142455e-001
 1.9200724e-001
 1.9257779e-001
 1.9313866e-001
 1.9369645e-001
 1.9425684e-001
 1.9481598e-001
 1.9536425e-001
 1.9589290e-001
 1.9640100e-001
 1.9689247e-001
 1.9737102e-001
 1.9783729e-001
 1.9829015e-001
 1.9872852e-001
 1.9915144e-001
 1.9955824e-001
 1.9994844e-001
 2.0032409e-001
 2.0068942e-001
 2.0104817e-001
 2.0140488e-001
 2.0176519e-001
 2.0213388e-001
 2.0251285e-001
 2.0290306e-001
 2.0330469e-001
 2.0372033e-001
 2.0415249e-001
 2.0460473e-001
 2.0508100e-001
 2.0558687e-001
 2.0612681e-001
 2.0670463e-001
 2.0732254e-001
 2.0798270e-001
 2.0868948e-001
 2.0944706e-001
 2.1026029e-001
 2.1113020e-001
 2.1205737e-001
 2.1304163e-001
 2.1408482e-001
 2.1519051e-001
 2.1636146e-001
 2.1759851e-001
 2.1890210e-001
 2.2027214e-001
 2.2171094e-001
 2.2322135e-001
 2.2480689e-001
 2.2646692e-001
 2.2819909e-001
 2.3000121e-001
 2.3187329e-001
 2.3381625e-001
 2.3583145e-001
 2.3792085e-001
 2.4008688e-001
 2.4233122e-001
 2.4465074e-001
 2.4703921e-001
 2.4949096e-001
 2.5200605e-001
 2.5458822e-001
 2.5724000e-001
 2.5995710e-001
 2.6273087e-001
 2.6555309e-001
 2.6842022e-001
 2.7133203e-001
 2.7428761e-001
 2.7728045e-001
 2.8030068e-001
 2.8333938e-001
 2.8639182e-001
 2.8945789e-001
 2.9253674e-001
 2.9562429e-001
 2.9871389e-001
 3.0179977e-001
 3.0487984e-001
 3.0795392e-001
 3.1102103e-001
 3.1407696e-001
 3.1711403e-001
 3.2012579e-001
 3.2311127e-001
 3.2607329e-001
 3.2901356e-001
 3.3193097e-001
 3.3482039e-001
 3.3767879e-001
 3.4050471e-001
 3.4329888e-001
 3.4606093e-001
 3.4878796e-001
 3.5147449e-001
 3.5411584e-001
 3.5671261e-001
 3.5926923e-001
 3.6178949e-001
 3.6427259e-001
 3.6671495e-001
 3.6911345e-001
 3.7146759e-001
 3.7377918e-001
 3.7604955e-001
 3.7827757e-001
 3.8045976e-001
 3.8259366e-001
 3.8468081e-001
 3.8672531e-001
 3.8873085e-001
 3.9069712e-001
 3.9262107e-001
 3.9450032e-001
 3.9633554e-001
 3.9812946e-001
 3.9988446e-001
 4.0160412e-001
 4.0329194e-001
 4.0495163e-001
 4.0658391e-001
 4.0818816e-001
 4.0976354e-001
 4.1130957e-001
 4.1282582e-001
 4.1431209e-001
 4.1577038e-001
 4.1720438e-001
 4.1861740e-001
 4.2001095e-001
 4.2138535e-001
 4.2274106e-001
 4.2407778e-001
 4.2539513e-001
 4.2669266e-001
 4.2797098e-001
 4.2923099e-001
 4.3047392e-001
 4.3170163e-001
 4.3291643e-001
 4.3412051e-001
 4.3531489e-001
 4.3649903e-001
 4.3767419e-001
 4.3884060e-001
 4.3999895e-001
 4.4114992e-001
 4.4229311e-001
 4.4342768e-001
 4.4455269e-001
 4.4566861e-001
 4.4677684e-001
 4.4787851e-001
 4.4897407e-001
 4.5006368e-001
 4.5114738e-001
 4.5222607e-001
 4.5330152e-001
 4.5437494e-001
 4.5544484e-001
 4.5650813e-001
 4.5756212e-001
 4.5860827e-001
 4.5965105e-001
 4.6069428e-001
 4.6173701e-001
 4.6277508e-001
 4.6380511e-001
 4.6482813e-001
 4.6584812e-001
 4.6686852e-001
 4.6788901e-001
 4.6890661e-001
 4.6991861e-001
 4.7092333e-001
 4.7191960e-001
 4.7290659e-001
 4.7388747e-001
 4.7486755e-001
 4.7585168e-001
 4.7683844e-001
 4.7782302e-001
 4.7880122e-001
 4.7977170e-001
 4.8073682e-001
 4.8169872e-001
 4.8265815e-001
 4.8361507e-001
 4.8456997e-001
 4.8552325e-001
 4.8647591e-001
 4.8742869e-001
 4.8837912e-001
 4.8932344e-001
 4.9025798e-001
 4.9118426e-001
 4.9210656e-001
 4.9302885e-001
 4.9395099e-001
 4.9487060e-001
 4.9578539e-001
 4.9669603e-001
 4.9760476e-001
 4.9851367e-001
 4.9942231e-001
 5.0032848e-001
 5.0123012e-001
 5.0212681e-001
 5.0301909e-001
 5.0390750e-001
 5.0479186e-001
 5.0567222e-001
 5.0654817e-001
 5.0741893e-001
 5.0828379e-001
 5.0914180e-001
 5.0999439e-001
 5.1084441e-001
 5.1169449e-001
 5.1254421e-001
 5.1339149e-001
 5.1423454e-001
 5.1507223e-001
 5.1590425e-001
 5.1673043e-001
 5.1755154e-001
 5.1836872e-001
 5.1918304e-001
 5.1999682e-001
 5.2081221e-001
 5.2163118e-001
 5.2245086e-001
 5.2326566e-001
 5.2407038e-001
 5.2486575e-001
 5.2565593e-001
 5.2644461e-001
 5.2723122e-001
 5.2801263e-001
 5.2878642e-001
 5.2955550e-001
 5.3032637e-001
 5.3110480e-001
 5.3188843e-001
 5.3267008e-001
 5.3344280e-001
 5.3420275e-001
 5.3494960e-001
 5.3568208e-001
 5.3640455e-001
 5.3712445e-001
 5.3784853e-001
 5.3857672e-001
 5.3930491e-001
 5.4002947e-001
 5.4074961e-001
 5.4146671e-001
 5.4218203e-001
 5.4289430e-001
 5.4360145e-001
 5.4430109e-001
 5.4499286e-001
 5.4567677e-001
 5.4635340e-001
 5.4702413e-001
 5.4769129e-001
 5.4835677e-001
 5.4901934e-001
 5.4967624e-001
 5.5032510e-001
 5.5096781e-001
 5.5160844e-001
 5.5225080e-001
 5.5289382e-001
 5.5353308e-001
 5.5416447e-001
 5.5478454e-001
 5.5539006e-001
 5.5597878e-001
 5.5655497e-001
 5.5712652e-001
 5.5770093e-001
 5.5827802e-001
 5.5885303e-001
 5.5942142e-001
 5.5998439e-001
 5.6054568e-001
 5.6110877e-001
 5.6167108e-001
 5.6222451e-001
 5.6276363e-001
 5.6329125e-001
 5.6381530e-001
 5.6434321e-001
 5.6487435e-001
 5.6540352e-001
 5.6592566e-001
 5.6643879e-001
 5.6694287e-001
 5.6743830e-001
 5.6793100e-001
 5.6843013e-001
 5.6894380e-001
 5.6946915e-001
 5.6999707e-001
 5.7051891e-001
 5.7103312e-001
 5.7154226e-001
 5.7204896e-001
 5.7255524e-001
 5.7306278e-001
 5.7357293e-001
 5.7408541e-001
 5.7459933e-001
 5.7511288e-001
 5.7562155e-001
 5.7611865e-001
 5.7659882e-001
 5.7706749e-001
 5.7753670e-001
 5.7801741e-001
 5.7850820e-001
 5.7899988e-001
 5.7948405e-001
 5.7995975e-001
 5.8042997e-001
 5.8089763e-001
 5.8136189e-001
 5.8182001e-001
 5.8226949e-001
 5.8271217e-001
 5.8315271e-001
 5.8359486e-001
 5.8403689e-001
 5.8447337e-001
 5.8489978e-001
 5.8531713e-001
 5.8573002e-001
 5.8614230e-001
 5.8655214e-001
 5.8695346e-001
 5.8734220e-001
 5.8771688e-001
 5.8807969e-001
 5.8843201e-001
 5.8877409e-001
 5.8910429e-001
 5.8942151e-001
 5.8972567e-001
 5.9001744e-001
 5.9029752e-001
 5.9056550e-001
 5.9082270e-001
 5.9106839e-001
 5.9130096e-001
 5.9151816e-001
 5.9171814e-001
 5.9190184e-001
 5.9207201e-001
 5.9223169e-001
 5.9238589e-001
 5.9254104e-001
 5.9270221e-001
 5.9286439e-001
 5.9301543e-001
 5.9314692e-001
 5.9326965e-001
 5.9340721e-001
 5.9358096e-001
 5.9378791e-001
 5.9401047e-001
 5.9423226e-001
 5.9445000e-001
 5.9466869e-001
 5.9489149e-001
 5.9512269e-001
 5.9536523e-001
 5.9562165e-001
 5.9588987e-001
 5.9616536e-001
 5.9644336e-001
 5.9671909e-001
 5.9698790e-001
 5.9724677e-001
 5.9750193e-001
 5.9776831e-001
 5.9805781e-001
 5.9836251e-001
 5.9866261e-001
 5.9893888e-001
 5.9919757e-001
 5.9945828e-001
 5.9974128e-001
 6.0005260e-001
 6.0037148e-001
 6.0067368e-001
 6.0094589e-001
 6.0120577e-001
 6.0147488e-001
 6.0176826e-001
 6.0209179e-001
 6.0245007e-001
 6.0282612e-001
 6.0316092e-001
 6.0338992e-001
 6.0349828e-001
 6.0358864e-001
 6.0377896e-001
 6.0411817e-001
 6.0450816e-001
 6.0483038e-001
 6.0503113e-001
 6.0520524e-001
 6.0546714e-001
 6.0586822e-001
 6.0632139e-001
 6.0672128e-001
 6.0700774e-001
 6.0722804e-001
 6.0744262e-001
 6.0768908e-001
 6.0795349e-001
 6.0821486e-001
 6.0846537e-001
 6.0872912e-001
 6.0903227e-001
 6.0938561e-001
 6.0976285e-001
 6.1013269e-001
 6.1046827e-001
 6.1074698e-001
 6.1094987e-001
 6.1107773e-001
 6.1118394e-001
 6.1132604e-001
 6.1154103e-001
 6.1181569e-001
 6.1212999e-001
 6.1246294e-001
 6.1278820e-001
 6.1308080e-001
 6.1332887e-001
 6.1355406e-001
 6.1378074e-001
 6.1402589e-001
 6.1428946e-001
 6.1456805e-001
 6.1485541e-001
 6.1513239e-001
 6.1537772e-001
 6.1558455e-001
 6.1577010e-001
 6.1595547e-001
 6.1615413e-001
 6.1635715e-001
 6.1655349e-001
 6.1673820e-001
 6.1691964e-001
 6.1710835e-001
 6.1731774e-001
 6.1756939e-001
 6.1788535e-001
 6.1826253e-001
 6.1864072e-001
 6.1895323e-001
 6.1916405e-001
 6.1931425e-001
 6.1945194e-001
 6.1961627e-001
 6.1981750e-001
 6.2006301e-001
 6.2034345e-001
 6.2061226e-001
 6.2081623e-001
 6.2093610e-001
 6.2102103e-001
 6.2113053e-001
 6.2130558e-001
 6.2154633e-001
 6.2184829e-001
 6.2218994e-001
 6.2251955e-001
 6.2277943e-001
 6.2294465e-001
 6.2305933e-001
 6.2317908e-001
 6.2333500e-001
 6.2350661e-001
 6.2366730e-001
 6.2380314e-001
 6.2393534e-001
 6.2408757e-001
 6.2426996e-001
 6.2445849e-001
 6.2462711e-001
 6.2476039e-001
 6.2487429e-001
 6.2498689e-001
 6.2510514e-001
 6.2521082e-001
 6.2528116e-001
 6.2530994e-001
 6.2532121e-001
 6.2534386e-001
 6.2539524e-001
 6.2547022e-001
 6.2555826e-001
 6.2564236e-001
 6.2568843e-001
 6.2565970e-001
 6.2554425e-001
 6.2538719e-001
 6.2524056e-001
 6.2513959e-001
 6.2508172e-001
 6.2506020e-001
 6.2505949e-001
 6.2504470e-001
 6.2497997e-001
 6.2484747e-001
 6.2467414e-001
 6.2449372e-001
 6.2431979e-001
 6.2412733e-001
 6.2388587e-001
 6.2358457e-001
 6.2325364e-001
 6.2292773e-001
 6.2262636e-001
 6.2232965e-001
 6.2201142e-001
 6.2165415e-001
 6.2126184e-001
 6.2083679e-001
 6.2038666e-001
 6.1992085e-001
 6.1944908e-001
 6.1897743e-001
 6.1849815e-001
 6.1800033e-001
 6.1748064e-001
 6.1694729e-001
 6.1640805e-001
 6.1587095e-001
 6.1533672e-001
 6.1480439e-001
 6.1427462e-001
 6.1374658e-001
 6.1322004e-001
 6.1270064e-001
 6.1221069e-001
 6.1177278e-001
 6.1139303e-001
 6.1103624e-001
 6.1066383e-001
 6.1025488e-001
 6.0983932e-001
 6.0945082e-001
 6.0910833e-001
 6.0879940e-001
 6.0850638e-001
 6.0821456e-001
 6.0791457e-001
 6.0759777e-001
 6.0725838e-001
 6.0689622e-001
 6.0651147e-001
 6.0610044e-001
 6.0564613e-001
 6.0513252e-001
 6.0456485e-001
 6.0400033e-001
 6.0350150e-001
 6.0309446e-001
 6.0272288e-001
 6.0231817e-001
 6.0184675e-001
 6.0135031e-001
 6.0087973e-001
 6.0047132e-001
 6.0012448e-001
 5.9983462e-001
 5.9959012e-001
 5.9936500e-001
 5.9913045e-001
 5.9887773e-001
 5.9863567e-001
 5.9844106e-001
 5.9830660e-001
 5.9819901e-001
 5.9807640e-001
 5.9791553e-001
 5.9773093e-001
 5.9754068e-001
 5.9736222e-001
 5.9720743e-001
 5.9708720e-001
 5.9700441e-001
 5.9694570e-001
 5.9689480e-001
 5.9684479e-001
 5.9680849e-001
 5.9680235e-001
 5.9683812e-001
 5.9691584e-001
 5.9703332e-001
 5.9718537e-001
 5.9735936e-001
 5.9754026e-001
 5.9772265e-001
 5.9792131e-001
 5.9815234e-001
 5.9842741e-001
 5.9874260e-001
 5.9909242e-001
 5.9946954e-001
 5.9986317e-001
 6.0026240e-001
 6.0065830e-001
 6.0105121e-001
 6.0144401e-001
 6.0183835e-001
 6.0223681e-001
 6.0264385e-001
 6.0306245e-001
 6.0349500e-001
 6.0394466e-001
 6.0440785e-001
 6.0486674e-001
 6.0530275e-001
 6.0570365e-001
 6.0607398e-001
 6.0642129e-001
 6.0675371e-001
 6.0708517e-001
 6.0742855e-001
 6.0778916e-001
 6.0815328e-001
 6.0850453e-001
 6.0883129e-001
 6.0913283e-001
 6.0940903e-001
 6.0966027e-001
 6.0988748e-001
 6.1009157e-001
 6.1027890e-001
 6.1046487e-001
 6.1066705e-001
 6.1089021e-001
 6.1111146e-001
 6.1130267e-001
 6.1145294e-001
 6.1158782e-001
 6.1173660e-001
 6.1191547e-001
 6.1211014e-001
 6.1230224e-001
 6.1247957e-001
 6.1264789e-001
 6.1281538e-001
 6.1298841e-001
 6.1317301e-001
 6.1337388e-001
 6.1359519e-001
 6.1384159e-001
 6.1411619e-001
 6.1441988e-001
 6.1474401e-001
 6.1507857e-001
 6.1541688e-001
 6.1575383e-001
 6.1608630e-001
 6.1641401e-001
 6.1673874e-001
 6.1706471e-001
 6.1739480e-001
 6.1773092e-001
 6.1807400e-001
 6.1842370e-001
 6.1876911e-001
 6.1910117e-001
 6.1940897e-001
 6.1968601e-001
 6.1992341e-001
 6.2011796e-001
 6.2027490e-001
 6.2039846e-001
 6.2049806e-001
 6.2058616e-001
 6.2067610e-001
 6.2077898e-001
 6.2089437e-001
 6.2102205e-001
 6.2115145e-001
 6.2125492e-001
 6.2130219e-001
 6.2127835e-001
 6.2120515e-001
 6.2110931e-001
 6.2101096e-001
 6.2091625e-001
 6.2082809e-001
 6.2074429e-001
 6.2064976e-001
 6.2052757e-001
 6.2036759e-001
 6.2017143e-001
 6.1994511e-001
 6.1969256e-001
 6.1941576e-001
 6.1911863e-001
 6.1879820e-001
 6.1843985e-001
 6.1802763e-001
 6.1755508e-001
 6.1703384e-001
 6.1647910e-001
 6.1590159e-001
 6.1530352e-001
 6.1468464e-001
 6.1404008e-001
 6.1334985e-001
 6.1259520e-001
 6.1176509e-001
 6.1087245e-001
 6.0993195e-001
 6.0895067e-001
 6.0791856e-001
 6.0682285e-001
 6.0565734e-001
 6.0443282e-001
 6.0316032e-001
 6.0185617e-001
 6.0054493e-001
 5.9925121e-001
 5.9798503e-001
 5.9671414e-001
 5.9540468e-001
 5.9403825e-001
 5.9263581e-001
 5.9122366e-001
 5.8981889e-001
 5.8841747e-001
 5.8701217e-001
 5.8560419e-001
 5.8420992e-001
 5.8284885e-001
 5.8153403e-001
 5.8026713e-001
 5.7904732e-001
 5.7787430e-001
 5.7674885e-001
 5.7566965e-001
 5.7464314e-001
 5.7368660e-001
 5.7282025e-001
 5.7205105e-001
 5.7135749e-001
 5.7071674e-001
 5.7011396e-001
 5.6955785e-001
 5.6906015e-001
 5.6861871e-001
 5.6819856e-001
 5.6776190e-001
 5.6727999e-001
 5.6674743e-001
 5.6616324e-001
 5.6552523e-001
 5.6483525e-001
 5.6409651e-001
 5.6330687e-001
 5.6245542e-001
 5.6153065e-001
 5.6051964e-001
 5.5940992e-001
 5.5818778e-001
 5.5684429e-001
 5.5538148e-001
 5.5380273e-001
 5.5210966e-001
 5.5030107e-001
 5.4837501e-001
 5.4633087e-001
 5.4416752e-001
 5.4188490e-001
 5.3948516e-001
 5.3697646e-001
 5.3436631e-001
 5.3166431e-001
 5.2888447e-001
 5.2604002e-001
 5.2313453e-001
 5.2014965e-001
 5.1706374e-001
 5.1387119e-001
 5.1059788e-001
 5.0727475e-001
 5.0392628e-001
 5.0056559e-001
 4.9720332e-001
 4.9385148e-001
 4.9052873e-001
 4.8725203e-001
 4.8403579e-001
 4.8088542e-001
 4.7780260e-001
 4.7479746e-001
 4.7188821e-001
 4.6909621e-001
 4.6643436e-001
 4.6389592e-001
 4.6147287e-001
 4.5916450e-001
 4.5698971e-001
 4.5496991e-001
 4.5311484e-001
 4.5141029e-001
 4.4983771e-001
 4.4838467e-001
 4.4704637e-001
 4.4582060e-001
 4.4470340e-001
 4.4368917e-001
 4.4277215e-001
 4.4194680e-001
 4.4121081e-001
 4.4056028e-001
 4.3998823e-001
 4.3947613e-001
 4.3900365e-001
 4.3855831e-001
 4.3814549e-001
 4.3777204e-001
 4.3743965e-001
 4.3713552e-001
 4.3684545e-001
 4.3655878e-001
 4.3627241e-001
 4.3598464e-001
 4.3569165e-001
 4.3538645e-001
 4.3506232e-001
 4.3471554e-001
 4.3435225e-001
 4.3397999e-001
 4.3360668e-001
 4.3324256e-001
 4.3289730e-001
 4.3257290e-001
 4.3225724e-001
 4.3193519e-001
 4.3159872e-001
 4.3125689e-001
 4.3092182e-001
 4.3059972e-001
 4.3028721e-001
 4.2997935e-001
 4.2967609e-001
 4.2939100e-001
 4.2914012e-001
 4.2893180e-001
 4.2876500e-001
 4.2863467e-001
 4.2853612e-001
 4.2846164e-001
 4.2840388e-001
 4.2835891e-001
 4.2833096e-001
 4.2832515e-001
 4.2834720e-001
 4.2840004e-001
 4.2848769e-001
 4.2861155e-001
 4.2876983e-001
 4.2895856e-001
 4.2917579e-001
 4.2941806e-001
 4.2968392e-001
 4.2997089e-001
 4.3028027e-001
 4.3061212e-001
 4.3096748e-001
 4.3134788e-001
 4.3175325e-001
 4.3218488e-001
 4.3264186e-001
 4.3312299e-001
 4.3362880e-001
 4.3415958e-001
 4.3471473e-001
 4.3529198e-001
 4.3588164e-001
 4.3647242e-001
 4.3705818e-001
 4.3764311e-001
 4.3823364e-001
 4.3883082e-001
 4.3942940e-001
 4.4002169e-001
 4.4060552e-001
 4.4119078e-001
 4.4178888e-001
 4.4240198e-001
 4.4301525e-001
 4.4360977e-001
 4.4417173e-001
 4.4469652e-001
 4.4518119e-001
 4.4562688e-001
 4.4604501e-001
 4.4644758e-001
 4.4684350e-001
 4.4723412e-001
 4.4761980e-001
 4.4799706e-001
 4.4835454e-001
 4.4867894e-001
 4.4896355e-001
 4.4921800e-001
 4.4945249e-001
 4.4967625e-001
 4.4989488e-001
 4.5011240e-001
 4.5033097e-001
 4.5054355e-001
 4.5074219e-001
 4.5092624e-001
 4.5110759e-001
 4.5130059e-001
 4.5151392e-001
 4.5174754e-001
 4.5199811e-001
 4.5226270e-001
 4.5253277e-001
 4.5280004e-001
 4.5306113e-001
 4.5332450e-001
 4.5360002e-001
 4.5389470e-001
 4.5420697e-001
 4.5453614e-001
 4.5487794e-001
 4.5522425e-001
 4.5556584e-001
 4.5589790e-001
 4.5622149e-001
 4.5653889e-001
 4.5685205e-001
 4.5716193e-001
 4.5746878e-001
 4.5777321e-001
 4.5807171e-001
 4.5836061e-001
 4.5864263e-001
 4.5892978e-001
 4.5923722e-001
 4.5956913e-001
 4.5990738e-001
 4.6022984e-001
 4.6052459e-001
 4.6079636e-001
 4.6105370e-001
 4.6130592e-001
 4.6156412e-001
 4.6184060e-001
 4.6214160e-001
 4.6246046e-001
 4.6278855e-001
 4.6312514e-001
 4.6348450e-001
 4.6388429e-001
 4.6433204e-001
 4.6481559e-001
 4.6531910e-001
 4.6583563e-001
 4.6637711e-001
 4.6695727e-001
 4.6758714e-001
 4.6827316e-001
 4.6901995e-001
 4.6982688e-001
 4.7067752e-001
 4.7155449e-001
 4.7244990e-001
 4.7337648e-001
 4.7434956e-001
 4.7537297e-001
 4.7642520e-001
 4.7748137e-001
 4.7852603e-001
 4.7956517e-001
 4.8060954e-001
 4.8166654e-001
 4.8274326e-001
 4.8384553e-001
 4.8497191e-001
 4.8610842e-001
 4.8723739e-001
 4.8834890e-001
 4.8945057e-001
 4.9055150e-001
 4.9165493e-001
 4.9274948e-001
 4.9382281e-001
 4.9486327e-001
 4.9586821e-001
 4.9683449e-001
 4.9776435e-001
 4.9867040e-001
 4.9956703e-001
 5.0046116e-001
 5.0133741e-001
 5.0217980e-001
 5.0297880e-001
 5.0374240e-001
 5.0448090e-001
 5.0520003e-001
 5.0589460e-001
 5.0655997e-001
 5.0719208e-001
 5.0779420e-001
 5.0837159e-001
 5.0892645e-001
 5.0945771e-001
 5.0996470e-001
 5.1044440e-001
 5.1088816e-001
 5.1128709e-001
 5.1164120e-001
 5.1197153e-001
 5.1230121e-001
 5.1263875e-001
 5.1295513e-001
 5.1321632e-001
 5.1340455e-001
 5.1353294e-001
 5.1362091e-001
 5.1368266e-001
 5.1372498e-001
 5.1375270e-001
 5.1376665e-001
 5.1375335e-001
 5.1369870e-001
 5.1359451e-001
 5.1345086e-001
 5.1327986e-001
 5.1309097e-001
 5.1288575e-001
 5.1266527e-001
 5.1243323e-001
 5.1219541e-001
 5.1195842e-001
 5.1172543e-001
 5.1148957e-001
 5.1124483e-001
 5.1098436e-001
 5.1070303e-001
 5.1039594e-001
 5.1006120e-001
 5.0970292e-001
 5.0932539e-001
 5.0893545e-001
 5.0854486e-001
 5.0816631e-001
 5.0780594e-001
 5.0745356e-001
 5.0709766e-001
 5.0673741e-001
 5.0639451e-001
 5.0609416e-001
 5.0584078e-001
 5.0559300e-001
 5.0530320e-001
 5.0494319e-001
 5.0452709e-001
 5.0407678e-001
 5.0360799e-001
 5.0312608e-001
 5.0263584e-001
 5.0213706e-001
 5.0162095e-001
 5.0107694e-001
 5.0049955e-001
 4.9989408e-001
 4.9926794e-001
 4.9863255e-001
 4.9800938e-001
 4.9742305e-001
 4.9688664e-001
 4.9638861e-001
 4.9591461e-001
 4.9545494e-001
 4.9500787e-001
 4.9457392e-001
 4.9415278e-001
 4.9374416e-001
 4.9334860e-001
 4.9295887e-001
 4.9255428e-001
 4.9211150e-001
 4.9161926e-001
 4.9109775e-001
 4.9056786e-001
 4.9005058e-001
 4.8955762e-001
 4.8910064e-001
 4.8868734e-001
 4.8831409e-001
 4.8797715e-001
 4.8768196e-001
 4.8745820e-001
 4.8733810e-001
 4.8733580e-001
 4.8742679e-001
 4.8758218e-001
 4.8777509e-001
 4.8799148e-001
 4.8821628e-001
 4.8844305e-001
 4.8868328e-001
 4.8895031e-001
 4.8924303e-001
 4.8953086e-001
 4.8977846e-001
 4.8996502e-001
 4.9010447e-001
 4.9021465e-001
 4.9030811e-001
 4.9038729e-001
 4.9045402e-001
 4.9050814e-001
 4.9055022e-001
 4.9057975e-001
 4.9059168e-001
 4.9056727e-001
 4.9048629e-001
 4.9033695e-001
 4.9012870e-001
 4.8987132e-001
 4.8957571e-001
 4.8924604e-001
 4.8888716e-001
 4.8851275e-001
 4.8815474e-001
 4.8784792e-001
 4.8760647e-001
 4.8739627e-001
 4.8717871e-001
 4.8692828e-001
 4.8665488e-001
 4.8637071e-001
 4.8608625e-001
 4.8580313e-001
 4.8552316e-001
 4.8525032e-001
 4.8499388e-001
 4.8476604e-001
 4.8457444e-001
 4.8441830e-001
 4.8429736e-001
 4.8421034e-001
 4.8415309e-001
 4.8412269e-001
 4.8411584e-001
 4.8412901e-001
 4.8415950e-001
 4.8419884e-001
 4.8422801e-001
 4.8422569e-001
 4.8418534e-001
 4.8413286e-001
 4.8409694e-001
 4.8409909e-001
 4.8413828e-001
 4.8421213e-001
 4.8431703e-001
 4.8444456e-001
 4.8458880e-001
 4.8474368e-001
 4.8490912e-001
 4.8508623e-001
 4.8527139e-001
 4.8545256e-001
 4.8561805e-001
 4.8576170e-001
 4.8589295e-001
 4.8602304e-001
 4.8615965e-001
 4.8629773e-001
 4.8643258e-001
 4.8655948e-001
 4.8667735e-001
 4.8678559e-001
 4.8688373e-001
 4.8697343e-001
 4.8705825e-001
 4.8714039e-001
 4.8721334e-001
 4.8726708e-001
 4.8729178e-001
 4.8730129e-001
 4.8732066e-001
 4.8737535e-001
 4.8746902e-001
 4.8759475e-001
 4.8774499e-001
 4.8789698e-001
 4.8802176e-001
 4.8809353e-001
 4.8813930e-001
 4.8821542e-001
 4.8837146e-001
 4.8859030e-001
 4.8881608e-001
 4.8899662e-001
 4.8914742e-001
 4.8932070e-001
 4.8956689e-001
 4.8989102e-001
 4.9027327e-001
 4.9069259e-001
 4.9112883e-001
 4.9156013e-001
 4.9196747e-001
 4.9234962e-001
 4.9271622e-001
 4.9307767e-001
 4.9344650e-001
 4.9383649e-001
 4.9425977e-001
 4.9470204e-001
 4.9513346e-001
 4.9552605e-001
 4.9586689e-001
 4.9615505e-001
 4.9638802e-001
 4.9657732e-001
 4.9673852e-001
 4.9688649e-001
 4.9701661e-001
 4.9711147e-001
 4.9715534e-001
 4.9713841e-001
 4.9705431e-001
 4.9689847e-001
 4.9667230e-001
 4.9638036e-001
 4.9602786e-001
 4.9561110e-001
 4.9512172e-001
 4.9455288e-001
 4.9390879e-001
 4.9320129e-001
 4.9244216e-001
 4.9162564e-001
 4.9073732e-001
 4.8976380e-001
 4.8869142e-001
 4.8750886e-001
 4.8620346e-001
 4.8476675e-001
 4.8319140e-001
 4.8146948e-001
 4.7959098e-001
 4.7754407e-001
 4.7531828e-001
 4.7291037e-001
 4.7032166e-001
 4.6755379e-001
 4.6459734e-001
 4.6143502e-001
 4.5805371e-001
 4.5446321e-001
 4.5068908e-001
 4.4675410e-001
 4.4266239e-001
 4.3840683e-001
 4.3398210e-001
 4.2940855e-001
 4.2472091e-001
 4.1995233e-001
 4.1512719e-001
 4.1026270e-001
 4.0537715e-001
 4.0049320e-001
 3.9563543e-001
 3.9083156e-001
 3.8612312e-001
 3.8156456e-001
 3.7720582e-001
 3.7306291e-001
 3.6913276e-001
 3.6541191e-001
 3.6191103e-001
 3.5864839e-001
 3.5563889e-001
 3.5287565e-001
 3.5033509e-001
 3.4799886e-001
 3.4586993e-001
 3.4396648e-001
 3.4230414e-001
 3.4086713e-001
 3.3962175e-001
 3.3853692e-001
 3.3760223e-001
 3.3682159e-001
 3.3619738e-001
 3.3573475e-001
 3.3543935e-001
 3.3531541e-001
 3.3535418e-001
 3.3553928e-001
 3.3585355e-001
 3.3628047e-001
 3.3680320e-001
 3.3740667e-001
 3.3809090e-001
 3.3886522e-001
 3.3973652e-001
 3.4069854e-001
 3.4173420e-001
 3.4282789e-001
 3.4396893e-001
 3.4514835e-001
 3.4636012e-001
 3.4760901e-001
 3.4890747e-001
 3.5026613e-001
 3.5166192e-001
 3.5305423e-001
 3.5440671e-001
 3.5572752e-001
 3.5705096e-001
 3.5840786e-001
 3.5979280e-001
 3.6117738e-001
 3.6253563e-001
 3.6386713e-001
 3.6518729e-001
 3.6651030e-001
 3.6783543e-001
 3.6915365e-001
 3.7045655e-001
 3.7174147e-001
 3.7300888e-001
 3.7425947e-001
 3.7549648e-001
 3.7672362e-001
 3.7794545e-001
 3.7916481e-001
 3.8038445e-001
 3.8160679e-001
 3.8282651e-001
 3.8403466e-001
 3.8522413e-001
 3.8639858e-001
 3.8756984e-001
 3.8874727e-001
 3.8993368e-001
 3.9112708e-001
 3.9232233e-001
 3.9349702e-001
 3.9461654e-001
 3.9565060e-001
 3.9662099e-001
 3.9757803e-001
 3.9856911e-001
 3.9959395e-001
 4.0062651e-001
 4.0164006e-001
 4.0261480e-001
 4.0353587e-001
 4.0438947e-001
 4.0518284e-001
 4.0593490e-001
 4.0666336e-001
 4.0737844e-001
 4.0808597e-001
 4.0878853e-001
 4.0947530e-001
 4.1012460e-001
 4.1071579e-001
 4.1124061e-001
 4.1169649e-001
 4.1208160e-001
 4.1239986e-001
 4.1265801e-001
 4.1286296e-001
 4.1302291e-001
 4.1314608e-001
 4.1324016e-001
 4.1329163e-001
 4.1327769e-001
 4.1317591e-001
 4.1298655e-001
 4.1272375e-001
 4.1239870e-001
 4.1200894e-001
 4.1154286e-001
 4.1098997e-001
 4.1035405e-001
 4.0964729e-001
 4.0888190e-001
 4.0805432e-001
 4.0715435e-001
 4.0617275e-001
 4.0511775e-001
 4.0400535e-001
 4.0285262e-001
 4.0166023e-001
 4.0042236e-001
 3.9913166e-001
 3.9779019e-001
 3.9640260e-001
 3.9497492e-001
 3.9350888e-001
 3.9200601e-001
 3.9046732e-001
 3.8890398e-001
 3.8733509e-001
 3.8577598e-001
 3.8422719e-001
 3.8268182e-001
 3.8112974e-001
 3.7955248e-001
 3.7792438e-001
 3.7622544e-001
 3.7448639e-001
 3.7276483e-001
 3.7111735e-001
 3.6954230e-001
 3.6800671e-001
 3.6647931e-001
 3.6493927e-001
 3.6337492e-001
 3.6177453e-001
 3.6015388e-001
 3.5854107e-001
 3.5696301e-001
 3.5543525e-001
 3.5396418e-001
 3.5255414e-001
 3.5119441e-001
 3.4986222e-001
 3.4853712e-001
 3.4720948e-001
 3.4587833e-001
 3.4454203e-001
 3.4321257e-001
 3.4190837e-001
 3.4064665e-001
 3.3942181e-001
 3.3821622e-001
 3.3701393e-001
 3.3581966e-001
 3.3465031e-001
 3.3352217e-001
 3.3243579e-001
 3.3138233e-001
 3.3035481e-001
 3.2935780e-001
 3.2840410e-001
 3.2750556e-001
 3.2666603e-001
 3.2588530e-001
 3.2516271e-001
 3.2449263e-001
 3.2386744e-001
 3.2327896e-001
 3.2272163e-001
 3.2219097e-001
 3.2168373e-001
 3.2120413e-001
 3.2076162e-001
 3.2036382e-001
 3.2000756e-001
 3.1968257e-001
 3.1937936e-001
 3.1909534e-001
 3.1883359e-001
 3.1859601e-001
 3.1838340e-001
 3.1819549e-001
 3.1803271e-001
 3.1789479e-001
 3.1778273e-001
 3.1769738e-001
 3.1763956e-001
 3.1761038e-001
 3.1761172e-001
 3.1764960e-001
 3.1773272e-001
 3.1786951e-001
 3.1805727e-001
 3.1828624e-001
 3.1854787e-001
 3.1884372e-001
 3.1917980e-001
 3.1956059e-001
 3.1997189e-001
 3.2038704e-001
 3.2078323e-001
 3.2116368e-001
 3.2154855e-001
 3.2195523e-001
 3.2238683e-001
 3.2283556e-001
 3.2329488e-001
 3.2375935e-001
 3.2422507e-001
 3.2468933e-001
 3.2515958e-001
 3.2564950e-001
 3.2617211e-001
 3.2673162e-001
 3.2732609e-001
 3.2795444e-001
 3.2861444e-001
 3.2930422e-001
 3.3002084e-001
 3.3076468e-001
 3.3153600e-001
 3.3233413e-001
 3.3314276e-001
 3.3393723e-001
 3.3469465e-001
 3.3541840e-001
 3.3612576e-001
 3.3683464e-001
 3.3754665e-001
 3.3825624e-001
 3.3895916e-001
 3.3966392e-001
 3.4038714e-001
 3.4114459e-001
 3.4193376e-001
 3.4274128e-001
 3.4355459e-001
 3.4436247e-001
 3.4515476e-001
 3.4592310e-001
 3.4667388e-001
 3.4742251e-001
 3.4818217e-001
 3.4893891e-001
 3.4966376e-001
 3.5032991e-001
 3.5095084e-001
 3.5156390e-001
 3.5220137e-001
 3.5286883e-001
 3.5355422e-001
 3.5424507e-001
 3.5493809e-001
 3.5563359e-001
 3.5633165e-001
 3.5701954e-001
 3.5767823e-001
 3.5829133e-001
 3.5887370e-001
 3.5946044e-001
 3.6008185e-001
 3.6072922e-001
 3.6137033e-001
 3.6197543e-001
 3.6254498e-001
 3.6309445e-001
 3.6363897e-001
 3.6418030e-001
 3.6471006e-001
 3.6522174e-001
 3.6572525e-001
 3.6623785e-001
 3.6677667e-001
 3.6733708e-001
 3.6790270e-001
 3.6845705e-001
 3.6898941e-001
 3.6949173e-001
 3.6995652e-001
 3.7038863e-001
 3.7079966e-001
 3.7119997e-001
 3.7160522e-001
 3.7203330e-001
 3.7249732e-001
 3.7297457e-001
 3.7341961e-001
 3.7379175e-001
 3.7409541e-001
 3.7436095e-001
 3.7461767e-001
 3.7486577e-001
 3.7508863e-001
 3.7526980e-001
 3.7540084e-001
 3.7547731e-001
 3.7549534e-001
 3.7545845e-001
 3.7537247e-001
 3.7524322e-001
 3.7506536e-001
 3.7482575e-001
 3.7451166e-001
 3.7411320e-001
 3.7362197e-001
 3.7303117e-001
 3.7236014e-001
 3.7164217e-001
 3.7090665e-001
 3.7013993e-001
 3.6930412e-001
 3.6836284e-001
 3.6730745e-001
 3.6614504e-001
 3.6488405e-001
 3.6353815e-001
 3.6212337e-001
 3.6065492e-001
 3.5913736e-001
 3.5756814e-001
 3.5594356e-001
 3.5425755e-001
 3.5250047e-001
 3.5066372e-001
 3.4875301e-001
 3.4678110e-001
 3.4476185e-001
 3.4270653e-001
 3.4062910e-001
 3.3853975e-001
 3.3643416e-001
 3.3430064e-001
 3.3212695e-001
 3.2992446e-001
 3.2771465e-001
 3.2552153e-001
 3.2335699e-001
 3.2122678e-001
 3.1913891e-001
 3.1710058e-001
 3.1512031e-001
 3.1320658e-001
 3.1135479e-001
 3.0955291e-001
 3.0779079e-001
 3.0606979e-001
 3.0439651e-001
 3.0278030e-001
 3.0124968e-001
 2.9984370e-001
 2.9859740e-001
 2.9750624e-001
 2.9654229e-001
 2.9567933e-001
 2.9492843e-001
 2.9432115e-001
 2.9388735e-001
 2.9364184e-001
 2.9358998e-001
 2.9373458e-001
 2.9404634e-001
 2.9447809e-001
 2.9498389e-001
 2.9554105e-001
 2.9614040e-001
 2.9677215e-001
 2.9743177e-001
 2.9811665e-001
 2.9882261e-001
 2.9953033e-001
 3.0021077e-001
 3.0083725e-001
 3.0140513e-001
 3.0192149e-001
 3.0239198e-001
 3.0279350e-001
 3.0308744e-001
 3.0323759e-001
 3.0324098e-001
 3.0311373e-001
 3.0287248e-001
 3.0253506e-001
 3.0212110e-001
 3.0164859e-001
 3.0112383e-001
 3.0054802e-001
 2.9992214e-001
 2.9926619e-001
 2.9861003e-001
 2.9798120e-001
 2.9738390e-001
 2.9680890e-001
 2.9624549e-001
 2.9567382e-001
 2.9506811e-001
 2.9440704e-001
 2.9370496e-001
 2.9299775e-001
 2.9231960e-001
 2.9167086e-001
 2.9103279e-001
 2.9038751e-001
 2.8972381e-001
 2.8903303e-001
 2.8830984e-001
 2.8757426e-001
 2.8686026e-001
 2.8619960e-001
 2.8560209e-001
 2.8506339e-001
 2.8457814e-001
 2.8413245e-001
 2.8370833e-001
 2.8328860e-001
 2.8287882e-001
 2.8249711e-001
 2.8216034e-001
 2.8186715e-001
 2.8160620e-001
 2.8136671e-001
 2.8115278e-001
 2.8097826e-001
 2.8085485e-001
 2.8078270e-001
 2.8075573e-001
 2.8076774e-001
 2.8082135e-001
 2.8092402e-001
 2.8108126e-001
 2.8127539e-001
 2.8147563e-001
 2.8165418e-001
 2.8181759e-001
 2.8199252e-001
 2.8220233e-001
 2.8243253e-001
 2.8264645e-001
 2.8281146e-001
 2.8293273e-001
 2.8303853e-001
 2.8315729e-001
 2.8331718e-001
 2.8354558e-001
 2.8386626e-001
 2.8425142e-001
 2.8464478e-001
 2.8499103e-001
 2.8525034e-001
 2.8539342e-001
 2.8539583e-001
 2.8529531e-001
 2.8516519e-001
 2.8507462e-001
 2.8504878e-001
 2.8508598e-001
 2.8518370e-001
 2.8532425e-001
 2.8548366e-001
 2.8563830e-001
 2.8579164e-001
 2.8596121e-001
 2.8616360e-001
 2.8640193e-001
 2.8667057e-001
 2.8696293e-001
 2.8725371e-001
 2.8750777e-001
 2.8769505e-001
 2.8783861e-001
 2.8799370e-001
 2.8821051e-001
 2.8848913e-001
 2.8879893e-001
 2.8910860e-001
 2.8938362e-001
 2.8958651e-001
 2.8968590e-001
 2.8971034e-001
 2.8972310e-001
 2.8978300e-001
 2.8989378e-001
 2.9002672e-001
 2.9015437e-001
 2.9026848e-001
 2.9037109e-001
 2.9046252e-001
 2.9051757e-001
 2.9049578e-001
 2.9036236e-001
 2.9013312e-001
 2.8985390e-001
 2.8956562e-001
 2.8925660e-001
 2.8888318e-001
 2.8840515e-001
 2.8782314e-001
 2.8716075e-001
 2.8644222e-001
 2.8569630e-001
 2.8495246e-001
 2.8423887e-001
 2.8356364e-001
 2.8292084e-001
 2.8230241e-001
 2.8165904e-001
 2.8091991e-001
 2.8002229e-001
 2.7900186e-001
 2.7795357e-001
 2.7696356e-001
 2.7602997e-001
 2.7509961e-001
 2.7412063e-001
 2.7307320e-001
 2.7195495e-001
 2.7076820e-001
 2.6954615e-001
 2.6834109e-001
 2.6720020e-001
 2.6611313e-001
 2.6503459e-001
 2.6391995e-001
 2.6272982e-001
 2.6142710e-001
 2.5998133e-001
 2.5842437e-001
 2.5682440e-001
 2.5524619e-001
 2.5371945e-001
 2.5225106e-001
 2.5084582e-001
 2.4949087e-001
 2.4816144e-001
 2.4683127e-001
 2.4545921e-001
 2.4399628e-001
 2.4239980e-001
 2.4069828e-001
 2.3896483e-001
 2.3727411e-001
 2.3572639e-001
 2.3443903e-001
 2.3350359e-001
 2.3276044e-001
 2.3190188e-001
 2.3064840e-001
 2.2902749e-001
 2.2724754e-001
 2.2550786e-001
 2.2386450e-001
 2.2229113e-001
 2.2075832e-001
 2.1920590e-001
 2.1755669e-001
 2.1575104e-001
 2.1391951e-001
 2.1230234e-001
 2.1112444e-001
 2.1043484e-001
 2.1017775e-001
 2.1028335e-001
 2.1054712e-001
 2.1068533e-001
 2.1044342e-001
 2.0987442e-001
 2.0921397e-001
 2.0868289e-001
 2.0833343e-001
 2.0811768e-001
 2.0797907e-001
 2.0777696e-001
 2.0732208e-001
 2.0645927e-001
 2.0538962e-001
 2.0452406e-001
 2.0422721e-001
 2.0434302e-001
 2.0441000e-001
 2.0402625e-001
 2.0345213e-001
 2.0333792e-001
 2.0427686e-001
 2.0621517e-001
 2.0871842e-001
 2.1137267e-001
-1.2300000e+034
