s07_ASD Record=17994: Cedar_Shake GDS360 H Weamoss ASDFRa AREF
-1.2300000e+034
 4.5444489e-002
 4.5447603e-002
 4.5512654e-002
 4.5609690e-002
 4.5720208e-002
 4.5849625e-002
 4.5981575e-002
 4.6087015e-002
 4.6141289e-002
 4.6165619e-002
 4.6208598e-002
 4.6314150e-002
 4.6473049e-002
 4.6644721e-002
 4.6791479e-002
 4.6910908e-002
 4.7021203e-002
 4.7140278e-002
 4.7279004e-002
 4.7443904e-002
 4.7639493e-002
 4.7851495e-002
 4.8054632e-002
 4.8225995e-002
 4.8370935e-002
 4.8511297e-002
 4.8667904e-002
 4.8846908e-002
 4.9045630e-002
 4.9261007e-002
 4.9484763e-002
 4.9705468e-002
 4.9913473e-002
 5.0115224e-002
 5.0326623e-002
 5.0561611e-002
 5.0813191e-002
 5.1062040e-002
 5.1290698e-002
 5.1503323e-002
 5.1716723e-002
 5.1946063e-002
 5.2187998e-002
 5.2428227e-002
 5.2654225e-002
 5.2872084e-002
 5.3098947e-002
 5.3349916e-002
 5.3618405e-002
 5.3884942e-002
 5.4131735e-002
 5.4359436e-002
 5.4579780e-002
 5.4803446e-002
 5.5029180e-002
 5.5249009e-002
 5.5455919e-002
 5.5655841e-002
 5.5862382e-002
 5.6087784e-002
 5.6329805e-002
 5.6577787e-002
 5.6821708e-002
 5.7060771e-002
 5.7299320e-002
 5.7541348e-002
 5.7783790e-002
 5.8019713e-002
 5.8242843e-002
 5.8455784e-002
 5.8665987e-002
 5.8880959e-002
 5.9104946e-002
 5.9340578e-002
 5.9589840e-002
 5.9849638e-002
 6.0113955e-002
 6.0377046e-002
 6.0636461e-002
 6.0891874e-002
 6.1143223e-002
 6.1393160e-002
 6.1646160e-002
 6.1906096e-002
 6.2171720e-002
 6.2438831e-002
 6.2703453e-002
 6.2965438e-002
 6.3226722e-002
 6.3489199e-002
 6.3753381e-002
 6.4018868e-002
 6.4285077e-002
 6.4549580e-002
 6.4808674e-002
 6.5059297e-002
 6.5303713e-002
 6.5547362e-002
 6.5795012e-002
 6.6044942e-002
 6.6291384e-002
 6.6529259e-002
 6.6759683e-002
 6.6987753e-002
 6.7217998e-002
 6.7449480e-002
 6.7678049e-002
 6.7899987e-002
 6.8115421e-002
 6.8326905e-002
 6.8536624e-002
 6.8744600e-002
 6.8949319e-002
 6.9149733e-002
 6.9347382e-002
 6.9545642e-002
 6.9747224e-002
 6.9950111e-002
 7.0149057e-002
 7.0339620e-002
 7.0524089e-002
 7.0708729e-002
 7.0899285e-002
 7.1095042e-002
 7.1291454e-002
 7.1484238e-002
 7.1673572e-002
 7.1862139e-002
 7.2052509e-002
 7.2246328e-002
 7.2444931e-002
 7.2649278e-002
 7.2858378e-002
 7.3069826e-002
 7.3281765e-002
 7.3495246e-002
 7.3713355e-002
 7.3938683e-002
 7.4170552e-002
 7.4405812e-002
 7.4641794e-002
 7.4878246e-002
 7.5116314e-002
 7.5357385e-002
 7.5602822e-002
 7.5854272e-002
 7.6112986e-002
 7.6377325e-002
 7.6643869e-002
 7.6909252e-002
 7.7173188e-002
 7.7436596e-002
 7.7700719e-002
 7.7966414e-002
 7.8234561e-002
 7.8505762e-002
 7.8779981e-002
 7.9056524e-002
 7.9334773e-002
 7.9614587e-002
 7.9896316e-002
 8.0180153e-002
 8.0465235e-002
 8.0750450e-002
 8.1034616e-002
 8.1318744e-002
 8.1605054e-002
 8.1895381e-002
 8.2188644e-002
 8.2482025e-002
 8.2772776e-002
 8.3060116e-002
 8.3344303e-002
 8.3625682e-002
 8.3905414e-002
 8.4185190e-002
 8.4466450e-002
 8.4748171e-002
 8.5027918e-002
 8.5303396e-002
 8.5574277e-002
 8.5841320e-002
 8.6105369e-002
 8.6367473e-002
 8.6628847e-002
 8.6890548e-002
 8.7151669e-002
 8.7410107e-002
 8.7664053e-002
 8.7914012e-002
 8.8161804e-002
 8.8409252e-002
 8.8657260e-002
 8.8906176e-002
 8.9156218e-002
 8.9405872e-002
 8.9652576e-002
 8.9894071e-002
 9.0131395e-002
 9.0367377e-002
 9.0604685e-002
 9.0842724e-002
 9.1079041e-002
 9.1311350e-002
 9.1539592e-002
 9.1764979e-002
 9.1988660e-002
 9.2210211e-002
 9.2428423e-002
 9.2642166e-002
 9.2851289e-002
 9.3056209e-002
 9.3257330e-002
 9.3454517e-002
 9.3647361e-002
 9.3835548e-002
 9.4019562e-002
 9.4200402e-002
 9.4378918e-002
 9.4555311e-002
 9.4729193e-002
 9.4900332e-002
 9.5068939e-002
 9.5235564e-002
 9.5400646e-002
 9.5563807e-002
 9.5724165e-002
 9.5880888e-002
 9.6034013e-002
 9.6184030e-002
 9.6331365e-002
 9.6475594e-002
 9.6615694e-002
 9.6750788e-002
 9.6881226e-002
 9.7008139e-002
 9.7132653e-002
 9.7256012e-002
 9.7379550e-002
 9.7504430e-002
 9.7630076e-002
 9.7754814e-002
 9.7877137e-002
 9.7997114e-002
 9.8115750e-002
 9.8233849e-002
 9.8350242e-002
 9.8462611e-002
 9.8569013e-002
 9.8671563e-002
 9.8774768e-002
 9.8882765e-002
 9.8995410e-002
 9.9110089e-002
 9.9224351e-002
 9.9337958e-002
 9.9451944e-002
 9.9567346e-002
 9.9684365e-002
 9.9802867e-002
 9.9922568e-002
 1.0004254e-001
 1.0016147e-001
 1.0027822e-001
 1.0039315e-001
 1.0050756e-001
 1.0062271e-001
 1.0073882e-001
 1.0085559e-001
 1.0097274e-001
 1.0109068e-001
 1.0121016e-001
 1.0133195e-001
 1.0145628e-001
 1.0158315e-001
 1.0171252e-001
 1.0184456e-001
 1.0197985e-001
 1.0211851e-001
 1.0225929e-001
 1.0240042e-001
 1.0253984e-001
 1.0267585e-001
 1.0280735e-001
 1.0293281e-001
 1.0305128e-001
 1.0316149e-001
 1.0326263e-001
 1.0335371e-001
 1.0343436e-001
 1.0350393e-001
 1.0356405e-001
 1.0361707e-001
 1.0366534e-001
 1.0371097e-001
 1.0375532e-001
 1.0380024e-001
 1.0384782e-001
 1.0390113e-001
 1.0396254e-001
 1.0403191e-001
 1.0410790e-001
 1.0418870e-001
 1.0427173e-001
 1.0435417e-001
 1.0443296e-001
 1.0450605e-001
 1.0457180e-001
 1.0462905e-001
 1.0467800e-001
 1.0472005e-001
 1.0475667e-001
 1.0479058e-001
 1.0482520e-001
 1.0486382e-001
 1.0490812e-001
 1.0495887e-001
 1.0501688e-001
 1.0508368e-001
 1.0516126e-001
 1.0525151e-001
 1.0535529e-001
 1.0547293e-001
 1.0560453e-001
 1.0574849e-001
 1.0590219e-001
 1.0606323e-001
 1.0623167e-001
 1.0640895e-001
 1.0659675e-001
 1.0679783e-001
 1.0701585e-001
 1.0725442e-001
 1.0751666e-001
 1.0780581e-001
 1.0812508e-001
 1.0847740e-001
 1.0886555e-001
 1.0929193e-001
 1.0975357e-001
 1.1024450e-001
 1.1075854e-001
 1.1129098e-001
 1.1183755e-001
 1.1239424e-001
 1.1295810e-001
 1.1352691e-001
 1.1409830e-001
 1.1466989e-001
 1.1523873e-001
 1.1580251e-001
 1.1636042e-001
 1.1691280e-001
 1.1745981e-001
 1.1800122e-001
 1.1853640e-001
 1.1906470e-001
 1.1958480e-001
 1.2009509e-001
 1.2059405e-001
 1.2108134e-001
 1.2155736e-001
 1.2202253e-001
 1.2247769e-001
 1.2292402e-001
 1.2336257e-001
 1.2379288e-001
 1.2421354e-001
 1.2462347e-001
 1.2502354e-001
 1.2541594e-001
 1.2580271e-001
 1.2618488e-001
 1.2656277e-001
 1.2693675e-001
 1.2730657e-001
 1.2767169e-001
 1.2803161e-001
 1.2838680e-001
 1.2873822e-001
 1.2908691e-001
 1.2943327e-001
 1.2977758e-001
 1.3011995e-001
 1.3045976e-001
 1.3079596e-001
 1.3112766e-001
 1.3145597e-001
 1.3178325e-001
 1.3211156e-001
 1.3244058e-001
 1.3276853e-001
 1.3309382e-001
 1.3341647e-001
 1.3373758e-001
 1.3405810e-001
 1.3437869e-001
 1.3469963e-001
 1.3502114e-001
 1.3534229e-001
 1.3566141e-001
 1.3597697e-001
 1.3628922e-001
 1.3659902e-001
 1.3690792e-001
 1.3721660e-001
 1.3752583e-001
 1.3783619e-001
 1.3814729e-001
 1.3845807e-001
 1.3876769e-001
 1.3907678e-001
 1.3938706e-001
 1.3969994e-001
 1.4001471e-001
 1.4032941e-001
 1.4064223e-001
 1.4095379e-001
 1.4126614e-001
 1.4158101e-001
 1.4189737e-001
 1.4221244e-001
 1.4252380e-001
 1.4283250e-001
 1.4314167e-001
 1.4345412e-001
 1.4376950e-001
 1.4408554e-001
 1.4440013e-001
 1.4471321e-001
 1.4502582e-001
 1.4533904e-001
 1.4565367e-001
 1.4597023e-001
 1.4628917e-001
 1.4660959e-001
 1.4692982e-001
 1.4724833e-001
 1.4756586e-001
 1.4788447e-001
 1.4820606e-001
 1.4853032e-001
 1.4885570e-001
 1.4918090e-001
 1.4950581e-001
 1.4983158e-001
 1.5015934e-001
 1.5048905e-001
 1.5082014e-001
 1.5115222e-001
 1.5148486e-001
 1.5181789e-001
 1.5215121e-001
 1.5248568e-001
 1.5282279e-001
 1.5316382e-001
 1.5350832e-001
 1.5385459e-001
 1.5420122e-001
 1.5454856e-001
 1.5489811e-001
 1.5525116e-001
 1.5560767e-001
 1.5596661e-001
 1.5632708e-001
 1.5668878e-001
 1.5705185e-001
 1.5741621e-001
 1.5778141e-001
 1.5814672e-001
 1.5851153e-001
 1.5887702e-001
 1.5924548e-001
 1.5961879e-001
 1.5999663e-001
 1.6037720e-001
 1.6075879e-001
 1.6114020e-001
 1.6152081e-001
 1.6190001e-001
 1.6227923e-001
 1.6266088e-001
 1.6304725e-001
 1.6343723e-001
 1.6382806e-001
 1.6421716e-001
 1.6460395e-001
 1.6498911e-001
 1.6537341e-001
 1.6575776e-001
 1.6614309e-001
 1.6653037e-001
 1.6691963e-001
 1.6731043e-001
 1.6770226e-001
 1.6809429e-001
 1.6848555e-001
 1.6887520e-001
 1.6926397e-001
 1.6965374e-001
 1.7004614e-001
 1.7044033e-001
 1.7083415e-001
 1.7122562e-001
 1.7161615e-001
 1.7200901e-001
 1.7240705e-001
 1.7280835e-001
 1.7320877e-001
 1.7360413e-001
 1.7399536e-001
 1.7438628e-001
 1.7478040e-001
 1.7517740e-001
 1.7557479e-001
 1.7597038e-001
 1.7636557e-001
 1.7676391e-001
 1.7716864e-001
 1.7757910e-001
 1.7799240e-001
 1.7840576e-001
 1.7881852e-001
 1.7923112e-001
 1.7964414e-001
 1.8005821e-001
 1.8047412e-001
 1.8089253e-001
 1.8131323e-001
 1.8173556e-001
 1.8215890e-001
 1.8258302e-001
 1.8300799e-001
 1.8343377e-001
 1.8386024e-001
 1.8428700e-001
 1.8471386e-001
 1.8514195e-001
 1.8557318e-001
 1.8600930e-001
 1.8644950e-001
 1.8689145e-001
 1.8733306e-001
 1.8777424e-001
 1.8821608e-001
 1.8865970e-001
 1.8910564e-001
 1.8955404e-001
 1.9000497e-001
 1.9045742e-001
 1.9090904e-001
 1.9135831e-001
 1.9180644e-001
 1.9225618e-001
 1.9271021e-001
 1.9316868e-001
 1.9363040e-001
 1.9409402e-001
 1.9455788e-001
 1.9502009e-001
 1.9547909e-001
 1.9593604e-001
 1.9639386e-001
 1.9685508e-001
 1.9732016e-001
 1.9778800e-001
 1.9825757e-001
 1.9872756e-001
 1.9919665e-001
 1.9966359e-001
 2.0012914e-001
 2.0059513e-001
 2.0106329e-001
 2.0153373e-001
 2.0200583e-001
 2.0247880e-001
 2.0295128e-001
 2.0342150e-001
 2.0388795e-001
 2.0435174e-001
 2.0481539e-001
 2.0528130e-001
 2.0574971e-001
 2.0621948e-001
 2.0668970e-001
 2.0716120e-001
 2.0763585e-001
 2.0811515e-001
 2.0859651e-001
 2.0907509e-001
 2.0954628e-001
 2.1001041e-001
 2.1047053e-001
 2.1092950e-001
 2.1138886e-001
 2.1184924e-001
 2.1231127e-001
 2.1277541e-001
 2.1324226e-001
 2.1371216e-001
 2.1418346e-001
 2.1465315e-001
 2.1511914e-001
 2.1558082e-001
 2.1603931e-001
 2.1649571e-001
 2.1695091e-001
 2.1740560e-001
 2.1786052e-001
 2.1831542e-001
 2.1876951e-001
 2.1922198e-001
 2.1967216e-001
 2.2012003e-001
 2.2056505e-001
 2.2100738e-001
 2.2144757e-001
 2.2188613e-001
 2.2232428e-001
 2.2276370e-001
 2.2320573e-001
 2.2364894e-001
 2.2409028e-001
 2.2452694e-001
 2.2495975e-001
 2.2539139e-001
 2.2582491e-001
 2.2625908e-001
 2.2669107e-001
 2.2711828e-001
 2.2754207e-001
 2.2796609e-001
 2.2839372e-001
 2.2882521e-001
 2.2925927e-001
 2.2969384e-001
 2.3012736e-001
 2.3055770e-001
 2.3098324e-001
 2.3140702e-001
 2.3183440e-001
 2.3226959e-001
 2.3270169e-001
 2.3311085e-001
 2.3348264e-001
 2.3385575e-001
 2.3430127e-001
 2.3487096e-001
 2.3541591e-001
 2.3566903e-001
 2.3539764e-001
 2.3474886e-001
 2.3409297e-001
 2.3380271e-001
 2.3406172e-001
 2.3463452e-001
 2.3522918e-001
 2.3566505e-001
 2.3601134e-001
 2.3637089e-001
 2.3680419e-001
 2.3727953e-001
 2.3775293e-001
 2.3819436e-001
 2.3860806e-001
 2.3900267e-001
 2.3938784e-001
 2.3977797e-001
 2.4018773e-001
 2.4061756e-001
 2.4103786e-001
 2.4141502e-001
 2.4173848e-001
 2.4205084e-001
 2.4240164e-001
 2.4281541e-001
 2.4326101e-001
 2.4370028e-001
 2.4411234e-001
 2.4451791e-001
 2.4494269e-001
 2.4539530e-001
 2.4584608e-001
 2.4626017e-001
 2.4662223e-001
 2.4696159e-001
 2.4731264e-001
 2.4769516e-001
 2.4809527e-001
 2.4849463e-001
 2.4888150e-001
 2.4925698e-001
 2.4962504e-001
 2.4998975e-001
 2.5035888e-001
 2.5073943e-001
 2.5113216e-001
 2.5152254e-001
 2.5189379e-001
 2.5224090e-001
 2.5258332e-001
 2.5294465e-001
 2.5333607e-001
 2.5374258e-001
 2.5414503e-001
 2.5453088e-001
 2.5490209e-001
 2.5526240e-001
 2.5561646e-001
 2.5596896e-001
 2.5632456e-001
 2.5668660e-001
 2.5705320e-001
 2.5742155e-001
 2.5779027e-001
 2.5815779e-001
 2.5852296e-001
 2.5888509e-001
 2.5924397e-001
 2.5959986e-001
 2.5995299e-001
 2.6030436e-001
 2.6065511e-001
 2.6100624e-001
 2.6135826e-001
 2.6171198e-001
 2.6206699e-001
 2.6242325e-001
 2.6277959e-001
 2.6313543e-001
 2.6348886e-001
 2.6383787e-001
 2.6418048e-001
 2.6451409e-001
 2.6483536e-001
 2.6514798e-001
 2.6546824e-001
 2.6581454e-001
 2.6619262e-001
 2.6658043e-001
 2.6695251e-001
 2.6729450e-001
 2.6762003e-001
 2.6794568e-001
 2.6828191e-001
 2.6862416e-001
 2.6896670e-001
 2.6930493e-001
 2.6963782e-001
 2.6996529e-001
 2.7028826e-001
 2.7061278e-001
 2.7094489e-001
 2.7128783e-001
 2.7163702e-001
 2.7198792e-001
 2.7233502e-001
 2.7267447e-001
 2.7300137e-001
 2.7331480e-001
 2.7362150e-001
 2.7392903e-001
 2.7424335e-001
 2.7456433e-001
 2.7489126e-001
 2.7522185e-001
 2.7555126e-001
 2.7587327e-001
 2.7618498e-001
 2.7648938e-001
 2.7679020e-001
 2.7709100e-001
 2.7739644e-001
 2.7771074e-001
 2.7803478e-001
 2.7836108e-001
 2.7868167e-001
 2.7899230e-001
 2.7929658e-001
 2.7960026e-001
 2.7990603e-001
 2.8021210e-001
 2.8051674e-001
 2.8081784e-001
 2.8111598e-001
 2.8141209e-001
 2.8170630e-001
 2.8199637e-001
 2.8227913e-001
 2.8255507e-001
 2.8282943e-001
 2.8310788e-001
 2.8339395e-001
 2.8368747e-001
 2.8398582e-001
 2.8428763e-001
 2.8458980e-001
 2.8488952e-001
 2.8518409e-001
 2.8546959e-001
 2.8574136e-001
 2.8599879e-001
 2.8624925e-001
 2.8649983e-001
 2.8675649e-001
 2.8701881e-001
 2.8728509e-001
 2.8755409e-001
 2.8782183e-001
 2.8808489e-001
 2.8834090e-001
 2.8859180e-001
 2.8883961e-001
 2.8908676e-001
 2.8933534e-001
 2.8958827e-001
 2.8984532e-001
 2.9010472e-001
 2.9036295e-001
 2.9061803e-001
 2.9087108e-001
 2.9112363e-001
 2.9137522e-001
 2.9162109e-001
 2.9185614e-001
 2.9207918e-001
 2.9229847e-001
 2.9252335e-001
 2.9275790e-001
 2.9299262e-001
 2.9321733e-001
 2.9342747e-001
 2.9363289e-001
 2.9384485e-001
 2.9406941e-001
 2.9430127e-001
 2.9453284e-001
 2.9476088e-001
 2.9499009e-001
 2.9522598e-001
 2.9547045e-001
 2.9571542e-001
 2.9595229e-001
 2.9617715e-001
 2.9639766e-001
 2.9662257e-001
 2.9685789e-001
 2.9710007e-001
 2.9734540e-001
 2.9759040e-001
 2.9783523e-001
 2.9807922e-001
 2.9832342e-001
 2.9857051e-001
 2.9882252e-001
 2.9908046e-001
 2.9934117e-001
 2.9960081e-001
 2.9985696e-001
 3.0011120e-001
 3.0036539e-001
 3.0062094e-001
 3.0087852e-001
 3.0113885e-001
 3.0140221e-001
 3.0166668e-001
 3.0192965e-001
 3.0219051e-001
 3.0245176e-001
 3.0271578e-001
 3.0298439e-001
 3.0325776e-001
 3.0353498e-001
 3.0381587e-001
 3.0409810e-001
 3.0437955e-001
 3.0465874e-001
 3.0493578e-001
 3.0521119e-001
 3.0548528e-001
 3.0576038e-001
 3.0603954e-001
 3.0632365e-001
 3.0661014e-001
 3.0689681e-001
 3.0718103e-001
 3.0745944e-001
 3.0772936e-001
 3.0799061e-001
 3.0824921e-001
 3.0851251e-001
 3.0878422e-001
 3.0906156e-001
 3.0934095e-001
 3.0961931e-001
 3.0989608e-001
 3.1017029e-001
 3.1044155e-001
 3.1070951e-001
 3.1097391e-001
 3.1123441e-001
 3.1149101e-001
 3.1174317e-001
 3.1199139e-001
 3.1223828e-001
 3.1248653e-001
 3.1273794e-001
 3.1299022e-001
 3.1324124e-001
 3.1348926e-001
 3.1373402e-001
 3.1397486e-001
 3.1421274e-001
 3.1445220e-001
 3.1469759e-001
 3.1495041e-001
 3.1520545e-001
 3.1545657e-001
 3.1569907e-001
 3.1593385e-001
 3.1616244e-001
 3.1638655e-001
 3.1661054e-001
 3.1683850e-001
 3.1707278e-001
 3.1731263e-001
 3.1755629e-001
 3.1780270e-001
 3.1804979e-001
 3.1829539e-001
 3.1853899e-001
 3.1878072e-001
 3.1902155e-001
 3.1926221e-001
 3.1949997e-001
 3.1973302e-001
 3.1996116e-001
 3.2018891e-001
 3.2042107e-001
 3.2066047e-001
 3.2090193e-001
 3.2114065e-001
 3.2137311e-001
 3.2160255e-001
 3.2183182e-001
 3.2206282e-001
 3.2229370e-001
 3.2252115e-001
 3.2274511e-001
 3.2296887e-001
 3.2319650e-001
 3.2342958e-001
 3.2366183e-001
 3.2388639e-001
 3.2409921e-001
 3.2430461e-001
 3.2450804e-001
 3.2471257e-001
 3.2491773e-001
 3.2512257e-001
 3.2532603e-001
 3.2552770e-001
 3.2572627e-001
 3.2592180e-001
 3.2611603e-001
 3.2631078e-001
 3.2650775e-001
 3.2670668e-001
 3.2690814e-001
 3.2711047e-001
 3.2730719e-001
 3.2749256e-001
 3.2766336e-001
 3.2782453e-001
 3.2798216e-001
 3.2814044e-001
 3.2829818e-001
 3.2845420e-001
 3.2860687e-001
 3.2875544e-001
 3.2889825e-001
 3.2903472e-001
 3.2916442e-001
 3.2928821e-001
 3.2940599e-001
 3.2951838e-001
 3.2962522e-001
 3.2972708e-001
 3.2982492e-001
 3.2992017e-001
 3.3001217e-001
 3.3009744e-001
 3.3017161e-001
 3.3023328e-001
 3.3028731e-001
 3.3033854e-001
 3.3039048e-001
 3.3043820e-001
 3.3047771e-001
 3.3050773e-001
 3.3053464e-001
 3.3056596e-001
 3.3060530e-001
 3.3064562e-001
 3.3067873e-001
 3.3070189e-001
 3.3072260e-001
 3.3075061e-001
 3.3079070e-001
 3.3083904e-001
 3.3088967e-001
 3.3093920e-001
 3.3098900e-001
 3.3103937e-001
 3.3109233e-001
 3.3114889e-001
 3.3121058e-001
 3.3127820e-001
 3.3135059e-001
 3.3142820e-001
 3.3150959e-001
 3.3159357e-001
 3.3167934e-001
 3.3176544e-001
 3.3184925e-001
 3.3192891e-001
 3.3200234e-001
 3.3206922e-001
 3.3212996e-001
 3.3218291e-001
 3.3222547e-001
 3.3225504e-001
 3.3227053e-001
 3.3227459e-001
 3.3227113e-001
 3.3226094e-001
 3.3224022e-001
 3.3220413e-001
 3.3214954e-001
 3.3207875e-001
 3.3199435e-001
 3.3189735e-001
 3.3178654e-001
 3.3165953e-001
 3.3151510e-001
 3.3135068e-001
 3.3116454e-001
 3.3095607e-001
 3.3072704e-001
 3.3047932e-001
 3.3021376e-001
 3.2992965e-001
 3.2962590e-001
 3.2930085e-001
 3.2895282e-001
 3.2857975e-001
 3.2818213e-001
 3.2776457e-001
 3.2733208e-001
 3.2688889e-001
 3.2643753e-001
 3.2597986e-001
 3.2551917e-001
 3.2506275e-001
 3.2461727e-001
 3.2418758e-001
 3.2377303e-001
 3.2337111e-001
 3.2298169e-001
 3.2260522e-001
 3.2224286e-001
 3.2189488e-001
 3.2155910e-001
 3.2123330e-001
 3.2091653e-001
 3.2061136e-001
 3.2032073e-001
 3.2004634e-001
 3.1978717e-001
 3.1954154e-001
 3.1931031e-001
 3.1909618e-001
 3.1890371e-001
 3.1873441e-001
 3.1858632e-001
 3.1845644e-001
 3.1834218e-001
 3.1824347e-001
 3.1815895e-001
 3.1808898e-001
 3.1803399e-001
 3.1799418e-001
 3.1796959e-001
 3.1795928e-001
 3.1796151e-001
 3.1797522e-001
 3.1799850e-001
 3.1802979e-001
 3.1806758e-001
 3.1811097e-001
 3.1815913e-001
 3.1821075e-001
 3.1826478e-001
 3.1832054e-001
 3.1837732e-001
 3.1843680e-001
 3.1850085e-001
 3.1857049e-001
 3.1864557e-001
 3.1872517e-001
 3.1880763e-001
 3.1889158e-001
 3.1897509e-001
 3.1905738e-001
 3.1914207e-001
 3.1923372e-001
 3.1933409e-001
 3.1944156e-001
 3.1955367e-001
 3.1966749e-001
 3.1978068e-001
 3.1989160e-001
 3.1999904e-001
 3.2010838e-001
 3.2022390e-001
 3.2034865e-001
 3.2047963e-001
 3.2061398e-001
 3.2074928e-001
 3.2088545e-001
 3.2102263e-001
 3.2116175e-001
 3.2130283e-001
 3.2144704e-001
 3.2159480e-001
 3.2174748e-001
 3.2190505e-001
 3.2206821e-001
 3.2223490e-001
 3.2240421e-001
 3.2257456e-001
 3.2274750e-001
 3.2292342e-001
 3.2310325e-001
 3.2328734e-001
 3.2347459e-001
 3.2366553e-001
 3.2386008e-001
 3.2405800e-001
 3.2426003e-001
 3.2446617e-001
 3.2467565e-001
 3.2488915e-001
 3.2510799e-001
 3.2533312e-001
 3.2556438e-001
 3.2579878e-001
 3.2603317e-001
 3.2626456e-001
 3.2649368e-001
 3.2672054e-001
 3.2694575e-001
 3.2717040e-001
 3.2739589e-001
 3.2762206e-001
 3.2784832e-001
 3.2807294e-001
 3.2829413e-001
 3.2850951e-001
 3.2871646e-001
 3.2891354e-001
 3.2910255e-001
 3.2928476e-001
 3.2946262e-001
 3.2963982e-001
 3.2982033e-001
 3.3000559e-001
 3.3019185e-001
 3.3037388e-001
 3.3054829e-001
 3.3071646e-001
 3.3087921e-001
 3.3103833e-001
 3.3119664e-001
 3.3135623e-001
 3.3151874e-001
 3.3168113e-001
 3.3183983e-001
 3.3199424e-001
 3.3214763e-001
 3.3230430e-001
 3.3246490e-001
 3.3262491e-001
 3.3277771e-001
 3.3292192e-001
 3.3306429e-001
 3.3321303e-001
 3.3337215e-001
 3.3353636e-001
 3.3369902e-001
 3.3385667e-001
 3.3401144e-001
 3.3416751e-001
 3.3432668e-001
 3.3448800e-001
 3.3464974e-001
 3.3481064e-001
 3.3496740e-001
 3.3511692e-001
 3.3525804e-001
 3.3539408e-001
 3.3552873e-001
 3.3566496e-001
 3.3580133e-001
 3.3593595e-001
 3.3606866e-001
 3.3619931e-001
 3.3632889e-001
 3.3645838e-001
 3.3658943e-001
 3.3672330e-001
 3.3686191e-001
 3.3700487e-001
 3.3715260e-001
 3.3730471e-001
 3.3745927e-001
 3.3761495e-001
 3.3777007e-001
 3.3792257e-001
 3.3807003e-001
 3.3821356e-001
 3.3835939e-001
 3.3851540e-001
 3.3868554e-001
 3.3886600e-001
 3.3905172e-001
 3.3923975e-001
 3.3943212e-001
 3.3963096e-001
 3.3983773e-001
 3.4005380e-001
 3.4027973e-001
 3.4051555e-001
 3.4075782e-001
 3.4100327e-001
 3.4125060e-001
 3.4150243e-001
 3.4176159e-001
 3.4202933e-001
 3.4230277e-001
 3.4257856e-001
 3.4285420e-001
 3.4312823e-001
 3.4340116e-001
 3.4367189e-001
 3.4394214e-001
 3.4421295e-001
 3.4448436e-001
 3.4475729e-001
 3.4503073e-001
 3.4530392e-001
 3.4557524e-001
 3.4584236e-001
 3.4610352e-001
 3.4635645e-001
 3.4659988e-001
 3.4683320e-001
 3.4706300e-001
 3.4729573e-001
 3.4753403e-001
 3.4777141e-001
 3.4800050e-001
 3.4821883e-001
 3.4843162e-001
 3.4864649e-001
 3.4886611e-001
 3.4908456e-001
 3.4929439e-001
 3.4949085e-001
 3.4967533e-001
 3.4985083e-001
 3.5001960e-001
 3.5018533e-001
 3.5035264e-001
 3.5052213e-001
 3.5068768e-001
 3.5084307e-001
 3.5098445e-001
 3.5111403e-001
 3.5123476e-001
 3.5134864e-001
 3.5145500e-001
 3.5155258e-001
 3.5164186e-001
 3.5172412e-001
 3.5180071e-001
 3.5187235e-001
 3.5193470e-001
 3.5198411e-001
 3.5201839e-001
 3.5204080e-001
 3.5205504e-001
 3.5206479e-001
 3.5207033e-001
 3.5207260e-001
 3.5207096e-001
 3.5206565e-001
 3.5205629e-001
 3.5204297e-001
 3.5202491e-001
 3.5200134e-001
 3.5197303e-001
 3.5194105e-001
 3.5190687e-001
 3.5187325e-001
 3.5184330e-001
 3.5182187e-001
 3.5181001e-001
 3.5180265e-001
 3.5179415e-001
 3.5178074e-001
 3.5176387e-001
 3.5174510e-001
 3.5172617e-001
 3.5170916e-001
 3.5169619e-001
 3.5168728e-001
 3.5167605e-001
 3.5165602e-001
 3.5162485e-001
 3.5158870e-001
 3.5155514e-001
 3.5152739e-001
 3.5149860e-001
 3.5146099e-001
 3.5140917e-001
 3.5134289e-001
 3.5126424e-001
 3.5117623e-001
 3.5108602e-001
 3.5100207e-001
 3.5092765e-001
 3.5085732e-001
 3.5078362e-001
 3.5070315e-001
 3.5062039e-001
 3.5054126e-001
 3.5046905e-001
 3.5040137e-001
 3.5033649e-001
 3.5027310e-001
 3.5021183e-001
 3.5015398e-001
 3.5010201e-001
 3.5005900e-001
 3.5002911e-001
 3.5001305e-001
 3.5000536e-001
 3.5000041e-001
 3.4999409e-001
 3.4998837e-001
 3.4998548e-001
 3.4998488e-001
 3.4998256e-001
 3.4997186e-001
 3.4995034e-001
 3.4991872e-001
 3.4987891e-001
 3.4983361e-001
 3.4978539e-001
 3.4973764e-001
 3.4969339e-001
 3.4965706e-001
 3.4963268e-001
 3.4962216e-001
 3.4962341e-001
 3.4963426e-001
 3.4965223e-001
 3.4967938e-001
 3.4971631e-001
 3.4976402e-001
 3.4982246e-001
 3.4989110e-001
 3.4996730e-001
 3.5004520e-001
 3.5011801e-001
 3.5018191e-001
 3.5024077e-001
 3.5029924e-001
 3.5035929e-001
 3.5041851e-001
 3.5047460e-001
 3.5052606e-001
 3.5057762e-001
 3.5063383e-001
 3.5069802e-001
 3.5076815e-001
 3.5084164e-001
 3.5091481e-001
 3.5098332e-001
 3.5104087e-001
 3.5108662e-001
 3.5112497e-001
 3.5116220e-001
 3.5120341e-001
 3.5125005e-001
 3.5130322e-001
 3.5136396e-001
 3.5143074e-001
 3.5150328e-001
 3.5157999e-001
 3.5166088e-001
 3.5174450e-001
 3.5183033e-001
 3.5191679e-001
 3.5200280e-001
 3.5208830e-001
 3.5217541e-001
 3.5226792e-001
 3.5236779e-001
 3.5247347e-001
 3.5258418e-001
 3.5269874e-001
 3.5281456e-001
 3.5293004e-001
 3.5304385e-001
 3.5315618e-001
 3.5326788e-001
 3.5337967e-001
 3.5349309e-001
 3.5360938e-001
 3.5372648e-001
 3.5383517e-001
 3.5392404e-001
 3.5399187e-001
 3.5405493e-001
 3.5413307e-001
 3.5423660e-001
 3.5435268e-001
 3.5446763e-001
 3.5457137e-001
 3.5466605e-001
 3.5475579e-001
 3.5484523e-001
 3.5494196e-001
 3.5505494e-001
 3.5518008e-001
 3.5528663e-001
 3.5533991e-001
 3.5532433e-001
 3.5526270e-001
 3.5518473e-001
 3.5511476e-001
 3.5506815e-001
 3.5505897e-001
 3.5509914e-001
 3.5517809e-001
 3.5527259e-001
 3.5536069e-001
 3.5544065e-001
 3.5552394e-001
 3.5561973e-001
 3.5572708e-001
 3.5583723e-001
 3.5594347e-001
 3.5604385e-001
 3.5614085e-001
 3.5623756e-001
 3.5633335e-001
 3.5642773e-001
 3.5651910e-001
 3.5660946e-001
 3.5670152e-001
 3.5679731e-001
 3.5689667e-001
 3.5699850e-001
 3.5710058e-001
 3.5720500e-001
 3.5731441e-001
 3.5743245e-001
 3.5755786e-001
 3.5768810e-001
 3.5782018e-001
 3.5795614e-001
 3.5809931e-001
 3.5825342e-001
 3.5841554e-001
 3.5857952e-001
 3.5874003e-001
 3.5890037e-001
 3.5906878e-001
 3.5925275e-001
 3.5944408e-001
 3.5962555e-001
 3.5978183e-001
 3.5991573e-001
 3.6004260e-001
 3.6017445e-001
 3.6030817e-001
 3.6042872e-001
 3.6052313e-001
 3.6059472e-001
 3.6065555e-001
 3.6071751e-001
 3.6078325e-001
 3.6084974e-001
 3.6091429e-001
 3.6097103e-001
 3.6101183e-001
 3.6103052e-001
 3.6102712e-001
 3.6100641e-001
 3.6097312e-001
 3.6092785e-001
 3.6087024e-001
 3.6080039e-001
 3.6071476e-001
 3.6060935e-001
 3.6048079e-001
 3.6032772e-001
 3.6015120e-001
 3.5995123e-001
 3.5972804e-001
 3.5948044e-001
 3.5920671e-001
 3.5889864e-001
 3.5854396e-001
 3.5813218e-001
 3.5766163e-001
 3.5713714e-001
 3.5656345e-001
 3.5593817e-001
 3.5525420e-001
 3.5450536e-001
 3.5368764e-001
 3.5279912e-001
 3.5183683e-001
 3.5079858e-001
 3.4968114e-001
 3.4848294e-001
 3.4721336e-001
 3.4588796e-001
 3.4452111e-001
 3.4311107e-001
 3.4164676e-001
 3.4011894e-001
 3.3854151e-001
 3.3694240e-001
 3.3534858e-001
 3.3377340e-001
 3.3222461e-001
 3.3070856e-001
 3.2923195e-001
 3.2780078e-001
 3.2642081e-001
 3.2509992e-001
 3.2384670e-001
 3.2266894e-001
 3.2157099e-001
 3.2055289e-001
 3.1961638e-001
 3.1875700e-001
 3.1796941e-001
 3.1724834e-001
 3.1659344e-001
 3.1600758e-001
 3.1549352e-001
 3.1504658e-001
 3.1465915e-001
 3.1432298e-001
 3.1403795e-001
 3.1380808e-001
 3.1363684e-001
 3.1352296e-001
 3.1346256e-001
 3.1345096e-001
 3.1348452e-001
 3.1355909e-001
 3.1367147e-001
 3.1382117e-001
 3.1401008e-001
 3.1423867e-001
 3.1450507e-001
 3.1480375e-001
 3.1512985e-001
 3.1547731e-001
 3.1583846e-001
 3.1620741e-001
 3.1658524e-001
 3.1697711e-001
 3.1738913e-001
 3.1781918e-001
 3.1826213e-001
 3.1871328e-001
 3.1916752e-001
 3.1961969e-001
 3.2006520e-001
 3.2050732e-001
 3.2095286e-001
 3.2140788e-001
 3.2186922e-001
 3.2232878e-001
 3.2277840e-001
 3.2321253e-001
 3.2362670e-001
 3.2401785e-001
 3.2439029e-001
 3.2475227e-001
 3.2511184e-001
 3.2546875e-001
 3.2581779e-001
 3.2615498e-001
 3.2648230e-001
 3.2680646e-001
 3.2713336e-001
 3.2745865e-001
 3.2777280e-001
 3.2806769e-001
 3.2834741e-001
 3.2862422e-001
 3.2890821e-001
 3.2919922e-001
 3.2948992e-001
 3.2977307e-001
 3.3004966e-001
 3.3032459e-001
 3.3060190e-001
 3.3088291e-001
 3.3116576e-001
 3.3144912e-001
 3.3172974e-001
 3.3200508e-001
 3.3227152e-001
 3.3252525e-001
 3.3276275e-001
 3.3298075e-001
 3.3318523e-001
 3.3338681e-001
 3.3359462e-001
 3.3380431e-001
 3.3400369e-001
 3.3418062e-001
 3.3433694e-001
 3.3448133e-001
 3.3462101e-001
 3.3475173e-001
 3.3486143e-001
 3.3493882e-001
 3.3498555e-001
 3.3501044e-001
 3.3502159e-001
 3.3502007e-001
 3.3500242e-001
 3.3496600e-001
 3.3490512e-001
 3.3481520e-001
 3.3469075e-001
 3.3453417e-001
 3.3435234e-001
 3.3415049e-001
 3.3392918e-001
 3.3368531e-001
 3.3341557e-001
 3.3311906e-001
 3.3279613e-001
 3.3244753e-001
 3.3207017e-001
 3.3166057e-001
 3.3121589e-001
 3.3074310e-001
 3.3025351e-001
 3.2975903e-001
 3.2925582e-001
 3.2873368e-001
 3.2818145e-001
 3.2759836e-001
 3.2698771e-001
 3.2635394e-001
 3.2569838e-001
 3.2502207e-001
 3.2432571e-001
 3.2361448e-001
 3.2289749e-001
 3.2218200e-001
 3.2146937e-001
 3.2075879e-001
 3.2004747e-001
 3.1932899e-001
 3.1859314e-001
 3.1783164e-001
 3.1705466e-001
 3.1628034e-001
 3.1552830e-001
 3.1480142e-001
 3.1409484e-001
 3.1340411e-001
 3.1272650e-001
 3.1206232e-001
 3.1141025e-001
 3.1077397e-001
 3.1015742e-001
 3.0956385e-001
 3.0898899e-001
 3.0842283e-001
 3.0785644e-001
 3.0729574e-001
 3.0675378e-001
 3.0624360e-001
 3.0576879e-001
 3.0532843e-001
 3.0491990e-001
 3.0453601e-001
 3.0416495e-001
 3.0379689e-001
 3.0343020e-001
 3.0306885e-001
 3.0271694e-001
 3.0237487e-001
 3.0204114e-001
 3.0171469e-001
 3.0139846e-001
 3.0109748e-001
 3.0081636e-001
 3.0055386e-001
 3.0030617e-001
 3.0006889e-001
 2.9983729e-001
 2.9960686e-001
 2.9937360e-001
 2.9913682e-001
 2.9889914e-001
 2.9866296e-001
 2.9843500e-001
 2.9822433e-001
 2.9803935e-001
 2.9787475e-001
 2.9771811e-001
 2.9755738e-001
 2.9739311e-001
 2.9723239e-001
 2.9708207e-001
 2.9694304e-001
 2.9681391e-001
 2.9669258e-001
 2.9658043e-001
 2.9648030e-001
 2.9639551e-001
 2.9632586e-001
 2.9627094e-001
 2.9622975e-001
 2.9620004e-001
 2.9617903e-001
 2.9616439e-001
 2.9615608e-001
 2.9615545e-001
 2.9616454e-001
 2.9618353e-001
 2.9621103e-001
 2.9624638e-001
 2.9629236e-001
 2.9635224e-001
 2.9642883e-001
 2.9651836e-001
 2.9661125e-001
 2.9669994e-001
 2.9678386e-001
 2.9686761e-001
 2.9695424e-001
 2.9704371e-001
 2.9713234e-001
 2.9721758e-001
 2.9730037e-001
 2.9738465e-001
 2.9747403e-001
 2.9756981e-001
 2.9767239e-001
 2.9778141e-001
 2.9789311e-001
 2.9800034e-001
 2.9809782e-001
 2.9818738e-001
 2.9827604e-001
 2.9836932e-001
 2.9846859e-001
 2.9857066e-001
 2.9867318e-001
 2.9877073e-001
 2.9885745e-001
 2.9892838e-001
 2.9899368e-001
 2.9907069e-001
 2.9917580e-001
 2.9929855e-001
 2.9941371e-001
 2.9949906e-001
 2.9956284e-001
 2.9963115e-001
 2.9972827e-001
 2.9984710e-001
 2.9996264e-001
 3.0005276e-001
 3.0012232e-001
 3.0019319e-001
 3.0028504e-001
 3.0039632e-001
 3.0051357e-001
 3.0062434e-001
 3.0073109e-001
 3.0084571e-001
 3.0097857e-001
 3.0113107e-001
 3.0129984e-001
 3.0147949e-001
 3.0166703e-001
 3.0185944e-001
 3.0205342e-001
 3.0224988e-001
 3.0245066e-001
 3.0265805e-001
 3.0286872e-001
 3.0307686e-001
 3.0327702e-001
 3.0347055e-001
 3.0366421e-001
 3.0386317e-001
 3.0406862e-001
 3.0427888e-001
 3.0449218e-001
 3.0470705e-001
 3.0492002e-001
 3.0512872e-001
 3.0533740e-001
 3.0555224e-001
 3.0577877e-001
 3.0601394e-001
 3.0624768e-001
 3.0647191e-001
 3.0668512e-001
 3.0689067e-001
 3.0709115e-001
 3.0728596e-001
 3.0747181e-001
 3.0764559e-001
 3.0780765e-001
 3.0796072e-001
 3.0810618e-001
 3.0824837e-001
 3.0839291e-001
 3.0854377e-001
 3.0870244e-001
 3.0886731e-001
 3.0903712e-001
 3.0921018e-001
 3.0938381e-001
 3.0955708e-001
 3.0973500e-001
 3.0992615e-001
 3.1013772e-001
 3.1036410e-001
 3.1059170e-001
 3.1080770e-001
 3.1101203e-001
 3.1120986e-001
 3.1140664e-001
 3.1159708e-001
 3.1176835e-001
 3.1190899e-001
 3.1201881e-001
 3.1210423e-001
 3.1217009e-001
 3.1221607e-001
 3.1223762e-001
 3.1222987e-001
 3.1219012e-001
 3.1211799e-001
 3.1201196e-001
 3.1187370e-001
 3.1170547e-001
 3.1150991e-001
 3.1128508e-001
 3.1102660e-001
 3.1073064e-001
 3.1039691e-001
 3.1002796e-001
 3.0962542e-001
 3.0919233e-001
 3.0873159e-001
 3.0824527e-001
 3.0773437e-001
 3.0719709e-001
 3.0663309e-001
 3.0603951e-001
 3.0541477e-001
 3.0475610e-001
 3.0406216e-001
 3.0333233e-001
 3.0256578e-001
 3.0177352e-001
 3.0097049e-001
 3.0017224e-001
 2.9937452e-001
 2.9856175e-001
 2.9772097e-001
 2.9685453e-001
 2.9597482e-001
 2.9509431e-001
 2.9422098e-001
 2.9335967e-001
 2.9251593e-001
 2.9169250e-001
 2.9088971e-001
 2.9010907e-001
 2.8935587e-001
 2.8863785e-001
 2.8796172e-001
 2.8733000e-001
 2.8674284e-001
 2.8619897e-001
 2.8569821e-001
 2.8523985e-001
 2.8482318e-001
 2.8445411e-001
 2.8414178e-001
 2.8389478e-001
 2.8370804e-001
 2.8357008e-001
 2.8346863e-001
 2.8339767e-001
 2.8335443e-001
 2.8333515e-001
 2.8333420e-001
 2.8334391e-001
 2.8335655e-001
 2.8336054e-001
 2.8334141e-001
 2.8328755e-001
 2.8320858e-001
 2.8312555e-001
 2.8305864e-001
 2.8300428e-001
 2.8294593e-001
 2.8286728e-001
 2.8276327e-001
 2.8263429e-001
 2.8248185e-001
 2.8231436e-001
 2.8214517e-001
 2.8198588e-001
 2.8183413e-001
 2.8168085e-001
 2.8151628e-001
 2.8134304e-001
 2.8116971e-001
 2.8100449e-001
 2.8085151e-001
 2.8071243e-001
 2.8058848e-001
 2.8047889e-001
 2.8038123e-001
 2.8029305e-001
 2.8020763e-001
 2.8011560e-001
 2.8000966e-001
 2.7989399e-001
 2.7978054e-001
 2.7967992e-001
 2.7958763e-001
 2.7948859e-001
 2.7937031e-001
 2.7923429e-001
 2.7909076e-001
 2.7894858e-001
 2.7880743e-001
 2.7866116e-001
 2.7850398e-001
 2.7833855e-001
 2.7817318e-001
 2.7801460e-001
 2.7786410e-001
 2.7771890e-001
 2.7757654e-001
 2.7743313e-001
 2.7728486e-001
 2.7712816e-001
 2.7696899e-001
 2.7681985e-001
 2.7669126e-001
 2.7658489e-001
 2.7649763e-001
 2.7642587e-001
 2.7637041e-001
 2.7633432e-001
 2.7632082e-001
 2.7633137e-001
 2.7636683e-001
 2.7642772e-001
 2.7651146e-001
 2.7661356e-001
 2.7672955e-001
 2.7685508e-001
 2.7698621e-001
 2.7712041e-001
 2.7726606e-001
 2.7743837e-001
 2.7765012e-001
 2.7788764e-001
 2.7812117e-001
 2.7832440e-001
 2.7849439e-001
 2.7864426e-001
 2.7878574e-001
 2.7891901e-001
 2.7903864e-001
 2.7913880e-001
 2.7922469e-001
 2.7930665e-001
 2.7939424e-001
 2.7949280e-001
 2.7960360e-001
 2.7972797e-001
 2.7985710e-001
 2.7997860e-001
 2.8007942e-001
 2.8016225e-001
 2.8023684e-001
 2.8031296e-001
 2.8039360e-001
 2.8047734e-001
 2.8056321e-001
 2.8064659e-001
 2.8072172e-001
 2.8078333e-001
 2.8083047e-001
 2.8086555e-001
 2.8089106e-001
 2.8091779e-001
 2.8095976e-001
 2.8102899e-001
 2.8111196e-001
 2.8117988e-001
 2.8120691e-001
 2.8120145e-001
 2.8119135e-001
 2.8120247e-001
 2.8123242e-001
 2.8126234e-001
 2.8127462e-001
 2.8127027e-001
 2.8126022e-001
 2.8125435e-001
 2.8124654e-001
 2.8122076e-001
 2.8116286e-001
 2.8107029e-001
 2.8094783e-001
 2.8079942e-001
 2.8062481e-001
 2.8042039e-001
 2.8018320e-001
 2.7991843e-001
 2.7963504e-001
 2.7934170e-001
 2.7904129e-001
 2.7873221e-001
 2.7841306e-001
 2.7807948e-001
 2.7772388e-001
 2.7734119e-001
 2.7693516e-001
 2.7651736e-001
 2.7609766e-001
 2.7567685e-001
 2.7525133e-001
 2.7481693e-001
 2.7436948e-001
 2.7390504e-001
 2.7341923e-001
 2.7290738e-001
 2.7236363e-001
 2.7178392e-001
 2.7117318e-001
 2.7054220e-001
 2.6990065e-001
 2.6925007e-001
 2.6858550e-001
 2.6790303e-001
 2.6720518e-001
 2.6649758e-001
 2.6578659e-001
 2.6507968e-001
 2.6438537e-001
 2.6371038e-001
 2.6304767e-001
 2.6238078e-001
 2.6169375e-001
 2.6097718e-001
 2.6022485e-001
 2.5943193e-001
 2.5860855e-001
 2.5777406e-001
 2.5694698e-001
 2.5613534e-001
 2.5534323e-001
 2.5457364e-001
 2.5383013e-001
 2.5311801e-001
 2.5243998e-001
 2.5178486e-001
 2.5113329e-001
 2.5046551e-001
 2.4975440e-001
 2.4896847e-001
 2.4808322e-001
 2.4712954e-001
 2.4617261e-001
 2.4527749e-001
 2.4449974e-001
 2.4388988e-001
 2.4348669e-001
 2.4321018e-001
 2.4290942e-001
 2.4244884e-001
 2.4186020e-001
 2.4127351e-001
 2.4080579e-001
 2.4042490e-001
 2.4001050e-001
 2.3946065e-001
 2.3886852e-001
 2.3844388e-001
 2.3837319e-001
 2.3859839e-001
 2.3891568e-001
 2.3913166e-001
 2.3916461e-001
 2.3899969e-001
 2.3863268e-001
 2.3815432e-001
 2.3771149e-001
 2.3744221e-001
 2.3737596e-001
 2.3747954e-001
 2.3770940e-001
 2.3792997e-001
 2.3795055e-001
 2.3761098e-001
 2.3706953e-001
 2.3667283e-001
 2.3673825e-001
-1.2300000e+034
