s07_ASD Record=19037: Particle_Board GDS364 Fn Gr  ASDFRa AREF
-1.2300000e+034
 4.5697253e-002
 4.5700382e-002
 4.5767523e-002
 4.5879487e-002
 4.6034835e-002
 4.6254799e-002
 4.6520684e-002
 4.6790410e-002
 4.7027707e-002
 4.7258414e-002
 4.7545347e-002
 4.7945254e-002
 4.8445918e-002
 4.8994556e-002
 4.9542427e-002
 5.0090134e-002
 5.0667074e-002
 5.1301952e-002
 5.2010406e-002
 5.2800156e-002
 5.3676222e-002
 5.4617878e-002
 5.5589192e-002
 5.6558665e-002
 5.7543945e-002
 5.8591649e-002
 5.9744552e-002
 6.1001074e-002
 6.2333193e-002
 6.3714437e-002
 6.5136448e-002
 6.6601388e-002
 6.8112612e-002
 6.9682769e-002
 7.1329616e-002
 7.3068686e-002
 7.4890643e-002
 7.6771751e-002
 7.8690261e-002
 8.0647483e-002
 8.2658269e-002
 8.4736392e-002
 8.6880870e-002
 8.9082338e-002
 9.1331996e-002
 9.3628533e-002
 9.5974930e-002
 9.8373137e-002
 1.0081433e-001
 1.0328293e-001
 1.0576508e-001
 1.0826240e-001
 1.1078575e-001
 1.1334421e-001
 1.1592376e-001
 1.1849800e-001
 1.2104253e-001
 1.2356313e-001
 1.2608340e-001
 1.2862365e-001
 1.3117239e-001
 1.3369948e-001
 1.3617608e-001
 1.3859533e-001
 1.4096211e-001
 1.4328164e-001
 1.4555162e-001
 1.4776628e-001
 1.4991979e-001
 1.5201011e-001
 1.5403634e-001
 1.5599900e-001
 1.5790308e-001
 1.5975703e-001
 1.6156833e-001
 1.6333748e-001
 1.6506083e-001
 1.6673505e-001
 1.6835862e-001
 1.6993164e-001
 1.7145461e-001
 1.7293251e-001
 1.7437337e-001
 1.7578456e-001
 1.7716746e-001
 1.7852040e-001
 1.7984161e-001
 1.8113360e-001
 1.8240097e-001
 1.8364829e-001
 1.8487911e-001
 1.8609621e-001
 1.8730187e-001
 1.8849514e-001
 1.8967235e-001
 1.9083083e-001
 1.9197403e-001
 1.9310910e-001
 1.9424234e-001
 1.9537352e-001
 1.9649796e-001
 1.9761167e-001
 1.9871521e-001
 1.9981259e-001
 2.0090739e-001
 2.0200075e-001
 2.0309240e-001
 2.0418225e-001
 2.0527039e-001
 2.0635729e-001
 2.0744266e-001
 2.0852493e-001
 2.0960085e-001
 2.1066834e-001
 2.1172921e-001
 2.1278854e-001
 2.1385026e-001
 2.1491379e-001
 2.1597451e-001
 2.1702866e-001
 2.1807645e-001
 2.1912041e-001
 2.2016287e-001
 2.2120294e-001
 2.2223765e-001
 2.2326414e-001
 2.2428434e-001
 2.2530249e-001
 2.2632249e-001
 2.2734399e-001
 2.2836496e-001
 2.2938308e-001
 2.3039879e-001
 2.3141339e-001
 2.3242910e-001
 2.3344758e-001
 2.3447131e-001
 2.3550199e-001
 2.3653932e-001
 2.3758015e-001
 2.3862237e-001
 2.3966703e-001
 2.4071665e-001
 2.4177440e-001
 2.4283913e-001
 2.4390845e-001
 2.4497977e-001
 2.4605262e-001
 2.4712783e-001
 2.4820541e-001
 2.4928600e-001
 2.5036854e-001
 2.5145301e-001
 2.5253838e-001
 2.5362402e-001
 2.5470883e-001
 2.5579453e-001
 2.5688353e-001
 2.5797829e-001
 2.5907794e-001
 2.6018089e-001
 2.6128519e-001
 2.6239029e-001
 2.6349744e-001
 2.6460725e-001
 2.6572099e-001
 2.6684019e-001
 2.6796570e-001
 2.6909667e-001
 2.7023101e-001
 2.7136680e-001
 2.7250412e-001
 2.7364418e-001
 2.7478823e-001
 2.7593839e-001
 2.7709746e-001
 2.7826798e-001
 2.7944702e-001
 2.8062946e-001
 2.8181022e-001
 2.8298879e-001
 2.8416720e-001
 2.8534758e-001
 2.8653127e-001
 2.8771976e-001
 2.8891397e-001
 2.9011205e-001
 2.9131022e-001
 2.9250532e-001
 2.9369718e-001
 2.9488724e-001
 2.9607725e-001
 2.9726896e-001
 2.9846388e-001
 2.9966339e-001
 3.0086491e-001
 3.0206361e-001
 3.0325487e-001
 3.0443910e-001
 3.0561912e-001
 3.0679786e-001
 3.0797625e-001
 3.0915430e-001
 3.1033170e-001
 3.1150717e-001
 3.1267881e-001
 3.1384510e-001
 3.1500623e-001
 3.1616408e-001
 3.1732014e-001
 3.1847447e-001
 3.1962612e-001
 3.2077423e-001
 3.2191885e-001
 3.2306060e-001
 3.2420009e-001
 3.2533702e-001
 3.2647049e-001
 3.2759967e-001
 3.2872522e-001
 3.2984832e-001
 3.3097035e-001
 3.3209175e-001
 3.3321238e-001
 3.3433208e-001
 3.3545011e-001
 3.3656529e-001
 3.3767644e-001
 3.3878419e-001
 3.3989003e-001
 3.4099531e-001
 3.4210029e-001
 3.4320438e-001
 3.4430718e-001
 3.4541017e-001
 3.4651592e-001
 3.4762692e-001
 3.4874317e-001
 3.4986371e-001
 3.5098755e-001
 3.5211414e-001
 3.5324335e-001
 3.5437512e-001
 3.5551000e-001
 3.5664922e-001
 3.5779354e-001
 3.5894245e-001
 3.6009425e-001
 3.6124739e-001
 3.6240199e-001
 3.6355898e-001
 3.6471927e-001
 3.6588296e-001
 3.6704960e-001
 3.6821893e-001
 3.6939070e-001
 3.7056485e-001
 3.7174124e-001
 3.7291992e-001
 3.7410116e-001
 3.7528488e-001
 3.7646955e-001
 3.7765253e-001
 3.7883139e-001
 3.8000643e-001
 3.8117921e-001
 3.8235137e-001
 3.8352126e-001
 3.8468570e-001
 3.8584200e-001
 3.8699207e-001
 3.8814068e-001
 3.8929221e-001
 3.9044729e-001
 3.9160454e-001
 3.9276233e-001
 3.9391765e-001
 3.9506775e-001
 3.9620924e-001
 3.9734119e-001
 3.9846566e-001
 3.9958340e-001
 4.0069535e-001
 4.0180403e-001
 4.0290999e-001
 4.0401495e-001
 4.0511826e-001
 4.0622103e-001
 4.0732208e-001
 4.0842190e-001
 4.0951887e-001
 4.1061419e-001
 4.1170803e-001
 4.1280028e-001
 4.1389102e-001
 4.1497746e-001
 4.1605881e-001
 4.1713428e-001
 4.1820636e-001
 4.1927564e-001
 4.2034066e-001
 4.2140016e-001
 4.2245156e-001
 4.2349535e-001
 4.2453504e-001
 4.2557222e-001
 4.2660636e-001
 4.2763433e-001
 4.2865470e-001
 4.2966795e-001
 4.3067700e-001
 4.3168446e-001
 4.3268993e-001
 4.3369123e-001
 4.3468630e-001
 4.3567538e-001
 4.3665981e-001
 4.3764091e-001
 4.3861911e-001
 4.3959478e-001
 4.4056797e-001
 4.4153991e-001
 4.4251227e-001
 4.4348648e-001
 4.4446194e-001
 4.4543666e-001
 4.4640890e-001
 4.4737816e-001
 4.4834465e-001
 4.4930896e-001
 4.5027274e-001
 4.5123896e-001
 4.5221025e-001
 4.5318335e-001
 4.5415384e-001
 4.5511740e-001
 4.5607525e-001
 4.5703194e-001
 4.5799190e-001
 4.5895511e-001
 4.5991915e-001
 4.6088094e-001
 4.6184087e-001
 4.6280041e-001
 4.6376109e-001
 4.6472302e-001
 4.6568587e-001
 4.6664888e-001
 4.6761122e-001
 4.6856982e-001
 4.6952373e-001
 4.7047475e-001
 4.7142705e-001
 4.7238398e-001
 4.7334558e-001
 4.7430947e-001
 4.7527334e-001
 4.7623548e-001
 4.7719476e-001
 4.7815007e-001
 4.7910070e-001
 4.8004636e-001
 4.8098683e-001
 4.8192373e-001
 4.8285997e-001
 4.8379812e-001
 4.8473790e-001
 4.8567697e-001
 4.8661342e-001
 4.8754579e-001
 4.8847339e-001
 4.8939553e-001
 4.9031457e-001
 4.9123454e-001
 4.9215898e-001
 4.9308565e-001
 4.9400890e-001
 4.9492350e-001
 4.9583089e-001
 4.9673617e-001
 4.9764434e-001
 4.9855402e-001
 4.9946061e-001
 5.0035977e-001
 5.0125098e-001
 5.0213665e-001
 5.0301850e-001
 5.0389874e-001
 5.0477940e-001
 5.0566220e-001
 5.0654578e-001
 5.0742668e-001
 5.0830179e-001
 5.0916934e-001
 5.1002890e-001
 5.1088017e-001
 5.1172459e-001
 5.1256514e-001
 5.1340431e-001
 5.1424384e-001
 5.1508486e-001
 5.1592833e-001
 5.1677322e-001
 5.1761639e-001
 5.1845723e-001
 5.1929516e-001
 5.2013147e-001
 5.2096713e-001
 5.2180189e-001
 5.2263451e-001
 5.2346402e-001
 5.2429080e-001
 5.2511656e-001
 5.2594280e-001
 5.2676994e-001
 5.2759767e-001
 5.2842575e-001
 5.2925372e-001
 5.3008080e-001
 5.3090632e-001
 5.3173018e-001
 5.3255224e-001
 5.3337264e-001
 5.3419268e-001
 5.3501469e-001
 5.3584057e-001
 5.3666860e-001
 5.3749430e-001
 5.3831404e-001
 5.3912902e-001
 5.3994310e-001
 5.4076028e-001
 5.4158074e-001
 5.4240322e-001
 5.4322618e-001
 5.4404914e-001
 5.4487252e-001
 5.4569614e-001
 5.4651910e-001
 5.4733998e-001
 5.4815745e-001
 5.4897290e-001
 5.4978967e-001
 5.5061090e-001
 5.5143362e-001
 5.5225354e-001
 5.5306679e-001
 5.5387521e-001
 5.5468404e-001
 5.5549842e-001
 5.5631727e-001
 5.5713648e-001
 5.5795234e-001
 5.5876541e-001
 5.5957967e-001
 5.6039798e-001
 5.6121910e-001
 5.6203878e-001
 5.6285357e-001
 5.6366462e-001
 5.6447679e-001
 5.6529373e-001
 5.6611496e-001
 5.6693679e-001
 5.6775576e-001
 5.6857139e-001
 5.6938505e-001
 5.7019758e-001
 5.7100868e-001
 5.7181740e-001
 5.7262236e-001
 5.7342309e-001
 5.7421964e-001
 5.7501173e-001
 5.7580167e-001
 5.7659256e-001
 5.7738721e-001
 5.7818455e-001
 5.7898074e-001
 5.7977259e-001
 5.8056009e-001
 5.8134514e-001
 5.8212984e-001
 5.8291376e-001
 5.8369571e-001
 5.8447468e-001
 5.8525056e-001
 5.8602399e-001
 5.8679557e-001
 5.8756608e-001
 5.8833659e-001
 5.8910799e-001
 5.8988011e-001
 5.9065205e-001
 5.9142303e-001
 5.9219182e-001
 5.9295720e-001
 5.9371781e-001
 5.9447354e-001
 5.9522480e-001
 5.9597212e-001
 5.9671426e-001
 5.9744942e-001
 5.9817582e-001
 5.9889543e-001
 5.9961212e-001
 6.0032940e-001
 6.0104507e-001
 6.0175568e-001
 6.0245645e-001
 6.0314816e-001
 6.0383391e-001
 6.0451686e-001
 6.0519695e-001
 6.0587287e-001
 6.0654336e-001
 6.0721135e-001
 6.0788238e-001
 6.0856158e-001
 6.0924703e-001
 6.0993314e-001
 6.1061442e-001
 6.1128944e-001
 6.1195832e-001
 6.1262184e-001
 6.1328101e-001
 6.1393756e-001
 6.1459279e-001
 6.1524630e-001
 6.1589688e-001
 6.1654311e-001
 6.1718345e-001
 6.1781591e-001
 6.1843884e-001
 6.1905241e-001
 6.1965811e-001
 6.2025756e-001
 6.2085372e-001
 6.2145072e-001
 6.2205207e-001
 6.2265402e-001
 6.2324911e-001
 6.2383068e-001
 6.2439972e-001
 6.2496257e-001
 6.2552464e-001
 6.2608629e-001
 6.2664449e-001
 6.2719625e-001
 6.2774044e-001
 6.2827474e-001
 6.2879884e-001
 6.2931514e-001
 6.2982750e-001
 6.3033968e-001
 6.3085353e-001
 6.3136977e-001
 6.3188899e-001
 6.3240772e-001
 6.3292074e-001
 6.3342339e-001
 6.3391900e-001
 6.3441545e-001
 6.3491964e-001
 6.3543183e-001
 6.3594770e-001
 6.3646322e-001
 6.3697809e-001
 6.3749415e-001
 6.3801330e-001
 6.3853675e-001
 6.3906568e-001
 6.3960052e-001
 6.4013785e-001
 6.4067107e-001
 6.4119470e-001
 6.4170855e-001
 6.4221585e-001
 6.4271981e-001
 6.4322388e-001
 6.4373177e-001
 6.4424646e-001
 6.4476478e-001
 6.4527953e-001
 6.4578468e-001
 6.4628220e-001
 6.4677882e-001
 6.4728069e-001
 6.4778453e-001
 6.4828223e-001
 6.4876574e-001
 6.4923507e-001
 6.4969403e-001
 6.5014666e-001
 6.5059566e-001
 6.5104312e-001
 6.5149081e-001
 6.5193820e-001
 6.5238303e-001
 6.5282309e-001
 6.5325493e-001
 6.5367389e-001
 6.5407747e-001
 6.5446424e-001
 6.5483564e-001
 6.5519297e-001
 6.5553892e-001
 6.5587652e-001
 6.5620828e-001
 6.5653008e-001
 6.5683383e-001
 6.5711170e-001
 6.5736210e-001
 6.5758944e-001
 6.5779561e-001
 6.5798086e-001
 6.5814382e-001
 6.5828365e-001
 6.5840483e-001
 6.5851504e-001
 6.5862161e-001
 6.5872449e-001
 6.5881979e-001
 6.5890443e-001
 6.5898412e-001
 6.5906924e-001
 6.5917104e-001
 6.5928918e-001
 6.5941799e-001
 6.5955234e-001
 6.5969318e-001
 6.5984523e-001
 6.6001290e-001
 6.6019738e-001
 6.6039842e-001
 6.6061378e-001
 6.6083980e-001
 6.6107005e-001
 6.6129953e-001
 6.6153425e-001
 6.6178757e-001
 6.6207033e-001
 6.6237104e-001
 6.6266489e-001
 6.6293222e-001
 6.6320378e-001
 6.6354311e-001
 6.6399664e-001
 6.6443956e-001
 6.6464651e-001
 6.6441995e-001
 6.6388458e-001
 6.6335362e-001
 6.6314256e-001
 6.6340017e-001
 6.6390985e-001
 6.6440564e-001
 6.6472745e-001
 6.6495699e-001
 6.6520852e-001
 6.6554797e-001
 6.6594040e-001
 6.6633755e-001
 6.6670740e-001
 6.6706240e-001
 6.6742057e-001
 6.6779220e-001
 6.6817707e-001
 6.6857290e-001
 6.6897267e-001
 6.6936481e-001
 6.6973662e-001
 6.7008543e-001
 6.7043585e-001
 6.7081547e-001
 6.7123675e-001
 6.7167813e-001
 6.7211431e-001
 6.7253017e-001
 6.7293966e-001
 6.7335951e-001
 6.7379355e-001
 6.7421651e-001
 6.7459899e-001
 6.7493027e-001
 6.7524445e-001
 6.7557937e-001
 6.7595750e-001
 6.7636466e-001
 6.7678148e-001
 6.7719316e-001
 6.7758727e-001
 6.7795545e-001
 6.7829561e-001
 6.7862934e-001
 6.7897832e-001
 6.7935312e-001
 6.7973471e-001
 6.8009961e-001
 6.8043923e-001
 6.8077308e-001
 6.8112677e-001
 6.8150985e-001
 6.8190122e-001
 6.8227327e-001
 6.8261284e-001
 6.8293703e-001
 6.8326676e-001
 6.8361545e-001
 6.8397415e-001
 6.8433124e-001
 6.8468136e-001
 6.8502647e-001
 6.8536997e-001
 6.8571633e-001
 6.8606603e-001
 6.8642014e-001
 6.8677640e-001
 6.8712562e-001
 6.8745774e-001
 6.8776941e-001
 6.8807298e-001
 6.8838263e-001
 6.8870747e-001
 6.8904501e-001
 6.8939185e-001
 6.8974316e-001
 6.9009787e-001
 6.9045281e-001
 6.9080728e-001
 6.9115877e-001
 6.9150561e-001
 6.9184530e-001
 6.9217414e-001
 6.9248605e-001
 6.9278449e-001
 6.9308525e-001
 6.9340682e-001
 6.9375616e-001
 6.9411474e-001
 6.9446146e-001
 6.9478172e-001
 6.9508427e-001
 6.9537842e-001
 6.9567150e-001
 6.9596088e-001
 6.9624561e-001
 6.9652301e-001
 6.9679087e-001
 6.9704783e-001
 6.9729084e-001
 6.9752115e-001
 6.9773799e-001
 6.9794273e-001
 6.9813746e-001
 6.9832695e-001
 6.9850963e-001
 6.9867897e-001
 6.9882500e-001
 6.9894034e-001
 6.9902241e-001
 6.9906831e-001
 6.9908082e-001
 6.9906884e-001
 6.9904274e-001
 6.9900542e-001
 6.9894695e-001
 6.9885254e-001
 6.9871396e-001
 6.9853252e-001
 6.9831127e-001
 6.9805485e-001
 6.9777495e-001
 6.9748330e-001
 6.9718629e-001
 6.9687772e-001
 6.9655073e-001
 6.9619888e-001
 6.9581670e-001
 6.9540030e-001
 6.9495273e-001
 6.9449657e-001
 6.9405812e-001
 6.9364941e-001
 6.9325835e-001
 6.9286895e-001
 6.9247407e-001
 6.9208205e-001
 6.9170266e-001
 6.9134283e-001
 6.9099689e-001
 6.9065678e-001
 6.9031674e-001
 6.8997830e-001
 6.8963951e-001
 6.8930054e-001
 6.8895602e-001
 6.8860060e-001
 6.8822849e-001
 6.8782771e-001
 6.8738484e-001
 6.8689716e-001
 6.8638319e-001
 6.8586200e-001
 6.8534708e-001
 6.8483174e-001
 6.8430573e-001
 6.8376547e-001
 6.8321538e-001
 6.8266255e-001
 6.8210942e-001
 6.8155313e-001
 6.8098813e-001
 6.8041539e-001
 6.7984456e-001
 6.7928880e-001
 6.7875201e-001
 6.7822868e-001
 6.7770875e-001
 6.7718565e-001
 6.7666215e-001
 6.7614144e-001
 6.7562252e-001
 6.7509639e-001
 6.7455268e-001
 6.7398578e-001
 6.7339909e-001
 6.7279738e-001
 6.7218250e-001
 6.7154598e-001
 6.7088079e-001
 6.7018598e-001
 6.6947919e-001
 6.6877913e-001
 6.6809797e-001
 6.6743273e-001
 6.6677737e-001
 6.6613048e-001
 6.6549975e-001
 6.6489285e-001
 6.6431582e-001
 6.6376585e-001
 6.6324037e-001
 6.6273981e-001
 6.6227251e-001
 6.6184688e-001
 6.6146815e-001
 6.6112667e-001
 6.6081411e-001
 6.6052365e-001
 6.6026115e-001
 6.6003126e-001
 6.5983629e-001
 6.5966904e-001
 6.5951943e-001
 6.5938258e-001
 6.5926105e-001
 6.5915829e-001
 6.5907520e-001
 6.5900928e-001
 6.5895700e-001
 6.5891927e-001
 6.5890670e-001
 6.5893191e-001
 6.5900213e-001
 6.5911037e-001
 6.5924752e-001
 6.5940940e-001
 6.5960300e-001
 6.5983534e-001
 6.6011107e-001
 6.6042852e-001
 6.6078287e-001
 6.6117173e-001
 6.6158944e-001
 6.6203052e-001
 6.6249108e-001
 6.6297054e-001
 6.6346902e-001
 6.6398489e-001
 6.6451710e-001
 6.6506606e-001
 6.6563064e-001
 6.6620994e-001
 6.6680449e-001
 6.6741091e-001
 6.6801751e-001
 6.6861326e-001
 6.6919261e-001
 6.6976386e-001
 6.7033833e-001
 6.7091984e-001
 6.7149866e-001
 6.7206365e-001
 6.7260665e-001
 6.7313021e-001
 6.7363650e-001
 6.7412782e-001
 6.7460376e-001
 6.7506385e-001
 6.7550689e-001
 6.7593205e-001
 6.7633688e-001
 6.7672169e-001
 6.7709136e-001
 6.7745137e-001
 6.7780453e-001
 6.7814577e-001
 6.7846918e-001
 6.7877275e-001
 6.7906260e-001
 6.7934436e-001
 6.7962271e-001
 6.7989880e-001
 6.8017179e-001
 6.8044281e-001
 6.8071592e-001
 6.8099523e-001
 6.8128240e-001
 6.8157631e-001
 6.8187565e-001
 6.8218011e-001
 6.8249559e-001
 6.8282741e-001
 6.8317789e-001
 6.8354505e-001
 6.8392479e-001
 6.8431580e-001
 6.8471968e-001
 6.8513799e-001
 6.8557215e-001
 6.8601638e-001
 6.8646586e-001
 6.8691713e-001
 6.8736494e-001
 6.8780577e-001
 6.8823808e-001
 6.8866545e-001
 6.8909168e-001
 6.8951857e-001
 6.8993711e-001
 6.9034010e-001
 6.9072032e-001
 6.9108099e-001
 6.9142330e-001
 6.9174850e-001
 6.9205350e-001
 6.9233257e-001
 6.9258636e-001
 6.9282186e-001
 6.9304705e-001
 6.9326550e-001
 6.9346499e-001
 6.9363272e-001
 6.9376004e-001
 6.9385499e-001
 6.9392717e-001
 6.9398159e-001
 6.9401586e-001
 6.9402671e-001
 6.9401199e-001
 6.9397312e-001
 6.9391036e-001
 6.9382501e-001
 6.9371855e-001
 6.9359237e-001
 6.9344676e-001
 6.9327635e-001
 6.9307780e-001
 6.9284660e-001
 6.9257790e-001
 6.9226950e-001
 6.9191772e-001
 6.9152069e-001
 6.9107610e-001
 6.9058359e-001
 6.9004124e-001
 6.8944800e-001
 6.8880278e-001
 6.8810523e-001
 6.8735349e-001
 6.8654603e-001
 6.8567729e-001
 6.8474394e-001
 6.8374199e-001
 6.8267173e-001
 6.8153256e-001
 6.8032521e-001
 6.7905337e-001
 6.7772108e-001
 6.7632955e-001
 6.7487788e-001
 6.7336285e-001
 6.7178857e-001
 6.7017287e-001
 6.6853410e-001
 6.6688788e-001
 6.6523248e-001
 6.6356874e-001
 6.6190022e-001
 6.6024214e-001
 6.5861213e-001
 6.5701789e-001
 6.5544558e-001
 6.5387851e-001
 6.5231043e-001
 6.5075463e-001
 6.4922804e-001
 6.4774126e-001
 6.4629263e-001
 6.4487767e-001
 6.4349669e-001
 6.4215982e-001
 6.4087582e-001
 6.3965374e-001
 6.3849628e-001
 6.3740695e-001
 6.3638824e-001
 6.3544255e-001
 6.3457513e-001
 6.3378388e-001
 6.3305748e-001
 6.3238388e-001
 6.3175148e-001
 6.3114995e-001
 6.3057077e-001
 6.3000298e-001
 6.2943429e-001
 6.2885344e-001
 6.2824571e-001
 6.2759614e-001
 6.2688977e-001
 6.2611568e-001
 6.2527221e-001
 6.2436002e-001
 6.2337482e-001
 6.2230515e-001
 6.2113702e-001
 6.1986178e-001
 6.1848289e-001
 6.1700523e-001
 6.1542910e-001
 6.1374617e-001
 6.1194652e-001
 6.1002427e-001
 6.0797864e-001
 6.0581118e-001
 6.0352212e-001
 6.0111028e-001
 5.9857261e-001
 5.9590733e-001
 5.9311461e-001
 5.9019327e-001
 5.8714372e-001
 5.8396792e-001
 5.8066815e-001
 5.7724917e-001
 5.7371610e-001
 5.7007569e-001
 5.6633610e-001
 5.6251186e-001
 5.5861753e-001
 5.5466807e-001
 5.5068344e-001
 5.4668105e-001
 5.4267913e-001
 5.3869283e-001
 5.3473413e-001
 5.3082299e-001
 5.2698457e-001
 5.2324712e-001
 5.1963252e-001
 5.1614678e-001
 5.1279575e-001
 5.0958544e-001
 5.0652838e-001
 5.0363708e-001
 5.0091743e-001
 4.9836242e-001
 4.9596152e-001
 4.9371022e-001
 4.9160942e-001
 4.8966217e-001
 4.8786661e-001
 4.8621124e-001
 4.8468328e-001
 4.8327178e-001
 4.8197213e-001
 4.8077866e-001
 4.7968650e-001
 4.7868809e-001
 4.7777522e-001
 4.7694021e-001
 4.7617742e-001
 4.7548020e-001
 4.7484338e-001
 4.7426230e-001
 4.7373268e-001
 4.7324976e-001
 4.7280753e-001
 4.7240025e-001
 4.7202227e-001
 4.7167000e-001
 4.7134101e-001
 4.7103125e-001
 4.7073746e-001
 4.7045597e-001
 4.7018385e-001
 4.6992067e-001
 4.6966532e-001
 4.6941468e-001
 4.6916404e-001
 4.6890751e-001
 4.6864173e-001
 4.6837068e-001
 4.6810004e-001
 4.6783254e-001
 4.6756756e-001
 4.6730381e-001
 4.6704003e-001
 4.6677816e-001
 4.6652088e-001
 4.6626902e-001
 4.6602693e-001
 4.6579650e-001
 4.6558100e-001
 4.6538150e-001
 4.6520007e-001
 4.6503773e-001
 4.6489432e-001
 4.6476918e-001
 4.6466479e-001
 4.6458563e-001
 4.6453834e-001
 4.6452856e-001
 4.6456343e-001
 4.6464831e-001
 4.6478656e-001
 4.6497113e-001
 4.6519592e-001
 4.6545601e-001
 4.6575582e-001
 4.6609911e-001
 4.6648788e-001
 4.6691826e-001
 4.6738371e-001
 4.6788153e-001
 4.6841183e-001
 4.6897501e-001
 4.6957147e-001
 4.7019702e-001
 4.7084600e-001
 4.7151577e-001
 4.7220653e-001
 4.7291812e-001
 4.7365028e-001
 4.7440144e-001
 4.7517067e-001
 4.7595406e-001
 4.7674716e-001
 4.7754338e-001
 4.7833836e-001
 4.7913167e-001
 4.7992346e-001
 4.8071176e-001
 4.8149377e-001
 4.8226488e-001
 4.8302031e-001
 4.8375270e-001
 4.8445475e-001
 4.8512214e-001
 4.8575848e-001
 4.8636752e-001
 4.8695356e-001
 4.8752162e-001
 4.8807663e-001
 4.8862052e-001
 4.8914924e-001
 4.8965657e-001
 4.9013841e-001
 4.9059603e-001
 4.9102995e-001
 4.9144274e-001
 4.9184072e-001
 4.9222931e-001
 4.9261367e-001
 4.9299300e-001
 4.9336591e-001
 4.9373296e-001
 4.9409512e-001
 4.9445426e-001
 4.9480960e-001
 4.9515951e-001
 4.9549982e-001
 4.9583218e-001
 4.9616516e-001
 4.9650869e-001
 4.9686706e-001
 4.9723211e-001
 4.9759397e-001
 4.9794695e-001
 4.9829310e-001
 4.9863771e-001
 4.9898297e-001
 4.9932870e-001
 4.9967366e-001
 5.0001723e-001
 5.0035590e-001
 5.0068629e-001
 5.0100726e-001
 5.0132251e-001
 5.0163579e-001
 5.0195074e-001
 5.0226533e-001
 5.0257695e-001
 5.0288594e-001
 5.0319296e-001
 5.0350082e-001
 5.0381106e-001
 5.0412399e-001
 5.0443912e-001
 5.0475711e-001
 5.0507551e-001
 5.0539321e-001
 5.0571001e-001
 5.0602871e-001
 5.0635338e-001
 5.0668615e-001
 5.0702536e-001
 5.0736845e-001
 5.0771719e-001
 5.0807965e-001
 5.0846612e-001
 5.0888348e-001
 5.0933349e-001
 5.0981635e-001
 5.1033318e-001
 5.1088685e-001
 5.1147974e-001
 5.1211345e-001
 5.1278979e-001
 5.1350951e-001
 5.1427346e-001
 5.1507950e-001
 5.1592606e-001
 5.1681131e-001
 5.1773208e-001
 5.1868451e-001
 5.1966476e-001
 5.2066827e-001
 5.2169049e-001
 5.2272671e-001
 5.2377284e-001
 5.2482665e-001
 5.2588475e-001
 5.2694923e-001
 5.2802116e-001
 5.2909833e-001
 5.3017336e-001
 5.3123599e-001
 5.3228098e-001
 5.3331292e-001
 5.3433716e-001
 5.3535485e-001
 5.3635728e-001
 5.3733534e-001
 5.3828156e-001
 5.3920180e-001
 5.4010135e-001
 5.4098272e-001
 5.4183972e-001
 5.4266566e-001
 5.4345798e-001
 5.4421860e-001
 5.4495203e-001
 5.4565924e-001
 5.4633754e-001
 5.4698318e-001
 5.4759353e-001
 5.4816872e-001
 5.4871094e-001
 5.4922056e-001
 5.4970056e-001
 5.5015486e-001
 5.5058265e-001
 5.5097520e-001
 5.5132383e-001
 5.5162215e-001
 5.5186880e-001
 5.5206323e-001
 5.5220443e-001
 5.5228949e-001
 5.5231476e-001
 5.5227888e-001
 5.5218029e-001
 5.5201709e-001
 5.5178827e-001
 5.5148768e-001
 5.5111092e-001
 5.5065566e-001
 5.5012858e-001
 5.4953712e-001
 5.4888755e-001
 5.4818010e-001
 5.4741496e-001
 5.4659259e-001
 5.4571861e-001
 5.4479837e-001
 5.4383862e-001
 5.4284555e-001
 5.4182601e-001
 5.4079103e-001
 5.3975576e-001
 5.3873724e-001
 5.3775150e-001
 5.3681087e-001
 5.3592968e-001
 5.3511697e-001
 5.3437489e-001
 5.3370494e-001
 5.3311050e-001
 5.3260094e-001
 5.3218514e-001
 5.3186756e-001
 5.3164178e-001
 5.3150016e-001
 5.3143406e-001
 5.3143144e-001
 5.3148043e-001
 5.3156865e-001
 5.3168023e-001
 5.3179967e-001
 5.3190958e-001
 5.3198892e-001
 5.3201681e-001
 5.3197592e-001
 5.3185773e-001
 5.3165698e-001
 5.3137302e-001
 5.3101879e-001
 5.3060985e-001
 5.3015715e-001
 5.2966619e-001
 5.2914041e-001
 5.2858877e-001
 5.2803123e-001
 5.2748984e-001
 5.2697939e-001
 5.2649844e-001
 5.2604568e-001
 5.2562034e-001
 5.2522469e-001
 5.2486169e-001
 5.2453327e-001
 5.2423537e-001
 5.2396446e-001
 5.2371442e-001
 5.2347571e-001
 5.2323896e-001
 5.2299511e-001
 5.2273953e-001
 5.2246732e-001
 5.2217406e-001
 5.2186102e-001
 5.2152646e-001
 5.2117521e-001
 5.2081579e-001
 5.2045870e-001
 5.2011293e-001
 5.1978153e-001
 5.1946789e-001
 5.1917869e-001
 5.1893049e-001
 5.1874089e-001
 5.1861960e-001
 5.1856190e-001
 5.1856202e-001
 5.1861238e-001
 5.1871127e-001
 5.1885462e-001
 5.1903778e-001
 5.1925343e-001
 5.1949310e-001
 5.1974630e-001
 5.1999986e-001
 5.2023983e-001
 5.2045441e-001
 5.2064031e-001
 5.2079397e-001
 5.2091324e-001
 5.2099913e-001
 5.2105403e-001
 5.2107954e-001
 5.2107990e-001
 5.2105874e-001
 5.2102083e-001
 5.2096927e-001
 5.2090734e-001
 5.2083457e-001
 5.2074486e-001
 5.2062839e-001
 5.2048326e-001
 5.2031541e-001
 5.2013308e-001
 5.1994473e-001
 5.1975691e-001
 5.1957625e-001
 5.1940745e-001
 5.1924771e-001
 5.1909548e-001
 5.1894826e-001
 5.1880819e-001
 5.1867515e-001
 5.1855171e-001
 5.1844025e-001
 5.1834440e-001
 5.1826632e-001
 5.1820487e-001
 5.1816058e-001
 5.1813322e-001
 5.1812112e-001
 5.1812470e-001
 5.1814145e-001
 5.1816314e-001
 5.1818192e-001
 5.1819426e-001
 5.1820654e-001
 5.1822752e-001
 5.1826137e-001
 5.1830465e-001
 5.1835203e-001
 5.1839936e-001
 5.1844472e-001
 5.1848459e-001
 5.1852250e-001
 5.1857007e-001
 5.1864171e-001
 5.1874602e-001
 5.1887703e-001
 5.1903003e-001
 5.1919854e-001
 5.1937926e-001
 5.1956993e-001
 5.1977271e-001
 5.2000213e-001
 5.2027601e-001
 5.2058178e-001
 5.2084368e-001
 5.2097702e-001
 5.2094221e-001
 5.2079546e-001
 5.2060837e-001
 5.2044052e-001
 5.2032954e-001
 5.2030998e-001
 5.2041018e-001
 5.2059680e-001
 5.2080077e-001
 5.2095771e-001
 5.2106678e-001
 5.2116585e-001
 5.2128816e-001
 5.2143818e-001
 5.2160013e-001
 5.2176148e-001
 5.2191705e-001
 5.2206856e-001
 5.2221930e-001
 5.2237403e-001
 5.2254188e-001
 5.2272904e-001
 5.2293527e-001
 5.2315408e-001
 5.2337939e-001
 5.2361494e-001
 5.2387142e-001
 5.2415568e-001
 5.2446485e-001
 5.2478576e-001
 5.2510959e-001
 5.2544063e-001
 5.2579337e-001
 5.2618057e-001
 5.2660418e-001
 5.2705747e-001
 5.2753472e-001
 5.2802694e-001
 5.2852345e-001
 5.2901542e-001
 5.2950603e-001
 5.3000605e-001
 5.3052485e-001
 5.3105032e-001
 5.3155798e-001
 5.3202546e-001
 5.3244877e-001
 5.3283828e-001
 5.3320068e-001
 5.3353894e-001
 5.3384894e-001
 5.3412795e-001
 5.3437382e-001
 5.3458363e-001
 5.3475565e-001
 5.3489083e-001
 5.3499109e-001
 5.3505915e-001
 5.3509259e-001
 5.3508526e-001
 5.3503293e-001
 5.3493088e-001
 5.3477538e-001
 5.3456360e-001
 5.3429681e-001
 5.3398043e-001
 5.3361976e-001
 5.3320187e-001
 5.3270561e-001
 5.3211164e-001
 5.3141201e-001
 5.3060812e-001
 5.2969885e-001
 5.2867866e-001
 5.2753747e-001
 5.2626455e-001
 5.2484781e-001
 5.2327371e-001
 5.2153045e-001
 5.1961219e-001
 5.1751804e-001
 5.1524794e-001
 5.1279771e-001
 5.1015937e-001
 5.0732654e-001
 5.0428843e-001
 5.0103378e-001
 4.9755099e-001
 4.9384150e-001
 4.8991334e-001
 4.8577580e-001
 4.8145205e-001
 4.7697276e-001
 4.7236618e-001
 4.6764264e-001
 4.6280000e-001
 4.5783967e-001
 4.5279726e-001
 4.4772777e-001
 4.4268653e-001
 4.3771082e-001
 4.3283287e-001
 4.2808175e-001
 4.2347455e-001
 4.1902214e-001
 4.1473490e-001
 4.1063800e-001
 4.0676424e-001
 4.0314257e-001
 3.9977685e-001
 3.9665177e-001
 3.9375585e-001
 3.9108035e-001
 3.8862106e-001
 3.8637429e-001
 3.8433713e-001
 3.8250822e-001
 3.8088614e-001
 3.7946105e-001
 3.7822080e-001
 3.7715143e-001
 3.7624621e-001
 3.7550128e-001
 3.7491220e-001
 3.7447095e-001
 3.7416744e-001
 3.7399077e-001
 3.7393123e-001
 3.7397867e-001
 3.7412456e-001
 3.7436736e-001
 3.7471062e-001
 3.7515590e-001
 3.7569708e-001
 3.7632054e-001
 3.7701380e-001
 3.7776482e-001
 3.7856081e-001
 3.7939140e-001
 3.8025403e-001
 3.8115162e-001
 3.8208789e-001
 3.8305539e-001
 3.8404265e-001
 3.8503894e-001
 3.8603672e-001
 3.8703066e-001
 3.8801551e-001
 3.8898784e-001
 3.8994414e-001
 3.9088088e-001
 3.9179307e-001
 3.9267537e-001
 3.9352235e-001
 3.9432716e-001
 3.9508209e-001
 3.9578098e-001
 3.9642766e-001
 3.9703152e-001
 3.9760163e-001
 3.9813960e-001
 3.9864206e-001
 3.9910793e-001
 3.9954719e-001
 3.9997810e-001
 4.0041786e-001
 4.0087292e-001
 4.0134379e-001
 4.0183222e-001
 4.0234292e-001
 4.0288407e-001
 4.0346169e-001
 4.0407634e-001
 4.0472412e-001
 4.0540034e-001
 4.0610376e-001
 4.0683341e-001
 4.0758786e-001
 4.0836555e-001
 4.0916285e-001
 4.0997711e-001
 4.1080102e-001
 4.1162732e-001
 4.1244745e-001
 4.1325173e-001
 4.1403055e-001
 4.1477472e-001
 4.1548690e-001
 4.1617653e-001
 4.1685092e-001
 4.1750452e-001
 4.1812372e-001
 4.1869420e-001
 4.1921049e-001
 4.1967013e-001
 4.2007005e-001
 4.2040452e-001
 4.2066467e-001
 4.2084235e-001
 4.2093870e-001
 4.2095965e-001
 4.2091063e-001
 4.2078841e-001
 4.2058462e-001
 4.2029232e-001
 4.1990709e-001
 4.1942966e-001
 4.1885886e-001
 4.1819578e-001
 4.1744286e-001
 4.1660118e-001
 4.1567251e-001
 4.1465804e-001
 4.1355941e-001
 4.1238114e-001
 4.1112971e-001
 4.0981251e-001
 4.0842864e-001
 4.0697533e-001
 4.0545058e-001
 4.0386948e-001
 4.0225405e-001
 4.0062645e-001
 3.9898387e-001
 3.9731124e-001
 3.9559305e-001
 3.9383480e-001
 3.9205092e-001
 3.9025697e-001
 3.8845918e-001
 3.8666096e-001
 3.8486421e-001
 3.8307339e-001
 3.8129699e-001
 3.7954041e-001
 3.7780663e-001
 3.7609845e-001
 3.7441587e-001
 3.7275335e-001
 3.7109998e-001
 3.6944729e-001
 3.6780351e-001
 3.6618397e-001
 3.6460641e-001
 3.6307165e-001
 3.6157307e-001
 3.6010540e-001
 3.5866499e-001
 3.5725233e-001
 3.5586551e-001
 3.5450777e-001
 3.5318148e-001
 3.5188806e-001
 3.5062143e-001
 3.4936872e-001
 3.4811851e-001
 3.4687716e-001
 3.4565890e-001
 3.4447807e-001
 3.4333798e-001
 3.4223697e-001
 3.4117129e-001
 3.4013575e-001
 3.3912238e-001
 3.3812454e-001
 3.3713809e-001
 3.3616194e-001
 3.3519572e-001
 3.3424643e-001
 3.3332571e-001
 3.3244476e-001
 3.3160484e-001
 3.3080140e-001
 3.3003023e-001
 3.2928845e-001
 3.2857499e-001
 3.2788897e-001
 3.2723573e-001
 3.2662490e-001
 3.2606453e-001
 3.2554644e-001
 3.2505402e-001
 3.2457137e-001
 3.2410070e-001
 3.2365444e-001
 3.2324442e-001
 3.2286954e-001
 3.2252175e-001
 3.2219228e-001
 3.2187462e-001
 3.2156274e-001
 3.2125139e-001
 3.2094422e-001
 3.2065114e-001
 3.2038054e-001
 3.2013351e-001
 3.1990641e-001
 3.1969678e-001
 3.1950587e-001
 3.1933859e-001
 3.1919932e-001
 3.1908545e-001
 3.1899104e-001
 3.1891072e-001
 3.1884423e-001
 3.1879446e-001
 3.1876484e-001
 3.1875578e-001
 3.1876513e-001
 3.1879160e-001
 3.1883794e-001
 3.1890756e-001
 3.1900328e-001
 3.1911933e-001
 3.1924281e-001
 3.1936318e-001
 3.1948119e-001
 3.1960496e-001
 3.1974059e-001
 3.1988683e-001
 3.2003576e-001
 3.2018119e-001
 3.2032388e-001
 3.2046992e-001
 3.2062477e-001
 3.2078913e-001
 3.2096106e-001
 3.2113823e-001
 3.2131621e-001
 3.2148814e-001
 3.2164964e-001
 3.2180995e-001
 3.2198724e-001
 3.2219762e-001
 3.2244405e-001
 3.2271984e-001
 3.2301936e-001
 3.2333916e-001
 3.2367831e-001
 3.2403585e-001
 3.2441533e-001
 3.2482132e-001
 3.2525924e-001
 3.2572135e-001
 3.2619405e-001
 3.2666573e-001
 3.2714239e-001
 3.2764068e-001
 3.2817596e-001
 3.2873851e-001
 3.2930413e-001
 3.2985163e-001
 3.3038646e-001
 3.3093029e-001
 3.3150345e-001
 3.3210811e-001
 3.3273664e-001
 3.3338183e-001
 3.3404487e-001
 3.3473277e-001
 3.3545047e-001
 3.3619690e-001
 3.3696747e-001
 3.3775485e-001
 3.3855224e-001
 3.3935130e-001
 3.4014332e-001
 3.4092778e-001
 3.4170699e-001
 3.4248382e-001
 3.4325239e-001
 3.4400344e-001
 3.4472761e-001
 3.4541914e-001
 3.4607640e-001
 3.4669715e-001
 3.4728804e-001
 3.4786066e-001
 3.4842548e-001
 3.4898287e-001
 3.4952456e-001
 3.5004374e-001
 3.5054177e-001
 3.5102257e-001
 3.5149020e-001
 3.5194582e-001
 3.5238650e-001
 3.5281116e-001
 3.5321954e-001
 3.5361275e-001
 3.5399142e-001
 3.5435548e-001
 3.5470384e-001
 3.5503507e-001
 3.5535017e-001
 3.5565132e-001
 3.5593969e-001
 3.5622358e-001
 3.5651484e-001
 3.5682285e-001
 3.5714543e-001
 3.5747230e-001
 3.5779399e-001
 3.5810608e-001
 3.5840678e-001
 3.5869524e-001
 3.5896727e-001
 3.5921714e-001
 3.5943842e-001
 3.5962310e-001
 3.5976139e-001
 3.5984421e-001
 3.5987255e-001
 3.5985139e-001
 3.5978588e-001
 3.5967326e-001
 3.5950473e-001
 3.5927215e-001
 3.5897458e-001
 3.5861477e-001
 3.5819447e-001
 3.5771507e-001
 3.5717601e-001
 3.5657638e-001
 3.5590979e-001
 3.5516787e-001
 3.5434166e-001
 3.5342723e-001
 3.5242280e-001
 3.5132754e-001
 3.5014507e-001
 3.4888080e-001
 3.4754014e-001
 3.4612748e-001
 3.4464592e-001
 3.4309846e-001
 3.4149686e-001
 3.3985600e-001
 3.3818933e-001
 3.3649740e-001
 3.3477199e-001
 3.3300656e-001
 3.3120263e-001
 3.2937008e-001
 3.2751644e-001
 3.2564637e-001
 3.2376385e-001
 3.2187057e-001
 3.1997082e-001
 3.1806663e-001
 3.1616285e-001
 3.1425914e-001
 3.1235278e-001
 3.1044334e-001
 3.0853149e-001
 3.0662018e-001
 3.0471390e-001
 3.0282304e-001
 3.0096155e-001
 2.9914433e-001
 2.9738772e-001
 2.9570717e-001
 2.9411799e-001
 2.9262507e-001
 2.9122651e-001
 2.8992119e-001
 2.8872159e-001
 2.8764784e-001
 2.8671750e-001
 2.8593424e-001
 2.8529239e-001
 2.8478616e-001
 2.8441560e-001
 2.8418362e-001
 2.8409252e-001
 2.8413013e-001
 2.8427702e-001
 2.8451392e-001
 2.8483307e-001
 2.8523350e-001
 2.8571242e-001
 2.8625852e-001
 2.8685433e-001
 2.8748202e-001
 2.8812149e-001
 2.8875026e-001
 2.8934780e-001
 2.8990886e-001
 2.9043588e-001
 2.9093185e-001
 2.9138961e-001
 2.9179770e-001
 2.9214445e-001
 2.9242340e-001
 2.9263064e-001
 2.9276308e-001
 2.9282340e-001
 2.9281905e-001
 2.9275605e-001
 2.9263338e-001
 2.9244703e-001
 2.9219207e-001
 2.9187152e-001
 2.9149169e-001
 2.9105964e-001
 2.9058930e-001
 2.9009891e-001
 2.8960559e-001
 2.8911793e-001
 2.8863895e-001
 2.8817180e-001
 2.8771195e-001
 2.8725046e-001
 2.8678060e-001
 2.8630459e-001
 2.8583094e-001
 2.8536758e-001
 2.8491297e-001
 2.8445822e-001
 2.8399673e-001
 2.8353181e-001
 2.8307232e-001
 2.8262615e-001
 2.8219396e-001
 2.8177103e-001
 2.8135350e-001
 2.8094795e-001
 2.8056762e-001
 2.8022364e-001
 2.7991450e-001
 2.7963063e-001
 2.7936360e-001
 2.7911615e-001
 2.7889827e-001
 2.7871886e-001
 2.7858302e-001
 2.7849430e-001
 2.7845448e-001
 2.7845865e-001
 2.7849835e-001
 2.7856517e-001
 2.7866018e-001
 2.7878970e-001
 2.7895954e-001
 2.7916682e-001
 2.7940413e-001
 2.7966389e-001
 2.7993920e-001
 2.8022331e-001
 2.8050953e-001
 2.8078926e-001
 2.8105322e-001
 2.8129438e-001
 2.8152367e-001
 2.8176337e-001
 2.8203246e-001
 2.8231397e-001
 2.8256950e-001
 2.8276488e-001
 2.8289884e-001
 2.8299159e-001
 2.8306177e-001
 2.8311241e-001
 2.8313848e-001
 2.8313410e-001
 2.8309867e-001
 2.8303376e-001
 2.8294152e-001
 2.8283635e-001
 2.8273806e-001
 2.8266603e-001
 2.8261870e-001
 2.8258464e-001
 2.8255212e-001
 2.8252521e-001
 2.8251544e-001
 2.8253323e-001
 2.8257227e-001
 2.8261572e-001
 2.8264874e-001
 2.8267026e-001
 2.8268826e-001
 2.8271043e-001
 2.8274155e-001
 2.8278494e-001
 2.8284419e-001
 2.8293070e-001
 2.8305900e-001
 2.8324190e-001
 2.8347075e-001
 2.8372383e-001
 2.8398028e-001
 2.8423005e-001
 2.8446880e-001
 2.8469294e-001
 2.8489894e-001
 2.8508350e-001
 2.8524312e-001
 2.8537256e-001
 2.8546470e-001
 2.8551325e-001
 2.8551781e-001
 2.8548104e-001
 2.8540581e-001
 2.8529015e-001
 2.8512934e-001
 2.8491816e-001
 2.8465199e-001
 2.8432551e-001
 2.8393418e-001
 2.8348142e-001
 2.8297454e-001
 2.8242072e-001
 2.8182667e-001
 2.8119731e-001
 2.8053680e-001
 2.7983698e-001
 2.7908018e-001
 2.7825406e-001
 2.7738023e-001
 2.7650341e-001
 2.7566203e-001
 2.7483937e-001
 2.7398723e-001
 2.7306095e-001
 2.7206331e-001
 2.7102590e-001
 2.6997739e-001
 2.6892322e-001
 2.6785383e-001
 2.6676220e-001
 2.6565722e-001
 2.6455769e-001
 2.6348019e-001
 2.6241595e-001
 2.6133972e-001
 2.6022813e-001
 2.5906843e-001
 2.5785401e-001
 2.5658041e-001
 2.5526300e-001
 2.5392812e-001
 2.5260219e-001
 2.5131494e-001
 2.5009620e-001
 2.4896918e-001
 2.4789162e-001
 2.4678122e-001
 2.4556369e-001
 2.4425223e-001
 2.4291252e-001
 2.4160443e-001
 2.4032526e-001
 2.3903769e-001
 2.3770796e-001
 2.3635621e-001
 2.3503627e-001
 2.3379520e-001
 2.3262186e-001
 2.3147078e-001
 2.3029977e-001
 2.2909820e-001
 2.2787423e-001
 2.2663826e-001
 2.2540030e-001
 2.2417206e-001
 2.2296721e-001
 2.2181337e-001
 2.2074720e-001
 2.1979962e-001
 2.1894532e-001
 2.1812437e-001
 2.1728063e-001
 2.1640150e-001
 2.1549925e-001
 2.1458617e-001
 2.1367142e-001
 2.1276155e-001
 2.1186915e-001
 2.1106328e-001
 2.1044767e-001
 2.1010809e-001
 2.0995204e-001
 2.0978077e-001
 2.0941611e-001
 2.0889583e-001
 2.0838651e-001
 2.0803952e-001
 2.0783366e-001
 2.0764574e-001
 2.0736633e-001
 2.0703295e-001
 2.0677106e-001
 2.0669524e-001
 2.0679997e-001
 2.0700844e-001
 2.0724513e-001
 2.0745464e-001
 2.0759413e-001
 2.0762525e-001
-1.2300000e+034
