s07_ASD Record=18590: Nylon_Fabric GDS431 Red RpSt ASDFRa AREF
-1.2300000e+034
 4.3279327e-002
 4.3282293e-002
 4.3308318e-002
 4.3351114e-002
 4.3411050e-002
 4.3493241e-002
 4.3555662e-002
 4.3528609e-002
 4.3354377e-002
 4.3101713e-002
 4.2914227e-002
 4.2920943e-002
 4.3088995e-002
 4.3290067e-002
 4.3404236e-002
 4.3412201e-002
 4.3353800e-002
 4.3267991e-002
 4.3175351e-002
 4.3085497e-002
 4.3007754e-002
 4.2951468e-002
 4.2926088e-002
 4.2938173e-002
 4.2966366e-002
 4.2972691e-002
 4.2922810e-002
 4.2820532e-002
 4.2692035e-002
 4.2563722e-002
 4.2458799e-002
 4.2398516e-002
 4.2399425e-002
 4.2427067e-002
 4.2416908e-002
 4.2312630e-002
 4.2147297e-002
 4.2006623e-002
 4.1967131e-002
 4.2004324e-002
 4.2034052e-002
 4.1980814e-002
 4.1866418e-002
 4.1769981e-002
 4.1762397e-002
 4.1820887e-002
 4.1867565e-002
 4.1832224e-002
 4.1731987e-002
 4.1635446e-002
 4.1605141e-002
 4.1634280e-002
 4.1675340e-002
 4.1684534e-002
 4.1662466e-002
 4.1636139e-002
 4.1629899e-002
 4.1638486e-002
 4.1639235e-002
 4.1612446e-002
 4.1571729e-002
 4.1550469e-002
 4.1577704e-002
 4.1636012e-002
 4.1680336e-002
 4.1669872e-002
 4.1609440e-002
 4.1530993e-002
 4.1464519e-002
 4.1417614e-002
 4.1384332e-002
 4.1358523e-002
 4.1331466e-002
 4.1293122e-002
 4.1234463e-002
 4.1157614e-002
 4.1071389e-002
 4.0983811e-002
 4.0894121e-002
 4.0796492e-002
 4.0686131e-002
 4.0569663e-002
 4.0460639e-002
 4.0370550e-002
 4.0289734e-002
 4.0196050e-002
 4.0070280e-002
 3.9925221e-002
 3.9792504e-002
 3.9700590e-002
 3.9641991e-002
 3.9587952e-002
 3.9512306e-002
 3.9418094e-002
 3.9325502e-002
 3.9252754e-002
 3.9194874e-002
 3.9133180e-002
 3.9050873e-002
 3.8953360e-002
 3.8858965e-002
 3.8783886e-002
 3.8719937e-002
 3.8644727e-002
 3.8537625e-002
 3.8398776e-002
 3.8240604e-002
 3.8074922e-002
 3.7905540e-002
 3.7731633e-002
 3.7551958e-002
 3.7363358e-002
 3.7161369e-002
 3.6942344e-002
 3.6710165e-002
 3.6473237e-002
 3.6239102e-002
 3.6006488e-002
 3.5768710e-002
 3.5519954e-002
 3.5262782e-002
 3.5004720e-002
 3.4752730e-002
 3.4506783e-002
 3.4262754e-002
 3.4016866e-002
 3.3770554e-002
 3.3528145e-002
 3.3293735e-002
 3.3068661e-002
 3.2852698e-002
 3.2645505e-002
 3.2446627e-002
 3.2255393e-002
 3.2071359e-002
 3.1894762e-002
 3.1726431e-002
 3.1566802e-002
 3.1412993e-002
 3.1260010e-002
 3.1103695e-002
 3.0947983e-002
 3.0801607e-002
 3.0672276e-002
 3.0555822e-002
 3.0441172e-002
 3.0318441e-002
 3.0191043e-002
 3.0070255e-002
 2.9966267e-002
 2.9877806e-002
 2.9796617e-002
 2.9715076e-002
 2.9631695e-002
 2.9548658e-002
 2.9468240e-002
 2.9393867e-002
 2.9329568e-002
 2.9278614e-002
 2.9236421e-002
 2.9193865e-002
 2.9142831e-002
 2.9086620e-002
 2.9035417e-002
 2.8998436e-002
 2.8975239e-002
 2.8959649e-002
 2.8945662e-002
 2.8929889e-002
 2.8910508e-002
 2.8886177e-002
 2.8860593e-002
 2.8840385e-002
 2.8831463e-002
 2.8831696e-002
 2.8834239e-002
 2.8833011e-002
 2.8830394e-002
 2.8833777e-002
 2.8849633e-002
 2.8874394e-002
 2.8898539e-002
 2.8913448e-002
 2.8920339e-002
 2.8926259e-002
 2.8937778e-002
 2.8955840e-002
 2.8978072e-002
 2.9002301e-002
 2.9028662e-002
 2.9058672e-002
 2.9093668e-002
 2.9132895e-002
 2.9174360e-002
 2.9216288e-002
 2.9259207e-002
 2.9305007e-002
 2.9355573e-002
 2.9412661e-002
 2.9477902e-002
 2.9552788e-002
 2.9637078e-002
 2.9729523e-002
 2.9829141e-002
 2.9937956e-002
 3.0059753e-002
 3.0198161e-002
 3.0354785e-002
 3.0530091e-002
 3.0724764e-002
 3.0941937e-002
 3.1186193e-002
 3.1462017e-002
 3.1772520e-002
 3.2120042e-002
 3.2507204e-002
 3.2939665e-002
 3.3424787e-002
 3.3969998e-002
 3.4582585e-002
 3.5269704e-002
 3.6038797e-002
 3.6899719e-002
 3.7863608e-002
 3.8941953e-002
 4.0148336e-002
 4.1497692e-002
 4.3004252e-002
 4.4677686e-002
 4.6524759e-002
 4.8553057e-002
 5.0779175e-002
 5.3225111e-002
 5.5911817e-002
 5.8852989e-002
 6.2057741e-002
 6.5535381e-002
 6.9295250e-002
 7.3347643e-002
 7.7702589e-002
 8.2365468e-002
 8.7340176e-002
 9.2630520e-002
 9.8238565e-002
 1.0416684e-001
 1.1041722e-001
 1.1698934e-001
 1.2388006e-001
 1.3108756e-001
 1.3861144e-001
 1.4645243e-001
 1.5461002e-001
 1.6307151e-001
 1.7181516e-001
 1.8081988e-001
 1.9005521e-001
 1.9948621e-001
 2.0907703e-001
 2.1880172e-001
 2.2863892e-001
 2.3856680e-001
 2.4855927e-001
 2.5858825e-001
 2.6862365e-001
 2.7863413e-001
 2.8858611e-001
 2.9844648e-001
 3.0818012e-001
 3.1775314e-001
 3.2713288e-001
 3.3630124e-001
 3.4524879e-001
 3.5396695e-001
 3.6244524e-001
 3.7067482e-001
 3.7864539e-001
 3.8633794e-001
 3.9372790e-001
 4.0079311e-001
 4.0753475e-001
 4.1396928e-001
 4.2011127e-001
 4.2596817e-001
 4.3154332e-001
 4.3683961e-001
 4.4186479e-001
 4.4662684e-001
 4.5113522e-001
 4.5539889e-001
 4.5942920e-001
 4.6323505e-001
 4.6682918e-001
 4.7022372e-001
 4.7342992e-001
 4.7645894e-001
 4.7931832e-001
 4.8201770e-001
 4.8456484e-001
 4.8697034e-001
 4.8924294e-001
 4.9139109e-001
 4.9342468e-001
 4.9535161e-001
 4.9717692e-001
 4.9890548e-001
 5.0054067e-001
 5.0208783e-001
 5.0355178e-001
 5.0493950e-001
 5.0625563e-001
 5.0750518e-001
 5.0869310e-001
 5.0982243e-001
 5.1089519e-001
 5.1191342e-001
 5.1288301e-001
 5.1381123e-001
 5.1470548e-001
 5.1556867e-001
 5.1640171e-001
 5.1720542e-001
 5.1797903e-001
 5.1872170e-001
 5.1943260e-001
 5.2011645e-001
 5.2078074e-001
 5.2143234e-001
 5.2207065e-001
 5.2269059e-001
 5.2328783e-001
 5.2386409e-001
 5.2442557e-001
 5.2497798e-001
 5.2552032e-001
 5.2605021e-001
 5.2656502e-001
 5.2706563e-001
 5.2755558e-001
 5.2803802e-001
 5.2851152e-001
 5.2897274e-001
 5.2941710e-001
 5.2984339e-001
 5.3025109e-001
 5.3064024e-001
 5.3101200e-001
 5.3136891e-001
 5.3171325e-001
 5.3204584e-001
 5.3236443e-001
 5.3266889e-001
 5.3295720e-001
 5.3322715e-001
 5.3347689e-001
 5.3370917e-001
 5.3392911e-001
 5.3414148e-001
 5.3434777e-001
 5.3454727e-001
 5.3473938e-001
 5.3492314e-001
 5.3509754e-001
 5.3526175e-001
 5.3541601e-001
 5.3556138e-001
 5.3569889e-001
 5.3582925e-001
 5.3595281e-001
 5.3607029e-001
 5.3618139e-001
 5.3628618e-001
 5.3638422e-001
 5.3647596e-001
 5.3656274e-001
 5.3664523e-001
 5.3672296e-001
 5.3679442e-001
 5.3685814e-001
 5.3691703e-001
 5.3697550e-001
 5.3703797e-001
 5.3710037e-001
 5.3715426e-001
 5.3719217e-001
 5.3721750e-001
 5.3724009e-001
 5.3726882e-001
 5.3730124e-001
 5.3732830e-001
 5.3734189e-001
 5.3734571e-001
 5.3734964e-001
 5.3736311e-001
 5.3738457e-001
 5.3740543e-001
 5.3741789e-001
 5.3741819e-001
 5.3740501e-001
 5.3737795e-001
 5.3734279e-001
 5.3730959e-001
 5.3728712e-001
 5.3727335e-001
 5.3725898e-001
 5.3723758e-001
 5.3720981e-001
 5.3718203e-001
 5.3716046e-001
 5.3714603e-001
 5.3713667e-001
 5.3713006e-001
 5.3712428e-001
 5.3711742e-001
 5.3710765e-001
 5.3709263e-001
 5.3706980e-001
 5.3703731e-001
 5.3699857e-001
 5.3696001e-001
 5.3692740e-001
 5.3689855e-001
 5.3686696e-001
 5.3682625e-001
 5.3677773e-001
 5.3672731e-001
 5.3668034e-001
 5.3663719e-001
 5.3659540e-001
 5.3655261e-001
 5.3650743e-001
 5.3645891e-001
 5.3640628e-001
 5.3634876e-001
 5.3628558e-001
 5.3621626e-001
 5.3614491e-001
 5.3607768e-001
 5.3602010e-001
 5.3596818e-001
 5.3591239e-001
 5.3584445e-001
 5.3576881e-001
 5.3569758e-001
 5.3564209e-001
 5.3559732e-001
 5.3555065e-001
 5.3549063e-001
 5.3541827e-001
 5.3534210e-001
 5.3527051e-001
 5.3520536e-001
 5.3514552e-001
 5.3508961e-001
 5.3503412e-001
 5.3497481e-001
 5.3490800e-001
 5.3483433e-001
 5.3475773e-001
 5.3468168e-001
 5.3460664e-001
 5.3453207e-001
 5.3445697e-001
 5.3438276e-001
 5.3431201e-001
 5.3424692e-001
 5.3418505e-001
 5.3412169e-001
 5.3405225e-001
 5.3397906e-001
 5.3390837e-001
 5.3384531e-001
 5.3378779e-001
 5.3372914e-001
 5.3366321e-001
 5.3359145e-001
 5.3351951e-001
 5.3345281e-001
 5.3339231e-001
 5.3333676e-001
 5.3328443e-001
 5.3323388e-001
 5.3318369e-001
 5.3313208e-001
 5.3307766e-001
 5.3301877e-001
 5.3295439e-001
 5.3288585e-001
 5.3281647e-001
 5.3274941e-001
 5.3268558e-001
 5.3262436e-001
 5.3256571e-001
 5.3250861e-001
 5.3245252e-001
 5.3239655e-001
 5.3234124e-001
 5.3228796e-001
 5.3223777e-001
 5.3218871e-001
 5.3213763e-001
 5.3208172e-001
 5.3202158e-001
 5.3196043e-001
 5.3190118e-001
 5.3184479e-001
 5.3179121e-001
 5.3174025e-001
 5.3168917e-001
 5.3163558e-001
 5.3157622e-001
 5.3151280e-001
 5.3144997e-001
 5.3139168e-001
 5.3133583e-001
 5.3127658e-001
 5.3120869e-001
 5.3113389e-001
 5.3105766e-001
 5.3098547e-001
 5.3091812e-001
 5.3085399e-001
 5.3079152e-001
 5.3073043e-001
 5.3067112e-001
 5.3061414e-001
 5.3055876e-001
 5.3050423e-001
 5.3044915e-001
 5.3039086e-001
 5.3032589e-001
 5.3025126e-001
 5.3016949e-001
 5.3008640e-001
 5.3000736e-001
 5.2993196e-001
 5.2985620e-001
 5.2977675e-001
 5.2969342e-001
 5.2960795e-001
 5.2952212e-001
 5.2943712e-001
 5.2935356e-001
 5.2927184e-001
 5.2919173e-001
 5.2911228e-001
 5.2903259e-001
 5.2894908e-001
 5.2885717e-001
 5.2875274e-001
 5.2863812e-001
 5.2851766e-001
 5.2839708e-001
 5.2827615e-001
 5.2815211e-001
 5.2802199e-001
 5.2788526e-001
 5.2774251e-001
 5.2759463e-001
 5.2744406e-001
 5.2729481e-001
 5.2714974e-001
 5.2700722e-001
 5.2686208e-001
 5.2671033e-001
 5.2655607e-001
 5.2640873e-001
 5.2627671e-001
 5.2616018e-001
 5.2605438e-001
 5.2595478e-001
 5.2586240e-001
 5.2578062e-001
 5.2571303e-001
 5.2565897e-001
 5.2561551e-001
 5.2558023e-001
 5.2555597e-001
 5.2554846e-001
 5.2556282e-001
 5.2559447e-001
 5.2563322e-001
 5.2566993e-001
 5.2570629e-001
 5.2575064e-001
 5.2581048e-001
 5.2588475e-001
 5.2596736e-001
 5.2605253e-001
 5.2613616e-001
 5.2621555e-001
 5.2628791e-001
 5.2635098e-001
 5.2640253e-001
 5.2644080e-001
 5.2646732e-001
 5.2648580e-001
 5.2649933e-001
 5.2650815e-001
 5.2651036e-001
 5.2650476e-001
 5.2649540e-001
 5.2648938e-001
 5.2649438e-001
 5.2650636e-001
 5.2651620e-001
 5.2651542e-001
 5.2650410e-001
 5.2648717e-001
 5.2646935e-001
 5.2645200e-001
 5.2643436e-001
 5.2641535e-001
 5.2639365e-001
 5.2636892e-001
 5.2634007e-001
 5.2630901e-001
 5.2627987e-001
 5.2625597e-001
 5.2623540e-001
 5.2621275e-001
 5.2618384e-001
 5.2615291e-001
 5.2612978e-001
 5.2612233e-001
 5.2611911e-001
 5.2609652e-001
 5.2603573e-001
 5.2594960e-001
 5.2587134e-001
 5.2583063e-001
 5.2582127e-001
 5.2581537e-001
 5.2578741e-001
 5.2573758e-001
 5.2568167e-001
 5.2563286e-001
 5.2559286e-001
 5.2555501e-001
 5.2551323e-001
 5.2546674e-001
 5.2541804e-001
 5.2536941e-001
 5.2532262e-001
 5.2527833e-001
 5.2523780e-001
 5.2519453e-001
 5.2514058e-001
 5.2506822e-001
 5.2498049e-001
 5.2488732e-001
 5.2479601e-001
 5.2470720e-001
 5.2461594e-001
 5.2451766e-001
 5.2441001e-001
 5.2430034e-001
 5.2419716e-001
 5.2410501e-001
 5.2402526e-001
 5.2395838e-001
 5.2390313e-001
 5.2385849e-001
 5.2382320e-001
 5.2379405e-001
 5.2376831e-001
 5.2374309e-001
 5.2370995e-001
 5.2365321e-001
 5.2355605e-001
 5.2341563e-001
 5.2326500e-001
 5.2314174e-001
 5.2306277e-001
 5.2300352e-001
 5.2293307e-001
 5.2283490e-001
 5.2272356e-001
 5.2261853e-001
 5.2253520e-001
 5.2248502e-001
 5.2247804e-001
 5.2250534e-001
 5.2251589e-001
 5.2245349e-001
 5.2229941e-001
 5.2212262e-001
 5.2200198e-001
 5.2197623e-001
 5.2199429e-001
 5.2199274e-001
 5.2193975e-001
 5.2186954e-001
 5.2182752e-001
 5.2183205e-001
 5.2184838e-001
 5.2183229e-001
 5.2176273e-001
 5.2166677e-001
 5.2157801e-001
 5.2151978e-001
 5.2149028e-001
 5.2148581e-001
 5.2149892e-001
 5.2151775e-001
 5.2152801e-001
 5.2152109e-001
 5.2149993e-001
 5.2146816e-001
 5.2143478e-001
 5.2141511e-001
 5.2142537e-001
 5.2147424e-001
 5.2154839e-001
 5.2163154e-001
 5.2171308e-001
 5.2178955e-001
 5.2185929e-001
 5.2192062e-001
 5.2197230e-001
 5.2201301e-001
 5.2204174e-001
 5.2205735e-001
 5.2205873e-001
 5.2204448e-001
 5.2201283e-001
 5.2196211e-001
 5.2189803e-001
 5.2184755e-001
 5.2183837e-001
 5.2188104e-001
 5.2194238e-001
 5.2198410e-001
 5.2198964e-001
 5.2199167e-001
 5.2202743e-001
 5.2211595e-001
 5.2222812e-001
 5.2232933e-001
 5.2239382e-001
 5.2241600e-001
 5.2239347e-001
 5.2233291e-001
 5.2226764e-001
 5.2223265e-001
 5.2224714e-001
 5.2229166e-001
 5.2234387e-001
 5.2238363e-001
 5.2239949e-001
 5.2238208e-001
 5.2233404e-001
 5.2229154e-001
 5.2229327e-001
 5.2235377e-001
 5.2243066e-001
 5.2247608e-001
 5.2245873e-001
 5.2239084e-001
 5.2228874e-001
 5.2217400e-001
 5.2207857e-001
 5.2203494e-001
 5.2205867e-001
 5.2212143e-001
 5.2218974e-001
 5.2224123e-001
 5.2227998e-001
 5.2231169e-001
 5.2233952e-001
 5.2235794e-001
 5.2236003e-001
 5.2234060e-001
 5.2229995e-001
 5.2223867e-001
 5.2216178e-001
 5.2208447e-001
 5.2202445e-001
 5.2198577e-001
 5.2194369e-001
 5.2187061e-001
 5.2175236e-001
 5.2160805e-001
 5.2146214e-001
 5.2132672e-001
 5.2119273e-001
 5.2104783e-001
 5.2088517e-001
 5.2070898e-001
 5.2052319e-001
 5.2033073e-001
 5.2012503e-001
 5.1989764e-001
 5.1964885e-001
 5.1940054e-001
 5.1917344e-001
 5.1897395e-001
 5.1876819e-001
 5.1851743e-001
 5.1820618e-001
 5.1786727e-001
 5.1753902e-001
 5.1724571e-001
 5.1697665e-001
 5.1671463e-001
 5.1644784e-001
 5.1617002e-001
 5.1587498e-001
 5.1556224e-001
 5.1523876e-001
 5.1491374e-001
 5.1459312e-001
 5.1427954e-001
 5.1397341e-001
 5.1367152e-001
 5.1335728e-001
 5.1301432e-001
 5.1263434e-001
 5.1223552e-001
 5.1183724e-001
 5.1144445e-001
 5.1103151e-001
 5.1056784e-001
 5.1003504e-001
 5.0944257e-001
 5.0880325e-001
 5.0813001e-001
 5.0743574e-001
 5.0673288e-001
 5.0602728e-001
 5.0530595e-001
 5.0455564e-001
 5.0377363e-001
 5.0298363e-001
 5.0221205e-001
 5.0146854e-001
 5.0072616e-001
 4.9995184e-001
 4.9913365e-001
 4.9830607e-001
 4.9750856e-001
 4.9676591e-001
 4.9606568e-001
 4.9539128e-001
 4.9473685e-001
 4.9412018e-001
 4.9356177e-001
 4.9307939e-001
 4.9267885e-001
 4.9236673e-001
 4.9214771e-001
 4.9202856e-001
 4.9201417e-001
 4.9210274e-001
 4.9227455e-001
 4.9250600e-001
 4.9278158e-001
 4.9310005e-001
 4.9346232e-001
 4.9387732e-001
 4.9437413e-001
 4.9498379e-001
 4.9571490e-001
 4.9652553e-001
 4.9736753e-001
 4.9820718e-001
 4.9904123e-001
 4.9987003e-001
 5.0069720e-001
 5.0153261e-001
 5.0238597e-001
 5.0325614e-001
 5.0411773e-001
 5.0494081e-001
 5.0570482e-001
 5.0640517e-001
 5.0703996e-001
 5.0761259e-001
 5.0813890e-001
 5.0863659e-001
 5.0911707e-001
 5.0958103e-001
 5.1002890e-001
 5.1045740e-001
 5.1085800e-001
 5.1122284e-001
 5.1155430e-001
 5.1187867e-001
 5.1222658e-001
 5.1261252e-001
 5.1301575e-001
 5.1341170e-001
 5.1378149e-001
 5.1412004e-001
 5.1442456e-001
 5.1469690e-001
 5.1495183e-001
 5.1520443e-001
 5.1546055e-001
 5.1570231e-001
 5.1590949e-001
 5.1607162e-001
 5.1620215e-001
 5.1631641e-001
 5.1642430e-001
 5.1652247e-001
 5.1660556e-001
 5.1667005e-001
 5.1671380e-001
 5.1673591e-001
 5.1673704e-001
 5.1672328e-001
 5.1669961e-001
 5.1666796e-001
 5.1662141e-001
 5.1655048e-001
 5.1645780e-001
 5.1637095e-001
 5.1632082e-001
 5.1631916e-001
 5.1633734e-001
 5.1634204e-001
 5.1631540e-001
 5.1627833e-001
 5.1625627e-001
 5.1626486e-001
 5.1630110e-001
 5.1635784e-001
 5.1642841e-001
 5.1650357e-001
 5.1657325e-001
 5.1662976e-001
 5.1666522e-001
 5.1667309e-001
 5.1665765e-001
 5.1664358e-001
 5.1665974e-001
 5.1672101e-001
 5.1681113e-001
 5.1690936e-001
 5.1699942e-001
 5.1707006e-001
 5.1711279e-001
 5.1712495e-001
 5.1712400e-001
 5.1712722e-001
 5.1714712e-001
 5.1718140e-001
 5.1722419e-001
 5.1727241e-001
 5.1732290e-001
 5.1737297e-001
 5.1741976e-001
 5.1745576e-001
 5.1747382e-001
 5.1747227e-001
 5.1746649e-001
 5.1747340e-001
 5.1750034e-001
 5.1753485e-001
 5.1756191e-001
 5.1757097e-001
 5.1756161e-001
 5.1753366e-001
 5.1749295e-001
 5.1745665e-001
 5.1744372e-001
 5.1746166e-001
 5.1749152e-001
 5.1751250e-001
 5.1751208e-001
 5.1749736e-001
 5.1747984e-001
 5.1746738e-001
 5.1746303e-001
 5.1746923e-001
 5.1748794e-001
 5.1751846e-001
 5.1756030e-001
 5.1761019e-001
 5.1765913e-001
 5.1769674e-001
 5.1771849e-001
 5.1773125e-001
 5.1774502e-001
 5.1776332e-001
 5.1777846e-001
 5.1778054e-001
 5.1776397e-001
 5.1773214e-001
 5.1769030e-001
 5.1764125e-001
 5.1758635e-001
 5.1752561e-001
 5.1746112e-001
 5.1739937e-001
 5.1734608e-001
 5.1730567e-001
 5.1727235e-001
 5.1724190e-001
 5.1720864e-001
 5.1716602e-001
 5.1710773e-001
 5.1702583e-001
 5.1690733e-001
 5.1673865e-001
 5.1651657e-001
 5.1625693e-001
 5.1597989e-001
 5.1569605e-001
 5.1539868e-001
 5.1507747e-001
 5.1472485e-001
 5.1433873e-001
 5.1391548e-001
 5.1345444e-001
 5.1295596e-001
 5.1242173e-001
 5.1185352e-001
 5.1125532e-001
 5.1063347e-001
 5.0999153e-001
 5.0933230e-001
 5.0865883e-001
 5.0797242e-001
 5.0727057e-001
 5.0655180e-001
 5.0582165e-001
 5.0510502e-001
 5.0443059e-001
 5.0381500e-001
 5.0325549e-001
 5.0274712e-001
 5.0229090e-001
 5.0190377e-001
 5.0160521e-001
 5.0140059e-001
 5.0126678e-001
 5.0117576e-001
 5.0111061e-001
 5.0108004e-001
 5.0109583e-001
 5.0115597e-001
 5.0123030e-001
 5.0128371e-001
 5.0129443e-001
 5.0126594e-001
 5.0120598e-001
 5.0112379e-001
 5.0103003e-001
 5.0093532e-001
 5.0084341e-001
 5.0074434e-001
 5.0062579e-001
 5.0048327e-001
 5.0033242e-001
 5.0019062e-001
 5.0007182e-001
 4.9998024e-001
 4.9991807e-001
 4.9988505e-001
 4.9987426e-001
 4.9987707e-001
 4.9988979e-001
 4.9991983e-001
 4.9997485e-001
 5.0005633e-001
 5.0015104e-001
 5.0024235e-001
 5.0032425e-001
 5.0040895e-001
 5.0051177e-001
 5.0064063e-001
 5.0078720e-001
 5.0094086e-001
 5.0109452e-001
 5.0124842e-001
 5.0140363e-001
 5.0156128e-001
 5.0172150e-001
 5.0188398e-001
 5.0205261e-001
 5.0223541e-001
 5.0244278e-001
 5.0267881e-001
 5.0293738e-001
 5.0321025e-001
 5.0349039e-001
 5.0377625e-001
 5.0406420e-001
 5.0435102e-001
 5.0462794e-001
 5.0488496e-001
 5.0511998e-001
 5.0534725e-001
 5.0558233e-001
 5.0583071e-001
 5.0607175e-001
 5.0628251e-001
 5.0645047e-001
 5.0658733e-001
 5.0670832e-001
 5.0682259e-001
 5.0692761e-001
 5.0702012e-001
 5.0709945e-001
 5.0717473e-001
 5.0725609e-001
 5.0734437e-001
 5.0742024e-001
 5.0746101e-001
 5.0745291e-001
 5.0740594e-001
 5.0733215e-001
 5.0723487e-001
 5.0709951e-001
 5.0690973e-001
 5.0665456e-001
 5.0633824e-001
 5.0596637e-001
 5.0554144e-001
 5.0506067e-001
 5.0452137e-001
 5.0392586e-001
 5.0329643e-001
 5.0265473e-001
 5.0202036e-001
 5.0140256e-001
 5.0081068e-001
 5.0025398e-001
 4.9974269e-001
 4.9928713e-001
 4.9889609e-001
 4.9857035e-001
 4.9831155e-001
 4.9811423e-001
 4.9796155e-001
 4.9783286e-001
 4.9770930e-001
 4.9756920e-001
 4.9739328e-001
 4.9716830e-001
 4.9690199e-001
 4.9660218e-001
 4.9627542e-001
 4.9592075e-001
 4.9553484e-001
 4.9511361e-001
 4.9464509e-001
 4.9411666e-001
 4.9352631e-001
 4.9289167e-001
 4.9223214e-001
 4.9156335e-001
 4.9088958e-001
 4.9021241e-001
 4.8953748e-001
 4.8887798e-001
 4.8824847e-001
 4.8766044e-001
 4.8712307e-001
 4.8664385e-001
 4.8622394e-001
 4.8584977e-001
 4.8550647e-001
 4.8517737e-001
 4.8484772e-001
 4.8450124e-001
 4.8412818e-001
 4.8373321e-001
 4.8332232e-001
 4.8289502e-001
 4.8243579e-001
 4.8192605e-001
 4.8135820e-001
 4.8074743e-001
 4.8011220e-001
 4.7947261e-001
 4.7885233e-001
 4.7827476e-001
 4.7775787e-001
 4.7730950e-001
 4.7693440e-001
 4.7664085e-001
 4.7644448e-001
 4.7636050e-001
 4.7640327e-001
 4.7658068e-001
 4.7689968e-001
 4.7736925e-001
 4.7799835e-001
 4.7879699e-001
 4.7976333e-001
 4.8087502e-001
 4.8210409e-001
 4.8342687e-001
 4.8482132e-001
 4.8626643e-001
 4.8773238e-001
 4.8916820e-001
 4.9052083e-001
 4.9175102e-001
 4.9284884e-001
 4.9381089e-001
 4.9462807e-001
 4.9528366e-001
 4.9575928e-001
 4.9605057e-001
 4.9617985e-001
 4.9617353e-001
 4.9605164e-001
 4.9581882e-001
 4.9547774e-001
 4.9504074e-001
 4.9453872e-001
 4.9400476e-001
 4.9347094e-001
 4.9296111e-001
 4.9249944e-001
 4.9210516e-001
 4.9178663e-001
 4.9155053e-001
 4.9140403e-001
 4.9135002e-001
 4.9139276e-001
 4.9153471e-001
 4.9177504e-001
 4.9211344e-001
 4.9253905e-001
 4.9301794e-001
 4.9351284e-001
 4.9399677e-001
 4.9446222e-001
 4.9490604e-001
 4.9531862e-001
 4.9567893e-001
 4.9596345e-001
 4.9615636e-001
 4.9625820e-001
 4.9627090e-001
 4.9620003e-001
 4.9606150e-001
 4.9587137e-001
 4.9564666e-001
 4.9540401e-001
 4.9516043e-001
 4.9493304e-001
 4.9473745e-001
 4.9458867e-001
 4.9449345e-001
 4.9443915e-001
 4.9441099e-001
 4.9440774e-001
 4.9445790e-001
 4.9459660e-001
 4.9483749e-001
 4.9515572e-001
 4.9551973e-001
 4.9590665e-001
 4.9631771e-001
 4.9675444e-001
 4.9722219e-001
 4.9773294e-001
 4.9829879e-001
 4.9892247e-001
 4.9958387e-001
 5.0026101e-001
 5.0093842e-001
 5.0162309e-001
 5.0232333e-001
 5.0304198e-001
 5.0376809e-001
 5.0448960e-001
 5.0519419e-001
 5.0586468e-001
 5.0648528e-001
 5.0704503e-001
 5.0754756e-001
 5.0799781e-001
 5.0840038e-001
 5.0875890e-001
 5.0907820e-001
 5.0936067e-001
 5.0960791e-001
 5.0982243e-001
 5.1000535e-001
 5.1015759e-001
 5.1028126e-001
 5.1037526e-001
 5.1043290e-001
 5.1044685e-001
 5.1041847e-001
 5.1036900e-001
 5.1032180e-001
 5.1029074e-001
 5.1026481e-001
 5.1022923e-001
 5.1017499e-001
 5.1009959e-001
 5.1000351e-001
 5.0988436e-001
 5.0973624e-001
 5.0955224e-001
 5.0933319e-001
 5.0909227e-001
 5.0884563e-001
 5.0860316e-001
 5.0836581e-001
 5.0813282e-001
 5.0790393e-001
 5.0767899e-001
 5.0745744e-001
 5.0723588e-001
 5.0699884e-001
 5.0673008e-001
 5.0642484e-001
 5.0610101e-001
 5.0578225e-001
 5.0547522e-001
 5.0515306e-001
 5.0478482e-001
 5.0435108e-001
 5.0385898e-001
 5.0331843e-001
 5.0273883e-001
 5.0212795e-001
 5.0149345e-001
 5.0083864e-001
 5.0015521e-001
 4.9943441e-001
 4.9866101e-001
 4.9780485e-001
 4.9683440e-001
 4.9572718e-001
 4.9448273e-001
 4.9310288e-001
 4.9158132e-001
 4.8989254e-001
 4.8800981e-001
 4.8592338e-001
 4.8366153e-001
 4.8125929e-001
 4.7874177e-001
 4.7611442e-001
 4.7338018e-001
 4.7054216e-001
 4.6760625e-001
 4.6457914e-001
 4.6147108e-001
 4.5830423e-001
 4.5510271e-001
 4.5189098e-001
 4.4869381e-001
 4.4553542e-001
 4.4244170e-001
 4.3943575e-001
 4.3654269e-001
 4.3378854e-001
 4.3120229e-001
 4.2881560e-001
 4.2666242e-001
 4.2478889e-001
 4.2324191e-001
 4.2204598e-001
 4.2118171e-001
 4.2062044e-001
 4.2034584e-001
 4.2036054e-001
 4.2067072e-001
 4.2126638e-001
 4.2209908e-001
 4.2311630e-001
 4.2427233e-001
 4.2554089e-001
 4.2689690e-001
 4.2830980e-001
 4.2973584e-001
 4.3113035e-001
 4.3245274e-001
 4.3367702e-001
 4.3477738e-001
 4.3573084e-001
 4.3652070e-001
 4.3713075e-001
 4.3754613e-001
 4.3775779e-001
 4.3775678e-001
 4.3754241e-001
 4.3713418e-001
 4.3655390e-001
 4.3582734e-001
 4.3499112e-001
 4.3408421e-001
 4.3314415e-001
 4.3221152e-001
 4.3132570e-001
 4.3051955e-001
 4.2980772e-001
 4.2920241e-001
 4.2871967e-001
 4.2838579e-001
 4.2822626e-001
 4.2826256e-001
 4.2849979e-001
 4.2894188e-001
 4.2958775e-001
 4.3042296e-001
 4.3143186e-001
 4.3259808e-001
 4.3390119e-001
 4.3532243e-001
 4.3683574e-001
 4.3840498e-001
 4.3999127e-001
 4.4156778e-001
 4.4313273e-001
 4.4468823e-001
 4.4622999e-001
 4.4774038e-001
 4.4920087e-001
 4.5060107e-001
 4.5194620e-001
 4.5324573e-001
 4.5450383e-001
 4.5571077e-001
 4.5685709e-001
 4.5793527e-001
 4.5894423e-001
 4.5988464e-001
 4.6074966e-001
 4.6151882e-001
 4.6216893e-001
 4.6269724e-001
 4.6314633e-001
 4.6356344e-001
 4.6398407e-001
 4.6441132e-001
 4.6484554e-001
 4.6528006e-001
 4.6568972e-001
 4.6605015e-001
 4.6635237e-001
 4.6662760e-001
 4.6691278e-001
 4.6722648e-001
 4.6754864e-001
 4.6785533e-001
 4.6813309e-001
 4.6839514e-001
 4.6865782e-001
 4.6893066e-001
 4.6920285e-001
 4.6946281e-001
 4.6970353e-001
 4.6993113e-001
 4.7015366e-001
 4.7037846e-001
 4.7060683e-001
 4.7083750e-001
 4.7106802e-001
 4.7129261e-001
 4.7150499e-001
 4.7169843e-001
 4.7188404e-001
 4.7208038e-001
 4.7230631e-001
 4.7255656e-001
 4.7281396e-001
 4.7306415e-001
 4.7331160e-001
 4.7357512e-001
 4.7386912e-001
 4.7418103e-001
 4.7448072e-001
 4.7473872e-001
 4.7494185e-001
 4.7508720e-001
 4.7517285e-001
 4.7522971e-001
 4.7530508e-001
 4.7544479e-001
 4.7565609e-001
 4.7592562e-001
 4.7623670e-001
 4.7655326e-001
 4.7682548e-001
 4.7701022e-001
 4.7712329e-001
 4.7721568e-001
 4.7733581e-001
 4.7749877e-001
 4.7769973e-001
 4.7793427e-001
 4.7819650e-001
 4.7847983e-001
 4.7877929e-001
 4.7910199e-001
 4.7946513e-001
 4.7988030e-001
 4.8032969e-001
 4.8077413e-001
 4.8117942e-001
 4.8155406e-001
 4.8193088e-001
 4.8234084e-001
 4.8278356e-001
 4.8323965e-001
 4.8369092e-001
 4.8412243e-001
 4.8452041e-001
 4.8487461e-001
 4.8519143e-001
 4.8548818e-001
 4.8577961e-001
 4.8604420e-001
 4.8624101e-001
 4.8633644e-001
 4.8636261e-001
 4.8639268e-001
 4.8649341e-001
 4.8665324e-001
 4.8681599e-001
 4.8692727e-001
 4.8697364e-001
 4.8696327e-001
 4.8690429e-001
 4.8679677e-001
 4.8663580e-001
 4.8641685e-001
 4.8612717e-001
 4.8575085e-001
 4.8527533e-001
 4.8471707e-001
 4.8410901e-001
 4.8348331e-001
 4.8285177e-001
 4.8221493e-001
 4.8157305e-001
 4.8094007e-001
 4.8033527e-001
 4.7977710e-001
 4.7926044e-001
 4.7876605e-001
 4.7827727e-001
 4.7779855e-001
 4.7734806e-001
 4.7694027e-001
 4.7656184e-001
 4.7618383e-001
 4.7577885e-001
 4.7534379e-001
 4.7489238e-001
 4.7443593e-001
 4.7398058e-001
 4.7352681e-001
 4.7307578e-001
 4.7263131e-001
 4.7219884e-001
 4.7178158e-001
 4.7136071e-001
 4.7090259e-001
 4.7038007e-001
 4.6980512e-001
 4.6921703e-001
 4.6865055e-001
 4.6809989e-001
 4.6753496e-001
 4.6693015e-001
 4.6629754e-001
 4.6567371e-001
 4.6508962e-001
 4.6453798e-001
 4.6398804e-001
 4.6341151e-001
 4.6281222e-001
 4.6221307e-001
 4.6163490e-001
 4.6108514e-001
 4.6056196e-001
 4.6006396e-001
 4.5958576e-001
 4.5912087e-001
 4.5866242e-001
 4.5821652e-001
 4.5779389e-001
 4.5740432e-001
 4.5703903e-001
 4.5667687e-001
 4.5630136e-001
 4.5593169e-001
 4.5560810e-001
 4.5536947e-001
 4.5521170e-001
 4.5510760e-001
 4.5503244e-001
 4.5497504e-001
 4.5493329e-001
 4.5490557e-001
 4.5489511e-001
 4.5490721e-001
 4.5494622e-001
 4.5501080e-001
 4.5509651e-001
 4.5519912e-001
 4.5531949e-001
 4.5546088e-001
 4.5562708e-001
 4.5581636e-001
 4.5602322e-001
 4.5624301e-001
 4.5647481e-001
 4.5671934e-001
 4.5697749e-001
 4.5723909e-001
 4.5748925e-001
 4.5771405e-001
 4.5791209e-001
 4.5808998e-001
 4.5825547e-001
 4.5841876e-001
 4.5859319e-001
 4.5878804e-001
 4.5898914e-001
 4.5916694e-001
 4.5929369e-001
 4.5937163e-001
 4.5941907e-001
 4.5945296e-001
 4.5947990e-001
 4.5949826e-001
 4.5950648e-001
 4.5949355e-001
 4.5944566e-001
 4.5934743e-001
 4.5918593e-001
 4.5894986e-001
 4.5862767e-001
 4.5821255e-001
 4.5769954e-001
 4.5708436e-001
 4.5637283e-001
 4.5557734e-001
 4.5470664e-001
 4.5374969e-001
 4.5268178e-001
 4.5147878e-001
 4.5013133e-001
 4.4863743e-001
 4.4699585e-001
 4.4522351e-001
 4.4334593e-001
 4.4139066e-001
 4.3939298e-001
 4.3739459e-001
 4.3543574e-001
 4.3353748e-001
 4.3171474e-001
 4.2998043e-001
 4.2836341e-001
 4.2690158e-001
 4.2562827e-001
 4.2453775e-001
 4.2360088e-001
 4.2278859e-001
 4.2207575e-001
 4.2144001e-001
 4.2086163e-001
 4.2033616e-001
 4.1987059e-001
 4.1946885e-001
 4.1910443e-001
 4.1873118e-001
 4.1830453e-001
 4.1777113e-001
 4.1707668e-001
 4.1616824e-001
 4.1503465e-001
 4.1368681e-001
 4.1213471e-001
 4.1035876e-001
 4.0832469e-001
 4.0600014e-001
 4.0339205e-001
 4.0053359e-001
 3.9745247e-001
 3.9414975e-001
 3.9061356e-001
 3.8683343e-001
 3.8285178e-001
 3.7873921e-001
 3.7456933e-001
 3.7041447e-001
 3.6634451e-001
 3.6243558e-001
 3.5876819e-001
 3.5542935e-001
 3.5250840e-001
 3.5009217e-001
 3.4827012e-001
 3.4712508e-001
 3.4669816e-001
 3.4700212e-001
 3.4804830e-001
 3.4982827e-001
 3.5232270e-001
 3.5550821e-001
 3.5931507e-001
 3.6364874e-001
 3.6841366e-001
 3.7350798e-001
 3.7882262e-001
 3.8425046e-001
 3.8968119e-001
 3.9499566e-001
 4.0008634e-001
 4.0490463e-001
 4.0943390e-001
 4.1366154e-001
 4.1756475e-001
 4.2111680e-001
 4.2429122e-001
 4.2709723e-001
 4.2956245e-001
 4.3171191e-001
 4.3356341e-001
 4.3513009e-001
 4.3642271e-001
 4.3745196e-001
 4.3822801e-001
 4.3876505e-001
 4.3911535e-001
 4.3935668e-001
 4.3956059e-001
 4.3974254e-001
 4.3988568e-001
 4.3997449e-001
 4.4000572e-001
 4.3998545e-001
 4.3991756e-001
 4.3979815e-001
 4.3961731e-001
 4.3936700e-001
 4.3905485e-001
 4.3869972e-001
 4.3831736e-001
 4.3790492e-001
 4.3744802e-001
 4.3693453e-001
 4.3636456e-001
 4.3574819e-001
 4.3509310e-001
 4.3438146e-001
 4.3358123e-001
 4.3266514e-001
 4.3164864e-001
 4.3057299e-001
 4.2947692e-001
 4.2835072e-001
 4.2715597e-001
 4.2585823e-001
 4.2446628e-001
 4.2301047e-001
 4.2151967e-001
 4.2000249e-001
 4.1845134e-001
 4.1686034e-001
 4.1522679e-001
 4.1354918e-001
 4.1182590e-001
 4.1006863e-001
 4.0829572e-001
 4.0652853e-001
 4.0481988e-001
 4.0324372e-001
 4.0186518e-001
 4.0067133e-001
 3.9960438e-001
 3.9861017e-001
 3.9769050e-001
 3.9687842e-001
 3.9620548e-001
 3.9565814e-001
 3.9519843e-001
 3.9478853e-001
 3.9440325e-001
 3.9402309e-001
 3.9363149e-001
 3.9322338e-001
 3.9280236e-001
 3.9237186e-001
 3.9194161e-001
 3.9152184e-001
 3.9112240e-001
 3.9072460e-001
 3.9029413e-001
 3.8980016e-001
 3.8924611e-001
 3.8865483e-001
 3.8804835e-001
 3.8742146e-001
 3.8675442e-001
 3.8602936e-001
 3.8525063e-001
 3.8443735e-001
 3.8360536e-001
 3.8274392e-001
 3.8182828e-001
 3.8083369e-001
 3.7974954e-001
 3.7857386e-001
 3.7730694e-001
 3.7597209e-001
 3.7460726e-001
 3.7324440e-001
 3.7186703e-001
 3.7042892e-001
 3.6888972e-001
 3.6726752e-001
 3.6561465e-001
 3.6398101e-001
 3.6238435e-001
 3.6082217e-001
 3.5929286e-001
 3.5781124e-001
 3.5640141e-001
 3.5508677e-001
 3.5390067e-001
 3.5287941e-001
 3.5205567e-001
 3.5142162e-001
 3.5094374e-001
 3.5059142e-001
 3.5036919e-001
 3.5030046e-001
 3.5040468e-001
 3.5065925e-001
 3.5101441e-001
 3.5142544e-001
 3.5188580e-001
 3.5241261e-001
 3.5301936e-001
 3.5368541e-001
 3.5436913e-001
 3.5503188e-001
 3.5567459e-001
 3.5632157e-001
 3.5699299e-001
 3.5768515e-001
 3.5837951e-001
 3.5905847e-001
 3.5973072e-001
 3.6041903e-001
 3.6114588e-001
 3.6191940e-001
 3.6273938e-001
 3.6360762e-001
 3.6453468e-001
 3.6553741e-001
 3.6662817e-001
 3.6778277e-001
 3.6895329e-001
 3.7009594e-001
 3.7120786e-001
 3.7230733e-001
 3.7341213e-001
 3.7451410e-001
 3.7558737e-001
 3.7660807e-001
 3.7756377e-001
 3.7844899e-001
 3.7925708e-001
 3.7999174e-001
 3.8066044e-001
 3.8126811e-001
 3.8180229e-001
 3.8224098e-001
 3.8256305e-001
 3.8277942e-001
 3.8291791e-001
 3.8300461e-001
 3.8303319e-001
 3.8297909e-001
 3.8281944e-001
 3.8255078e-001
 3.8218200e-001
 3.8172147e-001
 3.8118413e-001
 3.8058758e-001
 3.7994748e-001
 3.7926614e-001
 3.7853545e-001
 3.7774915e-001
 3.7690014e-001
 3.7598416e-001
 3.7499580e-001
 3.7393478e-001
 3.7280393e-001
 3.7160397e-001
 3.7033293e-001
 3.6898291e-001
 3.6755010e-001
 3.6603689e-001
 3.6444965e-001
 3.6279529e-001
 3.6106336e-001
 3.5923478e-001
 3.5729340e-001
 3.5524651e-001
 3.5311499e-001
 3.5091844e-001
 3.4865326e-001
 3.4629998e-001
 3.4384286e-001
 3.4130177e-001
 3.3871552e-001
 3.3611533e-001
 3.3345699e-001
 3.3065018e-001
 3.2761136e-001
 3.2434687e-001
 3.2091653e-001
 3.1737378e-001
 3.1372118e-001
 3.0993322e-001
 3.0598268e-001
 3.0184412e-001
 2.9749763e-001
 2.9292601e-001
 2.8818133e-001
 2.8335422e-001
 2.7853549e-001
 2.7377963e-001
 2.6912087e-001
 2.6459911e-001
 2.6027429e-001
 2.5621942e-001
 2.5250962e-001
 2.4919638e-001
 2.4631955e-001
 2.4391614e-001
 2.4199288e-001
 2.4053688e-001
 2.3953632e-001
 2.3899454e-001
 2.3892204e-001
 2.3932584e-001
 2.4016896e-001
 2.4138983e-001
 2.4293086e-001
 2.4478471e-001
 2.4697304e-001
 2.4951255e-001
 2.5236592e-001
 2.5546020e-001
 2.5872454e-001
 2.6209050e-001
 2.6548854e-001
 2.6885226e-001
 2.7212054e-001
 2.7523625e-001
 2.7814630e-001
 2.8085774e-001
 2.8341180e-001
 2.8584224e-001
 2.8811559e-001
 2.9015785e-001
 2.9190138e-001
 2.9336619e-001
 2.9462063e-001
 2.9572853e-001
 2.9668227e-001
 2.9743358e-001
 2.9793742e-001
 2.9819211e-001
 2.9822171e-001
 2.9804766e-001
 2.9766414e-001
 2.9705015e-001
 2.9618481e-001
 2.9506159e-001
 2.9368249e-001
 2.9205227e-001
 2.9020399e-001
 2.8818977e-001
 2.8605878e-001
 2.8384829e-001
 2.8159097e-001
 2.7931893e-001
 2.7708945e-001
 2.7497399e-001
 2.7304444e-001
 2.7136341e-001
 2.6998922e-001
 2.6897317e-001
 2.6827940e-001
 2.6782250e-001
 2.6752147e-001
 2.6734519e-001
 2.6729241e-001
 2.6735979e-001
 2.6751855e-001
 2.6772502e-001
 2.6793891e-001
 2.6815161e-001
 2.6837409e-001
 2.6861426e-001
 2.6884812e-001
 2.6903215e-001
 2.6912636e-001
 2.6911524e-001
 2.6899981e-001
 2.6878306e-001
 2.6849255e-001
 2.6817155e-001
 2.6785931e-001
 2.6756790e-001
 2.6729232e-001
 2.6702753e-001
 2.6677603e-001
 2.6654351e-001
 2.6633754e-001
 2.6617000e-001
 2.6605788e-001
 2.6601467e-001
 2.6603284e-001
 2.6609099e-001
 2.6617229e-001
 2.6630512e-001
 2.6654398e-001
 2.6693889e-001
 2.6747900e-001
 2.6811886e-001
 2.6881304e-001
 2.6951942e-001
 2.7019900e-001
 2.7081859e-001
 2.7140847e-001
 2.7203581e-001
 2.7276358e-001
 2.7360496e-001
 2.7454263e-001
 2.7556053e-001
 2.7665529e-001
 2.7782941e-001
 2.7908504e-001
 2.8040797e-001
 2.8177336e-001
 2.8315985e-001
 2.8457633e-001
 2.8604880e-001
 2.8760096e-001
 2.8922999e-001
 2.9091850e-001
 2.9264662e-001
 2.9438031e-001
 2.9607695e-001
 2.9769716e-001
 2.9925764e-001
 3.0080587e-001
 3.0238238e-001
 3.0394638e-001
 3.0541053e-001
 3.0669692e-001
 3.0783328e-001
 3.0891004e-001
 3.1000933e-001
 3.1111288e-001
 3.1214324e-001
 3.1302986e-001
 3.1376600e-001
 3.1438455e-001
 3.1491488e-001
 3.1534794e-001
 3.1565210e-001
 3.1580165e-001
 3.1583199e-001
 3.1581470e-001
 3.1581300e-001
 3.1580046e-001
 3.1569698e-001
 3.1543136e-001
 3.1502545e-001
 3.1455627e-001
 3.1409812e-001
 3.1369492e-001
 3.1337082e-001
 3.1314462e-001
 3.1298089e-001
 3.1281084e-001
 3.1257060e-001
 3.1224191e-001
 3.1183422e-001
 3.1135845e-001
 3.1084213e-001
 3.1032175e-001
 3.0983272e-001
 3.0940074e-001
 3.0904570e-001
 3.0878556e-001
 3.0862573e-001
 3.0856326e-001
 3.0859232e-001
 3.0866814e-001
 3.0872497e-001
 3.0869979e-001
 3.0856511e-001
 3.0831569e-001
 3.0794644e-001
 3.0745798e-001
 3.0685475e-001
 3.0615017e-001
 3.0544725e-001
 3.0490202e-001
 3.0464470e-001
 3.0451474e-001
 3.0418217e-001
 3.0336478e-001
 3.0229899e-001
 3.0152750e-001
 3.0153069e-001
 3.0210868e-001
 3.0265966e-001
 3.0262753e-001
 3.0198243e-001
 3.0100489e-001
 2.9996869e-001
 2.9903924e-001
 2.9831722e-001
 2.9787695e-001
 2.9752231e-001
 2.9689878e-001
 2.9570016e-001
 2.9415071e-001
 2.9278710e-001
 2.9209825e-001
 2.9203129e-001
 2.9221487e-001
 2.9229385e-001
 2.9211670e-001
 2.9165193e-001
 2.9090887e-001
 2.9028815e-001
 2.9042321e-001
 2.9185218e-001
 2.9410657e-001
 2.9612392e-001
 2.9695392e-001
 2.9689547e-001
 2.9698369e-001
 2.9817480e-001
-1.2300000e+034
