splib07b Record=22557: Melting_snow mSnw01a         ASDFRa AREF
 8.1724125e-001
 8.1729156e-001
 8.2132566e-001
 8.2397527e-001
 8.2385731e-001
 8.2033724e-001
 8.1577086e-001
 8.1326371e-001
 8.1488168e-001
 8.1852907e-001
 8.2106614e-001
 8.2022613e-001
 8.1721669e-001
 8.1411546e-001
 8.1255198e-001
 8.1235778e-001
 8.1291819e-001
 8.1365198e-001
 8.1412089e-001
 8.1392127e-001
 8.1283617e-001
 8.1140298e-001
 8.1034595e-001
 8.1017810e-001
 8.1056505e-001
 8.1096357e-001
 8.1092685e-001
 8.1040746e-001
 8.0945754e-001
 8.0819416e-001
 8.0700845e-001
 8.0635923e-001
 8.0654156e-001
 8.0720437e-001
 8.0783463e-001
 8.0803996e-001
 8.0791116e-001
 8.0766118e-001
 8.0750769e-001
 8.0768645e-001
 8.0843884e-001
 8.0985737e-001
 8.1144196e-001
 8.1254441e-001
 8.1274205e-001
 8.1252116e-001
 8.1259328e-001
 8.1350189e-001
 8.1511050e-001
 8.1711513e-001
 8.1923306e-001
 8.2126975e-001
 8.2305127e-001
 8.2445043e-001
 8.2552028e-001
 8.2635641e-001
 8.2703930e-001
 8.2757062e-001
 8.2793301e-001
 8.2812202e-001
 8.2817793e-001
 8.2815176e-001
 8.2810229e-001
 8.2811052e-001
 8.2826537e-001
 8.2862288e-001
 8.2912034e-001
 8.2966179e-001
 8.3017045e-001
 8.3063555e-001
 8.3106691e-001
 8.3145642e-001
 8.3174598e-001
 8.3186108e-001
 8.3177239e-001
 8.3162189e-001
 8.3159429e-001
 8.3182329e-001
 8.3223379e-001
 8.3269686e-001
 8.3310801e-001
 8.3344930e-001
 8.3372372e-001
 8.3393645e-001
 8.3409095e-001
 8.3419114e-001
 8.3424121e-001
 8.3424520e-001
 8.3420724e-001
 8.3413088e-001
 8.3402008e-001
 8.3387941e-001
 8.3371246e-001
 8.3352309e-001
 8.3331621e-001
 8.3310318e-001
 8.3293062e-001
 8.3285367e-001
 8.3290190e-001
 8.3300304e-001
 8.3306223e-001
 8.3301508e-001
 8.3292729e-001
 8.3289498e-001
 8.3298451e-001
 8.3313143e-001
 8.3323890e-001
 8.3323526e-001
 8.3315080e-001
 8.3304077e-001
 8.3295530e-001
 8.3291680e-001
 8.3294421e-001
 8.3304101e-001
 8.3316016e-001
 8.3323926e-001
 8.3323807e-001
 8.3319771e-001
 8.3318281e-001
 8.3323610e-001
 8.3332592e-001
 8.3340073e-001
 8.3341634e-001
 8.3335972e-001
 8.3322543e-001
 8.3302724e-001
 8.3285767e-001
 8.3283067e-001
 8.3300966e-001
 8.3325702e-001
 8.3338434e-001
 8.3326328e-001
 8.3299607e-001
 8.3274496e-001
 8.3263171e-001
 8.3262902e-001
 8.3266801e-001
 8.3269298e-001
 8.3268911e-001
 8.3265525e-001
 8.3258897e-001
 8.3249938e-001
 8.3239728e-001
 8.3229381e-001
 8.3220780e-001
 8.3215624e-001
 8.3215064e-001
 8.3217078e-001
 8.3218890e-001
 8.3218300e-001
 8.3214796e-001
 8.3208662e-001
 8.3200192e-001
 8.3191818e-001
 8.3186221e-001
 8.3185142e-001
 8.3185667e-001
 8.3183938e-001
 8.3177561e-001
 8.3170325e-001
 8.3167529e-001
 8.3172536e-001
 8.3179921e-001
 8.3181953e-001
 8.3173913e-001
 8.3161479e-001
 8.3153194e-001
 8.3155245e-001
 8.3164495e-001
 8.3175462e-001
 8.3183581e-001
 8.3187610e-001
 8.3187217e-001
 8.3182883e-001
 8.3178508e-001
 8.3178788e-001
 8.3186609e-001
 8.3197522e-001
 8.3205181e-001
 8.3205062e-001
 8.3199662e-001
 8.3193266e-001
 8.3189291e-001
 8.3187723e-001
 8.3187634e-001
 8.3188397e-001
 8.3190209e-001
 8.3193517e-001
 8.3198535e-001
 8.3204561e-001
 8.3210677e-001
 8.3216113e-001
 8.3220768e-001
 8.3224708e-001
 8.3228004e-001
 8.3230704e-001
 8.3232880e-001
 8.3234608e-001
 8.3235919e-001
 8.3236927e-001
 8.3237654e-001
 8.3238184e-001
 8.3238578e-001
 8.3239126e-001
 8.3241105e-001
 8.3245957e-001
 8.3254194e-001
 8.3262360e-001
 8.3266008e-001
 8.3262366e-001
 8.3255458e-001
 8.3250993e-001
 8.3252865e-001
 8.3257854e-001
 8.3260983e-001
 8.3258539e-001
 8.3252114e-001
 8.3244610e-001
 8.3238256e-001
 8.3232439e-001
 8.3225858e-001
 8.3217949e-001
 8.3211166e-001
 8.3208680e-001
 8.3212996e-001
 8.3223945e-001
 8.3240652e-001
 8.3260751e-001
 8.3275717e-001
 8.3275539e-001
 8.3253980e-001
 8.3220047e-001
 8.3186632e-001
 8.3164006e-001
 8.3152145e-001
 8.3148450e-001
 8.3149958e-001
 8.3152175e-001
 8.3150202e-001
 8.3140743e-001
 8.3126873e-001
 8.3113295e-001
 8.3103424e-001
 8.3095759e-001
 8.3087552e-001
 8.3076483e-001
 8.3061779e-001
 8.3043122e-001
 8.3020961e-001
 8.2998884e-001
 8.2981277e-001
 8.2970935e-001
 8.2964462e-001
 8.2956874e-001
 8.2944578e-001
 8.2929426e-001
 8.2914633e-001
 8.2902753e-001
 8.2893842e-001
 8.2887208e-001
 8.2882005e-001
 8.2876331e-001
 8.2868004e-001
 8.2855523e-001
 8.2839912e-001
 8.2822829e-001
 8.2805693e-001
 8.2788950e-001
 8.2772815e-001
 8.2757270e-001
 8.2741493e-001
 8.2724446e-001
 8.2705402e-001
 8.2684940e-001
 8.2663953e-001
 8.2643026e-001
 8.2621562e-001
 8.2598549e-001
 8.2573861e-001
 8.2549483e-001
 8.2528001e-001
 8.2511264e-001
 8.2496709e-001
 8.2480758e-001
 8.2461083e-001
 8.2438833e-001
 8.2416469e-001
 8.2395720e-001
 8.2377261e-001
 8.2361013e-001
 8.2346958e-001
 8.2333428e-001
 8.2318819e-001
 8.2301652e-001
 8.2282120e-001
 8.2261068e-001
 8.2239151e-001
 8.2217920e-001
 8.2198709e-001
 8.2182539e-001
 8.2167280e-001
 8.2150120e-001
 8.2129407e-001
 8.2106650e-001
 8.2084322e-001
 8.2064480e-001
 8.2046509e-001
 8.2029361e-001
 8.2012033e-001
 8.1994724e-001
 8.1977570e-001
 8.1960797e-001
 8.1944549e-001
 8.1928933e-001
 8.1914127e-001
 8.1900436e-001
 8.1888252e-001
 8.1877601e-001
 8.1867242e-001
 8.1855583e-001
 8.1841737e-001
 8.1827730e-001
 8.1816256e-001
 8.1808978e-001
 8.1803262e-001
 8.1795418e-001
 8.1783074e-001
 8.1769061e-001
 8.1757611e-001
 8.1751651e-001
 8.1749189e-001
 8.1746960e-001
 8.1742430e-001
 8.1735754e-001
 8.1727529e-001
 8.1718683e-001
 8.1710476e-001
 8.1704241e-001
 8.1700760e-001
 8.1698608e-001
 8.1695795e-001
 8.1690747e-001
 8.1682980e-001
 8.1672597e-001
 8.1659901e-001
 8.1646460e-001
 8.1634068e-001
 8.1623864e-001
 8.1614143e-001
 8.1602603e-001
 8.1587332e-001
 8.1569380e-001
 8.1550378e-001
 8.1531686e-001
 8.1513578e-001
 8.1496119e-001
 8.1479299e-001
 8.1463003e-001
 8.1447124e-001
 8.1431520e-001
 8.1416070e-001
 8.1400633e-001
 8.1385165e-001
 8.1370050e-001
 8.1355768e-001
 8.1342661e-001
 8.1330490e-001
 8.1318855e-001
 8.1307459e-001
 8.1296521e-001
 8.1286317e-001
 8.1276864e-001
 8.1266791e-001
 8.1254399e-001
 8.1238753e-001
 8.1221819e-001
 8.1206322e-001
 8.1193900e-001
 8.1181902e-001
 8.1166583e-001
 8.1145388e-001
 8.1120604e-001
 8.1095654e-001
 8.1073296e-001
 8.1053364e-001
 8.1034976e-001
 8.1016970e-001
 8.0996919e-001
 8.0972123e-001
 8.0941015e-001
 8.0906534e-001
 8.0872828e-001
 8.0842578e-001
 8.0812979e-001
 8.0779821e-001
 8.0740070e-001
 8.0695432e-001
 8.0648756e-001
 8.0602378e-001
 8.0556297e-001
 8.0509961e-001
 8.0462623e-001
 8.0412775e-001
 8.0358726e-001
 8.0299151e-001
 8.0235016e-001
 8.0167460e-001
 8.0097640e-001
 8.0026406e-001
 7.9954463e-001
 7.9882210e-001
 7.9808491e-001
 7.9731822e-001
 7.9651350e-001
 7.9568905e-001
 7.9486948e-001
 7.9407167e-001
 7.9327953e-001
 7.9246926e-001
 7.9162288e-001
 7.9074693e-001
 7.8985417e-001
 7.8895676e-001
 7.8806424e-001
 7.8718585e-001
 7.8632849e-001
 7.8549093e-001
 7.8466988e-001
 7.8386229e-001
 7.8306550e-001
 7.8227681e-001
 7.8149408e-001
 7.8071558e-001
 7.7993959e-001
 7.7917033e-001
 7.7843434e-001
 7.7776402e-001
 7.7717775e-001
 7.7664053e-001
 7.7610326e-001
 7.7553397e-001
 7.7496886e-001
 7.7446115e-001
 7.7404827e-001
 7.7370536e-001
 7.7338940e-001
 7.7306926e-001
 7.7275068e-001
 7.7244896e-001
 7.7217799e-001
 7.7194721e-001
 7.7176422e-001
 7.7163494e-001
 7.7155584e-001
 7.7152097e-001
 7.7152371e-001
 7.7155137e-001
 7.7159071e-001
 7.7163529e-001
 7.7170616e-001
 7.7183127e-001
 7.7202564e-001
 7.7225083e-001
 7.7245563e-001
 7.7260494e-001
 7.7272809e-001
 7.7287096e-001
 7.7306443e-001
 7.7327865e-001
 7.7346885e-001
 7.7360237e-001
 7.7369440e-001
 7.7377182e-001
 7.7385569e-001
 7.7394009e-001
 7.7401316e-001
 7.7406335e-001
 7.7407992e-001
 7.7405280e-001
 7.7397817e-001
 7.7387738e-001
 7.7377832e-001
 7.7369624e-001
 7.7359647e-001
 7.7343124e-001
 7.7317035e-001
 7.7285212e-001
 7.7253163e-001
 7.7224773e-001
 7.7197236e-001
 7.7166098e-001
 7.7127564e-001
 7.7080518e-001
 7.7024466e-001
 7.6959801e-001
 7.6890254e-001
 7.6820409e-001
 7.6753002e-001
 7.6683474e-001
 7.6605392e-001
 7.6514250e-001
 7.6413113e-001
 7.6306891e-001
 7.6199549e-001
 7.6090980e-001
 7.5980085e-001
 7.5865793e-001
 7.5747097e-001
 7.5622934e-001
 7.5493085e-001
 7.5359547e-001
 7.5225019e-001
 7.5091493e-001
 7.4958044e-001
 7.4823052e-001
 7.4685329e-001
 7.4545312e-001
 7.4403888e-001
 7.4261558e-001
 7.4117351e-001
 7.3969871e-001
 7.3818386e-001
 7.3664540e-001
 7.3510605e-001
 7.3357952e-001
 7.3204106e-001
 7.3045725e-001
 7.2880810e-001
 7.2713029e-001
 7.2547448e-001
 7.2388011e-001
 7.2234374e-001
 7.2085083e-001
 7.1938801e-001
 7.1794826e-001
 7.1652532e-001
 7.1511954e-001
 7.1375680e-001
 7.1246976e-001
 7.1128041e-001
 7.1017039e-001
 7.0911109e-001
 7.0807856e-001
 7.0706713e-001
 7.0607597e-001
 7.0510769e-001
 7.0417929e-001
 7.0331156e-001
 7.0252186e-001
 7.0181483e-001
 7.0119244e-001
 7.0064491e-001
 7.0012653e-001
 6.9958127e-001
 6.9897795e-001
 6.9838589e-001
 6.9789886e-001
 6.9757771e-001
 6.9734943e-001
 6.9710755e-001
 6.9676638e-001
 6.9632262e-001
 6.9579375e-001
 6.9520926e-001
 6.9464689e-001
 6.9419640e-001
 6.9391078e-001
 6.9369632e-001
 6.9342262e-001
 6.9299483e-001
 6.9246072e-001
 6.9190407e-001
 6.9139278e-001
 6.9093448e-001
 6.9052100e-001
 6.9013453e-001
 6.8971753e-001
 6.8920249e-001
 6.8854797e-001
 6.8781745e-001
 6.8710059e-001
 6.8645960e-001
 6.8584800e-001
 6.8519169e-001
 6.8443608e-001
 6.8360317e-001
 6.8273401e-001
 6.8185472e-001
 6.8093204e-001
 6.7991740e-001
 6.7877674e-001
 6.7753404e-001
 6.7622733e-001
 6.7486769e-001
 6.7335784e-001
 6.7157316e-001
 6.6945934e-001
 6.6724283e-001
 6.6522092e-001
 6.6359138e-001
 6.6215628e-001
 6.6061884e-001
 6.5874404e-001
 6.5655094e-001
 6.5411913e-001
 6.5153778e-001
 6.4893162e-001
 6.4643425e-001
 6.4415443e-001
 6.4209980e-001
 6.4025271e-001
 6.3856095e-001
 6.3683265e-001
 6.3484085e-001
 6.3243335e-001
 6.2974823e-001
 6.2699687e-001
 6.2434655e-001
 6.2178695e-001
 6.1926275e-001
 6.1672395e-001
 6.1413985e-001
 6.1148459e-001
 6.0873723e-001
 6.0589576e-001
 6.0296267e-001
 5.9994698e-001
 5.9688598e-001
 5.9382284e-001
 5.9079760e-001
 5.8783776e-001
 5.8496761e-001
 5.8219188e-001
 5.7943523e-001
 5.7660347e-001
 5.7364041e-001
 5.7064176e-001
 5.6774306e-001
 5.6504488e-001
 5.6250739e-001
 5.6005633e-001
 5.5760902e-001
 5.5504835e-001
 5.5224872e-001
 5.4915214e-001
 5.4596925e-001
 5.4297668e-001
 5.4038012e-001
 5.3809649e-001
 5.3597015e-001
 5.3387934e-001
 5.3183365e-001
 5.2987808e-001
 5.2804106e-001
 5.2629125e-001
 5.2457970e-001
 5.2286941e-001
 5.2116191e-001
 5.1946622e-001
 5.1780474e-001
 5.1624101e-001
 5.1484871e-001
 5.1367414e-001
 5.1264799e-001
 5.1167113e-001
 5.1064616e-001
 5.0953531e-001
 5.0843269e-001
 5.0745142e-001
 5.0666595e-001
 5.0606096e-001
 5.0561130e-001
 5.0529224e-001
 5.0507790e-001
 5.0494450e-001
 5.0488496e-001
 5.0493139e-001
 5.0512081e-001
 5.0547045e-001
 5.0594956e-001
 5.0652313e-001
 5.0715733e-001
 5.0782251e-001
 5.0848979e-001
 5.0915819e-001
 5.0988805e-001
 5.1074940e-001
 5.1178080e-001
 5.1295543e-001
 5.1423711e-001
 5.1559269e-001
 5.1699734e-001
 5.1842529e-001
 5.1987743e-001
 5.2140510e-001
 5.2306974e-001
 5.2489549e-001
 5.2683055e-001
 5.2881318e-001
 5.3080422e-001
 5.3281903e-001
 5.3487778e-001
 5.3698766e-001
 5.3912264e-001
 5.4125303e-001
 5.4336381e-001
 5.4547387e-001
 5.4760641e-001
 5.4977030e-001
 5.5194193e-001
 5.5409300e-001
 5.5620503e-001
 5.5828637e-001
 5.6034738e-001
 5.6238568e-001
 5.6437510e-001
 5.6628293e-001
 5.6808490e-001
 5.6977326e-001
 5.7134145e-001
 5.7279414e-001
 5.7415766e-001
 5.7546180e-001
 5.7672495e-001
 5.7793891e-001
 5.7909262e-001
 5.8016533e-001
 5.8111268e-001
 5.8188975e-001
 5.8248323e-001
 5.8295751e-001
 5.8338541e-001
 5.8380544e-001
 5.8417910e-001
 5.8445781e-001
 5.8460838e-001
 5.8463854e-001
 5.8455920e-001
 5.8438152e-001
 5.8411485e-001
 5.8376825e-001
 5.8335680e-001
 5.8290488e-001
 5.8244020e-001
 5.8196813e-001
 5.8144730e-001
 5.8082843e-001
 5.8009684e-001
 5.7930809e-001
 5.7852787e-001
 5.7778865e-001
 5.7704639e-001
 5.7624930e-001
 5.7537544e-001
 5.7447577e-001
 5.7360846e-001
 5.7280171e-001
 5.7200831e-001
 5.7117331e-001
 5.7026547e-001
 5.6930989e-001
 5.6833959e-001
 5.6737328e-001
 5.6640071e-001
 5.6540638e-001
 5.6437922e-001
 5.6331867e-001
 5.6222719e-001
 5.6110561e-001
 5.5996025e-001
 5.5879647e-001
 5.5761182e-001
 5.5638474e-001
 5.5509180e-001
 5.5371338e-001
 5.5223721e-001
 5.5065227e-001
 5.4895175e-001
 5.4713511e-001
 5.4520327e-001
 5.4315996e-001
 5.4101491e-001
 5.3877914e-001
 5.3645056e-001
 5.3399688e-001
 5.3138179e-001
 5.2858973e-001
 5.2565074e-001
 5.2259934e-001
 5.1946181e-001
 5.1624686e-001
 5.1296049e-001
 5.0960600e-001
 5.0617981e-001
 5.0268131e-001
 4.9911299e-001
 4.9549791e-001
 4.9186033e-001
 4.8821867e-001
 4.8458505e-001
 4.8096758e-001
 4.7735810e-001
 4.7371283e-001
 4.6998203e-001
 4.6614560e-001
 4.6224999e-001
 4.5835054e-001
 4.5448193e-001
 4.5063481e-001
 4.4679427e-001
 4.4294828e-001
 4.3909422e-001
 4.3523136e-001
 4.3135795e-001
 4.2747691e-001
 4.2358899e-001
 4.1970015e-001
 4.1582009e-001
 4.1196057e-001
 4.0812457e-001
 4.0429324e-001
 4.0044862e-001
 3.9658165e-001
 3.9270550e-001
 3.8883865e-001
 3.8499665e-001
 3.8119468e-001
 3.7744743e-001
 3.7376019e-001
 3.7012184e-001
 3.6651605e-001
 3.6293307e-001
 3.5937056e-001
 3.5582694e-001
 3.5230681e-001
 3.4882483e-001
 3.4539911e-001
 3.4204301e-001
 3.3876035e-001
 3.3555520e-001
 3.3242387e-001
 3.2935199e-001
 3.2632270e-001
 3.2332695e-001
 3.2037517e-001
 3.1747881e-001
 3.1464452e-001
 3.1186813e-001
 3.0914146e-001
 3.0646524e-001
 3.0385160e-001
 3.0131665e-001
 2.9886425e-001
 2.9647353e-001
 2.9412159e-001
 2.9179725e-001
 2.8952193e-001
 2.8732070e-001
 2.8520840e-001
 2.8317893e-001
 2.8122282e-001
 2.7933487e-001
 2.7751818e-001
 2.7577588e-001
 2.7410582e-001
 2.7249026e-001
 2.7091005e-001
 2.6935923e-001
 2.6786238e-001
 2.6644892e-001
 2.6513386e-001
 2.6390335e-001
 2.6273975e-001
 2.6162806e-001
 2.6056337e-001
 2.5954056e-001
 2.5855431e-001
 2.5759706e-001
 2.5666091e-001
 2.5574684e-001
 2.5487334e-001
 2.5406215e-001
 2.5332505e-001
 2.5264934e-001
 2.5201949e-001
 2.5142172e-001
 2.5084540e-001
 2.5028038e-001
 2.4972466e-001
 2.4919420e-001
 2.4870697e-001
 2.4827440e-001
 2.4789153e-001
 2.4755132e-001
 2.4724810e-001
 2.4697742e-001
 2.4673583e-001
 2.4652113e-001
 2.4633561e-001
 2.4618222e-001
 2.4606395e-001
 2.4598430e-001
 2.4594706e-001
 2.4594882e-001
 2.4597155e-001
 2.4599521e-001
 2.4601430e-001
 2.4605562e-001
 2.4614981e-001
 2.4631287e-001
 2.4652770e-001
 2.4677296e-001
 2.4703337e-001
 2.4730892e-001
 2.4760167e-001
 2.4791202e-001
 2.4823759e-001
 2.4857591e-001
 2.4892783e-001
 2.4930139e-001
 2.4970622e-001
 2.5014368e-001
 2.5059643e-001
 2.5104535e-001
 2.5147483e-001
 2.5187844e-001
 2.5225136e-001
 2.5259268e-001
 2.5291201e-001
 2.5321978e-001
 2.5351992e-001
 2.5380209e-001
 2.5405318e-001
 2.5426507e-001
 2.5444046e-001
 2.5458223e-001
 2.5469321e-001
 2.5477415e-001
 2.5482562e-001
 2.5484487e-001
 2.5482410e-001
 2.5475344e-001
 2.5463173e-001
 2.5447339e-001
 2.5429642e-001
 2.5411034e-001
 2.5390986e-001
 2.5368762e-001
 2.5343713e-001
 2.5315726e-001
 2.5284654e-001
 2.5250497e-001
 2.5213712e-001
 2.5174692e-001
 2.5133812e-001
 2.5091138e-001
 2.5046796e-001
 2.5000900e-001
 2.4953502e-001
 2.4904692e-001
 2.4854249e-001
 2.4801323e-001
 2.4745010e-001
 2.4684978e-001
 2.4622414e-001
 2.4558665e-001
 2.4494252e-001
 2.4427819e-001
 2.4357677e-001
 2.4283114e-001
 2.4205250e-001
 2.4125446e-001
 2.4044691e-001
 2.3962812e-001
 2.3879558e-001
 2.3794614e-001
 2.3707663e-001
 2.3618330e-001
 2.3526515e-001
 2.3432766e-001
 2.3337702e-001
 2.3241925e-001
 2.3146065e-001
 2.3050655e-001
 2.2955920e-001
 2.2860977e-001
 2.2764888e-001
 2.2667043e-001
 2.2567634e-001
 2.2467014e-001
 2.2365642e-001
 2.2264245e-001
 2.2163643e-001
 2.2064337e-001
 2.1966377e-001
 2.1869716e-001
 2.1774080e-001
 2.1678825e-001
 2.1583076e-001
 2.1486613e-001
 2.1390179e-001
 2.1294692e-001
 2.1200594e-001
 2.1107234e-001
 2.1013819e-001
 2.0919546e-001
 2.0823710e-001
 2.0725566e-001
 2.0624544e-001
 2.0520450e-001
 2.0413138e-001
 2.0302540e-001
 2.0188816e-001
 2.0072147e-001
 1.9952258e-001
 1.9827993e-001
 1.9698049e-001
 1.9561052e-001
 1.9415267e-001
 1.9258961e-001
 1.9091074e-001
 1.8912067e-001
 1.8722585e-001
 1.8522726e-001
 1.8311508e-001
 1.8087673e-001
 1.7850180e-001
 1.7598170e-001
 1.7330746e-001
 1.7047757e-001
 1.6750155e-001
 1.6439214e-001
 1.6116171e-001
 1.5782014e-001
 1.5437853e-001
 1.5084383e-001
 1.4721748e-001
 1.4350049e-001
 1.3969886e-001
 1.3583510e-001
 1.3193199e-001
 1.2801364e-001
 1.2410383e-001
 1.2022520e-001
 1.1639826e-001
 1.1263375e-001
 1.0894218e-001
 1.0532911e-001
 1.0178731e-001
 9.8309703e-002
 9.4896361e-002
 9.1568373e-002
 8.8349663e-002
 8.5253388e-002
 8.2272910e-002
 7.9397485e-002
 7.6617956e-002
 7.3926769e-002
 7.1315579e-002
 6.8778940e-002
 6.6314034e-002
 6.3919559e-002
 6.1595462e-002
 5.9344094e-002
 5.7169355e-002
 5.5070851e-002
 5.3042039e-002
 5.1075455e-002
 4.9164023e-002
 4.7304533e-002
 4.5493126e-002
 4.3729421e-002
 4.2019185e-002
 4.0368382e-002
 3.8780447e-002
 3.7250560e-002
 3.5773452e-002
 3.4345996e-002
 3.2969311e-002
 3.1645834e-002
 3.0376002e-002
 2.9157856e-002
 2.7988875e-002
 2.6865412e-002
 2.5782451e-002
 2.4734287e-002
 2.3718484e-002
 2.2739090e-002
 2.1800747e-002
 2.0907361e-002
 2.0060079e-002
 1.9259995e-002
 1.8506205e-002
 1.7793188e-002
 1.7115213e-002
 1.6468076e-002
 1.5852109e-002
 1.5268158e-002
 1.4716767e-002
 1.4198451e-002
 1.3713434e-002
 1.3260128e-002
 1.2832435e-002
 1.2423527e-002
 1.2029555e-002
 1.1652609e-002
 1.1295786e-002
 1.0963016e-002
 1.0660015e-002
 1.0392889e-002
 1.0161628e-002
 9.9529801e-003
 9.7519448e-003
 9.5491735e-003
 9.3482155e-003
 9.1542657e-003
 8.9712851e-003
 8.8002812e-003
 8.6418130e-003
 8.4950561e-003
 8.3558355e-003
 8.2196780e-003
 8.0861021e-003
 7.9635810e-003
 7.8618955e-003
 7.7854362e-003
 7.7268570e-003
 7.6771993e-003
 7.6300590e-003
 7.5847479e-003
 7.5413259e-003
 7.4994476e-003
 7.4578598e-003
 7.4151461e-003
 7.3714573e-003
 7.3303059e-003
 7.2956961e-003
 7.2696526e-003
 7.2498834e-003
 7.2334991e-003
 7.2192647e-003
 7.2095655e-003
 7.2073014e-003
 7.2137555e-003
 7.2266925e-003
 7.2434056e-003
 7.2618644e-003
 7.2816322e-003
 7.3024733e-003
 7.3242350e-003
 7.3470045e-003
 7.3708761e-003
 7.3949210e-003
 7.4160104e-003
 7.4307150e-003
 7.4389828e-003
 7.4483100e-003
 7.4671921e-003
 7.4996781e-003
 7.5398246e-003
 7.5803990e-003
 7.6163686e-003
 7.6476946e-003
 7.6750363e-003
 7.7005685e-003
 7.7298614e-003
 7.7689462e-003
 7.8187063e-003
 7.8686317e-003
 7.9066837e-003
 7.9277158e-003
 7.9419231e-003
 7.9615656e-003
 7.9930350e-003
 8.0296658e-003
 8.0630612e-003
 8.0900537e-003
 8.1191715e-003
 8.1605203e-003
 8.2187001e-003
 8.2861120e-003
 8.3535286e-003
 8.4147984e-003
 8.4707309e-003
 8.5230581e-003
 8.5738841e-003
 8.6261611e-003
 8.6829253e-003
 8.7461285e-003
 8.8152597e-003
 8.8894749e-003
 8.9672897e-003
 9.0457620e-003
 9.1218343e-003
 9.1937389e-003
 9.2628291e-003
 9.3308194e-003
 9.4001582e-003
 9.4749210e-003
 9.5593557e-003
 9.6545378e-003
 9.7543597e-003
 9.8517351e-003
 9.9430168e-003
 1.0032007e-002
 1.0123571e-002
 1.0220503e-002
 1.0321084e-002
 1.0423003e-002
 1.0525291e-002
 1.0630131e-002
 1.0740081e-002
 1.0856183e-002
 1.0976180e-002
 1.1097280e-002
 1.1217383e-002
 1.1335805e-002
 1.1452025e-002
 1.1568042e-002
 1.1691257e-002
 1.1829852e-002
 1.1985977e-002
 1.2148630e-002
 1.2305036e-002
 1.2447947e-002
 1.2582575e-002
 1.2715751e-002
 1.2852928e-002
 1.2996484e-002
 1.3148293e-002
 1.3307415e-002
 1.3466479e-002
 1.3617244e-002
 1.3757084e-002
 1.3895645e-002
 1.4044287e-002
 1.4208551e-002
 1.4381147e-002
 1.4553134e-002
 1.4718158e-002
 1.4875902e-002
 1.5026846e-002
 1.5173502e-002
 1.5323075e-002
 1.5483256e-002
 1.5656048e-002
 1.5830472e-002
 1.5993819e-002
 1.6138701e-002
 1.6269477e-002
 1.6392166e-002
 1.6512536e-002
 1.6635863e-002
 1.6767349e-002
 1.6908722e-002
 1.7053884e-002
 1.7195717e-002
 1.7329341e-002
 1.7454917e-002
 1.7573321e-002
 1.7686864e-002
 1.7801110e-002
 1.7922061e-002
 1.8051734e-002
 1.8183226e-002
 1.8308470e-002
 1.8422939e-002
 1.8529912e-002
 1.8633861e-002
 1.8738152e-002
 1.8843932e-002
 1.8951984e-002
 1.9063013e-002
 1.9177580e-002
 1.9296089e-002
 1.9418348e-002
 1.9542489e-002
 1.9666476e-002
 1.9789224e-002
 1.9911675e-002
 2.0035084e-002
 2.0160433e-002
 2.0287981e-002
 2.0417979e-002
 2.0551123e-002
 2.0689111e-002
 2.0833729e-002
 2.0984538e-002
 2.1136092e-002
 2.1282222e-002
 2.1420375e-002
 2.1555904e-002
 2.1695208e-002
 2.1842826e-002
 2.1999005e-002
 2.2163434e-002
 2.2334917e-002
 2.2510491e-002
 2.2686945e-002
 2.2861961e-002
 2.3035279e-002
 2.3206860e-002
 2.3375772e-002
 2.3539275e-002
 2.3694219e-002
 2.3840377e-002
 2.3983613e-002
 2.4130698e-002
 2.4286482e-002
 2.4451399e-002
 2.4625320e-002
 2.4806103e-002
 2.4987342e-002
 2.5162065e-002
 2.5328659e-002
 2.5497718e-002
 2.5681295e-002
 2.5882952e-002
 2.6087105e-002
 2.6275529e-002
 2.6440162e-002
 2.6595179e-002
 2.6757836e-002
 2.6937198e-002
 2.7123988e-002
 2.7306577e-002
 2.7478235e-002
 2.7643347e-002
 2.7807796e-002
 2.7976735e-002
 2.8153908e-002
 2.8342711e-002
 2.8543053e-002
 2.8747058e-002
 2.8945718e-002
 2.9133767e-002
 2.9313963e-002
 2.9490106e-002
 2.9667236e-002
 2.9852601e-002
 3.0053837e-002
 3.0271986e-002
 3.0493317e-002
 3.0702289e-002
 3.0890414e-002
 3.1065436e-002
 3.1237200e-002
 3.1413145e-002
 3.1595312e-002
 3.1784844e-002
 3.1979382e-002
 3.2168161e-002
 3.2339305e-002
 3.2488946e-002
 3.2630853e-002
 3.2781161e-002
 3.2949116e-002
 3.3128485e-002
 3.3311028e-002
 3.3490442e-002
 3.3664804e-002
 3.3832785e-002
 3.3993673e-002
 3.4148153e-002
 3.4297194e-002
 3.4441888e-002
 3.4584008e-002
 3.4725200e-002
 3.4866311e-002
 3.5005983e-002
 3.5142582e-002
 3.5275750e-002
 3.5407860e-002
 3.5541780e-002
 3.5678215e-002
 3.5813279e-002
 3.5942450e-002
 3.6063172e-002
 3.6176957e-002
 3.6286045e-002
 3.6391534e-002
 3.6492296e-002
 3.6586944e-002
 3.6675461e-002
 3.6760803e-002
 3.6846463e-002
 3.6934990e-002
 3.7026994e-002
 3.7122905e-002
 3.7220776e-002
 3.7313506e-002
 3.7393320e-002
 3.7454993e-002
 3.7498698e-002
 3.7525449e-002
 3.7538875e-002
 3.7548654e-002
 3.7565183e-002
 3.7593860e-002
 3.7628852e-002
 3.7662927e-002
 3.7692878e-002
 3.7725117e-002
 3.7767097e-002
 3.7819475e-002
 3.7867632e-002
 3.7894838e-002
 3.7894998e-002
 3.7885759e-002
 3.7887823e-002
 3.7912939e-002
 3.7952453e-002
 3.7995163e-002
 3.8034305e-002
 3.8073543e-002
 3.8117848e-002
 3.8169026e-002
 3.8221575e-002
 3.8269009e-002
 3.8309786e-002
 3.8353093e-002
 3.8409457e-002
 3.8482901e-002
 3.8562678e-002
 3.8635973e-002
 3.8700849e-002
 3.8779322e-002
 3.8896546e-002
 3.9063763e-002
 3.9260793e-002
 3.9463408e-002
 3.9653279e-002
 3.9825566e-002
 3.9977387e-002
 4.0114876e-002
 4.0264908e-002
 4.0456757e-002
 4.0681716e-002
 4.0846162e-002
 4.0844914e-002
 4.0634666e-002
 4.0320102e-002
 4.0027831e-002
 3.9851166e-002
 3.9797172e-002
 3.9859053e-002
 4.0020600e-002
 4.0238675e-002
 4.0465564e-002
 4.0663633e-002
 4.0826328e-002
 4.0952761e-002
 4.1049227e-002
 4.1145105e-002
 4.1274540e-002
 4.1464034e-002
 4.1712653e-002
 4.2013340e-002
 4.2353921e-002
 4.2701658e-002
 4.3019038e-002
 4.3276876e-002
 4.3480717e-002
 4.3645408e-002
 4.3784924e-002
 4.3910570e-002
 4.4032577e-002
 4.4155791e-002
 4.4258285e-002
 4.4309702e-002
 4.4289242e-002
 4.4225916e-002
 4.4165459e-002
 4.4149037e-002
 4.4191714e-002
 4.4299282e-002
 4.4472419e-002
 4.4678979e-002
 4.4874456e-002
 4.5017511e-002
 4.5090556e-002
 4.5085646e-002
 4.5000140e-002
 4.4869509e-002
 4.4746574e-002
 4.4676922e-002
 4.4648308e-002
 4.4620279e-002
 4.4555936e-002
 4.4451665e-002
 4.4321112e-002
 4.4177189e-002
 4.4024143e-002
 4.3861188e-002
 4.3685302e-002
 4.3469127e-002
 4.3170594e-002
 4.2752285e-002
 4.2230725e-002
 4.1658245e-002
 4.1085303e-002
 4.0537119e-002
 4.0021088e-002
 3.9541524e-002
 3.9067626e-002
 3.8541764e-002
 3.7909277e-002
 3.7170917e-002
 3.6371570e-002
 3.5556085e-002
 3.4740720e-002
 3.3917498e-002
 3.3077992e-002
 3.2219656e-002
 3.1345949e-002
 3.0460216e-002
 2.9567046e-002
 2.8671741e-002
 2.7779007e-002
 2.6883915e-002
 2.5970243e-002
 2.5022479e-002
 2.4040461e-002
 2.3041803e-002
 2.2045469e-002
 2.1069026e-002
 2.0129260e-002
 1.9242510e-002
 1.8411625e-002
 1.7622428e-002
 1.6859293e-002
 1.6110349e-002
 1.5368586e-002
 1.4627379e-002
 1.3897546e-002
 1.3215360e-002
 1.2619055e-002
 1.2115268e-002
 1.1659325e-002
 1.1202357e-002
 1.0721758e-002
 1.0241237e-002
 9.7890273e-003
 9.3813762e-003
 9.0124775e-003
 8.6739035e-003
 8.3573135e-003
 8.0543002e-003
 7.7564083e-003
 7.4626100e-003
 7.1876450e-003
 6.9484594e-003
 6.7561259e-003
 6.6079940e-003
 6.4994958e-003
 6.4191343e-003
 6.3380348e-003
 6.2246299e-003
 6.0626119e-003
 5.8775856e-003
 5.7021389e-003
 5.5570682e-003
 5.4279785e-003
 5.2939979e-003
 5.1429812e-003
 4.9904506e-003
 4.8575155e-003
 4.7597443e-003
 4.6934583e-003
 4.6508801e-003
 4.6244622e-003
 4.6077231e-003
 4.5944173e-003
 4.5783878e-003
 4.5538647e-003
 4.5151683e-003
 4.4595166e-003
 4.3969355e-003
 4.3409467e-003
 4.3031620e-003
 4.2858855e-003
 4.2886771e-003
 4.3106568e-003
 4.3488373e-003
 4.3995073e-003
 4.4583231e-003
 4.5171888e-003
 4.5666923e-003
 4.5975624e-003
 4.6011768e-003
 4.5691682e-003
 4.4965763e-003
 4.4009113e-003
 4.3088151e-003
 4.2449320e-003
 4.2188698e-003
 4.2336741e-003
 4.2895637e-003
 4.3648751e-003
 4.4275345e-003
 4.4487189e-003
 4.4278698e-003
 4.3788748e-003
 4.3155933e-003
 4.2507672e-003
 4.1964753e-003
 4.1629476e-003
 4.1410062e-003
 4.1100113e-003
 4.0524076e-003
 3.9837747e-003
 3.9392975e-003
 3.9508301e-003
 4.0132110e-003
 4.0994314e-003
 4.1829143e-003
 4.2441185e-003
 4.2676954e-003
 4.2411545e-003
 4.1808449e-003
 4.1201306e-003
 4.0896125e-003
 4.0886840e-003
 4.0983418e-003
 4.1008662e-003
 4.0942812e-003
 4.0858914e-003
 4.0826621e-003
 4.0868791e-003
 4.0980503e-003
 4.1152099e-003
 4.1327192e-003
 4.1422118e-003
 4.1362429e-003
 4.1174041e-003
 4.0942021e-003
 4.0754015e-003
 4.0716212e-003
 4.0945667e-003
 4.1540381e-003
 4.2401254e-003
 4.3312591e-003
 4.4067823e-003
 4.4572367e-003
 4.4797082e-003
 4.4719484e-003
 4.4375923e-003
 4.3837465e-003
 4.3174052e-003
 4.2442041e-003
 4.1689221e-003
 4.0967874e-003
 4.0373770e-003
 4.0029036e-003
 4.0041767e-003
 4.0375292e-003
 4.0907376e-003
 4.1514318e-003
 4.2068572e-003
 4.2440384e-003
 4.2521218e-003
 4.2426935e-003
 4.2405319e-003
 4.2671547e-003
 4.3086400e-003
 4.3301680e-003
 4.3007904e-003
 4.2323917e-003
 4.1621211e-003
 4.1244025e-003
 4.1222125e-003
 4.1399091e-003
 4.1631884e-003
 4.1935286e-003
 4.2417948e-003
 4.3160380e-003
 4.3940335e-003
 4.4357618e-003
 4.4058003e-003
 4.3184846e-003
 4.2176070e-003
 4.1439813e-003
 4.1045006e-003
 4.0860618e-003
 4.0769940e-003
 4.0835273e-003
 4.1224435e-003
 4.2071193e-003
 4.3144859e-003
 4.3999627e-003
 4.4212304e-003
 4.3630041e-003
 4.2257896e-003
 4.0150238e-003
 3.7833510e-003
 3.6113341e-003
 3.5715294e-003
 3.6486674e-003
 3.7758294e-003
 3.8893998e-003
 3.9666942e-003
 4.0092980e-003
 4.0197270e-003
 4.0072445e-003
 3.9850953e-003
 3.9660507e-003
 3.9575794e-003
 3.9639887e-003
 3.9882381e-003
 4.0196623e-003
 4.0395358e-003
 4.0317271e-003
 4.0078466e-003
 3.9958768e-003
 4.0222351e-003
 4.0950314e-003
 4.2114984e-003
 4.3666693e-003
 4.5336983e-003
 4.6728747e-003
 4.7480026e-003
 4.7620884e-003
 4.7411588e-003
 4.7104075e-003
 4.6831183e-003
 4.6655666e-003
 4.6627377e-003
 4.6672095e-003
 4.6642609e-003
 4.6401722e-003
 4.5926562e-003
 4.5261653e-003
 4.4463277e-003
 4.3703667e-003
 4.3222546e-003
 4.3232352e-003
 4.3650749e-003
 4.4221627e-003
 4.4707907e-003
 4.5092828e-003
 4.5489199e-003
 4.6006781e-003
 4.6703471e-003
 4.7606095e-003
 4.8720748e-003
 4.9839802e-003
 5.0628469e-003
 5.0805821e-003
 5.0653093e-003
 5.0783898e-003
 5.1728538e-003
 5.3114081e-003
 5.4035028e-003
 5.3686141e-003
 5.2376864e-003
 5.1073581e-003
 5.0671715e-003
 5.1233456e-003
 5.2330419e-003
 5.3539714e-003
 5.4556192e-003
 5.5145393e-003
 5.5120811e-003
 5.4785619e-003
 5.4731527e-003
 5.5492478e-003
 5.6961146e-003
 5.8652591e-003
 6.0111163e-003
 6.1238226e-003
 6.2144585e-003
 6.2932079e-003
 6.3571651e-003
 6.3956780e-003
 6.4007384e-003
 6.3921558e-003
 6.4061936e-003
 6.4749597e-003
 6.5856483e-003
 6.6989404e-003
 6.7790565e-003
 6.8309763e-003
 6.8837008e-003
 6.9645927e-003
 7.0814979e-003
 7.2307186e-003
 7.4071372e-003
 7.5934730e-003
 7.7652079e-003
 7.9005733e-003
 8.0070207e-003
 8.1093358e-003
 8.2288915e-003
 8.3489930e-003
 8.4306514e-003
 8.4395120e-003
 8.3922995e-003
 8.3358921e-003
 8.3158575e-003
 8.3601018e-003
 8.4860539e-003
 8.7060845e-003
 8.9813992e-003
 9.2427842e-003
 9.4275214e-003
 9.5420005e-003
 9.6333763e-003
 9.7443517e-003
 9.8654786e-003
 9.9565713e-003
 9.9826194e-003
 9.9672060e-003
 9.9684447e-003
 1.0040752e-002
 1.0196316e-002
 1.0422426e-002
 1.0703844e-002
 1.1004621e-002
 1.1276424e-002
 1.1475649e-002
 1.1608524e-002
 1.1710943e-002
 1.1817191e-002
 1.1941303e-002
 1.2085526e-002
 1.2250405e-002
 1.2420639e-002
 1.2571739e-002
 1.2682778e-002
 1.2771335e-002
 1.2877575e-002
 1.3037808e-002
 1.3244881e-002
 1.3465715e-002
 1.3667378e-002
 1.3820382e-002
 1.3897093e-002
 1.3876458e-002
 1.3803212e-002
 1.3760992e-002
 1.3825131e-002
 1.3987606e-002
 1.4194673e-002
 1.4395840e-002
 1.4574277e-002
 1.4730266e-002
 1.4864546e-002
 1.4981865e-002
 1.5088771e-002
 1.5190864e-002
 1.5287053e-002
 1.5373257e-002
 1.5448097e-002
 1.5527685e-002
 1.5635336e-002
 1.5787525e-002
 1.5958153e-002
 1.6105147e-002
 1.6196873e-002
 1.6261145e-002
 1.6346587e-002
 1.6490400e-002
 1.6670054e-002
 1.6843392e-002
 1.6976969e-002
 1.7078415e-002
 1.7167563e-002
 1.7260505e-002
 1.7356321e-002
 1.7449396e-002
 1.7535061e-002
 1.7613208e-002
 1.7684814e-002
 1.7751530e-002
 1.7817896e-002
 1.7889172e-002
 1.7965142e-002
 1.8026976e-002
 1.8051708e-002
 1.8032109e-002
 1.8011706e-002
 1.8044224e-002
 1.8160051e-002
 1.8319512e-002
 1.8470045e-002
 1.8574903e-002
 1.8641176e-002
 1.8683555e-002
 1.8719189e-002
 1.8771788e-002
 1.8865850e-002
 1.9000033e-002
 1.9111125e-002
 1.9127162e-002
 1.9026343e-002
 1.8897362e-002
 1.8843390e-002
 1.8912211e-002
 1.9038564e-002
 1.9143496e-002
 1.9179834e-002
 1.9160906e-002
 1.9106714e-002
 1.9034067e-002
 1.8953959e-002
 1.8876733e-002
 1.8807894e-002
 1.8744877e-002
 1.8684285e-002
 1.8620810e-002
 1.8546080e-002
 1.8451689e-002
 1.8342324e-002
 1.8241420e-002
 1.8173283e-002
 1.8140415e-002
 1.8116221e-002
 1.8072477e-002
 1.7993052e-002
 1.7877052e-002
 1.7724760e-002
 1.7541995e-002
 1.7341113e-002
 1.7134707e-002
 1.6929001e-002
 1.6723337e-002
 1.6517254e-002
 1.6317982e-002
 1.6140820e-002
 1.6000411e-002
 1.5891299e-002
 1.5788918e-002
 1.5669063e-002
 1.5528205e-002
 1.5380845e-002
 1.5241011e-002
 1.5105629e-002
 1.4957354e-002
 1.4779881e-002
 1.4578762e-002
 1.4376394e-002
 1.4194237e-002
 1.4037137e-002
 1.3898221e-002
 1.3770195e-002
 1.3645475e-002
 1.3516336e-002
 1.3374557e-002
 1.3207006e-002
 1.2997445e-002
 1.2732998e-002
 1.2432794e-002
 1.2134590e-002
 1.1874412e-002
 1.1668519e-002
 1.1522713e-002
 1.1437620e-002
 1.1370317e-002
 1.1256234e-002
 1.1042945e-002
 1.0773423e-002
 1.0534653e-002
 1.0399194e-002
 1.0335957e-002
 1.0269031e-002
 1.0135058e-002
 9.9533927e-003
 9.7763017e-003
 9.6488772e-003
 9.5729874e-003
 9.5345108e-003
 9.5160613e-003
 9.4826808e-003
 9.3934424e-003
 9.2186788e-003
 8.9860531e-003
 8.7415837e-003
 8.5252086e-003
 8.3489288e-003
 8.2165552e-003
 8.1280293e-003
 8.0661187e-003
 8.0089765e-003
 7.9379464e-003
 7.8468863e-003
 7.7327802e-003
 7.6031238e-003
 7.5068832e-003
 7.5034378e-003
 7.6235300e-003
 7.7828909e-003
 7.8686168e-003
 7.8018820e-003
 7.6404330e-003
 7.4760760e-003
 7.3816581e-003
 7.3542078e-003
 7.3717036e-003
 7.4088047e-003
 7.4267765e-003
 7.3835142e-003
 7.2547565e-003
 7.0874654e-003
 6.9465404e-003
 6.8772398e-003
 6.8468037e-003
 6.8029761e-003
 6.7099547e-003
 6.5979222e-003
 6.5134987e-003
 6.4915093e-003
 6.5191505e-003
 6.5717646e-003
 6.6220188e-003
 6.6319825e-003
 6.5610609e-003
 6.3913511e-003
 6.1955024e-003
 6.0688369e-003
 6.0802912e-003
 6.1932490e-003
 6.3446839e-003
 6.4784647e-003
 6.5655941e-003
 6.5840259e-003
 6.5222150e-003
 6.4110090e-003
 6.2917941e-003
 6.2003294e-003
 6.1498797e-003
 6.1480948e-003
 6.1952174e-003
 6.2620286e-003
 6.3118734e-003
 6.3190665e-003
 6.3015199e-003
 6.2880926e-003
 6.2955860e-003
 6.2927315e-003
 6.2362263e-003
 6.1013908e-003
 5.9378832e-003
 5.8139432e-003
 5.7743783e-003
 5.7698414e-003
 5.7274811e-003
 5.5991150e-003
 5.4350328e-003
 5.3101415e-003
 5.2734306e-003
 5.2702175e-003
 5.2198418e-003
 5.0676279e-003
 4.8629735e-003
 4.6811234e-003
 4.5796568e-003
 4.5454912e-003
 4.5478093e-003
 4.5587877e-003
 4.5624911e-003
 4.5459536e-003
 4.5021097e-003
 4.4474700e-003
 4.4044945e-003
 4.3894434e-003
 4.3940404e-003
 4.4038687e-003
 4.4075558e-003
 4.4059716e-003
 4.4030133e-003
 4.4017681e-003
 4.4019762e-003
 4.4025467e-003
 4.4026268e-003
 4.4022873e-003
 4.4018333e-003
 4.4015045e-003
 4.4012913e-003
 4.4011287e-003
 4.4009574e-003
 4.4007832e-003
 4.4006198e-003
 4.4004796e-003
 4.4003455e-003
 4.4002188e-003
 4.4000852e-003
 4.3999492e-003
 4.3998319e-003
 4.3997332e-003
 4.3996405e-003
 4.3995194e-003
 4.3993513e-003
 4.3991320e-003
 4.3988661e-003
 4.3985629e-003
 4.3982547e-003
 4.3979846e-003
 4.3977839e-003
 4.3976340e-003
 4.3975087e-003
 4.3973774e-003
 4.3972381e-003
 4.3970700e-003
 4.3968786e-003
 4.3966826e-003
 4.3965010e-003
 4.3963557e-003
 4.3962346e-003
 4.3961131e-003
 4.3959832e-003
 4.3958575e-003
 4.3957541e-003
 4.3956749e-003
 4.3955953e-003
 4.3954602e-003
 4.3952460e-003
 4.3949988e-003
 4.3947841e-003
 4.3946491e-003
 4.3945513e-003
 4.3944344e-003
 4.3942528e-003
 4.3940335e-003
 4.3938234e-003
 4.3936600e-003
 4.3935343e-003
 4.3934220e-003
 4.3933052e-003
 4.3931981e-003
 4.3931142e-003
 4.3930677e-003
 4.3930393e-003
 4.3930160e-003
 4.3929736e-003
 4.3929368e-003
 4.3929135e-003
 4.3929135e-003
 4.3929229e-003
 4.3929135e-003
 4.3928619e-003
 4.3927967e-003
 4.3927408e-003
 4.3927217e-003
 4.3927263e-003
 4.3927408e-003
 4.3927454e-003
 4.3927450e-003
 4.3927408e-003
 4.3927403e-003
 4.3927408e-003
 4.3927408e-003
