 splib07a Record=11362: Vermiculite WS681             BECKc AREF
-1.2300000e+034
-1.2300000e+034
-1.2300000e+034
 6.7259580e-002
 6.2808268e-002
 7.8652762e-002
 6.8119213e-002
 7.8233138e-002
 6.9622397e-002
 7.2346985e-002
 7.2857790e-002
 6.9060601e-002
 9.0559021e-002
 8.8455647e-002
 1.0083440e-001
 1.1368815e-001
 1.1877886e-001
 1.3686517e-001
 1.4665242e-001
 1.5177254e-001
 1.5674700e-001
 1.6821717e-001
 1.7696889e-001
 1.7768860e-001
 1.8642096e-001
 1.9378570e-001
 2.0441157e-001
 2.0643097e-001
 2.1666892e-001
 2.1807061e-001
 2.3133002e-001
 2.3521417e-001
 2.4114621e-001
 2.5090209e-001
 2.5449336e-001
 2.6196036e-001
 2.6775315e-001
 2.7363813e-001
 2.7991521e-001
 2.8423417e-001
 2.8799728e-001
 2.9010487e-001
 2.9110813e-001
 2.9366106e-001
 2.9619634e-001
 3.0008376e-001
 3.0195034e-001
 3.0396804e-001
 3.0458155e-001
 3.0577952e-001
 3.0792639e-001
 3.1058922e-001
 3.1156254e-001
 3.1351602e-001
 3.1384805e-001
 3.1853890e-001
 3.1851092e-001
 3.1911480e-001
 3.2412285e-001
 3.2904336e-001
 3.3102041e-001
 3.3819082e-001
 3.3966485e-001
 3.4534457e-001
 3.4945315e-001
 3.5406837e-001
 3.5490206e-001
 3.5875601e-001
 3.5752589e-001
 3.6302555e-001
 3.6268798e-001
 3.6511666e-001
 3.6472592e-001
 3.6376745e-001
 3.6648184e-001
 3.6871827e-001
 3.6887607e-001
 3.7047386e-001
 3.7350732e-001
 3.7419853e-001
 3.7416464e-001
 3.7986085e-001
 3.7812445e-001
 3.7846112e-001
 3.8421747e-001
 3.8430566e-001
 3.8420177e-001
 3.8844898e-001
 3.8997850e-001
 3.8989744e-001
 3.9063403e-001
 3.9426044e-001
 3.9523098e-001
 3.9831686e-001
 4.0039888e-001
 4.0147650e-001
 4.0379786e-001
 4.0535977e-001
 4.0599740e-001
 4.0768686e-001
 4.0950871e-001
 4.1192713e-001
 4.1307768e-001
 4.1389066e-001
 4.1594431e-001
 4.1625786e-001
 4.1716594e-001
 4.1859290e-001
 4.1591403e-001
 4.1855013e-001
 4.1935772e-001
 4.2177251e-001
 4.2173141e-001
 4.2046255e-001
 4.2096210e-001
 4.2230406e-001
 4.2321178e-001
 4.2368522e-001
 4.2555887e-001
 4.2749307e-001
 4.2722809e-001
 4.2701110e-001
 4.2959112e-001
 4.2801875e-001
 4.2731148e-001
 4.2982760e-001
 4.3041772e-001
 4.2959902e-001
 4.3111870e-001
 4.3221322e-001
 4.3335545e-001
 4.2993933e-001
 4.3445775e-001
 4.3350276e-001
 4.3639550e-001
 4.3491644e-001
 4.3565843e-001
 4.3646014e-001
 4.3489465e-001
 4.3741030e-001
 4.3563294e-001
 4.3700361e-001
 4.3593195e-001
 4.3704915e-001
 4.3719232e-001
 4.3864545e-001
 4.3770972e-001
 4.3592373e-001
 4.4046858e-001
 4.3857059e-001
 4.3861076e-001
 4.4038090e-001
 4.3946767e-001
 4.3891889e-001
 4.4049081e-001
 4.4136131e-001
 4.3945330e-001
 4.3997097e-001
 4.3913379e-001
 4.4039401e-001
 4.4068387e-001
 4.3962231e-001
 4.4128177e-001
 4.3867454e-001
 4.4238499e-001
 4.3845764e-001
 4.4077304e-001
 4.3932620e-001
 4.3979317e-001
 4.3892476e-001
 4.3970314e-001
 4.4128069e-001
 4.4012019e-001
 4.3824953e-001
 4.4036460e-001
 4.4094780e-001
 4.3871832e-001
 4.3995851e-001
 4.3764654e-001
 4.3928441e-001
 4.3621236e-001
 4.3767136e-001
 4.3730342e-001
 4.3707818e-001
 4.3462580e-001
 4.3441987e-001
 4.3506327e-001
 4.3522549e-001
 4.3318936e-001
 4.3371269e-001
 4.3578282e-001
 4.3166125e-001
 4.3274286e-001
 4.3388405e-001
 4.3020582e-001
 4.3409893e-001
 4.3306646e-001
 4.3353251e-001
 4.3648776e-001
 4.3380493e-001
 4.3272468e-001
 4.3567204e-001
 4.3535456e-001
 4.3417290e-001
 4.3322086e-001
 4.3701488e-001
 4.3566981e-001
 4.3919453e-001
 4.3541202e-001
 4.4044578e-001
 4.3825296e-001
 4.4058296e-001
 4.4012460e-001
 4.3995434e-001
 4.4232598e-001
 4.4112897e-001
 4.4512504e-001
 4.4419923e-001
 4.4648108e-001
 4.4798726e-001
 4.4881549e-001
 4.4841981e-001
 4.4927493e-001
 4.5215246e-001
 4.5362997e-001
 4.5434532e-001
 4.5801485e-001
 4.5975330e-001
 4.6140459e-001
 4.6165475e-001
 4.6547449e-001
 4.6548653e-001
 4.6592036e-001
 4.6434176e-001
 4.6433184e-001
 4.6966621e-001
 4.6917894e-001
 4.6843126e-001
 4.6870938e-001
 4.6793124e-001
 4.7003388e-001
 4.7269931e-001
 4.7147101e-001
 4.7017711e-001
 4.7063062e-001
 4.7137067e-001
 4.7159955e-001
 4.7318664e-001
 4.7541192e-001
 4.7473329e-001
 4.7793370e-001
 4.7807449e-001
 4.7853801e-001
 4.8015913e-001
 4.7962049e-001
 4.8003674e-001
 4.8216227e-001
 4.8161170e-001
 4.8051232e-001
 4.8063058e-001
 4.8183632e-001
 4.7966364e-001
 4.7819415e-001
 4.7842869e-001
 4.7934872e-001
 4.7778153e-001
 4.7795722e-001
 4.7914568e-001
 4.7913763e-001
 4.7836661e-001
 4.7664285e-001
 4.7654495e-001
 4.7556341e-001
 4.7687548e-001
 4.7638163e-001
 4.7813401e-001
 4.7623351e-001
 4.7637293e-001
 4.7910842e-001
 4.7574544e-001
 4.7704971e-001
 4.7726867e-001
 4.7846967e-001
 4.7958142e-001
 4.7872558e-001
 4.8138314e-001
 4.8070347e-001
 4.7963056e-001
 4.8326617e-001
 4.8130953e-001
 4.8313379e-001
 4.8349118e-001
 4.8414627e-001
 4.8315763e-001
 4.8466635e-001
 4.8433986e-001
 4.8816898e-001
 4.8937726e-001
 4.8850319e-001
 4.9106514e-001
 4.9355301e-001
 4.9345073e-001
 4.9578488e-001
 4.9537200e-001
 4.9688232e-001
 4.9886155e-001
 4.9908489e-001
 5.0091004e-001
 5.0189376e-001
 5.0075787e-001
 5.0317061e-001
 5.0434721e-001
 5.0713092e-001
 5.0716686e-001
 5.0790262e-001
 5.0941241e-001
 5.1149887e-001
-1.2300000e+034
-1.2300000e+034
-1.2300000e+034
-1.2300000e+034
-1.2300000e+034
-1.2300000e+034
-1.2300000e+034
-1.2300000e+034
-1.2300000e+034
-1.2300000e+034
-1.2300000e+034
-1.2300000e+034
-1.2300000e+034
-1.2300000e+034
-1.2300000e+034
-1.2300000e+034
-1.2300000e+034
-1.2300000e+034
-1.2300000e+034
-1.2300000e+034
-1.2300000e+034
-1.2300000e+034
-1.2300000e+034
-1.2300000e+034
-1.2300000e+034
-1.2300000e+034
-1.2300000e+034
-1.2300000e+034
-1.2300000e+034
-1.2300000e+034
-1.2300000e+034
-1.2300000e+034
-1.2300000e+034
-1.2300000e+034
-1.2300000e+034
-1.2300000e+034
-1.2300000e+034
-1.2300000e+034
-1.2300000e+034
-1.2300000e+034
-1.2300000e+034
 5.2782959e-001
 5.3080583e-001
 5.3154421e-001
 5.3239298e-001
 5.3246319e-001
 5.3317714e-001
 5.3413349e-001
 5.3459370e-001
 5.3750455e-001
 5.3899997e-001
 5.3867620e-001
 5.3975666e-001
 5.4149067e-001
 5.4276687e-001
 5.4147422e-001
 5.4394007e-001
 5.4360133e-001
 5.4468238e-001
 5.4578686e-001
 5.4328638e-001
 5.4603517e-001
 5.4539800e-001
 5.4781908e-001
 5.4817373e-001
 5.4896361e-001
 5.4761761e-001
 5.5034328e-001
 5.4872030e-001
 5.5046654e-001
 5.5067676e-001
 5.5299544e-001
 5.4943246e-001
 5.5077064e-001
 5.5150127e-001
 5.5280602e-001
 5.5210054e-001
 5.5415326e-001
 5.5041188e-001
 5.5008376e-001
 5.5382293e-001
 5.5513245e-001
 5.4836148e-001
 5.5228150e-001
 5.5198336e-001
 5.5299163e-001
 5.5123013e-001
 5.5083060e-001
 5.4716104e-001
 5.4313540e-001
 5.3993046e-001
 5.2929544e-001
 5.1373005e-001
 4.8857507e-001
 4.6861216e-001
 4.5508224e-001
 4.5698535e-001
 4.6015933e-001
 4.6675271e-001
 4.7070482e-001
 4.7723371e-001
 4.7744337e-001
 4.8581001e-001
 4.8880285e-001
 4.9553335e-001
 5.0117600e-001
 5.0762665e-001
 5.1033068e-001
 5.1143241e-001
 5.1800245e-001
 5.1812494e-001
 5.2058226e-001
 5.2131844e-001
 5.2019674e-001
 5.2242601e-001
 5.2421385e-001
 5.2848375e-001
 5.3199118e-001
 5.3397781e-001
 5.2965558e-001
 5.2801001e-001
 5.3277087e-001
 5.2643955e-001
 5.2652472e-001
 5.2647454e-001
 5.1564080e-001
 5.1357931e-001
 5.0030309e-001
 4.9003443e-001
 4.8898724e-001
 4.8490691e-001
 4.7207490e-001
 4.5352826e-001
 4.2988297e-001
 4.2311996e-001
 3.9857569e-001
 3.9008543e-001
 4.0768042e-001
 4.2374885e-001
 4.2959383e-001
 4.2268276e-001
 4.0599105e-001
 4.0357247e-001
 4.2013693e-001
 4.2441916e-001
 4.1379195e-001
 4.0533796e-001
 3.9452419e-001
 3.8851961e-001
 3.7999621e-001
 3.7383184e-001
 3.6513025e-001
 3.4509993e-001
 1.5950507e-001
 9.5845945e-002
 5.3730540e-002
 4.3078028e-002
 4.2083044e-002
 3.4486353e-002
 2.8587237e-002
 3.7041739e-002
 3.5352170e-002
 3.4469012e-002
