 splib07a Record=4303: Glaucophane HS426.2B         ASDFRc AREF
 1.0120571e-001
 1.1480149e-001
 1.2475453e-001
 1.2282252e-001
 1.1113466e-001
 1.1719286e-001
 1.3321811e-001
 1.3382742e-001
 1.3286994e-001
 1.3181399e-001
 1.2610175e-001
 1.3548578e-001
 1.4004250e-001
 1.3288683e-001
 1.3201746e-001
 1.3614045e-001
 1.3884459e-001
 1.3650107e-001
 1.3858746e-001
 1.3985792e-001
 1.3602309e-001
 1.3965087e-001
 1.4217559e-001
 1.4091983e-001
 1.4333402e-001
 1.4543083e-001
 1.4630133e-001
 1.4702785e-001
 1.5042420e-001
 1.5226054e-001
 1.5124340e-001
 1.5299480e-001
 1.5401657e-001
 1.5437613e-001
 1.5730421e-001
 1.5890211e-001
 1.5931481e-001
 1.6015458e-001
 1.6182221e-001
 1.6278683e-001
 1.6295320e-001
 1.6374019e-001
 1.6532354e-001
 1.6697873e-001
 1.6830738e-001
 1.6914795e-001
 1.7043400e-001
 1.7231253e-001
 1.7405501e-001
 1.7504320e-001
 1.7591640e-001
 1.7734689e-001
 1.7950365e-001
 1.8136433e-001
 1.8246588e-001
 1.8351083e-001
 1.8496016e-001
 1.8656571e-001
 1.8811156e-001
 1.8892826e-001
 1.8991455e-001
 1.9192742e-001
 1.9380963e-001
 1.9504733e-001
 1.9602859e-001
 1.9760537e-001
 1.9925165e-001
 2.0054731e-001
 2.0189230e-001
 2.0267935e-001
 2.0369110e-001
 2.0542991e-001
 2.0708025e-001
 2.0805573e-001
 2.0878702e-001
 2.1038620e-001
 2.1178153e-001
 2.1268317e-001
 2.1368906e-001
 2.1445946e-001
 2.1555819e-001
 2.1705219e-001
 2.1803251e-001
 2.1829553e-001
 2.1848278e-001
 2.1930823e-001
 2.1972878e-001
 2.1983759e-001
 2.2023088e-001
 2.2089352e-001
 2.2206131e-001
 2.2347732e-001
 2.2466151e-001
 2.2584046e-001
 2.2725476e-001
 2.2897021e-001
 2.3034273e-001
 2.3137254e-001
 2.3240826e-001
 2.3346677e-001
 2.3467064e-001
 2.3578604e-001
 2.3640989e-001
 2.3701341e-001
 2.3780093e-001
 2.3862709e-001
 2.3922025e-001
 2.3962960e-001
 2.4006781e-001
 2.4057403e-001
 2.4120595e-001
 2.4180062e-001
 2.4223359e-001
 2.4254830e-001
 2.4291185e-001
 2.4336562e-001
 2.4370047e-001
 2.4395810e-001
 2.4425288e-001
 2.4463794e-001
 2.4497809e-001
 2.4518894e-001
 2.4531047e-001
 2.4540782e-001
 2.4562697e-001
 2.4592203e-001
 2.4598913e-001
 2.4604751e-001
 2.4621126e-001
 2.4636149e-001
 2.4651167e-001
 2.4667791e-001
 2.4687028e-001
 2.4681890e-001
 2.4680081e-001
 2.4693160e-001
 2.4700831e-001
 2.4695495e-001
 2.4685751e-001
 2.4683335e-001
 2.4669352e-001
 2.4659897e-001
 2.4662855e-001
 2.4641146e-001
 2.4624333e-001
 2.4624379e-001
 2.4621144e-001
 2.4626893e-001
 2.4634837e-001
 2.4637142e-001
 2.4638686e-001
 2.4643761e-001
 2.4646010e-001
 2.4617100e-001
 2.4601310e-001
 2.4604516e-001
 2.4603687e-001
 2.4588463e-001
 2.4569853e-001
 2.4559188e-001
 2.4548827e-001
 2.4537903e-001
 2.4523363e-001
 2.4494982e-001
 2.4478629e-001
 2.4471915e-001
 2.4460305e-001
 2.4441981e-001
 2.4421832e-001
 2.4405706e-001
 2.4400841e-001
 2.4386032e-001
 2.4361271e-001
 2.4338776e-001
 2.4326637e-001
 2.4317233e-001
 2.4302693e-001
 2.4281028e-001
 2.4264914e-001
 2.4256589e-001
 2.4249220e-001
 2.4234882e-001
 2.4215803e-001
 2.4196358e-001
 2.4193044e-001
 2.4195445e-001
 2.4190581e-001
 2.4171458e-001
 2.4162292e-001
 2.4162295e-001
 2.4151342e-001
 2.4139497e-001
 2.4131079e-001
 2.4124508e-001
 2.4122654e-001
 2.4123822e-001
 2.4122587e-001
 2.4107274e-001
 2.4102114e-001
 2.4102536e-001
 2.4090402e-001
 2.4081931e-001
 2.4076325e-001
 2.4070004e-001
 2.4074909e-001
 2.4078876e-001
 2.4075833e-001
 2.4067588e-001
 2.4067894e-001
 2.4067982e-001
 2.4057616e-001
 2.4049719e-001
 2.4045824e-001
 2.4043904e-001
 2.4048154e-001
 2.4049574e-001
 2.4045964e-001
 2.4040857e-001
 2.4037477e-001
 2.4032158e-001
 2.4023101e-001
 2.4014881e-001
 2.4011418e-001
 2.4011585e-001
 2.4016988e-001
 2.4013133e-001
 2.4004649e-001
 2.4000919e-001
 2.4000114e-001
 2.3997383e-001
 2.3992072e-001
 2.3992011e-001
 2.3989715e-001
 2.3983809e-001
 2.3978080e-001
 2.3975401e-001
 2.3972228e-001
 2.3966163e-001
 2.3963882e-001
 2.3963244e-001
 2.3961262e-001
 2.3960347e-001
 2.3953572e-001
 2.3943558e-001
 2.3934864e-001
 2.3927915e-001
 2.3918582e-001
 2.3907293e-001
 2.3901178e-001
 2.3902449e-001
 2.3905133e-001
 2.3904377e-001
 2.3903346e-001
 2.3897760e-001
 2.3885740e-001
 2.3876861e-001
 2.3867014e-001
 2.3855731e-001
 2.3851256e-001
 2.3847814e-001
 2.3841701e-001
 2.3833771e-001
 2.3831476e-001
 2.3832656e-001
 2.3832677e-001
 2.3839043e-001
 2.3835455e-001
 2.3826079e-001
 2.3826918e-001
 2.3829041e-001
 2.3826423e-001
 2.3820381e-001
 2.3814376e-001
 2.3809153e-001
 2.3802802e-001
 2.3796527e-001
 2.3781829e-001
 2.3770358e-001
 2.3774374e-001
 2.3779526e-001
 2.3778588e-001
 2.3775142e-001
 2.3772585e-001
 2.3775487e-001
 2.3780718e-001
 2.3785777e-001
 2.3784146e-001
 2.3783702e-001
 2.3790801e-001
 2.3801023e-001
 2.3806122e-001
 2.3807433e-001
 2.3813753e-001
 2.3825067e-001
 2.3835601e-001
 2.3842397e-001
 2.3849715e-001
 2.3862834e-001
 2.3880340e-001
 2.3897113e-001
 2.3909733e-001
 2.3922789e-001
 2.3942415e-001
 2.3964559e-001
 2.3982254e-001
 2.3994546e-001
 2.4010521e-001
 2.4033293e-001
 2.4058412e-001
 2.4086379e-001
 2.4106413e-001
 2.4125500e-001
 2.4155785e-001
 2.4186644e-001
 2.4212536e-001
 2.4235994e-001
 2.4263315e-001
 2.4292664e-001
 2.4321501e-001
 2.4353546e-001
 2.4381724e-001
 2.4409857e-001
 2.4443845e-001
 2.4474469e-001
 2.4500762e-001
 2.4527837e-001
 2.4563122e-001
 2.4600334e-001
 2.4634150e-001
 2.4666494e-001
 2.4697885e-001
 2.4733648e-001
 2.4774531e-001
 2.4813685e-001
 2.4849215e-001
 2.4883761e-001
 2.4917270e-001
 2.4955049e-001
 2.4994494e-001
 2.5031635e-001
 2.5067663e-001
 2.5107825e-001
 2.5152647e-001
 2.5197405e-001
 2.5242707e-001
 2.5289550e-001
 2.5338450e-001
 2.5386158e-001
 2.5435093e-001
 2.5487462e-001
 2.5539318e-001
 2.5587881e-001
 2.5635186e-001
 2.5685370e-001
 2.5736681e-001
 2.5787503e-001
 2.5837767e-001
 2.5891328e-001
 2.5947770e-001
 2.6004335e-001
 2.6059431e-001
 2.6114035e-001
 2.6169154e-001
 2.6226285e-001
 2.6278079e-001
 2.6329908e-001
 2.6388162e-001
 2.6446399e-001
 2.6508424e-001
 2.6573718e-001
 2.6633421e-001
 2.6694879e-001
 2.6760051e-001
 2.6825759e-001
 2.6888523e-001
 2.6950708e-001
 2.7014917e-001
 2.7074605e-001
 2.7137804e-001
 2.7203882e-001
 2.7263099e-001
 2.7322575e-001
 2.7387288e-001
 2.7455959e-001
 2.7524677e-001
 2.7591950e-001
 2.7657634e-001
 2.7717879e-001
 2.7775806e-001
 2.7832752e-001
 2.7885398e-001
 2.7942708e-001
 2.8004953e-001
 2.8067544e-001
 2.8128073e-001
 2.8188440e-001
 2.8249329e-001
 2.8309399e-001
 2.8364608e-001
 2.8415680e-001
 2.8464741e-001
 2.8519431e-001
 2.8577659e-001
 2.8634116e-001
 2.8689018e-001
 2.8740457e-001
 2.8789094e-001
 2.8836036e-001
 2.8880703e-001
 2.8922424e-001
 2.8961894e-001
 2.9006267e-001
 2.9052708e-001
 2.9096439e-001
 2.9135785e-001
 2.9175386e-001
 2.9215094e-001
 2.9251996e-001
 2.9285878e-001
 2.9318509e-001
 2.9351819e-001
 2.9387608e-001
 2.9424411e-001
 2.9459170e-001
 2.9489633e-001
 2.9520947e-001
 2.9551953e-001
 2.9579592e-001
 2.9605198e-001
 2.9627791e-001
 2.9649514e-001
 2.9674256e-001
 2.9701754e-001
 2.9727080e-001
 2.9746866e-001
 2.9768762e-001
 2.9788497e-001
 2.9802617e-001
 2.9815939e-001
 2.9830852e-001
 2.9848033e-001
 2.9866087e-001
 2.9889628e-001
 2.9912019e-001
 2.9927841e-001
 2.9940784e-001
 2.9949424e-001
 2.9955661e-001
 2.9963782e-001
 2.9976580e-001
 2.9991081e-001
 3.0004314e-001
 3.0016503e-001
 3.0025172e-001
 3.0030274e-001
 3.0037352e-001
 3.0042449e-001
 3.0045050e-001
 3.0050084e-001
 3.0054674e-001
 3.0058497e-001
 3.0062705e-001
 3.0068865e-001
 3.0074927e-001
 3.0080354e-001
 3.0087915e-001
 3.0099958e-001
 3.0113679e-001
 3.0126989e-001
 3.0135927e-001
 3.0141953e-001
 3.0148053e-001
 3.0157116e-001
 3.0165064e-001
 3.0170265e-001
 3.0177042e-001
 3.0180997e-001
 3.0183667e-001
 3.0187756e-001
 3.0197635e-001
 3.0209500e-001
 3.0219287e-001
 3.0229026e-001
 3.0236858e-001
 3.0243951e-001
 3.0252740e-001
 3.0261192e-001
 3.0270681e-001
 3.0282703e-001
 3.0298766e-001
 3.0317780e-001
 3.0335754e-001
 3.0350566e-001
 3.0358714e-001
 3.0366307e-001
 3.0376589e-001
 3.0401435e-001
 3.0429977e-001
 3.0451968e-001
 3.0471146e-001
 3.0490360e-001
 3.0510572e-001
 3.0530545e-001
 3.0548602e-001
 3.0567542e-001
 3.0589324e-001
 3.0617145e-001
 3.0645427e-001
 3.0671549e-001
 3.0700669e-001
 3.0730256e-001
 3.0758321e-001
 3.0786699e-001
 3.0806637e-001
 3.0824870e-001
 3.0848235e-001
 3.0875060e-001
 3.0903640e-001
 3.0933440e-001
 3.0968606e-001
 3.1000265e-001
 3.1030267e-001
 3.1064114e-001
 3.1098109e-001
 3.1131980e-001
 3.1165880e-001
 3.1201011e-001
 3.1231079e-001
 3.1261066e-001
 3.1299335e-001
 3.1338844e-001
 3.1377846e-001
 3.1417701e-001
 3.1450725e-001
 3.1482756e-001
 3.1520638e-001
 3.1569421e-001
 3.1613168e-001
 3.1652158e-001
 3.1696290e-001
 3.1734315e-001
 3.1769383e-001
 3.1806931e-001
 3.1844360e-001
 3.1886917e-001
 3.1932995e-001
 3.1980482e-001
 3.2020572e-001
 3.2061934e-001
 3.2111940e-001
 3.2155350e-001
 3.2195026e-001
 3.2236335e-001
 3.2276666e-001
 3.2317793e-001
 3.2360497e-001
 3.2405791e-001
 3.2443032e-001
 3.2481253e-001
 3.2526717e-001
 3.2569644e-001
 3.2611451e-001
 3.2653517e-001
 3.2692674e-001
 3.2737002e-001
 3.2785127e-001
 3.2832277e-001
 3.2872280e-001
 3.2909706e-001
 3.2949451e-001
 3.2990012e-001
 3.3028692e-001
 3.3066893e-001
 3.3107752e-001
 3.3147544e-001
 3.3187944e-001
 3.3230209e-001
 3.3265048e-001
 3.3304486e-001
 3.3350471e-001
 3.3394742e-001
 3.3435759e-001
 3.3473045e-001
 3.3507875e-001
 3.3542392e-001
 3.3579996e-001
 3.3618960e-001
 3.3652404e-001
 3.3686784e-001
 3.3722818e-001
 3.3756855e-001
 3.3786255e-001
 3.3817792e-001
 3.3854812e-001
 3.3888283e-001
 3.3921719e-001
 3.3954534e-001
 3.3978403e-001
 3.4001076e-001
 3.4028050e-001
 3.4057933e-001
 3.4086984e-001
 3.4113431e-001
 3.4140116e-001
 3.4170809e-001
 3.4204865e-001
 3.4235004e-001
 3.4254143e-001
 3.4278190e-001
 3.4309432e-001
 3.4341004e-001
 3.4365293e-001
 3.4393200e-001
 3.4427220e-001
 3.4451067e-001
 3.4485397e-001
 3.4522644e-001
 3.4546396e-001
 3.4573257e-001
 3.4607297e-001
 3.4642532e-001
 3.4673393e-001
 3.4697190e-001
 3.4720376e-001
 3.4744847e-001
 3.4781921e-001
 3.4812838e-001
 3.4826136e-001
 3.4849760e-001
 3.4881896e-001
 3.4910405e-001
 3.4926200e-001
 3.4948102e-001
 3.4975016e-001
 3.4991488e-001
 3.5021740e-001
 3.5047141e-001
 3.5057750e-001
 3.5082802e-001
 3.5116711e-001
 3.5144755e-001
 3.5160092e-001
 3.5176736e-001
 3.5196051e-001
 3.5210624e-001
 3.5239321e-001
 3.5262087e-001
 3.5274652e-001
 3.5304004e-001
 3.5337040e-001
 3.5363060e-001
 3.5382527e-001
 3.5411772e-001
 3.5442123e-001
 3.5463962e-001
 3.5498995e-001
 3.5523766e-001
 3.5537902e-001
 3.5563552e-001
 3.5595942e-001
 3.5604078e-001
 3.5640040e-001
 3.5669371e-001
 3.5699132e-001
 3.5716981e-001
 3.5718709e-001
 3.5732731e-001
 3.5772160e-001
 3.5813606e-001
 3.5862908e-001
 3.5914788e-001
 3.5952365e-001
 3.5982159e-001
 3.6012352e-001
 3.6031204e-001
 3.6078849e-001
 3.6151397e-001
 3.6202377e-001
 3.6239746e-001
 3.6265215e-001
 3.6283636e-001
 3.6299172e-001
 3.6305714e-001
 3.6322305e-001
 3.6366072e-001
 3.6427519e-001
 3.6506337e-001
 3.6576742e-001
 3.6612803e-001
 3.6640316e-001
 3.6676991e-001
 3.6712274e-001
 3.6759439e-001
 3.6819929e-001
 3.6879393e-001
 3.6938128e-001
 3.6973861e-001
 3.7001723e-001
 3.7040249e-001
 3.7074295e-001
 3.7108973e-001
 3.7165913e-001
 3.7235704e-001
 3.7299803e-001
 3.7356755e-001
 3.7406927e-001
 3.7462437e-001
 3.7528667e-001
 3.7569997e-001
 3.7600225e-001
 3.7653556e-001
 3.7709820e-001
 3.7762609e-001
 3.7817973e-001
 3.7872198e-001
 3.7922603e-001
 3.7967473e-001
 3.8015136e-001
 3.8077107e-001
 3.8145959e-001
 3.8204724e-001
 3.8262886e-001
 3.8319594e-001
 3.8361397e-001
 3.8402966e-001
 3.8446283e-001
 3.8500458e-001
 3.8562152e-001
 3.8619965e-001
 3.8682994e-001
 3.8738966e-001
 3.8784671e-001
 3.8836515e-001
 3.8895762e-001
 3.8960695e-001
 3.9034805e-001
 3.9110509e-001
 3.9175704e-001
 3.9244294e-001
 3.9310867e-001
 3.9371869e-001
 3.9439094e-001
 3.9490712e-001
 3.9532194e-001
 3.9586851e-001
 3.9653054e-001
 3.9721572e-001
 3.9779741e-001
 3.9831781e-001
 3.9889166e-001
 3.9949191e-001
 4.0012938e-001
 4.0086520e-001
 4.0172431e-001
 4.0253788e-001
 4.0318635e-001
 4.0374336e-001
 4.0441254e-001
 4.0516332e-001
 4.0577063e-001
 4.0632531e-001
 4.0700811e-001
 4.0772447e-001
 4.0840715e-001
 4.0905756e-001
 4.0965912e-001
 4.1014481e-001
 4.1061616e-001
 4.1124764e-001
 4.1198865e-001
 4.1285804e-001
 4.1368544e-001
 4.1446221e-001
 4.1517869e-001
 4.1591656e-001
 4.1677633e-001
 4.1752520e-001
 4.1819680e-001
 4.1893849e-001
 4.1969249e-001
 4.2043692e-001
 4.2110366e-001
 4.2177111e-001
 4.2252490e-001
 4.2324683e-001
 4.2383203e-001
 4.2441916e-001
 4.2522410e-001
 4.2605156e-001
 4.2670122e-001
 4.2728102e-001
 4.2792085e-001
 4.2864209e-001
 4.2931518e-001
 4.2996857e-001
 4.3070704e-001
 4.3150294e-001
 4.3226388e-001
 4.3289819e-001
 4.3353721e-001
 4.3425292e-001
 4.3494958e-001
 4.3565041e-001
 4.3636927e-001
 4.3719432e-001
 4.3801898e-001
 4.3875685e-001
 4.3944073e-001
 4.4016516e-001
 4.4091976e-001
 4.4162673e-001
 4.4233695e-001
 4.4314063e-001
 4.4404680e-001
 4.4490817e-001
 4.4560543e-001
 4.4628769e-001
 4.4708124e-001
 4.4786289e-001
 4.4858021e-001
 4.4931114e-001
 4.5010287e-001
 4.5088226e-001
 4.5164877e-001
 4.5241821e-001
 4.5310956e-001
 4.5377842e-001
 4.5445177e-001
 4.5515504e-001
 4.5594168e-001
 4.5677295e-001
 4.5756775e-001
 4.5829648e-001
 4.5903057e-001
 4.5980039e-001
 4.6054199e-001
 4.6126184e-001
 4.6201038e-001
 4.6285844e-001
 4.6370512e-001
 4.6432790e-001
 4.6492338e-001
 4.6562052e-001
 4.6636581e-001
 4.6707094e-001
 4.6775889e-001
 4.6848035e-001
 4.6920961e-001
 4.6990499e-001
 4.7056407e-001
 4.7124442e-001
 4.7196898e-001
 4.7268221e-001
 4.7338668e-001
 4.7412375e-001
 4.7493008e-001
 4.7572434e-001
 4.7641191e-001
 4.7709325e-001
 4.7778618e-001
 4.7848326e-001
 4.7927138e-001
 4.8006529e-001
 4.8088843e-001
 4.8171231e-001
 4.8246399e-001
 4.8318702e-001
 4.8391119e-001
 4.8464337e-001
 4.8530680e-001
 4.8593596e-001
 4.8666817e-001
 4.8750299e-001
 4.8826990e-001
 4.8891658e-001
 4.8957843e-001
 4.9028119e-001
 4.9095288e-001
 4.9154323e-001
 4.9216294e-001
 4.9299639e-001
 4.9382582e-001
 4.9451879e-001
 4.9520567e-001
 4.9592531e-001
 4.9664971e-001
 4.9725986e-001
 4.9784040e-001
 4.9854425e-001
 4.9929646e-001
 4.9996284e-001
 5.0057000e-001
 5.0122267e-001
 5.0192118e-001
 5.0261325e-001
 5.0329763e-001
 5.0402677e-001
 5.0485808e-001
 5.0564611e-001
 5.0629389e-001
 5.0694174e-001
 5.0761634e-001
 5.0828296e-001
 5.0886649e-001
 5.0944519e-001
 5.1012897e-001
 5.1081288e-001
 5.1138622e-001
 5.1193660e-001
 5.1259142e-001
 5.1327497e-001
 5.1390642e-001
 5.1450711e-001
 5.1517171e-001
 5.1588017e-001
 5.1651907e-001
 5.1708961e-001
 5.1768637e-001
 5.1832581e-001
 5.1896071e-001
 5.1958477e-001
 5.2023232e-001
 5.2097809e-001
 5.2168471e-001
 5.2219820e-001
 5.2271581e-001
 5.2335048e-001
 5.2397871e-001
 5.2450949e-001
 5.2503246e-001
 5.2566522e-001
 5.2630913e-001
 5.2687103e-001
 5.2741086e-001
 5.2803552e-001
 5.2868837e-001
 5.2928674e-001
 5.2985173e-001
 5.3041327e-001
 5.3097034e-001
 5.3150100e-001
 5.3201342e-001
 5.3258514e-001
 5.3322583e-001
 5.3381270e-001
 5.3429341e-001
 5.3479278e-001
 5.3536135e-001
 5.3591269e-001
 5.3639865e-001
 5.3688961e-001
 5.3748953e-001
 5.3808886e-001
 5.3862917e-001
 5.3916115e-001
 5.3979564e-001
 5.4044801e-001
 5.4102045e-001
 5.4156381e-001
 5.4216826e-001
 5.4279965e-001
 5.4335070e-001
 5.4385120e-001
 5.4442734e-001
 5.4506397e-001
 5.4560876e-001
 5.4607391e-001
 5.4659039e-001
 5.4715741e-001
 5.4771549e-001
 5.4825556e-001
 5.4881167e-001
 5.4943353e-001
 5.5004191e-001
 5.5058771e-001
 5.5113381e-001
 5.5166495e-001
 5.5219632e-001
 5.5273414e-001
 5.5326849e-001
 5.5378723e-001
 5.5430657e-001
 5.5483460e-001
 5.5537105e-001
 5.5586737e-001
 5.5633801e-001
 5.5682856e-001
 5.5733049e-001
 5.5783296e-001
 5.5833727e-001
 5.5883580e-001
 5.5933702e-001
 5.5985087e-001
 5.6037283e-001
 5.6087786e-001
 5.6135809e-001
 5.6187862e-001
 5.6247282e-001
 5.6302756e-001
 5.6350011e-001
 5.6396675e-001
 5.6441009e-001
 5.6487739e-001
 5.6537819e-001
 5.6587356e-001
 5.6644601e-001
 5.6702358e-001
 5.6759948e-001
 5.6817055e-001
 5.6872571e-001
 5.6928688e-001
 5.6978923e-001
 5.7026136e-001
 5.7078654e-001
 5.7133567e-001
 5.7180655e-001
 5.7226527e-001
 5.7269198e-001
 5.7307273e-001
 5.7342869e-001
 5.7377940e-001
 5.7415295e-001
 5.7456034e-001
 5.7490683e-001
 5.7520229e-001
 5.7549924e-001
 5.7576579e-001
 5.7601440e-001
 5.7622898e-001
 5.7640564e-001
 5.7647973e-001
 5.7649881e-001
 5.7640547e-001
 5.7626724e-001
 5.7581818e-001
 5.7533836e-001
 5.7456791e-001
 5.7373565e-001
 5.7232183e-001
 5.7084012e-001
 5.6892914e-001
 5.6695777e-001
 5.6405497e-001
 5.6105649e-001
 5.5782634e-001
 5.5459887e-001
 5.5092263e-001
 5.4721671e-001
 5.4406071e-001
 5.4109222e-001
 5.3814012e-001
 5.3526658e-001
 5.3342539e-001
 5.3211445e-001
 5.3181279e-001
 5.3217101e-001
 5.3315103e-001
 5.3459942e-001
 5.3677261e-001
 5.3963965e-001
 5.4282975e-001
 5.4633790e-001
 5.5016023e-001
 5.5440331e-001
 5.5838937e-001
 5.6188571e-001
 5.6543565e-001
 5.6904656e-001
 5.7243037e-001
 5.7508266e-001
 5.7764417e-001
 5.7985806e-001
 5.8193523e-001
 5.8339894e-001
 5.8480811e-001
 5.8592528e-001
 5.8698404e-001
 5.8767229e-001
 5.8831877e-001
 5.8884472e-001
 5.8935213e-001
 5.8975053e-001
 5.9014076e-001
 5.9045571e-001
 5.9075373e-001
 5.9106380e-001
 5.9137505e-001
 5.9164280e-001
 5.9190571e-001
 5.9219557e-001
 5.9249246e-001
 5.9271407e-001
 5.9291160e-001
 5.9313071e-001
 5.9333974e-001
 5.9357893e-001
 5.9384131e-001
 5.9407806e-001
 5.9431279e-001
 5.9456766e-001
 5.9483761e-001
 5.9509128e-001
 5.9531188e-001
 5.9559822e-001
 5.9596878e-001
 5.9628892e-001
 5.9656781e-001
 5.9686905e-001
 5.9718418e-001
 5.9748340e-001
 5.9776235e-001
 5.9807479e-001
 5.9847128e-001
 5.9884858e-001
 5.9918630e-001
 5.9954095e-001
 5.9994298e-001
 6.0034704e-001
 6.0075206e-001
 6.0115290e-001
 6.0158509e-001
 6.0201627e-001
 6.0245734e-001
 6.0291040e-001
 6.0346073e-001
 6.0402119e-001
 6.0462713e-001
 6.0523194e-001
 6.0591024e-001
 6.0659802e-001
 6.0718471e-001
 6.0775638e-001
 6.0835814e-001
 6.0895759e-001
 6.0949165e-001
 6.1000419e-001
 6.1052781e-001
 6.1106312e-001
 6.1153227e-001
 6.1198372e-001
 6.1243761e-001
 6.1288476e-001
 6.1326545e-001
 6.1361754e-001
 6.1401486e-001
 6.1443704e-001
 6.1479419e-001
 6.1513996e-001
 6.1552823e-001
 6.1591238e-001
 6.1629194e-001
 6.1668521e-001
 6.1713260e-001
 6.1760509e-001
 6.1802977e-001
 6.1842859e-001
 6.1879933e-001
 6.1913282e-001
 6.1945623e-001
 6.1977643e-001
 6.2013483e-001
 6.2052757e-001
 6.2088543e-001
 6.2121052e-001
 6.2157214e-001
 6.2198627e-001
 6.2238806e-001
 6.2276620e-001
 6.2317961e-001
 6.2363958e-001
 6.2406874e-001
 6.2446111e-001
 6.2488741e-001
 6.2536246e-001
 6.2580812e-001
 6.2619627e-001
 6.2661594e-001
 6.2711281e-001
 6.2757128e-001
 6.2793291e-001
 6.2831062e-001
 6.2875974e-001
 6.2920749e-001
 6.2961167e-001
 6.3001913e-001
 6.3047028e-001
 6.3091296e-001
 6.3128078e-001
 6.3165498e-001
 6.3209707e-001
 6.3254887e-001
 6.3300824e-001
 6.3346225e-001
 6.3395083e-001
 6.3443255e-001
 6.3485312e-001
 6.3526779e-001
 6.3568163e-001
 6.3610137e-001
 6.3644475e-001
 6.3677943e-001
 6.3714415e-001
 6.3751096e-001
 6.3785082e-001
 6.3818800e-001
 6.3849998e-001
 6.3880855e-001
 6.3914007e-001
 6.3947773e-001
 6.3985020e-001
 6.4022046e-001
 6.4053088e-001
 6.4083952e-001
 6.4120007e-001
 6.4156622e-001
 6.4186883e-001
 6.4216465e-001
 6.4253831e-001
 6.4291519e-001
 6.4323497e-001
 6.4355981e-001
 6.4399415e-001
 6.4443433e-001
 6.4479935e-001
 6.4515734e-001
 6.4561075e-001
 6.4607567e-001
 6.4643586e-001
 6.4678299e-001
 6.4716029e-001
 6.4754236e-001
 6.4791495e-001
 6.4828193e-001
 6.4867437e-001
 6.4907372e-001
 6.4942437e-001
 6.4977223e-001
 6.5010273e-001
 6.5042621e-001
 6.5077156e-001
 6.5112078e-001
 6.5144658e-001
 6.5176684e-001
 6.5204209e-001
 6.5231448e-001
 6.5254807e-001
 6.5277392e-001
 6.5301007e-001
 6.5324312e-001
 6.5348256e-001
 6.5372467e-001
 6.5392387e-001
 6.5411955e-001
 6.5439624e-001
 6.5468663e-001
 6.5495098e-001
 6.5521270e-001
 6.5553480e-001
 6.5586561e-001
 6.5612322e-001
 6.5636933e-001
 6.5666562e-001
 6.5696698e-001
 6.5724331e-001
 6.5751833e-001
 6.5778708e-001
 6.5805626e-001
 6.5825599e-001
 6.5844429e-001
 6.5864539e-001
 6.5885073e-001
 6.5904045e-001
 6.5922719e-001
 6.5947849e-001
 6.5973717e-001
 6.5995377e-001
 6.6016454e-001
 6.6035426e-001
 6.6054207e-001
 6.6078377e-001
 6.6103041e-001
 6.6131079e-001
 6.6159415e-001
 6.6181189e-001
 6.6202462e-001
 6.6220051e-001
 6.6237313e-001
 6.6257185e-001
 6.6277260e-001
 6.6302133e-001
 6.6327304e-001
 6.6347498e-001
 6.6367483e-001
 6.6392159e-001
 6.6417110e-001
 6.6442513e-001
 6.6467792e-001
 6.6494071e-001
 6.6520447e-001
 6.6544873e-001
 6.6569060e-001
 6.6585189e-001
 6.6601491e-001
 6.6624957e-001
 6.6648155e-001
 6.6666102e-001
 6.6684401e-001
 6.6704953e-001
 6.6725826e-001
 6.6747499e-001
 6.6768229e-001
 6.6785491e-001
 6.6803777e-001
 6.6826093e-001
 6.6847944e-001
 6.6866189e-001
 6.6883874e-001
 6.6899937e-001
 6.6915262e-001
 6.6928321e-001
 6.6941923e-001
 6.6957897e-001
 6.6971540e-001
 6.6974729e-001
 6.6981769e-001
 6.7001706e-001
 6.7021847e-001
 6.7042708e-001
 6.7062837e-001
 6.7080331e-001
 6.7099214e-001
 6.7120916e-001
 6.7140758e-001
 6.7157078e-001
 6.7172617e-001
 6.7187279e-001
 6.7204863e-001
 6.7225766e-001
 6.7247277e-001
 6.7270356e-001
 6.7291814e-001
 6.7310166e-001
 6.7327923e-001
 6.7347914e-001
 6.7368239e-001
 6.7386836e-001
 6.7407221e-001
 6.7428833e-001
 6.7443430e-001
 6.7453891e-001
 6.7469329e-001
 6.7487752e-001
 6.7504561e-001
 6.7520332e-001
 6.7541224e-001
 6.7564070e-001
 6.7592478e-001
 6.7622936e-001
 6.7649603e-001
 6.7677289e-001
 6.7716432e-001
 6.7758322e-001
 6.7790759e-001
 6.7819875e-001
 6.7848241e-001
 6.7877162e-001
 6.7900741e-001
 6.7925203e-001
 6.7941356e-001
 6.7955363e-001
 6.7960978e-001
 6.7965174e-001
 6.7978090e-001
 6.7992532e-001
 6.8009847e-001
 6.8029243e-001
 6.8045700e-001
 6.8059671e-001
 6.8070853e-001
 6.8082702e-001
 6.8097377e-001
 6.8113649e-001
 6.8131655e-001
 6.8149036e-001
 6.8173951e-001
 6.8198842e-001
 6.8216306e-001
 6.8230188e-001
 6.8239617e-001
 6.8252295e-001
 6.8268228e-001
 6.8285531e-001
 6.8304110e-001
 6.8321961e-001
 6.8334609e-001
 6.8341815e-001
 6.8349653e-001
 6.8358356e-001
 6.8367100e-001
 6.8378603e-001
 6.8391508e-001
 6.8405724e-001
 6.8419975e-001
 6.8429464e-001
 6.8434972e-001
 6.8439627e-001
 6.8448097e-001
 6.8460667e-001
 6.8472582e-001
 6.8488353e-001
 6.8505895e-001
 6.8523324e-001
 6.8540025e-001
 6.8558729e-001
 6.8579841e-001
 6.8604672e-001
 6.8631136e-001
 6.8655342e-001
 6.8676299e-001
 6.8690526e-001
 6.8702966e-001
 6.8720835e-001
 6.8743914e-001
 6.8770957e-001
 6.8797213e-001
 6.8820506e-001
 6.8839604e-001
 6.8852508e-001
 6.8868101e-001
 6.8886852e-001
 6.8899035e-001
 6.8909931e-001
 6.8925494e-001
 6.8936384e-001
 6.8938881e-001
 6.8939918e-001
 6.8952006e-001
 6.8968117e-001
 6.8976098e-001
 6.8981194e-001
 6.8994343e-001
 6.9005251e-001
 6.9011182e-001
 6.9020462e-001
 6.9028974e-001
 6.9037056e-001
 6.9044268e-001
 6.9053078e-001
 6.9069195e-001
 6.9088447e-001
 6.9108272e-001
 6.9122285e-001
 6.9130719e-001
 6.9141531e-001
 6.9155127e-001
 6.9169599e-001
 6.9190872e-001
 6.9209194e-001
 6.9218695e-001
 6.9227302e-001
 6.9237405e-001
 6.9248730e-001
 6.9259363e-001
 6.9270051e-001
 6.9279861e-001
 6.9289374e-001
 6.9296491e-001
 6.9297343e-001
 6.9304311e-001
 6.9309956e-001
 6.9307029e-001
 6.9314218e-001
 6.9320035e-001
 6.9311428e-001
 6.9304287e-001
 6.9312501e-001
 6.9326466e-001
 6.9338512e-001
 6.9351506e-001
 6.9356328e-001
 6.9355506e-001
 6.9353342e-001
 6.9354671e-001
 6.9362390e-001
 6.9370985e-001
 6.9373298e-001
 6.9373399e-001
 6.9373888e-001
 6.9376278e-001
 6.9381088e-001
 6.9383103e-001
 6.9377959e-001
 6.9373763e-001
 6.9374144e-001
 6.9380522e-001
 6.9386166e-001
 6.9387603e-001
 6.9388551e-001
 6.9387102e-001
 6.9385922e-001
 6.9373220e-001
 6.9356525e-001
 6.9340420e-001
 6.9321615e-001
 6.9303262e-001
 6.9288492e-001
 6.9275314e-001
 6.9267964e-001
 6.9261098e-001
 6.9253391e-001
 6.9245207e-001
 6.9241381e-001
 6.9243443e-001
 6.9245827e-001
 6.9246989e-001
 6.9244891e-001
 6.9234675e-001
 6.9224650e-001
 6.9207042e-001
 6.9187278e-001
 6.9167566e-001
 6.9149363e-001
 6.9125217e-001
 6.9096106e-001
 6.9067478e-001
 6.9034708e-001
 6.9001549e-001
 6.8960065e-001
 6.8918562e-001
 6.8874300e-001
 6.8831986e-001
 6.8786383e-001
 6.8739986e-001
 6.8688118e-001
 6.8627644e-001
 6.8568867e-001
 6.8509573e-001
 6.8448907e-001
 6.8377393e-001
 6.8305773e-001
 6.8241835e-001
 6.8180794e-001
 6.8116736e-001
 6.8049091e-001
 6.7992425e-001
 6.7953467e-001
 6.7912102e-001
 6.7859733e-001
 6.7807001e-001
 6.7749166e-001
 6.7691100e-001
 6.7621607e-001
 6.7547446e-001
 6.7474920e-001
 6.7403722e-001
 6.7324245e-001
 6.7230982e-001
 6.7139298e-001
 6.7056054e-001
 6.6972995e-001
 6.6887170e-001
 6.6801351e-001
 6.6728204e-001
 6.6659212e-001
 6.6580927e-001
 6.6494453e-001
 6.6415149e-001
 6.6351175e-001
 6.6286665e-001
 6.6216648e-001
 6.6146672e-001
 6.6084117e-001
 6.6022044e-001
 6.5955007e-001
 6.5886402e-001
 6.5824229e-001
 6.5768099e-001
 6.5708119e-001
 6.5640098e-001
 6.5577048e-001
 6.5537208e-001
 6.5497053e-001
 6.5460300e-001
 6.5422982e-001
 6.5393734e-001
 6.5367365e-001
 6.5345907e-001
 6.5327865e-001
 6.5314019e-001
 6.5308505e-001
 6.5303141e-001
 6.5301418e-001
 6.5299445e-001
 6.5294331e-001
 6.5288883e-001
 6.5290666e-001
 6.5294313e-001
 6.5302366e-001
 6.5313876e-001
 6.5332061e-001
 6.5360457e-001
 6.5386522e-001
 6.5402538e-001
 6.5417111e-001
 6.5449268e-001
 6.5479743e-001
 6.5508723e-001
 6.5537149e-001
 6.5570664e-001
 6.5608120e-001
 6.5637803e-001
 6.5656018e-001
 6.5675968e-001
 6.5704483e-001
 6.5731865e-001
 6.5745378e-001
 6.5759921e-001
 6.5779454e-001
 6.5799445e-001
 6.5818590e-001
 6.5837175e-001
 6.5857488e-001
 6.5880758e-001
 6.5905374e-001
 6.5929770e-001
 6.5954423e-001
 6.5983230e-001
 6.6011250e-001
 6.6035652e-001
 6.6060477e-001
 6.6086900e-001
 6.6114092e-001
 6.6129649e-001
 6.6136909e-001
 6.6146028e-001
 6.6157806e-001
 6.6169411e-001
 6.6184127e-001
 6.6199732e-001
 6.6220164e-001
 6.6241401e-001
 6.6255587e-001
 6.6266102e-001
 6.6278201e-001
 6.6291451e-001
 6.6305465e-001
 6.6321450e-001
 6.6338062e-001
 6.6354871e-001
 6.6371059e-001
 6.6387910e-001
 6.6407084e-001
 6.6439009e-001
 6.6472787e-001
 6.6498256e-001
 6.6521418e-001
 6.6546446e-001
 6.6571438e-001
 6.6587824e-001
 6.6597885e-001
 6.6613919e-001
 6.6641110e-001
 6.6670078e-001
 6.6703141e-001
 6.6736364e-001
 6.6777897e-001
 6.6819131e-001
 6.6851062e-001
 6.6881603e-001
 6.6913235e-001
 6.6947335e-001
 6.6980058e-001
 6.7010617e-001
 6.7047447e-001
 6.7090601e-001
 6.7127460e-001
 6.7148352e-001
 6.7168486e-001
 6.7195356e-001
 6.7223555e-001
 6.7257929e-001
 6.7290455e-001
 6.7324698e-001
 6.7362136e-001
 6.7394572e-001
 6.7423284e-001
 6.7452908e-001
 6.7483485e-001
 6.7515278e-001
 6.7541498e-001
 6.7565703e-001
 6.7598206e-001
 6.7633009e-001
 6.7667669e-001
 6.7707431e-001
 6.7759663e-001
 6.7815554e-001
 6.7864627e-001
 6.7907602e-001
 6.7951423e-001
 6.7995733e-001
 6.8036175e-001
 6.8065482e-001
 6.8095577e-001
 6.8123144e-001
 6.8147194e-001
 6.8157494e-001
 6.8166053e-001
 6.8178791e-001
 6.8193686e-001
 6.8214202e-001
 6.8240607e-001
 6.8266821e-001
 6.8292791e-001
 6.8320101e-001
 6.8347585e-001
 6.8375558e-001
 6.8402499e-001
 6.8428558e-001
 6.8453574e-001
 6.8478751e-001
 6.8501145e-001
 6.8524235e-001
 6.8546695e-001
 6.8567502e-001
 6.8584955e-001
 6.8599945e-001
 6.8614054e-001
 6.8627453e-001
 6.8639535e-001
 6.8649703e-001
 6.8658298e-001
 6.8654835e-001
 6.8648487e-001
 6.8633127e-001
 6.8619013e-001
 6.8612051e-001
 6.8604714e-001
 6.8597251e-001
 6.8589795e-001
 6.8587959e-001
 6.8590134e-001
 6.8593359e-001
 6.8596327e-001
 6.8596876e-001
 6.8590832e-001
 6.8583977e-001
 6.8571162e-001
 6.8557435e-001
 6.8547797e-001
 6.8539143e-001
 6.8519485e-001
 6.8498367e-001
 6.8477637e-001
 6.8455309e-001
 6.8427759e-001
 6.8396193e-001
 6.8370956e-001
 6.8355983e-001
 6.8338424e-001
 6.8312836e-001
 6.8289834e-001
 6.8279326e-001
 6.8271524e-001
 6.8260729e-001
 6.8245333e-001
 6.8223238e-001
 6.8199623e-001
 6.8182248e-001
 6.8166256e-001
 6.8137789e-001
 6.8105400e-001
 6.8075240e-001
 6.8045390e-001
 6.8017423e-001
 6.7990839e-001
 6.7960685e-001
 6.7924935e-001
 6.7892718e-001
 6.7867470e-001
 6.7840695e-001
 6.7812771e-001
 6.7786968e-001
 6.7755371e-001
 6.7725849e-001
 6.7694861e-001
 6.7664176e-001
 6.7631638e-001
 6.7597610e-001
 6.7561239e-001
 6.7521924e-001
 6.7477924e-001
 6.7431003e-001
 6.7387795e-001
 6.7344564e-001
 6.7299688e-001
 6.7246193e-001
 6.7191166e-001
 6.7119449e-001
 6.7049325e-001
 6.6983140e-001
 6.6914111e-001
 6.6823274e-001
 6.6732413e-001
 6.6653973e-001
 6.6581506e-001
 6.6493136e-001
 6.6389662e-001
 6.6294020e-001
 6.6210890e-001
 6.6119903e-001
 6.6012394e-001
 6.5910786e-001
 6.5832096e-001
 6.5753919e-001
 6.5672320e-001
 6.5589082e-001
 6.5517735e-001
 6.5448922e-001
 6.5394390e-001
 6.5340424e-001
 6.5272450e-001
 6.5199375e-001
 6.5133172e-001
 6.5066594e-001
 6.5001422e-001
 6.4940459e-001
 6.4884388e-001
 6.4835078e-001
 6.4792001e-001
 6.4754409e-001
 6.4714009e-001
 6.4674103e-001
 6.4634067e-001
 6.4596719e-001
 6.4558101e-001
 6.4513743e-001
 6.4470822e-001
 6.4432311e-001
 6.4392793e-001
 6.4341342e-001
 6.4284396e-001
 6.4231265e-001
 6.4180946e-001
 6.4126039e-001
 6.4064682e-001
 6.4004081e-001
 6.3943529e-001
 6.3875192e-001
 6.3800007e-001
 6.3732833e-001
 6.3681912e-001
 6.3631356e-001
 6.3594288e-001
 6.3555968e-001
 6.3533741e-001
 6.3510734e-001
 6.3463932e-001
 6.3413393e-001
 6.3359028e-001
 6.3300401e-001
 6.3228899e-001
 6.3151908e-001
 6.3067514e-001
 6.2981391e-001
 6.2878525e-001
 6.2764674e-001
 6.2648326e-001
 6.2530291e-001
 6.2401837e-001
 6.2255955e-001
 6.2110996e-001
 6.1971885e-001
 6.1825508e-001
 6.1658120e-001
 6.1492711e-001
 6.1346614e-001
 6.1198801e-001
 6.1017352e-001
 6.0833806e-001
 6.0665524e-001
 6.0497636e-001
 6.0308492e-001
 6.0115761e-001
 5.9919447e-001
 5.9721142e-001
 5.9514022e-001
 5.9302443e-001
 5.9100509e-001
 5.8903396e-001
 5.8683699e-001
 5.8449161e-001
 5.8230054e-001
 5.8024907e-001
 5.7808799e-001
 5.7580394e-001
 5.7366967e-001
 5.7186151e-001
 5.6998932e-001
 5.6791967e-001
 5.6591094e-001
 5.6423330e-001
 5.6253356e-001
 5.6082344e-001
 5.5914152e-001
 5.5794823e-001
 5.5673826e-001
 5.5527192e-001
 5.5376107e-001
 5.5246282e-001
 5.5119085e-001
 5.4991323e-001
 5.4866737e-001
 5.4744041e-001
 5.4618835e-001
 5.4472297e-001
 5.4313630e-001
 5.4164100e-001
 5.4019237e-001
 5.3865731e-001
 5.3705269e-001
 5.3545767e-001
 5.3390038e-001
 5.3226441e-001
 5.3051364e-001
 5.2884138e-001
 5.2730197e-001
 5.2567685e-001
 5.2381009e-001
 5.2193844e-001
 5.2012217e-001
 5.1823992e-001
 5.1591223e-001
 5.1357847e-001
 5.1142776e-001
 5.0921565e-001
 5.0648749e-001
 5.0371480e-001
 5.0116569e-001
 4.9863774e-001
 4.9567923e-001
 4.9261847e-001
 4.8980445e-001
 4.8702797e-001
 4.8385954e-001
 4.8054090e-001
 4.7743663e-001
 4.7443023e-001
 4.7130463e-001
 4.6807796e-001
 4.6508354e-001
 4.6227223e-001
 4.5951894e-001
 4.5685834e-001
 4.5452553e-001
 4.5258564e-001
 4.5068359e-001
 4.4886109e-001
 4.4724405e-001
 4.4601038e-001
 4.4486272e-001
 4.4394329e-001
 4.4315466e-001
 4.4289061e-001
 4.4268027e-001
 4.4269037e-001
 4.4275948e-001
 4.4312206e-001
 4.4349822e-001
 4.4422299e-001
 4.4495389e-001
 4.4576073e-001
 4.4658428e-001
 4.4780248e-001
 4.4904029e-001
 4.5018819e-001
 4.5134479e-001
 4.5293495e-001
 4.5460007e-001
 4.5629343e-001
 4.5797291e-001
 4.5995936e-001
 4.6204597e-001
 4.6412107e-001
 4.6622413e-001
 4.6877781e-001
 4.7153234e-001
 4.7418079e-001
 4.7678187e-001
 4.7945279e-001
 4.8218811e-001
 4.8480213e-001
 4.8737118e-001
 4.9008539e-001
 4.9291095e-001
 4.9536458e-001
 4.9748906e-001
 4.9966121e-001
 5.0189579e-001
 5.0394279e-001
 5.0572956e-001
 5.0739735e-001
 5.0890756e-001
 5.1037198e-001
 5.1175064e-001
 5.1309288e-001
 5.1434571e-001
 5.1552415e-001
 5.1654005e-001
 5.1749140e-001
 5.1824552e-001
 5.1899594e-001
 5.1969147e-001
 5.2036524e-001
 5.2097607e-001
 5.2148885e-001
 5.2165931e-001
 5.2183890e-001
 5.2203697e-001
 5.2219719e-001
 5.2210683e-001
 5.2199966e-001
 5.2167904e-001
 5.2139640e-001
 5.2143270e-001
 5.2146268e-001
 5.2123201e-001
 5.2101845e-001
 5.2094769e-001
 5.2084315e-001
 5.2060127e-001
 5.2036458e-001
 5.2023906e-001
 5.2011377e-001
 5.2007276e-001
 5.2002698e-001
 5.1996940e-001
 5.1993269e-001
 5.2015150e-001
 5.2037841e-001
 5.2069497e-001
 5.2101362e-001
 5.2176952e-001
 5.2258778e-001
 5.2330190e-001
 5.2400541e-001
 5.2475303e-001
 5.2551436e-001
 5.2641445e-001
 5.2736819e-001
 5.2835101e-001
 5.2932453e-001
 5.3027266e-001
 5.3124350e-001
 5.3247368e-001
 5.3379643e-001
 5.3475368e-001
 5.3564423e-001
 5.3659713e-001
 5.3759319e-001
 5.3839070e-001
 5.3914791e-001
 5.3980094e-001
 5.4047251e-001
 5.4119474e-001
 5.4191130e-001
 5.4208738e-001
 5.4211444e-001
 5.4246813e-001
 5.4289669e-001
 5.4320365e-001
 5.4352570e-001
 5.4352313e-001
 5.4346186e-001
 5.4399717e-001
 5.4463571e-001
 5.4466778e-001
 5.4447079e-001
 5.4389787e-001
 5.4332328e-001
 5.4302436e-001
 5.4284942e-001
 5.4278773e-001
 5.4265195e-001
 5.4250443e-001
 5.4241449e-001
 5.4169399e-001
 5.4085004e-001
 5.4010791e-001
 5.3932989e-001
 5.3924870e-001
 5.3924221e-001
 5.3877014e-001
 5.3824902e-001
 5.3710902e-001
 5.3574336e-001
 5.3541464e-001
 5.3531986e-001
 5.3468996e-001
 5.3409111e-001
 5.3316498e-001
 5.3205353e-001
 5.3116536e-001
 5.3029746e-001
 5.2952677e-001
 5.2878016e-001
 5.2781487e-001
 5.2677393e-001
 5.2602237e-001
 5.2520710e-001
 5.2448738e-001
 5.2379262e-001
 5.2253056e-001
 5.2134430e-001
 5.2059239e-001
 5.1966220e-001
 5.1808268e-001
 5.1639009e-001
 5.1507807e-001
 5.1392394e-001
 5.1400805e-001
 5.1409310e-001
 5.1325041e-001
 5.1237398e-001
 5.1192170e-001
 5.1118910e-001
 5.1001495e-001
 5.0919646e-001
 5.0975829e-001
 5.1010436e-001
 5.0944752e-001
 5.0936866e-001
 5.0874192e-001
 5.0726932e-001
 5.0628245e-001
 5.0540453e-001
 5.0557995e-001
 5.0616151e-001
 5.0595325e-001
 5.0578743e-001
 5.0586033e-001
 5.0544494e-001
 5.0400931e-001
 5.0317186e-001
 5.0434422e-001
 5.0575787e-001
 5.0588667e-001
 5.0525784e-001
 5.0566196e-001
 5.0640106e-001
 5.0662291e-001
