 splib07a Record=4166: Galena S26-40                 BECKb AREF
-1.2300000e+034
-1.2300000e+034
-1.2300000e+034
-1.2300000e+034
-1.2300000e+034
-1.2300000e+034
 2.6203644e-002
 3.0080449e-002
 3.5318032e-002
 3.3631425e-002
 4.1845601e-002
 3.9429691e-002
 3.9901499e-002
 4.7347933e-002
 5.0590694e-002
 5.0939295e-002
 5.0898675e-002
 5.4622129e-002
 5.5962861e-002
 5.5711064e-002
 5.8446389e-002
 6.3027024e-002
 6.4847678e-002
 6.6757686e-002
 6.8816535e-002
 7.0120983e-002
 7.0245579e-002
 7.1977407e-002
 7.2789311e-002
 7.3113024e-002
 7.1593091e-002
 7.6757602e-002
 7.7000700e-002
 7.6153696e-002
 7.7422887e-002
 7.5851738e-002
 7.6158859e-002
 7.6683320e-002
 7.5620279e-002
 7.5737931e-002
 7.5184315e-002
 7.5341210e-002
 7.5653441e-002
 7.5547092e-002
 7.4164093e-002
 7.4084207e-002
 7.3222846e-002
 7.3348798e-002
 7.2950199e-002
 7.3122174e-002
 7.2355874e-002
 7.2925493e-002
 7.1764365e-002
 7.2445676e-002
 7.1115911e-002
 7.1976371e-002
 7.1493924e-002
 7.0408531e-002
 7.0738062e-002
 6.9970004e-002
 6.9467880e-002
 6.8961076e-002
 6.8701275e-002
 6.8981804e-002
 6.8091966e-002
 6.7938074e-002
 6.7368031e-002
 6.7505889e-002
 6.6760719e-002
 6.7026719e-002
 6.6213958e-002
 6.6444211e-002
 6.5061428e-002
 6.6746093e-002
 6.5853395e-002
 6.5693684e-002
 6.5104894e-002
 6.5250494e-002
 6.5006562e-002
 6.4076118e-002
 6.4754479e-002
 6.4774886e-002
 6.5138675e-002
 6.4863421e-002
 6.3945472e-002
 6.3596457e-002
 6.3595630e-002
 6.3929453e-002
 6.3761272e-002
 6.3538589e-002
 6.3955702e-002
 6.2862337e-002
 6.3496605e-002
 6.2876858e-002
 6.2350623e-002
 6.2149268e-002
 6.2625937e-002
 6.2279373e-002
 6.2024139e-002
 6.1953984e-002
 6.1278768e-002
 6.2330846e-002
 6.0931895e-002
 6.1729956e-002
 6.1709449e-002
 6.1041333e-002
 6.1541688e-002
 6.0634222e-002
 6.0382511e-002
 6.0350150e-002
 5.9951633e-002
 6.0713306e-002
 6.0360841e-002
 6.0649645e-002
 5.9835564e-002
 6.0356330e-002
 6.1023798e-002
 6.0032364e-002
 6.0295396e-002
 5.9869643e-002
 5.9632957e-002
 5.8954861e-002
 5.9294846e-002
 5.9885509e-002
 5.8995344e-002
 5.9854481e-002
 5.9424043e-002
 5.9064906e-002
 5.9883129e-002
 5.9093222e-002
 5.8718484e-002
 5.8977727e-002
 5.9818745e-002
 5.9024755e-002
 5.9838012e-002
 5.9248038e-002
 5.8801211e-002
 5.9166592e-002
 5.9599645e-002
 5.9015285e-002
 5.9713852e-002
 5.9871543e-002
 5.9181854e-002
 5.9701290e-002
 5.9747763e-002
 5.9226893e-002
 5.9154641e-002
 6.0402486e-002
 5.9139870e-002
 5.9204575e-002
 5.8688316e-002
 5.8787886e-002
 5.9305809e-002
 5.9752412e-002
 5.9873957e-002
 5.9905041e-002
 5.9759941e-002
 6.0021996e-002
 5.9487119e-002
 6.0156260e-002
 5.9376676e-002
 6.0985859e-002
 5.9992105e-002
 6.0321178e-002
 5.9790935e-002
 5.9985917e-002
 5.9904512e-002
 6.0330350e-002
 6.1234038e-002
 6.0473874e-002
 6.0588378e-002
 6.0323089e-002
 6.2006332e-002
 6.0389269e-002
 6.1096292e-002
 6.1337363e-002
 6.1058812e-002
 6.1067585e-002
 6.1410334e-002
 6.1412934e-002
 6.1636142e-002
 6.1458711e-002
 6.0744978e-002
 6.2046099e-002
 6.1204735e-002
 6.1566710e-002
 6.1977897e-002
 6.0994226e-002
 6.1430238e-002
 6.2090591e-002
 6.1221857e-002
 6.2300652e-002
 6.1841793e-002
 6.2060658e-002
 6.2217977e-002
 6.2382989e-002
 6.1071604e-002
 6.1153479e-002
 6.1175551e-002
 6.0149845e-002
 6.1908506e-002
 6.1789710e-002
 6.1417360e-002
 6.1324921e-002
 6.1065018e-002
 6.1604086e-002
 6.1105788e-002
 6.1646465e-002
 6.1428200e-002
 6.1171528e-002
 6.1538134e-002
 6.1209880e-002
 6.1134953e-002
 6.1989635e-002
 6.0842350e-002
 6.1052240e-002
 6.1319027e-002
 6.0966324e-002
 6.0940944e-002
 6.0980894e-002
 6.1563894e-002
 6.1148450e-002
 6.0766157e-002
 6.1170470e-002
 6.0965929e-002
 6.0690381e-002
 6.1428372e-002
 6.0559701e-002
 6.0696632e-002
 6.0105734e-002
 6.0401119e-002
 6.0918998e-002
 6.0355965e-002
 6.0444448e-002
 6.0342200e-002
 6.0521189e-002
 5.9949335e-002
 6.0061514e-002
 5.9819501e-002
 5.9300210e-002
 6.1349683e-002
 6.1294954e-002
 6.1417647e-002
 5.9496231e-002
 6.0598187e-002
 6.0427025e-002
 5.9338309e-002
 5.8093600e-002
 5.9514217e-002
 6.0152028e-002
 5.7240941e-002
 5.7424605e-002
 5.9402663e-002
 5.7103004e-002
 5.7278268e-002
 5.6436852e-002
 5.8483172e-002
 5.8170568e-002
 5.6855630e-002
 5.6941558e-002
 5.5603806e-002
 5.4796726e-002
 5.5922113e-002
 5.5677444e-002
 5.7132415e-002
 5.4089669e-002
 5.5154528e-002
 5.6408416e-002
 5.6863409e-002
 5.6695797e-002
 5.6544460e-002
 5.6326665e-002
 5.5439513e-002
 5.4750185e-002
 5.5796999e-002
 5.6244291e-002
 5.6410763e-002
 5.5330113e-002
 5.4657560e-002
 5.6410212e-002
 5.5522915e-002
 5.5605963e-002
 5.4078124e-002
 5.4646283e-002
 5.5915006e-002
 5.3810652e-002
 5.5052284e-002
 5.3445809e-002
 5.4071669e-002
 5.4359730e-002
 5.5195242e-002
 5.4151520e-002
 5.4825164e-002
 5.4518819e-002
 5.3918090e-002
 5.4671250e-002
 5.4972485e-002
 5.3642090e-002
 5.3671256e-002
 5.3518128e-002
 5.4652661e-002
 5.3979289e-002
 5.5343013e-002
 5.4169778e-002
 5.3351328e-002
 5.3388983e-002
 5.4722201e-002
 5.3643674e-002
 5.4444939e-002
 5.3707067e-002
 5.4459076e-002
 5.3958938e-002
 5.4762114e-002
 5.5025719e-002
 5.3556785e-002
 5.3609237e-002
 5.3434018e-002
 5.3853393e-002
 5.3757686e-002
 5.3562228e-002
 5.3159803e-002
 5.3712349e-002
 5.4158628e-002
 5.2962519e-002
 5.3377178e-002
 5.2499410e-002
 5.2133393e-002
 5.1842138e-002
 5.3901851e-002
 5.3227991e-002
 5.3359441e-002
 5.3589772e-002
 5.2983858e-002
 5.3344328e-002
 5.3639721e-002
 5.2390117e-002
 5.2858856e-002
 5.2899856e-002
 5.3108834e-002
 5.2754488e-002
 5.3457823e-002
 5.4081004e-002
 5.4301325e-002
 5.2485634e-002
 5.2338552e-002
 5.2259028e-002
 5.2944079e-002
 5.3014327e-002
 5.2628513e-002
 5.1530134e-002
 5.2566472e-002
 5.2500606e-002
 5.1679172e-002
 5.1946461e-002
 5.3335104e-002
 5.1068004e-002
 5.3108189e-002
 5.3372968e-002
 5.3529751e-002
 5.3109944e-002
 5.2042607e-002
 5.2291501e-002
 5.4159924e-002
 5.2073140e-002
 5.3794146e-002
 5.2238069e-002
 5.1495392e-002
 5.3007681e-002
 5.3548165e-002
 5.4208320e-002
 5.2018836e-002
 5.2176513e-002
 5.2344665e-002
 5.2873500e-002
 5.2204661e-002
 5.3175505e-002
 5.2024703e-002
 5.3277820e-002
 5.2411068e-002
 5.3286757e-002
 5.1202107e-002
 5.1916637e-002
 5.2997097e-002
 5.1498130e-002
 5.1944129e-002
 5.1556535e-002
 5.1117476e-002
 5.1852658e-002
 5.3255342e-002
 5.3925127e-002
 5.3116161e-002
 5.1884238e-002
 5.1238433e-002
 5.5219445e-002
 5.4030266e-002
 5.1474314e-002
 5.4917403e-002
 5.6251045e-002
 5.2120198e-002
 5.4645877e-002
 5.2130491e-002
 5.1311638e-002
 5.2131351e-002
 5.2318361e-002
 5.0552420e-002
 5.2368876e-002
 5.3035188e-002
 5.1514283e-002
 5.4147884e-002
 5.1870804e-002
 5.3492539e-002
 5.2416168e-002
 5.1673822e-002
 5.3474981e-002
 5.0900321e-002
 5.0144978e-002
 5.1477879e-002
 4.8989087e-002
 5.1521398e-002
 5.3690564e-002
 5.1733222e-002
 5.3650714e-002
 5.0546538e-002
 5.3543422e-002
 5.0467107e-002
 5.5127613e-002
 5.2500643e-002
 5.3725809e-002
 5.3988487e-002
 5.4659698e-002
 5.4934051e-002
 5.3538322e-002
 5.3325608e-002
 5.2236203e-002
 5.3354625e-002
 5.1840581e-002
 4.8777498e-002
 5.4757543e-002
 5.2134078e-002
 5.2673291e-002
 5.2406222e-002
 5.2346077e-002
 5.2321993e-002
 5.0400484e-002
 5.1905788e-002
 5.1605556e-002
 5.3257585e-002
 5.2518755e-002
 5.5721022e-002
 5.4000001e-002
 5.3909998e-002
 5.4462045e-002
 5.5438891e-002
 5.3229380e-002
 5.3150188e-002
 5.2749135e-002
 5.3841993e-002
 5.4780565e-002
 5.4340389e-002
 5.4567259e-002
 5.4868061e-002
 5.3897787e-002
 5.3741053e-002
 5.5340882e-002
 5.5987116e-002
 5.6385234e-002
 5.6434378e-002
 5.6671016e-002
 5.7221647e-002
 5.5822968e-002
 5.7891995e-002
 6.7459315e-002
 5.1237460e-002
 6.3924454e-002
 6.5515183e-002
 7.3513173e-002
 8.3118878e-002
 8.8736363e-002
 8.2436129e-002
 1.0015401e-001
