 splib07a Record=5483: Illite IL105 (1Md)            BECKb AREF
-1.2300000e+034
-1.2300000e+034
 3.1683665e-002
 3.2668032e-002
 3.2448199e-002
 3.2452729e-002
 3.2420434e-002
 3.2135289e-002
 3.2924622e-002
 3.4542464e-002
 3.6673062e-002
 3.9456163e-002
 4.1522589e-002
 4.4683013e-002
 4.8307128e-002
 5.2658703e-002
 5.6852173e-002
-1.2300000e+034
 6.8392687e-002
 7.3411614e-002
 7.9713166e-002
 8.4470324e-002
 8.9501552e-002
 9.3568273e-002
 9.8503023e-002
 1.0293924e-001
 1.0623074e-001
 1.0971383e-001
 1.1361254e-001
 1.1667765e-001
 1.1975288e-001
 1.2415577e-001
 1.2856720e-001
 1.3116314e-001
 1.3413455e-001
 1.3670154e-001
 1.3983031e-001
 1.4294124e-001
 1.4729837e-001
 1.5084198e-001
 1.5459588e-001
 1.5688939e-001
 1.5970013e-001
 1.6217247e-001
 1.6504399e-001
 1.6688260e-001
 1.6982827e-001
 1.7175113e-001
 1.7363533e-001
 1.7530952e-001
 1.7733805e-001
 1.8000211e-001
 1.8172455e-001
 1.8264487e-001
 1.8480036e-001
 1.8689413e-001
 1.8912040e-001
 1.9146815e-001
 1.9464143e-001
 1.9788751e-001
 1.9991420e-001
 2.0315334e-001
 2.0553100e-001
 2.0838396e-001
 2.1186711e-001
 2.1347527e-001
 2.1676525e-001
 2.1845196e-001
 2.2130699e-001
 2.2339471e-001
 2.2523047e-001
 2.2618915e-001
 2.2777443e-001
 2.2987469e-001
 2.3115776e-001
 2.3145966e-001
 2.3319410e-001
 2.3387198e-001
 2.3507008e-001
 2.3726776e-001
 2.3712827e-001
 2.3833652e-001
 2.4116884e-001
 2.4109669e-001
 2.4246044e-001
 2.4294281e-001
 2.4467085e-001
 2.4543636e-001
 2.4666759e-001
 2.4706805e-001
 2.4913859e-001
 2.4981643e-001
 2.5138620e-001
 2.5322813e-001
 2.5309530e-001
 2.5469398e-001
 2.5587350e-001
 2.5662267e-001
 2.5862423e-001
 2.5860876e-001
 2.5940639e-001
 2.6082629e-001
 2.6141635e-001
 2.6254717e-001
 2.6403093e-001
 2.6473850e-001
 2.6620623e-001
 2.6749155e-001
 2.6801068e-001
 2.6934031e-001
 2.7027258e-001
 2.7157462e-001
 2.7235776e-001
 2.7367574e-001
 2.7404967e-001
 2.7577046e-001
 2.7451035e-001
 2.7642080e-001
 2.7692267e-001
 2.7735260e-001
 2.7927658e-001
 2.7956814e-001
 2.7995831e-001
 2.8005663e-001
 2.8070635e-001
 2.8186795e-001
 2.8241807e-001
 2.8408888e-001
 2.8378788e-001
 2.8392065e-001
 2.8479299e-001
 2.8555635e-001
 2.8617841e-001
 2.8645021e-001
 2.8737551e-001
 2.8880325e-001
 2.8820676e-001
 2.8901318e-001
 2.8906322e-001
 2.8952864e-001
 2.9026774e-001
 2.9000819e-001
 2.9031640e-001
 2.9081929e-001
 2.9115152e-001
 2.9066345e-001
 2.9143891e-001
 2.9169843e-001
 2.9221117e-001
 2.9191354e-001
 2.9281577e-001
 2.9412949e-001
 2.9290807e-001
 2.9437006e-001
 2.9375929e-001
 2.9492846e-001
 2.9530099e-001
 2.9583961e-001
 2.9495394e-001
 2.9561034e-001
 2.9664344e-001
 2.9635403e-001
 2.9681799e-001
 2.9645699e-001
 2.9773191e-001
 2.9771233e-001
 2.9837123e-001
 2.9950008e-001
 2.9956207e-001
 3.0002600e-001
 3.0057576e-001
 3.0103269e-001
 3.0141926e-001
 3.0279568e-001
 3.0219346e-001
 3.0349398e-001
 3.0283907e-001
 3.0366462e-001
 3.0421644e-001
 3.0557460e-001
 3.0566332e-001
 3.0625302e-001
 3.0606264e-001
 3.0663443e-001
 3.0698505e-001
 3.0915987e-001
 3.0853057e-001
 3.0971134e-001
 3.1148571e-001
 3.1177336e-001
 3.1140339e-001
 3.1285393e-001
 3.1406105e-001
 3.1367901e-001
 3.1434324e-001
 3.1461084e-001
 3.1539091e-001
 3.1563091e-001
 3.1681386e-001
 3.1754154e-001
 3.1842074e-001
 3.1873491e-001
 3.1909856e-001
 3.1984630e-001
 3.2049248e-001
 3.2109797e-001
 3.2149753e-001
 3.2257795e-001
 3.2334694e-001
 3.2339966e-001
 3.2476756e-001
 3.2597363e-001
 3.2573533e-001
 3.2706040e-001
 3.2721636e-001
 3.2946420e-001
 3.2928130e-001
 3.2993716e-001
 3.3132604e-001
 3.3215481e-001
 3.3421734e-001
 3.3479494e-001
 3.3538511e-001
 3.3724278e-001
 3.3845323e-001
 3.4024966e-001
 3.4202394e-001
 3.4247178e-001
 3.4521306e-001
 3.4623322e-001
 3.4897521e-001
 3.4998676e-001
 3.5178861e-001
 3.5281986e-001
 3.5654292e-001
 3.5661408e-001
 3.5792103e-001
 3.5866973e-001
 3.6180550e-001
 3.6127284e-001
 3.6205372e-001
 3.6424655e-001
 3.6389333e-001
 3.6431211e-001
 3.6820692e-001
 3.6864626e-001
 3.6940548e-001
 3.7166363e-001
 3.7271139e-001
 3.7377286e-001
 3.7346184e-001
 3.7539694e-001
 3.7714821e-001
 3.7908652e-001
 3.8176832e-001
 3.8075301e-001
 3.8158378e-001
 3.8311341e-001
 3.8395977e-001
 3.8535708e-001
 3.8499084e-001
 3.8453320e-001
 3.8827449e-001
 3.8823175e-001
 3.8804588e-001
 3.8835013e-001
 3.8928515e-001
 3.9117268e-001
 3.9133164e-001
 3.9216971e-001
 3.9219442e-001
 3.9290842e-001
 3.9533713e-001
 3.9482343e-001
 3.9449248e-001
 3.9681742e-001
 3.9736417e-001
 3.9682510e-001
 3.9900070e-001
 4.0132347e-001
 4.0079334e-001
 4.0165880e-001
 4.0274638e-001
 4.0417176e-001
 4.0581667e-001
 4.0632650e-001
 4.0808815e-001
 4.0862164e-001
 4.1088766e-001
 4.1101846e-001
 4.1300145e-001
 4.1396597e-001
 4.1485909e-001
 4.1725901e-001
 4.1833353e-001
 4.2155847e-001
 4.2353085e-001
 4.2352515e-001
 4.2346278e-001
 4.2705190e-001
 4.2880952e-001
 4.3101749e-001
 4.3119016e-001
 4.3371192e-001
 4.3548581e-001
 4.3676212e-001
 4.3902603e-001
 4.3887833e-001
 4.4182563e-001
 4.4272360e-001
 4.4427067e-001
 4.4654933e-001
 4.4848487e-001
 4.5001400e-001
 4.5148447e-001
 4.5301083e-001
 4.5373866e-001
 4.5591596e-001
 4.5778981e-001
 4.5887333e-001
 4.6041271e-001
 4.6179557e-001
 4.6330813e-001
 4.6491051e-001
 4.6654701e-001
 4.6644041e-001
 4.6776479e-001
 4.6960348e-001
 4.6922413e-001
 4.7297889e-001
 4.7267517e-001
 4.7579837e-001
 4.7545657e-001
 4.7597522e-001
 4.7566509e-001
 4.7502187e-001
 4.7208664e-001
 4.6971351e-001
 4.6535367e-001
 4.6305048e-001
 4.6124423e-001
 4.6547848e-001
 4.7250623e-001
 4.7622311e-001
 4.7944680e-001
 4.8347324e-001
 4.8619676e-001
 4.8662060e-001
 4.8976487e-001
 4.9141210e-001
 4.9182111e-001
 4.9356723e-001
 4.9505648e-001
 4.9628356e-001
 4.9764749e-001
 4.9866891e-001
 5.0105560e-001
 5.0102121e-001
 5.0301075e-001
 5.0529015e-001
 5.0832981e-001
 5.0792342e-001
 5.0863832e-001
 5.0909907e-001
 5.0965077e-001
 5.1187497e-001
 5.1311147e-001
 5.1404864e-001
 5.1604521e-001
 5.1822978e-001
 5.1652902e-001
 5.1923108e-001
 5.1971495e-001
 5.2136588e-001
 5.2298105e-001
 5.2378321e-001
 5.2498144e-001
 5.2448410e-001
 5.2594739e-001
 5.2713919e-001
 5.2702695e-001
 5.2972990e-001
 5.3060025e-001
 5.3098220e-001
 5.3084868e-001
 5.3127259e-001
 5.3141898e-001
 5.3414190e-001
 5.3640485e-001
 5.3702641e-001
 5.3841746e-001
 5.3552866e-001
 5.3729177e-001
 5.3782499e-001
 5.3965217e-001
 5.4089981e-001
 5.4118353e-001
 5.4198760e-001
 5.4255396e-001
 5.4289210e-001
 5.4176122e-001
 5.4044706e-001
 5.4165697e-001
 5.4103816e-001
 5.4279894e-001
 5.3999221e-001
 5.4313385e-001
 5.3859568e-001
 5.3366703e-001
 5.1998764e-001
 4.9998423e-001
 4.8090413e-001
 4.8148605e-001
 4.8883730e-001
 4.9259365e-001
 4.9636224e-001
 5.0100732e-001
 5.0546926e-001
 5.0936228e-001
 5.1084769e-001
 5.1543742e-001
 5.1769632e-001
 5.2079982e-001
 5.2386093e-001
 5.2837211e-001
 5.3113449e-001
 5.3029406e-001
 5.3283864e-001
 5.3196090e-001
 5.3101581e-001
 5.3004193e-001
 5.3152698e-001
 5.3210676e-001
 5.3072804e-001
 5.3205544e-001
 5.3122371e-001
 5.2845293e-001
 5.2359051e-001
 5.1574332e-001
 5.0528944e-001
 4.9470821e-001
 4.8462147e-001
 4.8612383e-001
 4.9060935e-001
 4.9512836e-001
 4.9849173e-001
 5.0346917e-001
 5.0751245e-001
 5.0787115e-001
 5.1137620e-001
 5.1110858e-001
 5.0251651e-001
 5.0251472e-001
 4.9363795e-001
 4.8548126e-001
 4.8044434e-001
 4.7670302e-001
 4.7699350e-001
 4.7782972e-001
 4.7916046e-001
 4.7513363e-001
 4.6870896e-001
 4.5881590e-001
 4.5079669e-001
 4.4663975e-001
 4.4077149e-001
 4.3345293e-001
 4.2567557e-001
 4.1329023e-001
 3.9242491e-001
 2.8561690e-001
 1.1413488e-001
 3.5426311e-002
 4.0748306e-002
 5.7130817e-002
 7.0907816e-002
 6.3761041e-002
 5.6653477e-002
 6.5234892e-002
 7.2935931e-002
