 splib07a Record=11072: Topaz Wigwam_Area_A_#10       BECKb AREF
-1.2300000e+034
-1.2300000e+034
 2.3968281e-001
 4.3990368e-001
 5.0115609e-001
 5.2777255e-001
 5.6336331e-001
 5.8530498e-001
 6.1408752e-001
 6.3926977e-001
 6.6903991e-001
 6.9956517e-001
 7.2696429e-001
 7.5042349e-001
 7.7081496e-001
 7.7709502e-001
 7.9403949e-001
 7.9967892e-001
 8.0310786e-001
 8.0740976e-001
 8.0970436e-001
 8.1772268e-001
 8.1880295e-001
 8.2616907e-001
 8.3587974e-001
 8.3497292e-001
 8.4477776e-001
 8.4827024e-001
 8.5942948e-001
 8.5875261e-001
 8.6309677e-001
 8.6554140e-001
 8.7052166e-001
 8.6909533e-001
 8.7389332e-001
 8.7291181e-001
 8.7901545e-001
 8.7487751e-001
 8.8074875e-001
 8.7527937e-001
 8.7588412e-001
 8.7721449e-001
 8.7541062e-001
 8.7880075e-001
 8.7778735e-001
 8.7710661e-001
 8.8110602e-001
 8.7857085e-001
 8.7670892e-001
 8.7941051e-001
 8.7948579e-001
 8.7840021e-001
 8.7714630e-001
 8.7849849e-001
 8.7790346e-001
 8.8068539e-001
 8.8155752e-001
 8.8144416e-001
 8.7867963e-001
 8.8203371e-001
 8.8330007e-001
 8.8310540e-001
 8.8493985e-001
 8.8752669e-001
 8.8672322e-001
 8.8862890e-001
 8.8787240e-001
 8.9238530e-001
 8.9154553e-001
 8.9091128e-001
 8.9280528e-001
 8.9622247e-001
 8.9624417e-001
 8.9619255e-001
 8.9471531e-001
 8.9605051e-001
 8.9601356e-001
 8.9797723e-001
 8.9734161e-001
 8.9799452e-001
 8.9936626e-001
 9.0065789e-001
 9.0537626e-001
 9.0132302e-001
 9.0405542e-001
 8.9992648e-001
 9.0543848e-001
 9.0405154e-001
 9.0553814e-001
 9.0615481e-001
 9.0482616e-001
 9.0550959e-001
 9.0542698e-001
 9.0956527e-001
 9.0674996e-001
 9.0747863e-001
 9.0814793e-001
 9.0817457e-001
 9.0881902e-001
 9.0809375e-001
 9.1009730e-001
 9.1005909e-001
 9.0936285e-001
 9.1070700e-001
 9.0867382e-001
 9.1063470e-001
 9.0856886e-001
 9.0989017e-001
 9.1329890e-001
 9.1399127e-001
 9.1050041e-001
 9.1182059e-001
 9.1315711e-001
 9.1448921e-001
 9.1382211e-001
 9.1376734e-001
 9.1578108e-001
 9.1583735e-001
 9.1715413e-001
 9.1651803e-001
 9.2069256e-001
 9.2075241e-001
 9.2214322e-001
 9.2008179e-001
 9.2287803e-001
 9.2147142e-001
 9.2146456e-001
 9.2351729e-001
 9.2556190e-001
 9.2695063e-001
 9.2835116e-001
 9.2625380e-001
 9.2826658e-001
 9.2962325e-001
 9.3098509e-001
 9.3370062e-001
 9.3164599e-001
 9.3651116e-001
 9.3511397e-001
 9.3653119e-001
 9.4140029e-001
 9.4007146e-001
 9.4007796e-001
 9.4498026e-001
 9.4567794e-001
 9.4780928e-001
 9.4574136e-001
 9.4928199e-001
 9.4787699e-001
 9.4857502e-001
 9.4931185e-001
 9.5140725e-001
 9.5280212e-001
 9.5350170e-001
 9.5489764e-001
 9.5144290e-001
 9.5286149e-001
 9.5283252e-001
 9.5425606e-001
 9.5565760e-001
 9.5565397e-001
 9.5494866e-001
 9.5561874e-001
 9.5634198e-001
 9.5773757e-001
 9.5843524e-001
 9.5980656e-001
 9.5908386e-001
 9.6187717e-001
 9.5910531e-001
 9.5977724e-001
 9.6324253e-001
 9.5975149e-001
 9.6044976e-001
 9.6114790e-001
 9.6322268e-001
 9.6389860e-001
 9.6390158e-001
 9.6391809e-001
 9.6669847e-001
 9.6177775e-001
 9.6668118e-001
 9.6665579e-001
 9.6943134e-001
 9.6941888e-001
 9.6802700e-001
 9.7149289e-001
 9.7079957e-001
 9.7287917e-001
 9.7494894e-001
 9.7352558e-001
 9.7420281e-001
 9.7488475e-001
 9.7349966e-001
 9.6996343e-001
 9.7557741e-001
 9.7061801e-001
 9.7413248e-001
 9.7340876e-001
 9.7268534e-001
 9.7619820e-001
 9.7263741e-001
 9.7404623e-001
 9.7189420e-001
 9.7328913e-001
 9.7398996e-001
 9.7537988e-001
 9.7466081e-001
 9.7679627e-001
 9.7463238e-001
 9.7245032e-001
 9.7746515e-001
 9.7313780e-001
 9.7598702e-001
 9.7741675e-001
 9.7522503e-001
 9.7739357e-001
 9.7665805e-001
 9.7736728e-001
 9.7589421e-001
 9.7660577e-001
 9.7440445e-001
 9.7655207e-001
 9.7435814e-001
 9.7505820e-001
 9.7796047e-001
 9.8010713e-001
 9.7570628e-001
 9.7494459e-001
 9.7711825e-001
 9.7709352e-001
 9.7705567e-001
 9.7775596e-001
 9.7699147e-001
 9.7471410e-001
 9.7242713e-001
 9.7458613e-001
 9.7299796e-001
 9.6977836e-001
 9.7117311e-001
 9.8319733e-001
 9.8472357e-001
 9.8779106e-001
 9.8700655e-001
 9.9555516e-001
 9.8854232e-001
 9.8775959e-001
 9.8775291e-001
 9.9008620e-001
 9.8616886e-001
 9.9164706e-001
 9.8849940e-001
 9.8536593e-001
 9.8849767e-001
 9.8692548e-001
 9.9321043e-001
 9.9321055e-001
 9.9399871e-001
 9.9242198e-001
 9.9479049e-001
 9.9084610e-001
 9.9795508e-001
 9.9242657e-001
 9.9321735e-001
 9.9321645e-001
 9.9163181e-001
 9.9479651e-001
 9.9558520e-001
 9.9716765e-001
 1.0011235e+000
 9.9953258e-001
 1.0011091e+000
 9.9714410e-001
 9.9873102e-001
 1.0027105e+000
 9.9953860e-001
 1.0027245e+000
 1.0003549e+000
 9.9719602e-001
 9.9880713e-001
 1.0020179e+000
 1.0012522e+000
 1.0052553e+000
 9.9730158e-001
 1.0012813e+000
 1.0020696e+000
 1.0012488e+000
 9.9960285e-001
 1.0035166e+000
 1.0026352e+000
 1.0009345e+000
 1.0000199e+000
 1.0046959e+000
 1.0021796e+000
 9.9966353e-001
 9.9796700e-001
 1.0010798e+000
 1.0018179e+000
 9.9937046e-001
 9.9694633e-001
 9.9854875e-001
 1.0033572e+000
 1.0001700e+000
 1.0033941e+000
 1.0042123e+000
 1.0066425e+000
 1.0058357e+000
 1.0042298e+000
 1.0025905e+000
 9.9852788e-001
 1.0072886e+000
 1.0023772e+000
 1.0054864e+000
 9.9815351e-001
 1.0028378e+000
 1.0075425e+000
 1.0042073e+000
 1.0008583e+000
 9.9752456e-001
 1.0054407e+000
 1.0021064e+000
 1.0027974e+000
 1.0026848e+000
 1.0033953e+000
 9.9687749e-001
 9.9518776e-001
 9.9430043e-001
 9.9342996e-001
 9.9256593e-001
 9.9653232e-001
 9.9408406e-001
 9.9245054e-001
 9.9243766e-001
 9.9163330e-001
 9.9325532e-001
 9.8523861e-001
 9.8769850e-001
 9.5557451e-001
 8.5344005e-001
 9.0980834e-001
 9.6867812e-001
 9.9136716e-001
 9.8825622e-001
 9.8998386e-001
 9.9170953e-001
 9.9745840e-001
 9.9594182e-001
 9.9763268e-001
 9.9849594e-001
 1.0001577e+000
 9.9694723e-001
 1.0018054e+000
 9.9856669e-001
 1.0009838e+000
 1.0009692e+000
 9.9932659e-001
 9.9931061e-001
 9.9928683e-001
 9.9681753e-001
 1.0016495e+000
 9.9760520e-001
 9.9920934e-001
 1.0016263e+000
 9.9759549e-001
 1.0016447e+000
 9.9843317e-001
 1.0032849e+000
 1.0033057e+000
 1.0033407e+000
 9.9931902e-001
 1.0009624e+000
 1.0050217e+000
 1.0017893e+000
 1.0017686e+000
 1.0000987e+000
 1.0057085e+000
 1.0007412e+000
 1.0014207e+000
 9.9964434e-001
 1.0011141e+000
 1.0001343e+000
 9.9915224e-001
 1.0030321e+000
 1.0028694e+000
 9.9704313e-001
 9.9283361e-001
 9.7487217e-001
 9.8041052e-001
 9.9404514e-001
 9.8668051e-001
 9.9227774e-001
 9.8739690e-001
 9.8983306e-001
 9.8502225e-001
 9.8349136e-001
 9.9415267e-001
 9.9106169e-001
 9.9361569e-001
 9.9448192e-001
 9.9037373e-001
 9.9504244e-001
 9.9783772e-001
 9.9951452e-001
 9.9049592e-001
 9.8957700e-001
 9.8632973e-001
 9.8816776e-001
 9.8863006e-001
 9.8683834e-001
 9.8270398e-001
 9.8100716e-001
 9.7681206e-001
 9.7335434e-001
 9.7146618e-001
 9.7122914e-001
 9.7350466e-001
 9.7264898e-001
 9.6776551e-001
 9.7486985e-001
 9.7749889e-001
 9.8111808e-001
 9.7424823e-001
 9.7207719e-001
 9.8021531e-001
 9.7790778e-001
 9.7242403e-001
 9.6358001e-001
 9.2505115e-001
 7.9698932e-001
 6.2559026e-001
 8.2873517e-001
 9.1801351e-001
 9.4429576e-001
 9.4424939e-001
 9.2717332e-001
 8.9443630e-001
 8.8858700e-001
 9.0927833e-001
 9.1463977e-001
 9.2248762e-001
 9.1884661e-001
 8.9955688e-001
 9.0709072e-001
 9.4180101e-001
 9.4752616e-001
 9.4872272e-001
 9.2888165e-001
 8.9458263e-001
 9.2883599e-001
 9.3041724e-001
 9.3289065e-001
 9.2224991e-001
 9.1161078e-001
 8.9386630e-001
 8.8070583e-001
 8.8823503e-001
 8.8424629e-001
 8.8091195e-001
 8.6607981e-001
 8.6854744e-001
 8.7052345e-001
 8.4483439e-001
 8.3343744e-001
 7.9931194e-001
 7.4604553e-001
 6.6524035e-001
 6.5603840e-001
 7.3418301e-001
 7.2818661e-001
 7.6269460e-001
 7.3373574e-001
 6.3857508e-001
 1.9426523e-001
 5.0038981e-001
 5.2995324e-001
 5.1498759e-001
 6.0316676e-001
 5.6937820e-001
 5.7040608e-001
 5.8214396e-001
