 splib07a Record=8198: Olivine HS420.2B             ASDFRc AREF
 4.1763881e-001
 4.2375281e-001
 4.2822501e-001
 4.2759269e-001
 4.2182308e-001
 4.2759538e-001
 4.3876478e-001
 4.3697989e-001
 4.3846631e-001
 4.4207555e-001
 4.4037369e-001
 4.4790843e-001
 4.5118698e-001
 4.4666374e-001
 4.4867119e-001
 4.5293242e-001
 4.5470604e-001
 4.5334342e-001
 4.5606920e-001
 4.5885512e-001
 4.5780617e-001
 4.5995530e-001
 4.6146169e-001
 4.6148250e-001
 4.6405914e-001
 4.6624124e-001
 4.6706226e-001
 4.6724010e-001
 4.7033307e-001
 4.7239387e-001
 4.7165388e-001
 4.7264180e-001
 4.7304401e-001
 4.7334686e-001
 4.7608900e-001
 4.7776991e-001
 4.7803211e-001
 4.7826397e-001
 4.7990575e-001
 4.8077634e-001
 4.8064810e-001
 4.8207498e-001
 4.8371133e-001
 4.8500478e-001
 4.8646787e-001
 4.8717514e-001
 4.8774862e-001
 4.8868126e-001
 4.8978987e-001
 4.9046192e-001
 4.9103802e-001
 4.9221501e-001
 4.9363795e-001
 4.9488166e-001
 4.9590272e-001
 4.9673957e-001
 4.9765459e-001
 4.9864307e-001
 4.9966460e-001
 5.0018674e-001
 5.0063938e-001
 5.0154930e-001
 5.0248355e-001
 5.0315428e-001
 5.0366187e-001
 5.0466859e-001
 5.0536221e-001
 5.0568426e-001
 5.0643426e-001
 5.0682843e-001
 5.0715578e-001
 5.0783092e-001
 5.0868773e-001
 5.0920874e-001
 5.0943160e-001
 5.1002139e-001
 5.1046193e-001
 5.1081455e-001
 5.1155794e-001
 5.1187247e-001
 5.1223010e-001
 5.1300770e-001
 5.1352507e-001
 5.1386619e-001
 5.1431894e-001
 5.1510727e-001
 5.1566058e-001
 5.1605135e-001
 5.1660782e-001
 5.1731789e-001
 5.1811922e-001
 5.1885277e-001
 5.1936424e-001
 5.1979041e-001
 5.2026975e-001
 5.2081418e-001
 5.2120757e-001
 5.2143770e-001
 5.2164543e-001
 5.2202034e-001
 5.2251285e-001
 5.2295643e-001
 5.2320695e-001
 5.2366400e-001
 5.2434444e-001
 5.2504206e-001
 5.2560759e-001
 5.2610201e-001
 5.2667230e-001
 5.2736038e-001
 5.2816212e-001
 5.2892590e-001
 5.2954453e-001
 5.3017974e-001
 5.3085506e-001
 5.3150487e-001
 5.3209639e-001
 5.3268945e-001
 5.3332919e-001
 5.3403193e-001
 5.3468090e-001
 5.3524578e-001
 5.3576022e-001
 5.3643924e-001
 5.3725147e-001
 5.3805661e-001
 5.3881687e-001
 5.3960419e-001
 5.4038829e-001
 5.4107988e-001
 5.4167157e-001
 5.4216594e-001
 5.4258209e-001
 5.4279131e-001
 5.4296368e-001
 5.4319650e-001
 5.4334521e-001
 5.4357243e-001
 5.4384446e-001
 5.4405457e-001
 5.4423881e-001
 5.4453582e-001
 5.4493916e-001
 5.4517221e-001
 5.4543716e-001
 5.4585040e-001
 5.4625380e-001
 5.4690176e-001
 5.4771596e-001
 5.4852968e-001
 5.4943264e-001
 5.5037075e-001
 5.5124313e-001
 5.5189216e-001
 5.5255568e-001
 5.5327481e-001
 5.5391914e-001
 5.5447674e-001
 5.5501115e-001
 5.5556822e-001
 5.5609322e-001
 5.5663341e-001
 5.5714470e-001
 5.5747789e-001
 5.5786711e-001
 5.5832016e-001
 5.5872053e-001
 5.5911088e-001
 5.5952233e-001
 5.5995589e-001
 5.6039351e-001
 5.6083316e-001
 5.6126636e-001
 5.6169105e-001
 5.6209642e-001
 5.6248927e-001
 5.6287736e-001
 5.6322652e-001
 5.6358337e-001
 5.6396610e-001
 5.6434369e-001
 5.6474072e-001
 5.6514233e-001
 5.6552881e-001
 5.6593126e-001
 5.6637740e-001
 5.6683975e-001
 5.6720638e-001
 5.6762403e-001
 5.6807363e-001
 5.6841004e-001
 5.6873268e-001
 5.6905782e-001
 5.6936026e-001
 5.6966370e-001
 5.7000023e-001
 5.7033569e-001
 5.7055438e-001
 5.7083493e-001
 5.7114714e-001
 5.7136077e-001
 5.7157671e-001
 5.7178408e-001
 5.7196325e-001
 5.7218575e-001
 5.7237923e-001
 5.7252890e-001
 5.7268119e-001
 5.7283390e-001
 5.7295835e-001
 5.7304579e-001
 5.7312077e-001
 5.7321936e-001
 5.7333529e-001
 5.7344848e-001
 5.7353336e-001
 5.7359260e-001
 5.7363915e-001
 5.7368296e-001
 5.7372266e-001
 5.7375348e-001
 5.7377291e-001
 5.7378918e-001
 5.7381445e-001
 5.7386553e-001
 5.7389629e-001
 5.7390845e-001
 5.7392597e-001
 5.7392335e-001
 5.7388216e-001
 5.7383692e-001
 5.7389927e-001
 5.7394159e-001
 5.7392228e-001
 5.7390183e-001
 5.7390332e-001
 5.7390362e-001
 5.7387805e-001
 5.7383072e-001
 5.7378519e-001
 5.7376242e-001
 5.7378030e-001
 5.7378644e-001
 5.7376492e-001
 5.7373852e-001
 5.7370073e-001
 5.7368451e-001
 5.7369703e-001
 5.7372469e-001
 5.7376343e-001
 5.7378900e-001
 5.7377267e-001
 5.7378471e-001
 5.7377285e-001
 5.7369250e-001
 5.7362014e-001
 5.7354337e-001
 5.7346445e-001
 5.7343143e-001
 5.7340759e-001
 5.7336575e-001
 5.7330841e-001
 5.7328886e-001
 5.7328391e-001
 5.7326108e-001
 5.7327777e-001
 5.7322544e-001
 5.7312930e-001
 5.7308620e-001
 5.7307500e-001
 5.7304090e-001
 5.7296664e-001
 5.7289475e-001
 5.7281637e-001
 5.7272816e-001
 5.7265890e-001
 5.7257777e-001
 5.7251084e-001
 5.7249969e-001
 5.7247692e-001
 5.7244706e-001
 5.7243460e-001
 5.7241303e-001
 5.7239991e-001
 5.7239467e-001
 5.7238948e-001
 5.7234758e-001
 5.7231778e-001
 5.7233930e-001
 5.7238829e-001
 5.7241392e-001
 5.7242620e-001
 5.7250875e-001
 5.7260662e-001
 5.7266223e-001
 5.7267910e-001
 5.7268351e-001
 5.7271409e-001
 5.7276416e-001
 5.7279181e-001
 5.7280928e-001
 5.7284796e-001
 5.7294148e-001
 5.7300001e-001
 5.7301670e-001
 5.7303762e-001
 5.7309395e-001
 5.7319129e-001
 5.7328969e-001
 5.7337916e-001
 5.7339317e-001
 5.7337689e-001
 5.7339883e-001
 5.7341337e-001
 5.7339031e-001
 5.7334238e-001
 5.7331431e-001
 5.7330513e-001
 5.7330352e-001
 5.7333803e-001
 5.7333934e-001
 5.7332087e-001
 5.7333195e-001
 5.7327175e-001
 5.7315749e-001
 5.7305044e-001
 5.7297862e-001
 5.7291281e-001
 5.7283312e-001
 5.7276094e-001
 5.7265925e-001
 5.7255304e-001
 5.7246602e-001
 5.7236588e-001
 5.7222939e-001
 5.7206726e-001
 5.7189363e-001
 5.7170779e-001
 5.7152784e-001
 5.7136565e-001
 5.7121611e-001
 5.7111067e-001
 5.7104599e-001
 5.7103306e-001
 5.7094586e-001
 5.7074368e-001
 5.7046366e-001
 5.7014233e-001
 5.6985533e-001
 5.6961310e-001
 5.6936848e-001
 5.6911480e-001
 5.6887424e-001
 5.6867671e-001
 5.6848323e-001
 5.6826425e-001
 5.6802231e-001
 5.6780332e-001
 5.6760138e-001
 5.6738693e-001
 5.6715614e-001
 5.6688660e-001
 5.6659508e-001
 5.6631684e-001
 5.6599963e-001
 5.6568807e-001
 5.6542909e-001
 5.6516558e-001
 5.6491554e-001
 5.6467605e-001
 5.6439924e-001
 5.6407571e-001
 5.6373191e-001
 5.6338030e-001
 5.6304061e-001
 5.6271183e-001
 5.6238276e-001
 5.6203705e-001
 5.6171137e-001
 5.6140310e-001
 5.6107396e-001
 5.6073356e-001
 5.6038547e-001
 5.6002808e-001
 5.5965942e-001
 5.5929279e-001
 5.5892694e-001
 5.5854100e-001
 5.5812126e-001
 5.5768061e-001
 5.5723584e-001
 5.5675906e-001
 5.5628806e-001
 5.5584550e-001
 5.5537820e-001
 5.5489033e-001
 5.5441409e-001
 5.5397630e-001
 5.5353743e-001
 5.5305928e-001
 5.5254579e-001
 5.5202222e-001
 5.5152398e-001
 5.5105096e-001
 5.5061430e-001
 5.5015069e-001
 5.4964149e-001
 5.4910439e-001
 5.4858094e-001
 5.4804307e-001
 5.4746556e-001
 5.4693711e-001
 5.4644483e-001
 5.4593664e-001
 5.4540622e-001
 5.4481161e-001
 5.4420280e-001
 5.4362530e-001
 5.4308301e-001
 5.4256523e-001
 5.4204971e-001
 5.4149938e-001
 5.4094887e-001
 5.4039407e-001
 5.3977537e-001
 5.3917712e-001
 5.3862196e-001
 5.3807545e-001
 5.3754616e-001
 5.3699178e-001
 5.3642583e-001
 5.3591961e-001
 5.3543371e-001
 5.3490961e-001
 5.3434068e-001
 5.3374934e-001
 5.3317016e-001
 5.3260213e-001
 5.3201002e-001
 5.3140163e-001
 5.3081363e-001
 5.3026348e-001
 5.2976018e-001
 5.2924818e-001
 5.2869749e-001
 5.2817482e-001
 5.2765799e-001
 5.2712798e-001
 5.2662480e-001
 5.2613664e-001
 5.2564597e-001
 5.2514732e-001
 5.2466607e-001
 5.2418357e-001
 5.2367842e-001
 5.2314514e-001
 5.2258921e-001
 5.2204585e-001
 5.2154797e-001
 5.2107590e-001
 5.2058989e-001
 5.2008104e-001
 5.1958978e-001
 5.1910353e-001
 5.1861149e-001
 5.1815438e-001
 5.1770866e-001
 5.1726073e-001
 5.1682156e-001
 5.1638907e-001
 5.1595747e-001
 5.1552230e-001
 5.1508421e-001
 5.1462781e-001
 5.1414150e-001
 5.1361299e-001
 5.1305878e-001
 5.1255596e-001
 5.1212907e-001
 5.1178610e-001
 5.1143581e-001
 5.1103228e-001
 5.1058656e-001
 5.1012987e-001
 5.0968182e-001
 5.0924039e-001
 5.0877160e-001
 5.0830269e-001
 5.0786513e-001
 5.0747079e-001
 5.0713062e-001
 5.0680512e-001
 5.0646091e-001
 5.0607663e-001
 5.0567514e-001
 5.0526476e-001
 5.0493038e-001
 5.0459784e-001
 5.0420523e-001
 5.0377458e-001
 5.0337285e-001
 5.0299764e-001
 5.0259614e-001
 5.0218379e-001
 5.0178343e-001
 5.0139642e-001
 5.0105971e-001
 5.0072128e-001
 5.0036061e-001
 5.0003105e-001
 4.9971840e-001
 4.9939829e-001
 4.9907133e-001
 4.9871117e-001
 4.9833402e-001
 4.9796379e-001
 4.9759349e-001
 4.9726766e-001
 4.9697959e-001
 4.9672014e-001
 4.9640751e-001
 4.9604145e-001
 4.9566704e-001
 4.9527237e-001
 4.9488294e-001
 4.9451044e-001
 4.9417958e-001
 4.9382603e-001
 4.9346417e-001
 4.9315271e-001
 4.9285874e-001
 4.9256724e-001
 4.9227470e-001
 4.9189663e-001
 4.9149650e-001
 4.9114066e-001
 4.9085158e-001
 4.9052191e-001
 4.9015743e-001
 4.8983040e-001
 4.8942739e-001
 4.8899233e-001
 4.8857576e-001
 4.8813015e-001
 4.8767868e-001
 4.8722625e-001
 4.8676348e-001
 4.8627791e-001
 4.8583481e-001
 4.8545957e-001
 4.8503420e-001
 4.8459354e-001
 4.8418286e-001
 4.8380226e-001
 4.8337758e-001
 4.8291188e-001
 4.8245651e-001
 4.8196948e-001
 4.8150721e-001
 4.8108622e-001
 4.8064703e-001
 4.8018894e-001
 4.7970608e-001
 4.7916859e-001
 4.7863832e-001
 4.7815052e-001
 4.7768703e-001
 4.7714025e-001
 4.7657067e-001
 4.7603384e-001
 4.7550687e-001
 4.7493246e-001
 4.7432888e-001
 4.7375146e-001
 4.7313729e-001
 4.7253692e-001
 4.7197554e-001
 4.7135067e-001
 4.7071993e-001
 4.7010916e-001
 4.6946645e-001
 4.6884045e-001
 4.6821725e-001
 4.6757007e-001
 4.6690732e-001
 4.6625894e-001
 4.6562716e-001
 4.6497926e-001
 4.6435216e-001
 4.6371984e-001
 4.6304181e-001
 4.6231765e-001
 4.6159336e-001
 4.6088776e-001
 4.6012017e-001
 4.5938075e-001
 4.5869815e-001
 4.5803759e-001
 4.5732576e-001
 4.5658782e-001
 4.5587876e-001
 4.5517233e-001
 4.5447376e-001
 4.5378304e-001
 4.5309734e-001
 4.5240155e-001
 4.5166808e-001
 4.5087683e-001
 4.5009005e-001
 4.4935763e-001
 4.4865853e-001
 4.4794974e-001
 4.4720653e-001
 4.4643608e-001
 4.4557723e-001
 4.4487643e-001
 4.4423807e-001
 4.4347286e-001
 4.4267690e-001
 4.4193420e-001
 4.4123271e-001
 4.4053024e-001
 4.3974468e-001
 4.3892494e-001
 4.3811581e-001
 4.3746424e-001
 4.3680742e-001
 4.3600971e-001
 4.3528578e-001
 4.3461779e-001
 4.3392721e-001
 4.3318349e-001
 4.3248916e-001
 4.3182519e-001
 4.3109757e-001
 4.3045932e-001
 4.2979151e-001
 4.2901757e-001
 4.2825735e-001
 4.2755726e-001
 4.2687881e-001
 4.2616534e-001
 4.2546970e-001
 4.2476404e-001
 4.2400676e-001
 4.2338747e-001
 4.2276919e-001
 4.2207637e-001
 4.2146397e-001
 4.2087850e-001
 4.2028898e-001
 4.1970935e-001
 4.1917789e-001
 4.1859120e-001
 4.1791338e-001
 4.1739517e-001
 4.1684791e-001
 4.1621065e-001
 4.1559193e-001
 4.1512379e-001
 4.1473722e-001
 4.1408065e-001
 4.1365361e-001
 4.1301215e-001
 4.1227168e-001
 4.1152966e-001
 4.1087028e-001
 4.1049978e-001
 4.1021553e-001
 4.0989721e-001
 4.0949661e-001
 4.0899488e-001
 4.0854731e-001
 4.0819916e-001
 4.0770268e-001
 4.0742615e-001
 4.0731636e-001
 4.0710056e-001
 4.0686408e-001
 4.0648323e-001
 4.0605694e-001
 4.0554798e-001
 4.0497038e-001
 4.0457693e-001
 4.0442348e-001
 4.0433916e-001
 4.0438712e-001
 4.0443119e-001
 4.0421590e-001
 4.0396190e-001
 4.0384415e-001
 4.0360689e-001
 4.0344983e-001
 4.0352365e-001
 4.0348968e-001
 4.0341118e-001
 4.0328321e-001
 4.0312132e-001
 4.0303570e-001
 4.0295097e-001
 4.0290198e-001
 4.0307519e-001
 4.0339354e-001
 4.0365052e-001
 4.0383759e-001
 4.0393203e-001
 4.0399998e-001
 4.0414730e-001
 4.0417013e-001
 4.0416524e-001
 4.0427539e-001
 4.0448737e-001
 4.0475860e-001
 4.0492523e-001
 4.0499088e-001
 4.0505818e-001
 4.0515521e-001
 4.0535939e-001
 4.0571779e-001
 4.0611410e-001
 4.0645590e-001
 4.0685126e-001
 4.0721911e-001
 4.0752155e-001
 4.0780565e-001
 4.0805820e-001
 4.0845439e-001
 4.0885672e-001
 4.0918082e-001
 4.0959412e-001
 4.1000855e-001
 4.1033587e-001
 4.1066906e-001
 4.1103384e-001
 4.1140747e-001
 4.1184989e-001
 4.1242883e-001
 4.1303596e-001
 4.1359326e-001
 4.1399717e-001
 4.1441026e-001
 4.1497257e-001
 4.1541660e-001
 4.1580945e-001
 4.1634014e-001
 4.1699305e-001
 4.1763195e-001
 4.1817337e-001
 4.1869879e-001
 4.1925347e-001
 4.1979536e-001
 4.2040911e-001
 4.2113814e-001
 4.2189965e-001
 4.2258736e-001
 4.2313915e-001
 4.2360196e-001
 4.2415321e-001
 4.2476508e-001
 4.2515990e-001
 4.2554587e-001
 4.2611510e-001
 4.2670006e-001
 4.2729095e-001
 4.2789477e-001
 4.2843878e-001
 4.2887053e-001
 4.2927942e-001
 4.2974639e-001
 4.3029678e-001
 4.3097413e-001
 4.3161345e-001
 4.3225351e-001
 4.3284336e-001
 4.3336615e-001
 4.3394583e-001
 4.3444526e-001
 4.3497777e-001
 4.3558019e-001
 4.3608326e-001
 4.3661061e-001
 4.3708262e-001
 4.3750069e-001
 4.3791446e-001
 4.3833265e-001
 4.3872195e-001
 4.3911347e-001
 4.3962333e-001
 4.4014412e-001
 4.4060278e-001
 4.4100583e-001
 4.4135761e-001
 4.4175252e-001
 4.4210541e-001
 4.4244334e-001
 4.4287041e-001
 4.4335744e-001
 4.4382337e-001
 4.4414926e-001
 4.4446173e-001
 4.4485623e-001
 4.4524568e-001
 4.4564983e-001
 4.4607159e-001
 4.4653082e-001
 4.4696864e-001
 4.4734848e-001
 4.4768488e-001
 4.4804409e-001
 4.4844219e-001
 4.4878876e-001
 4.4911629e-001
 4.4949159e-001
 4.4993582e-001
 4.5034733e-001
 4.5059749e-001
 4.5084694e-001
 4.5121947e-001
 4.5156553e-001
 4.5184454e-001
 4.5214683e-001
 4.5250306e-001
 4.5284027e-001
 4.5313630e-001
 4.5343867e-001
 4.5370853e-001
 4.5395991e-001
 4.5417562e-001
 4.5441136e-001
 4.5472702e-001
 4.5507541e-001
 4.5539317e-001
 4.5565337e-001
 4.5587912e-001
 4.5607114e-001
 4.5626843e-001
 4.5653564e-001
 4.5681444e-001
 4.5703268e-001
 4.5725194e-001
 4.5739341e-001
 4.5752558e-001
 4.5773616e-001
 4.5796990e-001
 4.5812911e-001
 4.5829076e-001
 4.5851651e-001
 4.5874068e-001
 4.5895818e-001
 4.5917180e-001
 4.5937362e-001
 4.5958880e-001
 4.5982292e-001
 4.6008924e-001
 4.6037203e-001
 4.6067512e-001
 4.6096835e-001
 4.6117884e-001
 4.6138862e-001
 4.6165654e-001
 4.6192449e-001
 4.6217489e-001
 4.6242526e-001
 4.6266690e-001
 4.6290982e-001
 4.6312892e-001
 4.6332729e-001
 4.6350506e-001
 4.6367741e-001
 4.6382576e-001
 4.6397477e-001
 4.6422604e-001
 4.6458426e-001
 4.6491361e-001
 4.6518317e-001
 4.6541759e-001
 4.6557274e-001
 4.6573389e-001
 4.6593815e-001
 4.6615675e-001
 4.6648490e-001
 4.6681172e-001
 4.6707901e-001
 4.6734262e-001
 4.6755853e-001
 4.6777031e-001
 4.6791145e-001
 4.6803716e-001
 4.6829295e-001
 4.6860012e-001
 4.6883771e-001
 4.6902585e-001
 4.6926856e-001
 4.6956712e-001
 4.6985182e-001
 4.7011942e-001
 4.7039750e-001
 4.7069955e-001
 4.7100216e-001
 4.7130886e-001
 4.7159705e-001
 4.7177815e-001
 4.7196189e-001
 4.7224471e-001
 4.7252518e-001
 4.7286156e-001
 4.7319797e-001
 4.7347856e-001
 4.7374794e-001
 4.7407603e-001
 4.7441930e-001
 4.7475672e-001
 4.7508723e-001
 4.7545969e-001
 4.7586271e-001
 4.7619411e-001
 4.7645226e-001
 4.7671664e-001
 4.7699609e-001
 4.7729141e-001
 4.7761473e-001
 4.7795287e-001
 4.7835624e-001
 4.7873738e-001
 4.7901872e-001
 4.7930565e-001
 4.7967678e-001
 4.8004404e-001
 4.8039886e-001
 4.8075083e-001
 4.8115849e-001
 4.8157057e-001
 4.8192090e-001
 4.8225832e-001
 4.8261806e-001
 4.8298314e-001
 4.8337623e-001
 4.8377797e-001
 4.8416120e-001
 4.8453313e-001
 4.8487559e-001
 4.8519620e-001
 4.8555699e-001
 4.8595640e-001
 4.8635074e-001
 4.8673412e-001
 4.8710778e-001
 4.8746929e-001
 4.8781514e-001
 4.8811164e-001
 4.8841336e-001
 4.8882043e-001
 4.8922938e-001
 4.8962641e-001
 4.9001428e-001
 4.9043912e-001
 4.9087656e-001
 4.9130711e-001
 4.9173433e-001
 4.9217021e-001
 4.9260163e-001
 4.9299574e-001
 4.9336639e-001
 4.9377418e-001
 4.9421403e-001
 4.9460322e-001
 4.9495062e-001
 4.9531990e-001
 4.9570817e-001
 4.9611893e-001
 4.9657744e-001
 4.9705335e-001
 4.9761105e-001
 4.9815634e-001
 4.9860582e-001
 4.9905664e-001
 4.9951088e-001
 4.9996820e-001
 5.0043124e-001
 5.0088763e-001
 5.0135201e-001
 5.0182688e-001
 5.0230145e-001
 5.0277692e-001
 5.0324851e-001
 5.0370234e-001
 5.0420487e-001
 5.0472444e-001
 5.0521827e-001
 5.0570726e-001
 5.0620729e-001
 5.0672156e-001
 5.0718707e-001
 5.0760281e-001
 5.0803328e-001
 5.0846899e-001
 5.0892764e-001
 5.0943100e-001
 5.0991130e-001
 5.1037818e-001
 5.1084936e-001
 5.1128614e-001
 5.1173866e-001
 5.1219702e-001
 5.1264960e-001
 5.1320100e-001
 5.1374942e-001
 5.1424378e-001
 5.1473898e-001
 5.1526523e-001
 5.1579350e-001
 5.1629740e-001
 5.1678628e-001
 5.1734853e-001
 5.1792932e-001
 5.1844341e-001
 5.1895720e-001
 5.1948285e-001
 5.1997972e-001
 5.2044541e-001
 5.2089250e-001
 5.2131885e-001
 5.2173716e-001
 5.2206123e-001
 5.2231514e-001
 5.2256852e-001
 5.2279073e-001
 5.2296329e-001
 5.2307189e-001
 5.2319181e-001
 5.2334696e-001
 5.2351278e-001
 5.2376562e-001
 5.2404815e-001
 5.2437460e-001
 5.2470458e-001
 5.2504301e-001
 5.2540183e-001
 5.2589822e-001
 5.2638566e-001
 5.2685213e-001
 5.2731937e-001
 5.2779859e-001
 5.2828431e-001
 5.2883685e-001
 5.2938730e-001
 5.3019160e-001
 5.3104037e-001
 5.3179824e-001
 5.3252691e-001
 5.3337646e-001
 5.3424811e-001
 5.3506148e-001
 5.3585935e-001
 5.3670436e-001
 5.3756768e-001
 5.3832650e-001
 5.3900886e-001
 5.3972447e-001
 5.4045892e-001
 5.4111773e-001
 5.4168719e-001
 5.4228890e-001
 5.4296136e-001
 5.4360121e-001
 5.4420453e-001
 5.4480052e-001
 5.4535264e-001
 5.4590386e-001
 5.4640025e-001
 5.4690075e-001
 5.4750741e-001
 5.4809856e-001
 5.4858845e-001
 5.4906684e-001
 5.4954797e-001
 5.5003422e-001
 5.5049568e-001
 5.5095011e-001
 5.5148673e-001
 5.5203402e-001
 5.5256522e-001
 5.5309117e-001
 5.5361229e-001
 5.5412918e-001
 5.5465186e-001
 5.5516708e-001
 5.5570692e-001
 5.5624986e-001
 5.5677629e-001
 5.5730700e-001
 5.5778629e-001
 5.5823612e-001
 5.5869985e-001
 5.5916274e-001
 5.5965322e-001
 5.6015229e-001
 5.6060565e-001
 5.6104785e-001
 5.6149346e-001
 5.6193107e-001
 5.6233686e-001
 5.6269467e-001
 5.6309366e-001
 5.6354922e-001
 5.6394619e-001
 5.6428277e-001
 5.6466168e-001
 5.6511378e-001
 5.6554675e-001
 5.6591976e-001
 5.6630427e-001
 5.6673896e-001
 5.6714863e-001
 5.6750190e-001
 5.6786239e-001
 5.6824130e-001
 5.6863552e-001
 5.6902486e-001
 5.6940109e-001
 5.6979913e-001
 5.7019138e-001
 5.7056671e-001
 5.7095146e-001
 5.7136685e-001
 5.7178086e-001
 5.7221103e-001
 5.7264382e-001
 5.7318878e-001
 5.7374364e-001
 5.7413238e-001
 5.7449895e-001
 5.7492208e-001
 5.7534873e-001
 5.7570326e-001
 5.7603335e-001
 5.7636797e-001
 5.7672232e-001
 5.7699305e-001
 5.7723182e-001
 5.7750380e-001
 5.7778203e-001
 5.7802528e-001
 5.7825595e-001
 5.7854015e-001
 5.7884860e-001
 5.7912749e-001
 5.7941288e-001
 5.7972407e-001
 5.8002824e-001
 5.8033818e-001
 5.8065528e-001
 5.8100563e-001
 5.8137822e-001
 5.8173555e-001
 5.8208853e-001
 5.8237696e-001
 5.8259773e-001
 5.8283418e-001
 5.8307475e-001
 5.8331770e-001
 5.8356482e-001
 5.8379942e-001
 5.8403724e-001
 5.8429092e-001
 5.8455265e-001
 5.8479798e-001
 5.8503622e-001
 5.8532113e-001
 5.8566308e-001
 5.8596027e-001
 5.8619696e-001
 5.8644086e-001
 5.8666378e-001
 5.8688384e-001
 5.8712357e-001
 5.8737844e-001
 5.8765429e-001
 5.8791083e-001
 5.8813250e-001
 5.8835000e-001
 5.8856666e-001
 5.8878541e-001
 5.8897984e-001
 5.8917576e-001
 5.8942032e-001
 5.8965856e-001
 5.8983082e-001
 5.9000063e-001
 5.9017211e-001
 5.9035265e-001
 5.9053242e-001
 5.9070283e-001
 5.9088904e-001
 5.9107113e-001
 5.9120864e-001
 5.9133512e-001
 5.9141177e-001
 5.9150189e-001
 5.9162474e-001
 5.9174609e-001
 5.9192687e-001
 5.9211028e-001
 5.9229201e-001
 5.9247470e-001
 5.9265661e-001
 5.9283525e-001
 5.9297198e-001
 5.9310615e-001
 5.9323609e-001
 5.9336156e-001
 5.9343100e-001
 5.9349954e-001
 5.9357470e-001
 5.9365225e-001
 5.9376228e-001
 5.9387165e-001
 5.9398228e-001
 5.9409285e-001
 5.9419090e-001
 5.9429544e-001
 5.9441638e-001
 5.9453034e-001
 5.9454876e-001
 5.9455609e-001
 5.9456813e-001
 5.9458774e-001
 5.9461719e-001
 5.9464574e-001
 5.9468508e-001
 5.9472495e-001
 5.9476054e-001
 5.9479296e-001
 5.9487009e-001
 5.9495503e-001
 5.9500051e-001
 5.9504354e-001
 5.9505302e-001
 5.9505147e-001
 5.9510958e-001
 5.9517676e-001
 5.9517646e-001
 5.9516579e-001
 5.9519446e-001
 5.9523386e-001
 5.9522963e-001
 5.9521329e-001
 5.9524524e-001
 5.9528464e-001
 5.9527129e-001
 5.9524745e-001
 5.9520870e-001
 5.9517223e-001
 5.9517562e-001
 5.9518427e-001
 5.9519529e-001
 5.9520555e-001
 5.9528673e-001
 5.9538275e-001
 5.9545183e-001
 5.9551519e-001
 5.9557742e-001
 5.9563750e-001
 5.9572697e-001
 5.9582102e-001
 5.9588921e-001
 5.9595495e-001
 5.9596926e-001
 5.9597647e-001
 5.9596676e-001
 5.9595472e-001
 5.9594864e-001
 5.9594244e-001
 5.9593081e-001
 5.9591860e-001
 5.9589732e-001
 5.9587318e-001
 5.9581512e-001
 5.9575349e-001
 5.9575987e-001
 5.9577268e-001
 5.9577423e-001
 5.9577447e-001
 5.9579182e-001
 5.9581172e-001
 5.9571159e-001
 5.9560168e-001
 5.9554428e-001
 5.9549010e-001
 5.9548610e-001
 5.9548455e-001
 5.9537590e-001
 5.9526205e-001
 5.9518081e-001
 5.9510207e-001
 5.9511697e-001
 5.9513122e-001
 5.9509820e-001
 5.9506631e-001
 5.9508097e-001
 5.9509277e-001
 5.9506333e-001
 5.9503603e-001
 5.9504592e-001
 5.9504914e-001
 5.9497666e-001
 5.9490955e-001
 5.9487128e-001
 5.9482402e-001
 5.9469068e-001
 5.9455323e-001
 5.9442496e-001
 5.9430414e-001
 5.9418881e-001
 5.9407932e-001
 5.9401530e-001
 5.9394866e-001
 5.9386575e-001
 5.9377432e-001
 5.9367561e-001
 5.9359163e-001
 5.9355807e-001
 5.9351891e-001
 5.9342635e-001
 5.9333390e-001
 5.9327024e-001
 5.9323025e-001
 5.9324813e-001
 5.9323531e-001
 5.9313899e-001
 5.9306628e-001
 5.9304565e-001
 5.9300625e-001
 5.9293652e-001
 5.9285235e-001
 5.9275329e-001
 5.9267950e-001
 5.9262782e-001
 5.9256470e-001
 5.9248924e-001
 5.9241951e-001
 5.9235555e-001
 5.9229380e-001
 5.9224689e-001
 5.9219569e-001
 5.9213305e-001
 5.9208703e-001
 5.9204924e-001
 5.9193975e-001
 5.9177852e-001
 5.9168667e-001
 5.9164733e-001
 5.9155029e-001
 5.9142011e-001
 5.9133172e-001
 5.9125221e-001
 5.9106326e-001
 5.9082103e-001
 5.9063226e-001
 5.9048742e-001
 5.9039432e-001
 5.9030378e-001
 5.9022176e-001
 5.9012944e-001
 5.9000576e-001
 5.8987510e-001
 5.8980411e-001
 5.8976161e-001
 5.8967620e-001
 5.8958572e-001
 5.8945435e-001
 5.8929521e-001
 5.8913404e-001
 5.8899069e-001
 5.8895469e-001
 5.8892912e-001
 5.8881950e-001
 5.8871406e-001
 5.8871084e-001
 5.8870119e-001
 5.8863592e-001
 5.8857208e-001
 5.8852506e-001
 5.8846653e-001
 5.8842713e-001
 5.8838898e-001
 5.8827835e-001
 5.8811241e-001
 5.8786607e-001
 5.8765250e-001
 5.8748907e-001
 5.8735096e-001
 5.8723491e-001
 5.8715260e-001
 5.8709133e-001
 5.8694971e-001
 5.8674943e-001
 5.8664286e-001
 5.8663636e-001
 5.8656681e-001
 5.8643168e-001
 5.8634698e-001
 5.8630395e-001
 5.8618498e-001
 5.8600748e-001
 5.8583492e-001
 5.8570403e-001
 5.8552849e-001
 5.8530498e-001
 5.8518654e-001
 5.8510256e-001
 5.8500171e-001
 5.8489841e-001
 5.8483356e-001
 5.8479095e-001
 5.8480698e-001
 5.8485210e-001
 5.8490056e-001
 5.8489698e-001
 5.8476269e-001
 5.8462048e-001
 5.8457053e-001
 5.8454996e-001
 5.8451802e-001
 5.8448756e-001
 5.8445537e-001
 5.8441204e-001
 5.8430368e-001
 5.8418816e-001
 5.8411759e-001
 5.8403176e-001
 5.8397812e-001
 5.8397913e-001
 5.8394885e-001
 5.8380777e-001
 5.8360398e-001
 5.8350861e-001
 5.8347964e-001
 5.8338690e-001
 5.8328414e-001
 5.8320910e-001
 5.8307511e-001
 5.8294445e-001
 5.8285683e-001
 5.8271873e-001
 5.8260864e-001
 5.8257067e-001
 5.8251047e-001
 5.8243167e-001
 5.8236122e-001
 5.8225840e-001
 5.8210558e-001
 5.8192122e-001
 5.8177507e-001
 5.8161992e-001
 5.8143705e-001
 5.8132070e-001
 5.8120978e-001
 5.8105600e-001
 5.8090085e-001
 5.8082640e-001
 5.8075112e-001
 5.8064771e-001
 5.8060402e-001
 5.8058977e-001
 5.8053267e-001
 5.8046442e-001
 5.8039546e-001
 5.8037597e-001
 5.8035117e-001
 5.8025956e-001
 5.8026892e-001
 5.8029592e-001
 5.8020365e-001
 5.8006537e-001
 5.8000743e-001
 5.8001447e-001
 5.7989883e-001
 5.7973433e-001
 5.7958698e-001
 5.7938230e-001
 5.7923388e-001
 5.7917744e-001
 5.7919592e-001
 5.7921493e-001
 5.7917106e-001
 5.7909775e-001
 5.7901502e-001
 5.7895005e-001
 5.7885253e-001
 5.7870686e-001
 5.7855213e-001
 5.7842278e-001
 5.7831365e-001
 5.7827461e-001
 5.7822782e-001
 5.7812381e-001
 5.7802409e-001
 5.7792288e-001
 5.7781339e-001
 5.7766443e-001
 5.7752270e-001
 5.7738572e-001
 5.7721144e-001
 5.7702005e-001
 5.7687891e-001
 5.7673985e-001
 5.7658052e-001
 5.7642066e-001
 5.7627052e-001
 5.7609606e-001
 5.7598329e-001
 5.7592434e-001
 5.7585186e-001
 5.7576942e-001
 5.7569605e-001
 5.7571298e-001
 5.7573390e-001
 5.7575101e-001
 5.7576174e-001
 5.7575595e-001
 5.7575220e-001
 5.7573259e-001
 5.7570672e-001
 5.7565659e-001
 5.7554609e-001
 5.7544649e-001
 5.7532799e-001
 5.7520854e-001
 5.7515746e-001
 5.7513136e-001
 5.7511753e-001
 5.7511377e-001
 5.7510120e-001
 5.7507467e-001
 5.7504702e-001
 5.7496512e-001
 5.7487547e-001
 5.7478827e-001
 5.7470536e-001
 5.7462615e-001
 5.7455450e-001
 5.7446390e-001
 5.7434344e-001
 5.7424510e-001
 5.7419032e-001
 5.7412690e-001
 5.7402599e-001
 5.7392359e-001
 5.7381195e-001
 5.7370013e-001
 5.7360435e-001
 5.7349950e-001
 5.7341856e-001
 5.7336134e-001
 5.7324469e-001
 5.7303137e-001
 5.7283294e-001
 5.7270980e-001
 5.7258719e-001
 5.7251459e-001
 5.7244503e-001
 5.7239825e-001
 5.7236391e-001
 5.7228792e-001
 5.7217062e-001
 5.7204682e-001
 5.7191956e-001
 5.7179165e-001
 5.7164776e-001
 5.7150358e-001
 5.7138187e-001
 5.7126069e-001
 5.7114506e-001
 5.7103026e-001
 5.7095373e-001
 5.7091486e-001
 5.7088101e-001
 5.7085478e-001
 5.7085186e-001
 5.7093656e-001
 5.7101780e-001
 5.7104903e-001
 5.7107115e-001
 5.7107192e-001
 5.7106608e-001
 5.7105303e-001
 5.7102990e-001
 5.7101703e-001
 5.7102978e-001
 5.7102561e-001
 5.7096058e-001
 5.7089317e-001
 5.7078207e-001
 5.7066709e-001
 5.7054389e-001
 5.7041639e-001
 5.7031441e-001
 5.7023460e-001
 5.7016814e-001
 5.7011795e-001
 5.7004893e-001
 5.6990576e-001
 5.6974852e-001
 5.6965578e-001
 5.6954771e-001
 5.6945384e-001
 5.6936264e-001
 5.6932569e-001
 5.6932795e-001
 5.6933713e-001
 5.6933445e-001
 5.6932813e-001
 5.6935388e-001
 5.6937420e-001
 5.6935018e-001
 5.6933486e-001
 5.6936216e-001
 5.6938887e-001
 5.6939352e-001
 5.6938785e-001
 5.6934935e-001
 5.6928462e-001
 5.6920695e-001
 5.6909692e-001
 5.6898403e-001
 5.6889075e-001
 5.6879222e-001
 5.6871200e-001
 5.6863397e-001
 5.6862634e-001
 5.6863809e-001
 5.6860101e-001
 5.6853384e-001
 5.6848973e-001
 5.6847620e-001
 5.6847429e-001
 5.6852049e-001
 5.6856656e-001
 5.6860280e-001
 5.6864542e-001
 5.6863594e-001
 5.6859469e-001
 5.6854635e-001
 5.6849873e-001
 5.6843567e-001
 5.6836659e-001
 5.6832212e-001
 5.6831449e-001
 5.6829143e-001
 5.6827420e-001
 5.6827843e-001
 5.6842393e-001
 5.6858629e-001
 5.6868804e-001
 5.6876659e-001
 5.6891251e-001
 5.6907612e-001
 5.6917894e-001
 5.6924516e-001
 5.6930315e-001
 5.6931603e-001
 5.6932831e-001
 5.6931925e-001
 5.6930447e-001
 5.6931704e-001
 5.6932735e-001
 5.6928909e-001
 5.6924766e-001
 5.6924909e-001
 5.6928909e-001
 5.6936151e-001
 5.6944966e-001
 5.6957376e-001
 5.6972086e-001
 5.6980747e-001
 5.6974101e-001
 5.6966734e-001
 5.6958342e-001
 5.6949973e-001
 5.6952208e-001
 5.6954461e-001
 5.6955260e-001
 5.6958771e-001
 5.6963807e-001
 5.6970423e-001
 5.6977957e-001
 5.6985664e-001
 5.6994653e-001
 5.7000351e-001
 5.7004154e-001
 5.7011557e-001
 5.7020497e-001
 5.7032257e-001
 5.7048506e-001
 5.7068604e-001
 5.7089871e-001
 5.7111716e-001
 5.7132828e-001
 5.7155502e-001
 5.7182753e-001
 5.7207656e-001
 5.7226074e-001
 5.7245362e-001
 5.7259619e-001
 5.7270849e-001
 5.7276177e-001
 5.7280952e-001
 5.7286930e-001
 5.7293570e-001
 5.7303470e-001
 5.7316071e-001
 5.7324713e-001
 5.7328695e-001
 5.7333648e-001
 5.7339990e-001
 5.7346058e-001
 5.7350665e-001
 5.7354993e-001
 5.7363009e-001
 5.7371348e-001
 5.7370692e-001
 5.7370067e-001
 5.7377154e-001
 5.7384473e-001
 5.7390249e-001
 5.7397705e-001
 5.7405019e-001
 5.7411242e-001
 5.7416201e-001
 5.7414484e-001
 5.7411659e-001
 5.7403898e-001
 5.7394701e-001
 5.7389158e-001
 5.7385927e-001
 5.7388073e-001
 5.7390678e-001
 5.7392973e-001
 5.7392752e-001
 5.7394707e-001
 5.7400042e-001
 5.7405430e-001
 5.7410073e-001
 5.7416528e-001
 5.7427150e-001
 5.7436943e-001
 5.7437611e-001
 5.7437968e-001
 5.7449245e-001
 5.7462382e-001
 5.7468450e-001
 5.7473588e-001
 5.7474816e-001
 5.7472831e-001
 5.7472056e-001
 5.7470095e-001
 5.7470232e-001
 5.7475770e-001
 5.7478392e-001
 5.7473260e-001
 5.7467765e-001
 5.7465684e-001
 5.7466435e-001
 5.7468414e-001
 5.7467288e-001
 5.7464868e-001
 5.7460999e-001
 5.7463771e-001
 5.7468712e-001
 5.7462949e-001
 5.7456207e-001
 5.7450795e-001
 5.7442373e-001
 5.7435858e-001
 5.7431424e-001
 5.7425725e-001
 5.7416713e-001
 5.7408679e-001
 5.7406199e-001
 5.7403517e-001
 5.7400644e-001
 5.7398897e-001
 5.7391745e-001
 5.7387078e-001
 5.7384139e-001
 5.7381666e-001
 5.7375360e-001
 5.7368755e-001
 5.7370061e-001
 5.7376820e-001
 5.7378519e-001
 5.7375896e-001
 5.7381761e-001
 5.7397747e-001
 5.7410622e-001
 5.7412106e-001
 5.7412654e-001
 5.7398987e-001
 5.7386231e-001
 5.7373172e-001
 5.7358456e-001
 5.7342637e-001
 5.7330698e-001
 5.7325804e-001
 5.7323813e-001
 5.7321042e-001
 5.7315135e-001
 5.7317322e-001
 5.7330847e-001
 5.7340699e-001
 5.7341188e-001
 5.7341033e-001
 5.7336992e-001
 5.7334769e-001
 5.7338220e-001
 5.7339060e-001
 5.7328248e-001
 5.7317549e-001
 5.7324487e-001
 5.7334101e-001
 5.7323617e-001
 5.7305831e-001
 5.7297319e-001
 5.7291019e-001
 5.7283187e-001
 5.7275122e-001
 5.7270396e-001
 5.7272369e-001
 5.7278162e-001
 5.7288009e-001
 5.7295662e-001
 5.7298386e-001
 5.7300436e-001
 5.7303447e-001
 5.7306480e-001
 5.7312220e-001
 5.7319748e-001
 5.7320815e-001
 5.7320625e-001
 5.7319838e-001
 5.7315743e-001
 5.7316482e-001
 5.7319975e-001
 5.7330376e-001
 5.7342458e-001
 5.7348639e-001
 5.7349735e-001
 5.7343346e-001
 5.7329601e-001
 5.7321084e-001
 5.7319152e-001
 5.7318527e-001
 5.7337564e-001
 5.7353657e-001
 5.7366639e-001
 5.7379055e-001
 5.7374102e-001
 5.7366675e-001
 5.7355917e-001
 5.7341534e-001
 5.7328564e-001
 5.7313341e-001
 5.7296234e-001
 5.7279533e-001
 5.7266790e-001
 5.7256049e-001
 5.7251227e-001
 5.7249767e-001
 5.7245588e-001
 5.7235241e-001
 5.7223761e-001
 5.7216519e-001
 5.7208031e-001
 5.7191586e-001
 5.7174981e-001
 5.7159460e-001
 5.7144505e-001
 5.7123160e-001
 5.7101852e-001
 5.7104480e-001
 5.7108772e-001
 5.7102823e-001
 5.7096118e-001
 5.7088065e-001
 5.7076949e-001
 5.7073116e-001
 5.7072479e-001
 5.7072657e-001
 5.7073355e-001
 5.7071912e-001
 5.7070994e-001
 5.7068467e-001
 5.7060939e-001
 5.7051504e-001
 5.7040954e-001
 5.7032341e-001
 5.7030869e-001
 5.7028347e-001
 5.7019711e-001
 5.7012713e-001
 5.7009000e-001
 5.7001978e-001
 5.6995642e-001
 5.6991333e-001
 5.6994832e-001
 5.6994486e-001
 5.6964183e-001
 5.6930840e-001
 5.6910461e-001
 5.6891191e-001
 5.6874269e-001
 5.6862336e-001
 5.6848449e-001
 5.6832528e-001
 5.6811452e-001
 5.6786436e-001
 5.6773359e-001
 5.6767565e-001
 5.6758165e-001
 5.6744337e-001
 5.6732047e-001
 5.6724244e-001
 5.6718528e-001
 5.6719822e-001
 5.6723458e-001
 5.6726605e-001
 5.6730449e-001
 5.6737536e-001
 5.6745929e-001
 5.6760716e-001
 5.6773782e-001
 5.6773949e-001
 5.6774038e-001
 5.6763697e-001
 5.6748956e-001
 5.6723124e-001
 5.6696761e-001
 5.6673092e-001
 5.6651604e-001
 5.6645405e-001
 5.6640607e-001
 5.6646472e-001
 5.6656027e-001
 5.6659585e-001
 5.6661761e-001
 5.6646556e-001
 5.6623238e-001
 5.6605965e-001
 5.6590724e-001
 5.6567580e-001
 5.6539476e-001
 5.6510431e-001
 5.6482029e-001
 5.6456208e-001
 5.6431699e-001
 5.6410891e-001
 5.6397218e-001
 5.6381291e-001
 5.6359571e-001
 5.6342077e-001
 5.6333083e-001
 5.6320608e-001
 5.6305116e-001
 5.6289744e-001
 5.6274766e-001
 5.6257999e-001
 5.6220287e-001
 5.6182313e-001
 5.6175625e-001
 5.6167835e-001
 5.6151664e-001
 5.6135917e-001
 5.6132084e-001
 5.6127685e-001
 5.6122601e-001
 5.6118566e-001
 5.6122577e-001
 5.6127989e-001
 5.6140292e-001
 5.6149518e-001
 5.6154716e-001
 5.6159425e-001
 5.6170928e-001
 5.6186038e-001
 5.6218898e-001
 5.6259912e-001
 5.6314963e-001
 5.6374758e-001
 5.6413674e-001
 5.6442058e-001
 5.6475347e-001
 5.6515306e-001
 5.6569678e-001
 5.6633717e-001
 5.6682378e-001
 5.6718212e-001
 5.6758499e-001
 5.6804544e-001
 5.6853700e-001
 5.6903774e-001
 5.6943130e-001
 5.6969702e-001
 5.6995171e-001
 5.7019097e-001
 5.7035112e-001
 5.7034206e-001
 5.7039917e-001
 5.7062966e-001
 5.7081449e-001
 5.7085824e-001
 5.7083929e-001
 5.7061356e-001
 5.7044446e-001
 5.7050049e-001
 5.7051730e-001
 5.7041860e-001
 5.7033056e-001
 5.7035148e-001
 5.7033116e-001
 5.7003480e-001
 5.6978512e-001
 5.6973052e-001
 5.6971836e-001
 5.7006258e-001
 5.7038051e-001
 5.7025915e-001
 5.7016903e-001
 5.7028437e-001
 5.7035118e-001
 5.6977439e-001
 5.6919950e-001
 5.6898123e-001
 5.6877345e-001
 5.6876749e-001
 5.6875283e-001
 5.6857878e-001
 5.6842250e-001
 5.6847459e-001
 5.6853694e-001
 5.6837022e-001
 5.6817031e-001
 5.6825775e-001
 5.6836832e-001
 5.6834054e-001
 5.6829971e-001
 5.6805676e-001
 5.6778574e-001
 5.6814438e-001
 5.6858450e-001
 5.6892860e-001
 5.6926101e-001
 5.6917727e-001
 5.6904697e-001
 5.6896573e-001
 5.6892049e-001
 5.6889814e-001
 5.6887543e-001
 5.6894273e-001
 5.6905413e-001
 5.6912643e-001
 5.6910390e-001
 5.6878704e-001
 5.6845689e-001
 5.6847519e-001
 5.6857675e-001
 5.6817663e-001
 5.6764716e-001
 5.6718141e-001
 5.6666249e-001
 5.6657231e-001
 5.6662261e-001
 5.6642592e-001
 5.6621277e-001
 5.6607020e-001
 5.6592214e-001
 5.6551474e-001
 5.6497335e-001
 5.6435907e-001
 5.6374449e-001
 5.6326002e-001
 5.6291211e-001
 5.6320912e-001
 5.6352699e-001
 5.6351388e-001
 5.6348294e-001
 5.6319326e-001
 5.6291151e-001
 5.6277335e-001
 5.6262827e-001
 5.6297106e-001
 5.6330377e-001
 5.6324899e-001
 5.6316137e-001
 5.6282157e-001
 5.6240904e-001
 5.6246549e-001
 5.6271178e-001
 5.6286085e-001
 5.6298709e-001
 5.6254554e-001
 5.6188172e-001
 5.6175643e-001
 5.6189042e-001
 5.6217408e-001
 5.6239206e-001
 5.6206149e-001
 5.6161553e-001
 5.6202489e-001
 5.6257111e-001
 5.6235749e-001
 5.6200093e-001
 5.6163031e-001
 5.6138450e-001
 5.6096536e-001
 5.6033915e-001
 5.5955762e-001
 5.5886376e-001
 5.5795467e-001
 5.5709672e-001
 5.5810452e-001
 5.5918223e-001
 5.5831933e-001
 5.5719829e-001
 5.5700868e-001
 5.5687129e-001
 5.5632275e-001
 5.5593610e-001
 5.5694157e-001
 5.5778706e-001
 5.5771488e-001
 5.5788803e-001
 5.5731213e-001
 5.5615073e-001
 5.5561829e-001
 5.5545115e-001
 5.5565488e-001
 5.5598420e-001
 5.5550969e-001
 5.5553901e-001
 5.5677330e-001
 5.5706900e-001
 5.5551082e-001
 5.5446446e-001
 5.5553532e-001
 5.5763263e-001
 5.5941367e-001
 5.5995309e-001
 5.6017870e-001
 5.5963349e-001
 5.5802727e-001
