 splib07a Record=9035: Pyrite S29-4                  BECKc AREF
-1.2300000e+034
-1.2300000e+034
-1.2300000e+034
-1.2300000e+034
-1.2300000e+034
-1.2300000e+034
 2.1592490e-002
 2.0805305e-002
 2.4941675e-002
 2.4116606e-002
 2.3217320e-002
 2.4615070e-002
 2.4698863e-002
 2.8759690e-002
 3.0874999e-002
 2.7690168e-002
 2.6953151e-002
 2.7964298e-002
 2.7359486e-002
 2.7755035e-002
 2.9351091e-002
 3.0221896e-002
 3.2184444e-002
 3.2458536e-002
 3.3621360e-002
 3.3137828e-002
 3.4060687e-002
 3.5373401e-002
 3.4920104e-002
 3.6110085e-002
 3.3372853e-002
 3.7417881e-002
 3.7610054e-002
 3.7974883e-002
 3.7737355e-002
 3.8038261e-002
 3.7135363e-002
 3.7959535e-002
 3.7871618e-002
 3.7506483e-002
 3.8105801e-002
 3.7413787e-002
 3.7155043e-002
 3.7890237e-002
 3.6934342e-002
 3.7832275e-002
 3.8908228e-002
 3.7346344e-002
 3.8909987e-002
 3.7593070e-002
 3.7592679e-002
 3.8481545e-002
 3.8052771e-002
 3.8703289e-002
 3.9007328e-002
 3.8237888e-002
 3.8512234e-002
 3.9357807e-002
 3.9159689e-002
 4.0031653e-002
 3.9783552e-002
 4.0147044e-002
 4.0617470e-002
 4.1120809e-002
 4.0850986e-002
 4.1610584e-002
 4.2392801e-002
 4.2233158e-002
 4.3245133e-002
 4.2901304e-002
 4.3420024e-002
 4.3026328e-002
 4.3446779e-002
 4.2994007e-002
 4.3003716e-002
 4.4175398e-002
 4.5097526e-002
 4.5045521e-002
 4.6825323e-002
 4.6228558e-002
 4.6405494e-002
 4.7481786e-002
 4.6883155e-002
 4.7870487e-002
 4.7543384e-002
 4.7897384e-002
 4.7866911e-002
 4.9157955e-002
 4.8333671e-002
 4.9195737e-002
 4.9538147e-002
 4.9467418e-002
 5.0638057e-002
 5.0043825e-002
 5.0250620e-002
 5.0453097e-002
 5.1214788e-002
 5.0766498e-002
 5.1359832e-002
 5.0810978e-002
 5.1535551e-002
 5.1659029e-002
 5.2474301e-002
 5.2044448e-002
 5.2210189e-002
 5.1592585e-002
 5.2866597e-002
 5.2669041e-002
 5.3090770e-002
 5.2829660e-002
 5.2976020e-002
 5.2558433e-002
 5.2651692e-002
 5.3180657e-002
 5.3350754e-002
 5.3467482e-002
 5.4256931e-002
 5.3043183e-002
 5.3681895e-002
 5.3309079e-002
 5.3944089e-002
 5.4662943e-002
 5.4175820e-002
 5.3778104e-002
 5.4048043e-002
 5.4874968e-002
 5.4093510e-002
 5.4522559e-002
 5.4355130e-002
 5.4802578e-002
 5.5080872e-002
 5.4981310e-002
 5.4555614e-002
 5.4894537e-002
 5.4225504e-002
 5.5299137e-002
 5.5272859e-002
 5.5664595e-002
 5.4901045e-002
 5.5405200e-002
 5.5414166e-002
 5.4906838e-002
 5.4663170e-002
 5.6345835e-002
 5.4205194e-002
 5.5921745e-002
 5.4997519e-002
 5.5541605e-002
 5.4945812e-002
 5.4849613e-002
 5.5376083e-002
 5.5110067e-002
 5.5298086e-002
 5.5296060e-002
 5.4991405e-002
 5.5305235e-002
 5.4719687e-002
 5.5217657e-002
 5.4875944e-002
 5.4743491e-002
 5.5524670e-002
 5.5981267e-002
 5.5441722e-002
 5.4754831e-002
 5.5351898e-002
 5.5217400e-002
 5.6403458e-002
 5.5368453e-002
 5.5688154e-002
 5.4889034e-002
 5.5669423e-002
 5.6902889e-002
 5.5435985e-002
 5.6251932e-002
 5.7141185e-002
 5.6429226e-002
 5.6660052e-002
 5.6684054e-002
 5.6670994e-002
 5.6842536e-002
 5.6886062e-002
 5.6737196e-002
 5.7170894e-002
 5.6749046e-002
 5.7502780e-002
 5.6961097e-002
 5.8184065e-002
 5.6803405e-002
 5.6763645e-002
 5.7333857e-002
 5.8022130e-002
 5.7113759e-002
 5.8216833e-002
 5.7478603e-002
 5.7726670e-002
 5.7637963e-002
 5.9297405e-002
 5.8031399e-002
 5.8204159e-002
 5.7874262e-002
 5.8057457e-002
 5.7762012e-002
 5.8179099e-002
 5.8310978e-002
 5.8134481e-002
 5.8727860e-002
 5.7735499e-002
 5.8317602e-002
 5.7733823e-002
 5.7624280e-002
 5.8258157e-002
 5.8473211e-002
 5.7887021e-002
 5.7413414e-002
 5.8474947e-002
 5.7219829e-002
 5.7493985e-002
 5.6957722e-002
 5.7658486e-002
 5.6989826e-002
 5.6989551e-002
 5.7503257e-002
 5.6898747e-002
 5.7546716e-002
 5.6382079e-002
 5.6766175e-002
 5.6545611e-002
 5.6801908e-002
 5.6208670e-002
 5.6326065e-002
 5.5760104e-002
 5.6467228e-002
 5.6162171e-002
 5.6017432e-002
 5.6152094e-002
 5.5242568e-002
 5.5636160e-002
 5.4765794e-002
 5.5046584e-002
 5.5840250e-002
 5.5464879e-002
 5.4225817e-002
 5.5329211e-002
 5.4328173e-002
 5.5658385e-002
 5.6506190e-002
 5.3077914e-002
 5.5225212e-002
 5.3143382e-002
 5.6444701e-002
 5.3994369e-002
 5.5724092e-002
 5.4609623e-002
 5.6959208e-002
 5.5696763e-002
 5.5765383e-002
 5.4427505e-002
 5.6794621e-002
 5.6271836e-002
 5.4492351e-002
 5.5491645e-002
 5.6742888e-002
 5.8413059e-002
 5.6325600e-002
 5.8061600e-002
 5.6534011e-002
 5.6774709e-002
 5.8102317e-002
 6.1322097e-002
 5.8565944e-002
 6.0361184e-002
 6.0101915e-002
 6.0110029e-002
 6.2300831e-002
 6.0839821e-002
 6.2416952e-002
 6.2652178e-002
 6.4000450e-002
 6.3457340e-002
 6.5344669e-002
 6.4981982e-002
 6.5803148e-002
 6.6869900e-002
 6.6908240e-002
 6.8045929e-002
 6.7781262e-002
 6.8190277e-002
 6.9143377e-002
 6.9282569e-002
 7.0632786e-002
 7.1311109e-002
 7.1231879e-002
 7.1597427e-002
 7.4299581e-002
 7.3874041e-002
 7.4139990e-002
 7.5414434e-002
 7.7297755e-002
 7.8246303e-002
 7.7993840e-002
 7.8891814e-002
 7.9955399e-002
 8.1178419e-002
 8.1182390e-002
 8.3076261e-002
 8.3564214e-002
 8.5081212e-002
 8.5653231e-002
 8.7255865e-002
 8.7690488e-002
 8.9697890e-002
 8.9178048e-002
 9.0382315e-002
 9.1382697e-002
 9.2513651e-002
 9.4453305e-002
 9.3310401e-002
 9.5452018e-002
 9.4682798e-002
 9.7588532e-002
 9.8024286e-002
 9.9050067e-002
 1.0026901e-001
 1.0005435e-001
 1.0180993e-001
 1.0261616e-001
 1.0266871e-001
 1.0429678e-001
 1.0417663e-001
 1.0696522e-001
 1.0617846e-001
 1.0613289e-001
 1.1016889e-001
 1.1189663e-001
 1.1252147e-001
 1.1300115e-001
 1.1256839e-001
 1.1550217e-001
 1.1619215e-001
 1.1641237e-001
 1.1809213e-001
 1.1856134e-001
 1.2021658e-001
 1.2008190e-001
 1.2200291e-001
 1.2222433e-001
 1.2437656e-001
 1.2555914e-001
 1.2495089e-001
 1.2754659e-001
 1.2813479e-001
 1.2922888e-001
 1.2986043e-001
 1.3042824e-001
 1.3151169e-001
 1.3178653e-001
 1.3358007e-001
 1.3232525e-001
 1.3610557e-001
 1.3633528e-001
 1.3696535e-001
 1.3893370e-001
 1.3835001e-001
 1.4049922e-001
 1.3985048e-001
 1.4080347e-001
 1.4206633e-001
 1.4397512e-001
 1.4590314e-001
 1.4534238e-001
 1.4626925e-001
 1.4673927e-001
 1.4791448e-001
 1.4901455e-001
 1.4908558e-001
 1.5030730e-001
 1.5148847e-001
 1.5139781e-001
 1.5291326e-001
 1.5321115e-001
 1.5282367e-001
 1.5454510e-001
 1.5400481e-001
 1.5523745e-001
 1.5308397e-001
 1.5597276e-001
 1.5557052e-001
 1.5703231e-001
 1.5747158e-001
 1.5777901e-001
 1.5615705e-001
 1.5730526e-001
 1.5818135e-001
 1.5640874e-001
 1.5740909e-001
 1.6025779e-001
 1.5825249e-001
 1.5932338e-001
 1.5827255e-001
 1.6034786e-001
 1.6176496e-001
 1.5951745e-001
 1.6001658e-001
 1.5949836e-001
 1.5995120e-001
 1.6196188e-001
 1.6104886e-001
 1.6016813e-001
 1.5849617e-001
 1.5894033e-001
 1.5963370e-001
 1.5883301e-001
 1.5964335e-001
 1.5698229e-001
 1.5842496e-001
 1.5994781e-001
 1.5718396e-001
 1.5822373e-001
 1.5823200e-001
 1.5834263e-001
 1.5950228e-001
 1.5872100e-001
 1.5871701e-001
 1.6083576e-001
 1.5762819e-001
 1.5727244e-001
 1.5852852e-001
 1.5916142e-001
 1.5958551e-001
 1.6133176e-001
 1.6208549e-001
 1.6222322e-001
 1.6322403e-001
 1.6140819e-001
 1.6510522e-001
 1.6547942e-001
 1.6005789e-001
 1.6537586e-001
 1.6489647e-001
 1.6633904e-001
 1.6582878e-001
 1.6534686e-001
 1.6574652e-001
 1.6592731e-001
 1.6626884e-001
 1.6471049e-001
 1.6623580e-001
 1.6737019e-001
 1.6847414e-001
 1.6639738e-001
 1.6827473e-001
 1.6824047e-001
 1.7141090e-001
 1.6893983e-001
 1.6747704e-001
 1.6916107e-001
 1.7076877e-001
 1.6749486e-001
 1.7438820e-001
 1.6961581e-001
 1.7215005e-001
 1.7347853e-001
 1.7317803e-001
 1.7366958e-001
 1.7416972e-001
 1.7345791e-001
 1.7229187e-001
 1.7373025e-001
 1.7699319e-001
 1.7095198e-001
 1.7315026e-001
 1.7443654e-001
 1.4219885e-001
 1.4933714e-001
 1.2366459e-001
 1.1554129e-001
 1.0622305e-001
 9.2327356e-002
 6.6919766e-002
 6.5006025e-002
