 splib07a Record=8518: Pectolite NMNH94865.b         BECKb AREF
-1.2300000e+034
-1.2300000e+034
 2.0483769e-001
 2.0710303e-001
 2.1219064e-001
 2.1725085e-001
 2.2463697e-001
 2.2771026e-001
 2.2978881e-001
 2.3048894e-001
 2.3410363e-001
 2.3711242e-001
 2.3998217e-001
 2.4540377e-001
 2.5216025e-001
 2.5946915e-001
 2.6776654e-001
 2.7529642e-001
 2.8310120e-001
 2.9323134e-001
 3.0205905e-001
 3.1195772e-001
 3.2360837e-001
 3.3651972e-001
 3.5170305e-001
 3.6656916e-001
 3.8509008e-001
 4.0127799e-001
 4.1854158e-001
 4.3805516e-001
 4.5568413e-001
 4.7632432e-001
 4.9198982e-001
 5.0834012e-001
 5.2056593e-001
 5.3502780e-001
 5.4616189e-001
 5.5732644e-001
 5.7017261e-001
 5.8029753e-001
 5.8669603e-001
 5.9406012e-001
 6.0376054e-001
 6.0630268e-001
 6.1264658e-001
 6.1783808e-001
 6.2093818e-001
 6.2783962e-001
 6.3335633e-001
 6.3563150e-001
 6.4127403e-001
 6.4361209e-001
 6.4859366e-001
 6.5003932e-001
 6.5380746e-001
 6.5466446e-001
 6.5979666e-001
 6.6367960e-001
 6.6724992e-001
 6.7036873e-001
 6.7392057e-001
 6.7631418e-001
 6.7945254e-001
 6.8123233e-001
 6.8365437e-001
 6.8740350e-001
 6.8918812e-001
 6.9097960e-001
 6.9346851e-001
 6.9658184e-001
 6.9678944e-001
 7.0027202e-001
 7.0133936e-001
 7.0065141e-001
 7.0140165e-001
 7.0326781e-001
 7.0363510e-001
 7.0610565e-001
 7.0597231e-001
 7.0766878e-001
 7.0767653e-001
 7.0936829e-001
 7.1077669e-001
 7.1038163e-001
 7.1252108e-001
 7.1301931e-001
 7.1545738e-001
 7.1547812e-001
 7.1666878e-001
 7.1676481e-001
 7.1911281e-001
 7.2028995e-001
 7.2087467e-001
 7.2153133e-001
 7.2280133e-001
 7.2313672e-001
 7.2384953e-001
 7.2571462e-001
 7.2757763e-001
 7.2690606e-001
 7.2668803e-001
 7.2931510e-001
 7.2932333e-001
 7.2914565e-001
 7.3243904e-001
 7.3221648e-001
 7.3407412e-001
 7.3340738e-001
 7.3389661e-001
 7.3734099e-001
 7.3765498e-001
 7.3882514e-001
 7.4070072e-001
 7.4004453e-001
 7.4144942e-001
 7.4135250e-001
 7.4190092e-001
 7.4194777e-001
 7.4203891e-001
 7.4277198e-001
 7.4413347e-001
 7.4429029e-001
 7.4413764e-001
 7.4430633e-001
 7.4355561e-001
 7.4581367e-001
 7.4635768e-001
 7.4657726e-001
 7.4635679e-001
 7.4908537e-001
 7.4890190e-001
 7.4943256e-001
 7.5048149e-001
 7.5084144e-001
 7.5204158e-001
 7.5327897e-001
 7.5395292e-001
 7.5327915e-001
 7.5244647e-001
 7.5398433e-001
 7.5400525e-001
 7.5531924e-001
 7.5343251e-001
 7.5618035e-001
 7.5291598e-001
 7.5502199e-001
 7.5569540e-001
 7.5402772e-001
 7.5549781e-001
 7.5412726e-001
 7.5481850e-001
 7.5555760e-001
 7.5524050e-001
 7.5567353e-001
 7.5584805e-001
 7.5584972e-001
 7.5597966e-001
 7.5722557e-001
 7.5713706e-001
 7.5674516e-001
 7.5794864e-001
 7.5857109e-001
 7.5839168e-001
 7.5977635e-001
 7.5736660e-001
 7.5861436e-001
 7.5928038e-001
 7.6064903e-001
 7.5967401e-001
 7.6238686e-001
 7.6150119e-001
 7.6010543e-001
 7.6137114e-001
 7.6136094e-001
 7.6134592e-001
 7.6257479e-001
 7.6309037e-001
 7.6308537e-001
 7.6307392e-001
 7.6432663e-001
 7.6550615e-001
 7.6280278e-001
 7.6280278e-001
 7.6461852e-001
 7.6575136e-001
 7.6559412e-001
 7.6740414e-001
 7.6650214e-001
 7.6616222e-001
 7.6720774e-001
 7.6759470e-001
 7.6744735e-001
 7.6872969e-001
 7.6989186e-001
 7.6907212e-001
 7.7029330e-001
 7.7207214e-001
 7.7176076e-001
 7.7036190e-001
 7.7021503e-001
 7.7325070e-001
 7.7057761e-001
 7.7113056e-001
 7.7136910e-001
 7.7188468e-001
 7.7173483e-001
 7.7267629e-001
 7.7389950e-001
 7.7380228e-001
 7.7556998e-001
 7.7329439e-001
 7.7395207e-001
 7.7238834e-001
 7.7348894e-001
 7.7464163e-001
 7.7660853e-001
 7.7790058e-001
 7.7556342e-001
 7.7599221e-001
 7.7655834e-001
 7.7621531e-001
 7.7675474e-001
 7.7846563e-001
 7.7701461e-001
 7.7938288e-001
 7.8055722e-001
 7.8040081e-001
 7.7793169e-001
 7.7974129e-001
 7.7943659e-001
 7.8024739e-001
 7.7937603e-001
 7.8184831e-001
 7.8045201e-001
 7.8143460e-001
 7.8081042e-001
 7.8093112e-001
 7.7815819e-001
 7.7737528e-001
 7.7644008e-001
 7.7899700e-001
 7.8396809e-001
 7.7970630e-001
 7.7780116e-001
 7.8209394e-001
 7.8008586e-001
 7.7539331e-001
 7.7610016e-001
 7.8040129e-001
 7.7708989e-001
 7.7540928e-001
 7.8103566e-001
 7.7559984e-001
 7.7560425e-001
 7.7773738e-001
 7.7842236e-001
 7.7666712e-001
 7.7578998e-001
 7.7711260e-001
 7.7634209e-001
 7.7601278e-001
 7.7846587e-001
 7.7604675e-001
 7.7690864e-001
 7.7825940e-001
 7.7733123e-001
 7.7887219e-001
 7.7790678e-001
 7.7781105e-001
 7.7917153e-001
 7.7747375e-001
 7.7766711e-001
 7.7686399e-001
 7.7817893e-001
 7.7639681e-001
 7.7873254e-001
 7.7635390e-001
 7.7562076e-001
 7.7410978e-001
 7.7530056e-001
 7.7694291e-001
 7.7601373e-001
 7.7644122e-001
 7.7652937e-001
 7.7649641e-001
 7.7898717e-001
 7.7675867e-001
 7.7570432e-001
 7.7593952e-001
 7.7921379e-001
 7.7732575e-001
 7.7710915e-001
 7.7585036e-001
 7.7673173e-001
 7.7819800e-001
 7.7871674e-001
 7.7771401e-001
 7.7874601e-001
 7.7822065e-001
 7.7860856e-001
 7.8032482e-001
 7.7981579e-001
 7.7973878e-001
 7.8032714e-001
 7.7958733e-001
 7.8263056e-001
 7.8255129e-001
 7.8151846e-001
 7.8260732e-001
 7.8429788e-001
 7.8319174e-001
 7.8594071e-001
 7.8487718e-001
 7.8586853e-001
 7.8412116e-001
 7.8544712e-001
 7.8677553e-001
 7.8763443e-001
 7.8590083e-001
 7.8861099e-001
 7.8710252e-001
 7.8922808e-001
 7.8678650e-001
 7.8746694e-001
 7.8891999e-001
 7.8959852e-001
 7.8696036e-001
 7.8951573e-001
 7.8916031e-001
 7.8768092e-001
 7.8909087e-001
 7.8607148e-001
 7.8886467e-001
 7.8906411e-001
 7.9135436e-001
 7.8742760e-001
 7.8893507e-001
 7.8686118e-001
 7.9071003e-001
 7.8989071e-001
 7.8776264e-001
 7.8743273e-001
 7.8914809e-001
 7.8693759e-001
 7.8658754e-001
 7.8938377e-001
 7.8727674e-001
 7.8664273e-001
 7.8874660e-001
 7.8653586e-001
 7.8684878e-001
 7.8514701e-001
 7.8489071e-001
 7.8275067e-001
 7.8293085e-001
 7.8281558e-001
 7.7974325e-001
 7.8189027e-001
 7.7990556e-001
 7.7903324e-001
 7.7835298e-001
 7.7820200e-001
 7.7958572e-001
 7.7672881e-001
 7.7463961e-001
 7.7350420e-001
 7.7141440e-001
 7.7138686e-001
 7.7071971e-001
 7.6931673e-001
 7.6690847e-001
 7.6509696e-001
 7.6314157e-001
 7.5968111e-001
 7.5762075e-001
 7.5545996e-001
 7.5401676e-001
 7.4895865e-001
 7.4726242e-001
 7.4384016e-001
 7.4234134e-001
 7.3837030e-001
 7.3763841e-001
 7.3246342e-001
 7.2833961e-001
 7.2124934e-001
 7.1957654e-001
 7.1662831e-001
 7.0755786e-001
 7.0643228e-001
 7.0161355e-001
 6.9523817e-001
 6.9199598e-001
 6.9042581e-001
 6.8716532e-001
 6.8214500e-001
 6.7574978e-001
 6.7097604e-001
 6.6679239e-001
 6.6779721e-001
 6.6504228e-001
 6.5765142e-001
 6.5268528e-001
 6.4573282e-001
 6.4162230e-001
 6.3787788e-001
 6.2881374e-001
 6.2225038e-001
 6.1592638e-001
 6.0893470e-001
 5.9898525e-001
 5.9451658e-001
 5.8452284e-001
 5.7860053e-001
 5.7289326e-001
 5.6685805e-001
 5.5793536e-001
 5.5194712e-001
 5.4864931e-001
 5.4035896e-001
 5.3748077e-001
 5.3209835e-001
 5.2386290e-001
 5.1931685e-001
 5.1591903e-001
 5.1140517e-001
 5.0350910e-001
 4.9498275e-001
 4.8864907e-001
 4.8410675e-001
 4.7480980e-001
 4.7258332e-001
 4.6398699e-001
 4.5792797e-001
 4.5382234e-001
 4.4646826e-001
 4.3751484e-001
 4.3234342e-001
 4.2523566e-001
 4.1773349e-001
 4.1352150e-001
 4.0700302e-001
 4.0172428e-001
 3.9842227e-001
 3.9157957e-001
 3.8412479e-001
 3.7848994e-001
 3.7540129e-001
 3.7146893e-001
 3.6469495e-001
 3.6634922e-001
 3.6243901e-001
 3.5317531e-001
 3.5448244e-001
 3.5103130e-001
 3.5011911e-001
 3.4608164e-001
 3.3920741e-001
 3.3976707e-001
 3.3566859e-001
 3.3431524e-001
 3.3079022e-001
 3.2497728e-001
 3.2284379e-001
 3.1819856e-001
 3.1351623e-001
 3.0620837e-001
 2.9767182e-001
 2.8597024e-001
 2.7792794e-001
 2.6566544e-001
 2.5307781e-001
 2.3882623e-001
 2.3310459e-001
 2.2863939e-001
 2.2736868e-001
 2.1731108e-001
 2.1796587e-001
 2.0770210e-001
 2.1317199e-001
