 splib07a Record=419: Albite NMNHC5390 74-250um     BECKb AREF
-1.2300000e+034
-1.2300000e+034
-1.2300000e+034
-1.2300000e+034
-1.2300000e+034
-1.2300000e+034
-1.2300000e+034
-1.2300000e+034
-1.2300000e+034
-1.2300000e+034
-1.2300000e+034
 4.6055323e-001
 4.9982101e-001
 5.3381532e-001
 5.6774461e-001
 5.9719443e-001
 6.2638116e-001
 6.4336032e-001
 6.5639365e-001
 6.7533201e-001
 6.8280160e-001
 6.9140500e-001
 6.9737250e-001
 7.0543879e-001
 7.1359962e-001
 7.1784145e-001
 7.2328609e-001
 7.3185533e-001
 7.3612243e-001
 7.4209374e-001
 7.4599528e-001
 7.3779213e-001
 7.4187613e-001
 7.4682993e-001
 7.5016868e-001
 7.5379533e-001
 7.5512737e-001
 7.5738549e-001
 7.6054853e-001
 7.6291561e-001
 7.6337874e-001
 7.6922661e-001
 7.7008325e-001
 7.7330649e-001
 7.7369469e-001
 7.7679402e-001
 7.7856523e-001
 7.8066653e-001
 7.8078228e-001
 7.8268337e-001
 7.8471291e-001
 7.8105080e-001
 7.8179705e-001
 7.8174090e-001
 7.8115290e-001
 7.8879750e-001
 7.8778058e-001
 7.9092395e-001
 7.9081166e-001
 7.9348630e-001
 7.9471654e-001
 7.9711854e-001
 7.9749388e-001
 8.0139464e-001
 7.9987282e-001
 8.0376804e-001
 8.0232447e-001
 8.0532140e-001
 8.0846602e-001
 8.0856711e-001
 8.1170738e-001
 8.1172401e-001
 8.1243724e-001
 8.1300795e-001
 8.1346256e-001
 8.1611365e-001
 8.1670094e-001
 8.1787342e-001
 8.1792599e-001
 8.1851196e-001
 8.1847012e-001
 8.2033145e-001
 8.2216793e-001
 8.2087851e-001
 8.2216573e-001
 8.2280546e-001
 8.2482409e-001
 8.2475603e-001
 8.2559967e-001
 8.2748067e-001
 8.2822204e-001
 8.2885754e-001
 8.2935584e-001
 8.2929569e-001
 8.3055949e-001
 8.2990748e-001
 8.3191806e-001
 8.3194888e-001
 8.3253402e-001
 8.3246213e-001
 8.3369160e-001
 8.3291721e-001
 8.3360642e-001
 8.3421272e-001
 8.3292323e-001
 8.3407927e-001
 8.3343005e-001
 8.3469558e-001
 8.3525825e-001
 8.3456349e-001
 8.3386368e-001
 8.3512735e-001
 8.3432847e-001
 8.3491319e-001
 8.3498788e-001
 8.3489209e-001
 8.3264577e-001
 8.3486819e-001
 8.3541441e-001
 8.3415633e-001
 8.3413702e-001
 8.3357847e-001
 8.3427423e-001
 8.3434623e-001
 8.3227825e-001
 8.3155608e-001
 8.3154309e-001
 8.3215314e-001
 8.3413434e-001
 8.3341873e-001
 8.3342856e-001
 8.3271956e-001
 8.3251727e-001
 8.3241022e-001
 8.3161145e-001
 8.3278126e-001
 8.3219957e-001
 8.3349013e-001
 8.3209473e-001
 8.3283269e-001
 8.3271623e-001
 8.3222902e-001
 8.3084154e-001
 8.3153725e-001
 8.2942218e-001
 8.3092546e-001
 8.2963002e-001
 8.2978493e-001
 8.2975584e-001
 8.2835197e-001
 8.2918829e-001
 8.2848823e-001
 8.2917774e-001
 8.2918143e-001
 8.2917696e-001
 8.2862288e-001
 8.2871568e-001
 8.2929742e-001
 8.2801789e-001
 8.2874519e-001
 8.2733613e-001
 8.2869911e-001
 8.2997864e-001
 8.2660329e-001
 8.2660848e-001
 8.2870591e-001
 8.2789701e-001
 8.3057648e-001
 8.2988071e-001
 8.3068407e-001
 8.3056384e-001
 8.3112204e-001
 8.3114439e-001
 8.3184379e-001
 8.3184212e-001
 8.3312654e-001
 8.3370268e-001
 8.3371937e-001
 8.3310980e-001
 8.3440542e-001
 8.3570260e-001
 8.3500558e-001
 8.3555865e-001
 8.3607501e-001
 8.3739811e-001
 8.3606964e-001
 8.3787131e-001
 8.3723181e-001
 8.3982795e-001
 8.4089464e-001
 8.4150636e-001
 8.4198928e-001
 8.4390992e-001
 8.4060067e-001
 8.4129578e-001
 8.4307432e-001
 8.4166044e-001
 8.4357071e-001
 8.4275752e-001
 8.4408337e-001
 8.4588468e-001
 8.4588259e-001
 8.4434265e-001
 8.4638625e-001
 8.4687769e-001
 8.4820861e-001
 8.4789890e-001
 8.5074294e-001
 8.4848076e-001
 8.4909934e-001
 8.5105222e-001
 8.4877950e-001
 8.5227984e-001
 8.5133713e-001
 8.5196096e-001
 8.5174316e-001
 8.5104179e-001
 8.5092956e-001
 8.4936965e-001
 8.5205346e-001
 8.5050052e-001
 8.5247868e-001
 8.5514748e-001
 8.5432661e-001
 8.5485345e-001
 8.5547948e-001
 8.5726750e-001
 8.5497063e-001
 8.5621709e-001
 8.5527849e-001
 8.5728061e-001
 8.5623503e-001
 8.5444921e-001
 8.5571229e-001
 8.5603201e-001
 8.5563552e-001
 8.5660934e-001
 8.5148567e-001
-1.2300000e+034
-1.2300000e+034
 8.5665172e-001
 8.5717666e-001
 8.5508072e-001
 8.5724550e-001
 8.5944468e-001
 8.6145729e-001
 8.5592771e-001
 8.5421038e-001
 8.5777760e-001
 8.5538268e-001
 8.5360748e-001
 8.5257614e-001
 8.5351944e-001
 8.5255855e-001
 8.5412467e-001
 8.5308850e-001
 8.5302663e-001
 8.5380888e-001
 8.5355848e-001
 8.5199869e-001
 8.5111892e-001
 8.4946108e-001
 8.4937894e-001
 8.4851092e-001
 8.5075390e-001
 8.5070318e-001
 8.4753925e-001
 8.4827036e-001
 8.5127962e-001
 8.4814960e-001
 8.4732527e-001
 8.4817117e-001
 8.4570360e-001
 8.4478468e-001
 8.4696621e-001
 8.4769058e-001
 8.4614652e-001
 8.4850764e-001
 8.4524775e-001
 8.4457111e-001
 8.4607023e-001
 8.4833038e-001
 8.4591937e-001
 8.4739965e-001
 8.4674591e-001
 8.4742856e-001
 8.4647030e-001
 8.4724104e-001
 8.4802115e-001
 8.4781659e-001
 8.4848881e-001
 8.4840071e-001
 8.4897590e-001
 8.4966421e-001
 8.4967464e-001
 8.5423809e-001
 8.5160083e-001
 8.5379279e-001
 8.5457343e-001
 8.5300624e-001
 8.5601246e-001
 8.5608327e-001
 8.5614830e-001
 8.5532576e-001
 8.5536009e-001
 8.5840845e-001
 8.5928679e-001
 8.5754573e-001
 8.5912979e-001
 8.6067581e-001
 8.6043561e-001
 8.5964549e-001
 8.5950422e-001
 8.5943210e-001
 8.6019772e-001
 8.6148596e-001
 8.6212480e-001
 8.6214221e-001
 8.6121947e-001
 8.6330622e-001
 8.6243427e-001
 8.6230087e-001
 8.6385429e-001
 8.6445701e-001
 8.6352646e-001
 8.6492711e-001
 8.6342472e-001
 8.6484313e-001
 8.6319339e-001
 8.6398399e-001
 8.6313355e-001
 8.6470872e-001
 8.6461115e-001
 8.6460310e-001
 8.6379945e-001
 8.6532646e-001
 8.6460429e-001
 8.6143339e-001
 8.6148781e-001
 8.6229181e-001
 8.6143827e-001
 8.5749441e-001
 8.6322457e-001
 8.6163896e-001
 8.6100066e-001
 8.6277413e-001
 8.6029309e-001
 8.6198670e-001
 8.6126226e-001
 8.6277181e-001
 8.6117709e-001
 8.6117053e-001
 8.6203313e-001
 8.5951728e-001
 8.6267859e-001
 8.6837214e-001
 8.6903453e-001
 8.6904037e-001
 8.6398417e-001
 8.6456341e-001
 8.6621284e-001
 8.6704648e-001
 8.6621475e-001
 8.6787248e-001
 8.6687976e-001
 8.6920732e-001
 8.6851984e-001
 8.7095034e-001
 8.7003136e-001
 8.6851746e-001
 8.6842704e-001
 8.6919028e-001
 8.6752117e-001
 8.7071812e-001
 8.6993146e-001
 8.6961204e-001
 8.6872655e-001
 8.7025213e-001
 8.7027335e-001
 8.6754066e-001
 8.6983949e-001
 8.6888176e-001
 8.7190878e-001
 8.7009680e-001
 8.6832350e-001
 8.6907756e-001
 8.6802912e-001
 8.7285775e-001
 8.7106848e-001
 8.7198591e-001
 8.7178773e-001
 8.7167764e-001
 8.7257344e-001
 8.7489629e-001
 8.7334722e-001
 8.7266105e-001
 8.7261951e-001
 8.7037510e-001
 8.7284762e-001
 8.7756050e-001
 8.7243605e-001
 8.7276155e-001
 8.7206894e-001
 8.7211096e-001
 8.7443948e-001
 8.7298191e-001
 8.7480694e-001
 8.7291932e-001
 8.7099648e-001
 8.6690521e-001
 8.6271065e-001
 8.5281146e-001
 8.5105157e-001
 8.5066074e-001
 8.5446316e-001
 8.5195357e-001
 8.5192263e-001
 8.5266072e-001
 8.5907602e-001
 8.6169034e-001
 8.6302072e-001
 8.6511326e-001
 8.6005837e-001
 8.6992747e-001
 8.6768174e-001
 8.6973488e-001
 8.7065309e-001
 8.7136132e-001
 8.7294698e-001
 8.6964208e-001
 8.7505978e-001
 8.7653494e-001
 8.7733185e-001
 8.8377625e-001
 8.7627453e-001
 8.8330436e-001
 8.8380742e-001
 8.7731248e-001
 8.7050891e-001
 8.7417066e-001
 8.7040997e-001
 8.6968166e-001
 8.6990148e-001
 8.6734384e-001
 8.7233460e-001
 8.6869854e-001
 8.6915517e-001
 8.7282318e-001
 8.7241942e-001
 8.7101167e-001
 8.7992936e-001
 8.7654448e-001
 8.7363094e-001
 8.7526208e-001
 8.7587237e-001
 8.8019514e-001
 8.6898899e-001
 8.7530667e-001
 8.7248909e-001
 8.7336051e-001
 8.7132579e-001
 8.6811471e-001
 8.5998738e-001
 8.5354352e-001
 8.5204196e-001
 8.4819883e-001
 8.4280384e-001
 8.4016150e-001
 8.3857834e-001
 8.2693052e-001
 7.9910618e-001
 7.2108096e-001
 5.8713526e-001
 5.2314872e-001
 5.0197661e-001
 4.2343876e-001
 4.5872435e-001
 4.4599468e-001
 4.4761294e-001
 4.5494071e-001
