 splib07a Record=3212: Cookeite CAr-1.c <30um        BECKb AREF
-1.2300000e+034
-1.2300000e+034
-1.2300000e+034
 1.7750508e-001
 1.7885317e-001
 1.8116961e-001
 1.8289572e-001
 1.8693256e-001
 1.9233792e-001
 1.9649708e-001
 2.0096348e-001
 2.0691608e-001
 2.1276355e-001
 2.1703793e-001
 2.2194590e-001
 2.3017140e-001
 2.3618968e-001
 2.4246761e-001
 2.5123888e-001
 2.5382766e-001
 2.5935781e-001
 2.6509041e-001
 2.6743615e-001
 2.7131501e-001
 2.7866486e-001
 2.8081942e-001
 2.8253382e-001
 2.8920290e-001
 2.8932437e-001
 2.9263788e-001
 2.9863828e-001
 3.0142948e-001
 3.0419710e-001
 3.0731097e-001
 3.1045777e-001
 3.1388319e-001
 3.1717870e-001
 3.2177871e-001
 3.2457605e-001
 3.3007720e-001
 3.3838725e-001
 3.4076309e-001
 3.4402791e-001
 3.4931660e-001
 3.5252777e-001
 3.5747939e-001
 3.6560723e-001
 3.6694041e-001
 3.6936748e-001
 3.7420592e-001
 3.7561262e-001
 3.8172188e-001
 3.8535976e-001
 3.8734040e-001
-1.2300000e+034
 3.9741051e-001
 4.0245640e-001
 4.0434837e-001
 4.0903333e-001
 4.1479388e-001
 4.2099416e-001
 4.2547184e-001
 4.3004921e-001
 4.4011974e-001
 4.4530472e-001
 4.5321247e-001
 4.5645016e-001
 4.6298945e-001
 4.6950427e-001
 4.7823566e-001
 4.7517258e-001
 4.7773677e-001
 4.8187578e-001
 4.8079890e-001
 4.8121515e-001
 4.8444819e-001
 4.8430201e-001
 4.8631933e-001
 4.8760930e-001
 4.8663545e-001
 4.9077734e-001
 4.9175546e-001
 4.9425340e-001
 4.9784148e-001
 4.9635035e-001
 5.0223738e-001
 5.0029379e-001
 5.0287092e-001
 5.0605088e-001
 5.1076722e-001
 5.0918400e-001
 5.1204580e-001
 5.1865906e-001
 5.1863724e-001
 5.2433115e-001
 5.2466059e-001
 5.2656388e-001
 5.2969694e-001
 5.3120011e-001
 5.3236806e-001
 5.3939301e-001
 5.4060477e-001
 5.4643238e-001
 5.4760474e-001
 5.4771280e-001
 5.4946762e-001
 5.5261755e-001
 5.5555689e-001
 5.5704129e-001
 5.6012166e-001
 5.6226677e-001
 5.6344551e-001
 5.6800026e-001
 5.6650352e-001
 5.7176399e-001
 5.7354403e-001
 5.7469600e-001
 5.7980359e-001
 5.7819122e-001
 5.8091694e-001
 5.8185107e-001
 5.8195376e-001
 5.8416289e-001
 5.8604872e-001
 5.8604413e-001
 5.8732831e-001
 5.8954459e-001
 5.9116304e-001
 5.9166831e-001
 5.9525877e-001
 5.9509689e-001
 5.9638566e-001
 5.9834492e-001
 6.0048193e-001
 5.9680027e-001
 6.0320020e-001
 6.0294628e-001
 6.0462713e-001
 6.0349053e-001
 6.0524893e-001
 6.0503137e-001
 6.0509735e-001
 6.0370249e-001
 6.1031878e-001
 6.0981178e-001
 6.0987049e-001
 6.0575932e-001
 6.0819823e-001
 6.0907668e-001
 6.0830891e-001
 6.1114341e-001
 6.1034542e-001
 6.1282599e-001
 6.1135948e-001
 6.0797507e-001
 6.1010420e-001
 6.1175239e-001
 6.1268026e-001
 6.1623484e-001
 6.1227816e-001
 6.1031902e-001
 6.1272275e-001
 6.1484987e-001
 6.1461872e-001
 6.1510724e-001
 6.1484843e-001
 6.1379373e-001
 6.1791587e-001
 6.1584967e-001
 6.1649746e-001
 6.1614949e-001
 6.1875498e-001
 6.1602992e-001
 6.1626714e-001
 6.1794662e-001
 6.1544919e-001
 6.2143153e-001
 6.1932886e-001
 6.1773074e-001
 6.2008554e-001
 6.2122041e-001
 6.1917955e-001
 6.2022680e-001
 6.2045193e-001
 6.2137562e-001
 6.2014669e-001
 6.2099725e-001
 6.2491792e-001
 6.2182438e-001
 6.2425309e-001
 6.2406355e-001
 6.2399203e-001
 6.2136281e-001
 6.2755209e-001
 6.2675518e-001
 6.2699300e-001
 6.2688917e-001
 6.2594485e-001
 6.2656963e-001
 6.2675542e-001
 6.2653023e-001
 6.2828088e-001
 6.2887812e-001
 6.2921911e-001
 6.3269705e-001
 6.3237369e-001
 6.2968427e-001
 6.3390744e-001
 6.3224024e-001
 6.3246858e-001
 6.3264012e-001
 6.3226789e-001
 6.3584810e-001
 6.3161808e-001
 6.3267887e-001
 6.3179803e-001
 6.3754916e-001
 6.3504195e-001
 6.3429737e-001
 6.3771999e-001
 6.3650596e-001
 6.3887322e-001
 6.3477111e-001
 6.3758856e-001
 6.3867831e-001
 6.3628173e-001
 6.3879222e-001
 6.3986737e-001
 6.3692886e-001
 6.3897109e-001
 6.3956755e-001
 6.4464092e-001
 6.4019668e-001
 6.4283991e-001
 6.4015836e-001
 6.4435798e-001
 6.4161748e-001
 6.4303261e-001
 6.4393818e-001
-1.2300000e+034
 6.4423454e-001
 6.4015216e-001
 6.4270449e-001
 6.4830410e-001
 6.4068878e-001
 6.4443654e-001
 6.4301097e-001
 6.4703190e-001
 6.4861137e-001
 6.4476186e-001
 6.3831949e-001
 6.4779609e-001
 6.3735521e-001
 6.4632571e-001
 6.4412498e-001
 6.4223373e-001
 6.4124221e-001
 6.4548773e-001
 6.4743465e-001
 6.4152515e-001
 6.4682662e-001
 6.4725953e-001
 6.4648968e-001
 6.4062327e-001
 6.4807326e-001
 6.4522314e-001
 6.4930147e-001
 6.4902151e-001
 6.4913303e-001
 6.4385599e-001
 6.5118355e-001
 6.4565498e-001
 6.5064955e-001
 6.4757538e-001
 6.4533383e-001
 6.4737099e-001
 6.4534009e-001
 6.4774942e-001
 6.5126914e-001
 6.4517432e-001
 6.5111911e-001
 6.5278918e-001
 6.4849633e-001
 6.4989173e-001
 6.4856988e-001
 6.5279877e-001
 6.5245378e-001
 6.5316063e-001
 6.4853382e-001
 6.5315759e-001
 6.5096593e-001
 6.4690495e-001
 6.5113914e-001
 6.4754027e-001
 6.5197897e-001
 6.5233505e-001
 6.5145004e-001
 6.5274751e-001
 6.5597606e-001
 6.5248275e-001
 6.5064281e-001
 6.5746826e-001
 6.5256119e-001
 6.5669817e-001
 6.5140980e-001
 6.5474212e-001
 6.5297103e-001
 6.5677339e-001
 6.5741354e-001
 6.5507239e-001
 6.5328234e-001
 6.5697539e-001
 6.5575796e-001
 6.5555722e-001
 6.5868044e-001
 6.5536761e-001
 6.5325177e-001
 6.5359402e-001
 6.5197027e-001
 6.5729296e-001
 6.5329891e-001
 6.5288866e-001
 6.5683573e-001
 6.5373713e-001
 6.5338624e-001
 6.5670496e-001
 6.5362930e-001
 6.5889609e-001
 6.5460318e-001
 6.5607518e-001
 6.5193391e-001
 6.5042782e-001
 6.4786065e-001
 6.4211524e-001
 6.3274741e-001
 6.2366384e-001
 6.1791891e-001
 6.0997891e-001
 6.0754496e-001
 6.1288399e-001
 6.2413687e-001
 6.4016330e-001
 6.3944048e-001
 6.3811135e-001
 6.3324177e-001
 6.4000517e-001
 6.4371473e-001
 6.4195001e-001
 6.4634556e-001
 6.4591652e-001
 6.4197797e-001
 6.4596134e-001
 6.4297783e-001
 6.4086211e-001
 6.4466596e-001
 6.4264899e-001
 6.4788848e-001
 6.5686148e-001
 6.5670103e-001
 6.5354586e-001
 6.5347475e-001
 6.5462750e-001
 6.5055001e-001
 6.5437144e-001
 6.5426427e-001
 6.4943141e-001
 6.5338892e-001
 6.5298736e-001
 6.5377128e-001
 6.5097994e-001
 6.5181601e-001
 6.4947301e-001
 6.5153509e-001
 6.5286982e-001
 6.5128058e-001
 6.4729244e-001
 6.5154070e-001
 6.4963961e-001
 6.5220904e-001
 6.5459782e-001
 6.5216494e-001
 6.5022367e-001
 6.5662003e-001
 6.5460920e-001
 6.5726370e-001
 6.5081269e-001
 6.5705854e-001
 6.6416365e-001
 6.5655988e-001
 6.6097867e-001
 6.5188473e-001
 6.5966940e-001
 6.5994984e-001
 6.5704584e-001
 6.6138250e-001
 6.5573722e-001
 6.5992236e-001
 6.5615052e-001
 6.5513557e-001
 6.5528345e-001
 6.6106153e-001
 6.5514332e-001
 6.5433472e-001
 6.5467221e-001
 6.4968735e-001
 6.5005386e-001
 6.5487736e-001
 6.5378463e-001
 6.5250659e-001
 6.4762127e-001
 6.4410830e-001
 6.3177466e-001
 6.3447881e-001
 6.3590163e-001
 6.3053089e-001
 6.3328344e-001
 6.2909639e-001
 6.2976396e-001
 6.2881154e-001
 6.2698752e-001
 6.2613255e-001
 6.2803555e-001
 6.3047332e-001
 6.3306016e-001
 6.2943029e-001
 6.3777727e-001
 6.4044225e-001
 6.3697165e-001
 6.3480359e-001
 6.4382756e-001
 6.3970345e-001
 6.4404339e-001
 6.3349068e-001
 6.4548820e-001
 6.4475745e-001
 6.1686045e-001
 6.0605258e-001
 5.7960027e-001
 5.5611211e-001
 5.4229301e-001
 5.5055797e-001
 5.5356681e-001
 5.5674839e-001
 5.6055313e-001
 5.6544447e-001
 5.7351059e-001
 5.7007569e-001
 5.8009166e-001
 5.6845748e-001
 5.8866227e-001
 5.6910527e-001
 5.6609601e-001
 5.5653232e-001
 5.5047005e-001
 5.3571069e-001
 5.2078456e-001
 5.0734782e-001
 5.0576788e-001
 5.0727552e-001
 5.2535731e-001
 5.3294533e-001
 5.2799445e-001
 5.2345210e-001
 5.2312088e-001
 5.1685441e-001
 5.1851261e-001
 5.0089145e-001
 4.7590691e-001
 4.5674160e-001
 4.2762071e-001
 2.4752502e-001
-1.2300000e+034
-1.2300000e+034
-1.2300000e+034
-1.2300000e+034
-1.2300000e+034
-1.2300000e+034
-1.2300000e+034
-1.2300000e+034
-1.2300000e+034
