 splib07a Record=3720: Dolomite HS102.3B             BECKb AREF
-1.2300000e+034
-1.2300000e+034
-1.2300000e+034
 1.8745613e-001
 2.1053742e-001
 2.4672982e-001
 2.7581814e-001
 3.2552886e-001
 3.8108870e-001
 4.2929542e-001
 4.8094004e-001
 5.1259679e-001
 5.3856695e-001
 5.4754233e-001
 5.7069594e-001
 5.7483840e-001
 5.8276826e-001
 5.8435243e-001
 5.9205455e-001
 5.9226620e-001
 5.9234631e-001
 5.9579396e-001
 5.9686714e-001
 6.0558504e-001
 6.1375898e-001
 6.1341256e-001
 6.2231541e-001
 6.2441790e-001
 6.2818259e-001
 6.3867265e-001
 6.4592093e-001
 6.5246904e-001
 6.5924579e-001
 6.6163993e-001
 6.6459042e-001
 6.7312586e-001
 6.7133415e-001
 6.7453974e-001
 6.7765814e-001
 6.7920363e-001
 6.8135911e-001
 6.8033934e-001
 6.8231177e-001
 6.8247384e-001
 6.8433267e-001
 6.8462449e-001
 6.8517798e-001
 6.8767786e-001
 6.8823344e-001
 6.8874085e-001
 6.8760538e-001
 6.9122100e-001
 6.9043845e-001
 6.9141889e-001
 6.9129437e-001
 6.8936777e-001
 6.9133008e-001
 6.9302988e-001
 6.9309384e-001
 6.9234473e-001
 6.9367659e-001
 6.9200236e-001
 6.9497007e-001
 6.9420767e-001
 6.9600874e-001
 6.9462013e-001
 6.9655752e-001
 6.9632274e-001
 6.9629246e-001
 6.9621533e-001
 6.9636220e-001
 6.9631892e-001
 6.9589508e-001
 6.9672787e-001
 6.9795269e-001
 6.9665539e-001
 6.9226325e-001
 6.9759315e-001
 6.9915605e-001
 6.9852090e-001
 6.9762963e-001
 6.9874394e-001
 6.9934559e-001
 6.9934469e-001
 6.9910324e-001
 7.0000678e-001
 6.9815111e-001
 6.9853407e-001
 7.0095021e-001
 6.9925988e-001
 7.0117277e-001
 7.0166361e-001
 7.0178157e-001
 7.0092237e-001
 7.0311660e-001
 7.0127362e-001
 7.0094264e-001
 7.0247555e-001
 7.0215756e-001
 7.0288348e-001
 7.0646739e-001
 7.0403719e-001
 7.0388722e-001
 7.0470369e-001
 7.0453751e-001
 7.0379764e-001
 7.0277238e-001
 7.0458406e-001
 7.0583212e-001
 7.0535403e-001
 7.0639163e-001
 7.0637262e-001
 7.0451599e-001
 7.0688123e-001
 7.0569491e-001
 7.1028000e-001
 7.0579296e-001
 7.0679724e-001
 7.0614004e-001
 7.0911187e-001
 7.0524305e-001
 7.0417714e-001
 7.0921975e-001
 7.0574290e-001
 7.0600688e-001
 7.0571035e-001
 7.0590878e-001
 7.0581347e-001
 7.0628989e-001
 7.0583290e-001
 7.0586157e-001
 7.0976382e-001
 7.0716214e-001
 7.0746982e-001
 7.0694613e-001
 7.0695806e-001
 7.0626479e-001
 7.0822060e-001
 7.0827937e-001
 7.1150726e-001
 7.0926422e-001
 7.0722878e-001
 7.0782954e-001
 7.0743179e-001
 7.0868802e-001
 7.0732069e-001
 7.0847911e-001
 7.0756876e-001
 7.1044987e-001
 7.0503223e-001
 7.0783508e-001
 7.0812023e-001
 7.0700318e-001
 7.0803559e-001
 7.0889902e-001
 7.0875466e-001
 7.0738178e-001
 7.0871741e-001
 7.0885062e-001
 7.0704085e-001
 7.0687985e-001
 7.0832747e-001
 7.0791990e-001
 7.0889306e-001
 7.0928127e-001
 7.0874012e-001
 7.0850265e-001
 7.0860559e-001
 7.0887864e-001
 7.0777225e-001
 7.0969117e-001
 7.0857370e-001
 7.1018243e-001
 7.0985973e-001
 7.0810974e-001
 7.0889336e-001
 7.0932984e-001
 7.0923299e-001
 7.0921439e-001
 7.0888525e-001
 7.1055138e-001
 7.1048439e-001
 7.1153736e-001
 7.1089208e-001
 7.1480846e-001
 7.0911545e-001
 7.1444923e-001
 7.1054119e-001
 7.0564711e-001
 7.1141732e-001
 7.1300530e-001
 7.1326011e-001
 7.1243459e-001
 7.1468103e-001
 7.1101969e-001
 7.1342254e-001
 7.1478206e-001
 7.1312582e-001
 7.1545529e-001
 7.1450412e-001
 7.1467501e-001
 7.1514213e-001
 7.1372360e-001
 7.1311194e-001
 7.2011751e-001
 7.1564555e-001
 7.1262872e-001
 7.1501738e-001
 7.1363926e-001
 7.2014856e-001
 7.1216661e-001
 7.1186769e-001
 7.1168840e-001
 7.1234852e-001
 7.1499568e-001
 7.1362531e-001
 7.1949172e-001
 7.1518648e-001
 7.1927762e-001
 7.1274900e-001
 7.1452993e-001
 7.1486497e-001
 7.1516573e-001
 7.1392679e-001
 7.1488106e-001
 7.1228868e-001
 7.1598268e-001
 7.1655452e-001
 7.1508962e-001
 7.1673661e-001
 7.1616423e-001
 7.1254212e-001
 7.1537358e-001
 7.1468711e-001
 7.1654773e-001
 7.1491712e-001
 7.1431369e-001
 7.1337616e-001
 7.1213305e-001
 7.1433049e-001
 7.0885623e-001
 7.0788413e-001
 7.1248436e-001
 7.0726901e-001
 7.0371902e-001
 7.0128798e-001
 7.0229614e-001
 7.0018554e-001
 6.9723570e-001
 6.9040084e-001
 6.8770105e-001
 6.8686271e-001
 6.8641490e-001
 6.8287516e-001
 6.8166351e-001
 6.8478942e-001
 6.7982531e-001
 6.7900842e-001
 6.8110442e-001
 6.7672431e-001
 6.7775053e-001
 6.7833811e-001
 6.8014151e-001
 6.7716074e-001
 6.7555982e-001
 6.7465341e-001
 6.7390460e-001
 6.7601216e-001
 6.7339349e-001
 6.7511827e-001
 6.7693377e-001
 6.7442262e-001
 6.7716378e-001
 6.7490250e-001
 6.7650378e-001
 6.7835367e-001
 6.7694235e-001
 6.7287910e-001
 6.7665261e-001
 6.7772955e-001
 6.7496461e-001
 6.7640775e-001
 6.7641038e-001
 6.7326838e-001
 6.7821652e-001
 6.7661864e-001
 6.7824060e-001
 6.7779231e-001
 6.7525172e-001
 6.7500681e-001
 6.7468780e-001
 6.7451799e-001
 6.7616886e-001
 6.7494106e-001
 6.7279077e-001
 6.7143655e-001
 6.7367530e-001
 6.7667133e-001
 6.7416632e-001
 6.7472714e-001
 6.7659444e-001
 6.7397034e-001
 6.7130935e-001
 6.7166191e-001
 6.7676085e-001
 6.7550188e-001
 6.7594409e-001
 6.7219007e-001
 6.7300749e-001
 6.7244673e-001
 6.7416978e-001
 6.7368627e-001
 6.7589557e-001
 6.7559820e-001
 6.7443269e-001
 6.7139608e-001
 6.7401993e-001
 6.7363101e-001
 6.7461050e-001
 6.7430651e-001
 6.7238784e-001
 6.7461705e-001
 6.7334068e-001
 6.7307967e-001
 6.7409879e-001
 6.7493117e-001
 6.7487758e-001
 6.7434323e-001
 6.7694068e-001
 6.7545664e-001
 6.7472911e-001
 6.7674756e-001
 6.7926836e-001
 6.7754585e-001
 6.7581761e-001
 6.7604333e-001
 6.7259151e-001
 6.7785835e-001
 6.7724115e-001
 6.7522538e-001
 6.7887473e-001
 6.7548561e-001
 6.7967635e-001
 6.7563283e-001
 6.7964727e-001
 6.7765439e-001
 6.7472547e-001
 6.7904365e-001
 6.7691982e-001
 6.7590374e-001
 6.7856836e-001
 6.8038064e-001
 6.7767584e-001
 6.8472320e-001
 6.8360275e-001
 6.8288964e-001
 6.8121117e-001
 6.8405586e-001
 6.8378079e-001
 6.8097723e-001
 6.8308461e-001
 6.8584853e-001
 6.8510574e-001
 6.8173200e-001
 6.8785858e-001
 6.8458581e-001
 6.8356973e-001
 6.8724126e-001
 6.8698978e-001
 6.8803322e-001
 6.8686599e-001
 6.8803746e-001
 6.8694109e-001
 6.8469852e-001
 6.8858254e-001
 6.8555766e-001
 6.8901360e-001
 6.8667179e-001
 6.8487430e-001
 6.8564254e-001
 6.8540877e-001
 6.8677634e-001
 6.8981618e-001
 6.8951523e-001
 6.8297327e-001
 6.8629175e-001
 6.8401325e-001
 6.8711674e-001
 6.8114954e-001
 6.7989504e-001
 6.7925894e-001
 6.7905492e-001
 6.8075657e-001
 6.8150991e-001
 6.8158233e-001
 6.8054754e-001
 6.8394482e-001
 6.8615514e-001
 6.8029356e-001
 6.8321836e-001
 6.7852253e-001
 6.8179905e-001
 6.7368644e-001
 6.7007977e-001
 6.6690397e-001
 6.6200793e-001
 6.5326339e-001
 6.5516716e-001
 6.6662407e-001
 6.7486966e-001
 6.6607386e-001
 6.6029602e-001
 6.5550411e-001
 6.5753073e-001
 6.5248162e-001
 6.5134788e-001
 6.4863741e-001
 6.5059584e-001
 6.3954806e-001
 6.4212936e-001
 6.5551329e-001
 6.6199797e-001
 6.7096162e-001
 6.7601252e-001
 6.7016196e-001
 6.6991460e-001
 6.7155886e-001
 6.7147964e-001
 6.6851068e-001
 6.6554588e-001
 6.6714847e-001
 6.6081047e-001
 6.5903223e-001
 6.5925986e-001
 6.4996713e-001
 6.4530879e-001
 6.4797628e-001
 6.5113372e-001
 6.5080523e-001
 6.4676964e-001
 6.3709939e-001
 6.2192780e-001
 6.1092669e-001
 6.0214591e-001
 5.8706784e-001
 5.6270838e-001
 5.2388394e-001
 4.9755076e-001
 4.8381045e-001
 4.7716200e-001
 4.5931727e-001
 4.4104287e-001
 4.2125687e-001
 4.2354965e-001
 4.6664289e-001
 5.3669178e-001
 5.9401476e-001
 6.1636883e-001
 6.1272478e-001
 5.9545213e-001
 5.8482355e-001
 5.5069697e-001
 4.7626245e-001
 4.0012220e-001
 3.3772621e-001
 3.4840751e-001
 5.4736066e-001
 6.0916430e-001
 6.0542828e-001
 5.8313215e-001
 5.0031394e-001
 4.1696054e-001
 3.2875380e-001
 2.7589059e-001
 3.5292929e-001
 3.3089089e-001
 3.4520423e-001
 3.0725214e-001
 3.3522466e-001
 3.5025412e-001
