 splib07a Record=3619: Diopside HS317.1B (Cr)Pyx    ASDFRc AREF
 5.1752722e-001
 5.1796216e-001
 5.1864773e-001
 5.1821828e-001
 5.1845765e-001
 5.1971161e-001
 5.1993269e-001
 5.1998883e-001
 5.2033895e-001
 5.2239907e-001
 5.2284312e-001
 5.2276170e-001
 5.2259547e-001
 5.2337420e-001
 5.2390283e-001
 5.2415317e-001
 5.2445036e-001
 5.2500725e-001
 5.2552408e-001
 5.2563238e-001
 5.2633643e-001
 5.2698308e-001
 5.2744156e-001
 5.2854377e-001
 5.2921176e-001
 5.2955216e-001
 5.2966058e-001
 5.3013515e-001
 5.3091013e-001
 5.3202301e-001
 5.3227651e-001
 5.3252679e-001
 5.3280759e-001
 5.3291458e-001
 5.3369230e-001
 5.3464174e-001
 5.3528404e-001
 5.3525865e-001
 5.3529894e-001
 5.3556013e-001
 5.3583574e-001
 5.3632510e-001
 5.3696781e-001
 5.3771800e-001
 5.3799218e-001
 5.3829157e-001
 5.3887194e-001
 5.3905058e-001
 5.3924054e-001
 5.3945196e-001
 5.3955805e-001
 5.3994966e-001
 5.4043067e-001
 5.4084986e-001
 5.4118085e-001
 5.4141051e-001
 5.4154629e-001
 5.4187590e-001
 5.4222995e-001
 5.4256755e-001
 5.4278761e-001
 5.4291171e-001
 5.4302078e-001
 5.4315162e-001
 5.4352009e-001
 5.4380876e-001
 5.4402345e-001
 5.4427326e-001
 5.4443347e-001
 5.4459655e-001
 5.4486942e-001
 5.4518467e-001
 5.4548013e-001
 5.4574007e-001
 5.4576880e-001
 5.4583699e-001
 5.4596335e-001
 5.4623359e-001
 5.4647410e-001
 5.4668492e-001
 5.4686397e-001
 5.4707068e-001
 5.4721701e-001
 5.4733324e-001
 5.4762244e-001
 5.4787153e-001
 5.4806942e-001
 5.4818732e-001
 5.4822797e-001
 5.4833567e-001
 5.4853618e-001
 5.4862040e-001
 5.4872215e-001
 5.4884356e-001
 5.4900116e-001
 5.4907709e-001
 5.4920971e-001
 5.4947966e-001
 5.4957724e-001
 5.4969406e-001
 5.4983193e-001
 5.4991806e-001
 5.5006552e-001
 5.5024773e-001
 5.5045569e-001
 5.5053616e-001
 5.5059105e-001
 5.5064577e-001
 5.5087650e-001
 5.5105114e-001
 5.5118591e-001
 5.5130005e-001
 5.5144709e-001
 5.5157429e-001
 5.5165237e-001
 5.5185115e-001
 5.5200815e-001
 5.5212462e-001
 5.5225766e-001
 5.5240619e-001
 5.5255872e-001
 5.5270445e-001
 5.5282992e-001
 5.5294985e-001
 5.5306721e-001
 5.5320472e-001
 5.5335075e-001
 5.5350047e-001
 5.5364460e-001
 5.5379671e-001
 5.5394608e-001
 5.5408973e-001
 5.5424666e-001
 5.5444199e-001
 5.5465370e-001
 5.5476320e-001
 5.5489880e-001
 5.5504495e-001
 5.5518937e-001
 5.5527920e-001
 5.5539405e-001
 5.5555117e-001
 5.5575645e-001
 5.5592507e-001
 5.5606002e-001
 5.5614805e-001
 5.5625856e-001
 5.5639130e-001
 5.5655181e-001
 5.5666149e-001
 5.5679691e-001
 5.5694699e-001
 5.5702972e-001
 5.5718476e-001
 5.5734420e-001
 5.5744547e-001
 5.5754548e-001
 5.5763042e-001
 5.5770087e-001
 5.5783272e-001
 5.5797017e-001
 5.5809885e-001
 5.5818093e-001
 5.5826914e-001
 5.5837244e-001
 5.5849683e-001
 5.5859351e-001
 5.5869907e-001
 5.5880904e-001
 5.5889028e-001
 5.5895120e-001
 5.5901766e-001
 5.5911744e-001
 5.5919063e-001
 5.5925828e-001
 5.5932516e-001
 5.5943590e-001
 5.5950105e-001
 5.5955255e-001
 5.5965197e-001
 5.5967754e-001
 5.5969703e-001
 5.5973738e-001
 5.5982023e-001
 5.5985790e-001
 5.5986577e-001
 5.5993009e-001
 5.5999357e-001
 5.6005013e-001
 5.6009203e-001
 5.6013572e-001
 5.6020099e-001
 5.6028789e-001
 5.6033367e-001
 5.6042117e-001
 5.6050211e-001
 5.6047213e-001
 5.6046087e-001
 5.6044132e-001
 5.6040049e-001
 5.6038862e-001
 5.6039757e-001
 5.6041950e-001
 5.6042379e-001
 5.6043571e-001
 5.6043684e-001
 5.6040543e-001
 5.6037313e-001
 5.6034917e-001
 5.6033421e-001
 5.6030929e-001
 5.6028950e-001
 5.6027073e-001
 5.6024599e-001
 5.6021988e-001
 5.6019890e-001
 5.6018740e-001
 5.6015599e-001
 5.6010842e-001
 5.6005245e-001
 5.6002110e-001
 5.5999386e-001
 5.5996954e-001
 5.5994755e-001
 5.5991477e-001
 5.5986655e-001
 5.5980188e-001
 5.5972356e-001
 5.5965459e-001
 5.5959088e-001
 5.5952775e-001
 5.5948305e-001
 5.5943608e-001
 5.5937809e-001
 5.5932271e-001
 5.5925411e-001
 5.5917794e-001
 5.5911982e-001
 5.5915749e-001
 5.5917245e-001
 5.5905163e-001
 5.5893403e-001
 5.5888939e-001
 5.5892289e-001
 5.5888128e-001
 5.5880857e-001
 5.5871135e-001
 5.5858874e-001
 5.5851537e-001
 5.5845076e-001
 5.5838352e-001
 5.5832529e-001
 5.5827677e-001
 5.5822790e-001
 5.5813527e-001
 5.5811781e-001
 5.5811870e-001
 5.5809551e-001
 5.5804467e-001
 5.5797678e-001
 5.5789739e-001
 5.5788088e-001
 5.5783218e-001
 5.5774933e-001
 5.5761224e-001
 5.5751932e-001
 5.5741942e-001
 5.5729192e-001
 5.5715394e-001
 5.5703205e-001
 5.5692327e-001
 5.5681765e-001
 5.5673635e-001
 5.5668664e-001
 5.5668676e-001
 5.5661732e-001
 5.5654740e-001
 5.5648738e-001
 5.5645317e-001
 5.5639052e-001
 5.5631834e-001
 5.5626577e-001
 5.5617464e-001
 5.5608779e-001
 5.5602145e-001
 5.5598545e-001
 5.5594265e-001
 5.5589390e-001
 5.5585432e-001
 5.5579662e-001
 5.5574799e-001
 5.5573255e-001
 5.5571485e-001
 5.5570561e-001
 5.5570352e-001
 5.5567926e-001
 5.5563807e-001
 5.5558890e-001
 5.5554056e-001
 5.5550367e-001
 5.5546010e-001
 5.5540293e-001
 5.5535132e-001
 5.5532992e-001
 5.5532658e-001
 5.5530035e-001
 5.5527663e-001
 5.5525798e-001
 5.5524731e-001
 5.5522197e-001
 5.5520523e-001
 5.5519748e-001
 5.5515975e-001
 5.5514872e-001
 5.5514705e-001
 5.5512995e-001
 5.5514997e-001
 5.5516988e-001
 5.5517828e-001
 5.5517071e-001
 5.5519021e-001
 5.5523378e-001
 5.5529791e-001
 5.5533695e-001
 5.5535781e-001
 5.5535877e-001
 5.5539215e-001
 5.5542374e-001
 5.5545104e-001
 5.5549020e-001
 5.5551660e-001
 5.5552512e-001
 5.5549967e-001
 5.5544400e-001
 5.5538267e-001
 5.5532289e-001
 5.5523235e-001
 5.5514979e-001
 5.5507463e-001
 5.5500400e-001
 5.5496877e-001
 5.5496103e-001
 5.5498248e-001
 5.5502152e-001
 5.5506516e-001
 5.5511117e-001
 5.5514008e-001
 5.5519152e-001
 5.5524200e-001
 5.5525309e-001
 5.5526841e-001
 5.5529618e-001
 5.5534059e-001
 5.5539364e-001
 5.5544180e-001
 5.5548322e-001
 5.5551010e-001
 5.5549526e-001
 5.5547786e-001
 5.5548412e-001
 5.5552948e-001
 5.5556369e-001
 5.5558234e-001
 5.5560058e-001
 5.5559200e-001
 5.5558771e-001
 5.5564088e-001
 5.5566615e-001
 5.5568826e-001
 5.5571455e-001
 5.5571961e-001
 5.5571270e-001
 5.5569977e-001
 5.5569631e-001
 5.5572325e-001
 5.5574822e-001
 5.5574995e-001
 5.5573595e-001
 5.5573523e-001
 5.5575085e-001
 5.5578959e-001
 5.5579543e-001
 5.5578846e-001
 5.5579394e-001
 5.5578303e-001
 5.5577344e-001
 5.5577075e-001
 5.5577487e-001
 5.5575877e-001
 5.5572671e-001
 5.5568635e-001
 5.5565554e-001
 5.5562860e-001
 5.5560207e-001
 5.5560070e-001
 5.5559105e-001
 5.5557209e-001
 5.5556786e-001
 5.5553085e-001
 5.5547440e-001
 5.5540943e-001
 5.5537999e-001
 5.5535495e-001
 5.5532634e-001
 5.5529702e-001
 5.5526137e-001
 5.5522466e-001
 5.5520427e-001
 5.5518842e-001
 5.5517167e-001
 5.5515069e-001
 5.5511862e-001
 5.5508041e-001
 5.5503523e-001
 5.5497080e-001
 5.5491400e-001
 5.5486435e-001
 5.5482340e-001
 5.5476964e-001
 5.5472124e-001
 5.5468363e-001
 5.5465931e-001
 5.5465055e-001
 5.5464602e-001
 5.5460656e-001
 5.5455697e-001
 5.5449831e-001
 5.5442858e-001
 5.5438638e-001
 5.5433786e-001
 5.5428380e-001
 5.5426061e-001
 5.5424947e-001
 5.5423343e-001
 5.5418611e-001
 5.5414540e-001
 5.5408746e-001
 5.5400437e-001
 5.5395156e-001
 5.5388629e-001
 5.5381680e-001
 5.5376887e-001
 5.5372286e-001
 5.5366164e-001
 5.5357152e-001
 5.5348247e-001
 5.5340052e-001
 5.5332756e-001
 5.5327660e-001
 5.5320019e-001
 5.5311483e-001
 5.5303806e-001
 5.5301464e-001
 5.5298573e-001
 5.5293590e-001
 5.5289888e-001
 5.5285388e-001
 5.5280578e-001
 5.5276829e-001
 5.5270123e-001
 5.5261511e-001
 5.5251122e-001
 5.5243069e-001
 5.5237752e-001
 5.5234236e-001
 5.5224824e-001
 5.5215633e-001
 5.5208254e-001
 5.5205935e-001
 5.5202991e-001
 5.5198002e-001
 5.5190462e-001
 5.5184877e-001
 5.5180395e-001
 5.5176455e-001
 5.5171651e-001
 5.5161327e-001
 5.5151522e-001
 5.5145860e-001
 5.5141324e-001
 5.5135739e-001
 5.5129325e-001
 5.5125374e-001
 5.5118340e-001
 5.5110651e-001
 5.5105281e-001
 5.5098438e-001
 5.5091864e-001
 5.5085886e-001
 5.5074191e-001
 5.5065823e-001
 5.5060405e-001
 5.5058050e-001
 5.5053735e-001
 5.5047643e-001
 5.5039340e-001
 5.5031151e-001
 5.5022019e-001
 5.5012357e-001
 5.5006170e-001
 5.4999596e-001
 5.4993212e-001
 5.4987967e-001
 5.4983163e-001
 5.4976213e-001
 5.4966432e-001
 5.4956836e-001
 5.4947108e-001
 5.4937416e-001
 5.4928577e-001
 5.4921943e-001
 5.4914558e-001
 5.4904628e-001
 5.4898888e-001
 5.4891551e-001
 5.4882783e-001
 5.4876339e-001
 5.4870188e-001
 5.4863149e-001
 5.4853475e-001
 5.4844111e-001
 5.4835880e-001
 5.4828960e-001
 5.4818350e-001
 5.4807878e-001
 5.4798317e-001
 5.4792303e-001
 5.4789335e-001
 5.4784894e-001
 5.4776227e-001
 5.4771382e-001
 5.4766214e-001
 5.4760516e-001
 5.4754984e-001
 5.4746896e-001
 5.4738599e-001
 5.4732794e-001
 5.4720283e-001
 5.4709953e-001
 5.4703844e-001
 5.4696423e-001
 5.4688001e-001
 5.4679531e-001
 5.4673690e-001
 5.4668480e-001
 5.4661870e-001
 5.4652423e-001
 5.4646909e-001
 5.4640442e-001
 5.4632652e-001
 5.4623049e-001
 5.4614097e-001
 5.4607362e-001
 5.4605621e-001
 5.4604775e-001
 5.4601955e-001
 5.4596537e-001
 5.4592371e-001
 5.4583418e-001
 5.4570937e-001
 5.4556900e-001
 5.4546398e-001
 5.4537141e-001
 5.4528248e-001
 5.4520345e-001
 5.4514444e-001
 5.4510111e-001
 5.4504365e-001
 5.4500186e-001
 5.4495680e-001
 5.4488510e-001
 5.4479587e-001
 5.4469985e-001
 5.4459822e-001
 5.4448360e-001
 5.4438865e-001
 5.4431289e-001
 5.4426628e-001
 5.4420394e-001
 5.4412562e-001
 5.4402834e-001
 5.4394341e-001
 5.4387093e-001
 5.4380971e-001
 5.4375607e-001
 5.4369587e-001
 5.4363251e-001
 5.4356855e-001
 5.4353452e-001
 5.4348516e-001
 5.4341280e-001
 5.4337978e-001
 5.4333723e-001
 5.4329419e-001
 5.4327327e-001
 5.4319292e-001
 5.4310519e-001
 5.4303312e-001
 5.4295647e-001
 5.4287589e-001
 5.4278892e-001
 5.4268056e-001
 5.4258251e-001
 5.4250360e-001
 5.4246008e-001
 5.4240632e-001
 5.4236412e-001
 5.4233485e-001
 5.4223424e-001
 5.4210705e-001
 5.4198170e-001
 5.4192841e-001
 5.4186404e-001
 5.4178798e-001
 5.4169780e-001
 5.4160762e-001
 5.4153615e-001
 5.4148245e-001
 5.4143405e-001
 5.4137528e-001
 5.4131049e-001
 5.4124194e-001
 5.4119462e-001
 5.4115242e-001
 5.4110992e-001
 5.4098940e-001
 5.4087323e-001
 5.4076463e-001
 5.4067260e-001
 5.4060078e-001
 5.4054385e-001
 5.4050314e-001
 5.4040945e-001
 5.4033172e-001
 5.4026669e-001
 5.4018235e-001
 5.4019278e-001
 5.4020923e-001
 5.4014438e-001
 5.4004687e-001
 5.3995192e-001
 5.3986835e-001
 5.3983873e-001
 5.3973567e-001
 5.3959465e-001
 5.3948331e-001
 5.3940028e-001
 5.3933406e-001
 5.3928518e-001
 5.3915519e-001
 5.3902566e-001
 5.3894222e-001
 5.3882194e-001
 5.3865284e-001
 5.3861398e-001
 5.3857237e-001
 5.3842592e-001
 5.3830600e-001
 5.3823853e-001
 5.3818995e-001
 5.3821200e-001
 5.3822088e-001
 5.3825134e-001
 5.3822380e-001
 5.3799194e-001
 5.3776121e-001
 5.3769022e-001
 5.3776234e-001
 5.3775781e-001
 5.3765088e-001
 5.3762621e-001
 5.3766859e-001
 5.3763151e-001
 5.3755820e-001
 5.3751642e-001
 5.3747034e-001
 5.3739631e-001
 5.3727835e-001
 5.3714907e-001
 5.3705913e-001
 5.3699183e-001
 5.3685725e-001
 5.3667319e-001
 5.3670031e-001
 5.3677356e-001
 5.3671223e-001
 5.3664821e-001
 5.3664839e-001
 5.3663647e-001
 5.3652173e-001
 5.3637582e-001
 5.3631943e-001
 5.3631985e-001
 5.3631681e-001
 5.3635073e-001
 5.3636360e-001
 5.3628325e-001
 5.3622794e-001
 5.3629452e-001
 5.3633761e-001
 5.3625524e-001
 5.3619653e-001
 5.3624022e-001
 5.3629118e-001
 5.3628004e-001
 5.3621876e-001
 5.3615129e-001
 5.3607631e-001
 5.3603595e-001
 5.3601235e-001
 5.3595334e-001
 5.3590429e-001
 5.3587598e-001
 5.3581387e-001
 5.3573030e-001
 5.3570187e-001
 5.3570610e-001
 5.3572452e-001
 5.3573495e-001
 5.3570133e-001
 5.3564358e-001
 5.3564775e-001
 5.3567964e-001
 5.3566450e-001
 5.3562540e-001
 5.3563482e-001
 5.3569418e-001
 5.3576195e-001
 5.3583521e-001
 5.3588122e-001
 5.3585178e-001
 5.3579736e-001
 5.3575426e-001
 5.3573686e-001
 5.3576338e-001
 5.3579366e-001
 5.3585029e-001
 5.3590173e-001
 5.3586835e-001
 5.3582036e-001
 5.3577214e-001
 5.3576040e-001
 5.3576392e-001
 5.3572536e-001
 5.3570235e-001
 5.3572065e-001
 5.3575653e-001
 5.3580308e-001
 5.3582728e-001
 5.3581578e-001
 5.3578991e-001
 5.3574181e-001
 5.3573316e-001
 5.3581321e-001
 5.3587002e-001
 5.3588986e-001
 5.3591579e-001
 5.3594810e-001
 5.3597724e-001
 5.3601587e-001
 5.3605759e-001
 5.3605813e-001
 5.3605360e-001
 5.3605258e-001
 5.3603220e-001
 5.3600955e-001
 5.3600281e-001
 5.3602129e-001
 5.3603685e-001
 5.3599715e-001
 5.3591400e-001
 5.3586274e-001
 5.3587818e-001
 5.3590477e-001
 5.3593761e-001
 5.3596187e-001
 5.3598237e-001
 5.3600651e-001
 5.3599805e-001
 5.3598702e-001
 5.3597951e-001
 5.3597808e-001
 5.3600919e-001
 5.3604066e-001
 5.3605986e-001
 5.3607333e-001
 5.3606635e-001
 5.3605288e-001
 5.3609008e-001
 5.3616631e-001
 5.3619128e-001
 5.3616309e-001
 5.3614986e-001
 5.3615499e-001
 5.3616339e-001
 5.3617781e-001
 5.3617513e-001
 5.3609669e-001
 5.3601772e-001
 5.3594995e-001
 5.3588408e-001
 5.3589612e-001
 5.3590727e-001
 5.3586894e-001
 5.3582525e-001
 5.3580832e-001
 5.3579730e-001
 5.3576797e-001
 5.3573287e-001
 5.3568786e-001
 5.3563923e-001
 5.3556520e-001
 5.3546751e-001
 5.3543335e-001
 5.3547853e-001
 5.3549170e-001
 5.3545129e-001
 5.3542078e-001
 5.3541225e-001
 5.3541070e-001
 5.3545219e-001
 5.3548384e-001
 5.3540581e-001
 5.3532982e-001
 5.3536731e-001
 5.3540826e-001
 5.3537726e-001
 5.3533727e-001
 5.3527123e-001
 5.3520244e-001
 5.3516233e-001
 5.3513032e-001
 5.3509933e-001
 5.3506446e-001
 5.3505063e-001
 5.3506231e-001
 5.3506422e-001
 5.3505665e-001
 5.3504610e-001
 5.3503221e-001
 5.3503591e-001
 5.3506911e-001
 5.3509182e-001
 5.3507185e-001
 5.3505111e-001
 5.3504384e-001
 5.3503639e-001
 5.3500921e-001
 5.3498125e-001
 5.3494143e-001
 5.3489918e-001
 5.3484112e-001
 5.3479087e-001
 5.3476667e-001
 5.3474671e-001
 5.3471333e-001
 5.3467375e-001
 5.3462374e-001
 5.3455973e-001
 5.3453350e-001
 5.3454953e-001
 5.3454894e-001
 5.3452569e-001
 5.3452444e-001
 5.3456992e-001
 5.3459036e-001
 5.3451121e-001
 5.3443587e-001
 5.3441358e-001
 5.3438878e-001
 5.3435647e-001
 5.3433204e-001
 5.3434986e-001
 5.3437138e-001
 5.3442049e-001
 5.3446615e-001
 5.3444368e-001
 5.3442556e-001
 5.3443104e-001
 5.3443539e-001
 5.3441221e-001
 5.3438073e-001
 5.3440762e-001
 5.3445476e-001
 5.3445047e-001
 5.3441042e-001
 5.3439212e-001
 5.3440756e-001
 5.3440428e-001
 5.3436315e-001
 5.3433138e-001
 5.3432703e-001
 5.3432667e-001
 5.3430855e-001
 5.3427905e-001
 5.3422368e-001
 5.3417790e-001
 5.3415602e-001
 5.3412515e-001
 5.3406984e-001
 5.3401852e-001
 5.3400767e-001
 5.3400666e-001
 5.3400713e-001
 5.3400487e-001
 5.3394210e-001
 5.3384846e-001
 5.3383791e-001
 5.3386688e-001
 5.3386998e-001
 5.3386891e-001
 5.3385866e-001
 5.3384578e-001
 5.3381729e-001
 5.3375226e-001
 5.3373361e-001
 5.3376722e-001
 5.3377217e-001
 5.3376532e-001
 5.3376317e-001
 5.3375083e-001
 5.3373653e-001
 5.3371841e-001
 5.3371221e-001
 5.3374690e-001
 5.3376877e-001
 5.3371221e-001
 5.3364205e-001
 5.3359616e-001
 5.3356791e-001
 5.3354460e-001
 5.3351092e-001
 5.3345233e-001
 5.3338057e-001
 5.3334129e-001
 5.3332001e-001
 5.3327364e-001
 5.3323281e-001
 5.3320366e-001
 5.3316885e-001
 5.3312880e-001
 5.3307337e-001
 5.3302234e-001
 5.3298587e-001
 5.3295654e-001
 5.3291261e-001
 5.3286171e-001
 5.3284079e-001
 5.3281188e-001
 5.3274143e-001
 5.3268421e-001
 5.3266609e-001
 5.3264207e-001
 5.3262079e-001
 5.3260219e-001
 5.3256059e-001
 5.3251171e-001
 5.3243172e-001
 5.3234905e-001
 5.3231871e-001
 5.3230304e-001
 5.3227746e-001
 5.3225213e-001
 5.3224564e-001
 5.3224444e-001
 5.3223646e-001
 5.3221750e-001
 5.3218400e-001
 5.3215945e-001
 5.3214717e-001
 5.3212863e-001
 5.3211933e-001
 5.3213763e-001
 5.3214258e-001
 5.3210920e-001
 5.3206158e-001
 5.3202939e-001
 5.3200567e-001
 5.3194910e-001
 5.3188068e-001
 5.3181195e-001
 5.3175294e-001
 5.3172320e-001
 5.3168875e-001
 5.3163910e-001
 5.3159463e-001
 5.3156370e-001
 5.3152615e-001
 5.3150338e-001
 5.3149843e-001
 5.3149545e-001
 5.3148872e-001
 5.3149730e-001
 5.3149962e-001
 5.3148478e-001
 5.3148162e-001
 5.3148186e-001
 5.3147584e-001
 5.3150737e-001
 5.3155112e-001
 5.3157020e-001
 5.3158706e-001
 5.3157371e-001
 5.3156328e-001
 5.3160405e-001
 5.3162837e-001
 5.3161132e-001
 5.3158283e-001
 5.3155833e-001
 5.3155917e-001
 5.3154427e-001
 5.3150004e-001
 5.3145313e-001
 5.3139061e-001
 5.3131586e-001
 5.3123856e-001
 5.3116351e-001
 5.3109008e-001
 5.3101325e-001
 5.3092223e-001
 5.3084576e-001
 5.3078097e-001
 5.3071219e-001
 5.3066248e-001
 5.3061622e-001
 5.3057063e-001
 5.3052890e-001
 5.3049701e-001
 5.3047532e-001
 5.3046858e-001
 5.3045589e-001
 5.3041261e-001
 5.3035545e-001
 5.3028888e-001
 5.3021532e-001
 5.3010297e-001
 5.2998453e-001
 5.2984732e-001
 5.2970469e-001
 5.2960867e-001
 5.2953249e-001
 5.2945715e-001
 5.2936685e-001
 5.2930701e-001
 5.2929598e-001
 5.2930725e-001
 5.2932107e-001
 5.2935457e-001
 5.2938408e-001
 5.2938992e-001
 5.2938265e-001
 5.2938056e-001
 5.2938348e-001
 5.2938938e-001
 5.2939624e-001
 5.2940488e-001
 5.2939349e-001
 5.2936757e-001
 5.2937138e-001
 5.2938008e-001
 5.2937984e-001
 5.2937609e-001
 5.2934784e-001
 5.2932256e-001
 5.2931041e-001
 5.2929318e-001
 5.2926528e-001
 5.2922958e-001
 5.2918065e-001
 5.2914441e-001
 5.2912569e-001
 5.2910244e-001
 5.2907181e-001
 5.2904361e-001
 5.2902687e-001
 5.2900898e-001
 5.2898997e-001
 5.2897829e-001
 5.2895224e-001
 5.2891624e-001
 5.2888077e-001
 5.2883750e-001
 5.2878618e-001
 5.2873957e-001
 5.2869838e-001
 5.2866358e-001
 5.2862680e-001
 5.2859783e-001
 5.2859157e-001
 5.2858472e-001
 5.2860832e-001
 5.2863878e-001
 5.2865320e-001
 5.2867085e-001
 5.2868342e-001
 5.2868432e-001
 5.2867883e-001
 5.2867115e-001
 5.2866304e-001
 5.2864611e-001
 5.2860552e-001
 5.2855557e-001
 5.2850723e-001
 5.2844483e-001
 5.2840489e-001
 5.2839398e-001
 5.2836645e-001
 5.2834237e-001
 5.2831513e-001
 5.2828282e-001
 5.2826756e-001
 5.2826023e-001
 5.2825832e-001
 5.2824390e-001
 5.2821541e-001
 5.2820164e-001
 5.2818614e-001
 5.2814919e-001
 5.2810407e-001
 5.2803177e-001
 5.2795905e-001
 5.2788949e-001
 5.2781212e-001
 5.2775222e-001
 5.2770448e-001
 5.2763957e-001
 5.2757323e-001
 5.2753556e-001
 5.2750432e-001
 5.2747488e-001
 5.2745223e-001
 5.2742463e-001
 5.2739483e-001
 5.2738065e-001
 5.2736485e-001
 5.2731925e-001
 5.2726942e-001
 5.2722955e-001
 5.2718705e-001
 5.2713567e-001
 5.2709109e-001
 5.2706093e-001
 5.2703267e-001
 5.2699733e-001
 5.2696502e-001
 5.2694386e-001
 5.2691799e-001
 5.2688980e-001
 5.2685958e-001
 5.2682686e-001
 5.2680635e-001
 5.2678698e-001
 5.2674931e-001
 5.2669257e-001
 5.2664280e-001
 5.2662873e-001
 5.2663285e-001
 5.2664834e-001
 5.2665907e-001
 5.2666390e-001
 5.2667493e-001
 5.2668643e-001
 5.2667952e-001
 5.2666193e-001
 5.2665597e-001
 5.2663183e-001
 5.2659702e-001
 5.2655578e-001
 5.2651393e-001
 5.2646780e-001
 5.2641702e-001
 5.2635515e-001
 5.2629882e-001
 5.2627558e-001
 5.2625227e-001
 5.2620798e-001
 5.2618098e-001
 5.2619994e-001
 5.2621454e-001
 5.2619421e-001
 5.2615494e-001
 5.2609617e-001
 5.2603972e-001
 5.2599096e-001
 5.2593619e-001
 5.2588880e-001
 5.2585411e-001
 5.2578747e-001
 5.2569604e-001
 5.2564573e-001
 5.2562773e-001
 5.2558309e-001
 5.2552521e-001
 5.2547634e-001
 5.2541453e-001
 5.2535301e-001
 5.2530420e-001
 5.2524251e-001
 5.2517992e-001
 5.2514541e-001
 5.2511752e-001
 5.2509028e-001
 5.2505797e-001
 5.2503103e-001
 5.2501541e-001
 5.2499878e-001
 5.2498323e-001
 5.2494353e-001
 5.2488184e-001
 5.2482575e-001
 5.2476770e-001
 5.2471614e-001
 5.2467340e-001
 5.2461505e-001
 5.2455389e-001
 5.2450526e-001
 5.2445173e-001
 5.2440345e-001
 5.2436930e-001
 5.2436632e-001
 5.2437800e-001
 5.2434689e-001
 5.2430224e-001
 5.2426553e-001
 5.2422518e-001
 5.2418363e-001
 5.2413738e-001
 5.2409381e-001
 5.2405775e-001
 5.2401978e-001
 5.2396971e-001
 5.2395701e-001
 5.2397972e-001
 5.2398241e-001
 5.2397132e-001
 5.2394682e-001
 5.2390683e-001
 5.2388048e-001
 5.2386463e-001
 5.2380294e-001
 5.2371842e-001
 5.2365375e-001
 5.2359402e-001
 5.2352357e-001
 5.2344406e-001
 5.2336997e-001
 5.2330160e-001
 5.2321720e-001
 5.2312583e-001
 5.2304363e-001
 5.2296430e-001
 5.2289635e-001
 5.2283531e-001
 5.2278703e-001
 5.2274191e-001
 5.2270162e-001
 5.2266997e-001
 5.2264434e-001
 5.2262050e-001
 5.2258509e-001
 5.2254021e-001
 5.2247238e-001
 5.2239817e-001
 5.2230132e-001
 5.2219647e-001
 5.2210140e-001
 5.2200884e-001
 5.2194053e-001
 5.2188003e-001
 5.2183717e-001
 5.2180153e-001
 5.2177173e-001
 5.2174741e-001
 5.2175128e-001
 5.2175629e-001
 5.2176845e-001
 5.2177769e-001
 5.2175200e-001
 5.2171963e-001
 5.2171057e-001
 5.2170414e-001
 5.2166212e-001
 5.2161640e-001
 5.2157313e-001
 5.2152997e-001
 5.2146643e-001
 5.2139831e-001
 5.2133334e-001
 5.2126580e-001
 5.2121389e-001
 5.2117085e-001
 5.2114385e-001
 5.2110988e-001
 5.2106619e-001
 5.2103031e-001
 5.2097046e-001
 5.2090263e-001
 5.2085161e-001
 5.2080351e-001
 5.2075636e-001
 5.2071178e-001
 5.2068144e-001
 5.2065402e-001
 5.2064097e-001
 5.2062494e-001
 5.2060264e-001
 5.2057660e-001
 5.2054608e-001
 5.2051789e-001
 5.2048510e-001
 5.2044046e-001
 5.2037549e-001
 5.2032173e-001
 5.2028632e-001
 5.2024996e-001
 5.2020586e-001
 5.2015936e-001
 5.2012396e-001
 5.2008456e-001
 5.2003568e-001
 5.2000606e-001
 5.1999694e-001
 5.1999444e-001
 5.1999754e-001
 5.1997703e-001
 5.1993597e-001
 5.1987666e-001
 5.1980597e-001
 5.1975429e-001
 5.1970989e-001
 5.1963693e-001
 5.1954758e-001
 5.1946163e-001
 5.1938045e-001
 5.1930314e-001
 5.1922601e-001
 5.1917922e-001
 5.1914078e-001
 5.1912457e-001
 5.1911467e-001
 5.1911283e-001
 5.1911330e-001
 5.1908207e-001
 5.1904827e-001
 5.1905864e-001
 5.1906997e-001
 5.1905370e-001
 5.1903921e-001
 5.1904088e-001
 5.1904118e-001
 5.1903296e-001
 5.1902473e-001
 5.1901090e-001
 5.1899886e-001
 5.1899755e-001
 5.1899326e-001
 5.1897925e-001
 5.1896679e-001
 5.1896030e-001
 5.1895547e-001
 5.1895022e-001
 5.1893324e-001
 5.1889557e-001
 5.1886845e-001
 5.1885962e-001
 5.1882058e-001
 5.1874495e-001
 5.1867366e-001
 5.1860625e-001
 5.1853150e-001
 5.1845014e-001
 5.1834381e-001
 5.1822042e-001
 5.1810426e-001
 5.1799244e-001
 5.1792455e-001
 5.1787257e-001
 5.1780236e-001
 5.1772523e-001
 5.1766580e-001
 5.1761115e-001
 5.1759207e-001
 5.1757628e-001
 5.1751310e-001
 5.1744932e-001
 5.1740819e-001
 5.1736486e-001
 5.1730764e-001
 5.1725107e-001
 5.1717627e-001
 5.1709473e-001
 5.1700830e-001
 5.1691949e-001
 5.1680452e-001
 5.1669985e-001
 5.1663029e-001
 5.1654816e-001
 5.1643860e-001
 5.1633191e-001
 5.1623547e-001
 5.1614314e-001
 5.1604581e-001
 5.1596099e-001
 5.1589084e-001
 5.1579547e-001
 5.1568311e-001
 5.1561791e-001
 5.1557469e-001
 5.1551723e-001
 5.1545209e-001
 5.1541263e-001
 5.1537764e-001
 5.1531571e-001
 5.1525575e-001
 5.1520866e-001
 5.1516074e-001
 5.1510316e-001
 5.1504230e-001
 5.1497853e-001
 5.1491135e-001
 5.1483929e-001
 5.1476508e-001
 5.1468247e-001
 5.1460999e-001
 5.1456046e-001
 5.1451123e-001
 5.1446110e-001
 5.1441902e-001
 5.1437843e-001
 5.1437384e-001
 5.1440746e-001
 5.1441652e-001
 5.1442057e-001
 5.1443928e-001
 5.1444620e-001
 5.1442736e-001
 5.1440811e-001
 5.1438570e-001
 5.1435614e-001
 5.1432872e-001
 5.1431358e-001
 5.1428950e-001
 5.1425743e-001
 5.1420057e-001
 5.1412433e-001
 5.1404864e-001
 5.1399958e-001
 5.1396775e-001
 5.1394063e-001
 5.1391292e-001
 5.1388723e-001
 5.1388240e-001
 5.1387525e-001
 5.1383710e-001
 5.1379359e-001
 5.1379979e-001
 5.1384312e-001
 5.1386869e-001
 5.1386893e-001
 5.1385164e-001
 5.1378256e-001
 5.1372993e-001
 5.1373070e-001
 5.1372594e-001
 5.1368403e-001
 5.1361954e-001
 5.1354146e-001
 5.1344687e-001
 5.1335585e-001
 5.1326281e-001
 5.1316911e-001
 5.1306981e-001
 5.1297659e-001
 5.1288313e-001
 5.1279670e-001
 5.1274347e-001
 5.1271236e-001
 5.1266915e-001
 5.1260352e-001
 5.1254600e-001
 5.1251906e-001
 5.1249236e-001
 5.1248205e-001
 5.1247191e-001
 5.1245588e-001
 5.1242828e-001
 5.1236516e-001
 5.1226217e-001
 5.1218325e-001
 5.1215690e-001
 5.1211995e-001
 5.1206070e-001
 5.1199579e-001
 5.1189435e-001
 5.1178873e-001
 5.1172024e-001
 5.1167786e-001
 5.1162350e-001
 5.1155245e-001
 5.1148182e-001
 5.1140022e-001
 5.1132315e-001
 5.1125622e-001
 5.1118690e-001
 5.1110113e-001
 5.1101249e-001
 5.1094598e-001
 5.1090050e-001
 5.1084518e-001
 5.1076943e-001
 5.1069999e-001
 5.1064312e-001
 5.1058793e-001
 5.1053810e-001
 5.1048839e-001
 5.1042998e-001
 5.1036578e-001
 5.1032126e-001
 5.1030183e-001
 5.1028687e-001
 5.1030272e-001
 5.1029348e-001
 5.1018071e-001
 5.1007253e-001
 5.0996917e-001
 5.0987142e-001
 5.0977117e-001
 5.0967032e-001
 5.0957364e-001
 5.0947458e-001
 5.0937074e-001
 5.0925493e-001
 5.0914705e-001
 5.0906861e-001
 5.0898165e-001
 5.0884235e-001
 5.0869584e-001
 5.0858217e-001
 5.0849456e-001
 5.0840074e-001
 5.0829899e-001
 5.0821424e-001
 5.0816655e-001
 5.0810307e-001
 5.0799334e-001
 5.0788277e-001
 5.0776744e-001
 5.0764883e-001
 5.0750697e-001
 5.0735134e-001
 5.0722402e-001
 5.0712150e-001
 5.0699866e-001
 5.0686634e-001
 5.0674534e-001
 5.0665593e-001
 5.0655878e-001
 5.0644803e-001
 5.0633383e-001
 5.0624752e-001
 5.0617957e-001
 5.0608265e-001
 5.0595570e-001
 5.0584066e-001
 5.0575513e-001
 5.0565672e-001
 5.0551540e-001
 5.0537175e-001
 5.0522953e-001
 5.0509584e-001
 5.0497401e-001
 5.0484407e-001
 5.0472385e-001
 5.0462955e-001
 5.0452888e-001
 5.0441575e-001
 5.0431335e-001
 5.0424451e-001
 5.0418609e-001
 5.0416094e-001
 5.0414091e-001
 5.0410312e-001
 5.0405073e-001
 5.0400519e-001
 5.0396490e-001
 5.0392276e-001
 5.0386715e-001
 5.0382078e-001
 5.0379819e-001
 5.0376070e-001
 5.0370669e-001
 5.0365192e-001
 5.0357205e-001
 5.0348645e-001
 5.0341171e-001
 5.0333989e-001
 5.0326502e-001
 5.0318134e-001
 5.0310773e-001
 5.0306326e-001
 5.0300467e-001
 5.0289565e-001
 5.0278753e-001
 5.0270367e-001
 5.0260395e-001
 5.0248498e-001
 5.0236714e-001
 5.0223780e-001
 5.0210601e-001
 5.0199181e-001
 5.0190437e-001
 5.0183439e-001
 5.0178200e-001
 5.0171018e-001
 5.0163400e-001
 5.0156915e-001
 5.0150913e-001
 5.0145352e-001
 5.0142044e-001
 5.0138444e-001
 5.0134540e-001
 5.0129992e-001
 5.0125033e-001
 5.0120258e-001
 5.0115824e-001
 5.0110751e-001
 5.0104088e-001
 5.0095707e-001
 5.0088245e-001
 5.0081432e-001
 5.0075394e-001
 5.0071317e-001
 5.0067478e-001
 5.0065744e-001
 5.0064760e-001
 5.0061035e-001
 5.0053829e-001
 5.0045645e-001
 5.0036824e-001
 5.0030571e-001
 5.0027138e-001
 5.0021970e-001
 5.0013500e-001
 5.0004178e-001
 4.9993122e-001
 4.9984893e-001
 4.9981487e-001
 4.9979353e-001
 4.9975237e-001
 4.9966747e-001
 4.9958205e-001
 4.9951735e-001
 4.9947956e-001
 4.9948233e-001
 4.9949569e-001
 4.9951518e-001
 4.9953672e-001
 4.9953663e-001
 4.9950546e-001
 4.9949202e-001
 4.9950609e-001
 4.9951243e-001
 4.9950200e-001
 4.9948728e-001
 4.9944019e-001
 4.9938884e-001
 4.9934813e-001
 4.9930072e-001
 4.9924755e-001
 4.9920413e-001
 4.9915332e-001
 4.9910289e-001
 4.9908215e-001
 4.9904686e-001
 4.9898842e-001
 4.9893871e-001
 4.9884659e-001
 4.9872044e-001
 4.9864945e-001
 4.9862567e-001
 4.9859452e-001
 4.9856538e-001
 4.9853623e-001
 4.9850470e-001
 4.9848065e-001
 4.9848595e-001
 4.9853000e-001
 4.9857980e-001
 4.9863356e-001
 4.9869794e-001
 4.9871743e-001
 4.9871939e-001
 4.9874806e-001
 4.9878576e-001
 4.9881959e-001
 4.9887115e-001
 4.9893728e-001
 4.9899992e-001
 4.9903136e-001
 4.9902841e-001
 4.9900377e-001
 4.9897292e-001
 4.9895266e-001
 4.9894425e-001
 4.9893832e-001
 4.9891442e-001
 4.9885532e-001
 4.9876982e-001
 4.9867737e-001
 4.9860761e-001
 4.9858180e-001
 4.9859941e-001
 4.9862152e-001
 4.9865758e-001
 4.9869329e-001
 4.9873167e-001
 4.9876142e-001
 4.9878976e-001
 4.9882311e-001
 4.9885201e-001
 4.9885246e-001
 4.9880952e-001
 4.9873590e-001
 4.9867496e-001
 4.9862736e-001
 4.9860054e-001
 4.9858621e-001
 4.9855772e-001
 4.9853504e-001
 4.9852043e-001
 4.9849105e-001
 4.9845135e-001
 4.9840257e-001
 4.9836108e-001
 4.9834609e-001
 4.9832395e-001
 4.9828693e-001
 4.9823478e-001
 4.9815264e-001
 4.9805629e-001
 4.9797586e-001
 4.9789777e-001
 4.9783376e-001
 4.9782294e-001
 4.9782473e-001
 4.9782351e-001
 4.9780643e-001
 4.9775127e-001
 4.9768797e-001
 4.9761081e-001
 4.9750865e-001
 4.9745077e-001
 4.9738210e-001
 4.9724916e-001
 4.9708903e-001
 4.9693811e-001
 4.9683481e-001
 4.9674240e-001
 4.9665746e-001
 4.9657121e-001
 4.9650559e-001
 4.9645445e-001
 4.9642506e-001
 4.9640602e-001
 4.9637493e-001
 4.9631321e-001
 4.9618030e-001
 4.9601275e-001
 4.9591568e-001
 4.9588153e-001
 4.9583033e-001
 4.9576119e-001
 4.9567270e-001
 4.9556816e-001
 4.9549770e-001
 4.9543956e-001
 4.9537349e-001
 4.9533397e-001
 4.9530584e-001
 4.9523205e-001
 4.9513090e-001
 4.9500921e-001
 4.9489525e-001
 4.9480873e-001
 4.9476197e-001
 4.9474606e-001
 4.9473014e-001
 4.9465668e-001
 4.9455380e-001
 4.9444148e-001
 4.9433386e-001
 4.9424806e-001
 4.9417487e-001
 4.9410734e-001
 4.9405220e-001
 4.9400163e-001
 4.9393177e-001
 4.9383771e-001
 4.9371430e-001
 4.9359545e-001
 4.9348632e-001
 4.9340537e-001
 4.9336132e-001
 4.9331924e-001
 4.9326739e-001
 4.9320093e-001
 4.9311915e-001
 4.9304387e-001
 4.9298704e-001
 4.9295324e-001
 4.9290615e-001
 4.9286941e-001
 4.9285400e-001
 4.9282780e-001
 4.9278808e-001
 4.9269983e-001
 4.9258807e-001
 4.9247989e-001
 4.9237385e-001
 4.9225676e-001
 4.9215168e-001
 4.9208161e-001
 4.9200201e-001
 4.9190649e-001
 4.9183077e-001
 4.9184281e-001
 4.9184552e-001
 4.9176836e-001
 4.9169263e-001
 4.9169797e-001
 4.9170443e-001
 4.9162975e-001
 4.9150831e-001
 4.9139675e-001
 4.9130332e-001
 4.9118969e-001
 4.9104491e-001
 4.9093202e-001
 4.9087408e-001
 4.9079344e-001
 4.9067187e-001
 4.9056238e-001
 4.9050272e-001
 4.9042118e-001
 4.9031249e-001
 4.9021780e-001
 4.9015212e-001
 4.9008015e-001
 4.8999164e-001
 4.8990723e-001
 4.8990595e-001
 4.8991132e-001
 4.8987353e-001
 4.8982236e-001
 4.8979998e-001
 4.8980856e-001
 4.8979822e-001
 4.8976073e-001
 4.8971292e-001
 4.8964170e-001
 4.8959738e-001
 4.8956421e-001
 4.8944277e-001
 4.8930585e-001
 4.8917300e-001
 4.8901379e-001
 4.8888594e-001
 4.8883283e-001
 4.8879120e-001
 4.8872685e-001
 4.8864949e-001
 4.8857585e-001
 4.8848587e-001
 4.8834300e-001
 4.8821303e-001
 4.8813689e-001
 4.8806572e-001
 4.8799205e-001
 4.8793140e-001
 4.8785371e-001
 4.8775086e-001
 4.8764366e-001
 4.8756579e-001
 4.8750672e-001
 4.8745590e-001
 4.8745978e-001
 4.8745686e-001
 4.8738602e-001
 4.8731920e-001
 4.8727778e-001
 4.8721844e-001
 4.8718280e-001
 4.8717961e-001
 4.8718995e-001
 4.8725045e-001
 4.8729786e-001
 4.8730993e-001
 4.8730260e-001
 4.8726603e-001
 4.8722541e-001
 4.8718765e-001
 4.8717397e-001
 4.8722646e-001
 4.8728091e-001
 4.8729062e-001
 4.8724908e-001
 4.8710212e-001
 4.8692894e-001
 4.8679852e-001
 4.8667747e-001
 4.8653534e-001
 4.8639303e-001
 4.8623803e-001
 4.8608488e-001
 4.8593691e-001
 4.8581758e-001
 4.8581243e-001
 4.8586008e-001
 4.8592347e-001
 4.8602644e-001
 4.8608372e-001
 4.8603052e-001
 4.8588800e-001
 4.8573428e-001
 4.8562616e-001
 4.8550954e-001
 4.8541993e-001
 4.8536214e-001
 4.8527500e-001
 4.8518252e-001
 4.8506957e-001
 4.8494262e-001
 4.8485929e-001
 4.8478621e-001
 4.8467180e-001
 4.8452446e-001
 4.8436478e-001
 4.8417783e-001
 4.8396039e-001
 4.8371795e-001
 4.8347920e-001
 4.8322526e-001
 4.8299304e-001
 4.8281211e-001
 4.8265064e-001
 4.8253426e-001
 4.8244375e-001
 4.8238325e-001
 4.8231596e-001
 4.8225835e-001
 4.8218220e-001
 4.8203406e-001
 4.8190701e-001
 4.8181793e-001
 4.8172343e-001
 4.8155037e-001
 4.8135459e-001
 4.8119596e-001
 4.8105317e-001
 4.8095414e-001
 4.8087764e-001
 4.8077589e-001
 4.8068106e-001
 4.8065466e-001
 4.8068029e-001
 4.8077109e-001
 4.8085222e-001
 4.8091602e-001
 4.8099634e-001
 4.8098829e-001
 4.8091996e-001
 4.8092434e-001
 4.8096144e-001
 4.8098221e-001
 4.8101166e-001
 4.8106405e-001
 4.8115566e-001
 4.8127136e-001
 4.8139477e-001
 4.8148778e-001
 4.8155141e-001
 4.8158446e-001
 4.8157457e-001
 4.8158529e-001
 4.8164183e-001
 4.8166010e-001
 4.8161003e-001
 4.8156744e-001
 4.8148745e-001
 4.8137453e-001
 4.8121682e-001
 4.8110396e-001
 4.8106775e-001
 4.8103395e-001
 4.8095220e-001
 4.8085484e-001
 4.8083514e-001
 4.8087254e-001
 4.8089382e-001
 4.8089078e-001
 4.8086405e-001
 4.8084584e-001
 4.8088926e-001
 4.8088881e-001
 4.8077852e-001
 4.8070514e-001
 4.8066506e-001
 4.8058978e-001
 4.8051879e-001
 4.8050365e-001
 4.8056111e-001
 4.8054859e-001
 4.8038435e-001
 4.8023596e-001
 4.8010069e-001
 4.7994909e-001
 4.7982955e-001
 4.7970575e-001
 4.7955719e-001
 4.7933602e-001
 4.7896573e-001
 4.7866401e-001
 4.7854179e-001
 4.7849342e-001
 4.7854292e-001
 4.7853550e-001
 4.7841570e-001
 4.7824466e-001
 4.7792518e-001
 4.7766393e-001
 4.7762397e-001
 4.7758743e-001
 4.7740525e-001
 4.7719279e-001
 4.7709614e-001
 4.7707608e-001
 4.7717309e-001
 4.7729000e-001
 4.7726342e-001
 4.7714883e-001
 4.7702748e-001
 4.7694817e-001
 4.7688881e-001
 4.7678983e-001
 4.7666854e-001
 4.7657013e-001
 4.7640845e-001
 4.7623295e-001
 4.7623032e-001
 4.7620961e-001
 4.7600254e-001
 4.7576886e-001
 4.7552112e-001
 4.7537225e-001
 4.7551623e-001
 4.7561768e-001
 4.7550678e-001
 4.7540364e-001
 4.7527376e-001
 4.7513029e-001
 4.7504660e-001
 4.7498211e-001
 4.7488073e-001
 4.7473451e-001
 4.7468418e-001
 4.7477153e-001
 4.7503570e-001
 4.7519031e-001
 4.7495058e-001
 4.7468638e-001
 4.7454250e-001
 4.7437021e-001
 4.7413924e-001
 4.7395194e-001
 4.7385180e-001
 4.7379670e-001
 4.7380123e-001
 4.7374183e-001
 4.7362140e-001
 4.7352135e-001
 4.7346032e-001
 4.7338888e-001
 4.7327593e-001
 4.7317031e-001
 4.7294366e-001
 4.7275582e-001
 4.7279590e-001
 4.7285205e-001
 4.7296697e-001
 4.7294676e-001
 4.7256988e-001
 4.7229502e-001
 4.7229502e-001
 4.7231856e-001
 4.7231066e-001
 4.7230813e-001
 4.7231290e-001
 4.7227159e-001
 4.7214702e-001
 4.7205117e-001
 4.7206107e-001
 4.7193393e-001
 4.7169432e-001
 4.7156408e-001
 4.7153115e-001
 4.7147766e-001
 4.7125831e-001
 4.7098529e-001
 4.7078475e-001
 4.7063577e-001
 4.7050622e-001
 4.7037682e-001
 4.7014886e-001
 4.7002760e-001
 4.7000313e-001
 4.6991137e-001
 4.6974832e-001
 4.6960977e-001
 4.6970955e-001
 4.6979117e-001
 4.6980035e-001
 4.6956116e-001
 4.6921411e-001
 4.6890312e-001
 4.6860623e-001
 4.6865407e-001
 4.6852833e-001
 4.6849212e-001
 4.6876755e-001
 4.6838635e-001
 4.6772614e-001
 4.6698245e-001
 4.6628854e-001
 4.6657217e-001
 4.6705616e-001
 4.6725041e-001
 4.6725008e-001
 4.6728334e-001
 4.6757063e-001
 4.6773827e-001
 4.6794268e-001
 4.6827692e-001
 4.6841341e-001
 4.6892893e-001
 4.6988192e-001
 4.6974963e-001
 4.6855697e-001
 4.6756428e-001
 4.6725619e-001
 4.6709296e-001
 4.6708745e-001
