 splib07a Record=9338: Quartz HS32.2B               ASDFRc AREF
 6.8506056e-001
 6.8567252e-001
 6.8725157e-001
 6.8926775e-001
 6.9029462e-001
 6.9114965e-001
 6.9239700e-001
 6.9383168e-001
 6.9471371e-001
 6.9533497e-001
 6.9626927e-001
 6.9668555e-001
 6.9730365e-001
 6.9845843e-001
 6.9965595e-001
 7.0094013e-001
 7.0188403e-001
 7.0194405e-001
 7.0285171e-001
 7.0416695e-001
 7.0499706e-001
 7.0568389e-001
 7.0665824e-001
 7.0789373e-001
 7.0902854e-001
 7.1011370e-001
 7.1092516e-001
 7.1126151e-001
 7.1264237e-001
 7.1407938e-001
 7.1477950e-001
 7.1542573e-001
 7.1627349e-001
 7.1720976e-001
 7.1811616e-001
 7.1851289e-001
 7.1899217e-001
 7.1995807e-001
 7.2082359e-001
 7.2150362e-001
 7.2225082e-001
 7.2351152e-001
 7.2448802e-001
 7.2525716e-001
 7.2635448e-001
 7.2706795e-001
 7.2775912e-001
 7.2869200e-001
 7.2950274e-001
 7.3013800e-001
 7.3076463e-001
 7.3155022e-001
 7.3226857e-001
 7.3287153e-001
 7.3344254e-001
 7.3412275e-001
 7.3473912e-001
 7.3524457e-001
 7.3566145e-001
 7.3651004e-001
 7.3745871e-001
 7.3801374e-001
 7.3864156e-001
 7.3934513e-001
 7.3999602e-001
 7.4074513e-001
 7.4142945e-001
 7.4202812e-001
 7.4259192e-001
 7.4335748e-001
 7.4407536e-001
 7.4452972e-001
 7.4507439e-001
 7.4573225e-001
 7.4639219e-001
 7.4709415e-001
 7.4767435e-001
 7.4820894e-001
 7.4882978e-001
 7.4950981e-001
 7.5017917e-001
 7.5080967e-001
 7.5140369e-001
 7.5208926e-001
 7.5280881e-001
 7.5338101e-001
 7.5400585e-001
 7.5468415e-001
 7.5531638e-001
 7.5593543e-001
 7.5651693e-001
 7.5706893e-001
 7.5763458e-001
 7.5819081e-001
 7.5873345e-001
 7.5926465e-001
 7.5986254e-001
 7.6046276e-001
 7.6100433e-001
 7.6156229e-001
 7.6209760e-001
 7.6260382e-001
 7.6313514e-001
 7.6363981e-001
 7.6412570e-001
 7.6462787e-001
 7.6509148e-001
 7.6556176e-001
 7.6606083e-001
 7.6655531e-001
 7.6701665e-001
 7.6744848e-001
 7.6786548e-001
 7.6829344e-001
 7.6873451e-001
 7.6917171e-001
 7.6956964e-001
 7.6995552e-001
 7.7036774e-001
 7.7082890e-001
 7.7127671e-001
 7.7168983e-001
 7.7208859e-001
 7.7252209e-001
 7.7294916e-001
 7.7333945e-001
 7.7373767e-001
 7.7414626e-001
 7.7455574e-001
 7.7496922e-001
 7.7535981e-001
 7.7573866e-001
 7.7612114e-001
 7.7650297e-001
 7.7686948e-001
 7.7722937e-001
 7.7763367e-001
 7.7799141e-001
 7.7833587e-001
 7.7874261e-001
 7.7918845e-001
 7.7961779e-001
 7.8001249e-001
 7.8037912e-001
 7.8077233e-001
 7.8118861e-001
 7.8160161e-001
 7.8197545e-001
 7.8233647e-001
 7.8271854e-001
 7.8305125e-001
 7.8338337e-001
 7.8374541e-001
 7.8411579e-001
 7.8448731e-001
 7.8483999e-001
 7.8516448e-001
 7.8548318e-001
 7.8583258e-001
 7.8620547e-001
 7.8654748e-001
 7.8688312e-001
 7.8724170e-001
 7.8762323e-001
 7.8802121e-001
 7.8839123e-001
 7.8871864e-001
 7.8904575e-001
 7.8936064e-001
 7.8965837e-001
 7.8998989e-001
 7.9030538e-001
 7.9061067e-001
 7.9096019e-001
 7.9127431e-001
 7.9155445e-001
 7.9183865e-001
 7.9215139e-001
 7.9246360e-001
 7.9276037e-001
 7.9306668e-001
 7.9337734e-001
 7.9369813e-001
 7.9403663e-001
 7.9434818e-001
 7.9464316e-001
 7.9493976e-001
 7.9521924e-001
 7.9549628e-001
 7.9578090e-001
 7.9606903e-001
 7.9636604e-001
 7.9664218e-001
 7.9688746e-001
 7.9713243e-001
 7.9739308e-001
 7.9766363e-001
 7.9794204e-001
 7.9822069e-001
 7.9849625e-001
 7.9876918e-001
 7.9904217e-001
 7.9929549e-001
 7.9953074e-001
 7.9979706e-001
 8.0006236e-001
 8.0031341e-001
 8.0057645e-001
 8.0083662e-001
 8.0108690e-001
 8.0132836e-001
 8.0159855e-001
 8.0184639e-001
 8.0206412e-001
 8.0231833e-001
 8.0257958e-001
 8.0283201e-001
 8.0309021e-001
 8.0333120e-001
 8.0356795e-001
 8.0381310e-001
 8.0404836e-001
 8.0428332e-001
 8.0452007e-001
 8.0474848e-001
 8.0497801e-001
 8.0521750e-001
 8.0546510e-001
 8.0570209e-001
 8.0590701e-001
 8.0609035e-001
 8.0627596e-001
 8.0645043e-001
 8.0661035e-001
 8.0677420e-001
 8.0688995e-001
 8.0703056e-001
 8.0723238e-001
 8.0745012e-001
 8.0757618e-001
 8.0761856e-001
 8.0756927e-001
 8.0770379e-001
 8.0798811e-001
 8.0825120e-001
 8.0849653e-001
 8.0858839e-001
 8.0858308e-001
 8.0865276e-001
 8.0890125e-001
 8.0915761e-001
 8.0926627e-001
 8.0927294e-001
 8.0934054e-001
 8.0951685e-001
 8.0975622e-001
 8.1002188e-001
 8.1025022e-001
 8.1037557e-001
 8.1042600e-001
 8.1048799e-001
 8.1058425e-001
 8.1067103e-001
 8.1069791e-001
 8.1068820e-001
 8.1070828e-001
 8.1077027e-001
 8.1084043e-001
 8.1089944e-001
 8.1095731e-001
 8.1100678e-001
 8.1104195e-001
 8.1107998e-001
 8.1113249e-001
 8.1122601e-001
 8.1142002e-001
 8.1166357e-001
 8.1188554e-001
 8.1208336e-001
 8.1223935e-001
 8.1234783e-001
 8.1243157e-001
 8.1253153e-001
 8.1262678e-001
 8.1270105e-001
 8.1276017e-001
 8.1281209e-001
 8.1287915e-001
 8.1296903e-001
 8.1306499e-001
 8.1315678e-001
 8.1323946e-001
 8.1331098e-001
 8.1337309e-001
 8.1342465e-001
 8.1346208e-001
 8.1350547e-001
 8.1355882e-001
 8.1361634e-001
 8.1370533e-001
 8.1383288e-001
 8.1395793e-001
 8.1404102e-001
 8.1411135e-001
 8.1418049e-001
 8.1424052e-001
 8.1428832e-001
 8.1434053e-001
 8.1440431e-001
 8.1448650e-001
 8.1455666e-001
 8.1461579e-001
 8.1468189e-001
 8.1476039e-001
 8.1484562e-001
 8.1492960e-001
 8.1500077e-001
 8.1507999e-001
 8.1517142e-001
 8.1525916e-001
 8.1534421e-001
 8.1542438e-001
 8.1550115e-001
 8.1554425e-001
 8.1557143e-001
 8.1560946e-001
 8.1566566e-001
 8.1573236e-001
 8.1579560e-001
 8.1584620e-001
 8.1592232e-001
 8.1602186e-001
 8.1612122e-001
 8.1619602e-001
 8.1624645e-001
 8.1630957e-001
 8.1643009e-001
 8.1654876e-001
 8.1662858e-001
 8.1668508e-001
 8.1674206e-001
 8.1681079e-001
 8.1688207e-001
 8.1699413e-001
 8.1705773e-001
 8.1707698e-001
 8.1712061e-001
 8.1717104e-001
 8.1723034e-001
 8.1730342e-001
 8.1735134e-001
 8.1739235e-001
 8.1744665e-001
 8.1750822e-001
 8.1757694e-001
 8.1763726e-001
 8.1767958e-001
 8.1772476e-001
 8.1779742e-001
 8.1788564e-001
 8.1795406e-001
 8.1798661e-001
 8.1801093e-001
 8.1804061e-001
 8.1810963e-001
 8.1819272e-001
 8.1826210e-001
 8.1833822e-001
 8.1843936e-001
 8.1855595e-001
 8.1867588e-001
 8.1876010e-001
 8.1881672e-001
 8.1887752e-001
 8.1890106e-001
 8.1890076e-001
 8.1890959e-001
 8.1896102e-001
 8.1905437e-001
 8.1915927e-001
 8.1928414e-001
 8.1936663e-001
 8.1942981e-001
 8.1951565e-001
 8.1961381e-001
 8.1968743e-001
 8.1973153e-001
 8.1976110e-001
 8.1981182e-001
 8.1989175e-001
 8.2000285e-001
 8.2005471e-001
 8.2006478e-001
 8.2008946e-001
 8.2012504e-001
 8.2016766e-001
 8.2020754e-001
 8.2024670e-001
 8.2028192e-001
 8.2032341e-001
 8.2037777e-001
 8.2044542e-001
 8.2051545e-001
 8.2058018e-001
 8.2064551e-001
 8.2069099e-001
 8.2072043e-001
 8.2076377e-001
 8.2076740e-001
 8.2077736e-001
 8.2083529e-001
 8.2093084e-001
 8.2101917e-001
 8.2107157e-001
 8.2108742e-001
 8.2107723e-001
 8.2107848e-001
 8.2110494e-001
 8.2113236e-001
 8.2116908e-001
 8.2122266e-001
 8.2129043e-001
 8.2134855e-001
 8.2140231e-001
 8.2148409e-001
 8.2154715e-001
 8.2158941e-001
 8.2163143e-001
 8.2169110e-001
 8.2173300e-001
 8.2174504e-001
 8.2173145e-001
 8.2176268e-001
 8.2184398e-001
 8.2193458e-001
 8.2203883e-001
 8.2209563e-001
 8.2209712e-001
 8.2209319e-001
 8.2210279e-001
 8.2211864e-001
 8.2212323e-001
 8.2215112e-001
 8.2220739e-001
 8.2227540e-001
 8.2233936e-001
 8.2238185e-001
 8.2240462e-001
 8.2237631e-001
 8.2238573e-001
 8.2245433e-001
 8.2254571e-001
 8.2261974e-001
 8.2266366e-001
 8.2269806e-001
 8.2273275e-001
 8.2276726e-001
 8.2279766e-001
 8.2282728e-001
 8.2285142e-001
 8.2287765e-001
 8.2291210e-001
 8.2295460e-001
 8.2300043e-001
 8.2304668e-001
 8.2306033e-001
 8.2313949e-001
 8.2326311e-001
 8.2335788e-001
 8.2339680e-001
 8.2338715e-001
 8.2336211e-001
 8.2335448e-001
 8.2339782e-001
 8.2347065e-001
 8.2354838e-001
 8.2362610e-001
 8.2369339e-001
 8.2374620e-001
 8.2379842e-001
 8.2385844e-001
 8.2392204e-001
 8.2396472e-001
 8.2402533e-001
 8.2410967e-001
 8.2418382e-001
 8.2428658e-001
 8.2438189e-001
 8.2443905e-001
 8.2446378e-001
 8.2447857e-001
 8.2450604e-001
 8.2455480e-001
 8.2461601e-001
 8.2467586e-001
 8.2473457e-001
 8.2479107e-001
 8.2487112e-001
 8.2497817e-001
 8.2508981e-001
 8.2519978e-001
 8.2530218e-001
 8.2538378e-001
 8.2547325e-001
 8.2556605e-001
 8.2564676e-001
 8.2570726e-001
 8.2576269e-001
 8.2583308e-001
 8.2594663e-001
 8.2605726e-001
 8.2615125e-001
 8.2625318e-001
 8.2634276e-001
 8.2641238e-001
 8.2647252e-001
 8.2651860e-001
 8.2661116e-001
 8.2673770e-001
 8.2685572e-001
 8.2693338e-001
 8.2701892e-001
 8.2715029e-001
 8.2730204e-001
 8.2742733e-001
 8.2752413e-001
 8.2763237e-001
 8.2773393e-001
 8.2781291e-001
 8.2787722e-001
 8.2790989e-001
 8.2796413e-001
 8.2806236e-001
 8.2814294e-001
 8.2820839e-001
 8.2829219e-001
 8.2843184e-001
 8.2855779e-001
 8.2866347e-001
 8.2879394e-001
 8.2884473e-001
 8.2888538e-001
 8.2897455e-001
 8.2907635e-001
 8.2915950e-001
 8.2924163e-001
 8.2935184e-001
 8.2950324e-001
 8.2963294e-001
 8.2971185e-001
 8.2979602e-001
 8.2990730e-001
 8.3002049e-001
 8.3008456e-001
 8.3016306e-001
 8.3026844e-001
 8.3036816e-001
 8.3047265e-001
 8.3056206e-001
 8.3063364e-001
 8.3070207e-001
 8.3076775e-001
 8.3084553e-001
 8.3095205e-001
 8.3107877e-001
 8.3121544e-001
 8.3135974e-001
 8.3152044e-001
 8.3167559e-001
 8.3180755e-001
 8.3190197e-001
 8.3198208e-001
 8.3206034e-001
 8.3212179e-001
 8.3220124e-001
 8.3227497e-001
 8.3232743e-001
 8.3238840e-001
 8.3247268e-001
 8.3256429e-001
 8.3264923e-001
 8.3271474e-001
 8.3279449e-001
 8.3290774e-001
 8.3303952e-001
 8.3314782e-001
 8.3323503e-001
 8.3333349e-001
 8.3346123e-001
 8.3359379e-001
 8.3371061e-001
 8.3379257e-001
 8.3383065e-001
 8.3384693e-001
 8.3390987e-001
 8.3399087e-001
 8.3406204e-001
 8.3416420e-001
 8.3422500e-001
 8.3425927e-001
 8.3431196e-001
 8.3439273e-001
 8.3450204e-001
 8.3461803e-001
 8.3471090e-001
 8.3479673e-001
 8.3489841e-001
 8.3502948e-001
 8.3512348e-001
 8.3518469e-001
 8.3524960e-001
 8.3528376e-001
 8.3533579e-001
 8.3542711e-001
 8.3556557e-001
 8.3567113e-001
 8.3576167e-001
 8.3589464e-001
 8.3602881e-001
 8.3617020e-001
 8.3631659e-001
 8.3642530e-001
 8.3649164e-001
 8.3656770e-001
 8.3669269e-001
 8.3684081e-001
 8.3697009e-001
 8.3707714e-001
 8.3716065e-001
 8.3723080e-001
 8.3730233e-001
 8.3739376e-001
 8.3746487e-001
 8.3750242e-001
 8.3751261e-001
 8.3759081e-001
 8.3770251e-001
 8.3778572e-001
 8.3777833e-001
 8.3782476e-001
 8.3795077e-001
 8.3808559e-001
 8.3813411e-001
 8.3815932e-001
 8.3823991e-001
 8.3841175e-001
 8.3857089e-001
 8.3866334e-001
 8.3874184e-001
 8.3879650e-001
 8.3884495e-001
 8.3889979e-001
 8.3895963e-001
 8.3902824e-001
 8.3911097e-001
 8.3930176e-001
 8.3944023e-001
 8.3949023e-001
 8.3951318e-001
 8.3965588e-001
 8.3975786e-001
 8.3999616e-001
 8.4018326e-001
 8.4004980e-001
 8.3986109e-001
 8.3975393e-001
 8.3972287e-001
 8.3981073e-001
 8.3990723e-001
 8.3992100e-001
 8.3989435e-001
 8.3995742e-001
 8.4010029e-001
 8.4019136e-001
 8.4025425e-001
 8.4032822e-001
 8.4028780e-001
 8.4026557e-001
 8.4042692e-001
 8.4057206e-001
 8.4059334e-001
 8.4058529e-001
 8.4061444e-001
 8.4065753e-001
 8.4069890e-001
 8.4076077e-001
 8.4087652e-001
 8.4099847e-001
 8.4106219e-001
 8.4105408e-001
 8.4103149e-001
 8.4105092e-001
 8.4104836e-001
 8.4095126e-001
 8.4090674e-001
 8.4104925e-001
 8.4112620e-001
 8.4105945e-001
 8.4099555e-001
 8.4098798e-001
 8.4102064e-001
 8.4105110e-001
 8.4105569e-001
 8.4109706e-001
 8.4118706e-001
 8.4121615e-001
 8.4115374e-001
 8.4108251e-001
 8.4107590e-001
 8.4111196e-001
 8.4114563e-001
 8.4112674e-001
 8.4114456e-001
 8.4117264e-001
 8.4117782e-001
 8.4122002e-001
 8.4130675e-001
 8.4140486e-001
 8.4149426e-001
 8.4155709e-001
 8.4161246e-001
 8.4168655e-001
 8.4175164e-001
 8.4177577e-001
 8.4179920e-001
 8.4192336e-001
 8.4210205e-001
 8.4214193e-001
 8.4206438e-001
 8.4204876e-001
 8.4211653e-001
 8.4217948e-001
 8.4220791e-001
 8.4222043e-001
 8.4223676e-001
 8.4227490e-001
 8.4234506e-001
 8.4242058e-001
 8.4255338e-001
 8.4269410e-001
 8.4269667e-001
 8.4266204e-001
 8.4266996e-001
 8.4265387e-001
 8.4264213e-001
 8.4270680e-001
 8.4278792e-001
 8.4281844e-001
 8.4282917e-001
 8.4284735e-001
 8.4287292e-001
 8.4293383e-001
 8.4302312e-001
 8.4307599e-001
 8.4309953e-001
 8.4318095e-001
 8.4326893e-001
 8.4336710e-001
 8.4350055e-001
 8.4356844e-001
 8.4356552e-001
 8.4357762e-001
 8.4360874e-001
 8.4364730e-001
 8.4365833e-001
 8.4366095e-001
 8.4372169e-001
 8.4380710e-001
 8.4385920e-001
 8.4389466e-001
 8.4397215e-001
 8.4405547e-001
 8.4402925e-001
 8.4394860e-001
 8.4395051e-001
 8.4410048e-001
 8.4420365e-001
 8.4416193e-001
 8.4414524e-001
 8.4420544e-001
 8.4427345e-001
 8.4432632e-001
 8.4434330e-001
 8.4429252e-001
 8.4425867e-001
 8.4433347e-001
 8.4442377e-001
 8.4446388e-001
 8.4448022e-001
 8.4449500e-001
 8.4450716e-001
 8.4447479e-001
 8.4443581e-001
 8.4441948e-001
 8.4441710e-001
 8.4437448e-001
 8.4428877e-001
 8.4424281e-001
 8.4424627e-001
 8.4425455e-001
 8.4427536e-001
 8.4427780e-001
 8.4424728e-001
 8.4422678e-001
 8.4423131e-001
 8.4423345e-001
 8.4426200e-001
 8.4428060e-001
 8.4428060e-001
 8.4428668e-001
 8.4434146e-001
 8.4445351e-001
 8.4455359e-001
 8.4461027e-001
 8.4468734e-001
 8.4476835e-001
 8.4480006e-001
 8.4471720e-001
 8.4465510e-001
 8.4470302e-001
 8.4475291e-001
 8.4478116e-001
 8.4480602e-001
 8.4483075e-001
 8.4485704e-001
 8.4483206e-001
 8.4478849e-001
 8.4476250e-001
 8.4474605e-001
 8.4475142e-001
 8.4477419e-001
 8.4476066e-001
 8.4470016e-001
 8.4465593e-001
 8.4465563e-001
 8.4467018e-001
 8.4470218e-001
 8.4473240e-001
 8.4477437e-001
 8.4481698e-001
 8.4483403e-001
 8.4484798e-001
 8.4480524e-001
 8.4475827e-001
 8.4473181e-001
 8.4471732e-001
 8.4469974e-001
 8.4467411e-001
 8.4463376e-001
 8.4457827e-001
 8.4454674e-001
 8.4456795e-001
 8.4459108e-001
 8.4460163e-001
 8.4462589e-001
 8.4467298e-001
 8.4471303e-001
 8.4472781e-001
 8.4474880e-001
 8.4479374e-001
 8.4483498e-001
 8.4478813e-001
 8.4473974e-001
 8.4464198e-001
 8.4453440e-001
 8.4451610e-001
 8.4452552e-001
 8.4452325e-001
 8.4451413e-001
 8.4451628e-001
 8.4452564e-001
 8.4457040e-001
 8.4465539e-001
 8.4472108e-001
 8.4476346e-001
 8.4481138e-001
 8.4486264e-001
 8.4491014e-001
 8.4494358e-001
 8.4497678e-001
 8.4500450e-001
 8.4503150e-001
 8.4505188e-001
 8.4507138e-001
 8.4510577e-001
 8.4514415e-001
 8.4519362e-001
 8.4524375e-001
 8.4528661e-001
 8.4532714e-001
 8.4532052e-001
 8.4528136e-001
 8.4525818e-001
 8.4525096e-001
 8.4524751e-001
 8.4525013e-001
 8.4525967e-001
 8.4528160e-001
 8.4531033e-001
 8.4536463e-001
 8.4541488e-001
 8.4544313e-001
 8.4547269e-001
 8.4553564e-001
 8.4559703e-001
 8.4569192e-001
 8.4578723e-001
 8.4584498e-001
 8.4589499e-001
 8.4595335e-001
 8.4601295e-001
 8.4606510e-001
 8.4611446e-001
 8.4614223e-001
 8.4615380e-001
 8.4616911e-001
 8.4618634e-001
 8.4620368e-001
 8.4622478e-001
 8.4623432e-001
 8.4621781e-001
 8.4620845e-001
 8.4621733e-001
 8.4622508e-001
 8.4624356e-001
 8.4625852e-001
 8.4621942e-001
 8.4617978e-001
 8.4618175e-001
 8.4618294e-001
 8.4622222e-001
 8.4627211e-001
 8.4631544e-001
 8.4635311e-001
 8.4636837e-001
 8.4637535e-001
 8.4639424e-001
 8.4641749e-001
 8.4645933e-001
 8.4651852e-001
 8.4655231e-001
 8.4655660e-001
 8.4655672e-001
 8.4655041e-001
 8.4655696e-001
 8.4657270e-001
 8.4657478e-001
 8.4654367e-001
 8.4651411e-001
 8.4652638e-001
 8.4654057e-001
 8.4653431e-001
 8.4652722e-001
 8.4651148e-001
 8.4649634e-001
 8.4645706e-001
 8.4641927e-001
 8.4638917e-001
 8.4635454e-001
 8.4629554e-001
 8.4622991e-001
 8.4619051e-001
 8.4615880e-001
 8.4614998e-001
 8.4617698e-001
 8.4619725e-001
 8.4620041e-001
 8.4620136e-001
 8.4619486e-001
 8.4619021e-001
 8.4618884e-001
 8.4619117e-001
 8.4621906e-001
 8.4624064e-001
 8.4623814e-001
 8.4624130e-001
 8.4624845e-001
 8.4625566e-001
 8.4624934e-001
 8.4623998e-001
 8.4622717e-001
 8.4621882e-001
 8.4624940e-001
 8.4628022e-001
 8.4624732e-001
 8.4620148e-001
 8.4617251e-001
 8.4614635e-001
 8.4614587e-001
 8.4616464e-001
 8.4617692e-001
 8.4618598e-001
 8.4621078e-001
 8.4624094e-001
 8.4628618e-001
 8.4634626e-001
 8.4640741e-001
 8.4648144e-001
 8.4654063e-001
 8.4655905e-001
 8.4657288e-001
 8.4659261e-001
 8.4661090e-001
 8.4659612e-001
 8.4658158e-001
 8.4655184e-001
 8.4652132e-001
 8.4650302e-001
 8.4648740e-001
 8.4649247e-001
 8.4650350e-001
 8.4650981e-001
 8.4650636e-001
 8.4652817e-001
 8.4656370e-001
 8.4657657e-001
 8.4658319e-001
 8.4656215e-001
 8.4652126e-001
 8.4646648e-001
 8.4641510e-001
 8.4639031e-001
 8.4637016e-001
 8.4636593e-001
 8.4639305e-001
 8.4642059e-001
 8.4644604e-001
 8.4645933e-001
 8.4644157e-001
 8.4642452e-001
 8.4642082e-001
 8.4642529e-001
 8.4645027e-001
 8.4647244e-001
 8.4648997e-001
 8.4650600e-001
 8.4648043e-001
 8.4645587e-001
 8.4643441e-001
 8.4641516e-001
 8.4642392e-001
 8.4643805e-001
 8.4648448e-001
 8.4653282e-001
 8.4653592e-001
 8.4653693e-001
 8.4656364e-001
 8.4660131e-001
 8.4661496e-001
 8.4661144e-001
 8.4661001e-001
 8.4661442e-001
 8.4665442e-001
 8.4670722e-001
 8.4676820e-001
 8.4683484e-001
 8.4684229e-001
 8.4680790e-001
 8.4678704e-001
 8.4677428e-001
 8.4676307e-001
 8.4675401e-001
 8.4675735e-001
 8.4678358e-001
 8.4679621e-001
 8.4678316e-001
 8.4679669e-001
 8.4685868e-001
 8.4691113e-001
 8.4696949e-001
 8.4704375e-001
 8.4717822e-001
 8.4730208e-001
 8.4736156e-001
 8.4742397e-001
 8.4750575e-001
 8.4758067e-001
 8.4759963e-001
 8.4761888e-001
 8.4767359e-001
 8.4772754e-001
 8.4775412e-001
 8.4777713e-001
 8.4776741e-001
 8.4774780e-001
 8.4771866e-001
 8.4769166e-001
 8.4762591e-001
 8.4756267e-001
 8.4751779e-001
 8.4746397e-001
 8.4742844e-001
 8.4740156e-001
 8.4735554e-001
 8.4730905e-001
 8.4731519e-001
 8.4735566e-001
 8.4740299e-001
 8.4744883e-001
 8.4750110e-001
 8.4755909e-001
 8.4761649e-001
 8.4767854e-001
 8.4774143e-001
 8.4780169e-001
 8.4786463e-001
 8.4794152e-001
 8.4802747e-001
 8.4811217e-001
 8.4819525e-001
 8.4828228e-001
 8.4837401e-001
 8.4848648e-001
 8.4859276e-001
 8.4867573e-001
 8.4876251e-001
 8.4887528e-001
 8.4897482e-001
 8.4900421e-001
 8.4903741e-001
 8.4906071e-001
 8.4907544e-001
 8.4907085e-001
 8.4906030e-001
 8.4901524e-001
 8.4897470e-001
 8.4899002e-001
 8.4900522e-001
 8.4900689e-001
 8.4901047e-001
 8.4905040e-001
 8.4909552e-001
 8.4911460e-001
 8.4912622e-001
 8.4917891e-001
 8.4923762e-001
 8.4928888e-001
 8.4933871e-001
 8.4939212e-001
 8.4943944e-001
 8.4948766e-001
 8.4954011e-001
 8.4958011e-001
 8.4961820e-001
 8.4966767e-001
 8.4971148e-001
 8.4975052e-001
 8.4979624e-001
 8.4983659e-001
 8.4987074e-001
 8.4989965e-001
 8.4992069e-001
 8.4995806e-001
 8.5001349e-001
 8.5004783e-001
 8.5006338e-001
 8.5007864e-001
 8.5010290e-001
 8.5013807e-001
 8.5016263e-001
 8.5018915e-001
 8.5021991e-001
 8.5023040e-001
 8.5023373e-001
 8.5025465e-001
 8.5028499e-001
 8.5031933e-001
 8.5035884e-001
 8.5040092e-001
 8.5045701e-001
 8.5050291e-001
 8.5052729e-001
 8.5055488e-001
 8.5057908e-001
 8.5058939e-001
 8.5056680e-001
 8.5055786e-001
 8.5058463e-001
 8.5061014e-001
 8.5063654e-001
 8.5066497e-001
 8.5069948e-001
 8.5073346e-001
 8.5077876e-001
 8.5082185e-001
 8.5082704e-001
 8.5083365e-001
 8.5084623e-001
 8.5085171e-001
 8.5082704e-001
 8.5081714e-001
 8.5087949e-001
 8.5093451e-001
 8.5096443e-001
 8.5098755e-001
 8.5098034e-001
 8.5097802e-001
 8.5102302e-001
 8.5107064e-001
 8.5107559e-001
 8.5107553e-001
 8.5108072e-001
 8.5108322e-001
 8.5109645e-001
 8.5111523e-001
 8.5112858e-001
 8.5113841e-001
 8.5118473e-001
 8.5123509e-001
 8.5128814e-001
 8.5133982e-001
 8.5135186e-001
 8.5135972e-001
 8.5138446e-001
 8.5140961e-001
 8.5143852e-001
 8.5147303e-001
 8.5146904e-001
 8.5145670e-001
 8.5145521e-001
 8.5145628e-001
 8.5147417e-001
 8.5149646e-001
 8.5151720e-001
 8.5153639e-001
 8.5156524e-001
 8.5159624e-001
 8.5160893e-001
 8.5161960e-001
 8.5165924e-001
 8.5170090e-001
 8.5178894e-001
 8.5188097e-001
 8.5192364e-001
 8.5196018e-001
 8.5199523e-001
 8.5202795e-001
 8.5204160e-001
 8.5205585e-001
 8.5206288e-001
 8.5206699e-001
 8.5207540e-001
 8.5207957e-001
 8.5209066e-001
 8.5210806e-001
 8.5211974e-001
 8.5212749e-001
 8.5212922e-001
 8.5212868e-001
 8.5213131e-001
 8.5213411e-001
 8.5212219e-001
 8.5210985e-001
 8.5212141e-001
 8.5213453e-001
 8.5214454e-001
 8.5215890e-001
 8.5217911e-001
 8.5219544e-001
 8.5219842e-001
 8.5219824e-001
 8.5221690e-001
 8.5224152e-001
 8.5226750e-001
 8.5229123e-001
 8.5233772e-001
 8.5239005e-001
 8.5240769e-001
 8.5242099e-001
 8.5242039e-001
 8.5241640e-001
 8.5242224e-001
 8.5242939e-001
 8.5245782e-001
 8.5248780e-001
 8.5252458e-001
 8.5256237e-001
 8.5261434e-001
 8.5266674e-001
 8.5274291e-001
 8.5282189e-001
 8.5291094e-001
 8.5299987e-001
 8.5309047e-001
 8.5318244e-001
 8.5322481e-001
 8.5326284e-001
 8.5326225e-001
 8.5325873e-001
 8.5319424e-001
 8.5312641e-001
 8.5307813e-001
 8.5303032e-001
 8.5296333e-001
 8.5289687e-001
 8.5291046e-001
 8.5292560e-001
 8.5296577e-001
 8.5300523e-001
 8.5306698e-001
 8.5312897e-001
 8.5319823e-001
 8.5326725e-001
 8.5333467e-001
 8.5339940e-001
 8.5342145e-001
 8.5344666e-001
 8.5351759e-001
 8.5358405e-001
 8.5360593e-001
 8.5362601e-001
 8.5364121e-001
 8.5366654e-001
 8.5374749e-001
 8.5382247e-001
 8.5386229e-001
 8.5390478e-001
 8.5396594e-001
 8.5402942e-001
 8.5410827e-001
 8.5418642e-001
 8.5425091e-001
 8.5429770e-001
 8.5429335e-001
 8.5429448e-001
 8.5430712e-001
 8.5431021e-001
 8.5429305e-001
 8.5427982e-001
 8.5427380e-001
 8.5426503e-001
 8.5424006e-001
 8.5422188e-001
 8.5422045e-001
 8.5420924e-001
 8.5417867e-001
 8.5415733e-001
 8.5416132e-001
 8.5414892e-001
 8.5410523e-001
 8.5408777e-001
 8.5410255e-001
 8.5409135e-001
 8.5405242e-001
 8.5400766e-001
 8.5395360e-001
 8.5390651e-001
 8.5387212e-001
 8.5385185e-001
 8.5383868e-001
 8.5385740e-001
 8.5389441e-001
 8.5394156e-001
 8.5399765e-001
 8.5406667e-001
 8.5414296e-001
 8.5418642e-001
 8.5421997e-001
 8.5426706e-001
 8.5431737e-001
 8.5439789e-001
 8.5448658e-001
 8.5457587e-001
 8.5465819e-001
 8.5468668e-001
 8.5471815e-001
 8.5471088e-001
 8.5468405e-001
 8.5469103e-001
 8.5471326e-001
 8.5470897e-001
 8.5469311e-001
 8.5467273e-001
 8.5465741e-001
 8.5463935e-001
 8.5462415e-001
 8.5462928e-001
 8.5463250e-001
 8.5460651e-001
 8.5457951e-001
 8.5455716e-001
 8.5454094e-001
 8.5451597e-001
 8.5449344e-001
 8.5446995e-001
 8.5444576e-001
 8.5445225e-001
 8.5446918e-001
 8.5449392e-001
 8.5449332e-001
 8.5445017e-001
 8.5439932e-001
 8.5434943e-001
 8.5430294e-001
 8.5425413e-001
 8.5420543e-001
 8.5412657e-001
 8.5406381e-001
 8.5406208e-001
 8.5405666e-001
 8.5402042e-001
 8.5401380e-001
 8.5404074e-001
 8.5403138e-001
 8.5400110e-001
 8.5402936e-001
 8.5407966e-001
 8.5411781e-001
 8.5416585e-001
 8.5425746e-001
 8.5433781e-001
 8.5435146e-001
 8.5435635e-001
 8.5435128e-001
 8.5436010e-001
 8.5438216e-001
 8.5439098e-001
 8.5438985e-001
 8.5439342e-001
 8.5441214e-001
 8.5442477e-001
 8.5444921e-001
 8.5450089e-001
 8.5463184e-001
 8.5475832e-001
 8.5484868e-001
 8.5495406e-001
 8.5507751e-001
 8.5517585e-001
 8.5522765e-001
 8.5529917e-001
 8.5540962e-001
 8.5547566e-001
 8.5548520e-001
 8.5553181e-001
 8.5563546e-001
 8.5569566e-001
 8.5569113e-001
 8.5567951e-001
 8.5569334e-001
 8.5575050e-001
 8.5579801e-001
 8.5578609e-001
 8.5576129e-001
 8.5573030e-001
 8.5570121e-001
 8.5570782e-001
 8.5571694e-001
 8.5571414e-001
 8.5571682e-001
 8.5574901e-001
 8.5577816e-001
 8.5577989e-001
 8.5576695e-001
 8.5574293e-001
 8.5573298e-001
 8.5572779e-001
 8.5569990e-001
 8.5566080e-001
 8.5561723e-001
 8.5560292e-001
 8.5563827e-001
 8.5568047e-001
 8.5567588e-001
 8.5565430e-001
 8.5564029e-001
 8.5563129e-001
 8.5562247e-001
 8.5561246e-001
 8.5556638e-001
 8.5550106e-001
 8.5545582e-001
 8.5543549e-001
 8.5542434e-001
 8.5538512e-001
 8.5532391e-001
 8.5528028e-001
 8.5528708e-001
 8.5530454e-001
 8.5525775e-001
 8.5516137e-001
 8.5509002e-001
 8.5506481e-001
 8.5509044e-001
 8.5516071e-001
 8.5520315e-001
 8.5522079e-001
 8.5521293e-001
 8.5521334e-001
 8.5521919e-001
 8.5522157e-001
 8.5521662e-001
 8.5521156e-001
 8.5523474e-001
 8.5529804e-001
 8.5536706e-001
 8.5544616e-001
 8.5553157e-001
 8.5563236e-001
 8.5573310e-001
 8.5579437e-001
 8.5586226e-001
 8.5592306e-001
 8.5597867e-001
 8.5604376e-001
 8.5611844e-001
 8.5620087e-001
 8.5631382e-001
 8.5642868e-001
 8.5649234e-001
 8.5654640e-001
 8.5659361e-001
 8.5663986e-001
 8.5666198e-001
 8.5663211e-001
 8.5658735e-001
 8.5649931e-001
 8.5641611e-001
 8.5636872e-001
 8.5632443e-001
 8.5626084e-001
 8.5620308e-001
 8.5616446e-001
 8.5612661e-001
 8.5610932e-001
 8.5615700e-001
 8.5622066e-001
 8.5630798e-001
 8.5639364e-001
 8.5635716e-001
 8.5631615e-001
 8.5628498e-001
 8.5626346e-001
 8.5621250e-001
 8.5611433e-001
 8.5601938e-001
 8.5597074e-001
 8.5592020e-001
 8.5579157e-001
 8.5565525e-001
 8.5548294e-001
 8.5530710e-001
 8.5512930e-001
 8.5494697e-001
 8.5477394e-001
 8.5460234e-001
 8.5443223e-001
 8.5428154e-001
 8.5413027e-001
 8.5396540e-001
 8.5379839e-001
 8.5372579e-001
 8.5368156e-001
 8.5363752e-001
 8.5359192e-001
 8.5352051e-001
 8.5342062e-001
 8.5331523e-001
 8.5317564e-001
 8.5303628e-001
 8.5287338e-001
 8.5270423e-001
 8.5255486e-001
 8.5241419e-001
 8.5226470e-001
 8.5210866e-001
 8.5197204e-001
 8.5188210e-001
 8.5179543e-001
 8.5173142e-001
 8.5166639e-001
 8.5154629e-001
 8.5142374e-001
 8.5131180e-001
 8.5120016e-001
 8.5107678e-001
 8.5094339e-001
 8.5079116e-001
 8.5060859e-001
 8.5044396e-001
 8.5030079e-001
 8.5015243e-001
 8.4996617e-001
 8.4976739e-001
 8.4962893e-001
 8.4951389e-001
 8.4943372e-001
 8.4937471e-001
 8.4930736e-001
 8.4923548e-001
 8.4917039e-001
 8.4917849e-001
 8.4918350e-001
 8.4922701e-001
 8.4926844e-001
 8.4935999e-001
 8.4946293e-001
 8.4956235e-001
 8.4966129e-001
 8.4981930e-001
 8.5006690e-001
 8.5028321e-001
 8.5037243e-001
 8.5043848e-001
 8.5052496e-001
 8.5058820e-001
 8.5062873e-001
 8.5065919e-001
 8.5064906e-001
 8.5062873e-001
 8.5062671e-001
 8.5063034e-001
 8.5061723e-001
 8.5060030e-001
 8.5058385e-001
 8.5059392e-001
 8.5061717e-001
 8.5070503e-001
 8.5079634e-001
 8.5086477e-001
 8.5092413e-001
 8.5097259e-001
 8.5102123e-001
 8.5108715e-001
 8.5117042e-001
 8.5127246e-001
 8.5150403e-001
 8.5172731e-001
 8.5195571e-001
 8.5218960e-001
 8.5241145e-001
 8.5263729e-001
 8.5285622e-001
 8.5305649e-001
 8.5323250e-001
 8.5338759e-001
 8.5351396e-001
 8.5357755e-001
 8.5364759e-001
 8.5373306e-001
 8.5382795e-001
 8.5391611e-001
 8.5396415e-001
 8.5404974e-001
 8.5417616e-001
 8.5430497e-001
 8.5442775e-001
 8.5458630e-001
 8.5477954e-001
 8.5492641e-001
 8.5498852e-001
 8.5507715e-001
 8.5526580e-001
 8.5547447e-001
 8.5563564e-001
 8.5578752e-001
 8.5597545e-001
 8.5615760e-001
 8.5627490e-001
 8.5635561e-001
 8.5646868e-001
 8.5662860e-001
 8.5680079e-001
 8.5694617e-001
 8.5708308e-001
 8.5724479e-001
 8.5740113e-001
 8.5751510e-001
 8.5762161e-001
 8.5772586e-001
 8.5783857e-001
 8.5792458e-001
 8.5798877e-001
 8.5808581e-001
 8.5822088e-001
 8.5834187e-001
 8.5850042e-001
 8.5864991e-001
 8.5886401e-001
 8.5909057e-001
 8.5926396e-001
 8.5941732e-001
 8.5957205e-001
 8.5972220e-001
 8.5985762e-001
 8.5999733e-001
 8.6013550e-001
 8.6025667e-001
 8.6037672e-001
 8.6041921e-001
 8.6042315e-001
 8.6040902e-001
 8.6041558e-001
 8.6043459e-001
 8.6050832e-001
 8.6068207e-001
 8.6088502e-001
 8.6105376e-001
 8.6118400e-001
 8.6131871e-001
 8.6149222e-001
 8.6168045e-001
 8.6190557e-001
 8.6215365e-001
 8.6238152e-001
 8.6256605e-001
 8.6269963e-001
 8.6283278e-001
 8.6293042e-001
 8.6303037e-001
 8.6314887e-001
 8.6327767e-001
 8.6342782e-001
 8.6359102e-001
 8.6372352e-001
 8.6383414e-001
 8.6395210e-001
 8.6409062e-001
 8.6422527e-001
 8.6434221e-001
 8.6445498e-001
 8.6457956e-001
 8.6472756e-001
 8.6485481e-001
 8.6497247e-001
 8.6513489e-001
 8.6531109e-001
 8.6545652e-001
 8.6558157e-001
 8.6570400e-001
 8.6583745e-001
 8.6598080e-001
 8.6615783e-001
 8.6633015e-001
 8.6651784e-001
 8.6671525e-001
 8.6683953e-001
 8.6695743e-001
 8.6705214e-001
 8.6712563e-001
 8.6710787e-001
 8.6704797e-001
 8.6702150e-001
 8.6701685e-001
 8.6701077e-001
 8.6697525e-001
 8.6693907e-001
 8.6693347e-001
 8.6691326e-001
 8.6688989e-001
 8.6687684e-001
 8.6689872e-001
 8.6692774e-001
 8.6697686e-001
 8.6700141e-001
 8.6700076e-001
 8.6697972e-001
 8.6692983e-001
 8.6684102e-001
 8.6674136e-001
 8.6665380e-001
 8.6659527e-001
 8.6661613e-001
 8.6666858e-001
 8.6676860e-001
 8.6682659e-001
 8.6684078e-001
 8.6683875e-001
 8.6693025e-001
 8.6706698e-001
 8.6713368e-001
 8.6713827e-001
 8.6713141e-001
 8.6712700e-001
 8.6712968e-001
 8.6714721e-001
 8.6716890e-001
 8.6716604e-001
 8.6719382e-001
 8.6714798e-001
 8.6706364e-001
 8.6689723e-001
 8.6676216e-001
 8.6666775e-001
 8.6663169e-001
 8.6664003e-001
 8.6665416e-001
 8.6663634e-001
 8.6660272e-001
 8.6653847e-001
 8.6647153e-001
 8.6639738e-001
 8.6628544e-001
 8.6616439e-001
 8.6596215e-001
 8.6576998e-001
 8.6566550e-001
 8.6556637e-001
 8.6537558e-001
 8.6520624e-001
 8.6511183e-001
 8.6501503e-001
 8.6473012e-001
 8.6441886e-001
 8.6423761e-001
 8.6412877e-001
 8.6397886e-001
 8.6380208e-001
 8.6362314e-001
 8.6344200e-001
 8.6327106e-001
 8.6307323e-001
 8.6290723e-001
 8.6280638e-001
 8.6269683e-001
 8.6256236e-001
 8.6241859e-001
 8.6233449e-001
 8.6225688e-001
 8.6215985e-001
 8.6206520e-001
 8.6203718e-001
 8.6199743e-001
 8.6190683e-001
 8.6176366e-001
 8.6162460e-001
 8.6152220e-001
 8.6142725e-001
 8.6131734e-001
 8.6124820e-001
 8.6123139e-001
 8.6115086e-001
 8.6090827e-001
 8.6066562e-001
 8.6057079e-001
 8.6047745e-001
 8.6033773e-001
 8.6021709e-001
 8.6020982e-001
 8.6021167e-001
 8.6015642e-001
 8.6007535e-001
 8.6007202e-001
 8.6006886e-001
 8.6006004e-001
 8.6003566e-001
 8.6003411e-001
 8.6006016e-001
 8.6005181e-001
 8.6000103e-001
 8.5997421e-001
 8.6000305e-001
 8.6001700e-001
 8.6011595e-001
 8.6019754e-001
 8.6030793e-001
 8.6041963e-001
 8.6047202e-001
 8.6050528e-001
 8.6051530e-001
 8.6049390e-001
 8.6041456e-001
 8.6028183e-001
 8.6016470e-001
 8.6003530e-001
 8.5992998e-001
 8.5984337e-001
 8.5976392e-001
 8.5968417e-001
 8.5957110e-001
 8.5942793e-001
 8.5934764e-001
 8.5938787e-001
 8.5944515e-001
 8.5950434e-001
 8.5957575e-001
 8.5967612e-001
 8.5977095e-001
 8.5974538e-001
 8.5970706e-001
 8.5964525e-001
 8.5957634e-001
 8.5950953e-001
 8.5944504e-001
 8.5936934e-001
 8.5929167e-001
 8.5914373e-001
 8.5897452e-001
 8.5890597e-001
 8.5888338e-001
 8.5891247e-001
 8.5899872e-001
 8.5903871e-001
 8.5903960e-001
 8.5913616e-001
 8.5934687e-001
 8.5951650e-001
 8.5958767e-001
 8.5969400e-001
 8.5985774e-001
 8.5997236e-001
 8.6003399e-001
 8.6010116e-001
 8.6002332e-001
 8.5993445e-001
 8.5985619e-001
 8.5974950e-001
 8.5963887e-001
 8.5950738e-001
 8.5942036e-001
 8.5935658e-001
 8.5928690e-001
 8.5922062e-001
 8.5921848e-001
 8.5923612e-001
 8.5915244e-001
 8.5901541e-001
 8.5891676e-001
 8.5885417e-001
 8.5875565e-001
 8.5860425e-001
 8.5846728e-001
 8.5837162e-001
 8.5835183e-001
 8.5847366e-001
 8.5858929e-001
 8.5863876e-001
 8.5869068e-001
 8.5881829e-001
 8.5893857e-001
 8.5898072e-001
 8.5903484e-001
 8.5921943e-001
 8.5939729e-001
 8.5934699e-001
 8.5924071e-001
 8.5912132e-001
 8.5899460e-001
 8.5904133e-001
 8.5913098e-001
 8.5919034e-001
 8.5924476e-001
 8.5927665e-001
 8.5931188e-001
 8.5928285e-001
 8.5923827e-001
 8.5912585e-001
 8.5899621e-001
 8.5893726e-001
 8.5890597e-001
 8.5889518e-001
 8.5891449e-001
 8.5894036e-001
 8.5897541e-001
 8.5904205e-001
 8.5913742e-001
 8.5920173e-001
 8.5921377e-001
 8.5921603e-001
 8.5920691e-001
 8.5925299e-001
 8.5940373e-001
 8.5955042e-001
 8.5971361e-001
 8.5987252e-001
 8.6003500e-001
 8.6019361e-001
 8.6035091e-001
 8.6048794e-001
 8.6064637e-001
 8.6080331e-001
 8.6086309e-001
 8.6092836e-001
 8.6105901e-001
 8.6118734e-001
 8.6122495e-001
 8.6127746e-001
 8.6148798e-001
 8.6171716e-001
 8.6191964e-001
 8.6205184e-001
 8.6212432e-001
 8.6219156e-001
 8.6226285e-001
 8.6236066e-001
 8.6245471e-001
 8.6255449e-001
 8.6249626e-001
 8.6233616e-001
 8.6233401e-001
 8.6243951e-001
 8.6242217e-001
 8.6236989e-001
 8.6228698e-001
 8.6215359e-001
 8.6203098e-001
 8.6193448e-001
 8.6186588e-001
 8.6184269e-001
 8.6184090e-001
 8.6182094e-001
 8.6178160e-001
 8.6174774e-001
 8.6173445e-001
 8.6177242e-001
 8.6196291e-001
 8.6239821e-001
 8.6272538e-001
 8.6285502e-001
 8.6297059e-001
 8.6304671e-001
 8.6314070e-001
 8.6323476e-001
 8.6330765e-001
 8.6334866e-001
 8.6338383e-001
 8.6344653e-001
 8.6345685e-001
 8.6326456e-001
 8.6309618e-001
 8.6299193e-001
 8.6288542e-001
 8.6270124e-001
 8.6251777e-001
 8.6217242e-001
 8.6185580e-001
 8.6178285e-001
 8.6169755e-001
 8.6171055e-001
 8.6172789e-001
 8.6162490e-001
 8.6152887e-001
 8.6151874e-001
 8.6149973e-001
 8.6140925e-001
 8.6131233e-001
 8.6122036e-001
 8.6116040e-001
 8.6122161e-001
 8.6128366e-001
 8.6111593e-001
 8.6092091e-001
 8.6090219e-001
 8.6089939e-001
 8.6091989e-001
 8.6095035e-001
 8.6080891e-001
 8.6065924e-001
 8.6039698e-001
 8.6006904e-001
 8.5985208e-001
 8.5966754e-001
 8.5941780e-001
 8.5915697e-001
 8.5890847e-001
 8.5868216e-001
 8.5868555e-001
 8.5874605e-001
 8.5867888e-001
 8.5856503e-001
 8.5851204e-001
 8.5846084e-001
 8.5835785e-001
 8.5825843e-001
 8.5820049e-001
 8.5817844e-001
 8.5818112e-001
 8.5815305e-001
 8.5800755e-001
 8.5788351e-001
 8.5800773e-001
 8.5814387e-001
 8.5795975e-001
 8.5768872e-001
 8.5722542e-001
 8.5671240e-001
 8.5651302e-001
 8.5642123e-001
 8.5622382e-001
 8.5598129e-001
 8.5607487e-001
 8.5623670e-001
 8.5614347e-001
 8.5598218e-001
 8.5595918e-001
 8.5599476e-001
 8.5591143e-001
 8.5580003e-001
 8.5544211e-001
 8.5503668e-001
 8.5465771e-001
 8.5428947e-001
 8.5435325e-001
 8.5444230e-001
 8.5432327e-001
 8.5421157e-001
 8.5417020e-001
 8.5407376e-001
 8.5391444e-001
 8.5382450e-001
 8.5390908e-001
 8.5397100e-001
 8.5383755e-001
 8.5378700e-001
 8.5332698e-001
 8.5265571e-001
 8.5258234e-001
 8.5257280e-001
 8.5252023e-001
 8.5256672e-001
 8.5188425e-001
 8.5104752e-001
 8.5026824e-001
 8.4952998e-001
 8.4965414e-001
 8.4977078e-001
 8.4945625e-001
 8.4918541e-001
 8.4928906e-001
 8.4937549e-001
 8.4916580e-001
 8.4891295e-001
 8.4882510e-001
 8.4890568e-001
 8.4940958e-001
 8.4989017e-001
 8.4996665e-001
 8.4987748e-001
 8.4952176e-001
 8.4938002e-001
 8.4991336e-001
 8.5053861e-001
 8.5166383e-001
 8.5243905e-001
 8.5179651e-001
 8.5126293e-001
 8.5110229e-001
 8.5064435e-001
 8.4943873e-001
 8.4868640e-001
 8.4907341e-001
 8.4916842e-001
 8.4871358e-001
 8.4883833e-001
 8.4966415e-001
 8.5009283e-001
 8.5082096e-001
 8.5128254e-001
 8.5035890e-001
 8.4958071e-001
 8.4969646e-001
