 splib07a Record=3519: Dickite NMNH106242           ASDNGb AREF
 4.0678358e-001
 4.0966699e-001
 4.1338131e-001
 4.1698515e-001
 4.2005527e-001
 4.2314869e-001
 4.2633170e-001
 4.2977473e-001
 4.3353492e-001
 4.3733576e-001
 4.4120166e-001
 4.4518355e-001
 4.4931749e-001
 4.5335150e-001
 4.5720586e-001
 4.6099019e-001
 4.6501377e-001
 4.6884286e-001
 4.7260836e-001
 4.7647855e-001
 4.8027056e-001
 4.8408049e-001
 4.8785019e-001
 4.9146977e-001
 4.9515936e-001
 4.9884355e-001
 5.0252604e-001
 5.0636911e-001
 5.1008844e-001
 5.1373917e-001
 5.1744151e-001
 5.2122420e-001
 5.2493596e-001
 5.2864230e-001
 5.3250307e-001
 5.3631592e-001
 5.4009634e-001
 5.4387474e-001
 5.4766548e-001
 5.5148649e-001
 5.5527651e-001
 5.5898070e-001
 5.6262702e-001
 5.6620109e-001
 5.6976157e-001
 5.7339388e-001
 5.7697457e-001
 5.8056194e-001
 5.8410072e-001
 5.8732760e-001
 5.9048969e-001
 5.9368753e-001
 5.9690958e-001
 5.9990925e-001
 6.0283375e-001
 6.0577977e-001
 6.0877299e-001
 6.1151975e-001
 6.1414325e-001
 6.1675912e-001
 6.1937004e-001
 6.2184888e-001
 6.2421572e-001
 6.2652886e-001
 6.2878978e-001
 6.3100451e-001
 6.3315183e-001
 6.3518822e-001
 6.3711339e-001
 6.3896239e-001
 6.4074820e-001
 6.4240718e-001
 6.4400482e-001
 6.4555222e-001
 6.4702225e-001
 6.4829129e-001
 6.4949155e-001
 6.5065700e-001
 6.5171170e-001
 6.5268427e-001
 6.5360117e-001
 6.5450191e-001
 6.5545487e-001
 6.5647262e-001
 6.5756434e-001
 6.5874386e-001
 6.6009235e-001
 6.6153491e-001
 6.6306448e-001
 6.6477776e-001
 6.6653591e-001
 6.6831964e-001
 6.7013782e-001
 6.7200208e-001
 6.7387366e-001
 6.7571300e-001
 6.7749846e-001
 6.7933023e-001
 6.8112409e-001
 6.8283594e-001
 6.8453598e-001
 6.8626159e-001
 6.8795151e-001
 6.8953812e-001
 6.9111085e-001
 6.9265091e-001
 6.9415909e-001
 6.9565600e-001
 6.9709420e-001
 6.9848949e-001
 6.9986337e-001
 7.0122361e-001
 7.0255613e-001
 7.0387334e-001
 7.0519894e-001
 7.0650423e-001
 7.0777702e-001
 7.0902270e-001
 7.1026593e-001
 7.1149188e-001
 7.1271890e-001
 7.1395868e-001
 7.1518886e-001
 7.1639276e-001
 7.1758044e-001
 7.1877956e-001
 7.2000265e-001
 7.2121614e-001
 7.2240043e-001
 7.2357202e-001
 7.2475922e-001
 7.2593784e-001
 7.2708166e-001
 7.2825336e-001
 7.2943628e-001
 7.3060828e-001
 7.3174524e-001
 7.3290163e-001
 7.3404133e-001
 7.3515314e-001
 7.3632401e-001
 7.3747349e-001
 7.3858547e-001
 7.3967904e-001
 7.4079990e-001
 7.4190873e-001
 7.4299401e-001
 7.4409539e-001
 7.4518698e-001
 7.4626726e-001
 7.4733853e-001
 7.4839491e-001
 7.4946958e-001
 7.5055206e-001
 7.5159717e-001
 7.5262839e-001
 7.5365341e-001
 7.5467628e-001
 7.5569457e-001
 7.5671852e-001
 7.5773251e-001
 7.5872117e-001
 7.5971001e-001
 7.6068115e-001
 7.6163810e-001
 7.6260203e-001
 7.6354229e-001
 7.6448005e-001
 7.6542777e-001
 7.6634461e-001
 7.6725310e-001
 7.6815206e-001
 7.6903105e-001
 7.6991564e-001
 7.7078944e-001
 7.7164799e-001
 7.7251470e-001
 7.7339387e-001
 7.7425414e-001
 7.7506936e-001
 7.7589160e-001
 7.7669567e-001
 7.7747667e-001
 7.7825177e-001
 7.7903396e-001
 7.7981949e-001
 7.8059959e-001
 7.8136736e-001
 7.8211331e-001
 7.8284979e-001
 7.8359437e-001
 7.8434741e-001
 7.8508472e-001
 7.8580368e-001
 7.8653324e-001
 7.8725004e-001
 7.8795111e-001
 7.8864181e-001
 7.8932887e-001
 7.9000121e-001
 7.9066408e-001
 7.9133421e-001
 7.9199576e-001
 7.9265773e-001
 7.9332256e-001
 7.9397911e-001
 7.9462147e-001
 7.9524738e-001
 7.9585606e-001
 7.9643553e-001
 7.9701543e-001
 7.9761183e-001
 7.9822272e-001
 7.9881972e-001
 7.9940027e-001
 7.9996008e-001
 8.0047435e-001
 8.0095023e-001
 8.0139166e-001
 8.0180115e-001
 8.0220956e-001
 8.0263323e-001
 8.0307871e-001
 8.0354029e-001
 8.0402678e-001
 8.0453295e-001
 8.0505180e-001
 8.0558664e-001
 8.0611300e-001
 8.0662686e-001
 8.0714059e-001
 8.0765831e-001
 8.0815864e-001
 8.0862308e-001
 8.0904520e-001
 8.0945802e-001
 8.0987215e-001
 8.1028837e-001
 8.1072766e-001
 8.1117487e-001
 8.1162590e-001
 8.1209576e-001
 8.1256300e-001
 8.1301320e-001
 8.1344020e-001
 8.1384921e-001
 8.1425142e-001
 8.1465250e-001
 8.1505173e-001
 8.1543541e-001
 8.1580716e-001
 8.1616843e-001
 8.1651461e-001
 8.1685346e-001
 8.1719631e-001
 8.1754798e-001
 8.1789112e-001
 8.1823272e-001
 8.1856447e-001
 8.1886327e-001
 8.1916380e-001
 8.1949705e-001
 8.1987125e-001
 8.2024521e-001
 8.2060182e-001
 8.2093883e-001
 8.2126391e-001
 8.2159036e-001
 8.2190961e-001
 8.2221824e-001
 8.2252008e-001
 8.2283103e-001
 8.2314247e-001
 8.2344353e-001
 8.2373339e-001
 8.2402569e-001
 8.2431871e-001
 8.2460356e-001
 8.2488668e-001
 8.2516849e-001
 8.2544923e-001
 8.2572651e-001
 8.2599986e-001
 8.2627028e-001
 8.2654107e-001
 8.2680506e-001
 8.2706058e-001
 8.2731175e-001
 8.2757354e-001
 8.2783037e-001
 8.2808560e-001
 8.2833815e-001
 8.2858706e-001
 8.2883942e-001
 8.2909000e-001
 8.2933229e-001
 8.2956898e-001
 8.2979858e-001
 8.3002198e-001
 8.3025116e-001
 8.3046997e-001
 8.3067864e-001
 8.3088702e-001
 8.3110529e-001
 8.3132017e-001
 8.3153391e-001
 8.3175403e-001
 8.3197862e-001
 8.3220214e-001
 8.3242452e-001
 8.3264434e-001
 8.3286792e-001
 8.3309078e-001
 8.3330595e-001
 8.3351868e-001
 8.3372575e-001
 8.3392799e-001
 8.3413196e-001
 8.3433568e-001
 8.3454210e-001
 8.3474970e-001
 8.3494645e-001
 8.3514005e-001
 8.3533007e-001
 8.3551490e-001
 8.3570099e-001
 8.3588821e-001
 8.3607131e-001
 8.3624244e-001
 8.3640379e-001
 8.3656764e-001
 8.3673888e-001
 8.3690751e-001
 8.3707231e-001
 8.3723897e-001
 8.3741403e-001
 8.3758944e-001
 8.3776736e-001
 8.3794242e-001
 8.3810085e-001
 8.3825231e-001
 8.3840448e-001
 8.3855677e-001
 8.3869958e-001
 8.3884144e-001
 8.3898592e-001
 8.3913040e-001
 8.3926129e-001
 8.3938229e-001
 8.3949822e-001
 8.3961016e-001
 8.3971208e-001
 8.3980983e-001
 8.3990514e-001
 8.3997566e-001
 8.4003347e-001
 8.4008026e-001
 8.4011966e-001
 8.4018773e-001
 8.4027892e-001
 8.4037846e-001
 8.4046793e-001
 8.4055942e-001
 8.4065962e-001
 8.4076852e-001
 8.4087449e-001
 8.4097081e-001
 8.4104651e-001
 8.4109497e-001
 8.4113580e-001
 8.4115678e-001
 8.4115696e-001
 8.4114897e-001
 8.4111351e-001
 8.4106916e-001
 8.4104067e-001
 8.4104854e-001
 8.4111553e-001
 8.4123605e-001
 8.4138793e-001
 8.4153950e-001
 8.4166908e-001
 8.4177297e-001
 8.4186339e-001
 8.4194463e-001
 8.4202284e-001
 8.4209687e-001
 8.4215152e-001
 8.4216219e-001
 8.4208846e-001
 8.4186047e-001
 8.4131134e-001
 8.4048426e-001
 8.3974290e-001
 8.3965373e-001
 8.4033167e-001
 8.4123528e-001
 8.4192055e-001
 8.4227479e-001
 8.4248877e-001
 8.4264481e-001
 8.4278768e-001
 8.4294212e-001
 8.4310699e-001
 8.4328324e-001
 8.4347385e-001
 8.4365964e-001
 8.4383744e-001
 8.4400707e-001
 8.4416658e-001
 8.4431249e-001
 8.4443790e-001
 8.4454012e-001
 8.4462750e-001
 8.4471595e-001
 8.4480488e-001
 8.4488553e-001
 8.4494376e-001
 8.4499526e-001
 8.4504819e-001
 8.4510303e-001
 8.4514391e-001
 8.4518087e-001
 8.4522134e-001
 8.4525979e-001
 8.4528995e-001
 8.4531474e-001
 8.4533757e-001
 8.4535015e-001
 8.4537071e-001
 8.4539676e-001
 8.4541315e-001
 8.4542322e-001
 8.4542823e-001
 8.4543204e-001
 8.4544420e-001
 8.4545743e-001
 8.4546655e-001
 8.4547418e-001
 8.4549880e-001
 8.4551090e-001
 8.4551412e-001
 8.4552211e-001
 8.4553790e-001
 8.4555000e-001
 8.4555036e-001
 8.4554011e-001
 8.4552556e-001
 8.4552062e-001
 8.4553337e-001
 8.4555972e-001
 8.4560961e-001
 8.4566534e-001
 8.4570932e-001
 8.4573698e-001
 8.4574193e-001
 8.4574103e-001
 8.4575677e-001
 8.4577978e-001
 8.4581095e-001
 8.4584647e-001
 8.4587991e-001
 8.4591687e-001
 8.4594482e-001
 8.4596306e-001
 8.4598768e-001
 8.4601355e-001
 8.4603792e-001
 8.4606153e-001
 8.4608787e-001
 8.4612739e-001
 8.4617090e-001
 8.4620661e-001
 8.4624821e-001
 8.4629107e-001
 8.4633255e-001
 8.4637237e-001
 8.4641033e-001
 8.4644288e-001
 8.4647441e-001
 8.4651464e-001
 8.4654188e-001
 8.4656936e-001
 8.4660512e-001
 8.4662968e-001
 8.4665328e-001
 8.4667677e-001
 8.4669888e-001
 8.4672409e-001
 8.4675550e-001
 8.4678358e-001
 8.4680063e-001
 8.4683150e-001
 8.4686255e-001
 8.4689206e-001
 8.4692740e-001
 8.4695876e-001
 8.4699082e-001
 8.4702438e-001
 8.4705490e-001
 8.4708542e-001
 8.4711289e-001
 8.4713912e-001
 8.4717375e-001
 8.4721011e-001
 8.4723961e-001
 8.4725654e-001
 8.4726763e-001
 8.4727883e-001
 8.4727979e-001
 8.4725624e-001
 8.4723800e-001
 8.4721285e-001
 8.4718734e-001
 8.4717846e-001
 8.4715253e-001
 8.4713012e-001
 8.4712189e-001
 8.4712082e-001
 8.4710747e-001
 8.4709740e-001
 8.4710258e-001
 8.4711844e-001
 8.4714180e-001
 8.4716588e-001
 8.4718496e-001
 8.4719598e-001
 8.4720737e-001
 8.4720856e-001
 8.4718513e-001
 8.4712589e-001
 8.4707522e-001
 8.4702724e-001
 8.4695613e-001
 8.4685951e-001
 8.4678072e-001
 8.4673041e-001
 8.4669715e-001
 8.4669507e-001
 8.4670079e-001
 8.4671372e-001
 8.4675443e-001
 8.4680337e-001
 8.4683871e-001
 8.4685224e-001
 8.4685361e-001
 8.4683353e-001
 8.4677958e-001
 8.4667748e-001
 8.4651136e-001
 8.4629321e-001
 8.4601390e-001
 8.4567028e-001
 8.4527117e-001
 8.4480643e-001
 8.4428936e-001
 8.4374642e-001
 8.4322232e-001
 8.4270453e-001
 8.4220642e-001
 8.4175688e-001
 8.4140158e-001
 8.4108424e-001
 8.4081846e-001
 8.4064591e-001
 8.4057033e-001
 8.4058899e-001
 8.4068859e-001
 8.4084570e-001
 8.4101808e-001
 8.4114563e-001
 8.4120792e-001
 8.4120750e-001
 8.4108776e-001
 8.4091133e-001
 8.4068650e-001
 8.4037876e-001
 8.4004605e-001
 8.3967972e-001
 8.3923429e-001
 8.3865446e-001
 8.3802581e-001
 8.3723283e-001
 8.3620989e-001
 8.3497298e-001
 8.3344793e-001
 8.3166713e-001
 8.2968539e-001
 8.2755852e-001
 8.2534885e-001
 8.2323110e-001
 8.2134932e-001
 8.1978381e-001
 8.1875455e-001
 8.1830668e-001
 8.1848121e-001
 8.1935859e-001
 8.2072443e-001
 8.2245404e-001
 8.2437569e-001
 8.2622868e-001
 8.2798529e-001
 8.2947934e-001
 8.3061832e-001
 8.3146310e-001
 8.3181810e-001
 8.3158094e-001
 8.3064556e-001
 8.2886881e-001
 8.2644141e-001
 8.2353705e-001
 8.2030797e-001
 8.1686902e-001
 8.1356359e-001
 8.1051630e-001
 8.0790144e-001
 8.0607158e-001
 8.0524379e-001
 8.0577755e-001
 8.0791181e-001
 8.1163269e-001
 8.1645745e-001
 8.2177138e-001
 8.2689565e-001
 8.3116043e-001
 8.3467114e-001
 8.3755428e-001
 8.3998853e-001
 8.4217137e-001
 8.4424824e-001
 8.4607595e-001
 8.4761107e-001
 8.4905213e-001
 8.5031021e-001
 8.5136825e-001
 8.5227686e-001
 8.5314232e-001
 8.5378373e-001
 8.5437423e-001
 8.5501355e-001
 8.5561663e-001
 8.5602623e-001
 8.5638863e-001
 8.5678971e-001
 8.5717064e-001
 8.5736758e-001
 8.5757959e-001
 8.5787743e-001
 8.5814947e-001
 8.5830998e-001
 8.5847801e-001
 8.5866171e-001
 8.5884553e-001
 8.5899913e-001
 8.5915011e-001
 8.5930192e-001
 8.5941392e-001
 8.5948360e-001
 8.5961187e-001
 8.5974365e-001
 8.5984838e-001
 8.5999012e-001
 8.6010027e-001
 8.6018270e-001
 8.6024743e-001
 8.6036235e-001
 8.6046970e-001
 8.6057484e-001
 8.6068857e-001
 8.6076134e-001
 8.6083472e-001
 8.6092764e-001
 8.6099434e-001
 8.6107600e-001
 8.6116850e-001
 8.6126167e-001
 8.6137223e-001
 8.6146200e-001
 8.6154443e-001
 8.6161911e-001
 8.6170042e-001
 8.6177891e-001
 8.6186934e-001
 8.6194217e-001
 8.6198795e-001
 8.6205047e-001
 8.6213315e-001
 8.6220849e-001
 8.6230171e-001
 8.6238658e-001
 8.6242998e-001
 8.6250043e-001
 8.6258131e-001
 8.6267966e-001
 8.6275679e-001
 8.6282527e-001
 8.6287582e-001
 8.6289597e-001
 8.6293525e-001
 8.6301452e-001
 8.6309296e-001
 8.6317039e-001
 8.6322165e-001
 8.6326969e-001
 8.6333072e-001
 8.6338681e-001
 8.6344784e-001
 8.6352497e-001
 8.6357695e-001
 8.6361516e-001
 8.6366159e-001
 8.6370975e-001
 8.6374795e-001
 8.6379433e-001
 8.6385250e-001
 8.6390793e-001
 8.6395448e-001
 8.6399513e-001
 8.6405504e-001
 8.6409396e-001
 8.6411023e-001
 8.6414504e-001
 8.6417687e-001
 8.6420333e-001
 8.6422586e-001
 8.6427861e-001
 8.6431003e-001
 8.6435324e-001
 8.6440122e-001
 8.6443335e-001
 8.6446363e-001
 8.6449176e-001
 8.6451578e-001
 8.6454791e-001
 8.6456913e-001
 8.6457813e-001
 8.6459297e-001
 8.6460996e-001
 8.6461800e-001
 8.6463952e-001
 8.6463952e-001
 8.6462176e-001
 8.6458713e-001
 8.6458874e-001
 8.6457998e-001
 8.6457580e-001
 8.6458600e-001
 8.6456805e-001
 8.6454290e-001
 8.6451018e-001
 8.6447197e-001
 8.6443383e-001
 8.6439091e-001
 8.6434239e-001
 8.6430627e-001
 8.6424285e-001
 8.6415219e-001
 8.6407030e-001
 8.6398399e-001
 8.6391163e-001
 8.6388403e-001
 8.6386943e-001
 8.6385596e-001
 8.6386752e-001
 8.6390561e-001
 8.6395907e-001
 8.6402661e-001
 8.6413467e-001
 8.6423421e-001
 8.6434078e-001
 8.6444581e-001
 8.6455470e-001
 8.6466938e-001
 8.6479008e-001
 8.6490703e-001
 8.6502790e-001
 8.6515766e-001
 8.6526215e-001
 8.6536127e-001
 8.6544448e-001
 8.6549771e-001
 8.6558360e-001
 8.6567777e-001
 8.6576444e-001
 8.6589152e-001
 8.6595172e-001
 8.6596161e-001
 8.6598253e-001
 8.6597592e-001
 8.6597413e-001
 8.6596555e-001
 8.6597490e-001
 8.6598986e-001
 8.6598748e-001
 8.6598462e-001
 8.6596811e-001
 8.6593378e-001
 8.6586595e-001
 8.6581171e-001
 8.6576378e-001
 8.6569422e-001
 8.6561292e-001
 8.6552280e-001
 8.6540657e-001
 8.6530542e-001
 8.6518896e-001
 8.6510265e-001
 8.6502343e-001
 8.6496532e-001
 8.6494279e-001
 8.6493093e-001
 8.6490333e-001
 8.6489737e-001
 8.6484796e-001
 8.6477321e-001
 8.6470181e-001
 8.6460716e-001
 8.6452830e-001
 8.6444545e-001
 8.6437994e-001
 8.6432362e-001
 8.6427492e-001
 8.6424136e-001
 8.6420578e-001
 8.6418945e-001
 8.6414856e-001
 8.6410004e-001
 8.6404842e-001
 8.6397409e-001
 8.6388201e-001
 8.6377245e-001
 8.6365050e-001
 8.6351436e-001
 8.6335272e-001
 8.6319590e-001
 8.6303467e-001
 8.6286187e-001
 8.6268979e-001
 8.6249322e-001
 8.6227477e-001
 8.6205381e-001
 8.6182511e-001
 8.6158073e-001
 8.6132675e-001
 8.6107153e-001
 8.6078674e-001
 8.6047482e-001
 8.6017150e-001
 8.5987002e-001
 8.5952568e-001
 8.5917121e-001
 8.5878724e-001
 8.5834318e-001
 8.5793257e-001
 8.5752374e-001
 8.5710561e-001
 8.5671133e-001
 8.5626900e-001
 8.5583580e-001
 8.5532510e-001
 8.5479689e-001
 8.5417610e-001
 8.5346097e-001
 8.5270172e-001
 8.5192305e-001
 8.5107005e-001
 8.5023743e-001
 8.4938884e-001
 8.4854287e-001
 8.4768474e-001
 8.4681213e-001
 8.4594297e-001
 8.4504843e-001
 8.4415609e-001
 8.4319258e-001
 8.4226602e-001
 8.4117073e-001
 8.4002787e-001
 8.3869982e-001
 8.3710080e-001
 8.3557135e-001
 8.3379775e-001
 8.3223218e-001
 8.3076727e-001
 8.2942241e-001
 8.2806545e-001
 8.2694262e-001
 8.2544887e-001
 8.2385164e-001
 8.2214236e-001
 8.2000947e-001
 8.1832850e-001
 8.1640404e-001
 8.1527412e-001
 8.1439501e-001
 8.1421775e-001
 8.1486672e-001
 8.1564921e-001
 8.1732190e-001
 8.1859136e-001
 8.2022393e-001
 8.2132351e-001
 8.2211661e-001
 8.2250935e-001
 8.2301539e-001
 8.2298928e-001
 8.2372880e-001
 8.2472187e-001
 8.2588720e-001
 8.2762474e-001
 8.2893032e-001
 8.3040178e-001
 8.3141536e-001
 8.3226490e-001
 8.3272570e-001
 8.3284682e-001
 8.3269536e-001
 8.3202833e-001
 8.3140796e-001
 8.3043396e-001
 8.2961428e-001
 8.2879853e-001
 8.2803005e-001
 8.2728338e-001
 8.2663774e-001
 8.2584071e-001
 8.2507962e-001
 8.2409704e-001
 8.2303202e-001
 8.2177001e-001
 8.2035255e-001
 8.1880081e-001
 8.1715590e-001
 8.1524831e-001
 8.1319773e-001
 8.1090140e-001
 8.0829221e-001
 8.0562329e-001
 8.0253547e-001
 7.9978591e-001
 7.9697597e-001
 7.9441828e-001
 7.9223794e-001
 7.9006714e-001
 7.8786153e-001
 7.8543276e-001
 7.8248382e-001
 7.7914578e-001
 7.7566367e-001
 7.7163160e-001
 7.6793510e-001
 7.6399827e-001
 7.6056904e-001
 7.5709325e-001
 7.5434119e-001
 7.5177699e-001
 7.5013179e-001
 7.4911076e-001
 7.4873632e-001
 7.4947095e-001
 7.5009644e-001
 7.5156248e-001
 7.5248647e-001
 7.5345093e-001
 7.5410718e-001
 7.5431037e-001
 7.5410509e-001
 7.5344580e-001
 7.5244778e-001
 7.5136715e-001
 7.4986130e-001
 7.4863237e-001
 7.4724293e-001
 7.4622130e-001
 7.4527830e-001
 7.4465024e-001
 7.4431950e-001
 7.4407929e-001
 7.4418980e-001
 7.4412429e-001
 7.4426985e-001
 7.4409002e-001
 7.4386567e-001
 7.4332643e-001
 7.4254382e-001
 7.4156362e-001
 7.4031883e-001
 7.3890901e-001
 7.3735768e-001
 7.3571354e-001
 7.3406827e-001
 7.3228890e-001
 7.3034281e-001
 7.2811770e-001
 7.2548521e-001
 7.2249728e-001
 7.1921670e-001
 7.1544182e-001
 7.1175677e-001
 7.0796847e-001
 7.0382529e-001
 6.9997209e-001
 6.9483060e-001
 6.8926436e-001
 6.8243635e-001
 6.7354363e-001
 6.6572249e-001
 6.5577990e-001
 6.4912552e-001
 6.4349651e-001
 6.4019036e-001
 6.3961232e-001
 6.4049482e-001
 6.4228296e-001
 6.4384741e-001
 6.4390582e-001
 6.4220959e-001
 6.3785845e-001
 6.3111901e-001
 6.2229091e-001
 6.1099869e-001
 5.9803182e-001
 5.8284789e-001
 5.6671172e-001
 5.4826868e-001
 5.3003496e-001
 5.0929970e-001
 4.9129242e-001
 4.7122714e-001
 4.5680538e-001
 4.4296163e-001
 4.3646061e-001
 4.3431211e-001
 4.3833062e-001
 4.5052382e-001
 4.6390399e-001
 4.8417053e-001
 5.0250328e-001
 5.2298331e-001
 5.4247975e-001
 5.6036288e-001
 5.7625186e-001
 5.8966553e-001
 6.0068005e-001
 6.0937005e-001
 6.1572880e-001
 6.1973202e-001
 6.2155616e-001
 6.2180889e-001
 6.2000668e-001
 6.1678785e-001
 6.1192018e-001
 6.0538232e-001
 5.9770972e-001
 5.8710492e-001
 5.7533336e-001
 5.5928200e-001
 5.4122752e-001
 5.1773030e-001
 4.8832715e-001
 4.5877722e-001
 4.1871494e-001
 3.9134413e-001
 3.5949984e-001
 3.4764388e-001
 3.4835643e-001
 3.5924315e-001
 3.9064819e-001
 4.1925660e-001
 4.5460808e-001
 4.9187261e-001
 5.2758098e-001
 5.6070679e-001
 5.9220392e-001
 6.2071735e-001
 6.4563394e-001
 6.6741300e-001
 6.8615675e-001
 7.0238554e-001
 7.1699047e-001
 7.2884589e-001
 7.4001366e-001
 7.4951845e-001
 7.5825644e-001
 7.6560920e-001
 7.7237153e-001
 7.7814263e-001
 7.8338730e-001
 7.8773791e-001
 7.9171097e-001
 7.9504162e-001
 7.9806077e-001
 8.0049455e-001
 8.0277079e-001
 8.0451471e-001
 8.0641663e-001
 8.0792147e-001
 8.0985570e-001
 8.1184691e-001
 8.1419241e-001
 8.1700379e-001
 8.1974226e-001
 8.2270050e-001
 8.2569021e-001
 8.2851201e-001
 8.3113301e-001
 8.3358783e-001
 8.3582860e-001
 8.3785665e-001
 8.3965117e-001
 8.4118789e-001
 8.4248847e-001
 8.4352392e-001
 8.4436613e-001
 8.4511948e-001
 8.4578705e-001
 8.4648991e-001
 8.4714276e-001
 8.4784180e-001
 8.4855455e-001
 8.4927273e-001
 8.5002327e-001
 8.5072196e-001
 8.5144413e-001
 8.5206109e-001
 8.5264415e-001
 8.5311037e-001
 8.5347718e-001
 8.5379022e-001
 8.5396749e-001
 8.5419136e-001
 8.5433751e-001
 8.5457337e-001
 8.5483205e-001
 8.5514015e-001
 8.5553527e-001
 8.5589713e-001
 8.5630536e-001
 8.5665244e-001
 8.5699034e-001
 8.5726708e-001
 8.5749197e-001
 8.5768294e-001
 8.5777217e-001
 8.5791308e-001
 8.5803086e-001
 8.5818088e-001
 8.5840589e-001
 8.5868114e-001
 8.5901010e-001
 8.5938144e-001
 8.5975301e-001
 8.6010635e-001
 8.6041003e-001
 8.6067224e-001
 8.6090231e-001
 8.6110002e-001
 8.6128706e-001
 8.6146104e-001
 8.6161911e-001
 8.6176074e-001
 8.6189175e-001
 8.6200976e-001
 8.6211115e-001
 8.6219841e-001
 8.6226928e-001
 8.6231655e-001
 8.6236924e-001
 8.6240917e-001
 8.6245382e-001
 8.6249828e-001
 8.6254209e-001
 8.6258262e-001
 8.6262900e-001
 8.6269242e-001
 8.6272538e-001
 8.6277318e-001
 8.6275566e-001
 8.6269712e-001
 8.6261618e-001
 8.6249214e-001
 8.6234808e-001
 8.6216372e-001
 8.6199105e-001
 8.6177504e-001
 8.6160558e-001
 8.6145693e-001
 8.6132741e-001
 8.6120844e-001
 8.6112732e-001
 8.6108625e-001
 8.6104375e-001
 8.6103016e-001
 8.6101735e-001
 8.6101878e-001
 8.6100161e-001
 8.6098754e-001
 8.6096436e-001
 8.6092502e-001
 8.6087501e-001
 8.6081874e-001
 8.6076009e-001
 8.6068547e-001
 8.6061192e-001
 8.6053830e-001
 8.6045837e-001
 8.6038619e-001
 8.6032522e-001
 8.6028469e-001
 8.6027598e-001
 8.6028510e-001
 8.6030376e-001
 8.6033404e-001
 8.6039829e-001
 8.6050546e-001
 8.6063504e-001
 8.6078471e-001
 8.6093992e-001
 8.6109626e-001
 8.6124051e-001
 8.6137211e-001
 8.6150247e-001
 8.6162543e-001
 8.6172664e-001
 8.6183518e-001
 8.6194229e-001
 8.6206311e-001
 8.6217731e-001
 8.6231381e-001
 8.6247420e-001
 8.6262506e-001
 8.6277473e-001
 8.6294174e-001
 8.6312002e-001
 8.6330056e-001
 8.6349934e-001
 8.6368018e-001
 8.6386120e-001
 8.6402333e-001
 8.6417663e-001
 8.6431831e-001
 8.6445141e-001
 8.6456287e-001
 8.6466813e-001
 8.6474168e-001
 8.6476982e-001
 8.6483169e-001
 8.6489224e-001
 8.6494529e-001
 8.6501837e-001
 8.6505628e-001
 8.6507124e-001
 8.6507642e-001
 8.6506265e-001
 8.6505079e-001
 8.6502260e-001
 8.6499614e-001
 8.6497915e-001
 8.6493284e-001
 8.6487317e-001
 8.6479974e-001
 8.6470425e-001
 8.6460668e-001
 8.6450559e-001
 8.6438084e-001
 8.6423564e-001
 8.6409026e-001
 8.6392057e-001
 8.6376184e-001
 8.6360931e-001
 8.6345005e-001
 8.6328411e-001
 8.6312270e-001
 8.6295700e-001
 8.6280340e-001
 8.6264592e-001
 8.6251932e-001
 8.6241215e-001
 8.6231452e-001
 8.6225444e-001
 8.6216497e-001
 8.6208475e-001
 8.6197031e-001
 8.6182672e-001
 8.6168718e-001
 8.6152917e-001
 8.6136788e-001
 8.6119342e-001
 8.6104095e-001
 8.6088550e-001
 8.6074650e-001
 8.6063766e-001
 8.6051464e-001
 8.6038303e-001
 8.6026639e-001
 8.6015135e-001
 8.6004996e-001
 8.5996807e-001
 8.5987723e-001
 8.5979337e-001
 8.5970891e-001
 8.5962135e-001
 8.5953707e-001
 8.5946316e-001
 8.5937780e-001
 8.5929686e-001
 8.5919541e-001
 8.5908186e-001
 8.5896122e-001
 8.5882390e-001
 8.5869038e-001
 8.5854489e-001
 8.5841638e-001
 8.5829335e-001
 8.5817248e-001
 8.5806632e-001
 8.5795361e-001
 8.5783362e-001
 8.5772759e-001
 8.5763615e-001
 8.5752779e-001
 8.5742164e-001
 8.5730982e-001
 8.5718381e-001
 8.5706383e-001
 8.5696262e-001
 8.5681719e-001
 8.5663903e-001
 8.5648739e-001
 8.5632378e-001
 8.5616022e-001
 8.5601932e-001
 8.5585070e-001
 8.5565776e-001
 8.5546291e-001
 8.5526842e-001
 8.5505724e-001
 8.5482270e-001
 8.5459358e-001
 8.5435623e-001
 8.5412264e-001
 8.5389596e-001
 8.5364878e-001
 8.5339642e-001
 8.5313791e-001
 8.5286206e-001
 8.5257769e-001
 8.5228860e-001
 8.5200149e-001
 8.5170168e-001
 8.5140395e-001
 8.5111552e-001
 8.5081017e-001
 8.5049522e-001
 8.5016268e-001
 8.4982127e-001
 8.4946716e-001
 8.4911364e-001
 8.4877890e-001
 8.4844679e-001
 8.4811896e-001
 8.4781224e-001
 8.4751016e-001
 8.4721291e-001
 8.4695882e-001
 8.4668779e-001
 8.4641492e-001
 8.4614938e-001
 8.4583229e-001
 8.4549266e-001
 8.4512269e-001
 8.4469301e-001
 8.4422123e-001
 8.4370494e-001
 8.4315002e-001
 8.4257108e-001
 8.4194601e-001
 8.4128708e-001
 8.4058225e-001
 8.3984947e-001
 8.3907104e-001
 8.3827883e-001
 8.3744174e-001
 8.3661717e-001
 8.3578551e-001
 8.3494782e-001
 8.3407491e-001
 8.3327091e-001
 8.3248967e-001
 8.3172876e-001
 8.3101165e-001
 8.3032173e-001
 8.2962555e-001
 8.2900763e-001
 8.2845336e-001
 8.2793909e-001
 8.2749474e-001
 8.2705200e-001
 8.2666188e-001
 8.2625383e-001
 8.2587028e-001
 8.2544321e-001
 8.2500833e-001
 8.2454503e-001
 8.2404178e-001
 8.2353818e-001
 8.2303137e-001
 8.2249922e-001
 8.2195866e-001
 8.2137138e-001
 8.2077146e-001
 8.2009864e-001
 8.1934118e-001
 8.1844556e-001
 8.1748724e-001
 8.1644797e-001
 8.1532025e-001
 8.1410944e-001
 8.1281769e-001
 8.1143457e-001
 8.0999017e-001
 8.0851805e-001
 8.0701143e-001
 8.0550325e-001
 8.0399019e-001
 8.0248702e-001
 8.0094409e-001
 7.9933786e-001
 7.9764634e-001
 7.9585338e-001
 7.9399270e-001
 7.9203820e-001
 7.8998417e-001
 7.8778034e-001
 7.8553373e-001
 7.8316665e-001
 7.8077847e-001
 7.7830142e-001
 7.7589905e-001
 7.7344382e-001
 7.7110893e-001
 7.6881379e-001
 7.6666331e-001
 7.6459265e-001
 7.6266319e-001
 7.6084828e-001
 7.5922561e-001
 7.5775939e-001
 7.5649071e-001
 7.5542837e-001
 7.5458562e-001
 7.5374001e-001
 7.5328279e-001
 7.5304890e-001
 7.5310242e-001
 7.5348443e-001
 7.5395781e-001
 7.5468999e-001
 7.5552261e-001
 7.5645453e-001
 7.5738055e-001
 7.5822747e-001
 7.5895309e-001
 7.5937152e-001
 7.5961488e-001
 7.5957310e-001
 7.5924468e-001
 7.5876081e-001
 7.5803256e-001
 7.5712049e-001
 7.5603068e-001
 7.5492835e-001
 7.5384450e-001
 7.5287348e-001
 7.5225049e-001
 7.5180578e-001
 7.5166303e-001
 7.5180387e-001
 7.5219357e-001
 7.5275141e-001
 7.5351310e-001
 7.5449711e-001
 7.5559092e-001
 7.5690031e-001
 7.5814855e-001
 7.5918370e-001
 7.5997847e-001
 7.6041955e-001
 7.6036370e-001
 7.6033032e-001
 7.6018023e-001
 7.6046956e-001
 7.6164639e-001
 7.6344484e-001
 7.6652795e-001
 7.7013469e-001
 7.7393919e-001
 7.7790266e-001
 7.8119195e-001
 7.8406608e-001
 7.8655148e-001
 7.8869128e-001
 7.9042262e-001
 7.9202080e-001
 7.9343462e-001
 7.9460931e-001
 7.9564339e-001
 7.9652572e-001
 7.9721326e-001
 7.9775041e-001
 7.9811490e-001
 7.9836696e-001
 7.9849404e-001
 7.9863489e-001
 7.9885834e-001
 7.9909545e-001
 7.9945254e-001
 7.9979783e-001
 8.0009747e-001
 8.0033505e-001
 8.0034488e-001
 8.0013531e-001
 7.9972959e-001
 7.9909635e-001
 7.9827827e-001
 7.9734033e-001
 7.9638344e-001
 7.9544014e-001
 7.9453635e-001
 7.9374760e-001
 7.9307431e-001
 7.9252630e-001
 7.9193139e-001
 7.9139400e-001
 7.9081768e-001
 7.9019272e-001
 7.8946954e-001
 7.8876030e-001
 7.8808016e-001
 7.8731304e-001
 7.8649789e-001
 7.8559774e-001
 7.8451514e-001
 7.8349781e-001
 7.8240550e-001
 7.8139424e-001
 7.8036797e-001
 7.7950239e-001
 7.7858037e-001
 7.7752310e-001
 7.7642787e-001
 7.7519816e-001
 7.7391601e-001
 7.7265805e-001
 7.7132368e-001
 7.6987869e-001
 7.6846045e-001
 7.6692337e-001
 7.6553428e-001
 7.6415372e-001
 7.6295519e-001
 7.6179439e-001
 7.6069701e-001
 7.5963330e-001
 7.5845337e-001
 7.5735480e-001
 7.5634974e-001
 7.5536484e-001
 7.5450313e-001
 7.5357533e-001
 7.5264853e-001
 7.5164860e-001
 7.5062537e-001
 7.4953735e-001
 7.4845642e-001
 7.4751312e-001
 7.4656701e-001
 7.4565125e-001
 7.4477142e-001
 7.4383891e-001
 7.4293166e-001
 7.4202418e-001
 7.4109781e-001
 7.4012721e-001
 7.3922110e-001
 7.3834109e-001
 7.3746455e-001
 7.3662305e-001
 7.3577940e-001
 7.3494554e-001
 7.3413098e-001
 7.3337275e-001
 7.3269284e-001
 7.3205841e-001
 7.3148936e-001
 7.3094624e-001
 7.3046476e-001
 7.2998077e-001
 7.2951686e-001
 7.2909492e-001
 7.2869802e-001
 7.2836483e-001
 7.2807032e-001
 7.2779149e-001
 7.2756696e-001
 7.2740912e-001
 7.2730529e-001
 7.2729266e-001
 7.2730869e-001
 7.2743666e-001
 7.2754723e-001
 7.2768265e-001
 7.2780496e-001
 7.2794062e-001
 7.2804683e-001
 7.2816867e-001
 7.2827822e-001
 7.2833395e-001
 7.2836733e-001
 7.2834444e-001
 7.2828519e-001
 7.2817010e-001
 7.2799367e-001
 7.2780228e-001
 7.2756892e-001
 7.2731489e-001
 7.2702265e-001
 7.2671717e-001
 7.2637784e-001
 7.2600490e-001
 7.2564495e-001
 7.2528607e-001
 7.2493297e-001
 7.2456968e-001
 7.2420233e-001
 7.2385246e-001
 7.2342312e-001
 7.2298259e-001
 7.2248846e-001
 7.2195137e-001
 7.2140008e-001
 7.2079873e-001
 7.2012192e-001
 7.1941280e-001
 7.1869981e-001
 7.1799916e-001
 7.1735650e-001
 7.1676695e-001
 7.1616411e-001
 7.1563077e-001
 7.1516389e-001
 7.1475148e-001
 7.1445143e-001
 7.1413767e-001
 7.1392107e-001
 7.1361315e-001
 7.1326888e-001
 7.1285522e-001
 7.1238619e-001
 7.1186382e-001
 7.1128690e-001
 7.1069479e-001
 7.1005404e-001
 7.0933056e-001
 7.0856744e-001
 7.0776570e-001
 7.0689213e-001
 7.0592809e-001
 7.0496428e-001
 7.0397699e-001
 7.0296323e-001
 7.0195860e-001
 7.0091563e-001
 6.9982505e-001
 6.9869047e-001
 6.9752312e-001
 6.9628626e-001
 6.9507051e-001
 6.9384778e-001
 6.9267952e-001
 6.9152975e-001
 6.9037890e-001
 6.8929678e-001
 6.8813539e-001
 6.8698311e-001
 6.8579608e-001
 6.8460339e-001
 6.8335336e-001
 6.8206257e-001
 6.8067563e-001
 6.7920160e-001
 6.7767686e-001
 6.7611313e-001
 6.7456859e-001
 6.7297161e-001
 6.7134053e-001
 6.6961169e-001
 6.6781199e-001
 6.6585749e-001
 6.6378355e-001
 6.6158831e-001
 6.5921277e-001
 6.5685886e-001
 6.5428978e-001
 6.5191418e-001
 6.4945132e-001
 6.4714342e-001
 6.4513350e-001
 6.4343774e-001
 6.4207315e-001
 6.4111066e-001
 6.4025682e-001
 6.3976038e-001
 6.3920015e-001
 6.3891733e-001
 6.3836420e-001
 6.3791472e-001
 6.3711059e-001
 6.3623035e-001
 6.3493907e-001
 6.3333035e-001
 6.3148391e-001
 6.2925899e-001
 6.2680477e-001
 6.2433112e-001
 6.2191528e-001
 6.1983728e-001
 6.1786103e-001
 6.1622375e-001
 6.1501068e-001
 6.1367333e-001
 6.1265761e-001
 6.1128020e-001
 6.0987884e-001
 6.0822332e-001
 6.0630220e-001
 6.0440665e-001
 6.0217828e-001
 6.0023057e-001
 5.9818268e-001
 5.9649485e-001
 5.9502953e-001
 5.9382272e-001
 5.9292471e-001
 5.9226346e-001
 5.9161687e-001
 5.9128284e-001
 5.9059876e-001
 5.9004223e-001
 5.8895105e-001
 5.8776402e-001
 5.8595365e-001
 5.8381671e-001
 5.8100063e-001
 5.7762283e-001
 5.7370806e-001
 5.6882948e-001
 5.6410789e-001
 5.5822772e-001
 5.5353415e-001
 5.4841930e-001
 5.4508650e-001
 5.4273230e-001
 5.4191256e-001
 5.4226232e-001
 5.4446417e-001
 5.4637003e-001
 5.4979122e-001
 5.5190390e-001
 5.5434799e-001
 5.5549765e-001
 5.5609620e-001
 5.5572593e-001
 5.5437052e-001
 5.5248648e-001
 5.4970300e-001
 5.4654294e-001
 5.4267746e-001
 5.3851795e-001
 5.3370255e-001
 5.2873123e-001
 5.2328128e-001
 5.1779693e-001
 5.1213557e-001
 5.0633854e-001
 5.0057930e-001
 4.9468094e-001
 4.8887485e-001
 4.8296961e-001
 4.7733790e-001
 4.7170913e-001
 4.6645379e-001
 4.6139318e-001
 4.5670912e-001
 4.5229122e-001
 4.4820449e-001
 4.4456419e-001
 4.4101152e-001
 4.3793753e-001
 4.3466592e-001
 4.3178511e-001
 4.2829970e-001
 4.2497733e-001
 4.2068714e-001
 4.1589463e-001
 4.1041946e-001
 4.0389320e-001
 3.9636892e-001
 3.8802844e-001
 3.7851971e-001
 3.6885130e-001
 3.5808620e-001
 3.4795406e-001
 3.3716628e-001
 3.2760727e-001
 3.1815580e-001
 3.0997846e-001
 3.0267096e-001
 2.9620051e-001
 2.9087687e-001
 2.8594106e-001
 2.8198901e-001
 2.7812800e-001
 2.7486673e-001
 2.7167743e-001
 2.6867563e-001
 2.6603672e-001
 2.6318911e-001
 2.6145455e-001
 2.6004076e-001
 2.5967407e-001
 2.6081598e-001
 2.6361471e-001
 2.6830348e-001
 2.7472806e-001
 2.8222200e-001
 2.9182935e-001
 3.0108905e-001
 3.1193626e-001
 3.2130066e-001
 3.3119780e-001
 3.3904070e-001
 3.4646645e-001
 3.5140303e-001
 3.5526186e-001
 3.5602215e-001
 3.5496455e-001
 3.5039157e-001
 3.4282112e-001
 3.3234078e-001
 3.1753123e-001
 3.0192322e-001
 2.8095958e-001
 2.6347354e-001
 2.4185006e-001
 2.2836593e-001
 2.1721791e-001
 2.1368374e-001
 2.1738039e-001
 2.2731905e-001
 2.4221066e-001
 2.5950024e-001
 2.7765101e-001
 2.9497501e-001
 3.1067476e-001
 3.2560328e-001
 3.3935282e-001
 3.5151145e-001
 3.6382601e-001
 3.7524870e-001
 3.8686118e-001
 3.9832184e-001
 4.0932930e-001
 4.2040947e-001
 4.3039081e-001
 4.3989685e-001
 4.4835874e-001
 4.5590156e-001
 4.6264404e-001
 4.6839300e-001
 4.7349980e-001
 4.7768101e-001
 4.8135602e-001
 4.8425022e-001
 4.8668331e-001
 4.8851308e-001
 4.8981947e-001
 4.9052036e-001
 4.9074143e-001
 4.9037486e-001
 4.8955089e-001
 4.8817047e-001
 4.8634362e-001
 4.8413384e-001
 4.8149431e-001
 4.7850677e-001
 4.7525519e-001
 4.7167727e-001
 4.6794114e-001
 4.6425423e-001
 4.6065637e-001
 4.5730832e-001
 4.5408440e-001
 4.5120993e-001
 4.4848919e-001
 4.4625545e-001
 4.4427952e-001
 4.4287959e-001
 4.4194660e-001
 4.4150800e-001
 4.4169611e-001
 4.4214657e-001
 4.4329578e-001
 4.4423345e-001
 4.4557947e-001
 4.4651163e-001
 4.4746181e-001
 4.4798547e-001
 4.4829383e-001
 4.4824183e-001
 4.4777921e-001
 4.4708335e-001
 4.4601229e-001
 4.4482863e-001
 4.4344935e-001
 4.4181558e-001
 4.4001535e-001
 4.3788370e-001
 4.3538824e-001
 4.3270335e-001
 4.2972815e-001
 4.2655757e-001
 4.2310736e-001
 4.1953006e-001
 4.1573080e-001
 4.1174769e-001
 4.0759358e-001
 4.0333286e-001
 3.9894044e-001
 3.9450586e-001
 3.9013728e-001
 3.8581762e-001
 3.8163280e-001
 3.7762395e-001
 3.7378871e-001
 3.7023380e-001
 3.6699456e-001
 3.6410657e-001
 3.6165798e-001
 3.5960484e-001
 3.5791951e-001
 3.5661742e-001
 3.5568893e-001
 3.5504180e-001
 3.5462463e-001
 3.5443494e-001
 3.5437575e-001
 3.5448870e-001
 3.5474545e-001
 3.5519454e-001
 3.5580105e-001
 3.5655251e-001
 3.5746837e-001
 3.5862514e-001
 3.5979059e-001
 3.6122218e-001
 3.6238596e-001
 3.6363485e-001
 3.6447752e-001
 3.6512321e-001
 3.6543021e-001
 3.6537719e-001
 3.6521065e-001
 3.6464971e-001
 3.6421290e-001
 3.6359495e-001
 3.6321262e-001
 3.6283863e-001
 3.6272794e-001
 3.6281368e-001
 3.6291826e-001
 3.6330786e-001
 3.6344656e-001
 3.6381015e-001
 3.6359397e-001
 3.6321667e-001
 3.6226079e-001
 3.6076218e-001
 3.5889563e-001
 3.5648274e-001
 3.5382873e-001
 3.5066041e-001
 3.4751546e-001
 3.4403414e-001
 3.4067550e-001
 3.3712181e-001
 3.3381841e-001
 3.3049741e-001
 3.2755759e-001
 3.2477871e-001
 3.2242486e-001
 3.2032350e-001
 3.1869018e-001
 3.1742874e-001
 3.1671768e-001
 3.1655604e-001
 3.1684247e-001
 3.1782046e-001
 3.1891882e-001
 3.2073882e-001
 3.2214907e-001
 3.2392460e-001
 3.2491404e-001
 3.2563585e-001
 3.2562584e-001
 3.2499900e-001
 3.2372448e-001
 3.2168224e-001
 3.1923789e-001
 3.1592673e-001
 3.1262797e-001
 3.0877528e-001
 3.0513158e-001
 3.0128109e-001
 2.9774472e-001
 2.9427645e-001
 2.9112896e-001
 2.8810582e-001
 2.8550965e-001
 2.8318039e-001
 2.8130984e-001
 2.7982461e-001
 2.7894238e-001
 2.7855852e-001
 2.7874359e-001
 2.7970177e-001
 2.8088582e-001
 2.8274354e-001
 2.8458616e-001
 2.8675967e-001
 2.8886464e-001
 2.9097873e-001
 2.9331610e-001
 2.9582167e-001
 2.9841596e-001
 3.0129743e-001
 3.0409724e-001
 3.0696473e-001
 3.0972692e-001
 3.1258968e-001
 3.1502366e-001
 3.1732520e-001
 3.1915507e-001
 3.2053795e-001
 3.2179216e-001
 3.2269320e-001
 3.2348672e-001
 3.2410502e-001
 3.2444379e-001
 3.2436267e-001
 3.2445425e-001
 3.2441705e-001
 3.2438222e-001
 3.2442626e-001
 3.2433954e-001
 3.2404283e-001
 3.2391858e-001
 3.2391986e-001
 3.2371557e-001
 3.2354379e-001
 3.2323095e-001
 3.2277557e-001
 3.2220167e-001
 3.2144681e-001
 3.2058996e-001
 3.1934941e-001
 3.1787920e-001
 3.1629273e-001
 3.1447163e-001
 3.1251359e-001
 3.1043220e-001
 3.0816337e-001
 3.0567038e-001
 3.0299863e-001
 3.0030864e-001
 2.9763243e-001
 2.9494074e-001
 2.9264492e-001
 2.9078498e-001
 2.8923580e-001
 2.8809577e-001
 2.8725556e-001
 2.8667492e-001
 2.8635502e-001
 2.8627214e-001
 2.8628775e-001
 2.8646588e-001
 2.8669465e-001
 2.8682375e-001
 2.8709382e-001
 2.8729284e-001
 2.8730014e-001
 2.8739622e-001
 2.8750232e-001
 2.8750226e-001
 2.8758943e-001
 2.8768760e-001
 2.8749299e-001
 2.8728712e-001
 2.8704354e-001
 2.8655067e-001
 2.8611171e-001
 2.8547522e-001
 2.8476375e-001
 2.8427023e-001
 2.8368261e-001
 2.8314862e-001
 2.8241765e-001
 2.8144184e-001
 2.8054270e-001
 2.7966812e-001
 2.7849552e-001
 2.7723742e-001
 2.7561706e-001
 2.7393666e-001
 2.7252501e-001
 2.7092764e-001
 2.6915786e-001
 2.6729184e-001
 2.6501596e-001
 2.6269838e-001
 2.6058176e-001
 2.5821206e-001
 2.5569844e-001
 2.5333324e-001
 2.5119200e-001
 2.4971823e-001
 2.4901900e-001
 2.4891394e-001
 2.4921630e-001
 2.4994855e-001
 2.5084710e-001
 2.5194156e-001
 2.5325358e-001
 2.5426066e-001
 2.5503829e-001
 2.5548950e-001
 2.5556272e-001
 2.5534531e-001
 2.5503400e-001
 2.5469026e-001
