 splib07a Record=15303: Isocytosine SA-I2127         ASDHRa AREF
 4.1851929e-001
 4.1854501e-001
 4.2050180e-001
 4.1769350e-001
 4.1405100e-001
 4.1356355e-001
 4.1652110e-001
 4.1804114e-001
 4.2186064e-001
 4.2556819e-001
 4.2715877e-001
 4.3114629e-001
 4.3565473e-001
 4.4156945e-001
 4.5024475e-001
 4.5816070e-001
 4.6588302e-001
 4.7334608e-001
 4.8023066e-001
 4.8908621e-001
 4.9832672e-001
 5.0689197e-001
 5.1591206e-001
 5.2439874e-001
 5.3322774e-001
 5.4301327e-001
 5.5219972e-001
 5.6125766e-001
 5.7058954e-001
 5.8048707e-001
 5.9022152e-001
 5.9922767e-001
 6.0748625e-001
 6.1554444e-001
 6.2335294e-001
 6.3103157e-001
 6.3845956e-001
 6.4518726e-001
 6.5135550e-001
 6.5705019e-001
 6.6228461e-001
 6.6710591e-001
 6.7221427e-001
 6.7753553e-001
 6.8225342e-001
 6.8628299e-001
 6.9036317e-001
 6.9460088e-001
 6.9817233e-001
 7.0186377e-001
 7.0540261e-001
 7.0868206e-001
 7.1229565e-001
 7.1566308e-001
 7.1866685e-001
 7.2154903e-001
 7.2460890e-001
 7.2758698e-001
 7.3037469e-001
 7.3310578e-001
 7.3580366e-001
 7.3846966e-001
 7.4104440e-001
 7.4344730e-001
 7.4583387e-001
 7.4821353e-001
 7.5058192e-001
 7.5300068e-001
 7.5526041e-001
 7.5737715e-001
 7.5955099e-001
 7.6171416e-001
 7.6386487e-001
 7.6593220e-001
 7.6780826e-001
 7.6960188e-001
 7.7157104e-001
 7.7372348e-001
 7.7546835e-001
 7.7719891e-001
 7.7895308e-001
 7.8061527e-001
 7.8245866e-001
 7.8412217e-001
 7.8555822e-001
 7.8716975e-001
 7.8866076e-001
 7.9011220e-001
 7.9165661e-001
 7.9322439e-001
 7.9460895e-001
 7.9589182e-001
 7.9729366e-001
 7.9861224e-001
 7.9992646e-001
 8.0123132e-001
 8.0243665e-001
 8.0367935e-001
 8.0489647e-001
 8.0606455e-001
 8.0732226e-001
 8.0844712e-001
 8.0950761e-001
 8.1069422e-001
 8.1180042e-001
 8.1291640e-001
 8.1405598e-001
 8.1513107e-001
 8.1622165e-001
 8.1722671e-001
 8.1813633e-001
 8.1921369e-001
 8.2030493e-001
 8.2134283e-001
 8.2232469e-001
 8.2326144e-001
 8.2425845e-001
 8.2533056e-001
 8.2631439e-001
 8.2714379e-001
 8.2801610e-001
 8.2909453e-001
 8.3009726e-001
 8.3098912e-001
 8.3187169e-001
 8.3286262e-001
 8.3368665e-001
 8.3456218e-001
 8.3556932e-001
 8.3646566e-001
 8.3730477e-001
 8.3815897e-001
 8.3904004e-001
 8.3979946e-001
 8.4065431e-001
 8.4157205e-001
 8.4233326e-001
 8.4312457e-001
 8.4390974e-001
 8.4464538e-001
 8.4533632e-001
 8.4606403e-001
 8.4679854e-001
 8.4749460e-001
 8.4823203e-001
 8.4890664e-001
 8.4951651e-001
 8.5018677e-001
 8.5093743e-001
 8.5166985e-001
 8.5229588e-001
 8.5289049e-001
 8.5349321e-001
 8.5411799e-001
 8.5472012e-001
 8.5523760e-001
 8.5579652e-001
 8.5641545e-001
 8.5695815e-001
 8.5750115e-001
 8.5805672e-001
 8.5863280e-001
 8.5920924e-001
 8.5970950e-001
 8.6016762e-001
 8.6069459e-001
 8.6125910e-001
 8.6176753e-001
 8.6221981e-001
 8.6275905e-001
 8.6326635e-001
 8.6375147e-001
 8.6424947e-001
 8.6473590e-001
 8.6526376e-001
 8.6579162e-001
 8.6621273e-001
 8.6661792e-001
 8.6703914e-001
 8.6747849e-001
 8.6789632e-001
 8.6834621e-001
 8.6881918e-001
 8.6928159e-001
 8.6974406e-001
 8.7017989e-001
 8.7057799e-001
 8.7096477e-001
 8.7139285e-001
 8.7182283e-001
 8.7221926e-001
 8.7263066e-001
 8.7299329e-001
 8.7334979e-001
 8.7378097e-001
 8.7416148e-001
 8.7453836e-001
 8.7491143e-001
 8.7520099e-001
 8.7550753e-001
 8.7584162e-001
 8.7616861e-001
 8.7645537e-001
 8.7671739e-001
 8.7698627e-001
 8.7728512e-001
 8.7757540e-001
 8.7790042e-001
 8.7827456e-001
 8.7860566e-001
 8.7888336e-001
 8.7911677e-001
 8.7932622e-001
 8.7950528e-001
 8.7969625e-001
 8.7991196e-001
 8.8010055e-001
 8.8023794e-001
 8.8037586e-001
 8.8057685e-001
 8.8079625e-001
 8.8099873e-001
 8.8118029e-001
 8.8135672e-001
 8.8147515e-001
 8.8157094e-001
 8.8168937e-001
 8.8183689e-001
 8.8199186e-001
 8.8215876e-001
 8.8235086e-001
 8.8255149e-001
 8.8278043e-001
 8.8304496e-001
 8.8333273e-001
 8.8362795e-001
 8.8391447e-001
 8.8415921e-001
 8.8432986e-001
 8.8451368e-001
 8.8468999e-001
 8.8474774e-001
 8.8472331e-001
 8.8467252e-001
 8.8468868e-001
 8.8483387e-001
 8.8499421e-001
 8.8513249e-001
 8.8528293e-001
 8.8552189e-001
 8.8579369e-001
 8.8606542e-001
 8.8634688e-001
 8.8661748e-001
 8.8686788e-001
 8.8709307e-001
 8.8728726e-001
 8.8742697e-001
 8.8754773e-001
 8.8772058e-001
 8.8791400e-001
 8.8804108e-001
 8.8808477e-001
 8.8817787e-001
 8.8836110e-001
 8.8856244e-001
 8.8868988e-001
 8.8881379e-001
 8.8893372e-001
 8.8905680e-001
 8.8917053e-001
 8.8922024e-001
 8.8926035e-001
 8.8935649e-001
 8.8948947e-001
 8.8956082e-001
 8.8959360e-001
 8.8967317e-001
 8.8977134e-001
 8.8988721e-001
 8.9002740e-001
 8.9019680e-001
 8.9031845e-001
 8.9039332e-001
 8.9044333e-001
 8.9046973e-001
 8.9053100e-001
 8.9064622e-001
 8.9078325e-001
 8.9086056e-001
 8.9088702e-001
 8.9091921e-001
 8.9101511e-001
 8.9105439e-001
 8.9103860e-001
 8.9105093e-001
 8.9114624e-001
 8.9122850e-001
 8.9128590e-001
 8.9139986e-001
 8.9148366e-001
 8.9154708e-001
 8.9159739e-001
 8.9162552e-001
 8.9171374e-001
 8.9180481e-001
 8.9180571e-001
 8.9183861e-001
 8.9183986e-001
 8.9183426e-001
 8.9191824e-001
 8.9195132e-001
 8.9198005e-001
 8.9206606e-001
 8.9215028e-001
 8.9221448e-001
 8.9225137e-001
 8.9227384e-001
 8.9230269e-001
 8.9234996e-001
 8.9239621e-001
 8.9240038e-001
 8.9241785e-001
 8.9245665e-001
 8.9251566e-001
 8.9260167e-001
 8.9266920e-001
 8.9270991e-001
 8.9274263e-001
 8.9273411e-001
 8.9272237e-001
 8.9273894e-001
 8.9276344e-001
 8.9275622e-001
 8.9268965e-001
 8.9260012e-001
 8.9260215e-001
 8.9258951e-001
 8.9251739e-001
 8.9243674e-001
 8.9235359e-001
 8.9224029e-001
 8.9205974e-001
 8.9181465e-001
 8.9154309e-001
 8.9127856e-001
 8.9102036e-001
 8.9069659e-001
 8.9033067e-001
 8.8997966e-001
 8.8969451e-001
 8.8943392e-001
 8.8928246e-001
 8.8936287e-001
 8.8973856e-001
 8.9029533e-001
 8.9088607e-001
 8.9135605e-001
 8.9165896e-001
 8.9183354e-001
 8.9192563e-001
 8.9196342e-001
 8.9201021e-001
 8.9208382e-001
 8.9216059e-001
 8.9219439e-001
 8.9223212e-001
 8.9232630e-001
 8.9249825e-001
 8.9264870e-001
 8.9273429e-001
 8.9279133e-001
 8.9291120e-001
 8.9297462e-001
 8.9295220e-001
 8.9287859e-001
 8.9286256e-001
 8.9287859e-001
 8.9288414e-001
 8.9285982e-001
 8.9287788e-001
 8.9284563e-001
 8.9278382e-001
 8.9282650e-001
 8.9286757e-001
 8.9285427e-001
 8.9278126e-001
 8.9273572e-001
 8.9271706e-001
 8.9273077e-001
 8.9276016e-001
 8.9275342e-001
 8.9270186e-001
 8.9264321e-001
 8.9262390e-001
 8.9255577e-001
 8.9249218e-001
 8.9244819e-001
 8.9234358e-001
 8.9222324e-001
 8.9209569e-001
 8.9198685e-001
 8.9196038e-001
 8.9196616e-001
 8.9195079e-001
 8.9190382e-001
 8.9190638e-001
 8.9190167e-001
 8.9184433e-001
 8.9177299e-001
 8.9177233e-001
 8.9178008e-001
 8.9171058e-001
 8.9159203e-001
 8.9145309e-001
 8.9134192e-001
 8.9127910e-001
 8.9119166e-001
 8.9110255e-001
 8.9101213e-001
 8.9090180e-001
 8.9081818e-001
 8.9078236e-001
 8.9076203e-001
 8.9067239e-001
 8.9058942e-001
 8.9053768e-001
 8.9052439e-001
 8.9052695e-001
 8.9044940e-001
 8.9030194e-001
 8.9017612e-001
 8.9006394e-001
 8.8998067e-001
 8.8991332e-001
 8.8985109e-001
 8.8986182e-001
 8.8984740e-001
 8.8973886e-001
 8.8962704e-001
 8.8951236e-001
 8.8940090e-001
 8.8929754e-001
 8.8921541e-001
 8.8914299e-001
 8.8903707e-001
 8.8888556e-001
 8.8880593e-001
 8.8873577e-001
 8.8863266e-001
 8.8850868e-001
 8.8834989e-001
 8.8820225e-001
 8.8810241e-001
 8.8802880e-001
 8.8796377e-001
 8.8790709e-001
 8.8783562e-001
 8.8768494e-001
 8.8754231e-001
 8.8742959e-001
 8.8732082e-001
 8.8721037e-001
 8.8706285e-001
 8.8687646e-001
 8.8669503e-001
 8.8653880e-001
 8.8637495e-001
 8.8619184e-001
 8.8604707e-001
 8.8595855e-001
 8.8587397e-001
 8.8571078e-001
 8.8546461e-001
 8.8528252e-001
 8.8518029e-001
 8.8508773e-001
 8.8496745e-001
 8.8486171e-001
 8.8479549e-001
 8.8473499e-001
 8.8458753e-001
 8.8441330e-001
 8.8427252e-001
 8.8414925e-001
 8.8392222e-001
 8.8368762e-001
 8.8347185e-001
 8.8317889e-001
 8.8291514e-001
 8.8263768e-001
 8.8230354e-001
 8.8194251e-001
 8.8154674e-001
 8.8105106e-001
 8.8040876e-001
 8.7965888e-001
 8.7869418e-001
 8.7748617e-001
 8.7604254e-001
 8.7434447e-001
 8.7242752e-001
 8.7033123e-001
 8.6812228e-001
 8.6593342e-001
 8.6383599e-001
 8.6187762e-001
 8.6011577e-001
 8.5870099e-001
 8.5774189e-001
 8.5735089e-001
 8.5765791e-001
 8.5876381e-001
 8.6059451e-001
 8.6291444e-001
 8.6534959e-001
 8.6761713e-001
 8.6950618e-001
 8.7093955e-001
 8.7200320e-001
 8.7276512e-001
 8.7331635e-001
 8.7375313e-001
 8.7412393e-001
 8.7439626e-001
 8.7468523e-001
 8.7512618e-001
 8.7566054e-001
 8.7619269e-001
 8.7671673e-001
 8.7728047e-001
 8.7786186e-001
 8.7840939e-001
 8.7889016e-001
 8.7933326e-001
 8.7981409e-001
 8.8022786e-001
 8.8054180e-001
 8.8082063e-001
 8.8112229e-001
 8.8132674e-001
 8.8145238e-001
 8.8159084e-001
 8.8163149e-001
 8.8167411e-001
 8.8168108e-001
 8.8154864e-001
 8.8144940e-001
 8.8138437e-001
 8.8131183e-001
 8.8118058e-001
 8.8103616e-001
 8.8086343e-001
 8.8066638e-001
 8.8045764e-001
 8.8021761e-001
 8.8000810e-001
 8.7980878e-001
 8.7953597e-001
 8.7928504e-001
 8.7904686e-001
 8.7878346e-001
 8.7846732e-001
 8.7818301e-001
 8.7792397e-001
 8.7766314e-001
 8.7738836e-001
 8.7715095e-001
 8.7690061e-001
 8.7666124e-001
 8.7647533e-001
 8.7617445e-001
 8.7590373e-001
 8.7574583e-001
 8.7560213e-001
 8.7532282e-001
 8.7500137e-001
 8.7469912e-001
 8.7440270e-001
 8.7414145e-001
 8.7388045e-001
 8.7359935e-001
 8.7328911e-001
 8.7294209e-001
 8.7262875e-001
 8.7226844e-001
 8.7175840e-001
 8.7135053e-001
 8.7097788e-001
 8.7057757e-001
 8.7012237e-001
 8.6966318e-001
 8.6925417e-001
 8.6892885e-001
 8.6862582e-001
 8.6820561e-001
 8.6781883e-001
 8.6750484e-001
 8.6720645e-001
 8.6687678e-001
 8.6655587e-001
 8.6626822e-001
 8.6602890e-001
 8.6581552e-001
 8.6552936e-001
 8.6525148e-001
 8.6507726e-001
 8.6495697e-001
 8.6488169e-001
 8.6474532e-001
 8.6454588e-001
 8.6443442e-001
 8.6429268e-001
 8.6410362e-001
 8.6398894e-001
 8.6406654e-001
 8.6395526e-001
 8.6371440e-001
 8.6348605e-001
 8.6337364e-001
 8.6326027e-001
 8.6308676e-001
 8.6296445e-001
 8.6298937e-001
 8.6292171e-001
 8.6297488e-001
 8.6293125e-001
 8.6266184e-001
 8.6269361e-001
 8.6274260e-001
 8.6277854e-001
 8.6280704e-001
 8.6278820e-001
 8.6277825e-001
 8.6270863e-001
 8.6250669e-001
 8.6225879e-001
 8.6222261e-001
 8.6217386e-001
 8.6201715e-001
 8.6185843e-001
 8.6167294e-001
 8.6151057e-001
 8.6121833e-001
 8.6072391e-001
 8.6042637e-001
 8.6027503e-001
 8.6007917e-001
 8.5978591e-001
 8.5960358e-001
 8.5944796e-001
 8.5881937e-001
 8.5853088e-001
 8.5823393e-001
 8.5790503e-001
 8.5765415e-001
 8.5744661e-001
 8.5718435e-001
 8.5688317e-001
 8.5670650e-001
 8.5663456e-001
 8.5640275e-001
 8.5614491e-001
 8.5595483e-001
 8.5562789e-001
 8.5539311e-001
 8.5530740e-001
 8.5526896e-001
 8.5506290e-001
 8.5480446e-001
 8.5446000e-001
 8.5400343e-001
 8.5357779e-001
 8.5304272e-001
 8.5262275e-001
 8.5237396e-001
 8.5188800e-001
 8.5128701e-001
 8.5074371e-001
 8.5011286e-001
 8.4944963e-001
 8.4880590e-001
 8.4819603e-001
 8.4752619e-001
 8.4667814e-001
 8.4608650e-001
 8.4569836e-001
 8.4510410e-001
 8.4452659e-001
 8.4391159e-001
 8.4311724e-001
 8.4245890e-001
 8.4190184e-001
 8.4130555e-001
 8.4075147e-001
 8.4014529e-001
 8.3952856e-001
 8.3886200e-001
 8.3818418e-001
 8.3741868e-001
 8.3677864e-001
 8.3620727e-001
 8.3556652e-001
 8.3498698e-001
 8.3432698e-001
 8.3347899e-001
 8.3282661e-001
 8.3226311e-001
 8.3168960e-001
 8.3115458e-001
 8.3072448e-001
 8.3025187e-001
 8.2976592e-001
 8.2938713e-001
 8.2898241e-001
 8.2857370e-001
 8.2817996e-001
 8.2776880e-001
 8.2728451e-001
 8.2693821e-001
 8.2662320e-001
 8.2634884e-001
 8.2618093e-001
 8.2600588e-001
 8.2584333e-001
 8.2569331e-001
 8.2560331e-001
 8.2548356e-001
 8.2535112e-001
 8.2519513e-001
 8.2508433e-001
 8.2502228e-001
 8.2487863e-001
 8.2477808e-001
 8.2457727e-001
 8.2421029e-001
 8.2393968e-001
 8.2373363e-001
 8.2341123e-001
 8.2302189e-001
 8.2275343e-001
 8.2233673e-001
 8.2178664e-001
 8.2135069e-001
 8.2081109e-001
 8.2011324e-001
 8.1939560e-001
 8.1853276e-001
 8.1758010e-001
 8.1642580e-001
 8.1518632e-001
 8.1375998e-001
 8.1223619e-001
 8.1040686e-001
 8.0849487e-001
 8.0618447e-001
 8.0353677e-001
 8.0040449e-001
 7.9676145e-001
 7.9249674e-001
 7.8751731e-001
 7.8186309e-001
 7.7525115e-001
 7.6810002e-001
 7.6075798e-001
 7.5248283e-001
 7.4482977e-001
 7.3669928e-001
 7.2968197e-001
 7.2291642e-001
 7.1708888e-001
 7.1215636e-001
 7.0838583e-001
 7.0592016e-001
 7.0472288e-001
 7.0511097e-001
 7.0693702e-001
 7.0994192e-001
 7.1388835e-001
 7.1869856e-001
 7.2390884e-001
 7.2881895e-001
 7.3432243e-001
 7.3891890e-001
 7.4321210e-001
 7.4692363e-001
 7.5019526e-001
 7.5287408e-001
 7.5514954e-001
 7.5711554e-001
 7.5882274e-001
 7.6041263e-001
 7.6199061e-001
 7.6360250e-001
 7.6520801e-001
 7.6692188e-001
 7.6881570e-001
 7.7072704e-001
 7.7273554e-001
 7.7497751e-001
 7.7709019e-001
 7.7917886e-001
 7.8128123e-001
 7.8337854e-001
 7.8535181e-001
 7.8730655e-001
 7.8920794e-001
 7.9096740e-001
 7.9264909e-001
 7.9418415e-001
 7.9555410e-001
 7.9684615e-001
 7.9799992e-001
 7.9897779e-001
 7.9983264e-001
 8.0055052e-001
 8.0106670e-001
 8.0156654e-001
 8.0197120e-001
 8.0232739e-001
 8.0266017e-001
 8.0288941e-001
 8.0311066e-001
 8.0332106e-001
 8.0346364e-001
 8.0360287e-001
 8.0370569e-001
 8.0380368e-001
 8.0388111e-001
 8.0392027e-001
 8.0392855e-001
 8.0386913e-001
 8.0381292e-001
 8.0375499e-001
 8.0364227e-001
 8.0351281e-001
 8.0332136e-001
 8.0306202e-001
 8.0281091e-001
 8.0249310e-001
 8.0209011e-001
 8.0164152e-001
 8.0106872e-001
 8.0039680e-001
 7.9972339e-001
 7.9900056e-001
 7.9820549e-001
 7.9736137e-001
 7.9639637e-001
 7.9543364e-001
 7.9450434e-001
 7.9351926e-001
 7.9255873e-001
 7.9165071e-001
 7.9073131e-001
 7.8970432e-001
 7.8867263e-001
 7.8763968e-001
 7.8654069e-001
 7.8539306e-001
 7.8422379e-001
 7.8300798e-001
 7.8171498e-001
 7.8039420e-001
 7.7907902e-001
 7.7775407e-001
 7.7641892e-001
 7.7511412e-001
 7.7391821e-001
 7.7285731e-001
 7.7196854e-001
 7.7121896e-001
 7.7064931e-001
 7.7016819e-001
 7.6977104e-001
 7.6943040e-001
 7.6913553e-001
 7.6887965e-001
 7.6860565e-001
 7.6827681e-001
 7.6787734e-001
 7.6736587e-001
 7.6677436e-001
 7.6612598e-001
 7.6541710e-001
 7.6471484e-001
 7.6402110e-001
 7.6329005e-001
 7.6252264e-001
 7.6174384e-001
 7.6096654e-001
 7.6014197e-001
 7.5936580e-001
 7.5861973e-001
 7.5787181e-001
 7.5714827e-001
 7.5647634e-001
 7.5580829e-001
 7.5513750e-001
 7.5445032e-001
 7.5372362e-001
 7.5294238e-001
 7.5213730e-001
 7.5135845e-001
 7.5055045e-001
 7.4974662e-001
 7.4902463e-001
 7.4833465e-001
 7.4766743e-001
 7.4704480e-001
 7.4654025e-001
 7.4596345e-001
 7.4535251e-001
 7.4476916e-001
 7.4421054e-001
 7.4358273e-001
 7.4298209e-001
 7.4241453e-001
 7.4175036e-001
 7.4103415e-001
 7.4029499e-001
 7.3950237e-001
 7.3869616e-001
 7.3792231e-001
 7.3709977e-001
 7.3625237e-001
 7.3546523e-001
 7.3468685e-001
 7.3389047e-001
 7.3307657e-001
 7.3226833e-001
 7.3142689e-001
 7.3058683e-001
 7.2977924e-001
 7.2896093e-001
 7.2813118e-001
 7.2725117e-001
 7.2639358e-001
 7.2549707e-001
 7.2458637e-001
 7.2368437e-001
 7.2277069e-001
 7.2185147e-001
 7.2092718e-001
 7.2002679e-001
 7.1913558e-001
 7.1825641e-001
 7.1740496e-001
 7.1656114e-001
 7.1578658e-001
 7.1508026e-001
 7.1442789e-001
 7.1384716e-001
 7.1331996e-001
 7.1286321e-001
 7.1242315e-001
 7.1207803e-001
 7.1167380e-001
 7.1126658e-001
 7.1087116e-001
 7.1046162e-001
 7.1005100e-001
 7.0964009e-001
 7.0929724e-001
 7.0903677e-001
 7.0879257e-001
 7.0860988e-001
 7.0842272e-001
 7.0817184e-001
 7.0788461e-001
 7.0758522e-001
 7.0727974e-001
 7.0696086e-001
 7.0667231e-001
 7.0628780e-001
 7.0587081e-001
 7.0538753e-001
 7.0478505e-001
 7.0422006e-001
 7.0365649e-001
 7.0306277e-001
 7.0243305e-001
 7.0185649e-001
 7.0126987e-001
 7.0065480e-001
 7.0013118e-001
 6.9962335e-001
 6.9909382e-001
 6.9860178e-001
 6.9809866e-001
 6.9763833e-001
 6.9722188e-001
 6.9682699e-001
 6.9654632e-001
 6.9626713e-001
 6.9600976e-001
 6.9590354e-001
 6.9589233e-001
 6.9595474e-001
 6.9612974e-001
 6.9648981e-001
 6.9677210e-001
 6.9713992e-001
 6.9742680e-001
 6.9769794e-001
 6.9790447e-001
 6.9807476e-001
 6.9818711e-001
 6.9823390e-001
 6.9827068e-001
 6.9834524e-001
 6.9837469e-001
 6.9832659e-001
 6.9831634e-001
 6.9827205e-001
 6.9815969e-001
 6.9808275e-001
 6.9798535e-001
 6.9781017e-001
 6.9759953e-001
 6.9735402e-001
 6.9707459e-001
 6.9677359e-001
 6.9640207e-001
 6.9609195e-001
 6.9580579e-001
 6.9548804e-001
 6.9516683e-001
 6.9486094e-001
 6.9452512e-001
 6.9420445e-001
 6.9390774e-001
 6.9361728e-001
 6.9332457e-001
 6.9304585e-001
 6.9279104e-001
 6.9253242e-001
 6.9229490e-001
 6.9205976e-001
 6.9185519e-001
 6.9171441e-001
 6.9156879e-001
 6.9137001e-001
 6.9110274e-001
 6.9070554e-001
 6.9016147e-001
 6.8949407e-001
 6.8866432e-001
 6.8770784e-001
 6.8667603e-001
 6.8559819e-001
 6.8456775e-001
 6.8346214e-001
 6.8256968e-001
 6.8168086e-001
 6.8105012e-001
 6.8060583e-001
 6.8029684e-001
 6.8021095e-001
 6.8016255e-001
 6.8028569e-001
 6.8038237e-001
 6.8061179e-001
 6.8069565e-001
 6.8078083e-001
 6.8074459e-001
 6.8056226e-001
 6.8028200e-001
 6.7991453e-001
 6.7953008e-001
 6.7915845e-001
 6.7879897e-001
 6.7848802e-001
 6.7824018e-001
 6.7799652e-001
 6.7777634e-001
 6.7757410e-001
 6.7735529e-001
 6.7710346e-001
 6.7679751e-001
 6.7643166e-001
 6.7597282e-001
 6.7555267e-001
 6.7509103e-001
 6.7470819e-001
 6.7435813e-001
 6.7403173e-001
 6.7373431e-001
 6.7346376e-001
 6.7318761e-001
 6.7299604e-001
 6.7286372e-001
 6.7277116e-001
 6.7273670e-001
 6.7274410e-001
 6.7279750e-001
 6.7288339e-001
 6.7303157e-001
 6.7318410e-001
 6.7337352e-001
 6.7356879e-001
 6.7372638e-001
 6.7388105e-001
 6.7401171e-001
 6.7409736e-001
 6.7418122e-001
 6.7423445e-001
 6.7424870e-001
 6.7424232e-001
 6.7422825e-001
 6.7422992e-001
 6.7423141e-001
 6.7423749e-001
 6.7426705e-001
 6.7429042e-001
 6.7428631e-001
 6.7425632e-001
 6.7420334e-001
 6.7407507e-001
 6.7387646e-001
 6.7363083e-001
 6.7331499e-001
 6.7286521e-001
 6.7248148e-001
 6.7209268e-001
 6.7165262e-001
 6.7127079e-001
 6.7073298e-001
 6.7009836e-001
 6.6940224e-001
 6.6863757e-001
 6.6774189e-001
 6.6678655e-001
 6.6568547e-001
 6.6444683e-001
 6.6310066e-001
 6.6162616e-001
 6.6005290e-001
 6.5838468e-001
 6.5656197e-001
 6.5464437e-001
 6.5258580e-001
 6.5031648e-001
 6.4790761e-001
 6.4532840e-001
 6.4261055e-001
 6.3980693e-001
 6.3684887e-001
 6.3375217e-001
 6.3057309e-001
 6.2725216e-001
 6.2384498e-001
 6.2038374e-001
 6.1683857e-001
 6.1328018e-001
 6.0967934e-001
 6.0605812e-001
 6.0244232e-001
 5.9876752e-001
 5.9507328e-001
 5.9138054e-001
 5.8767235e-001
 5.8398163e-001
 5.8025575e-001
 5.7655478e-001
 5.7290637e-001
 5.6928343e-001
 5.6568611e-001
 5.6213689e-001
 5.5860615e-001
 5.5516446e-001
 5.5177522e-001
 5.4842949e-001
 5.4519135e-001
 5.4191309e-001
 5.3861564e-001
 5.3541416e-001
 5.3226304e-001
 5.2913034e-001
 5.2605152e-001
 5.2298391e-001
 5.1994812e-001
 5.1690549e-001
 5.1388812e-001
 5.1089239e-001
 5.0787014e-001
 5.0489628e-001
 5.0198591e-001
 4.9905172e-001
 4.9612439e-001
 4.9324039e-001
 4.9029654e-001
 4.8732972e-001
 4.8436943e-001
 4.8133054e-001
 4.7829810e-001
 4.7523972e-001
 4.7209322e-001
 4.6896753e-001
 4.6580318e-001
 4.6260858e-001
 4.5946792e-001
 4.5632696e-001
 4.5319915e-001
 4.5009103e-001
 4.4701114e-001
 4.4399735e-001
 4.4101059e-001
 4.3810457e-001
 4.3527782e-001
 4.3250510e-001
 4.2985365e-001
 4.2729381e-001
 4.2486215e-001
 4.2255118e-001
 4.2030916e-001
 4.1819435e-001
 4.1619480e-001
 4.1427910e-001
 4.1247019e-001
 4.1072956e-001
 4.0903896e-001
 4.0741318e-001
 4.0582666e-001
 4.0429851e-001
 4.0282416e-001
 4.0137389e-001
 3.9996561e-001
 3.9857900e-001
 3.9724618e-001
 3.9599025e-001
 3.9478686e-001
 3.9361513e-001
 3.9241707e-001
 3.9121082e-001
 3.9005455e-001
 3.8893223e-001
 3.8784546e-001
 3.8681850e-001
 3.8575983e-001
 3.8467690e-001
 3.8363430e-001
 3.8259932e-001
 3.8155940e-001
 3.8050210e-001
 3.7946558e-001
 3.7843445e-001
 3.7738231e-001
 3.7635604e-001
 3.7533346e-001
 3.7433541e-001
 3.7336868e-001
 3.7239581e-001
 3.7143946e-001
 3.7047765e-001
 3.6949742e-001
 3.6856392e-001
 3.6765814e-001
 3.6673284e-001
 3.6584514e-001
 3.6496434e-001
 3.6408639e-001
 3.6322260e-001
 3.6232173e-001
 3.6139175e-001
 3.6041871e-001
 3.5946298e-001
 3.5853341e-001
 3.5757509e-001
 3.5660473e-001
 3.5560426e-001
 3.5454622e-001
 3.5346988e-001
 3.5239053e-001
 3.5127985e-001
 3.5012776e-001
 3.4889704e-001
 3.4762061e-001
 3.4633055e-001
 3.4499881e-001
 3.4362718e-001
 3.4219894e-001
 3.4071040e-001
 3.3912799e-001
 3.3743489e-001
 3.3566555e-001
 3.3372203e-001
 3.3149159e-001
 3.2898557e-001
 3.2611385e-001
 3.2288057e-001
 3.1933117e-001
 3.1541348e-001
 3.1120524e-001
 3.0679411e-001
 3.0224794e-001
 2.9775038e-001
 2.9343438e-001
 2.8943545e-001
 2.8586072e-001
 2.8273112e-001
 2.8011450e-001
 2.7795985e-001
 2.7625388e-001
 2.7502114e-001
 2.7431518e-001
 2.7412519e-001
 2.7448705e-001
 2.7551714e-001
 2.7717349e-001
 2.7939814e-001
 2.8218961e-001
 2.8543556e-001
 2.8893587e-001
 2.9254535e-001
 2.9617211e-001
 2.9963258e-001
 3.0281803e-001
 3.0572245e-001
 3.0830565e-001
 3.1056416e-001
 3.1257612e-001
 3.1437767e-001
 3.1599095e-001
 3.1747380e-001
 3.1885827e-001
 3.2019445e-001
 3.2145172e-001
 3.2266375e-001
 3.2383540e-001
 3.2493031e-001
 3.2598525e-001
 3.2701516e-001
 3.2798064e-001
 3.2887557e-001
 3.2974243e-001
 3.3054376e-001
 3.3128461e-001
 3.3200297e-001
 3.3269644e-001
 3.3331540e-001
 3.3388689e-001
 3.3446470e-001
 3.3498991e-001
 3.3551633e-001
 3.3603945e-001
 3.3654615e-001
 3.3709154e-001
 3.3762693e-001
 3.3820790e-001
 3.3882362e-001
 3.3942297e-001
 3.4009680e-001
 3.4078407e-001
 3.4139135e-001
 3.4198889e-001
 3.4260726e-001
 3.4320131e-001
 3.4380829e-001
 3.4440735e-001
 3.4494030e-001
 3.4545758e-001
 3.4598234e-001
 3.4656262e-001
 3.4714115e-001
 3.4766507e-001
 3.4818107e-001
 3.4864745e-001
 3.4909597e-001
 3.4954843e-001
 3.4999198e-001
 3.5040793e-001
 3.5079911e-001
 3.5118544e-001
 3.5156131e-001
 3.5198796e-001
 3.5244182e-001
 3.5286036e-001
 3.5328797e-001
 3.5367832e-001
 3.5403684e-001
 3.5437539e-001
 3.5470521e-001
 3.5499623e-001
 3.5521728e-001
 3.5548988e-001
 3.5579515e-001
 3.5603726e-001
 3.5629833e-001
 3.5647547e-001
 3.5653543e-001
 3.5665184e-001
 3.5672146e-001
 3.5688564e-001
 3.5713154e-001
 3.5731301e-001
 3.5753042e-001
 3.5771194e-001
 3.5785902e-001
 3.5801399e-001
 3.5815454e-001
 3.5834914e-001
 3.5850322e-001
 3.5862744e-001
 3.5875672e-001
 3.5884255e-001
 3.5894161e-001
 3.5907665e-001
 3.5921901e-001
 3.5930216e-001
 3.5936499e-001
 3.5949901e-001
 3.5962355e-001
 3.5969493e-001
 3.5980368e-001
 3.5988316e-001
 3.5992157e-001
 3.6003628e-001
 3.6015907e-001
 3.6030102e-001
 3.6049134e-001
 3.6072686e-001
 3.6100438e-001
 3.6130282e-001
 3.6165959e-001
 3.6211595e-001
 3.6253712e-001
 3.6298874e-001
 3.6342174e-001
 3.6384436e-001
 3.6424801e-001
 3.6464632e-001
 3.6503303e-001
 3.6540806e-001
 3.6575636e-001
 3.6611211e-001
 3.6640790e-001
 3.6663735e-001
 3.6687690e-001
 3.6710715e-001
 3.6727741e-001
 3.6739454e-001
 3.6756954e-001
 3.6773077e-001
 3.6781791e-001
 3.6799842e-001
 3.6823586e-001
 3.6841708e-001
 3.6873516e-001
 3.6907256e-001
 3.6922881e-001
 3.6945054e-001
 3.6971891e-001
 3.6991450e-001
 3.7014431e-001
 3.7026894e-001
 3.7026194e-001
 3.7027261e-001
 3.7019426e-001
 3.7020242e-001
 3.7028340e-001
 3.7028405e-001
 3.7031925e-001
 3.7026104e-001
 3.7007105e-001
 3.6995131e-001
 3.6983687e-001
 3.6969402e-001
 3.6959448e-001
 3.6936462e-001
 3.6900389e-001
 3.6878055e-001
 3.6855686e-001
 3.6831346e-001
 3.6814266e-001
 3.6792827e-001
 3.6760598e-001
 3.6744928e-001
 3.6741811e-001
 3.6756167e-001
 3.6767513e-001
 3.6806211e-001
 3.6836860e-001
 3.6878172e-001
 3.6904490e-001
 3.6941570e-001
 3.6989066e-001
 3.7019268e-001
 3.7070242e-001
 3.7124306e-001
 3.7149188e-001
 3.7179512e-001
 3.7209758e-001
 3.7243664e-001
 3.7291598e-001
 3.7343681e-001
 3.7381002e-001
 3.7413239e-001
 3.7451285e-001
 3.7478694e-001
 3.7500516e-001
 3.7526605e-001
 3.7540177e-001
 3.7524730e-001
 3.7510708e-001
 3.7497962e-001
 3.7479553e-001
 3.7459534e-001
 3.7430912e-001
 3.7411785e-001
 3.7391937e-001
 3.7365925e-001
 3.7339640e-001
 3.7323451e-001
 3.7301141e-001
 3.7279543e-001
 3.7278491e-001
 3.7277204e-001
 3.7253591e-001
 3.7239385e-001
 3.7232387e-001
 3.7203002e-001
 3.7167627e-001
 3.7128118e-001
 3.7091196e-001
 3.7051263e-001
 3.7010837e-001
 3.6981729e-001
 3.6947194e-001
 3.6906061e-001
 3.6867425e-001
 3.6827922e-001
 3.6788890e-001
 3.6754951e-001
 3.6721909e-001
 3.6691710e-001
 3.6670509e-001
 3.6649525e-001
 3.6628398e-001
 3.6608812e-001
 3.6587760e-001
 3.6561978e-001
 3.6525825e-001
 3.6483085e-001
 3.6445513e-001
 3.6405787e-001
 3.6368582e-001
 3.6350963e-001
 3.6323917e-001
 3.6284330e-001
 3.6243168e-001
 3.6204574e-001
 3.6166000e-001
 3.6116293e-001
 3.6069068e-001
 3.6026946e-001
 3.5966274e-001
 3.5911027e-001
 3.5887259e-001
 3.5855886e-001
 3.5807249e-001
 3.5763389e-001
 3.5730714e-001
 3.5686895e-001
 3.5638055e-001
 3.5596144e-001
 3.5546982e-001
 3.5480013e-001
 3.5413536e-001
 3.5352492e-001
 3.5286033e-001
 3.5208026e-001
 3.5133073e-001
 3.5062364e-001
 3.4985498e-001
 3.4911942e-001
 3.4853894e-001
 3.4791508e-001
 3.4726024e-001
 3.4660104e-001
 3.4589273e-001
 3.4516376e-001
 3.4440681e-001
 3.4366706e-001
 3.4293586e-001
 3.4216195e-001
 3.4155330e-001
 3.4093300e-001
 3.4024087e-001
 3.3969179e-001
 3.3910149e-001
 3.3836219e-001
 3.3767802e-001
 3.3711162e-001
 3.3646023e-001
 3.3581391e-001
 3.3511156e-001
 3.3419168e-001
 3.3330169e-001
 3.3249372e-001
 3.3169019e-001
 3.3085755e-001
 3.3008581e-001
 3.2923767e-001
 3.2833990e-001
 3.2734510e-001
 3.2628101e-001
 3.2512933e-001
 3.2382426e-001
 3.2246792e-001
 3.2108247e-001
 3.1959614e-001
 3.1814045e-001
 3.1655431e-001
 3.1478700e-001
 3.1298122e-001
 3.1100029e-001
 3.0878958e-001
 3.0646434e-001
 3.0387878e-001
 3.0126095e-001
 2.9861790e-001
 2.9587859e-001
 2.9299918e-001
 2.9015321e-001
 2.8732449e-001
 2.8441817e-001
 2.8157610e-001
 2.7879652e-001
 2.7612311e-001
 2.7345452e-001
 2.7090478e-001
 2.6863861e-001
 2.6637208e-001
 2.6409411e-001
 2.6188427e-001
 2.5979623e-001
 2.5766450e-001
 2.5556824e-001
 2.5340423e-001
 2.5105754e-001
 2.4848484e-001
 2.4584721e-001
 2.4323320e-001
 2.4040948e-001
 2.3736198e-001
 2.3427249e-001
 2.3091771e-001
 2.2752561e-001
 2.2422345e-001
 2.2086331e-001
 2.1735922e-001
 2.1381964e-001
 2.1045756e-001
 2.0695424e-001
 2.0380656e-001
 2.0105022e-001
 1.9844389e-001
 1.9605695e-001
 1.9395103e-001
 1.9207430e-001
 1.9040199e-001
 1.8905064e-001
 1.8792301e-001
 1.8692409e-001
 1.8613230e-001
 1.8568140e-001
 1.8543194e-001
 1.8521550e-001
 1.8514390e-001
 1.8516456e-001
 1.8529494e-001
 1.8543373e-001
 1.8572927e-001
 1.8599015e-001
 1.8598191e-001
 1.8609935e-001
 1.8644737e-001
 1.8674225e-001
 1.8706749e-001
 1.8743058e-001
 1.8779634e-001
 1.8809390e-001
 1.8847488e-001
 1.8905166e-001
 1.8964396e-001
 1.9025020e-001
 1.9087005e-001
 1.9150795e-001
 1.9217809e-001
 1.9283155e-001
 1.9349046e-001
 1.9431099e-001
 1.9507755e-001
 1.9585960e-001
 1.9655801e-001
 1.9712664e-001
 1.9757900e-001
 1.9798289e-001
 1.9831142e-001
 1.9856048e-001
 1.9883376e-001
 1.9896032e-001
 1.9903056e-001
 1.9891359e-001
 1.9841807e-001
 1.9792159e-001
 1.9739340e-001
 1.9672571e-001
 1.9610818e-001
 1.9539022e-001
 1.9447388e-001
 1.9339046e-001
 1.9229858e-001
 1.9114697e-001
 1.8999033e-001
 1.8882109e-001
 1.8762696e-001
 1.8645865e-001
 1.8525530e-001
 1.8391375e-001
 1.8264808e-001
 1.8134367e-001
 1.8013129e-001
 1.7917292e-001
 1.7819354e-001
 1.7723769e-001
 1.7631578e-001
 1.7530993e-001
 1.7436434e-001
 1.7341805e-001
 1.7239609e-001
 1.7148580e-001
 1.7066696e-001
 1.6983645e-001
 1.6911174e-001
 1.6842140e-001
 1.6760193e-001
 1.6686904e-001
 1.6628700e-001
 1.6574436e-001
 1.6522461e-001
 1.6478637e-001
 1.6442828e-001
 1.6413578e-001
 1.6386922e-001
 1.6375946e-001
 1.6363445e-001
 1.6349563e-001
 1.6338123e-001
 1.6321898e-001
 1.6313228e-001
 1.6314602e-001
 1.6314846e-001
 1.6325131e-001
 1.6331716e-001
 1.6321589e-001
 1.6320562e-001
 1.6320829e-001
 1.6325992e-001
 1.6351379e-001
 1.6377215e-001
 1.6403458e-001
 1.6432656e-001
 1.6462345e-001
 1.6490452e-001
 1.6520037e-001
 1.6549501e-001
 1.6585088e-001
 1.6629502e-001
 1.6671403e-001
 1.6721110e-001
 1.6766441e-001
 1.6801389e-001
 1.6837849e-001
 1.6867965e-001
 1.6902842e-001
 1.6952081e-001
 1.6995673e-001
 1.7034507e-001
 1.7075759e-001
 1.7106454e-001
 1.7138770e-001
 1.7187278e-001
 1.7235591e-001
 1.7276660e-001
 1.7313617e-001
 1.7350329e-001
 1.7383318e-001
 1.7412831e-001
 1.7443566e-001
 1.7472783e-001
 1.7495674e-001
 1.7517030e-001
 1.7551109e-001
 1.7572695e-001
 1.7565787e-001
 1.7567100e-001
 1.7573197e-001
 1.7572670e-001
 1.7583515e-001
 1.7592064e-001
 1.7578442e-001
 1.7565827e-001
 1.7567609e-001
 1.7564198e-001
 1.7556264e-001
 1.7538896e-001
 1.7535095e-001
 1.7539641e-001
 1.7544168e-001
 1.7574258e-001
 1.7594087e-001
 1.7591484e-001
 1.7593347e-001
 1.7587645e-001
 1.7586765e-001
 1.7609251e-001
 1.7619064e-001
 1.7620903e-001
 1.7621881e-001
 1.7601100e-001
 1.7578319e-001
 1.7577223e-001
 1.7562518e-001
 1.7525725e-001
 1.7488541e-001
 1.7443286e-001
 1.7389725e-001
 1.7333303e-001
 1.7271911e-001
 1.7217225e-001
 1.7161395e-001
 1.7104959e-001
 1.7048021e-001
 1.7006673e-001
 1.6977288e-001
 1.6945715e-001
 1.6932586e-001
 1.6921605e-001
 1.6889308e-001
 1.6865586e-001
 1.6863285e-001
 1.6859923e-001
 1.6867475e-001
 1.6867891e-001
 1.6851750e-001
 1.6840719e-001
 1.6824572e-001
 1.6808176e-001
 1.6804853e-001
 1.6801517e-001
 1.6790916e-001
 1.6781825e-001
 1.6774076e-001
 1.6772152e-001
 1.6761988e-001
 1.6745836e-001
 1.6727699e-001
 1.6703112e-001
 1.6671382e-001
 1.6642919e-001
 1.6600439e-001
 1.6543046e-001
 1.6475643e-001
 1.6388966e-001
 1.6302545e-001
 1.6194405e-001
 1.6101535e-001
 1.6023834e-001
 1.5954685e-001
 1.5891750e-001
 1.5850616e-001
 1.5829025e-001
 1.5819725e-001
 1.5844454e-001
 1.5878035e-001
 1.5915625e-001
 1.5960604e-001
 1.6025390e-001
 1.6088423e-001
 1.6147038e-001
 1.6209187e-001
 1.6265143e-001
 1.6323759e-001
 1.6384761e-001
 1.6449709e-001
 1.6515034e-001
 1.6579890e-001
 1.6644070e-001
 1.6710466e-001
 1.6775161e-001
 1.6831218e-001
 1.6893132e-001
 1.6961093e-001
 1.7028886e-001
 1.7097965e-001
 1.7172572e-001
 1.7253794e-001
 1.7330875e-001
 1.7414790e-001
 1.7494905e-001
 1.7560139e-001
 1.7626652e-001
 1.7705390e-001
 1.7773193e-001
 1.7824033e-001
 1.7877130e-001
 1.7921114e-001
 1.7963654e-001
 1.8020588e-001
 1.8073213e-001
 1.8116853e-001
 1.8159902e-001
 1.8188626e-001
 1.8224376e-001
 1.8264735e-001
 1.8310478e-001
 1.8370083e-001
 1.8435788e-001
 1.8508086e-001
 1.8587400e-001
 1.8661371e-001
 1.8738241e-001
 1.8811662e-001
 1.8881573e-001
 1.8940966e-001
 1.8998221e-001
 1.9041388e-001
 1.9059843e-001
 1.9078293e-001
 1.9080363e-001
 1.9093056e-001
 1.9116834e-001
 1.9139870e-001
 1.9187120e-001
 1.9218484e-001
 1.9212444e-001
 1.9228612e-001
 1.9247393e-001
 1.9274779e-001
 1.9340795e-001
 1.9406721e-001
 1.9459908e-001
 1.9524710e-001
 1.9612254e-001
 1.9694659e-001
 1.9786699e-001
 1.9871074e-001
 1.9935024e-001
 2.0000811e-001
 2.0048767e-001
 2.0108069e-001
 2.0190045e-001
 2.0269430e-001
 2.0360884e-001
 2.0450893e-001
 2.0540641e-001
 2.0620990e-001
 2.0680517e-001
 2.0747517e-001
 2.0814206e-001
 2.0873210e-001
 2.0964290e-001
 2.1039771e-001
 2.1057200e-001
 2.1084729e-001
 2.1141218e-001
 2.1174270e-001
 2.1189812e-001
 2.1214867e-001
 2.1203671e-001
 2.1193296e-001
 2.1224381e-001
 2.1254647e-001
 2.1278694e-001
 2.1304926e-001
 2.1316683e-001
 2.1327713e-001
 2.1345656e-001
 2.1381401e-001
 2.1422331e-001
 2.1467888e-001
 2.1551411e-001
 2.1616802e-001
 2.1681263e-001
 2.1772048e-001
 2.1866158e-001
 2.1944034e-001
 2.2031799e-001
 2.2157781e-001
 2.2263296e-001
 2.2335185e-001
 2.2432342e-001
 2.2535580e-001
 2.2641167e-001
 2.2783896e-001
 2.2916341e-001
 2.3026232e-001
 2.3138595e-001
 2.3266780e-001
 2.3372376e-001
 2.3437336e-001
 2.3525026e-001
 2.3624338e-001
 2.3713610e-001
 2.3821887e-001
 2.3930238e-001
 2.4008055e-001
 2.4091092e-001
 2.4214609e-001
 2.4318293e-001
 2.4387567e-001
 2.4460655e-001
 2.4517238e-001
 2.4581122e-001
 2.4674554e-001
 2.4750473e-001
 2.4819423e-001
 2.4880554e-001
 2.4905516e-001
 2.4940720e-001
 2.4999836e-001
 2.5046307e-001
 2.5093779e-001
 2.5122365e-001
 2.5145352e-001
 2.5135911e-001
 2.5046948e-001
 2.4992864e-001
 2.4978986e-001
 2.4922414e-001
 2.4898310e-001
 2.4839416e-001
 2.4662733e-001
 2.4501175e-001
 2.4338114e-001
 2.4198775e-001
 2.4100281e-001
 2.3986153e-001
 2.3864673e-001
 2.3770991e-001
 2.3682070e-001
 2.3597002e-001
 2.3537162e-001
 2.3511258e-001
 2.3482040e-001
 2.3478973e-001
 2.3550086e-001
 2.3622429e-001
 2.3695099e-001
 2.3765613e-001
 2.3848633e-001
 2.3932076e-001
 2.3996380e-001
 2.4065924e-001
 2.4169303e-001
 2.4235451e-001
 2.4287461e-001
 2.4310982e-001
 2.4263431e-001
 2.4218707e-001
 2.4163944e-001
 2.4097079e-001
 2.4022639e-001
 2.3957962e-001
 2.3904429e-001
 2.3833352e-001
 2.3763011e-001
 2.3681639e-001
 2.3585507e-001
 2.3501092e-001
 2.3393194e-001
 2.3236720e-001
 2.3045254e-001
 2.2859266e-001
 2.2678608e-001
 2.2473383e-001
 2.2287595e-001
 2.2133163e-001
 2.1980315e-001
 2.1845971e-001
 2.1744490e-001
 2.1570387e-001
 2.1327749e-001
 2.1159914e-001
 2.1004331e-001
 2.0834121e-001
 2.0718868e-001
 2.0552202e-001
 2.0275080e-001
 1.9996525e-001
 1.9746922e-001
 1.9494541e-001
 1.9249541e-001
 1.8988533e-001
 1.8711498e-001
 1.8453039e-001
 1.8205203e-001
 1.7900878e-001
 1.7658649e-001
 1.7472193e-001
 1.7309320e-001
 1.7258948e-001
 1.7222758e-001
 1.7235361e-001
 1.7222290e-001
 1.7144881e-001
 1.7116338e-001
 1.7039892e-001
 1.6987839e-001
 1.7103764e-001
 1.7180763e-001
 1.7196123e-001
 1.7234792e-001
 1.7206328e-001
 1.7219920e-001
 1.7374025e-001
 1.7490095e-001
 1.7605580e-001
 1.7693003e-001
 1.7661484e-001
 1.7630365e-001
 1.7611575e-001
 1.7619978e-001
 1.7659728e-001
 1.7673707e-001
 1.7754129e-001
 1.7692168e-001
 1.7506817e-001
 1.7428704e-001
 1.7382924e-001
 1.7410907e-001
 1.7681432e-001
 1.7910877e-001
 1.8014254e-001
 1.8035406e-001
 1.7843346e-001
 1.7512643e-001
 1.7368205e-001
 1.7350541e-001
 1.7422530e-001
 1.7613398e-001
 1.7385280e-001
 1.7155294e-001
 1.7189887e-001
 1.7153969e-001
 1.7292032e-001
 1.7482908e-001
 1.7527910e-001
 1.7527899e-001
