 splib07a Record=16426: Tannic_Acid SA-403040        ASDHRa AREF
 1.3943265e-001
 1.3687947e-001
 1.3433155e-001
 1.3208780e-001
 1.3104811e-001
 1.3059404e-001
 1.3037154e-001
 1.3029322e-001
 1.3070346e-001
 1.3110968e-001
 1.3171017e-001
 1.3273692e-001
 1.3354944e-001
 1.3433750e-001
 1.3516359e-001
 1.3593031e-001
 1.3595574e-001
 1.3612281e-001
 1.3683045e-001
 1.3744125e-001
 1.3800396e-001
 1.3860568e-001
 1.3926563e-001
 1.3967732e-001
 1.4024913e-001
 1.4099446e-001
 1.4170030e-001
 1.4234270e-001
 1.4313225e-001
 1.4414459e-001
 1.4526546e-001
 1.4637335e-001
 1.4758636e-001
 1.4903602e-001
 1.5073726e-001
 1.5252946e-001
 1.5441401e-001
 1.5644228e-001
 1.5851682e-001
 1.6066247e-001
 1.6292857e-001
 1.6537347e-001
 1.6771448e-001
 1.7001298e-001
 1.7236646e-001
 1.7479663e-001
 1.7720224e-001
 1.7958553e-001
 1.8196566e-001
 1.8422061e-001
 1.8640979e-001
 1.8853800e-001
 1.9055247e-001
 1.9247393e-001
 1.9430403e-001
 1.9607112e-001
 1.9786681e-001
 1.9961335e-001
 2.0133121e-001
 2.0304985e-001
 2.0469032e-001
 2.0628393e-001
 2.0782702e-001
 2.0929384e-001
 2.1080305e-001
 2.1233542e-001
 2.1384364e-001
 2.1526924e-001
 2.1668194e-001
 2.1809222e-001
 2.1949574e-001
 2.2090447e-001
 2.2226225e-001
 2.2357586e-001
 2.2489916e-001
 2.2624420e-001
 2.2755839e-001
 2.2882083e-001
 2.3008093e-001
 2.3133510e-001
 2.3257357e-001
 2.3379004e-001
 2.3500840e-001
 2.3622313e-001
 2.3742260e-001
 2.3859538e-001
 2.3976558e-001
 2.4091670e-001
 2.4204016e-001
 2.4315301e-001
 2.4424343e-001
 2.4531874e-001
 2.4638380e-001
 2.4741130e-001
 2.4840549e-001
 2.4938236e-001
 2.5036502e-001
 2.5130635e-001
 2.5221705e-001
 2.5310349e-001
 2.5393641e-001
 2.5476238e-001
 2.5556371e-001
 2.5630739e-001
 2.5703084e-001
 2.5773212e-001
 2.5840870e-001
 2.5905970e-001
 2.5967291e-001
 2.6025483e-001
 2.6081386e-001
 2.6135215e-001
 2.6188126e-001
 2.6237977e-001
 2.6282218e-001
 2.6324981e-001
 2.6367274e-001
 2.6409802e-001
 2.6453128e-001
 2.6494777e-001
 2.6534629e-001
 2.6573548e-001
 2.6613560e-001
 2.6653200e-001
 2.6692623e-001
 2.6732820e-001
 2.6773018e-001
 2.6814890e-001
 2.6859567e-001
 2.6907149e-001
 2.6955661e-001
 2.7005902e-001
 2.7058339e-001
 2.7108932e-001
 2.7163363e-001
 2.7222571e-001
 2.7283913e-001
 2.7348149e-001
 2.7414927e-001
 2.7484575e-001
 2.7558443e-001
 2.7638263e-001
 2.7723685e-001
 2.7813336e-001
 2.7905002e-001
 2.8002584e-001
 2.8106770e-001
 2.8215316e-001
 2.8329796e-001
 2.8451833e-001
 2.8581873e-001
 2.8717259e-001
 2.8862327e-001
 2.9016072e-001
 2.9175547e-001
 2.9343534e-001
 2.9519114e-001
 2.9702151e-001
 2.9893884e-001
 3.0094248e-001
 3.0302384e-001
 3.0517620e-001
 3.0739155e-001
 3.0969000e-001
 3.1207398e-001
 3.1452900e-001
 3.1702819e-001
 3.1958273e-001
 3.2220379e-001
 3.2489386e-001
 3.2763186e-001
 3.3041430e-001
 3.3324245e-001
 3.3611548e-001
 3.3903763e-001
 3.4200302e-001
 3.4500051e-001
 3.4801540e-001
 3.5106161e-001
 3.5414642e-001
 3.5724154e-001
 3.6035436e-001
 3.6350283e-001
 3.6669999e-001
 3.6993024e-001
 3.7318480e-001
 3.7645242e-001
 3.7972116e-001
 3.8300031e-001
 3.8627544e-001
 3.8953385e-001
 3.9279142e-001
 3.9603439e-001
 3.9925966e-001
 4.0247273e-001
 4.0564787e-001
 4.0878305e-001
 4.1188577e-001
 4.1496235e-001
 4.1801110e-001
 4.2102447e-001
 4.2399523e-001
 4.2693093e-001
 4.2985529e-001
 4.3276191e-001
 4.3562096e-001
 4.3842828e-001
 4.4118384e-001
 4.4388804e-001
 4.4654214e-001
 4.4913846e-001
 4.5167410e-001
 4.5414376e-001
 4.5652369e-001
 4.5883012e-001
 4.6107653e-001
 4.6326426e-001
 4.6537828e-001
 4.6742412e-001
 4.6941227e-001
 4.7136188e-001
 4.7329295e-001
 4.7519663e-001
 4.7704729e-001
 4.7885308e-001
 4.8062471e-001
 4.8236826e-001
 4.8407790e-001
 4.8579124e-001
 4.8750713e-001
 4.8921409e-001
 4.9092349e-001
 4.9263397e-001
 4.9433804e-001
 4.9601680e-001
 4.9764723e-001
 4.9923414e-001
 5.0077885e-001
 5.0226408e-001
 5.0373739e-001
 5.0520831e-001
 5.0666767e-001
 5.0811154e-001
 5.0954646e-001
 5.1097870e-001
 5.1240873e-001
 5.1382601e-001
 5.1523507e-001
 5.1663935e-001
 5.1803005e-001
 5.1940894e-001
 5.2077305e-001
 5.2212059e-001
 5.2346855e-001
 5.2480286e-001
 5.2612019e-001
 5.2745181e-001
 5.2878356e-001
 5.3009897e-001
 5.3138882e-001
 5.3268445e-001
 5.3395599e-001
 5.3520566e-001
 5.3646809e-001
 5.3771478e-001
 5.3895557e-001
 5.4020309e-001
 5.4145652e-001
 5.4269540e-001
 5.4391372e-001
 5.4511738e-001
 5.4633522e-001
 5.4754311e-001
 5.4873025e-001
 5.4991245e-001
 5.5107898e-001
 5.5224210e-001
 5.5340976e-001
 5.5455691e-001
 5.5568749e-001
 5.5680192e-001
 5.5789971e-001
 5.5901122e-001
 5.6009370e-001
 5.6113255e-001
 5.6217784e-001
 5.6321615e-001
 5.6423020e-001
 5.6520909e-001
 5.6616110e-001
 5.6710005e-001
 5.6802791e-001
 5.6893986e-001
 5.6984419e-001
 5.7072848e-001
 5.7158548e-001
 5.7241488e-001
 5.7323074e-001
 5.7404971e-001
 5.7488370e-001
 5.7569170e-001
 5.7647824e-001
 5.7725233e-001
 5.7802224e-001
 5.7878464e-001
 5.7955921e-001
 5.8035886e-001
 5.8117181e-001
 5.8198828e-001
 5.8281553e-001
 5.8366567e-001
 5.8453459e-001
 5.8541745e-001
 5.8631420e-001
 5.8723360e-001
 5.8818859e-001
 5.8919358e-001
 5.9025055e-001
 5.9131783e-001
 5.9239942e-001
 5.9352803e-001
 5.9474641e-001
 5.9600371e-001
 5.9728324e-001
 5.9858727e-001
 5.9993953e-001
 6.0134280e-001
 6.0279334e-001
 6.0428739e-001
 6.0583615e-001
 6.0740399e-001
 6.0899001e-001
 6.1062354e-001
 6.1230838e-001
 6.1403280e-001
 6.1579287e-001
 6.1759919e-001
 6.1946237e-001
 6.2136263e-001
 6.2327325e-001
 6.2519836e-001
 6.2714404e-001
 6.2911385e-001
 6.3111138e-001
 6.3315874e-001
 6.3522786e-001
 6.3730121e-001
 6.3940620e-001
 6.4153469e-001
 6.4366412e-001
 6.4577430e-001
 6.4789206e-001
 6.5003347e-001
 6.5219080e-001
 6.5432948e-001
 6.5641493e-001
 6.5851438e-001
 6.6066456e-001
 6.6281509e-001
 6.6494691e-001
 6.6706121e-001
 6.6917080e-001
 6.7126089e-001
 6.7332959e-001
 6.7538303e-001
 6.7742914e-001
 6.7945200e-001
 6.8145353e-001
 6.8343323e-001
 6.8538046e-001
 6.8731248e-001
 6.8923175e-001
 6.9113076e-001
 6.9297397e-001
 6.9481903e-001
 6.9667572e-001
 6.9850975e-001
 7.0030183e-001
 7.0207906e-001
 7.0385569e-001
 7.0560074e-001
 7.0733041e-001
 7.0903605e-001
 7.1070904e-001
 7.1237075e-001
 7.1402347e-001
 7.1566808e-001
 7.1730256e-001
 7.1892893e-001
 7.2054631e-001
 7.2214633e-001
 7.2371268e-001
 7.2525430e-001
 7.2678423e-001
 7.2831154e-001
 7.2982699e-001
 7.3133457e-001
 7.3282516e-001
 7.3428380e-001
 7.3573136e-001
 7.3719567e-001
 7.3866844e-001
 7.4009848e-001
 7.4148798e-001
 7.4284297e-001
 7.4418187e-001
 7.4553239e-001
 7.4688846e-001
 7.4826139e-001
 7.4965656e-001
 7.5101990e-001
 7.5233537e-001
 7.5361621e-001
 7.5490022e-001
 7.5619888e-001
 7.5748813e-001
 7.5874698e-001
 7.5998259e-001
 7.6126140e-001
 7.6256204e-001
 7.6384085e-001
 7.6510364e-001
 7.6635808e-001
 7.6760435e-001
 7.6883465e-001
 7.7006501e-001
 7.7130431e-001
 7.7254838e-001
 7.7377850e-001
 7.7500290e-001
 7.7623695e-001
 7.7748644e-001
 7.7872145e-001
 7.7991760e-001
 7.8108221e-001
 7.8223872e-001
 7.8339839e-001
 7.8456998e-001
 7.8574872e-001
 7.8691858e-001
 7.8806752e-001
 7.8919405e-001
 7.9031044e-001
 7.9144663e-001
 7.9257506e-001
 7.9368913e-001
 7.9479241e-001
 7.9588842e-001
 7.9699039e-001
 7.9809529e-001
 7.9919124e-001
 8.0025858e-001
 8.0132228e-001
 8.0238467e-001
 8.0342311e-001
 8.0447960e-001
 8.0554384e-001
 8.0660295e-001
 8.0765921e-001
 8.0870152e-001
 8.0974138e-001
 8.1079227e-001
 8.1184167e-001
 8.1287473e-001
 8.1389040e-001
 8.1489843e-001
 8.1593829e-001
 8.1696784e-001
 8.1796533e-001
 8.1893730e-001
 8.1991369e-001
 8.2089239e-001
 8.2186723e-001
 8.2283735e-001
 8.2381326e-001
 8.2478136e-001
 8.2573009e-001
 8.2667184e-001
 8.2759994e-001
 8.2852721e-001
 8.2946199e-001
 8.3036155e-001
 8.3126158e-001
 8.3217323e-001
 8.3308673e-001
 8.3399701e-001
 8.3489180e-001
 8.3577389e-001
 8.3666152e-001
 8.3753777e-001
 8.3841521e-001
 8.3929074e-001
 8.4012729e-001
 8.4093553e-001
 8.4173948e-001
 8.4255749e-001
 8.4338540e-001
 8.4420729e-001
 8.4501415e-001
 8.4580404e-001
 8.4658849e-001
 8.4736043e-001
 8.4812051e-001
 8.4887588e-001
 8.4962267e-001
 8.5035002e-001
 8.5105729e-001
 8.5175765e-001
 8.5246772e-001
 8.5317606e-001
 8.5388106e-001
 8.5460711e-001
 8.5539192e-001
 8.5620785e-001
 8.5702896e-001
 8.5787451e-001
 8.5873228e-001
 8.5958219e-001
 8.6041915e-001
 8.6128610e-001
 8.6213988e-001
 8.6296672e-001
 8.6376357e-001
 8.6450875e-001
 8.6524701e-001
 8.6598444e-001
 8.6669976e-001
 8.6738414e-001
 8.6805207e-001
 8.6870110e-001
 8.6931503e-001
 8.6991161e-001
 8.7051427e-001
 8.7111306e-001
 8.7166864e-001
 8.7223947e-001
 8.7279326e-001
 8.7331939e-001
 8.7387019e-001
 8.7440771e-001
 8.7496746e-001
 8.7556744e-001
 8.7615830e-001
 8.7672865e-001
 8.7727082e-001
 8.7778664e-001
 8.7829816e-001
 8.7881792e-001
 8.7933606e-001
 8.7984210e-001
 8.8036066e-001
 8.8087481e-001
 8.8136786e-001
 8.8182896e-001
 8.8227952e-001
 8.8273406e-001
 8.8319790e-001
 8.8366795e-001
 8.8412428e-001
 8.8455534e-001
 8.8497329e-001
 8.8539410e-001
 8.8575935e-001
 8.8615394e-001
 8.8658065e-001
 8.8697392e-001
 8.8736731e-001
 8.8776720e-001
 8.8816833e-001
 8.8856119e-001
 8.8896233e-001
 8.8933361e-001
 8.8967800e-001
 8.9004380e-001
 8.9037395e-001
 8.9070898e-001
 8.9105773e-001
 8.9137948e-001
 8.9175773e-001
 8.9211816e-001
 8.9240628e-001
 8.9263874e-001
 8.9292276e-001
 8.9319646e-001
 8.9343321e-001
 8.9370203e-001
 8.9393950e-001
 8.9416230e-001
 8.9438272e-001
 8.9458239e-001
 8.9478594e-001
 8.9496428e-001
 8.9509732e-001
 8.9520025e-001
 8.9529496e-001
 8.9540201e-001
 8.9550763e-001
 8.9554846e-001
 8.9553791e-001
 8.9553636e-001
 8.9554095e-001
 8.9543647e-001
 8.9529884e-001
 8.9514321e-001
 8.9494270e-001
 8.9463294e-001
 8.9427048e-001
 8.9393473e-001
 8.9361501e-001
 8.9316845e-001
 8.9270222e-001
 8.9227587e-001
 8.9186382e-001
 8.9134616e-001
 8.9083749e-001
 8.9037955e-001
 8.8992643e-001
 8.8935506e-001
 8.8887566e-001
 8.8834065e-001
 8.8771397e-001
 8.8715321e-001
 8.8646728e-001
 8.8568068e-001
 8.8485950e-001
 8.8405532e-001
 8.8309991e-001
 8.8209349e-001
 8.8104105e-001
 8.7984991e-001
 8.7867630e-001
 8.7743187e-001
 8.7615317e-001
 8.7495625e-001
 8.7363458e-001
 8.7239659e-001
 8.7122172e-001
 8.6998379e-001
 8.6901259e-001
 8.6792117e-001
 8.6685169e-001
 8.6611766e-001
 8.6525553e-001
 8.6465669e-001
 8.6411774e-001
 8.6339313e-001
 8.6312902e-001
 8.6281669e-001
 8.6253738e-001
 8.6246568e-001
 8.6240780e-001
 8.6241597e-001
 8.6242402e-001
 8.6262113e-001
 8.6292315e-001
 8.6335045e-001
 8.6374933e-001
 8.6424488e-001
 8.6479312e-001
 8.6525142e-001
 8.6582416e-001
 8.6659485e-001
 8.6735255e-001
 8.6806905e-001
 8.6880940e-001
 8.6956304e-001
 8.7028867e-001
 8.7102848e-001
 8.7181550e-001
 8.7258816e-001
 8.7332040e-001
 8.7410784e-001
 8.7495500e-001
 8.7577295e-001
 8.7659264e-001
 8.7738323e-001
 8.7809676e-001
 8.7882125e-001
 8.7959999e-001
 8.8032597e-001
 8.8104844e-001
 8.8179648e-001
 8.8251215e-001
 8.8316303e-001
 8.8385791e-001
 8.8457376e-001
 8.8526547e-001
 8.8595700e-001
 8.8666737e-001
 8.8736796e-001
 8.8806456e-001
 8.8876915e-001
 8.8945168e-001
 8.9008981e-001
 8.9068049e-001
 8.9127672e-001
 8.9183801e-001
 8.9242506e-001
 8.9303052e-001
 8.9361531e-001
 8.9421803e-001
 8.9475209e-001
 8.9527839e-001
 8.9582837e-001
 8.9638853e-001
 8.9694387e-001
 8.9744967e-001
 8.9795005e-001
 8.9841962e-001
 8.9883727e-001
 8.9925218e-001
 8.9964736e-001
 9.0004796e-001
 9.0040988e-001
 9.0082008e-001
 9.0125966e-001
 9.0171325e-001
 9.0217233e-001
 9.0258229e-001
 9.0292525e-001
 9.0325236e-001
 9.0358776e-001
 9.0388626e-001
 9.0421635e-001
 9.0457618e-001
 9.0490395e-001
 9.0520614e-001
 9.0552682e-001
 9.0587729e-001
 9.0618020e-001
 9.0644813e-001
 9.0675509e-001
 9.0705240e-001
 9.0729761e-001
 9.0756077e-001
 9.0779954e-001
 9.0801644e-001
 9.0818572e-001
 9.0836477e-001
 9.0852362e-001
 9.0870917e-001
 9.0891498e-001
 9.0908164e-001
 9.0927112e-001
 9.0940690e-001
 9.0950125e-001
 9.0956664e-001
 9.0962774e-001
 9.0963322e-001
 9.0956658e-001
 9.0946317e-001
 9.0931273e-001
 9.0912640e-001
 9.0886271e-001
 9.0859294e-001
 9.0817577e-001
 9.0771425e-001
 9.0708309e-001
 9.0635663e-001
 9.0548360e-001
 9.0447998e-001
 9.0335178e-001
 9.0208375e-001
 9.0073687e-001
 8.9927900e-001
 8.9769512e-001
 8.9607280e-001
 8.9431769e-001
 8.9264661e-001
 8.9083004e-001
 8.8929397e-001
 8.8775128e-001
 8.8651860e-001
 8.8538527e-001
 8.8461512e-001
 8.8401222e-001
 8.8379669e-001
 8.8389832e-001
 8.8429826e-001
 8.8507104e-001
 8.8606232e-001
 8.8719809e-001
 8.8862514e-001
 8.9005274e-001
 8.9167184e-001
 8.9318895e-001
 8.9485431e-001
 8.9630824e-001
 8.9776260e-001
 8.9898372e-001
 9.0016723e-001
 9.0104139e-001
 9.0169370e-001
 9.0215617e-001
 9.0242183e-001
 9.0244955e-001
 9.0231937e-001
 9.0203243e-001
 9.0153593e-001
 9.0081841e-001
 9.0000236e-001
 8.9897263e-001
 8.9794046e-001
 8.9674169e-001
 8.9562041e-001
 8.9441347e-001
 8.9332646e-001
 8.9224994e-001
 8.9127606e-001
 8.9036250e-001
 8.8954717e-001
 8.8881528e-001
 8.8815254e-001
 8.8760293e-001
 8.8715041e-001
 8.8676959e-001
 8.8650566e-001
 8.8624626e-001
 8.8603723e-001
 8.8588822e-001
 8.8579476e-001
 8.8572323e-001
 8.8571334e-001
 8.8571936e-001
 8.8572949e-001
 8.8579041e-001
 8.8589412e-001
 8.8602984e-001
 8.8620031e-001
 8.8640654e-001
 8.8663769e-001
 8.8691783e-001
 8.8717842e-001
 8.8746208e-001
 8.8773537e-001
 8.8800848e-001
 8.8827699e-001
 8.8857979e-001
 8.8881344e-001
 8.8902420e-001
 8.8920057e-001
 8.8935196e-001
 8.8944459e-001
 8.8949329e-001
 8.8951653e-001
 8.8949174e-001
 8.8943070e-001
 8.8934618e-001
 8.8925344e-001
 8.8909113e-001
 8.8887769e-001
 8.8863200e-001
 8.8834655e-001
 8.8801187e-001
 8.8763011e-001
 8.8721871e-001
 8.8675332e-001
 8.8627130e-001
 8.8576400e-001
 8.8522846e-001
 8.8464713e-001
 8.8406891e-001
 8.8347387e-001
 8.8286537e-001
 8.8225472e-001
 8.8162071e-001
 8.8097239e-001
 8.8029069e-001
 8.7963802e-001
 8.7897426e-001
 8.7833488e-001
 8.7774009e-001
 8.7708801e-001
 8.7642986e-001
 8.7573922e-001
 8.7501752e-001
 8.7427044e-001
 8.7348384e-001
 8.7270606e-001
 8.7191123e-001
 8.7110019e-001
 8.7027317e-001
 8.6945415e-001
 8.6862570e-001
 8.6781383e-001
 8.6705029e-001
 8.6631942e-001
 8.6562842e-001
 8.6494410e-001
 8.6436033e-001
 8.6381894e-001
 8.6337614e-001
 8.6301106e-001
 8.6273515e-001
 8.6255723e-001
 8.6242968e-001
 8.6239970e-001
 8.6239731e-001
 8.6246508e-001
 8.6254531e-001
 8.6267048e-001
 8.6282092e-001
 8.6296237e-001
 8.6310744e-001
 8.6326611e-001
 8.6343008e-001
 8.6358613e-001
 8.6375862e-001
 8.6390162e-001
 8.6404008e-001
 8.6414450e-001
 8.6425525e-001
 8.6428869e-001
 8.6426419e-001
 8.6422378e-001
 8.6414081e-001
 8.6402380e-001
 8.6387342e-001
 8.6371088e-001
 8.6350924e-001
 8.6327744e-001
 8.6307836e-001
 8.6287755e-001
 8.6266714e-001
 8.6248761e-001
 8.6230028e-001
 8.6211044e-001
 8.6196470e-001
 8.6183012e-001
 8.6174393e-001
 8.6171019e-001
 8.6167246e-001
 8.6164147e-001
 8.6165929e-001
 8.6167800e-001
 8.6177611e-001
 8.6195815e-001
 8.6214191e-001
 8.6238891e-001
 8.6262000e-001
 8.6286157e-001
 8.6310571e-001
 8.6335272e-001
 8.6362559e-001
 8.6393189e-001
 8.6424571e-001
 8.6455929e-001
 8.6487627e-001
 8.6516935e-001
 8.6543888e-001
 8.6570495e-001
 8.6595702e-001
 8.6622351e-001
 8.6650944e-001
 8.6674649e-001
 8.6695606e-001
 8.6717051e-001
 8.6734796e-001
 8.6753672e-001
 8.6777031e-001
 8.6794347e-001
 8.6810696e-001
 8.6819798e-001
 8.6823112e-001
 8.6822814e-001
 8.6818713e-001
 8.6810893e-001
 8.6801356e-001
 8.6786389e-001
 8.6763811e-001
 8.6735970e-001
 8.6700457e-001
 8.6658138e-001
 8.6610794e-001
 8.6558020e-001
 8.6496037e-001
 8.6429191e-001
 8.6353290e-001
 8.6266685e-001
 8.6178154e-001
 8.6086380e-001
 8.5985684e-001
 8.5881209e-001
 8.5767049e-001
 8.5644054e-001
 8.5515606e-001
 8.5379928e-001
 8.5239685e-001
 8.5097098e-001
 8.4948313e-001
 8.4796762e-001
 8.4642678e-001
 8.4483534e-001
 8.4323454e-001
 8.4157896e-001
 8.3989805e-001
 8.3821744e-001
 8.3651698e-001
 8.3478528e-001
 8.3303863e-001
 8.3127570e-001
 8.2947564e-001
 8.2766896e-001
 8.2584631e-001
 8.2402766e-001
 8.2219511e-001
 8.2033825e-001
 8.1845325e-001
 8.1659889e-001
 8.1474388e-001
 8.1289494e-001
 8.1107795e-001
 8.0926865e-001
 8.0745882e-001
 8.0564678e-001
 8.0387080e-001
 8.0217361e-001
 8.0052865e-001
 7.9890013e-001
 7.9728097e-001
 7.9567236e-001
 7.9406410e-001
 7.9245609e-001
 7.9086393e-001
 7.8929216e-001
 7.8770572e-001
 7.8612834e-001
 7.8448188e-001
 7.8280312e-001
 7.8107774e-001
 7.7930844e-001
 7.7745330e-001
 7.7556884e-001
 7.7360958e-001
 7.7161133e-001
 7.6953453e-001
 7.6745003e-001
 7.6524347e-001
 7.6297581e-001
 7.6055735e-001
 7.5801873e-001
 7.5534242e-001
 7.5253087e-001
 7.4955839e-001
 7.4636883e-001
 7.4300873e-001
 7.3944622e-001
 7.3563540e-001
 7.3163819e-001
 7.2739965e-001
 7.2295386e-001
 7.1831465e-001
 7.1343839e-001
 7.0832527e-001
 7.0310318e-001
 6.9762588e-001
 6.9206071e-001
 6.8630922e-001
 6.8059433e-001
 6.7471129e-001
 6.6895169e-001
 6.6316575e-001
 6.5753400e-001
 6.5190929e-001
 6.4642197e-001
 6.4102072e-001
 6.3578677e-001
 6.3068509e-001
 6.2567019e-001
 6.2078446e-001
 6.1600232e-001
 6.1131179e-001
 6.0664278e-001
 6.0204196e-001
 5.9745955e-001
 5.9285986e-001
 5.8822191e-001
 5.8348238e-001
 5.7871670e-001
 5.7386994e-001
 5.6884056e-001
 5.6372762e-001
 5.5850738e-001
 5.5320024e-001
 5.4787844e-001
 5.4252088e-001
 5.3711671e-001
 5.3177780e-001
 5.2635580e-001
 5.2107596e-001
 5.1582056e-001
 5.1077235e-001
 5.0578636e-001
 5.0104123e-001
 4.9644741e-001
 4.9213508e-001
 4.8800889e-001
 4.8415130e-001
 4.8054916e-001
 4.7722396e-001
 4.7414544e-001
 4.7134024e-001
 4.6882495e-001
 4.6657753e-001
 4.6460056e-001
 4.6286854e-001
 4.6142825e-001
 4.6023443e-001
 4.5925125e-001
 4.5848042e-001
 4.5790619e-001
 4.5751190e-001
 4.5728648e-001
 4.5722169e-001
 4.5729551e-001
 4.5750406e-001
 4.5783687e-001
 4.5828632e-001
 4.5886943e-001
 4.5955738e-001
 4.6033266e-001
 4.6121502e-001
 4.6218008e-001
 4.6324942e-001
 4.6436185e-001
 4.6556792e-001
 4.6680278e-001
 4.6809158e-001
 4.6940792e-001
 4.7078469e-001
 4.7218055e-001
 4.7362408e-001
 4.7505221e-001
 4.7650340e-001
 4.7794440e-001
 4.7938427e-001
 4.8080972e-001
 4.8223764e-001
 4.8366451e-001
 4.8507920e-001
 4.8648509e-001
 4.8788732e-001
 4.8928747e-001
 4.9069184e-001
 4.9205789e-001
 4.9342594e-001
 4.9475545e-001
 4.9603885e-001
 4.9730635e-001
 4.9855396e-001
 4.9977028e-001
 5.0097591e-001
 5.0213867e-001
 5.0327158e-001
 5.0440711e-001
 5.0551254e-001
 5.0660926e-001
 5.0771022e-001
 5.0878263e-001
 5.0984687e-001
 5.1089573e-001
 5.1192611e-001
 5.1296884e-001
 5.1399130e-001
 5.1500612e-001
 5.1602274e-001
 5.1700515e-001
 5.1799780e-001
 5.1898265e-001
 5.1994699e-001
 5.2089864e-001
 5.2185422e-001
 5.2279842e-001
 5.2372772e-001
 5.2464819e-001
 5.2557528e-001
 5.2648878e-001
 5.2740061e-001
 5.2832609e-001
 5.2923703e-001
 5.3013134e-001
 5.3102392e-001
 5.3192395e-001
 5.3279817e-001
 5.3365242e-001
 5.3449994e-001
 5.3533322e-001
 5.3616697e-001
 5.3699261e-001
 5.3781098e-001
 5.3861707e-001
 5.3943205e-001
 5.4025114e-001
 5.4105669e-001
 5.4185176e-001
 5.4265857e-001
 5.4347062e-001
 5.4426461e-001
 5.4506063e-001
 5.4585129e-001
 5.4662383e-001
 5.4738611e-001
 5.4815435e-001
 5.4890633e-001
 5.4963338e-001
 5.5036080e-001
 5.5107945e-001
 5.5179399e-001
 5.5249590e-001
 5.5320227e-001
 5.5391353e-001
 5.5462009e-001
 5.5532825e-001
 5.5602759e-001
 5.5672109e-001
 5.5740505e-001
 5.5809873e-001
 5.5876476e-001
 5.5940175e-001
 5.6002831e-001
 5.6062233e-001
 5.6120586e-001
 5.6178951e-001
 5.6235659e-001
 5.6291866e-001
 5.6348521e-001
 5.6405669e-001
 5.6464064e-001
 5.6522858e-001
 5.6579417e-001
 5.6633741e-001
 5.6685513e-001
 5.6735492e-001
 5.6786925e-001
 5.6838703e-001
 5.6892300e-001
 5.6947678e-001
 5.7001728e-001
 5.7056475e-001
 5.7112604e-001
 5.7170314e-001
 5.7227993e-001
 5.7284659e-001
 5.7343578e-001
 5.7401019e-001
 5.7457519e-001
 5.7512736e-001
 5.7569182e-001
 5.7620364e-001
 5.7668692e-001
 5.7713938e-001
 5.7755792e-001
 5.7796425e-001
 5.7834089e-001
 5.7870632e-001
 5.7905000e-001
 5.7939339e-001
 5.7971972e-001
 5.8004361e-001
 5.8037210e-001
 5.8067590e-001
 5.8096915e-001
 5.8123708e-001
 5.8148867e-001
 5.8171320e-001
 5.8191282e-001
 5.8209002e-001
 5.8225137e-001
 5.8236575e-001
 5.8245635e-001
 5.8248711e-001
 5.8247072e-001
 5.8240932e-001
 5.8230108e-001
 5.8214557e-001
 5.8195871e-001
 5.8168226e-001
 5.8135176e-001
 5.8092993e-001
 5.8045733e-001
 5.7982147e-001
 5.7910460e-001
 5.7819980e-001
 5.7715726e-001
 5.7590503e-001
 5.7449222e-001
 5.7287109e-001
 5.7105112e-001
 5.6901765e-001
 5.6676543e-001
 5.6436360e-001
 5.6173462e-001
 5.5898929e-001
 5.5605119e-001
 5.5307776e-001
 5.4991907e-001
 5.4682416e-001
 5.4364240e-001
 5.4060721e-001
 5.3751689e-001
 5.3472233e-001
 5.3198749e-001
 5.2969503e-001
 5.2759564e-001
 5.2602625e-001
 5.2480340e-001
 5.2416444e-001
 5.2396977e-001
 5.2438420e-001
 5.2539170e-001
 5.2687693e-001
 5.2896827e-001
 5.3141958e-001
 5.3445512e-001
 5.3764331e-001
 5.4129905e-001
 5.4496479e-001
 5.4894012e-001
 5.5275637e-001
 5.5669516e-001
 5.6045282e-001
 5.6418467e-001
 5.6764776e-001
 5.7101542e-001
 5.7407832e-001
 5.7688856e-001
 5.7945460e-001
 5.8177525e-001
 5.8389962e-001
 5.8574718e-001
 5.8747649e-001
 5.8901441e-001
 5.9044099e-001
 5.9169382e-001
 5.9284168e-001
 5.9386259e-001
 5.9477550e-001
 5.9553629e-001
 5.9624904e-001
 5.9686232e-001
 5.9741354e-001
 5.9787124e-001
 5.9830576e-001
 5.9867072e-001
 5.9902483e-001
 5.9933376e-001
 5.9960073e-001
 5.9984916e-001
 6.0006207e-001
 6.0026300e-001
 6.0048836e-001
 6.0071230e-001
 6.0095996e-001
 6.0119075e-001
 6.0140580e-001
 6.0161984e-001
 6.0182768e-001
 6.0203272e-001
 6.0223675e-001
 6.0243249e-001
 6.0261369e-001
 6.0280418e-001
 6.0299051e-001
 6.0318255e-001
 6.0337478e-001
 6.0358489e-001
 6.0377836e-001
 6.0403186e-001
 6.0432065e-001
 6.0464686e-001
 6.0500962e-001
 6.0542512e-001
 6.0590422e-001
 6.0638404e-001
 6.0689878e-001
 6.0744119e-001
 6.0798633e-001
 6.0857695e-001
 6.0925400e-001
 6.0987991e-001
 6.1053061e-001
 6.1111993e-001
 6.1166435e-001
 6.1218923e-001
 6.1269253e-001
 6.1314464e-001
 6.1357975e-001
 6.1393803e-001
 6.1422974e-001
 6.1447525e-001
 6.1465448e-001
 6.1480457e-001
 6.1489612e-001
 6.1498344e-001
 6.1503464e-001
 6.1507916e-001
 6.1511153e-001
 6.1511999e-001
 6.1511117e-001
 6.1508089e-001
 6.1501640e-001
 6.1497241e-001
 6.1492521e-001
 6.1486244e-001
 6.1480689e-001
 6.1472118e-001
 6.1460888e-001
 6.1447757e-001
 6.1435354e-001
 6.1421782e-001
 6.1407882e-001
 6.1397630e-001
 6.1385864e-001
 6.1373389e-001
 6.1362284e-001
 6.1348444e-001
 6.1335289e-001
 6.1325115e-001
 6.1316025e-001
 6.1310029e-001
 6.1306721e-001
 6.1305177e-001
 6.1301535e-001
 6.1295587e-001
 6.1293101e-001
 6.1291552e-001
 6.1290431e-001
 6.1293358e-001
 6.1293507e-001
 6.1292607e-001
 6.1291003e-001
 6.1287391e-001
 6.1284792e-001
 6.1282599e-001
 6.1278731e-001
 6.1275053e-001
 6.1270446e-001
 6.1263061e-001
 6.1257422e-001
 6.1253124e-001
 6.1247653e-001
 6.1242282e-001
 6.1234546e-001
 6.1226022e-001
 6.1214769e-001
 6.1200351e-001
 6.1189950e-001
 6.1176443e-001
 6.1166418e-001
 6.1156452e-001
 6.1142361e-001
 6.1129797e-001
 6.1121345e-001
 6.1115080e-001
 6.1112046e-001
 6.1110538e-001
 6.1106837e-001
 6.1101365e-001
 6.1097008e-001
 6.1092544e-001
 6.1088687e-001
 6.1088115e-001
 6.1090487e-001
 6.1091572e-001
 6.1092174e-001
 6.1094820e-001
 6.1095119e-001
 6.1101580e-001
 6.1114019e-001
 6.1126655e-001
 6.1143935e-001
 6.1160707e-001
 6.1177051e-001
 6.1195850e-001
 6.1217034e-001
 6.1238271e-001
 6.1261493e-001
 6.1286116e-001
 6.1312765e-001
 6.1339134e-001
 6.1364907e-001
 6.1390668e-001
 6.1412400e-001
 6.1431497e-001
 6.1453849e-001
 6.1480719e-001
 6.1502337e-001
 6.1525732e-001
 6.1545902e-001
 6.1563677e-001
 6.1577940e-001
 6.1593056e-001
 6.1612988e-001
 6.1619699e-001
 6.1620921e-001
 6.1618429e-001
 6.1607826e-001
 6.1591977e-001
 6.1575776e-001
 6.1559737e-001
 6.1539942e-001
 6.1519277e-001
 6.1489457e-001
 6.1456108e-001
 6.1417067e-001
 6.1368167e-001
 6.1319453e-001
 6.1268628e-001
 6.1215913e-001
 6.1157411e-001
 6.1094606e-001
 6.1026514e-001
 6.0953289e-001
 6.0874504e-001
 6.0787565e-001
 6.0700011e-001
 6.0614365e-001
 6.0512382e-001
 6.0401458e-001
 6.0283482e-001
 6.0156363e-001
 6.0016924e-001
 5.9870911e-001
 5.9728539e-001
 5.9564447e-001
 5.9391087e-001
 5.9204423e-001
 5.9012657e-001
 5.8800912e-001
 5.8578616e-001
 5.8335441e-001
 5.8073694e-001
 5.7794392e-001
 5.7490104e-001
 5.7166064e-001
 5.6813413e-001
 5.6436348e-001
 5.6029797e-001
 5.5601203e-001
 5.5134678e-001
 5.4642773e-001
 5.4109985e-001
 5.3540444e-001
 5.2932155e-001
 5.2293223e-001
 5.1611841e-001
 5.0904989e-001
 5.0160158e-001
 4.9387157e-001
 4.8569781e-001
 4.7740376e-001
 4.6867052e-001
 4.6005210e-001
 4.5112532e-001
 4.4258979e-001
 4.3426967e-001
 4.2603502e-001
 4.1835523e-001
 4.1099712e-001
 4.0411955e-001
 3.9754355e-001
 3.9155823e-001
 3.8597438e-001
 3.8093668e-001
 3.7645629e-001
 3.7237570e-001
 3.6874166e-001
 3.6559457e-001
 3.6278537e-001
 3.6040995e-001
 3.5835955e-001
 3.5674837e-001
 3.5537261e-001
 3.5440058e-001
 3.5359076e-001
 3.5306865e-001
 3.5271671e-001
 3.5259232e-001
 3.5265401e-001
 3.5286772e-001
 3.5330135e-001
 3.5378370e-001
 3.5440364e-001
 3.5509744e-001
 3.5592601e-001
 3.5677809e-001
 3.5774672e-001
 3.5871404e-001
 3.5971513e-001
 3.6073667e-001
 3.6179388e-001
 3.6287755e-001
 3.6396363e-001
 3.6506116e-001
 3.6618415e-001
 3.6733600e-001
 3.6847600e-001
 3.6963719e-001
 3.7079525e-001
 3.7195191e-001
 3.7311000e-001
 3.7426800e-001
 3.7543893e-001
 3.7658614e-001
 3.7777555e-001
 3.7895092e-001
 3.8014123e-001
 3.8133764e-001
 3.8254061e-001
 3.8376701e-001
 3.8503489e-001
 3.8628349e-001
 3.8751787e-001
 3.8875958e-001
 3.9000595e-001
 3.9126620e-001
 3.9256060e-001
 3.9382049e-001
 3.9507642e-001
 3.9631829e-001
 3.9757213e-001
 3.9879781e-001
 4.0007535e-001
 4.0141627e-001
 4.0269929e-001
 4.0401092e-001
 4.0526038e-001
 4.0644556e-001
 4.0761420e-001
 4.0881032e-001
 4.1001838e-001
 4.1124192e-001
 4.1244727e-001
 4.1361544e-001
 4.1476214e-001
 4.1584125e-001
 4.1688767e-001
 4.1787538e-001
 4.1879454e-001
 4.1970998e-001
 4.2060724e-001
 4.2144981e-001
 4.2225790e-001
 4.2297408e-001
 4.2362320e-001
 4.2423746e-001
 4.2484668e-001
 4.2539054e-001
 4.2592555e-001
 4.2645320e-001
 4.2692313e-001
 4.2733976e-001
 4.2778072e-001
 4.2821977e-001
 4.2862630e-001
 4.2901048e-001
 4.2939961e-001
 4.2968291e-001
 4.2992330e-001
 4.3015611e-001
 4.3032324e-001
 4.3049836e-001
 4.3068153e-001
 4.3076953e-001
 4.3080926e-001
 4.3078864e-001
 4.3068010e-001
 4.3054861e-001
 4.3041182e-001
 4.3017834e-001
 4.2990601e-001
 4.2955485e-001
 4.2912892e-001
 4.2865014e-001
 4.2807195e-001
 4.2739102e-001
 4.2662567e-001
 4.2579678e-001
 4.2481387e-001
 4.2376044e-001
 4.2255238e-001
 4.2116055e-001
 4.1970015e-001
 4.1813532e-001
 4.1648009e-001
 4.1477835e-001
 4.1302189e-001
 4.1118827e-001
 4.0925667e-001
 4.0720853e-001
 4.0507209e-001
 4.0289986e-001
 4.0066928e-001
 3.9844397e-001
 3.9622998e-001
 3.9394695e-001
 3.9159024e-001
 3.8920715e-001
 3.8675743e-001
 3.8426402e-001
 3.8171744e-001
 3.7917951e-001
 3.7660214e-001
 3.7404272e-001
 3.7150002e-001
 3.6889568e-001
 3.6629757e-001
 3.6369285e-001
 3.6111355e-001
 3.5852784e-001
 3.5601631e-001
 3.5354450e-001
 3.5109228e-001
 3.4866187e-001
 3.4627849e-001
 3.4391728e-001
 3.4158510e-001
 3.3933595e-001
 3.3714458e-001
 3.3498251e-001
 3.3291033e-001
 3.3090550e-001
 3.2891747e-001
 3.2701457e-001
 3.2517210e-001
 3.2337067e-001
 3.2160631e-001
 3.1989384e-001
 3.1824037e-001
 3.1662315e-001
 3.1505746e-001
 3.1351230e-001
 3.1200370e-001
 3.1052595e-001
 3.0905384e-001
 3.0761549e-001
 3.0622756e-001
 3.0484918e-001
 3.0347106e-001
 3.0210525e-001
 3.0072603e-001
 2.9932290e-001
 2.9793313e-001
 2.9656461e-001
 2.9514965e-001
 2.9372853e-001
 2.9227731e-001
 2.9078537e-001
 2.8926280e-001
 2.8773767e-001
 2.8615776e-001
 2.8451842e-001
 2.8283724e-001
 2.8110778e-001
 2.7934557e-001
 2.7752367e-001
 2.7563342e-001
 2.7367818e-001
 2.7164146e-001
 2.6952672e-001
 2.6737621e-001
 2.6520917e-001
 2.6302794e-001
 2.6079601e-001
 2.5850144e-001
 2.5619900e-001
 2.5379324e-001
 2.5145936e-001
 2.4913642e-001
 2.4686787e-001
 2.4466050e-001
 2.4253917e-001
 2.4050869e-001
 2.3857287e-001
 2.3673409e-001
 2.3499806e-001
 2.3340793e-001
 2.3195541e-001
 2.3066512e-001
 2.2953233e-001
 2.2851427e-001
 2.2763337e-001
 2.2688217e-001
 2.2628346e-001
 2.2581056e-001
 2.2549805e-001
 2.2526304e-001
 2.2514054e-001
 2.2509527e-001
 2.2514391e-001
 2.2527802e-001
 2.2548766e-001
 2.2580996e-001
 2.2621816e-001
 2.2670698e-001
 2.2728911e-001
 2.2789446e-001
 2.2854105e-001
 2.2923081e-001
 2.2996880e-001
 2.3076867e-001
 2.3155034e-001
 2.3238607e-001
 2.3317061e-001
 2.3393263e-001
 2.3470901e-001
 2.3548412e-001
 2.3624560e-001
 2.3699681e-001
 2.3775740e-001
 2.3851308e-001
 2.3928389e-001
 2.4006449e-001
 2.4082570e-001
 2.4159013e-001
 2.4236996e-001
 2.4318314e-001
 2.4400523e-001
 2.4483864e-001
 2.4569350e-001
 2.4654396e-001
 2.4739878e-001
 2.4827953e-001
 2.4918443e-001
 2.5009188e-001
 2.5102186e-001
 2.5197759e-001
 2.5295830e-001
 2.5393781e-001
 2.5493860e-001
 2.5594094e-001
 2.5691852e-001
 2.5794831e-001
 2.5901359e-001
 2.6008159e-001
 2.6118937e-001
 2.6231173e-001
 2.6339421e-001
 2.6447958e-001
 2.6560727e-001
 2.6673549e-001
 2.6788086e-001
 2.6908302e-001
 2.7025738e-001
 2.7139896e-001
 2.7258009e-001
 2.7375805e-001
 2.7495918e-001
 2.7624041e-001
 2.7753910e-001
 2.7886766e-001
 2.8022841e-001
 2.8164160e-001
 2.8302446e-001
 2.8441691e-001
 2.8583929e-001
 2.8721151e-001
 2.8871429e-001
 2.9031718e-001
 2.9191768e-001
 2.9361734e-001
 2.9524168e-001
 2.9684788e-001
 2.9840049e-001
 2.9993334e-001
 3.0150422e-001
 3.0309346e-001
 3.0472013e-001
 3.0632833e-001
 3.0789500e-001
 3.0942339e-001
 3.1088629e-001
 3.1235227e-001
 3.1379223e-001
 3.1516409e-001
 3.1651747e-001
 3.1782624e-001
 3.1908679e-001
 3.2025895e-001
 3.2135865e-001
 3.2238543e-001
 3.2330638e-001
 3.2421246e-001
 3.2508111e-001
 3.2589358e-001
 3.2667470e-001
 3.2737133e-001
 3.2798696e-001
 3.2855830e-001
 3.2904762e-001
 3.2952982e-001
 3.2996398e-001
 3.3038861e-001
 3.3078715e-001
 3.3116350e-001
 3.3151788e-001
 3.3184773e-001
 3.3218643e-001
 3.3258462e-001
 3.3300999e-001
 3.3345670e-001
 3.3392543e-001
 3.3443061e-001
 3.3501670e-001
 3.3567035e-001
 3.3639947e-001
 3.3716130e-001
 3.3797401e-001
 3.3882529e-001
 3.3975855e-001
 3.4075370e-001
 3.4170592e-001
 3.4268111e-001
 3.4366158e-001
 3.4460294e-001
 3.4558403e-001
 3.4663269e-001
 3.4760866e-001
 3.4859377e-001
 3.4950054e-001
 3.5035145e-001
 3.5113284e-001
 3.5186028e-001
 3.5253218e-001
 3.5312304e-001
 3.5372743e-001
 3.5429543e-001
 3.5483634e-001
 3.5537088e-001
 3.5584244e-001
 3.5626960e-001
 3.5664687e-001
 3.5697520e-001
 3.5727528e-001
 3.5753039e-001
 3.5769811e-001
 3.5779184e-001
 3.5784552e-001
 3.5785112e-001
 3.5782710e-001
 3.5775939e-001
 3.5768360e-001
 3.5753673e-001
 3.5731974e-001
 3.5710371e-001
 3.5681054e-001
 3.5648555e-001
 3.5620809e-001
 3.5593203e-001
 3.5563958e-001
 3.5534748e-001
 3.5500020e-001
 3.5458165e-001
 3.5418522e-001
 3.5378969e-001
 3.5335395e-001
 3.5295057e-001
 3.5253522e-001
 3.5210770e-001
 3.5168779e-001
 3.5123900e-001
 3.5074785e-001
 3.5027850e-001
 3.4979320e-001
 3.4931713e-001
 3.4886846e-001
 3.4838748e-001
 3.4786293e-001
 3.4738827e-001
 3.4690911e-001
 3.4648031e-001
 3.4608403e-001
 3.4575763e-001
 3.4545863e-001
 3.4524629e-001
 3.4511054e-001
 3.4506711e-001
 3.4511054e-001
 3.4523469e-001
 3.4543726e-001
 3.4566829e-001
 3.4594798e-001
 3.4632143e-001
 3.4679872e-001
 3.4736282e-001
 3.4803364e-001
 3.4876809e-001
 3.4956583e-001
 3.5043925e-001
 3.5139334e-001
 3.5239413e-001
 3.5353175e-001
 3.5467562e-001
 3.5587561e-001
 3.5710180e-001
 3.5831282e-001
 3.5960016e-001
 3.6100501e-001
 3.6237216e-001
 3.6380035e-001
 3.6516455e-001
 3.6642718e-001
 3.6772707e-001
 3.6905882e-001
 3.7034586e-001
 3.7166801e-001
 3.7288675e-001
 3.7399372e-001
 3.7510177e-001
 3.7622172e-001
 3.7722316e-001
 3.7818298e-001
 3.7903714e-001
 3.7970585e-001
 3.8037205e-001
 3.8104713e-001
 3.8154295e-001
 3.8194203e-001
 3.8223448e-001
 3.8237444e-001
 3.8244209e-001
 3.8241664e-001
 3.8232762e-001
 3.8212729e-001
 3.8186404e-001
 3.8155636e-001
 3.8110623e-001
 3.8051593e-001
 3.7983945e-001
 3.7898704e-001
 3.7815881e-001
 3.7728330e-001
 3.7636554e-001
 3.7546402e-001
 3.7440333e-001
 3.7317809e-001
 3.7199825e-001
 3.7071151e-001
 3.6951438e-001
 3.6834717e-001
 3.6719674e-001
 3.6606890e-001
 3.6495489e-001
 3.6388886e-001
 3.6282676e-001
 3.6175203e-001
 3.6073765e-001
 3.5974431e-001
 3.5880265e-001
 3.5791275e-001
 3.5706156e-001
 3.5628551e-001
 3.5548878e-001
 3.5472029e-001
 3.5398418e-001
 3.5327834e-001
 3.5258439e-001
 3.5194078e-001
 3.5127684e-001
 3.5063654e-001
 3.4990251e-001
 3.4917232e-001
 3.4830755e-001
 3.4731293e-001
 3.4631824e-001
 3.4524694e-001
 3.4415174e-001
 3.4303716e-001
 3.4183428e-001
 3.4056655e-001
 3.3925343e-001
 3.3785623e-001
 3.3644107e-001
 3.3496565e-001
 3.3348301e-001
 3.3204818e-001
 3.3038613e-001
 3.2856670e-001
 3.2679975e-001
 3.2487509e-001
 3.2304698e-001
 3.2133082e-001
 3.1950977e-001
 3.1759816e-001
 3.1574783e-001
 3.1390104e-001
 3.1206357e-001
 3.1020334e-001
 3.0846852e-001
 3.0683070e-001
 3.0507743e-001
 3.0335444e-001
 3.0161333e-001
 2.9977691e-001
 2.9795441e-001
 2.9624760e-001
 2.9464865e-001
 2.9297486e-001
 2.9135501e-001
 2.8981325e-001
 2.8809053e-001
 2.8634331e-001
 2.8473279e-001
 2.8302616e-001
 2.8127956e-001
 2.7958301e-001
 2.7790430e-001
 2.7629873e-001
 2.7458996e-001
 2.7288187e-001
 2.7106050e-001
 2.6922843e-001
 2.6737440e-001
 2.6559260e-001
 2.6381999e-001
 2.6205748e-001
 2.6036483e-001
 2.5862333e-001
 2.5681928e-001
 2.5502411e-001
 2.5324005e-001
 2.5149688e-001
 2.4964872e-001
 2.4801427e-001
 2.4663876e-001
 2.4507631e-001
 2.4367630e-001
 2.4204879e-001
 2.4002217e-001
 2.3844212e-001
 2.3702949e-001
 2.3566243e-001
 2.3460059e-001
 2.3345993e-001
 2.3233508e-001
 2.3121488e-001
 2.3019433e-001
 2.2927067e-001
 2.2834405e-001
 2.2747697e-001
 2.2679390e-001
 2.2609200e-001
 2.2536381e-001
 2.2449048e-001
 2.2348219e-001
 2.2241955e-001
 2.2162929e-001
 2.2153091e-001
 2.2145616e-001
 2.2115768e-001
 2.2060953e-001
