splib07b Record=20423: Chlorite_Phyllite CU91-238A   BECKb AREF
-1.2300000e+034
-1.2300000e+034
-1.2300000e+034
-1.2300000e+034
-1.2300000e+034
-1.2300000e+034
-1.2300000e+034
-1.2300000e+034
-1.2300000e+034
-1.2300000e+034
-1.2300000e+034
-1.2300000e+034
-1.2300000e+034
-1.2300000e+034
-1.2300000e+034
-1.2300000e+034
-1.2300000e+034
-1.2300000e+034
-1.2300000e+034
-1.2300000e+034
-1.2300000e+034
-1.2300000e+034
-1.2300000e+034
-1.2300000e+034
-1.2300000e+034
-1.2300000e+034
-1.2300000e+034
-1.2300000e+034
-1.2300000e+034
-1.2300000e+034
-1.2300000e+034
-1.2300000e+034
-1.2300000e+034
-1.2300000e+034
-1.2300000e+034
-1.2300000e+034
-1.2300000e+034
-1.2300000e+034
-1.2300000e+034
-1.2300000e+034
-1.2300000e+034
-1.2300000e+034
-1.2300000e+034
-1.2300000e+034
-1.2300000e+034
-1.2300000e+034
-1.2300000e+034
-1.2300000e+034
-1.2300000e+034
-1.2300000e+034
-1.2300000e+034
-1.2300000e+034
-1.2300000e+034
-1.2300000e+034
-1.2300000e+034
-1.2300000e+034
-1.2300000e+034
-1.2300000e+034
-1.2300000e+034
-1.2300000e+034
-1.2300000e+034
-1.2300000e+034
-1.2300000e+034
-1.2300000e+034
-1.2300000e+034
-1.2300000e+034
-1.2300000e+034
-1.2300000e+034
-1.2300000e+034
-1.2300000e+034
-1.2300000e+034
-1.2300000e+034
-1.2300000e+034
-1.2300000e+034
-1.2300000e+034
-1.2300000e+034
-1.2300000e+034
-1.2300000e+034
-1.2300000e+034
-1.2300000e+034
-1.2300000e+034
-1.2300000e+034
-1.2300000e+034
-1.2300000e+034
-1.2300000e+034
-1.2300000e+034
-1.2300000e+034
-1.2300000e+034
-1.2300000e+034
-1.2300000e+034
-1.2300000e+034
-1.2300000e+034
-1.2300000e+034
-1.2300000e+034
-1.2300000e+034
-1.2300000e+034
-1.2300000e+034
-1.2300000e+034
-1.2300000e+034
-1.2300000e+034
-1.2300000e+034
-1.2300000e+034
-1.2300000e+034
-1.2300000e+034
-1.2300000e+034
-1.2300000e+034
-1.2300000e+034
-1.2300000e+034
-1.2300000e+034
-1.2300000e+034
-1.2300000e+034
-1.2300000e+034
-1.2300000e+034
-1.2300000e+034
-1.2300000e+034
-1.2300000e+034
-1.2300000e+034
-1.2300000e+034
-1.2300000e+034
-1.2300000e+034
-1.2300000e+034
-1.2300000e+034
-1.2300000e+034
-1.2300000e+034
-1.2300000e+034
-1.2300000e+034
-1.2300000e+034
-1.2300000e+034
-1.2300000e+034
-1.2300000e+034
-1.2300000e+034
-1.2300000e+034
-1.2300000e+034
-1.2300000e+034
-1.2300000e+034
-1.2300000e+034
-1.2300000e+034
-1.2300000e+034
-1.2300000e+034
-1.2300000e+034
-1.2300000e+034
-1.2300000e+034
-1.2300000e+034
-1.2300000e+034
-1.2300000e+034
-1.2300000e+034
-1.2300000e+034
-1.2300000e+034
-1.2300000e+034
-1.2300000e+034
-1.2300000e+034
-1.2300000e+034
-1.2300000e+034
-1.2300000e+034
-1.2300000e+034
-1.2300000e+034
-1.2300000e+034
-1.2300000e+034
-1.2300000e+034
-1.2300000e+034
-1.2300000e+034
-1.2300000e+034
-1.2300000e+034
-1.2300000e+034
-1.2300000e+034
-1.2300000e+034
-1.2300000e+034
-1.2300000e+034
-1.2300000e+034
-1.2300000e+034
-1.2300000e+034
-1.2300000e+034
-1.2300000e+034
-1.2300000e+034
-1.2300000e+034
-1.2300000e+034
-1.2300000e+034
-1.2300000e+034
-1.2300000e+034
-1.2300000e+034
-1.2300000e+034
-1.2300000e+034
-1.2300000e+034
-1.2300000e+034
-1.2300000e+034
-1.2300000e+034
-1.2300000e+034
-1.2300000e+034
-1.2300000e+034
-1.2300000e+034
-1.2300000e+034
-1.2300000e+034
-1.2300000e+034
-1.2300000e+034
-1.2300000e+034
-1.2300000e+034
-1.2300000e+034
-1.2300000e+034
-1.2300000e+034
-1.2300000e+034
-1.2300000e+034
-1.2300000e+034
-1.2300000e+034
-1.2300000e+034
-1.2300000e+034
-1.2300000e+034
-1.2300000e+034
-1.2300000e+034
-1.2300000e+034
-1.2300000e+034
-1.2300000e+034
-1.2300000e+034
-1.2300000e+034
-1.2300000e+034
-1.2300000e+034
-1.2300000e+034
-1.2300000e+034
-1.2300000e+034
-1.2300000e+034
-1.2300000e+034
-1.2300000e+034
-1.2300000e+034
-1.2300000e+034
-1.2300000e+034
-1.2300000e+034
-1.2300000e+034
-1.2300000e+034
-1.2300000e+034
-1.2300000e+034
-1.2300000e+034
-1.2300000e+034
-1.2300000e+034
-1.2300000e+034
-1.2300000e+034
-1.2300000e+034
-1.2300000e+034
-1.2300000e+034
-1.2300000e+034
-1.2300000e+034
-1.2300000e+034
-1.2300000e+034
-1.2300000e+034
-1.2300000e+034
-1.2300000e+034
-1.2300000e+034
-1.2300000e+034
-1.2300000e+034
-1.2300000e+034
-1.2300000e+034
-1.2300000e+034
-1.2300000e+034
-1.2300000e+034
-1.2300000e+034
-1.2300000e+034
-1.2300000e+034
-1.2300000e+034
-1.2300000e+034
-1.2300000e+034
-1.2300000e+034
-1.2300000e+034
-1.2300000e+034
-1.2300000e+034
-1.2300000e+034
-1.2300000e+034
-1.2300000e+034
-1.2300000e+034
-1.2300000e+034
-1.2300000e+034
-1.2300000e+034
-1.2300000e+034
-1.2300000e+034
-1.2300000e+034
-1.2300000e+034
-1.2300000e+034
-1.2300000e+034
-1.2300000e+034
-1.2300000e+034
-1.2300000e+034
-1.2300000e+034
-1.2300000e+034
-1.2300000e+034
-1.2300000e+034
-1.2300000e+034
-1.2300000e+034
-1.2300000e+034
-1.2300000e+034
-1.2300000e+034
-1.2300000e+034
 7.0066467e-002
 7.0066467e-002
 7.0209667e-002
 7.0352674e-002
 7.0495419e-002
 7.0637792e-002
 7.0779651e-002
 7.0920952e-002
 7.1061559e-002
 7.1201354e-002
 7.1340255e-002
 7.1478158e-002
 7.1614936e-002
 7.1750455e-002
 7.1884111e-002
 7.2014883e-002
 7.2141804e-002
 7.2263852e-002
 7.2380021e-002
 7.2489329e-002
 7.2590783e-002
 7.2683364e-002
 7.2766095e-002
 7.2837964e-002
 7.2897978e-002
 7.2945237e-002
 7.2980590e-002
 7.3006086e-002
 7.3023863e-002
 7.3036000e-002
 7.3044620e-002
 7.3051833e-002
 7.3059753e-002
 7.3070467e-002
 7.3086098e-002
 7.3108755e-002
 7.3140547e-002
 7.3183447e-002
 7.3237561e-002
 7.3301546e-002
 7.3374078e-002
 7.3453784e-002
 7.3539324e-002
 7.3629342e-002
 7.3722474e-002
 7.3817395e-002
 7.3912710e-002
 7.4007101e-002
 7.4099205e-002
 7.4187733e-002
 7.4272454e-002
 7.4353911e-002
 7.4432679e-002
 7.4509338e-002
 7.4584447e-002
 7.4658573e-002
 7.4732296e-002
 7.4806184e-002
 7.4880809e-002
 7.4956745e-002
 7.5034559e-002
 7.5114742e-002
 7.5196758e-002
 7.5279228e-002
 7.5360782e-002
 7.5440057e-002
 7.5515650e-002
 7.5586185e-002
 7.5650297e-002
 7.5706594e-002
 7.5753704e-002
 7.5790241e-002
 7.5814836e-002
 7.5826228e-002
 7.5825147e-002
 7.5813822e-002
 7.5794563e-002
 7.5769626e-002
 7.5741306e-002
 7.5711884e-002
 7.5683638e-002
 7.5658850e-002
 7.5639814e-002
 7.5628795e-002
 7.5628094e-002
 7.5639829e-002
 7.5663909e-002
 7.5698502e-002
 7.5741731e-002
 7.5791702e-002
 7.5846538e-002
 7.5904377e-002
 7.5963296e-002
 7.6021448e-002
 7.6076955e-002
 7.6127902e-002
 7.6172449e-002
 7.6208800e-002
 7.6236933e-002
 7.6258183e-002
 7.6273955e-002
 7.6285608e-002
 7.6294534e-002
 7.6302089e-002
 7.6309681e-002
 7.6318681e-002
 7.6330453e-002
 7.6346390e-002
 7.6367870e-002
 7.6396175e-002
 7.6431155e-002
 7.6471485e-002
 7.6515816e-002
 7.6562814e-002
 7.6611146e-002
 7.6659456e-002
 7.6706402e-002
 7.6750644e-002
 7.6790839e-002
 7.6825634e-002
 7.6853700e-002
 7.6873779e-002
 7.6886110e-002
 7.6892093e-002
 7.6893181e-002
 7.6890804e-002
 7.6886430e-002
 7.6881491e-002
 7.6877438e-002
 7.6875702e-002
 7.6877743e-002
 7.6885000e-002
 7.6898925e-002
 7.6920860e-002
 7.6950684e-002
 7.6987043e-002
 7.7028573e-002
 7.7073917e-002
 7.7121668e-002
 7.7170499e-002
 7.7219032e-002
 7.7265866e-002
 7.7309661e-002
 7.7349022e-002
 7.7382594e-002
 7.7409096e-002
 7.7428654e-002
 7.7442557e-002
 7.7452138e-002
 7.7458717e-002
 7.7463597e-002
 7.7468120e-002
 7.7473596e-002
 7.7481352e-002
 7.7492714e-002
 7.7508986e-002
 7.7531517e-002
 7.7561513e-002
 7.7598460e-002
 7.7640459e-002
 7.7685557e-002
 7.7731773e-002
 7.7777170e-002
 7.7819787e-002
 7.7857681e-002
 7.7888876e-002
 7.7911414e-002
 7.7923350e-002
 7.7922732e-002
 7.7907786e-002
 7.7879876e-002
 7.7842936e-002
 7.7801026e-002
 7.7758186e-002
 7.7718429e-002
 7.7685803e-002
 7.7664346e-002
 7.7658087e-002
 7.7671058e-002
 7.7707306e-002
 7.7768758e-002
 7.7850513e-002
 7.7946328e-002
 7.8049906e-002
 7.8154989e-002
 7.8255273e-002
 7.8344502e-002
 7.8416392e-002
 7.8464687e-002
 7.8485705e-002
 7.8484327e-002
 7.8467153e-002
 7.8440838e-002
 7.8411989e-002
 7.8387246e-002
 7.8373186e-002
 7.8376487e-002
 7.8403749e-002
 7.8459106e-002
 7.8538544e-002
 7.8636304e-002
 7.8746699e-002
 7.8863986e-002
 7.8982428e-002
 7.9096302e-002
 7.9199903e-002
 7.9287477e-002
 7.9355106e-002
 7.9404771e-002
 7.9439729e-002
 7.9463214e-002
 7.9478443e-002
 7.9488657e-002
 7.9497121e-002
 7.9507038e-002
 7.9521663e-002
 7.9543471e-002
 7.9572357e-002
 7.9607747e-002
 7.9648986e-002
 7.9695493e-002
 7.9746626e-002
 7.9801790e-002
 7.9860352e-002
 7.9921708e-002
 7.9985261e-002
 8.0050386e-002
 8.0116525e-002
 8.0183081e-002
 8.0249466e-002
 8.0315083e-002
 8.0379374e-002
 8.0441713e-002
 8.0501534e-002
 8.0558613e-002
 8.0613926e-002
 8.0668733e-002
 8.0724284e-002
 8.0781832e-002
 8.0842629e-002
 8.0907904e-002
 8.0978818e-002
 8.1054144e-002
 8.1130624e-002
 8.1204988e-002
 8.1273884e-002
 8.1334040e-002
 8.1382394e-002
 8.1420988e-002
 8.1456281e-002
 8.1494883e-002
 8.1543408e-002
 8.1608482e-002
 8.1696130e-002
 8.1802092e-002
 8.1912912e-002
 8.2014911e-002
 8.2094334e-002
 8.2137465e-002
 8.2131632e-002
 8.2084179e-002
 8.2020104e-002
 8.1964992e-002
 8.1944458e-002
 8.1984110e-002
 8.2107961e-002
 8.2310013e-002
 8.2557730e-002
 8.2817599e-002
 8.3056100e-002
 8.3239734e-002
 8.3336644e-002
 8.3346851e-002
 8.3298735e-002
 8.3221719e-002
 8.3145179e-002
 8.3098516e-002
 8.3109818e-002
 8.3182059e-002
 8.3295710e-002
 8.3430484e-002
 8.3566070e-002
 8.3682150e-002
 8.3759233e-002
 8.3793826e-002
 8.3796829e-002
 8.3779663e-002
 8.3753727e-002
 8.3730452e-002
 8.3720885e-002
 8.3729677e-002
 8.3755605e-002
 8.3797283e-002
 8.3853267e-002
 8.3922170e-002
 8.4002532e-002
 8.4092088e-002
 8.4187873e-002
 8.4286898e-002
 8.4386185e-002
 8.4482722e-002
 8.4573582e-002
 8.4656820e-002
 8.4731445e-002
 8.4796473e-002
 8.4850959e-002
 8.4893920e-002
 8.4924571e-002
 8.4946163e-002
 8.4965549e-002
 8.4989779e-002
 8.5025847e-002
 8.5080773e-002
 8.5161060e-002
 8.5263029e-002
 8.5373603e-002
 8.5479416e-002
 8.5567012e-002
 8.5623004e-002
 8.5634857e-002
 8.5607655e-002
 8.5562721e-002
 8.5522033e-002
 8.5507549e-002
 8.5541226e-002
 8.5643843e-002
 8.5812517e-002
 8.6022325e-002
 8.6247504e-002
 8.6462326e-002
 8.6641058e-002
 8.6759023e-002
 8.6812891e-002
 8.6819328e-002
 8.6795762e-002
 8.6759612e-002
 8.6728036e-002
 8.6709872e-002
 8.6703770e-002
 8.6707778e-002
 8.6719945e-002
 8.6738341e-002
 8.6760975e-002
 8.6785942e-002
 8.6811267e-002
 8.6835027e-002
 8.6856879e-002
 8.6878307e-002
 8.6900897e-002
 8.6926289e-002
 8.6956069e-002
 8.6991854e-002
 8.7035254e-002
 8.7087870e-002
 8.7151267e-002
 8.7225564e-002
 8.7309077e-002
 8.7400004e-002
 8.7496549e-002
 8.7596938e-002
 8.7699354e-002
 8.7802023e-002
 8.7903142e-002
 8.8000938e-002
 8.8094778e-002
 8.8185377e-002
 8.8273533e-002
 8.8360064e-002
 8.8445783e-002
 8.8531494e-002
 8.8618003e-002
 8.8706106e-002
 8.8796601e-002
 8.8889353e-002
 8.8983029e-002
 8.9076251e-002
 8.9167625e-002
 8.9255765e-002
 8.9339286e-002
 8.9416824e-002
 8.9486971e-002
 8.9548409e-002
 8.9601837e-002
 8.9650497e-002
 8.9697823e-002
 8.9747205e-002
 8.9802079e-002
 8.9865856e-002
 8.9941949e-002
 9.0033777e-002
 9.0144657e-002
 9.0274461e-002
 9.0418734e-002
 9.0572722e-002
 9.0731651e-002
 9.0890780e-002
 9.1045350e-002
 9.1190614e-002
 9.1321826e-002
 9.1434322e-002
 9.1527022e-002
 9.1603421e-002
 9.1667295e-002
 9.1722429e-002
 9.1772631e-002
 9.1821656e-002
 9.1873318e-002
 9.1931380e-002
 9.1999575e-002
 9.2079230e-002
 9.2168652e-002
 9.2265949e-002
 9.2369199e-002
 9.2476480e-002
 9.2585877e-002
 9.2695534e-002
 9.2803493e-002
 9.2907898e-002
 9.3007661e-002
 9.3102753e-002
 9.3193203e-002
 9.3279071e-002
 9.3360387e-002
 9.3437187e-002
 9.3509533e-002
 9.3577445e-002
 9.3640961e-002
 9.3700789e-002
 9.3758419e-002
 9.3815401e-002
 9.3873277e-002
 9.3933582e-002
 9.3997873e-002
 9.4067693e-002
 9.4144590e-002
 9.4230086e-002
 9.4324313e-002
 9.4425596e-002
 9.4532155e-002
 9.4642170e-002
 9.4753884e-002
 9.4865493e-002
 9.4975233e-002
 9.5081277e-002
 9.5181853e-002
 9.5275335e-002
 9.5360242e-002
 9.5435150e-002
 9.5498629e-002
 9.5549226e-002
 9.5585510e-002
 9.5606014e-002
 9.5610693e-002
 9.5606990e-002
 9.5604897e-002
 9.5614493e-002
 9.5645778e-002
 9.5708795e-002
 9.5810689e-002
 9.5942453e-002
 9.6089557e-002
 9.6237466e-002
 9.6371613e-002
 9.6477441e-002
 9.6542992e-002
 9.6570544e-002
 9.6567363e-002
 9.6540742e-002
 9.6497931e-002
 9.6446216e-002
 9.6392483e-002
 9.6341513e-002
 9.6297376e-002
 9.6264124e-002
 9.6245803e-002
 9.6246473e-002
 9.6268937e-002
 9.6309006e-002
 9.6360020e-002
 9.6415304e-002
 9.6468218e-002
 9.6512079e-002
 9.6541621e-002
 9.6559413e-002
 9.6570775e-002
 9.6581057e-002
 9.6595563e-002
 9.6619651e-002
 9.6657738e-002
 9.6709192e-002
 9.6771516e-002
 9.6842304e-002
 9.6919052e-002
 9.6999317e-002
 9.7080208e-002
 9.7156331e-002
 9.7221397e-002
 9.7269125e-002
 9.7293250e-002
 9.7287476e-002
 9.7248301e-002
 9.7188205e-002
 9.7125381e-002
 9.7078048e-002
 9.7064406e-002
 9.7102664e-002
 9.7206190e-002
 9.7360499e-002
 9.7541034e-002
 9.7723231e-002
 9.7882561e-002
 9.7994477e-002
 9.8038912e-002
 9.8022044e-002
 9.7959474e-002
 9.7866870e-002
 9.7759828e-002
 9.7653992e-002
 9.7563908e-002
 9.7497687e-002
 9.7461149e-002
 9.7460091e-002
 9.7500317e-002
 9.7587638e-002
 9.7724572e-002
 9.7894445e-002
 9.8073550e-002
 9.8238140e-002
 9.8364539e-002
 9.8429032e-002
 9.8413818e-002
 9.8336272e-002
 9.8226570e-002
 9.8114975e-002
 9.8031677e-002
 9.8006934e-002
 9.8064512e-002
 9.8190114e-002
 9.8355353e-002
 9.8531850e-002
 9.8691210e-002
 9.8805070e-002
 9.8850980e-002
 9.8842271e-002
 9.8805398e-002
 9.8766923e-002
 9.8753341e-002
 9.8791189e-002
 9.8901600e-002
 9.9073440e-002
 9.9283613e-002
 9.9508993e-002
 9.9726416e-002
 9.9912778e-002
 1.0004829e-001
 1.0013331e-001
 1.0017581e-001
 1.0018373e-001
 1.0016500e-001
 1.0012759e-001
 1.0007923e-001
 1.0002673e-001
 9.9976435e-002
 9.9934734e-002
 9.9908009e-002
 9.9902630e-002
 9.9924356e-002
 9.9975191e-002
 1.0005575e-001
 1.0016662e-001
 1.0030837e-001
 1.0048163e-001
 1.0068507e-001
 1.0090569e-001
 1.0112604e-001
 1.0132872e-001
 1.0149629e-001
 1.0161129e-001
 1.0166040e-001
 1.0165556e-001
 1.0161831e-001
 1.0157025e-001
 1.0153293e-001
 1.0152794e-001
 1.0157386e-001
 1.0167070e-001
 1.0181131e-001
 1.0198864e-001
 1.0219553e-001
 1.0242487e-001
 1.0266848e-001
 1.0291132e-001
 1.0313571e-001
 1.0332409e-001
 1.0345876e-001
 1.0352209e-001
 1.0350215e-001
 1.0342276e-001
 1.0332154e-001
 1.0323618e-001
 1.0320427e-001
 1.0326352e-001
 1.0344307e-001
 1.0371871e-001
 1.0404537e-001
 1.0437822e-001
 1.0467201e-001
 1.0488193e-001
 1.0497162e-001
 1.0496084e-001
 1.0489101e-001
 1.0480367e-001
 1.0474025e-001
 1.0474231e-001
 1.0484385e-001
 1.0503122e-001
 1.0527217e-001
 1.0553435e-001
 1.0578540e-001
 1.0599309e-001
 1.0613050e-001
 1.0620616e-001
 1.0624247e-001
 1.0626182e-001
 1.0628664e-001
 1.0633935e-001
 1.0643873e-001
 1.0658018e-001
 1.0674987e-001
 1.0693395e-001
 1.0711852e-001
 1.0728981e-001
 1.0743561e-001
 1.0755510e-001
 1.0765184e-001
 1.0772943e-001
 1.0779152e-001
 1.0784167e-001
 1.0788364e-001
 1.0792217e-001
 1.0796240e-001
 1.0800944e-001
 1.0806844e-001
 1.0814454e-001
 1.0824189e-001
 1.0835858e-001
 1.0849018e-001
 1.0863226e-001
 1.0878044e-001
 1.0893022e-001
 1.0907819e-001
 1.0922659e-001
 1.0938025e-001
 1.0954386e-001
 1.0972215e-001
 1.0991997e-001
 1.1013983e-001
 1.1037080e-001
 1.1059623e-001
 1.1079951e-001
 1.1096402e-001
 1.1107311e-001
 1.1111443e-001
 1.1110350e-001
 1.1106721e-001
 1.1103252e-001
 1.1102636e-001
 1.1107571e-001
 1.1120262e-001
 1.1139689e-001
 1.1163506e-001
 1.1189360e-001
 1.1214904e-001
 1.1237781e-001
 1.1256033e-001
 1.1270224e-001
 1.1281984e-001
 1.1292937e-001
 1.1304709e-001
 1.1318930e-001
 1.1336870e-001
 1.1357456e-001
 1.1378618e-001
 1.1398304e-001
 1.1414451e-001
 1.1424996e-001
 1.1428394e-001
 1.1426570e-001
 1.1422889e-001
 1.1420722e-001
 1.1423440e-001
 1.1434413e-001
 1.1456292e-001
 1.1486870e-001
 1.1521876e-001
 1.1557064e-001
 1.1588170e-001
 1.1610931e-001
 1.1621896e-001
 1.1623061e-001
 1.1618726e-001
 1.1613194e-001
 1.1610771e-001
 1.1615758e-001
 1.1631729e-001
 1.1657263e-001
 1.1688798e-001
 1.1722798e-001
 1.1755708e-001
 1.1783973e-001
 1.1804603e-001
 1.1818358e-001
 1.1827618e-001
 1.1834761e-001
 1.1842164e-001
 1.1852207e-001
 1.1866875e-001
 1.1885443e-001
 1.1906008e-001
 1.1926689e-001
 1.1945585e-001
 1.1960804e-001
 1.1970922e-001
 1.1977810e-001
 1.1984751e-001
 1.1995023e-001
 1.2011918e-001
 1.2038715e-001
 1.2077879e-001
 1.2126186e-001
 1.2177899e-001
 1.2227330e-001
 1.2268764e-001
 1.2296483e-001
 1.2305842e-001
 1.2299739e-001
 1.2284315e-001
 1.2265740e-001
 1.2250162e-001
 1.2243747e-001
 1.2251758e-001
 1.2273108e-001
 1.2303938e-001
 1.2340400e-001
 1.2378632e-001
 1.2414777e-001
 1.2445444e-001
 1.2470618e-001
 1.2491765e-001
 1.2510332e-001
 1.2527792e-001
 1.2545601e-001
 1.2565060e-001
 1.2586367e-001
 1.2609197e-001
 1.2633267e-001
 1.2658246e-001
 1.2683843e-001
 1.2709704e-001
 1.2735173e-001
 1.2759484e-001
 1.2781835e-001
 1.2801456e-001
 1.2817559e-001
 1.2829608e-001
 1.2838851e-001
 1.2847328e-001
 1.2857082e-001
 1.2870151e-001
 1.2888581e-001
 1.2914009e-001
 1.2945138e-001
 1.2979387e-001
 1.3014129e-001
 1.3046780e-001
 1.3074733e-001
 1.3095784e-001
 1.3110678e-001
 1.3121469e-001
 1.3130218e-001
 1.3138984e-001
 1.3149829e-001
 1.3164540e-001
 1.3182881e-001
 1.3203731e-001
 1.3225929e-001
 1.3248350e-001
 1.3269852e-001
 1.3289469e-001
 1.3307583e-001
 1.3325170e-001
 1.3343219e-001
 1.3362700e-001
 1.3384603e-001
 1.3409740e-001
 1.3437676e-001
 1.3467416e-001
 1.3497949e-001
 1.3528293e-001
 1.3557430e-001
 1.3584457e-001
 1.3609158e-001
 1.3631611e-001
 1.3651921e-001
 1.3670170e-001
 1.3686456e-001
 1.3700882e-001
 1.3713691e-001
 1.3725176e-001
 1.3735634e-001
 1.3745363e-001
 1.3754657e-001
 1.3763839e-001
 1.3773450e-001
 1.3784122e-001
 1.3796498e-001
 1.3811202e-001
 1.3828880e-001
 1.3849977e-001
 1.3873501e-001
 1.3897811e-001
 1.3921244e-001
 1.3942163e-001
 1.3958904e-001
 1.3970079e-001
 1.3976270e-001
 1.3978973e-001
 1.3979693e-001
 1.3979931e-001
 1.3981193e-001
 1.3984843e-001
 1.3991208e-001
 1.4000124e-001
 1.4011428e-001
 1.4024960e-001
 1.4040549e-001
 1.4058031e-001
 1.4077187e-001
 1.4097784e-001
 1.4119585e-001
 1.4142349e-001
 1.4165854e-001
 1.4189774e-001
 1.4213234e-001
 1.4235079e-001
 1.4254150e-001
 1.4269304e-001
 1.4279372e-001
 1.4283481e-001
 1.4282909e-001
 1.4279950e-001
 1.4276905e-001
 1.4276074e-001
 1.4279759e-001
 1.4289948e-001
 1.4306168e-001
 1.4326784e-001
 1.4350145e-001
 1.4374621e-001
 1.4398549e-001
 1.4420430e-001
 1.4439769e-001
 1.4456567e-001
 1.4470831e-001
 1.4482558e-001
 1.4491759e-001
 1.4498504e-001
 1.4503410e-001
 1.4507362e-001
 1.4511244e-001
 1.4515939e-001
 1.4522326e-001
 1.4531171e-001
 1.4542229e-001
 1.4554784e-001
 1.4568117e-001
 1.4581504e-001
 1.4594232e-001
 1.4605665e-001
 1.4615975e-001
 1.4625698e-001
 1.4635381e-001
 1.4645568e-001
 1.4656794e-001
 1.4669494e-001
 1.4683081e-001
 1.4696512e-001
 1.4708722e-001
 1.4718653e-001
 1.4725253e-001
 1.4727657e-001
 1.4726628e-001
 1.4723721e-001
 1.4720495e-001
 1.4718506e-001
 1.4719315e-001
 1.4724329e-001
 1.4733744e-001
 1.4747155e-001
 1.4764160e-001
 1.4784351e-001
 1.4807300e-001
 1.4831534e-001
 1.4854120e-001
 1.4871986e-001
 1.4882085e-001
 1.4881606e-001
 1.4872031e-001
 1.4858438e-001
 1.4846040e-001
 1.4840034e-001
 1.4844908e-001
 1.4859235e-001
 1.4878659e-001
 1.4898796e-001
 1.4915279e-001
 1.4924751e-001
 1.4928514e-001
 1.4929152e-001
 1.4929253e-001
 1.4931406e-001
 1.4937082e-001
 1.4944999e-001
 1.4953454e-001
 1.4960733e-001
 1.4965159e-001
 1.4966097e-001
 1.4964455e-001
 1.4961252e-001
 1.4957501e-001
 1.4954238e-001
 1.4952672e-001
 1.4954165e-001
 1.4960086e-001
 1.4971805e-001
 1.4990264e-001
 1.5012808e-001
 1.5034960e-001
 1.5052229e-001
 1.5060137e-001
 1.5055548e-001
 1.5041538e-001
 1.5022954e-001
 1.5004650e-001
 1.4991465e-001
 1.4986417e-001
 1.4987874e-001
 1.4993495e-001
 1.5000930e-001
 1.5007849e-001
 1.5013048e-001
 1.5016972e-001
 1.5020190e-001
 1.5023282e-001
 1.5026788e-001
 1.5030631e-001
 1.5034200e-001
 1.5036865e-001
 1.5037994e-001
 1.5037048e-001
 1.5034270e-001
 1.5030313e-001
 1.5025836e-001
 1.5021493e-001
 1.5017886e-001
 1.5015395e-001
 1.5014330e-001
 1.5015000e-001
 1.5017715e-001
 1.5022603e-001
 1.5029307e-001
 1.5037397e-001
 1.5046439e-001
 1.5055998e-001
 1.5065095e-001
 1.5071964e-001
 1.5074764e-001
 1.5071662e-001
 1.5060966e-001
 1.5043686e-001
 1.5023248e-001
 1.5003155e-001
 1.4986902e-001
 1.4977622e-001
 1.4975046e-001
 1.4977141e-001
 1.4981855e-001
 1.4987139e-001
 1.4991318e-001
 1.4994507e-001
 1.4997348e-001
 1.5000488e-001
 1.5004569e-001
 1.5010172e-001
 1.5016639e-001
 1.5022193e-001
 1.5025024e-001
 1.5023318e-001
 1.5015262e-001
 1.4999186e-001
 1.4976130e-001
 1.4949565e-001
 1.4923082e-001
 1.4900237e-001
 1.4884609e-001
 1.4879577e-001
 1.4884955e-001
 1.4897288e-001
 1.4913027e-001
 1.4928608e-001
 1.4940470e-001
 1.4945215e-001
 1.4942542e-001
 1.4934976e-001
 1.4925155e-001
 1.4915705e-001
 1.4909254e-001
 1.4908308e-001
 1.4912905e-001
 1.4920819e-001
 1.4929752e-001
 1.4937392e-001
 1.4941438e-001
 1.4939688e-001
 1.4931944e-001
 1.4919838e-001
 1.4905091e-001
 1.4889404e-001
 1.4874484e-001
 1.4861989e-001
 1.4852460e-001
 1.4845408e-001
 1.4840309e-001
 1.4836639e-001
 1.4833872e-001
 1.4831501e-001
 1.4829393e-001
 1.4827760e-001
 1.4826822e-001
 1.4826806e-001
 1.4827932e-001
 1.4830408e-001
 1.4833993e-001
 1.4838038e-001
 1.4841889e-001
 1.4844880e-001
 1.4846349e-001
 1.4845672e-001
 1.4842951e-001
 1.4838970e-001
 1.4834535e-001
 1.4830455e-001
 1.4827539e-001
 1.4826554e-001
 1.4827478e-001
 1.4829537e-001
 1.4831932e-001
 1.4833862e-001
 1.4834525e-001
 1.4833157e-001
 1.4829691e-001
 1.4824735e-001
 1.4818917e-001
 1.4812866e-001
 1.4807209e-001
 1.4802562e-001
 1.4799170e-001
 1.4796951e-001
 1.4795800e-001
 1.4795615e-001
 1.4796293e-001
 1.4797723e-001
 1.4799584e-001
 1.4801355e-001
 1.4802508e-001
 1.4802513e-001
 1.4800847e-001
 1.4797007e-001
 1.4791228e-001
 1.4784418e-001
 1.4777519e-001
 1.4771470e-001
 1.4767216e-001
 1.4765657e-001
 1.4766929e-001
 1.4770411e-001
 1.4775464e-001
 1.4781447e-001
 1.4787711e-001
 1.4793621e-001
 1.4798649e-001
 1.4802359e-001
 1.4804329e-001
 1.4804134e-001
 1.4801349e-001
 1.4795581e-001
 1.4787120e-001
 1.4776917e-001
 1.4765957e-001
 1.4755210e-001
 1.4745663e-001
 1.4738262e-001
 1.4733225e-001
 1.4730074e-001
 1.4728297e-001
 1.4727384e-001
 1.4726821e-001
 1.4726101e-001
 1.4724711e-001
 1.4722262e-001
 1.4718847e-001
 1.4714667e-001
 1.4709933e-001
 1.4704844e-001
 1.4699608e-001
 1.4694431e-001
 1.4689521e-001
 1.4685081e-001
 1.4681278e-001
 1.4678146e-001
 1.4675672e-001
 1.4673856e-001
 1.4672686e-001
 1.4672160e-001
 1.4672269e-001
 1.4673007e-001
 1.4674367e-001
 1.4676300e-001
 1.4678574e-001
 1.4680912e-001
 1.4683042e-001
 1.4684689e-001
 1.4685577e-001
 1.4685433e-001
 1.4683981e-001
 1.4680949e-001
 1.4676180e-001
 1.4670011e-001
 1.4662902e-001
 1.4655304e-001
 1.4647676e-001
 1.4640473e-001
 1.4634150e-001
 1.4629166e-001
 1.4625977e-001
 1.4624883e-001
 1.4625573e-001
 1.4627577e-001
 1.4630425e-001
 1.4633647e-001
 1.4636773e-001
 1.4639339e-001
 1.4640871e-001
 1.4640902e-001
 1.4639087e-001
 1.4635600e-001
 1.4630741e-001
 1.4624810e-001
 1.4618109e-001
 1.4610939e-001
 1.4603598e-001
 1.4596388e-001
 1.4589612e-001
 1.4583527e-001
 1.4578222e-001
 1.4573745e-001
 1.4570142e-001
 1.4567460e-001
 1.4565744e-001
 1.4565042e-001
 1.4565396e-001
 1.4566858e-001
 1.4569423e-001
 1.4572895e-001
 1.4577024e-001
 1.4581563e-001
 1.4586264e-001
 1.4590880e-001
 1.4595163e-001
 1.4598858e-001
 1.4601727e-001
 1.4603601e-001
 1.4604683e-001
 1.4605266e-001
 1.4605641e-001
 1.4606099e-001
 1.4606933e-001
 1.4608437e-001
 1.4610900e-001
 1.4614615e-001
 1.4619716e-001
 1.4625627e-001
 1.4631617e-001
 1.4636938e-001
 1.4640851e-001
 1.4642613e-001
 1.4641476e-001
 1.4636701e-001
 1.4627549e-001
 1.4613795e-001
 1.4597437e-001
 1.4581032e-001
 1.4567153e-001
 1.4558366e-001
 1.4557070e-001
 1.4562957e-001
 1.4573541e-001
 1.4586280e-001
 1.4598620e-001
 1.4608014e-001
 1.4612043e-001
 1.4610437e-001
 1.4604653e-001
 1.4596209e-001
 1.4586616e-001
 1.4577386e-001
 1.4569959e-001
 1.4564694e-001
 1.4561042e-001
 1.4558437e-001
 1.4556308e-001
 1.4554089e-001
 1.4551252e-001
 1.4547978e-001
 1.4545028e-001
 1.4543180e-001
 1.4543205e-001
 1.4545882e-001
 1.4551908e-001
 1.4560692e-001
 1.4570592e-001
 1.4579925e-001
 1.4587010e-001
 1.4590174e-001
 1.4587854e-001
 1.4580457e-001
 1.4570038e-001
 1.4558674e-001
 1.4548464e-001
 1.4541490e-001
 1.4539726e-001
 1.4543109e-001
 1.4549910e-001
 1.4558330e-001
 1.4566585e-001
 1.4572893e-001
 1.4575548e-001
 1.4574450e-001
 1.4570810e-001
 1.4565875e-001
 1.4560899e-001
 1.4557134e-001
 1.4555758e-001
 1.4556760e-001
 1.4559121e-001
 1.4561792e-001
 1.4563729e-001
 1.4563885e-001
 1.4561282e-001
 1.4556141e-001
 1.4549699e-001
 1.4543213e-001
 1.4537953e-001
 1.4535177e-001
 1.4536068e-001
 1.4540426e-001
 1.4546889e-001
 1.4554051e-001
 1.4560513e-001
 1.4564869e-001
 1.4565796e-001
 1.4563330e-001
 1.4558658e-001
 1.4552999e-001
 1.4547579e-001
 1.4543618e-001
 1.4542273e-001
 1.4543463e-001
 1.4546080e-001
 1.4548972e-001
 1.4550997e-001
 1.4551000e-001
 1.4547907e-001
 1.4541882e-001
 1.4534155e-001
 1.4525978e-001
 1.4518622e-001
 1.4513339e-001
 1.4511335e-001
 1.4512734e-001
 1.4516747e-001
 1.4522545e-001
 1.4529315e-001
 1.4536227e-001
 1.4542492e-001
 1.4547901e-001
 1.4552732e-001
 1.4557290e-001
 1.4561869e-001
 1.4566775e-001
 1.4572264e-001
 1.4577967e-001
 1.4582951e-001
 1.4586268e-001
 1.4586967e-001
 1.4584100e-001
 1.4576811e-001
 1.4565869e-001
 1.4553477e-001
 1.4541876e-001
 1.4533320e-001
 1.4530040e-001
 1.4534149e-001
 1.4545143e-001
 1.4560263e-001
 1.4576656e-001
 1.4591487e-001
 1.4601903e-001
 1.4605193e-001
 1.4600988e-001
 1.4590971e-001
 1.4576894e-001
 1.4560518e-001
 1.4543588e-001
 1.4527836e-001
 1.4514257e-001
 1.4503229e-001
 1.4495116e-001
 1.4490268e-001
 1.4489046e-001
 1.4491771e-001
 1.4498094e-001
 1.4507064e-001
 1.4517725e-001
 1.4529097e-001
 1.4540227e-001
 1.4550154e-001
 1.4558265e-001
 1.4564234e-001
 1.4567734e-001
 1.4568451e-001
 1.4566064e-001
 1.4560293e-001
 1.4551589e-001
 1.4541051e-001
 1.4529797e-001
 1.4518961e-001
 1.4509657e-001
 1.4503014e-001
 1.4500153e-001
 1.4501828e-001
 1.4507475e-001
 1.4516251e-001
 1.4527300e-001
 1.4539774e-001
 1.4552824e-001
 1.4565597e-001
 1.4577252e-001
 1.4586928e-001
 1.4594005e-001
 1.4598629e-001
 1.4601128e-001
 1.4601828e-001
 1.4601058e-001
 1.4599141e-001
 1.4596410e-001
 1.4593184e-001
 1.4589795e-001
 1.4586510e-001
 1.4583373e-001
 1.4580390e-001
 1.4577562e-001
 1.4574887e-001
 1.4572369e-001
 1.4570007e-001
 1.4567801e-001
 1.4565754e-001
 1.4563872e-001
 1.4562157e-001
 1.4560628e-001
 1.4559290e-001
 1.4558157e-001
 1.4557241e-001
 1.4556552e-001
 1.4556101e-001
 1.4555898e-001
 1.4555936e-001
 1.4556129e-001
 1.4556381e-001
 1.4556584e-001
 1.4556645e-001
 1.4556459e-001
 1.4555927e-001
 1.4554948e-001
 1.4553422e-001
 1.4551300e-001
 1.4548726e-001
 1.4545888e-001
 1.4542972e-001
 1.4540166e-001
 1.4537656e-001
 1.4535633e-001
 1.4534281e-001
 1.4533786e-001
 1.4534278e-001
 1.4535660e-001
 1.4537777e-001
 1.4540485e-001
 1.4543630e-001
 1.4547065e-001
 1.4550640e-001
 1.4554203e-001
 1.4557606e-001
 1.4560701e-001
 1.4563358e-001
 1.4565444e-001
 1.4566825e-001
 1.4567375e-001
 1.4566961e-001
 1.4565450e-001
 1.4562716e-001
 1.4558622e-001
 1.4553145e-001
 1.4546636e-001
 1.4539534e-001
 1.4532289e-001
 1.4525338e-001
 1.4519125e-001
 1.4514096e-001
 1.4510693e-001
 1.4509358e-001
 1.4510372e-001
 1.4513429e-001
 1.4518066e-001
 1.4523825e-001
 1.4530256e-001
 1.4536899e-001
 1.4543298e-001
 1.4548999e-001
 1.4553541e-001
 1.4556473e-001
 1.4557351e-001
 1.4556129e-001
 1.4553119e-001
 1.4548658e-001
 1.4543074e-001
 1.4536706e-001
 1.4529878e-001
 1.4522931e-001
 1.4516194e-001
 1.4509997e-001
 1.4504677e-001
 1.4500567e-001
 1.4497983e-001
 1.4496987e-001
 1.4497368e-001
 1.4498913e-001
 1.4501412e-001
 1.4504649e-001
 1.4508411e-001
 1.4512481e-001
 1.4516649e-001
 1.4520700e-001
 1.4524418e-001
 1.4527594e-001
 1.4530014e-001
 1.4531600e-001
 1.4532396e-001
 1.4532450e-001
 1.4531809e-001
 1.4530525e-001
 1.4528641e-001
 1.4526211e-001
 1.4523280e-001
 1.4519899e-001
 1.4516114e-001
 1.4511973e-001
 1.4507528e-001
 1.4502837e-001
 1.4497972e-001
 1.4493001e-001
 1.4487994e-001
 1.4483024e-001
 1.4478160e-001
 1.4473476e-001
 1.4469036e-001
 1.4464915e-001
 1.4461184e-001
 1.4457910e-001
 1.4455166e-001
 1.4452937e-001
 1.4451148e-001
 1.4449710e-001
 1.4448535e-001
 1.4447543e-001
 1.4446646e-001
 1.4445758e-001
 1.4444259e-001
 1.4439589e-001
 1.4430860e-001
 1.4417753e-001
 1.4401874e-001
 1.4384903e-001
 1.4368525e-001
 1.4354362e-001
 1.4342645e-001
 1.4332230e-001
 1.4321908e-001
 1.4310473e-001
 1.4296770e-001
 1.4280802e-001
 1.4263697e-001
 1.4246649e-001
 1.4230835e-001
 1.4217401e-001
 1.4206350e-001
 1.4196609e-001
 1.4187050e-001
 1.4176546e-001
 1.4163975e-001
 1.4148481e-001
 1.4130302e-001
 1.4109926e-001
 1.4087847e-001
 1.4064556e-001
 1.4040551e-001
 1.4016268e-001
 1.3991988e-001
 1.3967933e-001
 1.3944341e-001
 1.3921434e-001
 1.3899447e-001
 1.3878606e-001
 1.3859172e-001
 1.3841540e-001
 1.3826124e-001
 1.3813348e-001
 1.3803625e-001
 1.3797383e-001
 1.3795036e-001
 1.3797005e-001
 1.3803352e-001
 1.3812803e-001
 1.3823761e-001
 1.3834631e-001
 1.3843824e-001
 1.3849743e-001
 1.3850795e-001
 1.3845384e-001
 1.3832451e-001
 1.3812904e-001
 1.3788120e-001
 1.3759470e-001
 1.3728334e-001
 1.3696074e-001
 1.3664076e-001
 1.3633706e-001
 1.3606042e-001
 1.3581073e-001
 1.3558537e-001
 1.3538170e-001
 1.3519704e-001
 1.3502878e-001
 1.3487428e-001
 1.3473092e-001
 1.3459602e-001
 1.3446699e-001
 1.3434115e-001
 1.3421589e-001
 1.3408910e-001
 1.3396055e-001
 1.3383049e-001
 1.3369918e-001
 1.3356680e-001
 1.3343364e-001
 1.3329992e-001
 1.3316585e-001
 1.3303168e-001
 1.3289765e-001
 1.3276398e-001
 1.3263090e-001
 1.3249892e-001
 1.3236941e-001
 1.3224401e-001
 1.3212429e-001
 1.3201185e-001
 1.3190830e-001
 1.3181522e-001
 1.3173425e-001
 1.3166696e-001
 1.3161495e-001
 1.3157983e-001
 1.3156137e-001
 1.3155292e-001
 1.3154644e-001
 1.3153388e-001
 1.3150716e-001
 1.3145827e-001
 1.3137913e-001
 1.3126169e-001
 1.3109791e-001
 1.3087973e-001
 1.3060363e-001
 1.3028161e-001
 1.2992907e-001
 1.2956147e-001
 1.2919414e-001
 1.2884261e-001
 1.2852214e-001
 1.2824830e-001
 1.2803639e-001
 1.2790191e-001
 1.2785430e-001
 1.2788309e-001
 1.2797344e-001
 1.2811048e-001
 1.2827943e-001
 1.2846543e-001
 1.2865363e-001
 1.2882926e-001
 1.2897743e-001
 1.2908337e-001
 1.2913699e-001
 1.2914447e-001
 1.2911537e-001
 1.2905921e-001
 1.2898560e-001
 1.2890406e-001
 1.2882416e-001
 1.2875547e-001
 1.2870750e-001
 1.2868586e-001
 1.2868285e-001
 1.2868802e-001
 1.2869094e-001
 1.2868111e-001
 1.2864812e-001
 1.2858151e-001
 1.2847081e-001
 1.2831025e-001
 1.2810916e-001
 1.2788016e-001
 1.2763576e-001
 1.2738857e-001
 1.2715104e-001
 1.2693584e-001
 1.2675545e-001
 1.2661888e-001
 1.2652361e-001
 1.2646480e-001
 1.2643757e-001
 1.2643704e-001
 1.2645838e-001
 1.2649667e-001
 1.2654708e-001
 1.2660374e-001
 1.2665758e-001
 1.2669891e-001
 1.2671803e-001
 1.2670524e-001
 1.2665085e-001
 1.2654515e-001
 1.2638511e-001
 1.2618914e-001
 1.2597981e-001
 1.2577981e-001
 1.2561171e-001
 1.2549815e-001
 1.2545218e-001
 1.2545653e-001
 1.2548795e-001
 1.2552319e-001
 1.2553900e-001
 1.2551214e-001
 1.2542875e-001
 1.2530448e-001
 1.2516081e-001
 1.2501916e-001
 1.2490102e-001
 1.2482779e-001
 1.2480982e-001
 1.2482269e-001
 1.2483528e-001
 1.2481646e-001
 1.2473511e-001
 1.2456006e-001
 1.2427914e-001
 1.2393855e-001
 1.2359588e-001
 1.2330860e-001
 1.2313418e-001
 1.2313017e-001
 1.2332820e-001
 1.2368047e-001
 1.2412415e-001
 1.2459622e-001
 1.2503387e-001
 1.2537412e-001
 1.2556891e-001
 1.2561542e-001
 1.2551923e-001
 1.2528607e-001
 1.2492162e-001
 1.2443152e-001
 1.2383386e-001
 1.2318386e-001
 1.2254426e-001
 1.2197736e-001
 1.2154555e-001
 1.2131125e-001
 1.2130740e-001
 1.2147832e-001
 1.2175194e-001
 1.2205622e-001
 1.2231912e-001
 1.2246845e-001
 1.2246072e-001
 1.2233701e-001
 1.2215400e-001
 1.2196831e-001
 1.2183672e-001
 1.2181207e-001
 1.2189040e-001
 1.2202440e-001
 1.2216558e-001
 1.2226553e-001
 1.2227919e-001
 1.2221117e-001
 1.2210387e-001
 1.2200062e-001
 1.2194469e-001
 1.2197617e-001
 1.2208810e-001
 1.2223788e-001
 1.2238213e-001
 1.2247740e-001
 1.2248290e-001
 1.2239552e-001
 1.2224039e-001
 1.2204337e-001
 1.2183023e-001
 1.2162548e-001
 1.2143268e-001
 1.2124003e-001
 1.2103529e-001
 1.2080634e-001
 1.2054256e-001
 1.2025660e-001
 1.1997820e-001
 1.1973751e-001
 1.1956481e-001
 1.1948786e-001
 1.1950120e-001
 1.1957492e-001
 1.1967845e-001
 1.1978123e-001
 1.1985419e-001
 1.1988779e-001
 1.1988686e-001
 1.1985659e-001
 1.1980213e-001
 1.1972833e-001
 1.1963549e-001
 1.1952069e-001
 1.1938088e-001
 1.1921299e-001
 1.1901505e-001
 1.1880050e-001
 1.1859355e-001
 1.1841884e-001
 1.1830085e-001
 1.1826214e-001
 1.1829679e-001
 1.1837853e-001
 1.1848059e-001
 1.1857627e-001
 1.1864045e-001
 1.1867072e-001
 1.1868080e-001
 1.1868477e-001
 1.1869667e-001
 1.1872885e-001
 1.1877038e-001
 1.1879385e-001
 1.1877146e-001
 1.1867543e-001
 1.1848150e-001
 1.1821155e-001
 1.1792029e-001
 1.1766296e-001
 1.1749484e-001
 1.1746634e-001
 1.1756393e-001
 1.1772909e-001
 1.1790251e-001
 1.1802476e-001
 1.1804083e-001
 1.1795232e-001
 1.1780032e-001
 1.1762676e-001
 1.1747349e-001
 1.1737967e-001
 1.1734803e-001
 1.1735621e-001
 1.1738130e-001
 1.1740039e-001
 1.1739269e-001
 1.1736422e-001
 1.1733946e-001
 1.1734328e-001
 1.1740055e-001
 1.1753320e-001
 1.1772671e-001
 1.1794157e-001
 1.1813763e-001
 1.1827487e-001
 1.1831639e-001
 1.1826419e-001
 1.1814674e-001
 1.1799317e-001
 1.1783248e-001
 1.1769184e-001
 1.1757507e-001
 1.1747029e-001
 1.1736525e-001
 1.1724771e-001
 1.1710652e-001
 1.1694440e-001
 1.1677311e-001
 1.1660474e-001
 1.1645126e-001
 1.1632438e-001
 1.1623102e-001
 1.1617493e-001
 1.1615984e-001
 1.1618947e-001
 1.1626631e-001
 1.1637779e-001
 1.1650137e-001
 1.1661434e-001
 1.1669394e-001
 1.1672024e-001
 1.1670648e-001
 1.1668777e-001
 1.1669970e-001
 1.1677779e-001
 1.1695307e-001
 1.1720317e-001
 1.1747067e-001
 1.1769735e-001
 1.1782517e-001
 1.1780106e-001
 1.1763074e-001
 1.1735848e-001
 1.1702918e-001
 1.1668766e-001
 1.1637738e-001
 1.1612625e-001
 1.1595172e-001
 1.1587114e-001
 1.1590186e-001
 1.1605780e-001
 1.1631228e-001
 1.1661264e-001
 1.1690580e-001
 1.1713866e-001
 1.1726262e-001
 1.1728214e-001
 1.1723559e-001
 1.1716177e-001
 1.1709964e-001
 1.1708541e-001
 1.1712497e-001
 1.1720492e-001
 1.1731157e-001
 1.1743116e-001
 1.1755007e-001
 1.1765534e-001
 1.1773451e-001
 1.1777503e-001
 1.1776446e-001
 1.1769274e-001
 1.1757745e-001
 1.1745357e-001
 1.1735629e-001
 1.1732086e-001
 1.1737923e-001
 1.1752684e-001
 1.1773644e-001
 1.1798035e-001
 1.1823093e-001
 1.1846063e-001
 1.1864185e-001
 1.1874730e-001
 1.1874962e-001
 1.1862140e-001
 1.1834132e-001
 1.1795329e-001
 1.1754151e-001
 1.1719078e-001
 1.1698611e-001
 1.1700334e-001
 1.1722181e-001
 1.1756149e-001
 1.1794166e-001
 1.1828128e-001
 1.1850587e-001
 1.1860860e-001
 1.1862394e-001
 1.1858691e-001
 1.1853264e-001
 1.1849319e-001
 1.1846932e-001
 1.1844277e-001
 1.1839494e-001
 1.1830732e-001
 1.1816432e-001
 1.1798159e-001
 1.1779387e-001
 1.1763599e-001
 1.1754282e-001
 1.1754610e-001
 1.1764428e-001
 1.1781588e-001
 1.1803924e-001
 1.1829267e-001
 1.1855441e-001
 1.1880352e-001
 1.1901935e-001
 1.1918132e-001
 1.1926874e-001
 1.1926416e-001
 1.1918258e-001
 1.1905821e-001
 1.1892545e-001
 1.1881885e-001
 1.1876959e-001
 1.1877590e-001
 1.1881659e-001
 1.1887021e-001
 1.1891534e-001
 1.1893296e-001
 1.1892844e-001
 1.1892143e-001
 1.1893180e-001
 1.1897938e-001
 1.1908086e-001
 1.1922108e-001
 1.1936628e-001
 1.1948258e-001
 1.1953606e-001
 1.1949759e-001
 1.1938580e-001
 1.1924691e-001
 1.1912747e-001
 1.1907403e-001
 1.1912798e-001
 1.1927911e-001
 1.1948768e-001
 1.1971365e-001
 1.1991698e-001
 1.2006010e-001
 1.2013153e-001
 1.2013438e-001
 1.2007194e-001
 1.1994758e-001
 1.1976715e-001
 1.1956131e-001
 1.1937475e-001
 1.1925244e-001
 1.1923921e-001
 1.1937329e-001
 1.1962838e-001
 1.1994163e-001
 1.2024996e-001
 1.2049025e-001
 1.2060509e-001
 1.2059212e-001
 1.2047986e-001
 1.2029711e-001
 1.2007269e-001
 1.1983652e-001
 1.1962981e-001
 1.1949982e-001
 1.1949385e-001
 1.1965933e-001
 1.2003344e-001
 1.2055752e-001
 1.2111996e-001
 1.2160862e-001
 1.2191138e-001
 1.2193019e-001
 1.2170152e-001
 1.2133546e-001
 1.2094276e-001
 1.2063444e-001
 1.2051001e-001
 1.2056380e-001
 1.2073280e-001
 1.2095333e-001
 1.2116180e-001
 1.2129997e-001
 1.2135934e-001
 1.2135840e-001
 1.2131586e-001
 1.2125048e-001
 1.2118101e-001
 1.2112638e-001
 1.2110569e-001
 1.2113796e-001
 1.2124226e-001
 1.2143325e-001
 1.2168477e-001
 1.2194913e-001
 1.2217832e-001
 1.2232439e-001
 1.2234570e-001
 1.2225852e-001
 1.2210983e-001
 1.2194689e-001
 1.2181696e-001
 1.2176265e-001
 1.2178410e-001
 1.2185919e-001
 1.2196560e-001
 1.2208092e-001
 1.2218391e-001
 1.2226305e-001
 1.2231199e-001
 1.2232434e-001
 1.2229379e-001
 1.2221599e-001
 1.2210409e-001
 1.2198045e-001
 1.2186751e-001
 1.2178766e-001
 1.2176051e-001
 1.2178092e-001
 1.2183095e-001
 1.2189250e-001
 1.2194753e-001
 1.2197973e-001
 1.2198787e-001
 1.2197859e-001
 1.2195855e-001
 1.2193444e-001
 1.2191313e-001
 1.2190315e-001
 1.2191396e-001
 1.2195494e-001
 1.2203556e-001
 1.2216312e-001
 1.2232695e-001
 1.2250732e-001
 1.2268434e-001
 1.2283814e-001
 1.2295071e-001
 1.2301975e-001
 1.2305090e-001
 1.2304983e-001
 1.2302224e-001
 1.2297487e-001
 1.2292289e-001
 1.2288588e-001
 1.2288336e-001
 1.2293491e-001
 1.2305506e-001
 1.2321662e-001
 1.2337137e-001
 1.2347103e-001
 1.2346732e-001
 1.2332153e-001
 1.2307506e-001
 1.2280893e-001
 1.2260444e-001
 1.2254292e-001
 1.2269149e-001
 1.2299948e-001
 1.2335838e-001
 1.2365922e-001
 1.2379302e-001
 1.2366641e-001
 1.2331437e-001
 1.2283476e-001
 1.2232564e-001
 1.2188552e-001
 1.2160060e-001
 1.2146048e-001
 1.2140774e-001
 1.2138460e-001
 1.2133329e-001
 1.2119996e-001
 1.2096240e-001
 1.2061362e-001
 1.2014697e-001
 1.1955560e-001
 1.1883847e-001
 1.1804077e-001
 1.1723063e-001
 1.1647570e-001
 1.1584383e-001
 1.1539268e-001
 1.1509918e-001
 1.1490180e-001
 1.1473863e-001
 1.1454777e-001
 1.1427677e-001
 1.1394794e-001
 1.1361882e-001
 1.1334720e-001
 1.1319087e-001
 1.1320297e-001
 1.1339913e-001
 1.1377748e-001
 1.1433619e-001
 1.1507301e-001
 1.1597897e-001
 1.1698996e-001
 1.1801599e-001
 1.1896722e-001
 1.1975311e-001
 1.2029892e-001
 1.2064665e-001
 1.2089270e-001
 1.2113363e-001
 1.2146617e-001
 1.2197060e-001
 1.2260193e-001
 1.2325663e-001
 1.2383135e-001
 1.2422258e-001
 1.2434449e-001
 1.2424558e-001
 1.2403616e-001
 1.2382679e-001
 1.2372807e-001
 1.2383363e-001
 1.2410843e-001
 1.2445889e-001
 1.2479106e-001
 1.2501112e-001
 1.2503968e-001
 1.2490765e-001
 1.2469579e-001
 1.2448502e-001
 1.2435633e-001
 1.2437855e-001
 1.2452972e-001
 1.2474703e-001
 1.2496753e-001
 1.2512811e-001
 1.2517515e-001
 1.2512389e-001
 1.2502037e-001
 1.2491085e-001
 1.2484150e-001
 1.2485301e-001
 1.2494526e-001
 1.2509997e-001
 1.2529881e-001
 1.2552348e-001
 1.2575483e-001
 1.2596808e-001
 1.2613575e-001
 1.2623048e-001
 1.2622491e-001
 1.2609999e-001
 1.2589760e-001
 1.2568620e-001
 1.2553437e-001
 1.2551072e-001
 1.2566990e-001
 1.2596637e-001
 1.2631093e-001
 1.2661423e-001
 1.2678690e-001
 1.2675478e-001
 1.2655284e-001
 1.2626323e-001
 1.2596822e-001
 1.2575030e-001
 1.2567899e-001
 1.2573385e-001
 1.2585565e-001
 1.2598492e-001
 1.2606230e-001
 1.2603906e-001
 1.2594116e-001
 1.2582658e-001
 1.2575346e-001
 1.2577988e-001
 1.2595239e-001
 1.2623693e-001
 1.2656499e-001
 1.2686811e-001
 1.2707779e-001
 1.2713678e-001
 1.2706579e-001
 1.2691855e-001
 1.2674883e-001
 1.2661043e-001
 1.2654977e-001
 1.2656286e-001
 1.2662451e-001
 1.2670937e-001
 1.2679225e-001
 1.2685208e-001
 1.2689710e-001
 1.2694764e-001
 1.2702414e-001
 1.2714699e-001
 1.2733033e-001
 1.2754603e-001
 1.2774844e-001
 1.2789175e-001
 1.2793027e-001
 1.2782961e-001
 1.2763122e-001
 1.2740779e-001
 1.2723227e-001
 1.2717742e-001
 1.2730083e-001
 1.2755854e-001
 1.2786485e-001
 1.2813409e-001
 1.2828058e-001
 1.2823269e-001
 1.2801254e-001
 1.2768020e-001
 1.2729582e-001
 1.2691963e-001
 1.2661132e-001
 1.2640791e-001
 1.2631083e-001
 1.2631874e-001
 1.2643021e-001
 1.2664385e-001
 1.2695795e-001
 1.2735401e-001
 1.2778798e-001
 1.2821338e-001
 1.2858403e-001
 1.2885366e-001
 1.2897658e-001
 1.2894028e-001
 1.2878251e-001
 1.2854512e-001
 1.2827003e-001
 1.2799904e-001
 1.2777391e-001
 1.2762177e-001
 1.2754822e-001
 1.2755708e-001
 1.2765217e-001
 1.2783727e-001
 1.2811588e-001
 1.2847351e-001
 1.2886846e-001
 1.2925717e-001
 1.2959597e-001
 1.2984115e-001
 1.2994969e-001
 1.2991092e-001
 1.2976226e-001
 1.2954500e-001
 1.2930028e-001
 1.2906951e-001
 1.2889385e-001
 1.2880830e-001
 1.2880845e-001
 1.2887488e-001
 1.2898812e-001
 1.2912863e-001
 1.2927696e-001
 1.2941366e-001
 1.2952185e-001
 1.2960130e-001
 1.2965806e-001
 1.2969823e-001
 1.2972783e-001
 1.2975293e-001
 1.2977959e-001
 1.2981319e-001
 1.2985446e-001
 1.2990253e-001
 1.2995653e-001
 1.3001555e-001
 1.3007870e-001
 1.3014507e-001
 1.3021405e-001
 1.3028680e-001
 1.3036510e-001
 1.3045079e-001
 1.3054562e-001
 1.3065140e-001
 1.3077000e-001
 1.3090211e-001
 1.3104242e-001
 1.3118336e-001
 1.3131739e-001
 1.3143682e-001
 1.3153413e-001
 1.3160168e-001
 1.3163348e-001
 1.3163280e-001
 1.3160634e-001
 1.3156083e-001
 1.3150293e-001
 1.3143936e-001
 1.3137685e-001
 1.3132167e-001
 1.3127770e-001
 1.3124794e-001
 1.3123541e-001
 1.3124311e-001
 1.3127401e-001
 1.3133115e-001
 1.3141647e-001
 1.3152575e-001
 1.3165265e-001
 1.3179074e-001
 1.3193364e-001
 1.3207492e-001
 1.3220820e-001
 1.3232824e-001
 1.3243674e-001
 1.3253768e-001
 1.3263515e-001
 1.3273321e-001
 1.3283595e-001
 1.3294746e-001
 1.3306998e-001
 1.3319589e-001
 1.3331401e-001
 1.3341320e-001
 1.3348223e-001
 1.3350993e-001
 1.3348514e-001
 1.3340046e-001
 1.3327017e-001
 1.3311608e-001
 1.3295993e-001
 1.3282351e-001
 1.3272870e-001
 1.3269725e-001
 1.3274692e-001
 1.3287291e-001
 1.3306272e-001
 1.3330358e-001
 1.3358299e-001
 1.3388829e-001
 1.3420695e-001
 1.3452612e-001
 1.3483259e-001
 1.3511293e-001
 1.3535370e-001
 1.3554135e-001
 1.3566245e-001
 1.3570358e-001
 1.3565589e-001
 1.3553576e-001
 1.3536835e-001
 1.3517863e-001
 1.3499171e-001
 1.3483259e-001
 1.3472643e-001
 1.3469325e-001
 1.3472623e-001
 1.3480939e-001
 1.3492675e-001
 1.3506237e-001
 1.3520028e-001
 1.3532452e-001
 1.3541938e-001
 1.3547830e-001
 1.3550666e-001
 1.3551059e-001
 1.3549626e-001
 1.3546976e-001
 1.3543728e-001
 1.3540493e-001
 1.3537884e-001
 1.3536488e-001
 1.3536857e-001
 1.3539538e-001
 1.3545080e-001
 1.3554035e-001
 1.3566945e-001
 1.3584366e-001
 1.3606814e-001
 1.3633846e-001
 1.3663761e-001
 1.3694803e-001
 1.3725206e-001
 1.3753209e-001
 1.3777034e-001
 1.3794921e-001
 1.3805157e-001
 1.3807657e-001
 1.3804410e-001
 1.3797535e-001
 1.3789146e-001
 1.3781357e-001
 1.3776286e-001
 1.3776049e-001
 1.3782710e-001
 1.3796441e-001
 1.3815086e-001
 1.3836323e-001
 1.3857841e-001
 1.3877335e-001
 1.3892493e-001
 1.3900997e-001
 1.3900597e-001
 1.3890995e-001
 1.3874298e-001
 1.3852760e-001
 1.3828644e-001
 1.3804208e-001
 1.3781704e-001
 1.3763386e-001
 1.3751477e-001
 1.3746829e-001
 1.3748638e-001
 1.3756000e-001
 1.3768007e-001
 1.3783756e-001
 1.3802342e-001
 1.3822860e-001
 1.3844414e-001
 1.3866162e-001
 1.3887377e-001
 1.3907324e-001
 1.3925271e-001
 1.3940482e-001
 1.3952228e-001
 1.3959773e-001
 1.3962416e-001
 1.3960354e-001
 1.3954861e-001
 1.3947284e-001
 1.3938959e-001
 1.3931230e-001
 1.3925435e-001
 1.3922915e-001
 1.3924980e-001
 1.3931797e-001
 1.3942198e-001
 1.3954937e-001
 1.3968764e-001
 1.3982438e-001
 1.3994706e-001
 1.4004321e-001
 1.4010075e-001
 1.4011732e-001
 1.4010221e-001
 1.4006539e-001
 1.4001675e-001
 1.3996623e-001
 1.3992378e-001
 1.3989933e-001
 1.3990261e-001
 1.3993691e-001
 1.3999812e-001
 1.4008170e-001
 1.4018309e-001
 1.4029774e-001
 1.4042115e-001
 1.4054874e-001
 1.4067593e-001
 1.4079876e-001
 1.4091371e-001
 1.4101735e-001
 1.4110616e-001
 1.4117672e-001
 1.4122556e-001
 1.4124922e-001
 1.4124446e-001
 1.4121461e-001
 1.4117044e-001
 1.4112312e-001
 1.4108384e-001
 1.4106379e-001
 1.4107415e-001
 1.4112608e-001
 1.4123040e-001
 1.4138649e-001
 1.4158097e-001
 1.4179978e-001
 1.4202884e-001
 1.4225401e-001
 1.4246123e-001
 1.4263640e-001
 1.4276581e-001
 1.4284405e-001
 1.4287527e-001
 1.4286415e-001
 1.4281529e-001
 1.4273332e-001
 1.4262293e-001
 1.4248870e-001
 1.4233528e-001
 1.4216727e-001
 1.4199005e-001
 1.4180948e-001
 1.4163150e-001
 1.4146206e-001
 1.4130716e-001
 1.4117274e-001
 1.4106478e-001
 1.4098917e-001
 1.4095195e-001
 1.4095877e-001
 1.4100826e-001
 1.4109139e-001
 1.4119868e-001
 1.4132066e-001
 1.4144787e-001
 1.4157088e-001
 1.4168024e-001
 1.4176641e-001
 1.4182003e-001
 1.4183193e-001
 1.4180295e-001
 1.4174446e-001
 1.4166841e-001
 1.4158674e-001
 1.4151135e-001
 1.4145420e-001
 1.4142726e-001
 1.4144240e-001
 1.4151156e-001
 1.4164625e-001
 1.4184485e-001
 1.4209205e-001
 1.4237182e-001
 1.4266825e-001
 1.4296515e-001
 1.4324661e-001
 1.4349660e-001
 1.4369917e-001
 1.4383817e-001
 1.4389825e-001
 1.4387880e-001
 1.4379473e-001
 1.4366166e-001
 1.4349541e-001
 1.4331156e-001
 1.4312585e-001
 1.4295386e-001
 1.4281139e-001
 1.4271407e-001
 1.4267702e-001
 1.4270161e-001
 1.4277491e-001
 1.4288327e-001
 1.4301310e-001
 1.4315078e-001
 1.4328273e-001
 1.4339526e-001
 1.4347482e-001
 1.4350773e-001
 1.4348093e-001
 1.4339277e-001
 1.4325355e-001
 1.4307404e-001
 1.4286502e-001
 1.4263739e-001
 1.4240190e-001
 1.4216937e-001
 1.4195058e-001
 1.4175630e-001
 1.4159708e-001
 1.4147468e-001
 1.4138211e-001
 1.4131208e-001
 1.4125723e-001
 1.4121024e-001
 1.4116375e-001
 1.4111044e-001
 1.4104293e-001
 1.4095391e-001
 1.4083628e-001
 1.4068775e-001
 1.4051123e-001
 1.4030968e-001
 1.4008613e-001
 1.3984351e-001
 1.3958481e-001
 1.3931316e-001
 1.3903148e-001
 1.3874279e-001
 1.3845001e-001
 1.3815661e-001
 1.3786609e-001
 1.3758205e-001
 1.3730802e-001
 1.3704774e-001
 1.3680471e-001
 1.3658257e-001
 1.3638487e-001
 1.3621521e-001
 1.3607708e-001
 1.3596958e-001
 1.3588777e-001
 1.3582650e-001
 1.3578068e-001
 1.3574514e-001
 1.3571475e-001
 1.3568439e-001
 1.3564891e-001
 1.3560319e-001
 1.3554235e-001
 1.3546737e-001
 1.3538477e-001
 1.3530141e-001
 1.3522409e-001
 1.3515961e-001
 1.3511477e-001
 1.3509640e-001
 1.3511130e-001
 1.3516627e-001
 1.3526784e-001
 1.3541587e-001
 1.3560392e-001
 1.3582529e-001
 1.3607338e-001
 1.3634139e-001
 1.3662264e-001
 1.3691050e-001
 1.3719825e-001
 1.3747926e-001
 1.3774686e-001
 1.3799676e-001
 1.3822684e-001
 1.3843505e-001
 1.3861926e-001
 1.3877742e-001
 1.3890746e-001
 1.3900734e-001
 1.3907497e-001
 1.3910824e-001
 1.3910531e-001
 1.3906768e-001
 1.3900007e-001
 1.3890739e-001
 1.3879450e-001
 1.3866623e-001
 1.3852744e-001
 1.3838306e-001
 1.3823791e-001
 1.3809685e-001
 1.3796470e-001
 1.3784561e-001
 1.3774307e-001
 1.3766056e-001
 1.3760152e-001
 1.3756940e-001
 1.3756771e-001
 1.3759992e-001
 1.3766944e-001
 1.3777979e-001
 1.3793398e-001
 1.3812682e-001
 1.3834563e-001
 1.3857748e-001
 1.3880926e-001
 1.3902807e-001
 1.3922097e-001
 1.3937494e-001
 1.3947700e-001
 1.3951418e-001
 1.3947424e-001
 1.3935940e-001
 1.3918474e-001
 1.3896598e-001
 1.3871869e-001
 1.3845851e-001
 1.3820094e-001
 1.3796180e-001
 1.3775662e-001
 1.3760099e-001
 1.3750984e-001
 1.3748425e-001
 1.3751301e-001
 1.3758451e-001
 1.3768715e-001
 1.3780929e-001
 1.3793929e-001
 1.3806555e-001
 1.3817644e-001
 1.3826035e-001
 1.3830616e-001
 1.3831237e-001
 1.3828596e-001
 1.3823418e-001
 1.3816430e-001
 1.3808352e-001
 1.3799910e-001
 1.3791834e-001
 1.3784841e-001
 1.3779663e-001
 1.3776998e-001
 1.3777126e-001
 1.3779958e-001
 1.3785388e-001
 1.3793318e-001
 1.3803647e-001
 1.3816275e-001
 1.3831094e-001
 1.3848007e-001
 1.3866912e-001
 1.3887702e-001
 1.3910212e-001
 1.3934202e-001
 1.3959453e-001
 1.3985729e-001
 1.4012809e-001
 1.4040451e-001
 1.4068431e-001
 1.4096519e-001
 1.4124492e-001
 1.4152114e-001
 1.4179254e-001
 1.4205854e-001
 1.4231864e-001
 1.4257213e-001
 1.4281856e-001
 1.4305732e-001
 1.4328785e-001
 1.4350969e-001
 1.4372207e-001
 1.4392461e-001
 1.4411731e-001
 1.4430076e-001
 1.4447534e-001
 1.4464173e-001
 1.4480039e-001
 1.4495194e-001
 1.4509682e-001
 1.4523563e-001
 1.4536889e-001
 1.4549711e-001
 1.4562000e-001
 1.4573665e-001
 1.4584608e-001
 1.4594740e-001
 1.4603969e-001
 1.4612198e-001
 1.4619331e-001
 1.4625280e-001
 1.4629947e-001
 1.4633261e-001
 1.4635451e-001
 1.4637002e-001
 1.4638405e-001
 1.4640149e-001
 1.4642724e-001
 1.4646624e-001
 1.4652337e-001
 1.4660357e-001
 1.4671171e-001
 1.4685227e-001
 1.4702290e-001
 1.4721577e-001
 1.4742275e-001
 1.4763580e-001
 1.4784686e-001
 1.4804800e-001
 1.4823101e-001
 1.4838792e-001
 1.4851068e-001
 1.4859170e-001
 1.4863101e-001
 1.4863466e-001
 1.4860888e-001
 1.4855994e-001
 1.4849402e-001
 1.4841740e-001
 1.4833629e-001
 1.4825696e-001
 1.4818557e-001
 1.4812809e-001
 1.4808513e-001
 1.4805317e-001
 1.4802858e-001
 1.4800774e-001
 1.4798698e-001
 1.4796272e-001
 1.4793129e-001
 1.4788906e-001
 1.4783241e-001
 1.4775801e-001
 1.4766641e-001
 1.4756140e-001
 1.4744684e-001
 1.4732659e-001
 1.4720443e-001
 1.4708424e-001
 1.4696981e-001
 1.4686505e-001
 1.4677377e-001
 1.4669958e-001
 1.4664264e-001
 1.4660051e-001
 1.4657068e-001
 1.4655060e-001
 1.4653774e-001
 1.4652957e-001
 1.4652357e-001
 1.4651723e-001
 1.4650799e-001
 1.4649341e-001
 1.4647229e-001
 1.4644440e-001
 1.4640945e-001
 1.4636724e-001
 1.4631750e-001
 1.4626002e-001
 1.4619456e-001
 1.4612085e-001
 1.4603870e-001
 1.4594804e-001
 1.4585206e-001
 1.4575624e-001
 1.4566620e-001
 1.4558750e-001
 1.4552572e-001
 1.4548646e-001
 1.4547525e-001
 1.4549774e-001
 1.4555945e-001
 1.4566524e-001
 1.4580910e-001
 1.4597689e-001
 1.4615436e-001
 1.4632727e-001
 1.4648134e-001
 1.4660229e-001
 1.4667584e-001
 1.4668775e-001
 1.4662372e-001
 1.4647061e-001
 1.4623109e-001
 1.4591932e-001
 1.4554974e-001
 1.4513673e-001
 1.4469488e-001
 1.4423861e-001
 1.4378232e-001
 1.4334039e-001
 1.4292747e-001
 1.4255679e-001
 1.4222629e-001
 1.4192283e-001
 1.4163311e-001
 1.4134367e-001
 1.4104114e-001
 1.4071213e-001
 1.4034313e-001
 1.3992094e-001
 1.3943207e-001
 1.3886404e-001
 1.3821588e-001
 1.3749558e-001
 1.3671078e-001
 1.3586934e-001
 1.3497885e-001
 1.3404760e-001
 1.3308318e-001
 1.3209346e-001
 1.3108620e-001
 1.3006879e-001
 1.2904543e-001
 1.2801698e-001
 1.2698451e-001
 1.2594882e-001
 1.2491140e-001
 1.2387311e-001
 1.2283494e-001
 1.2179776e-001
 1.2076304e-001
 1.1973199e-001
 1.1871090e-001
 1.1770950e-001
 1.1673732e-001
 1.1580464e-001
 1.1492098e-001
 1.1409615e-001
 1.1333973e-001
 1.1266190e-001
 1.1207223e-001
 1.1158029e-001
 1.1119266e-001
 1.1091416e-001
 1.1074936e-001
 1.1070282e-001
 1.1077920e-001
 1.1098318e-001
 1.1131924e-001
 1.1179210e-001
 1.1240633e-001
 1.1316543e-001
 1.1405578e-001
 1.1505295e-001
 1.1613212e-001
 1.1726874e-001
 1.1843746e-001
 1.1961377e-001
 1.2077279e-001
 1.2189001e-001
 1.2294008e-001
 1.2389982e-001
 1.2476268e-001
 1.2553349e-001
 1.2621744e-001
 1.2681925e-001
 1.2734415e-001
 1.2779720e-001
 1.2818350e-001
 1.2850793e-001
 1.2877563e-001
 1.2899137e-001
 1.2915641e-001
 1.2926966e-001
 1.2933005e-001
 1.2933646e-001
 1.2928781e-001
 1.2918296e-001
 1.2902084e-001
 1.2880036e-001
 1.2852038e-001
 1.2818001e-001
 1.2778181e-001
 1.2733020e-001
 1.2682974e-001
 1.2628487e-001
 1.2570035e-001
 1.2508066e-001
 1.2443032e-001
 1.2375391e-001
 1.2305579e-001
 1.2234111e-001
 1.2161738e-001
 1.2089415e-001
 1.2018087e-001
 1.1948746e-001
 1.1882332e-001
 1.1819807e-001
 1.1762115e-001
 1.1710246e-001
 1.1665141e-001
 1.1627683e-001
 1.1597845e-001
 1.1575040e-001
 1.1558650e-001
 1.1548067e-001
 1.1542679e-001
 1.1541878e-001
 1.1545053e-001
 1.1551595e-001
 1.1560894e-001
 1.1572389e-001
 1.1586015e-001
 1.1602043e-001
 1.1620744e-001
 1.1642394e-001
 1.1667255e-001
 1.1695601e-001
 1.1727703e-001
 1.1763836e-001
 1.1804276e-001
 1.1849213e-001
 1.1898135e-001
 1.1950066e-001
 1.2004036e-001
 1.2059033e-001
 1.2114090e-001
 1.2168223e-001
 1.2220460e-001
 1.2269794e-001
 1.2315253e-001
 1.2355889e-001
 1.2391109e-001
 1.2420551e-001
 1.2443833e-001
 1.2460598e-001
 1.2470479e-001
 1.2473112e-001
 1.2468125e-001
 1.2455159e-001
 1.2433845e-001
 1.2403913e-001
 1.2366227e-001
 1.2322315e-001
 1.2273720e-001
 1.2221971e-001
 1.2168635e-001
 1.2115245e-001
 1.2063340e-001
 1.2014464e-001
 1.1970149e-001
 1.1931799e-001
 1.1899097e-001
 1.1870712e-001
 1.1845294e-001
 1.1821511e-001
 1.1798016e-001
 1.1773464e-001
 1.1746504e-001
 1.1715806e-001
 1.1680021e-001
 1.1637948e-001
 1.1589866e-001
 1.1536934e-001
 1.1480355e-001
 1.1421294e-001
 1.1360934e-001
 1.1300442e-001
 1.1241021e-001
 1.1183839e-001
 1.1130075e-001
 1.1080790e-001
 1.1035974e-001
 1.0994929e-001
 1.0956962e-001
 1.0921381e-001
 1.0887484e-001
 1.0854594e-001
 1.0822008e-001
 1.0789035e-001
 1.0754973e-001
 1.0719206e-001
 1.0681739e-001
 1.0642952e-001
 1.0603224e-001
 1.0562959e-001
 1.0522535e-001
 1.0482340e-001
 1.0442748e-001
 1.0404167e-001
 1.0366975e-001
 1.0331578e-001
 1.0298594e-001
 1.0268755e-001
 1.0242815e-001
 1.0221505e-001
 1.0205569e-001
 1.0195742e-001
 1.0192768e-001
 1.0197386e-001
 1.0210335e-001
 1.0232203e-001
 1.0262021e-001
 1.0297962e-001
 1.0338176e-001
 1.0380825e-001
 1.0424075e-001
 1.0466060e-001
 1.0504948e-001
 1.0538894e-001
 1.0566061e-001
 1.0584805e-001
 1.0595562e-001
 1.0599916e-001
 1.0599461e-001
 1.0595791e-001
 1.0590504e-001
 1.0585195e-001
 1.0581458e-001
 1.0580888e-001
 1.0585084e-001
 1.0595480e-001
 1.0612033e-001
 1.0633872e-001
 1.0660113e-001
 1.0689878e-001
 1.0722290e-001
 1.0756476e-001
 1.0791543e-001
 1.0826618e-001
 1.0860822e-001
 1.0893276e-001
 1.0923167e-001
 1.0950200e-001
 1.0974402e-001
 1.0995796e-001
 1.1014401e-001
 1.1030237e-001
 1.1043324e-001
 1.1053684e-001
 1.1061343e-001
 1.1066314e-001
 1.1068623e-001
 1.1068289e-001
 1.1065333e-001
 1.1059777e-001
 1.1051653e-001
 1.1041072e-001
 1.1028192e-001
 1.1013169e-001
 1.0996168e-001
 1.0977345e-001
 1.0956857e-001
 1.0934859e-001
 1.0911519e-001
 1.0886991e-001
 1.0861433e-001
 1.0834998e-001
 1.0807858e-001
 1.0780162e-001
 1.0752071e-001
 1.0723746e-001
 1.0695333e-001
 1.0667008e-001
 1.0638915e-001
 1.0611143e-001
 1.0583735e-001
 1.0556760e-001
 1.0530264e-001
 1.0504301e-001
 1.0478918e-001
 1.0454179e-001
 1.0430131e-001
 1.0406831e-001
 1.0384328e-001
 1.0362673e-001
 1.0341928e-001
 1.0322142e-001
 1.0303368e-001
 1.0285655e-001
 1.0269064e-001
 1.0253645e-001
 1.0239451e-001
 1.0226532e-001
 1.0214947e-001
 1.0204747e-001
 1.0195976e-001
 1.0188590e-001
 1.0182509e-001
 1.0177650e-001
 1.0173925e-001
 1.0171253e-001
 1.0169549e-001
 1.0168728e-001
 1.0168709e-001
 1.0169405e-001
 1.0170734e-001
 1.0172611e-001
 1.0174952e-001
 1.0177673e-001
 1.0180693e-001
 1.0183923e-001
 1.0187282e-001
 1.0190686e-001
 1.0194051e-001
 1.0197292e-001
 1.0200325e-001
 1.0203067e-001
 1.0205434e-001
 1.0207343e-001
 1.0208707e-001
 1.0209444e-001
 1.0209481e-001
 1.0208823e-001
 1.0207517e-001
 1.0205612e-001
 1.0203154e-001
 1.0200190e-001
 1.0196766e-001
 1.0192932e-001
 1.0188734e-001
 1.0184218e-001
 1.0179432e-001
 1.0174426e-001
 1.0169243e-001
 1.0163931e-001
 1.0158539e-001
 1.0153114e-001
 1.0147703e-001
 1.0142352e-001
 1.0137107e-001
 1.0132019e-001
 1.0127135e-001
 1.0122499e-001
 1.0118160e-001
 1.0114165e-001
 1.0110562e-001
 1.0107397e-001
 1.0104717e-001
 1.0102571e-001
 1.0101005e-001
 1.0100066e-001
 1.0099795e-001
 1.0100181e-001
 1.0101190e-001
 1.0102785e-001
 1.0104930e-001
 1.0107590e-001
 1.0110730e-001
 1.0114314e-001
 1.0118307e-001
 1.0122673e-001
 1.0127377e-001
 1.0132381e-001
 1.0137654e-001
 1.0143156e-001
 1.0148856e-001
 1.0154714e-001
 1.0160697e-001
 1.0166767e-001
 1.0172891e-001
 1.0179034e-001
 1.0185159e-001
 1.0191230e-001
 1.0197213e-001
 1.0203072e-001
 1.0208770e-001
 1.0214273e-001
 1.0219545e-001
 1.0224551e-001
 1.0229255e-001
 1.0233621e-001
 1.0237613e-001
 1.0241197e-001
 1.0244342e-001
 1.0247038e-001
 1.0249292e-001
 1.0251109e-001
 1.0252494e-001
 1.0253452e-001
 1.0253987e-001
 1.0254106e-001
 1.0253812e-001
 1.0253111e-001
 1.0252009e-001
 1.0250513e-001
 1.0248621e-001
 1.0246344e-001
 1.0243686e-001
 1.0240652e-001
 1.0237245e-001
 1.0233472e-001
 1.0229339e-001
 1.0224850e-001
 1.0220010e-001
 1.0214821e-001
 1.0209294e-001
 1.0203432e-001
 1.0197236e-001
 1.0190716e-001
 1.0183876e-001
 1.0176718e-001
 1.0169253e-001
 1.0161480e-001
 1.0153406e-001
 1.0145039e-001
 1.0136383e-001
 1.0127451e-001
 1.0118259e-001
 1.0108830e-001
 1.0099178e-001
 1.0089320e-001
 1.0079273e-001
 1.0069058e-001
 1.0058689e-001
 1.0048187e-001
 1.0037565e-001
 1.0026842e-001
 1.0016038e-001
 1.0005169e-001
 9.9942505e-002
 9.9833004e-002
 9.9723399e-002
 9.9613838e-002
 9.9504493e-002
 9.9395521e-002
 9.9287152e-002
 9.9179521e-002
 9.9072814e-002
 9.8967172e-002
 9.8862827e-002
 9.8759927e-002
 9.8658644e-002
 9.8559149e-002
 9.8461606e-002
 9.8366223e-002
 9.8273173e-002
 9.8182596e-002
 9.8094679e-002
 9.8009504e-002
 9.7927131e-002
 9.7847611e-002
 9.7770974e-002
 9.7697310e-002
 9.7626664e-002
 9.7559065e-002
 9.7494595e-002
 9.7433269e-002
 9.7375184e-002
 9.7320370e-002
 9.7268902e-002
 9.7220786e-002
 9.7176127e-002
 9.7134955e-002
 9.7097322e-002
 9.7063288e-002
 9.7032905e-002
 9.7006209e-002
 9.6983291e-002
 9.6964173e-002
 9.6948907e-002
 9.6937567e-002
 9.6930198e-002
 9.6926846e-002
 9.6927576e-002
 9.6932441e-002
 9.6941471e-002
 9.6954748e-002
 9.6972317e-002
 9.6994221e-002
 9.7020380e-002
 9.7049855e-002
 9.7081304e-002
 9.7113431e-002
 9.7144894e-002
 9.7174399e-002
 9.7200625e-002
 9.7222261e-002
 9.7237974e-002
 9.7246461e-002
 9.7246408e-002
 9.7236484e-002
 9.7215384e-002
 9.7181790e-002
 9.7134382e-002
 9.7071834e-002
 9.6992858e-002
 9.6896112e-002
 9.6780308e-002
 9.6644104e-002
 9.6486151e-002
 9.6305221e-002
 9.6099943e-002
 9.5869020e-002
 9.5611043e-002
 9.5324852e-002
 9.5009036e-002
 9.4662316e-002
 9.4283260e-002
 9.3870737e-002
 9.3423344e-002
 9.2939772e-002
 9.2418961e-002
 9.1861315e-002
 9.1268286e-002
 9.0640925e-002
 8.9980409e-002
 8.9287750e-002
 8.8564463e-002
 8.7811552e-002
 8.7030195e-002
 8.6221382e-002
 8.5386679e-002
 8.4527068e-002
 8.3643742e-002
 8.2737640e-002
 8.1810392e-002
 8.0862947e-002
 7.9896487e-002
 7.8912199e-002
 7.7911012e-002
 7.6894581e-002
 7.5863861e-002
 7.4820019e-002
 7.3763981e-002
 7.2697438e-002
 7.1621306e-002
 7.0536762e-002
 6.9444738e-002
 6.8346925e-002
 6.7244239e-002
 6.6137865e-002
 6.5028980e-002
 6.3918494e-002
 6.3918494e-002
-1.2300000e+034
-1.2300000e+034
-1.2300000e+034
-1.2300000e+034
-1.2300000e+034
-1.2300000e+034
-1.2300000e+034
-1.2300000e+034
-1.2300000e+034
-1.2300000e+034
-1.2300000e+034
-1.2300000e+034
-1.2300000e+034
-1.2300000e+034
-1.2300000e+034
-1.2300000e+034
-1.2300000e+034
-1.2300000e+034
-1.2300000e+034
-1.2300000e+034
-1.2300000e+034
-1.2300000e+034
-1.2300000e+034
-1.2300000e+034
-1.2300000e+034
-1.2300000e+034
-1.2300000e+034
-1.2300000e+034
-1.2300000e+034
-1.2300000e+034
-1.2300000e+034
-1.2300000e+034
-1.2300000e+034
-1.2300000e+034
-1.2300000e+034
-1.2300000e+034
-1.2300000e+034
-1.2300000e+034
-1.2300000e+034
-1.2300000e+034
-1.2300000e+034
-1.2300000e+034
-1.2300000e+034
-1.2300000e+034
-1.2300000e+034
-1.2300000e+034
-1.2300000e+034
-1.2300000e+034
-1.2300000e+034
-1.2300000e+034
-1.2300000e+034
-1.2300000e+034
-1.2300000e+034
-1.2300000e+034
-1.2300000e+034
-1.2300000e+034
-1.2300000e+034
-1.2300000e+034
-1.2300000e+034
-1.2300000e+034
-1.2300000e+034
-1.2300000e+034
-1.2300000e+034
-1.2300000e+034
-1.2300000e+034
-1.2300000e+034
-1.2300000e+034
-1.2300000e+034
-1.2300000e+034
-1.2300000e+034
-1.2300000e+034
-1.2300000e+034
-1.2300000e+034
-1.2300000e+034
-1.2300000e+034
-1.2300000e+034
-1.2300000e+034
-1.2300000e+034
-1.2300000e+034
-1.2300000e+034
-1.2300000e+034
-1.2300000e+034
-1.2300000e+034
-1.2300000e+034
-1.2300000e+034
-1.2300000e+034
-1.2300000e+034
-1.2300000e+034
-1.2300000e+034
-1.2300000e+034
-1.2300000e+034
-1.2300000e+034
-1.2300000e+034
-1.2300000e+034
-1.2300000e+034
-1.2300000e+034
-1.2300000e+034
-1.2300000e+034
-1.2300000e+034
-1.2300000e+034
-1.2300000e+034
-1.2300000e+034
-1.2300000e+034
-1.2300000e+034
-1.2300000e+034
-1.2300000e+034
-1.2300000e+034
-1.2300000e+034
-1.2300000e+034
-1.2300000e+034
-1.2300000e+034
-1.2300000e+034
-1.2300000e+034
-1.2300000e+034
-1.2300000e+034
-1.2300000e+034
-1.2300000e+034
-1.2300000e+034
-1.2300000e+034
-1.2300000e+034
-1.2300000e+034
-1.2300000e+034
-1.2300000e+034
-1.2300000e+034
-1.2300000e+034
-1.2300000e+034
-1.2300000e+034
-1.2300000e+034
-1.2300000e+034
-1.2300000e+034
-1.2300000e+034
-1.2300000e+034
-1.2300000e+034
-1.2300000e+034
-1.2300000e+034
-1.2300000e+034
-1.2300000e+034
-1.2300000e+034
-1.2300000e+034
-1.2300000e+034
-1.2300000e+034
-1.2300000e+034
-1.2300000e+034
-1.2300000e+034
-1.2300000e+034
-1.2300000e+034
-1.2300000e+034
-1.2300000e+034
-1.2300000e+034
-1.2300000e+034
-1.2300000e+034
-1.2300000e+034
-1.2300000e+034
-1.2300000e+034
-1.2300000e+034
-1.2300000e+034
-1.2300000e+034
-1.2300000e+034
-1.2300000e+034
-1.2300000e+034
-1.2300000e+034
-1.2300000e+034
-1.2300000e+034
-1.2300000e+034
-1.2300000e+034
-1.2300000e+034
-1.2300000e+034
-1.2300000e+034
-1.2300000e+034
-1.2300000e+034
-1.2300000e+034
-1.2300000e+034
-1.2300000e+034
-1.2300000e+034
-1.2300000e+034
-1.2300000e+034
-1.2300000e+034
-1.2300000e+034
-1.2300000e+034
-1.2300000e+034
-1.2300000e+034
-1.2300000e+034
-1.2300000e+034
-1.2300000e+034
-1.2300000e+034
-1.2300000e+034
-1.2300000e+034
-1.2300000e+034
-1.2300000e+034
-1.2300000e+034
-1.2300000e+034
-1.2300000e+034
-1.2300000e+034
-1.2300000e+034
-1.2300000e+034
-1.2300000e+034
-1.2300000e+034
-1.2300000e+034
-1.2300000e+034
-1.2300000e+034
-1.2300000e+034
-1.2300000e+034
-1.2300000e+034
-1.2300000e+034
-1.2300000e+034
-1.2300000e+034
-1.2300000e+034
-1.2300000e+034
-1.2300000e+034
-1.2300000e+034
-1.2300000e+034
-1.2300000e+034
-1.2300000e+034
-1.2300000e+034
-1.2300000e+034
-1.2300000e+034
-1.2300000e+034
-1.2300000e+034
-1.2300000e+034
-1.2300000e+034
-1.2300000e+034
-1.2300000e+034
-1.2300000e+034
-1.2300000e+034
-1.2300000e+034
-1.2300000e+034
-1.2300000e+034
-1.2300000e+034
-1.2300000e+034
-1.2300000e+034
-1.2300000e+034
-1.2300000e+034
-1.2300000e+034
-1.2300000e+034
-1.2300000e+034
-1.2300000e+034
-1.2300000e+034
-1.2300000e+034
-1.2300000e+034
-1.2300000e+034
-1.2300000e+034
-1.2300000e+034
-1.2300000e+034
-1.2300000e+034
-1.2300000e+034
-1.2300000e+034
-1.2300000e+034
-1.2300000e+034
-1.2300000e+034
-1.2300000e+034
-1.2300000e+034
-1.2300000e+034
-1.2300000e+034
-1.2300000e+034
-1.2300000e+034
-1.2300000e+034
-1.2300000e+034
-1.2300000e+034
-1.2300000e+034
-1.2300000e+034
-1.2300000e+034
-1.2300000e+034
-1.2300000e+034
-1.2300000e+034
-1.2300000e+034
-1.2300000e+034
-1.2300000e+034
-1.2300000e+034
-1.2300000e+034
-1.2300000e+034
-1.2300000e+034
-1.2300000e+034
-1.2300000e+034
-1.2300000e+034
-1.2300000e+034
-1.2300000e+034
-1.2300000e+034
-1.2300000e+034
-1.2300000e+034
-1.2300000e+034
-1.2300000e+034
-1.2300000e+034
-1.2300000e+034
-1.2300000e+034
-1.2300000e+034
-1.2300000e+034
-1.2300000e+034
