splib07b Record=21859: Pyrophyl.25+wxlKaol.75 AMX17  BECKb AREF
-1.2300000e+034
-1.2300000e+034
-1.2300000e+034
-1.2300000e+034
-1.2300000e+034
-1.2300000e+034
-1.2300000e+034
-1.2300000e+034
-1.2300000e+034
-1.2300000e+034
-1.2300000e+034
-1.2300000e+034
-1.2300000e+034
-1.2300000e+034
-1.2300000e+034
-1.2300000e+034
-1.2300000e+034
-1.2300000e+034
-1.2300000e+034
-1.2300000e+034
-1.2300000e+034
-1.2300000e+034
-1.2300000e+034
-1.2300000e+034
-1.2300000e+034
-1.2300000e+034
-1.2300000e+034
-1.2300000e+034
-1.2300000e+034
-1.2300000e+034
-1.2300000e+034
-1.2300000e+034
-1.2300000e+034
-1.2300000e+034
-1.2300000e+034
-1.2300000e+034
-1.2300000e+034
-1.2300000e+034
-1.2300000e+034
-1.2300000e+034
-1.2300000e+034
-1.2300000e+034
-1.2300000e+034
-1.2300000e+034
-1.2300000e+034
-1.2300000e+034
-1.2300000e+034
-1.2300000e+034
-1.2300000e+034
-1.2300000e+034
-1.2300000e+034
-1.2300000e+034
-1.2300000e+034
-1.2300000e+034
-1.2300000e+034
-1.2300000e+034
-1.2300000e+034
-1.2300000e+034
-1.2300000e+034
-1.2300000e+034
-1.2300000e+034
-1.2300000e+034
-1.2300000e+034
-1.2300000e+034
-1.2300000e+034
-1.2300000e+034
-1.2300000e+034
-1.2300000e+034
-1.2300000e+034
-1.2300000e+034
-1.2300000e+034
-1.2300000e+034
-1.2300000e+034
-1.2300000e+034
-1.2300000e+034
-1.2300000e+034
-1.2300000e+034
-1.2300000e+034
-1.2300000e+034
-1.2300000e+034
-1.2300000e+034
-1.2300000e+034
-1.2300000e+034
-1.2300000e+034
-1.2300000e+034
-1.2300000e+034
-1.2300000e+034
-1.2300000e+034
-1.2300000e+034
-1.2300000e+034
-1.2300000e+034
-1.2300000e+034
-1.2300000e+034
-1.2300000e+034
-1.2300000e+034
-1.2300000e+034
-1.2300000e+034
-1.2300000e+034
-1.2300000e+034
-1.2300000e+034
-1.2300000e+034
-1.2300000e+034
-1.2300000e+034
-1.2300000e+034
-1.2300000e+034
-1.2300000e+034
-1.2300000e+034
-1.2300000e+034
-1.2300000e+034
-1.2300000e+034
-1.2300000e+034
-1.2300000e+034
-1.2300000e+034
-1.2300000e+034
-1.2300000e+034
-1.2300000e+034
-1.2300000e+034
-1.2300000e+034
-1.2300000e+034
-1.2300000e+034
-1.2300000e+034
-1.2300000e+034
-1.2300000e+034
-1.2300000e+034
-1.2300000e+034
-1.2300000e+034
-1.2300000e+034
-1.2300000e+034
-1.2300000e+034
 1.5647036e-001
 1.5647036e-001
 1.5863743e-001
 1.6078798e-001
 1.6291186e-001
 1.6499913e-001
 1.6703993e-001
 1.6902414e-001
 1.7094164e-001
 1.7278276e-001
 1.7453735e-001
 1.7619526e-001
 1.7774686e-001
 1.7918193e-001
 1.8049040e-001
 1.8166254e-001
 1.8268822e-001
 1.8355739e-001
 1.8426643e-001
 1.8482700e-001
 1.8525311e-001
 1.8555903e-001
 1.8575877e-001
 1.8586645e-001
 1.8589619e-001
 1.8586212e-001
 1.8577832e-001
 1.8565889e-001
 1.8551795e-001
 1.8536961e-001
 1.8522801e-001
 1.8510720e-001
 1.8502133e-001
 1.8498097e-001
 1.8498804e-001
 1.8504293e-001
 1.8514618e-001
 1.8529823e-001
 1.8549947e-001
 1.8575051e-001
 1.8605177e-001
 1.8640365e-001
 1.8680665e-001
 1.8726128e-001
 1.8776800e-001
 1.8832721e-001
 1.8893945e-001
 1.8960519e-001
 1.9032308e-001
 1.9108750e-001
 1.9189200e-001
 1.9273007e-001
 1.9359547e-001
 1.9448166e-001
 1.9538222e-001
 1.9629084e-001
 1.9720100e-001
 1.9810626e-001
 1.9900031e-001
 1.9987670e-001
 2.0072900e-001
 2.0155069e-001
 2.0233555e-001
 2.0308065e-001
 2.0379291e-001
 2.0448053e-001
 2.0515172e-001
 2.0581476e-001
 2.0647800e-001
 2.0714961e-001
 2.0783798e-001
 2.0855129e-001
 2.0929785e-001
 2.1008584e-001
 2.1092366e-001
 2.1181946e-001
 2.1278122e-001
 2.1381152e-001
 2.1490940e-001
 2.1607378e-001
 2.1730381e-001
 2.1859828e-001
 2.1995637e-001
 2.2137696e-001
 2.2285905e-001
 2.2440147e-001
 2.2600348e-001
 2.2766393e-001
 2.2938101e-001
 2.3114544e-001
 2.3294184e-001
 2.3475483e-001
 2.3656943e-001
 2.3837020e-001
 2.4014169e-001
 2.4186899e-001
 2.4353661e-001
 2.4512930e-001
 2.4663164e-001
 2.4802862e-001
 2.4930632e-001
 2.5047231e-001
 2.5154835e-001
 2.5255683e-001
 2.5351983e-001
 2.5445986e-001
 2.5539899e-001
 2.5635970e-001
 2.5736415e-001
 2.5843459e-001
 2.5959322e-001
 2.6086250e-001
 2.6226276e-001
 2.6379177e-001
 2.6543072e-001
 2.6716056e-001
 2.6896223e-001
 2.7081689e-001
 2.7270523e-001
 2.7460858e-001
 2.7650777e-001
 2.7838370e-001
 2.8021726e-001
 2.8198972e-001
 2.8368297e-001
 2.8529349e-001
 2.8682849e-001
 2.8829500e-001
 2.8970009e-001
 2.9105115e-001
 2.9235521e-001
 2.9361930e-001
 2.9485095e-001
 2.9605702e-001
 2.9724479e-001
 2.9842132e-001
 2.9959360e-001
 3.0076313e-001
 3.0192813e-001
 3.0308658e-001
 3.0423638e-001
 3.0537546e-001
 3.0650198e-001
 3.0761367e-001
 3.0870885e-001
 3.0978522e-001
 3.1084090e-001
 3.1187373e-001
 3.1288216e-001
 3.1386769e-001
 3.1483477e-001
 3.1578764e-001
 3.1673059e-001
 3.1766790e-001
 3.1860402e-001
 3.1954309e-001
 3.2048962e-001
 3.2144788e-001
 3.2242209e-001
 3.2341650e-001
 3.2443523e-001
 3.2547572e-001
 3.2653090e-001
 3.2759392e-001
 3.2865754e-001
 3.2971463e-001
 3.3075821e-001
 3.3178127e-001
 3.3277649e-001
 3.3373693e-001
 3.3465555e-001
 3.3552516e-001
 3.3633918e-001
 3.3709857e-001
 3.3780938e-001
 3.3847824e-001
 3.3911136e-001
 3.3971527e-001
 3.4029615e-001
 3.4086058e-001
 3.4141490e-001
 3.4196544e-001
 3.4251869e-001
 3.4308094e-001
 3.4365818e-001
 3.4425110e-001
 3.4485599e-001
 3.4546944e-001
 3.4608769e-001
 3.4670714e-001
 3.4732413e-001
 3.4793520e-001
 3.4853652e-001
 3.4912470e-001
 3.4969595e-001
 3.5024670e-001
 3.5077342e-001
 3.5127389e-001
 3.5174668e-001
 3.5219058e-001
 3.5260427e-001
 3.5298648e-001
 3.5333586e-001
 3.5365114e-001
 3.5393104e-001
 3.5417417e-001
 3.5437930e-001
 3.5454518e-001
 3.5467112e-001
 3.5476628e-001
 3.5484725e-001
 3.5493079e-001
 3.5503373e-001
 3.5517281e-001
 3.5536477e-001
 3.5562640e-001
 3.5597453e-001
 3.5642582e-001
 3.5699713e-001
 3.5770521e-001
 3.5856503e-001
 3.5956508e-001
 3.6067358e-001
 3.6185825e-001
 3.6308697e-001
 3.6432728e-001
 3.6554694e-001
 3.6671364e-001
 3.6779526e-001
 3.6875924e-001
 3.6957359e-001
 3.7020591e-001
 3.7062648e-001
 3.7084362e-001
 3.7089542e-001
 3.7082034e-001
 3.7065718e-001
 3.7044451e-001
 3.7022102e-001
 3.7002537e-001
 3.6989626e-001
 3.6987224e-001
 3.6999199e-001
 3.7029418e-001
 3.7081510e-001
 3.7155449e-001
 3.7248346e-001
 3.7357271e-001
 3.7479252e-001
 3.7611365e-001
 3.7750649e-001
 3.7894160e-001
 3.8038927e-001
 3.8182032e-001
 3.8320503e-001
 3.8451403e-001
 3.8571933e-001
 3.8681495e-001
 3.8781247e-001
 3.8872424e-001
 3.8956204e-001
 3.9033827e-001
 3.9106485e-001
 3.9175385e-001
 3.9241749e-001
 3.9306775e-001
 3.9371669e-001
 3.9437655e-001
 3.9505896e-001
 3.9576882e-001
 3.9650586e-001
 3.9726952e-001
 3.9805946e-001
 3.9887518e-001
 3.9971617e-001
 4.0058196e-001
 4.0147212e-001
 4.0238601e-001
 4.0332335e-001
 4.0428367e-001
 4.0526649e-001
 4.0627187e-001
 4.0730056e-001
 4.0835306e-001
 4.0943009e-001
 4.1053215e-001
 4.1166008e-001
 4.1281435e-001
 4.1399565e-001
 4.1520441e-001
 4.1644153e-001
 4.1770744e-001
 4.1900289e-001
 4.2032811e-001
 4.2168313e-001
 4.2306781e-001
 4.2448246e-001
 4.2592680e-001
 4.2740110e-001
 4.2890531e-001
 4.3043944e-001
 4.3200341e-001
 4.3359721e-001
 4.3522090e-001
 4.3687460e-001
 4.3855593e-001
 4.4026104e-001
 4.4198591e-001
 4.4372651e-001
 4.4547901e-001
 4.4723964e-001
 4.4900429e-001
 4.5076898e-001
 4.5252982e-001
 4.5428267e-001
 4.5602378e-001
 4.5774958e-001
 4.5945871e-001
 4.6115243e-001
 4.6283203e-001
 4.6449861e-001
 4.6615368e-001
 4.6779814e-001
 4.6943367e-001
 4.7106129e-001
 4.7268224e-001
 4.7429770e-001
 4.7590908e-001
 4.7751749e-001
 4.7912338e-001
 4.8072633e-001
 4.8232600e-001
 4.8392180e-001
 4.8551357e-001
 4.8710084e-001
 4.8868331e-001
 4.9026063e-001
 4.9183232e-001
 4.9339804e-001
 4.9495935e-001
 4.9652505e-001
 4.9810535e-001
 4.9970996e-001
 5.0134915e-001
 5.0303274e-001
 5.0477082e-001
 5.0657332e-001
 5.0845063e-001
 5.1040494e-001
 5.1241404e-001
 5.1445049e-001
 5.1648694e-001
 5.1849604e-001
 5.2045071e-001
 5.2232343e-001
 5.2408683e-001
 5.2571356e-001
 5.2718860e-001
 5.2853841e-001
 5.2979738e-001
 5.3100049e-001
 5.3218216e-001
 5.3337717e-001
 5.3462011e-001
 5.3594577e-001
 5.3738868e-001
 5.3897250e-001
 5.4068321e-001
 5.4249924e-001
 5.4439890e-001
 5.4636073e-001
 5.4836285e-001
 5.5038410e-001
 5.5240250e-001
 5.5439651e-001
 5.5634660e-001
 5.5823910e-001
 5.6006235e-001
 5.6180459e-001
 5.6345373e-001
 5.6499791e-001
 5.6642503e-001
 5.6772321e-001
 5.6888062e-001
 5.6989640e-001
 5.7080662e-001
 5.7165539e-001
 5.7248664e-001
 5.7334459e-001
 5.7427311e-001
 5.7531637e-001
 5.7651836e-001
 5.7792312e-001
 5.7955086e-001
 5.8134037e-001
 5.8321381e-001
 5.8509254e-001
 5.8689868e-001
 5.8855367e-001
 5.8997947e-001
 5.9110236e-001
 5.9193426e-001
 5.9256136e-001
 5.9307259e-001
 5.9355658e-001
 5.9410226e-001
 5.9479427e-001
 5.9564608e-001
 5.9660769e-001
 5.9762740e-001
 5.9865308e-001
 5.9963292e-001
 6.0051781e-001
 6.0131007e-001
 6.0205764e-001
 6.0281003e-001
 6.0361642e-001
 6.0452646e-001
 6.0558647e-001
 6.0678929e-001
 6.0808057e-001
 6.0940421e-001
 6.1070395e-001
 6.1192369e-001
 6.1300981e-001
 6.1396050e-001
 6.1481929e-001
 6.1563164e-001
 6.1644256e-001
 6.1729747e-001
 6.1823869e-001
 6.1925459e-001
 6.2028545e-001
 6.2126976e-001
 6.2214619e-001
 6.2285304e-001
 6.2333339e-001
 6.2361342e-001
 6.2379402e-001
 6.2397897e-001
 6.2427175e-001
 6.2477630e-001
 6.2559032e-001
 6.2670499e-001
 6.2801486e-001
 6.2941104e-001
 6.3078487e-001
 6.3202745e-001
 6.3303423e-001
 6.3378900e-001
 6.3435417e-001
 6.3479567e-001
 6.3517898e-001
 6.3556987e-001
 6.3603085e-001
 6.3656700e-001
 6.3713086e-001
 6.3767326e-001
 6.3814491e-001
 6.3849652e-001
 6.3868254e-001
 6.3873231e-001
 6.3874298e-001
 6.3881445e-001
 6.3904661e-001
 6.3953918e-001
 6.4038616e-001
 6.4156574e-001
 6.4294982e-001
 6.4440691e-001
 6.4580488e-001
 6.4701211e-001
 6.4790201e-001
 6.4845353e-001
 6.4874285e-001
 6.4884990e-001
 6.4885426e-001
 6.4883596e-001
 6.4887244e-001
 6.4899820e-001
 6.4920807e-001
 6.4949495e-001
 6.4985198e-001
-1.2300000e+034
-1.2300000e+034
 6.5127528e-001
 6.5184414e-001
 6.5244853e-001
 6.5308177e-001
 6.5373701e-001
 6.5440720e-001
 6.5508163e-001
 6.5574640e-001
 6.5638757e-001
 6.5699130e-001
 6.5754384e-001
 6.5804011e-001
 6.5848559e-001
 6.5888643e-001
 6.5924871e-001
 6.5957868e-001
 6.5988237e-001
 6.6016603e-001
 6.6043568e-001
 6.6069746e-001
 6.6095573e-001
 6.6121262e-001
 6.6147012e-001
 6.6173047e-001
 6.6199571e-001
 6.6226780e-001
 6.6254884e-001
 6.6284090e-001
 6.6314602e-001
 6.6346610e-001
 6.6380250e-001
 6.6415697e-001
 6.6453075e-001
 6.6492546e-001
 6.6534263e-001
 6.6578376e-001
 6.6625023e-001
 6.6674370e-001
 6.6726029e-001
 6.6779077e-001
 6.6832507e-001
 6.6885352e-001
 6.6936618e-001
 6.6985303e-001
 6.7030436e-001
 6.7071015e-001
 6.7106080e-001
 6.7135501e-001
 6.7160195e-001
 6.7181110e-001
 6.7199242e-001
 6.7215550e-001
 6.7231011e-001
 6.7246604e-001
 6.7263281e-001
 6.7282027e-001
 6.7303097e-001
 6.7325914e-001
 6.7349833e-001
 6.7374223e-001
 6.7398447e-001
 6.7421871e-001
 6.7443848e-001
 6.7463762e-001
 6.7480981e-001
 6.7495573e-001
 6.7508477e-001
 6.7520720e-001
 6.7533273e-001
 6.7547143e-001
 6.7563337e-001
 6.7582852e-001
 6.7606682e-001
 6.7635816e-001
 6.7670703e-001
 6.7711115e-001
 6.7756754e-001
 6.7807364e-001
 6.7862672e-001
 6.7922390e-001
 6.7986238e-001
 6.8053949e-001
 6.8125218e-001
 6.8199098e-001
 6.8273824e-001
 6.8347538e-001
 6.8418419e-001
 6.8484616e-001
 6.8544286e-001
 6.8595612e-001
 6.8636727e-001
 6.8665886e-001
 6.8683380e-001
 6.8692285e-001
 6.8695825e-001
 6.8697238e-001
 6.8699765e-001
 6.8706632e-001
 6.8721074e-001
 6.8746328e-001
 6.8785548e-001
 6.8839324e-001
 6.8904823e-001
 6.8978995e-001
 6.9058794e-001
 6.9141191e-001
 6.9223100e-001
 6.9301528e-001
 6.9373399e-001
 6.9435728e-001
 6.9487727e-001
 6.9531471e-001
 6.9569224e-001
 6.9603258e-001
 6.9635838e-001
 6.9669265e-001
 6.9705784e-001
 6.9747674e-001
 6.9797140e-001
 6.9854003e-001
 6.9914925e-001
 6.9976377e-001
 7.0034796e-001
 7.0086652e-001
 7.0128381e-001
 7.0156437e-001
 7.0168227e-001
 7.0166421e-001
 7.0155478e-001
 7.0139873e-001
 7.0124090e-001
 7.0112598e-001
 7.0109183e-001
 7.0113957e-001
 7.0125759e-001
 7.0143402e-001
 7.0165712e-001
 7.0191520e-001
 7.0219761e-001
 7.0250082e-001
 7.0282370e-001
 7.0316517e-001
 7.0352381e-001
 7.0389879e-001
 7.0428509e-001
 7.0465732e-001
 7.0498294e-001
 7.0522934e-001
 7.0536399e-001
 7.0535427e-001
 7.0517981e-001
 7.0488942e-001
 7.0455623e-001
 7.0425302e-001
 7.0405304e-001
 7.0402932e-001
 7.0423830e-001
 7.0464408e-001
 7.0517749e-001
 7.0576990e-001
 7.0635211e-001
 7.0685530e-001
 7.0722467e-001
 7.0748556e-001
 7.0769179e-001
 7.0789725e-001
 7.0815575e-001
 7.0852125e-001
 7.0903307e-001
 7.0964909e-001
 7.1029741e-001
 7.1090657e-001
 7.1140486e-001
 7.1172065e-001
 7.1179682e-001
 7.1165979e-001
 7.1136564e-001
 7.1097070e-001
 7.1053118e-001
 7.1010345e-001
 7.0973957e-001
 7.0946944e-001
 7.0931441e-001
 7.0929611e-001
 7.0943594e-001
 7.0975548e-001
 7.1026540e-001
 7.1091521e-001
 7.1163136e-001
 7.1234065e-001
 7.1297008e-001
 7.1344632e-001
 7.1370965e-001
 7.1377987e-001
 7.1370542e-001
 7.1353483e-001
 7.1331662e-001
 7.1309936e-001
 7.1292746e-001
 7.1282238e-001
 7.1279663e-001
 7.1286315e-001
 7.1303451e-001
 7.1332347e-001
 7.1373457e-001
 7.1422505e-001
 7.1473426e-001
 7.1520174e-001
 7.1556699e-001
 7.1576959e-001
 7.1576446e-001
 7.1559924e-001
 7.1535534e-001
 7.1511453e-001
 7.1495819e-001
 7.1496797e-001
 7.1520942e-001
 7.1565133e-001
 7.1622694e-001
 7.1686959e-001
 7.1751237e-001
 7.1808851e-001
 7.1854025e-001
 7.1886295e-001
 7.1907222e-001
 7.1918333e-001
 7.1921206e-001
 7.1917373e-001
 7.1908689e-001
 7.1898884e-001
 7.1892375e-001
 7.1893585e-001
 7.1906936e-001
 7.1936846e-001
 7.1986222e-001
 7.2048795e-001
 7.2114825e-001
 7.2174597e-001
 7.2218347e-001
 7.2236389e-001
 7.2221398e-001
 7.2181118e-001
 7.2128910e-001
 7.2078156e-001
 7.2042233e-001
 7.2034520e-001
 7.2065479e-001
 7.2127664e-001
 7.2206825e-001
 7.2288769e-001
 7.2359228e-001
 7.2403985e-001
 7.2411698e-001
 7.2389019e-001
 7.2349417e-001
 7.2306377e-001
 7.2273391e-001
 7.2263944e-001
 7.2288799e-001
 7.2341728e-001
 7.2410029e-001
 7.2481012e-001
 7.2541940e-001
 7.2580129e-001
 7.2585517e-001
 7.2564578e-001
 7.2530180e-001
 7.2495186e-001
 7.2472465e-001
 7.2474879e-001
 7.2512716e-001
 7.2580135e-001
 7.2665024e-001
 7.2755283e-001
 7.2838849e-001
 7.2903556e-001
 7.2939241e-001
 7.2947663e-001
 7.2935194e-001
 7.2908252e-001
 7.2873253e-001
 7.2836584e-001
 7.2804308e-001
 7.2780186e-001
 7.2767103e-001
 7.2767949e-001
 7.2785598e-001
 7.2822928e-001
 7.2881812e-001
 7.2957635e-001
 7.3043287e-001
 7.3131567e-001
 7.3215353e-001
 7.3287499e-001
 7.3341858e-001
 7.3378670e-001
 7.3400724e-001
 7.3410797e-001
 7.3411673e-001
 7.3406136e-001
 7.3396945e-001
 7.3386711e-001
 7.3377985e-001
 7.3373300e-001
 7.3375231e-001
 7.3386329e-001
 7.3408413e-001
 7.3438787e-001
 7.3472911e-001
 7.3506242e-001
 7.3534256e-001
 7.3552394e-001
 7.3557246e-001
 7.3552543e-001
 7.3544884e-001
 7.3540896e-001
 7.3547179e-001
 7.3570371e-001
 7.3615783e-001
 7.3680514e-001
 7.3758316e-001
 7.3842919e-001
 7.3928076e-001
 7.4007505e-001
 7.4075502e-001
 7.4129558e-001
 7.4168634e-001
 7.4191600e-001
 7.4197352e-001
 7.4184793e-001
 7.4153942e-001
 7.4112046e-001
 7.4069351e-001
 7.4036080e-001
 7.4022466e-001
 7.4038738e-001
 7.4092823e-001
 7.4177259e-001
 7.4278378e-001
 7.4382478e-001
 7.4475813e-001
 7.4544746e-001
 7.4577743e-001
 7.4578297e-001
 7.4555993e-001
 7.4520391e-001
 7.4481112e-001
 7.4447745e-001
 7.4428523e-001
 7.4422669e-001
 7.4425685e-001
 7.4433070e-001
 7.4440306e-001
 7.4442911e-001
 7.4437237e-001
 7.4425495e-001
 7.4412328e-001
 7.4402362e-001
 7.4400246e-001
 7.4410623e-001
 7.4437225e-001
 7.4477637e-001
 7.4526888e-001
 7.4580020e-001
 7.4632049e-001
 7.4678004e-001
 7.4713683e-001
 7.4740285e-001
 7.4761218e-001
 7.4779880e-001
 7.4799716e-001
 7.4824113e-001
 7.4855989e-001
 7.4894536e-001
 7.4937463e-001
 7.4982446e-001
 7.5027162e-001
 7.5069290e-001
 7.5106627e-001
 7.5137889e-001
 7.5162065e-001
 7.5178218e-001
 7.5185370e-001
 7.5182581e-001
 7.5169325e-001
 7.5148296e-001
 7.5123501e-001
 7.5098997e-001
 7.5078773e-001
 7.5066894e-001
 7.5066829e-001
 7.5078219e-001
 7.5099069e-001
 7.5127405e-001
 7.5161237e-001
 7.5198567e-001
 7.5237405e-001
 7.5275719e-001
 7.5311458e-001
 7.5342572e-001
 7.5367033e-001
 7.5382757e-001
 7.5388181e-001
 7.5384820e-001
 7.5375575e-001
 7.5363344e-001
 7.5351018e-001
 7.5341505e-001
 7.5337321e-001
 7.5338441e-001
 7.5343716e-001
 7.5351977e-001
 7.5362098e-001
 7.5372910e-001
 7.5383538e-001
 7.5395101e-001
 7.5409538e-001
 7.5428832e-001
 7.5454950e-001
 7.5489855e-001
 7.5535077e-001
 7.5589043e-001
 7.5648862e-001
 7.5711560e-001
 7.5774246e-001
 7.5834000e-001
 7.5887889e-001
 7.5933141e-001
 7.5966954e-001
 7.5986600e-001
 7.5989294e-001
 7.5972289e-001
 7.5933975e-001
 7.5881022e-001
 7.5823712e-001
 7.5772411e-001
 7.5737411e-001
 7.5729060e-001
 7.5755620e-001
 7.5810462e-001
 7.5880361e-001
 7.5952101e-001
 7.6012397e-001
 7.6048034e-001
 7.6047856e-001
 7.6016086e-001
 7.5963682e-001
 7.5901729e-001
 7.5841224e-001
 7.5793231e-001
 7.5767273e-001
 7.5761855e-001
 7.5770575e-001
 7.5786996e-001
 7.5804693e-001
 7.5817221e-001
 7.5819200e-001
 7.5812823e-001
 7.5803709e-001
 7.5797498e-001
 7.5799811e-001
 7.5816280e-001
 7.5851357e-001
 7.5900793e-001
 7.5956404e-001
 7.6010013e-001
 7.6053375e-001
 7.6078314e-001
 7.6077992e-001
 7.6055700e-001
 7.6019299e-001
 7.5976700e-001
 7.5935775e-001
 7.5904435e-001
 7.5889575e-001
 7.5890762e-001
 7.5904167e-001
 7.5925988e-001
 7.5952387e-001
 7.5979555e-001
 7.6004040e-001
 7.6025182e-001
 7.6043612e-001
 7.6059961e-001
 7.6074851e-001
 7.6088905e-001
 7.6102728e-001
 7.6116765e-001
 7.6131326e-001
 7.6146758e-001
 7.6163387e-001
 7.6181549e-001
 7.6201504e-001
 7.6222891e-001
 7.6245046e-001
 7.6267326e-001
 7.6289093e-001
 7.6309699e-001
 7.6328385e-001
 7.6343644e-001
 7.6353586e-001
 7.6356357e-001
 7.6350075e-001
 7.6332861e-001
 7.6303440e-001
 7.6265019e-001
 7.6222920e-001
 7.6182479e-001
 7.6149017e-001
 7.6127881e-001
 7.6123756e-001
 7.6136470e-001
 7.6163572e-001
 7.6202583e-001
 7.6251042e-001
 7.6306510e-001
 7.6366460e-001
 7.6428246e-001
 7.6489139e-001
 7.6546383e-001
 7.6597267e-001
 7.6639014e-001
 7.6669300e-001
 7.6688689e-001
 7.6699185e-001
 7.6702762e-001
 7.6701421e-001
 7.6697129e-001
 7.6691693e-001
 7.6685029e-001
 7.6676244e-001
 7.6664424e-001
 7.6648664e-001
 7.6628053e-001
 7.6602125e-001
 7.6573992e-001
 7.6548421e-001
 7.6530260e-001
 7.6524276e-001
 7.6535308e-001
 7.6567173e-001
 7.6616061e-001
 7.6674473e-001
 7.6734906e-001
 7.6789838e-001
 7.6831752e-001
 7.6854032e-001
 7.6857150e-001
 7.6845032e-001
 7.6821601e-001
 7.6790786e-001
 7.6756507e-001
 7.6722407e-001
 7.6689684e-001
 7.6658386e-001
 7.6628542e-001
 7.6600182e-001
 7.6573360e-001
 7.6548320e-001
 7.6527315e-001
 7.6513553e-001
 7.6510209e-001
 7.6520491e-001
 7.6547605e-001
 7.6593852e-001
 7.6654404e-001
 7.6720941e-001
 7.6785105e-001
 7.6838535e-001
 7.6872885e-001
 7.6881021e-001
 7.6865774e-001
 7.6834852e-001
 7.6796001e-001
 7.6756954e-001
 7.6725394e-001
 7.6705033e-001
 7.6694041e-001
 7.6690155e-001
 7.6691109e-001
 7.6694679e-001
 7.6699102e-001
 7.6703042e-001
 7.6705170e-001
 7.6704162e-001
 7.6698995e-001
 7.6691145e-001
 7.6683366e-001
 7.6678407e-001
 7.6679015e-001
 7.6686811e-001
 7.6698393e-001
 7.6708961e-001
 7.6713699e-001
 7.6707828e-001
 7.6689565e-001
 7.6664710e-001
 7.6640201e-001
 7.6622963e-001
 7.6619869e-001
 7.6633674e-001
 7.6661253e-001
 7.6699007e-001
 7.6743317e-001
 7.6790488e-001
 7.6835144e-001
 7.6870501e-001
 7.6889652e-001
 7.6885736e-001
 7.6853406e-001
 7.6799905e-001
 7.6738936e-001
 7.6684195e-001
 7.6649386e-001
 7.6644373e-001
 7.6661205e-001
 7.6686949e-001
 7.6708621e-001
 7.6713282e-001
 7.6694310e-001
 7.6661187e-001
 7.6625896e-001
 7.6600420e-001
 7.6596588e-001
 7.6618105e-001
 7.6656783e-001
 7.6703417e-001
 7.6748878e-001
 7.6784301e-001
 7.6806504e-001
 7.6817238e-001
 7.6818472e-001
 7.6812106e-001
 7.6800257e-001
 7.6786286e-001
 7.6774210e-001
 7.6768094e-001
 7.6771981e-001
 7.6788867e-001
 7.6816952e-001
 7.6853019e-001
 7.6893836e-001
 7.6936209e-001
 7.6975441e-001
 7.7003157e-001
 7.7010310e-001
 7.6987886e-001
 7.6927125e-001
 7.6833183e-001
 7.6731992e-001
 7.6651239e-001
 7.6618540e-001
 7.6659870e-001
 7.6769513e-001
 7.6913559e-001
 7.7057135e-001
 7.7165425e-001
 7.7207512e-001
 7.7188402e-001
 7.7131742e-001
 7.7061373e-001
 7.7001148e-001
 7.6970005e-001
 7.6963556e-001
 7.6970518e-001
 7.6979607e-001
 7.6979524e-001
 7.6959580e-001
 7.6920211e-001
 7.6871961e-001
 7.6825666e-001
 7.6792192e-001
 7.6782405e-001
 7.6806575e-001
 7.6863611e-001
 7.6942235e-001
 7.7030718e-001
 7.7117431e-001
 7.7190685e-001
 7.7239263e-001
 7.7261180e-001
 7.7262753e-001
 7.7250612e-001
 7.7231389e-001
 7.7211726e-001
 7.7197963e-001
 7.7190906e-001
 7.7186358e-001
 7.7179885e-001
 7.7167118e-001
 7.7143627e-001
 7.7105355e-001
 7.7054733e-001
 7.7000129e-001
 7.6950121e-001
 7.6913321e-001
 7.6898313e-001
 7.6913142e-001
 7.6955187e-001
 7.7011997e-001
 7.7070755e-001
 7.7118653e-001
 7.7142882e-001
 7.7131325e-001
 7.7085763e-001
 7.7020812e-001
 7.6951528e-001
 7.6893044e-001
 7.6860404e-001
 7.6867962e-001
 7.6914680e-001
 7.6985407e-001
 7.7064347e-001
 7.7135801e-001
 7.7184004e-001
 7.7193922e-001
 7.7164799e-001
 7.7109194e-001
 7.7040124e-001
 7.6970667e-001
 7.6913846e-001
 7.6882261e-001
 7.6879203e-001
 7.6899284e-001
 7.6936752e-001
 7.6985908e-001
 7.7040976e-001
 7.7096355e-001
 7.7148300e-001
 7.7194870e-001
 7.7234226e-001
 7.7264476e-001
 7.7283776e-001
 7.7290368e-001
 7.7285117e-001
 7.7271318e-001
 7.7252364e-001
 7.7231634e-001
 7.7212554e-001
 7.7198374e-001
 7.7189910e-001
 7.7185667e-001
 7.7184039e-001
 7.7183425e-001
 7.7182215e-001
 7.7178890e-001
 7.7173555e-001
 7.7167881e-001
 7.7163583e-001
 7.7162379e-001
 7.7165997e-001
 7.7176046e-001
 7.7191710e-001
 7.7209848e-001
 7.7227259e-001
 7.7240676e-001
 7.7246892e-001
 7.7242869e-001
 7.7229542e-001
 7.7211666e-001
 7.7194160e-001
 7.7181923e-001
 7.7179873e-001
 7.7192712e-001
 7.7220726e-001
 7.7259904e-001
 7.7306086e-001
 7.7355105e-001
 7.7402812e-001
 7.7445066e-001
 7.7479291e-001
 7.7504259e-001
 7.7518839e-001
 7.7521896e-001
 7.7512294e-001
 7.7488989e-001
 7.7453339e-001
 7.7408952e-001
 7.7359581e-001
 7.7308941e-001
 7.7260756e-001
 7.7218765e-001
 7.7186692e-001
 7.7167314e-001
 7.7159715e-001
 7.7162069e-001
 7.7172548e-001
 7.7189332e-001
 7.7210611e-001
 7.7234536e-001
 7.7259320e-001
 7.7283108e-001
 7.7304327e-001
 7.7322257e-001
 7.7336448e-001
 7.7346414e-001
 7.7351683e-001
 7.7351779e-001
 7.7346224e-001
 7.7334547e-001
 7.7316260e-001
 7.7291435e-001
 7.7262211e-001
 7.7231264e-001
 7.7201259e-001
 7.7174860e-001
 7.7154738e-001
 7.7143580e-001
 7.7144021e-001
 7.7158755e-001
 7.7189386e-001
 7.7233356e-001
 7.7287024e-001
 7.7346808e-001
 7.7409065e-001
 7.7470189e-001
 7.7526563e-001
 7.7574557e-001
 7.7610576e-001
 7.7631903e-001
 7.7639425e-001
 7.7634931e-001
 7.7620256e-001
 7.7597189e-001
 7.7567524e-001
 7.7533078e-001
 7.7495652e-001
 7.7457052e-001
 7.7418983e-001
 7.7382821e-001
 7.7349824e-001
 7.7321285e-001
 7.7298445e-001
 7.7282608e-001
 7.7275020e-001
 7.7276963e-001
 7.7289712e-001
 7.7313775e-001
 7.7346551e-001
 7.7384657e-001
 7.7424711e-001
 7.7463299e-001
 7.7497059e-001
 7.7522576e-001
 7.7536488e-001
 7.7535397e-001
 7.7517182e-001
 7.7485013e-001
 7.7443403e-001
 7.7396846e-001
 7.7349854e-001
 7.7306938e-001
 7.7272606e-001
 7.7251369e-001
 7.7247727e-001
 7.7264661e-001
 7.7298814e-001
 7.7345210e-001
 7.7398831e-001
 7.7454710e-001
 7.7507824e-001
 7.7553207e-001
 7.7585840e-001
 7.7600747e-001
 7.7594584e-001
 7.7570969e-001
 7.7535284e-001
 7.7492958e-001
 7.7449381e-001
 7.7409977e-001
 7.7380133e-001
 7.7365273e-001
 7.7370805e-001
 7.7400130e-001
 7.7448249e-001
 7.7507967e-001
 7.7572072e-001
 7.7633345e-001
 7.7684927e-001
 7.7724421e-001
 7.7753234e-001
 7.7772832e-001
 7.7784699e-001
 7.7790296e-001
 7.7791178e-001
 7.7789778e-001
 7.7789289e-001
 7.7792919e-001
 7.7803874e-001
 7.7825367e-001
 7.7860224e-001
 7.7904767e-001
 7.7950078e-001
 7.7987081e-001
 7.8006685e-001
 7.7999818e-001
 7.7958131e-001
 7.7885062e-001
 7.7793807e-001
 7.7697730e-001
 7.7610320e-001
 7.7544969e-001
 7.7514333e-001
 7.7518505e-001
 7.7547204e-001
 7.7589852e-001
 7.7635849e-001
 7.7674657e-001
 7.7696174e-001
 7.7699113e-001
 7.7689373e-001
 7.7673060e-001
 7.7656311e-001
 7.7645212e-001
 7.7645618e-001
 7.7658308e-001
 7.7679992e-001
 7.7707213e-001
 7.7736521e-001
 7.7764481e-001
 7.7787793e-001
 7.7805996e-001
 7.7820939e-001
 7.7834535e-001
 7.7848715e-001
 7.7865398e-001
 7.7886343e-001
 7.7910340e-001
 7.7933735e-001
 7.7952754e-001
 7.7963680e-001
 7.7962762e-001
 7.7946591e-001
 7.7917290e-001
 7.7881706e-001
 7.7846760e-001
 7.7819455e-001
 7.7806729e-001
 7.7815193e-001
 7.7845198e-001
 7.7891880e-001
 7.7950150e-001
 7.8015000e-001
 7.8081328e-001
 7.8144181e-001
 7.8199935e-001
 7.8246039e-001
 7.8280038e-001
 7.8299451e-001
 7.8301793e-001
 7.8284860e-001
 7.8250831e-001
 7.8205663e-001
 7.8155476e-001
 7.8106326e-001
 7.8064322e-001
 7.8035295e-001
 7.8020710e-001
 7.8018367e-001
 7.8025919e-001
 7.8041005e-001
 7.8061289e-001
 7.8084379e-001
 7.8107166e-001
 7.8125972e-001
 7.8137034e-001
 7.8136623e-001
 7.8121024e-001
 7.8086960e-001
 7.8039014e-001
 7.7988678e-001
 7.7947569e-001
 7.7927393e-001
 7.7939802e-001
 7.7995586e-001
 7.8090000e-001
 7.8204858e-001
 7.8321427e-001
 7.8421134e-001
 7.8485227e-001
 7.8496164e-001
 7.8455579e-001
 7.8381890e-001
 7.8294021e-001
 7.8210986e-001
 7.8151685e-001
 7.8134197e-001
 7.8159624e-001
 7.8214389e-001
 7.8284323e-001
 7.8355378e-001
 7.8413367e-001
 7.8444844e-001
 7.8447711e-001
 7.8429908e-001
 7.8399682e-001
 7.8365338e-001
 7.8335100e-001
 7.8316957e-001
 7.8312784e-001
 7.8319222e-001
 7.8332657e-001
 7.8349525e-001
 7.8366232e-001
 7.8379285e-001
 7.8386408e-001
 7.8386480e-001
 7.8378409e-001
 7.8361082e-001
 7.8333414e-001
 7.8294504e-001
 7.8247440e-001
 7.8198761e-001
 7.8155214e-001
 7.8123450e-001
 7.8110200e-001
 7.8121811e-001
 7.8157920e-001
 7.8212243e-001
 7.8278309e-001
 7.8349560e-001
 7.8419548e-001
 7.8481704e-001
 7.8529567e-001
 7.8558588e-001
 7.8571159e-001
 7.8571212e-001
 7.8562683e-001
 7.8549480e-001
 7.8535581e-001
 7.8524870e-001
 7.8521305e-001
 7.8528804e-001
 7.8549969e-001
 7.8582519e-001
 7.8623170e-001
 7.8668565e-001
 7.8715396e-001
 7.8760368e-001
 7.8800124e-001
 7.8831375e-001
 7.8850776e-001
 7.8856128e-001
 7.8849226e-001
 7.8832757e-001
 7.8809386e-001
 7.8781831e-001
 7.8752744e-001
 7.8724843e-001
 7.8700787e-001
 7.8683281e-001
 7.8674167e-001
 7.8672260e-001
 7.8675705e-001
 7.8682631e-001
 7.8691190e-001
 7.8699511e-001
 7.8705722e-001
 7.8707975e-001
 7.8704405e-001
 7.8693873e-001
 7.8677917e-001
 7.8658676e-001
 7.8638273e-001
 7.8618860e-001
 7.8602570e-001
 7.8591537e-001
 7.8587908e-001
 7.8593808e-001
 7.8610492e-001
 7.8635848e-001
 7.8667057e-001
 7.8701246e-001
 7.8735590e-001
 7.8767264e-001
 7.8793383e-001
 7.8811133e-001
 7.8817642e-001
 7.8811091e-001
 7.8793341e-001
 7.8767121e-001
 7.8735143e-001
 7.8700161e-001
 7.8664863e-001
 7.8632009e-001
 7.8604311e-001
 7.8584486e-001
 7.8574640e-001
 7.8574461e-001
 7.8583097e-001
 7.8599703e-001
 7.8623426e-001
 7.8653401e-001
 7.8688794e-001
 7.8728729e-001
 7.8772384e-001
 7.8818756e-001
 7.8866434e-001
 7.8913927e-001
 7.8959680e-001
 7.9002190e-001
 7.9039931e-001
 7.9071379e-001
 7.9095000e-001
 7.9109299e-001
 7.9113281e-001
 7.9107958e-001
 7.9094833e-001
 7.9075432e-001
 7.9051232e-001
 7.9023749e-001
 7.8994495e-001
 7.8964937e-001
 7.8936625e-001
 7.8911024e-001
 7.8889620e-001
 7.8872931e-001
 7.8860545e-001
 7.8852081e-001
 7.8847110e-001
 7.8845221e-001
 7.8845978e-001
 7.8848988e-001
 7.8853822e-001
 7.8860074e-001
 7.8867310e-001
 7.8875130e-001
 7.8883117e-001
 7.8891015e-001
 7.8898728e-001
 7.8906143e-001
 7.8913188e-001
 7.8919739e-001
 7.8925711e-001
 7.8930998e-001
 7.8935510e-001
 7.8939146e-001
 7.8941810e-001
 7.8943396e-001
 7.8943831e-001
 7.8943294e-001
 7.8942227e-001
 7.8941095e-001
 7.8940338e-001
 7.8940439e-001
 7.8941846e-001
 7.8945017e-001
 7.8950399e-001
 7.8958464e-001
 7.8969657e-001
 7.8984451e-001
 7.9003268e-001
 7.9025990e-001
 7.9051948e-001
 7.9080445e-001
 7.9110807e-001
 7.9142314e-001
 7.9174304e-001
 7.9206061e-001
 7.9236901e-001
 7.9266149e-001
 7.9293072e-001
 7.9317033e-001
 7.9337317e-001
 7.9353684e-001
 7.9366267e-001
 7.9375249e-001
 7.9380792e-001
 7.9383057e-001
 7.9382229e-001
 7.9378462e-001
 7.9367685e-001
 7.9329669e-001
 7.9273760e-001
 7.9209530e-001
 7.9151434e-001
 7.9114091e-001
 7.9112148e-001
 7.9159385e-001
 7.9250264e-001
 7.9360008e-001
 7.9463071e-001
 7.9533863e-001
 7.9547846e-001
 7.9503357e-001
 7.9421300e-001
 7.9323566e-001
 7.9232013e-001
 7.9167879e-001
 7.9137951e-001
 7.9134911e-001
 7.9150814e-001
 7.9177719e-001
 7.9207724e-001
 7.9234457e-001
 7.9257601e-001
 7.9278398e-001
 7.9297990e-001
 7.9317600e-001
 7.9338390e-001
 7.9361314e-001
 7.9386240e-001
 7.9412842e-001
 7.9440755e-001
 7.9469639e-001
-1.2300000e+034
-1.2300000e+034
 7.9558665e-001
 7.9587960e-001
 7.9616499e-001
 7.9643917e-001
 7.9669875e-001
 7.9694021e-001
-1.2300000e+034
-1.2300000e+034
 7.9752135e-001
 7.9765564e-001
 7.9775453e-001
 7.9781449e-001
 7.9783195e-001
 7.9780346e-001
 7.9772568e-001
 7.9759496e-001
 7.9741013e-001
 7.9717791e-001
 7.9690683e-001
 7.9660541e-001
 7.9628259e-001
 7.9594666e-001
 7.9560643e-001
 7.9527044e-001
 7.9494494e-001
 7.9462755e-001
 7.9431349e-001
 7.9399848e-001
 7.9367787e-001
 7.9334712e-001
 7.9300177e-001
 7.9263729e-001
 7.9224920e-001
 7.9183292e-001
 7.9138386e-001
 7.9089761e-001
 7.9037362e-001
 7.8982556e-001
 7.8927034e-001
 7.8872496e-001
 7.8820646e-001
 7.8773183e-001
 7.8731793e-001
 7.8698182e-001
 7.8674042e-001
 7.8661072e-001
 7.8660971e-001
 7.8675437e-001
 7.8705394e-001
 7.8749043e-001
 7.8803927e-001
 7.8867668e-001
 7.8937811e-001
 7.9011959e-001
 7.9087663e-001
 7.9162520e-001
 7.9234093e-001
 7.9299963e-001
 7.9357713e-001
 7.9405308e-001
 7.9442102e-001
 7.9467726e-001
 7.9481852e-001
 7.9484117e-001
 7.9474169e-001
 7.9451668e-001
 7.9416263e-001
 7.9367590e-001
 7.9305315e-001
 7.9229856e-001
 7.9144287e-001
 7.9052275e-001
 7.8957504e-001
 7.8863609e-001
 7.8774285e-001
 7.8693169e-001
 7.8623950e-001
 7.8570276e-001
 7.8535819e-001
 7.8522718e-001
 7.8527957e-001
 7.8547376e-001
 7.8576839e-001
 7.8612202e-001
 7.8649330e-001
 7.8684068e-001
 7.8712296e-001
 7.8729850e-001
 7.8732610e-001
 7.8718030e-001
 7.8689051e-001
 7.8649765e-001
 7.8604221e-001
 7.8556526e-001
 7.8510743e-001
 7.8470963e-001
 7.8441256e-001
 7.8425694e-001
 7.8426319e-001
 7.8438246e-001
 7.8455210e-001
 7.8470910e-001
 7.8479052e-001
 7.8473365e-001
 7.8447562e-001
 7.8395343e-001
 7.8313011e-001
 7.8205252e-001
 7.8078574e-001
 7.7939433e-001
 7.7794290e-001
 7.7649605e-001
 7.7511877e-001
 7.7387547e-001
 7.7281505e-001
 7.7193499e-001
 7.7122235e-001
 7.7066427e-001
 7.7024746e-001
 7.6995927e-001
 7.6978648e-001
 7.6971608e-001
 7.6973587e-001
 7.6983476e-001
 7.7000248e-001
 7.7022856e-001
 7.7050251e-001
 7.7081382e-001
 7.7115214e-001
 7.7152598e-001
 7.7200353e-001
 7.7266538e-001
 7.7359200e-001
 7.7486384e-001
 7.7656114e-001
 7.7870017e-001
 7.8109175e-001
 7.8350765e-001
 7.8571808e-001
 7.8749484e-001
 7.8860843e-001
 7.8892756e-001
 7.8862607e-001
 7.8793818e-001
 7.8709745e-001
 7.8633809e-001
 7.8589392e-001
 7.8592122e-001
 7.8633338e-001
 7.8699714e-001
 7.8777903e-001
 7.8854555e-001
 7.8916353e-001
 7.8953785e-001
 7.8969383e-001
 7.8967953e-001
 7.8954297e-001
 7.8933227e-001
 7.8909546e-001
 7.8887254e-001
 7.8867871e-001
 7.8852433e-001
 7.8841960e-001
 7.8837508e-001
 7.8840107e-001
 7.8849989e-001
 7.8864920e-001
 7.8882235e-001
 7.8899229e-001
 7.8913230e-001
 7.8921556e-001
 7.8922689e-001
 7.8918719e-001
 7.8912389e-001
 7.8906447e-001
 7.8903651e-001
 7.8906739e-001
 7.8917146e-001
 7.8932387e-001
 7.8949249e-001
 7.8964508e-001
 7.8974950e-001
 7.8977346e-001
 7.8970492e-001
 7.8959149e-001
 7.8949207e-001
 7.8946495e-001
 7.8956902e-001
 7.8985679e-001
 7.9028964e-001
 7.9075974e-001
 7.9115725e-001
 7.9137236e-001
 7.9130292e-001
 7.9095620e-001
 7.9042327e-001
 7.8979707e-001
 7.8917044e-001
 7.8863448e-001
 7.8825212e-001
 7.8806543e-001
 7.8811580e-001
 7.8844452e-001
 7.8908587e-001
 7.8996736e-001
 7.9093724e-001
 7.9184180e-001
 7.9252732e-001
 7.9284966e-001
 7.9280549e-001
 7.9249614e-001
 7.9202557e-001
 7.9149771e-001
 7.9101264e-001
 7.9061764e-001
 7.9032075e-001
 7.9012913e-001
 7.9004985e-001
 7.9008770e-001
 7.9021519e-001
 7.9038084e-001
 7.9053283e-001
 7.9061890e-001
 7.9059178e-001
 7.9046690e-001
 7.9030579e-001
 7.9017097e-001
 7.9012477e-001
 7.9022318e-001
 7.9042983e-001
 7.9064101e-001
 7.9075181e-001
 7.9065686e-001
 7.9026306e-001
 7.8964102e-001
 7.8897965e-001
 7.8847039e-001
 7.8830463e-001
 7.8865612e-001
 7.8945428e-001
 7.9045320e-001
 7.9140323e-001
 7.9205459e-001
 7.9217619e-001
 7.9178989e-001
 7.9109848e-001
 7.9030824e-001
 7.8962630e-001
 7.8924608e-001
 7.8919309e-001
 7.8937286e-001
 7.8968847e-001
 7.9004258e-001
 7.9034275e-001
 7.9055339e-001
 7.9067945e-001
 7.9072672e-001
 7.9070103e-001
 7.9060936e-001
 7.9047513e-001
 7.9033339e-001
 7.9021943e-001
 7.9016834e-001
 7.9021102e-001
 7.9032165e-001
 7.9043454e-001
 7.9048365e-001
 7.9040241e-001
 7.9013294e-001
 7.8972286e-001
 7.8929317e-001
 7.8896642e-001
 7.8886497e-001
 7.8909868e-001
 7.8961521e-001
 7.9024994e-001
 7.9083687e-001
 7.9120898e-001
 7.9121447e-001
 7.9088557e-001
 7.9038030e-001
 7.8985977e-001
 7.8948444e-001
 7.8940225e-001
 7.8959996e-001
 7.8995442e-001
 7.9034072e-001
 7.9063362e-001
 7.9071790e-001
 7.9059976e-001
 7.9036808e-001
 7.9011291e-001
 7.8992468e-001
 7.8988671e-001
 7.9000157e-001
 7.9021662e-001
 7.9047871e-001
 7.9073417e-001
 7.9093260e-001
 7.9106033e-001
 7.9112798e-001
 7.9114711e-001
 7.9112870e-001
 7.9108435e-001
 7.9102767e-001
 7.9097378e-001
 7.9093784e-001
 7.9093516e-001
 7.9097915e-001
 7.9106462e-001
 7.9117358e-001
 7.9128772e-001
 7.9138893e-001
 7.9145962e-001
 7.9148620e-001
 7.9145813e-001
 7.9136497e-001
 7.9119623e-001
 7.9094464e-001
 7.9064274e-001
 7.9034877e-001
 7.9012144e-001
 7.9001927e-001
 7.9009420e-001
 7.9031783e-001
 7.9060966e-001
 7.9088843e-001
 7.9107267e-001
 7.9108828e-001
 7.9094213e-001
 7.9069388e-001
 7.9040384e-001
 7.9013234e-001
 7.8993571e-001
 7.8982204e-001
 7.8976846e-001
 7.8975183e-001
 7.8974885e-001
 7.8973758e-001
 7.8971148e-001
 7.8967363e-001
 7.8962737e-001
 7.8957593e-001
 7.8952408e-001
 7.8949124e-001
 7.8950632e-001
 7.8959852e-001
 7.8979695e-001
 7.9012549e-001
 7.9054916e-001
 7.9099578e-001
 7.9139286e-001
 7.9166782e-001
 7.9175389e-001
 7.9164922e-001
 7.9139274e-001
 7.9102373e-001
 7.9058182e-001
 7.9010636e-001
 7.8963739e-001
 7.8921509e-001
 7.8887957e-001
 7.8867120e-001
 7.8862417e-001
 7.8870928e-001
 7.8885746e-001
 7.8899932e-001
 7.8906548e-001
 7.8899223e-001
 7.8877974e-001
 7.8846681e-001
 7.8809279e-001
 7.8769749e-001
 7.8731966e-001
 7.8699243e-001
 7.8674513e-001
 7.8660709e-001
 7.8660768e-001
 7.8676873e-001
 7.8703183e-001
 7.8728968e-001
 7.8743458e-001
 7.8735876e-001
 7.8696531e-001
 7.8627235e-001
 7.8536808e-001
 7.8434139e-001
 7.8328103e-001
 7.8226674e-001
 7.8128517e-001
 7.8026581e-001
 7.7913815e-001
 7.7783084e-001
 7.7628702e-001
 7.7458519e-001
 7.7288592e-001
 7.7135009e-001
 7.7014005e-001
 7.6940036e-001
 7.6910585e-001
 7.6913077e-001
 7.6934814e-001
 7.6963103e-001
 7.6986545e-001
 7.7007407e-001
 7.7035958e-001
 7.7082551e-001
 7.7157545e-001
 7.7269721e-001
 7.7411574e-001
 7.7565968e-001
 7.7715760e-001
 7.7843791e-001
 7.7934414e-001
 7.7987456e-001
 7.8011698e-001
 7.8016073e-001
 7.8009516e-001
 7.8000641e-001
 7.7995145e-001
 7.7996987e-001
 7.8010142e-001
 7.8038585e-001
 7.8085369e-001
 7.8144652e-001
 7.8205478e-001
 7.8256845e-001
 7.8287739e-001
 7.8288424e-001
 7.8261811e-001
 7.8218013e-001
 7.8167218e-001
 7.8119642e-001
 7.8084522e-001
 7.8061742e-001
 7.8045917e-001
 7.8031594e-001
 7.8013319e-001
 7.7986169e-001
 7.7950436e-001
 7.7909338e-001
 7.7866137e-001
 7.7824080e-001
 7.7785367e-001
 7.7741915e-001
 7.7679986e-001
 7.7585685e-001
 7.7445197e-001
 7.7246875e-001
 7.7000850e-001
 7.6729172e-001
 7.6454002e-001
 7.6197499e-001
 7.5980085e-001
 7.5803983e-001
 7.5661582e-001
 7.5545138e-001
 7.5446868e-001
 7.5359440e-001
 7.5278455e-001
 7.5201261e-001
 7.5125182e-001
 7.5047606e-001
 7.4965894e-001
 7.4877739e-001
 7.4780965e-001
 7.4673480e-001
 7.4553126e-001
 7.4418616e-001
 7.4276787e-001
 7.4138790e-001
 7.4015957e-001
 7.3919493e-001
 7.3858976e-001
 7.3828495e-001
 7.3813885e-001
 7.3800826e-001
 7.3775041e-001
 7.3723584e-001
 7.3645657e-001
 7.3547029e-001
 7.3433477e-001
 7.3310781e-001
 7.3184633e-001
 7.3059106e-001
 7.2937548e-001
 7.2823262e-001
 7.2719532e-001
 7.2629207e-001
 7.2550273e-001
 7.2478271e-001
 7.2408676e-001
 7.2337025e-001
 7.2259480e-001
 7.2178358e-001
 7.2099155e-001
 7.2027451e-001
 7.1968764e-001
 7.1928185e-001
 7.1906734e-001
 7.1903324e-001
 7.1916819e-001
 7.1946108e-001
 7.1989143e-001
 7.2035664e-001
 7.2071165e-001
 7.2081119e-001
 7.2050989e-001
 7.1966660e-001
 7.1818018e-001
 7.1596903e-001
 7.1295202e-001
 7.0904791e-001
 7.0420939e-001
 6.9869733e-001
 6.9292504e-001
 6.8730801e-001
 6.8226063e-001
 6.7816103e-001
 6.7503726e-001
 6.7274398e-001
 6.7113364e-001
 6.7005974e-001
 6.6938961e-001
 6.6911638e-001
 6.6929716e-001
 6.6998935e-001
 6.7125010e-001
 6.7310631e-001
 6.7532718e-001
 6.7755312e-001
 6.7942172e-001
 6.8057245e-001
 6.8068242e-001
 6.7975122e-001
 6.7793989e-001
 6.7541021e-001
 6.7232400e-001
 6.6883028e-001
 6.6497898e-001
 6.6076827e-001
 6.5619624e-001
 6.5126109e-001
 6.4595890e-001
 6.4028233e-001
 6.3421708e-001
 6.2774980e-001
 6.2086558e-001
 6.1348975e-001
 6.0501140e-001
 5.9456176e-001
 5.8126622e-001
 5.6426036e-001
 5.4296136e-001
 5.1915610e-001
 4.9578306e-001
 4.7578415e-001
 4.6211571e-001
 4.5730418e-001
 4.6053606e-001
 4.6938306e-001
 4.8139876e-001
 4.9414322e-001
 5.0542265e-001
 5.1503211e-001
 5.2371448e-001
 5.3222555e-001
 5.4131889e-001
 5.5154747e-001
 5.6187308e-001
 5.7048905e-001
 5.7559168e-001
 5.7537472e-001
 5.6845814e-001
 5.5685037e-001
 5.4416049e-001
 5.3400767e-001
 5.3001142e-001
 5.3529578e-001
 5.4907942e-001
 5.6874490e-001
 5.9166938e-001
 6.1521327e-001
 6.3695854e-001
 6.5607798e-001
 6.7249113e-001
 6.8612486e-001
 6.9689667e-001
 7.0479906e-001
 7.1032035e-001
 7.1418244e-001
 7.1710593e-001
 7.1981412e-001
 7.2294897e-001
 7.2653657e-001
 7.3031521e-001
 7.3402429e-001
 7.3740220e-001
 7.4022478e-001
 7.4255013e-001
 7.4456441e-001
 7.4645615e-001
 7.4841338e-001
 7.5059152e-001
 7.5289619e-001
 7.5512040e-001
 7.5705659e-001
 7.5849724e-001
 7.5927305e-001
 7.5950813e-001
 7.5945902e-001
 7.5938249e-001
 7.5953567e-001
 7.6014084e-001
 7.6115990e-001
 7.6243752e-001
 7.6381862e-001
 7.6514661e-001
 7.6628137e-001
 7.6719409e-001
 7.6790643e-001
 7.6843947e-001
 7.6881510e-001
 7.6906013e-001
 7.6923954e-001
 7.6943517e-001
 7.6972914e-001
 7.7020329e-001
 7.7092785e-001
 7.7188528e-001
 7.7301878e-001
 7.7427214e-001
 7.7558869e-001
 7.7691048e-001
 7.7816373e-001
 7.7926981e-001
 7.8014934e-001
 7.8072339e-001
 7.8093219e-001
 7.8085989e-001
 7.8065258e-001
 7.8045684e-001
 7.8041905e-001
 7.8066337e-001
 7.8115505e-001
 7.8179002e-001
 7.8246456e-001
 7.8307414e-001
 7.8353012e-001
 7.8385204e-001
 7.8410578e-001
 7.8435761e-001
 7.8467357e-001
 7.8511131e-001
 7.8566653e-001
 7.8630900e-001
 7.8700763e-001
 7.8773218e-001
 7.8845257e-001
 7.8914446e-001
 7.8978443e-001
 7.9035008e-001
 7.9081869e-001
 7.9116666e-001
 7.9136312e-001
 7.9137421e-001
 7.9116660e-001
 7.9070634e-001
 7.8997928e-001
 7.8910577e-001
 7.8826237e-001
 7.8762567e-001
 7.8737265e-001
 7.8764546e-001
 7.8835076e-001
 7.8929704e-001
 7.9029280e-001
 7.9114562e-001
 7.9168969e-001
 7.9193217e-001
 7.9195189e-001
 7.9182839e-001
 7.9164052e-001
 7.9146457e-001
 7.9135418e-001
 7.9135442e-001
 7.9151016e-001
 7.9186600e-001
 7.9245216e-001
 7.9320002e-001
 7.9399997e-001
 7.9474288e-001
 7.9531950e-001
 7.9563671e-001
 7.9570717e-001
 7.9558676e-001
 7.9533190e-001
 7.9499847e-001
 7.9464233e-001
 7.9430389e-001
 7.9399967e-001
 7.9374450e-001
 7.9355252e-001
 7.9343873e-001
 7.9341727e-001
 7.9348946e-001
 7.9363602e-001
 7.9383641e-001
 7.9406989e-001
 7.9431593e-001
 7.9455370e-001
 7.9476839e-001
 7.9495341e-001
 7.9510283e-001
 7.9521102e-001
 7.9527199e-001
 7.9528022e-001
 7.9524112e-001
 7.9517674e-001
 7.9511034e-001
 7.9506546e-001
 7.9506546e-001
 7.9513341e-001
 7.9527688e-001
 7.9548109e-001
 7.9572862e-001
 7.9600263e-001
 7.9628617e-001
 7.9656219e-001
 7.9681510e-001
 7.9703164e-001
 7.9719859e-001
 7.9730296e-001
 7.9733121e-001
 7.9727054e-001
 7.9711258e-001
 7.9687876e-001
 7.9660255e-001
 7.9631722e-001
 7.9605597e-001
 7.9585212e-001
 7.9573894e-001
 7.9574466e-001
 7.9586673e-001
 7.9609090e-001
 7.9640299e-001
 7.9678839e-001
 7.9723281e-001
 7.9772216e-001
 7.9824072e-001
 7.9876357e-001
 7.9926306e-001
 7.9971135e-001
 8.0008060e-001
 8.0034286e-001
 8.0047017e-001
 8.0044115e-001
 8.0027312e-001
 7.9999775e-001
 7.9964691e-001
 7.9925239e-001
 7.9884595e-001
 7.9845917e-001
 7.9812145e-001
 7.9784489e-001
 7.9763556e-001
 7.9749966e-001
 7.9744339e-001
 7.9747260e-001
 7.9759365e-001
 7.9780906e-001
 7.9810029e-001
 7.9844081e-001
 7.9880440e-001
 7.9916465e-001
 7.9949540e-001
 7.9977006e-001
 7.9996610e-001
 8.0008340e-001
 8.0012989e-001
 8.0011338e-001
 8.0004191e-001
 7.9992318e-001
 7.9976541e-001
 7.9957682e-001
 7.9937077e-001
 7.9916137e-001
 7.9896337e-001
 7.9879093e-001
 7.9865873e-001
 7.9858124e-001
 7.9856902e-001
 7.9861170e-001
 7.9869109e-001
 7.9878908e-001
 7.9888749e-001
 7.9896820e-001
 7.9901290e-001
 7.9900587e-001
 7.9894257e-001
 7.9882318e-001
 7.9864752e-001
 7.9841560e-001
 7.9812753e-001
 7.9778320e-001
 7.9738861e-001
 7.9698575e-001
 7.9662842e-001
 7.9637033e-001
 7.9626572e-001
 7.9636836e-001
 7.9673219e-001
 7.9738939e-001
 7.9825038e-001
 7.9918349e-001
 8.0005646e-001
 8.0073756e-001
 8.0109501e-001
 8.0099666e-001
 8.0034763e-001
 7.9925573e-001
 7.9789877e-001
 7.9645419e-001
 7.9510057e-001
 7.9401535e-001
 7.9337627e-001
 7.9331994e-001
 7.9375708e-001
 7.9452151e-001
 7.9544652e-001
 7.9636610e-001
 7.9711396e-001
 7.9752332e-001
 7.9746187e-001
 7.9697973e-001
 7.9618865e-001
 7.9520088e-001
 7.9412830e-001
 7.9308277e-001
 7.9217637e-001
 7.9151887e-001
 7.9115158e-001
 7.9102564e-001
 7.9108655e-001
 7.9127985e-001
 7.9155093e-001
 7.9184514e-001
 7.9210824e-001
 7.9228640e-001
 7.9236120e-001
 7.9235935e-001
 7.9231030e-001
 7.9224366e-001
 7.9218882e-001
 7.9217559e-001
 7.9223311e-001
 7.9239029e-001
 7.9264349e-001
 7.9294842e-001
 7.9325813e-001
 7.9352576e-001
 7.9370433e-001
 7.9374689e-001
 7.9360652e-001
 7.9323769e-001
 7.9263937e-001
 7.9186726e-001
 7.9098040e-001
 7.9003787e-001
 7.8909868e-001
 7.8822178e-001
 7.8746665e-001
 7.8689086e-001
 7.8651017e-001
 7.8628772e-001
 7.8618383e-001
 7.8615814e-001
 7.8617090e-001
 7.8618211e-001
 7.8615171e-001
 7.8604054e-001
 7.8583556e-001
 7.8555614e-001
 7.8522348e-001
 7.8485912e-001
 7.8448439e-001
 7.8412056e-001
 7.8378886e-001
 7.8351033e-001
 7.8328753e-001
 7.8310162e-001
 7.8293216e-001
 7.8275883e-001
 7.8256124e-001
 7.8231919e-001
 7.8201199e-001
 7.8162020e-001
 7.8114569e-001
 7.8061634e-001
 7.8006190e-001
 7.7951151e-001
 7.7899516e-001
 7.7854204e-001
 7.7818173e-001
 7.7794313e-001
 7.7783000e-001
 7.7781677e-001
 7.7787626e-001
 7.7798074e-001
 7.7810293e-001
 7.7821541e-001
 7.7829081e-001
 7.7830207e-001
 7.7823311e-001
 7.7808070e-001
 7.7784282e-001
 7.7751672e-001
 7.7710015e-001
 7.7659100e-001
 7.7598667e-001
 7.7528530e-001
 7.7449667e-001
 7.7364516e-001
 7.7275527e-001
 7.7185184e-001
 7.7095968e-001
 7.7010328e-001
 7.6930785e-001
 7.6859730e-001
 7.6797068e-001
 7.6739836e-001
 7.6684952e-001
 7.6629287e-001
 7.6569724e-001
 7.6503140e-001
 7.6426452e-001
 7.6336634e-001
 7.6233810e-001
 7.6121736e-001
 7.6004308e-001
 7.5885516e-001
 7.5769264e-001
 7.5659502e-001
 7.5560141e-001
 7.5475043e-001
 7.5404525e-001
 7.5344992e-001
 7.5292623e-001
 7.5243598e-001
 7.5194114e-001
 7.5140339e-001
 7.5078422e-001
 7.5004715e-001
 7.4918538e-001
 7.4822700e-001
 7.4720210e-001
 7.4614024e-001
 7.4507189e-001
 7.4402684e-001
 7.4303484e-001
 7.4212515e-001
 7.4130476e-001
 7.4055535e-001
 7.3985714e-001
 7.3919064e-001
 7.3853666e-001
 7.3787534e-001
 7.3718721e-001
 7.3645270e-001
 7.3565280e-001
 7.3478961e-001
 7.3388737e-001
 7.3297149e-001
 7.3206747e-001
 7.3120117e-001
 7.3039776e-001
 7.2968310e-001
 7.2908252e-001
 7.2862166e-001
 7.2832537e-001
 7.2819918e-001
 7.2822750e-001
 7.2839397e-001
 7.2868198e-001
 7.2907484e-001
 7.2955620e-001
 7.3010969e-001
 7.3071831e-001
 7.3136574e-001
 7.3203546e-001
 7.3270804e-001
 7.3336107e-001
 7.3397213e-001
 7.3451883e-001
 7.3497880e-001
 7.3532963e-001
 7.3554868e-001
 7.3561370e-001
 7.3550212e-001
 7.3519295e-001
 7.3470414e-001
 7.3409420e-001
 7.3342413e-001
 7.3275465e-001
 7.3214668e-001
 7.3166102e-001
 7.3135847e-001
 7.3129982e-001
 7.3154587e-001
 7.3215514e-001
 7.3312551e-001
 7.3439133e-001
 7.3588431e-001
 7.3753518e-001
 7.3927546e-001
 7.4103636e-001
 7.4274993e-001
 7.4434638e-001
 7.4575752e-001
 7.4691635e-001
 7.4779630e-001
 7.4841189e-001
 7.4878037e-001
 7.4891883e-001
 7.4884433e-001
 7.4857360e-001
 7.4812388e-001
 7.4751222e-001
 7.4675554e-001
 7.4587041e-001
 7.4486953e-001
 7.4376059e-001
 7.4255067e-001
 7.4124724e-001
 7.3985797e-001
 7.3839033e-001
 7.3685163e-001
 7.3524922e-001
 7.3359030e-001
 7.3188293e-001
 7.3013461e-001
 7.2835302e-001
 7.2654575e-001
 7.2472173e-001
 7.2288823e-001
 7.2105324e-001
 7.1922415e-001
 7.1741003e-001
 7.1561801e-001
 7.1385598e-001
 7.1212411e-001
 7.1041679e-001
 7.0872688e-001
 7.0704794e-001
 7.0537317e-001
 7.0369536e-001
 7.0200890e-001
 7.0030659e-001
 6.9858187e-001
 6.9682771e-001
 6.9504505e-001
 6.9323957e-001
 6.9141757e-001
 6.8958515e-001
 6.8774951e-001
 6.8591672e-001
 6.8409306e-001
 6.8228507e-001
 6.8049860e-001
 6.7874134e-001
 6.7702669e-001
 6.7537546e-001
 6.7380857e-001
 6.7234796e-001
 6.7101425e-001
 6.6982877e-001
 6.6881233e-001
 6.6798681e-001
 6.6737282e-001
 6.6699046e-001
 6.6683161e-001
 6.6686112e-001
 6.6704267e-001
 6.6734016e-001
 6.6771722e-001
 6.6813761e-001
 6.6856515e-001
 6.6896349e-001
 6.6929632e-001
 6.6952878e-001
 6.6965121e-001
 6.6967839e-001
 6.6962618e-001
 6.6951048e-001
 6.6934699e-001
 6.6915166e-001
 6.6894019e-001
 6.6872853e-001
 6.6853225e-001
 6.6836703e-001
 6.6823930e-001
 6.6814715e-001
 6.6808856e-001
 6.6806126e-001
 6.6806316e-001
 6.6809207e-001
 6.6814595e-001
 6.6822249e-001
 6.6831952e-001
 6.6843510e-001
 6.6857034e-001
 6.6872895e-001
 6.6891491e-001
 6.6913241e-001
 6.6938508e-001
 6.6967720e-001
 6.7001259e-001
 6.7039520e-001
 6.7082900e-001
 6.7131770e-001
 6.7185533e-001
 6.7242771e-001
 6.7302036e-001
 6.7361891e-001
 6.7420882e-001
 6.7477524e-001
 6.7530406e-001
 6.7578042e-001
 6.7619008e-001
 6.7651910e-001
 6.7676932e-001
 6.7695636e-001
 6.7709637e-001
 6.7720574e-001
 6.7730075e-001
 6.7739767e-001
 6.7751253e-001
 6.7766178e-001
 6.7786151e-001
 6.7812717e-001
 6.7845571e-001
 6.7882740e-001
 6.7922217e-001
 6.7961985e-001
 6.8000019e-001
 6.8034321e-001
 6.8062866e-001
 6.8083626e-001
 6.8094599e-001
 6.8093866e-001
 6.8081462e-001
 6.8059129e-001
 6.8028688e-001
 6.7991978e-001
 6.7950785e-001
 6.7906946e-001
 6.7862272e-001
 6.7818594e-001
 6.7777687e-001
 6.7741334e-001
 6.7709601e-001
 6.7681170e-001
 6.7654657e-001
 6.7628700e-001
 6.7601907e-001
 6.7572892e-001
 6.7540300e-001
 6.7502731e-001
 6.7458808e-001
 6.7407286e-001
 6.7348850e-001
 6.7285925e-001
 6.7221034e-001
 6.7156655e-001
 6.7095274e-001
 6.7039365e-001
 6.6991454e-001
 6.6954011e-001
 6.6929525e-001
 6.6920310e-001
 6.6925621e-001
 6.6942054e-001
 6.6966128e-001
 6.6994369e-001
 6.7023289e-001
 6.7049396e-001
 6.7069227e-001
 6.7079288e-001
 6.7076093e-001
 6.7056352e-001
 6.7019844e-001
 6.6968966e-001
 6.6906190e-001
 6.6834033e-001
 6.6754961e-001
 6.6671473e-001
 6.6586041e-001
 6.6501135e-001
 6.6419280e-001
 6.6342843e-001
 6.6272408e-001
 6.6207051e-001
 6.6145843e-001
 6.6087824e-001
 6.6032022e-001
 6.5977478e-001
 6.5923256e-001
 6.5868390e-001
 6.5811914e-001
 6.5752888e-001
 6.5690178e-001
 6.5622646e-001
 6.5549070e-001
 6.5468258e-001
 6.5379000e-001
 6.5280133e-001
 6.5170443e-001
 6.5048748e-001
 6.4913809e-001
 6.4764607e-001
 6.4601767e-001
 6.4427382e-001
 6.4243573e-001
 6.4052445e-001
 6.3856202e-001
 6.3656944e-001
 6.3456798e-001
 6.3257849e-001
 6.3062310e-001
 6.2872207e-001
 6.2688315e-001
 6.2510353e-001
 6.2338120e-001
 6.2171316e-001
 6.2009656e-001
 6.1852837e-001
 6.1700648e-001
 6.1552799e-001
 6.1408997e-001
 6.1269051e-001
 6.1133653e-001
 6.1004424e-001
 6.0882872e-001
 6.0770547e-001
 6.0668963e-001
 6.0579735e-001
 6.0504377e-001
 6.0444444e-001
 6.0401464e-001
 6.0376871e-001
 6.0369623e-001
 6.0376835e-001
 6.0395533e-001
 6.0422778e-001
 6.0455596e-001
 6.0491037e-001
 6.0526139e-001
 6.0557956e-001
 6.0583502e-001
 6.0599893e-001
 6.0604876e-001
 6.0596752e-001
 6.0573810e-001
 6.0534370e-001
 6.0476708e-001
 6.0399157e-001
 6.0299969e-001
 6.0177511e-001
 6.0030049e-001
 5.9856123e-001
 5.9657562e-001
 5.9438956e-001
 5.9204805e-001
 5.8959651e-001
 5.8707982e-001
 5.8454472e-001
 5.8203602e-001
 5.7959932e-001
 5.7727945e-001
 5.7512015e-001
 5.7312089e-001
 5.7124919e-001
 5.6947190e-001
 5.6775534e-001
 5.6606716e-001
 5.6437355e-001
 5.6264150e-001
 5.6083721e-001
 5.5892825e-001
 5.5688214e-001
 5.5467981e-001
 5.5231178e-001
 5.4977077e-001
 5.4704756e-001
 5.4413354e-001
 5.4102010e-001
 5.3769791e-001
 5.3415996e-001
 5.3039676e-001
 5.2640015e-001
 5.2216220e-001
 5.1768005e-001
 5.1294750e-001
 5.0795943e-001
 5.0270951e-001
 4.9719504e-001
 4.9140978e-001
 4.8534867e-001
 4.7900647e-001
 4.7237858e-001
 4.6549326e-001
 4.5839468e-001
 4.5112920e-001
 4.4374123e-001
 4.3628058e-001
 4.2879179e-001
 4.2132103e-001
 4.1391295e-001
 4.0661719e-001
 3.9948007e-001
 3.9257255e-001
 3.8598096e-001
 3.7979665e-001
 3.7410611e-001
 3.6899754e-001
 3.6455920e-001
 3.6087841e-001
 3.5804519e-001
 3.5614669e-001
 3.5526335e-001
 3.5537070e-001
 3.5636899e-001
 3.5815683e-001
 3.6063284e-001
 3.6369640e-001
 3.6724478e-001
 3.7117726e-001
 3.7539250e-001
 3.7978917e-001
 3.8426882e-001
 3.8875410e-001
 3.9318821e-001
 3.9751354e-001
 4.0167350e-001
 4.0560845e-001
 4.0926194e-001
 4.1257629e-001
 4.1549459e-001
 4.1795790e-001
 4.1991174e-001
 4.2133084e-001
 4.2221093e-001
 4.2254826e-001
 4.2233896e-001
 4.2157927e-001
 4.2026547e-001
 4.1839311e-001
 4.1595948e-001
 4.1296032e-001
 4.0939972e-001
 4.0538180e-001
 4.0108332e-001
 3.9667973e-001
 3.9234716e-001
 3.8826188e-001
 3.8459930e-001
 3.8153747e-001
 3.7925163e-001
 3.7791809e-001
 3.7770134e-001
 3.7861741e-001
 3.8058057e-001
 3.8350347e-001
 3.8729957e-001
 3.9187968e-001
 3.9715719e-001
 4.0304458e-001
 4.0945607e-001
 4.1630116e-001
 4.2349213e-001
 4.3091929e-001
 4.3845889e-001
 4.4598868e-001
 4.5338112e-001
 4.6051398e-001
 4.6726328e-001
 4.7350651e-001
 4.7911665e-001
 4.8397124e-001
 4.8795655e-001
 4.9108320e-001
 4.9344230e-001
 4.9512863e-001
 4.9623632e-001
 4.9685925e-001
 4.9709153e-001
 4.9702707e-001
 4.9675998e-001
 4.9638426e-001
 4.9598938e-001
 4.9561146e-001
 4.9525118e-001
 4.9490854e-001
 4.9458364e-001
 4.9427673e-001
 4.9398780e-001
 4.9371693e-001
 4.9346426e-001
 4.9322981e-001
 4.9301305e-001
 4.9280366e-001
 4.9258566e-001
 4.9234253e-001
 4.9205816e-001
 4.9171612e-001
 4.9130014e-001
 4.9079382e-001
 4.9018103e-001
 4.8944536e-001
 4.8857188e-001
 4.8756078e-001
 4.8642293e-001
 4.8516855e-001
 4.8380825e-001
 4.8235258e-001
 4.8081166e-001
 4.7919670e-001
 4.7751796e-001
 4.7578588e-001
 4.7401047e-001
 4.7220057e-001
 4.7036245e-001
 4.6850273e-001
 4.6662751e-001
 4.6474445e-001
 4.6285960e-001
 4.6097961e-001
 4.5911115e-001
 4.5726037e-001
 4.5543402e-001
 4.5362845e-001
 4.5183492e-001
 4.5004407e-001
 4.4824797e-001
 4.4643736e-001
 4.4460329e-001
 4.4273651e-001
 4.4082904e-001
 4.3887159e-001
 4.3685743e-001
 4.3480274e-001
 4.3273762e-001
 4.3069369e-001
 4.2870134e-001
 4.2679110e-001
 4.2499340e-001
 4.2333981e-001
 4.2186061e-001
 4.2058647e-001
 4.1954306e-001
 4.1870350e-001
 4.1800779e-001
 4.1739559e-001
 4.1680658e-001
 4.1618079e-001
 4.1545781e-001
 4.1457736e-001
 4.1347927e-001
 4.1210285e-001
 4.1039592e-001
 4.0838346e-001
 4.0613809e-001
 4.0373230e-001
 4.0124050e-001
 3.9873537e-001
 3.9629006e-001
 3.9397720e-001
 3.9187112e-001
 3.9004442e-001
 3.8856512e-001
 3.8744786e-001
 3.8667488e-001
 3.8622868e-001
 3.8609114e-001
 3.8624439e-001
 3.8667068e-001
 3.8735184e-001
 3.8827008e-001
 3.8940755e-001
 3.9074457e-001
 3.9223930e-001
 3.9383841e-001
 3.9548793e-001
 3.9713416e-001
 3.9872351e-001
 4.0020138e-001
 4.0151435e-001
 4.0260848e-001
 4.0343016e-001
 4.0392974e-001
 4.0410513e-001
 4.0398148e-001
 4.0358394e-001
 4.0293810e-001
 4.0206927e-001
 4.0100279e-001
 3.9976370e-001
 3.9837804e-001
 3.9687085e-001
 3.9526847e-001
 3.9360711e-001
 3.9192834e-001
 3.9027479e-001
 3.8868803e-001
 3.8721001e-001
 3.8588244e-001
 3.8474771e-001
 3.8384768e-001
 3.8322407e-001
 3.8291284e-001
 3.8289049e-001
 3.8309953e-001
 3.8348216e-001
 3.8398066e-001
 3.8453743e-001
 3.8509443e-001
 3.8559395e-001
 3.8597834e-001
 3.8618979e-001
 3.8617527e-001
 3.8592842e-001
 3.8546887e-001
 3.8481629e-001
 3.8399088e-001
 3.8301241e-001
 3.8190079e-001
 3.8067582e-001
 3.7935719e-001
 3.7796533e-001
 3.7652004e-001
 3.7504318e-001
 3.7355724e-001
 3.7208587e-001
 3.7065148e-001
 3.6927706e-001
 3.6798510e-001
 3.6679915e-001
 3.6574170e-001
 3.6483565e-001
 3.6410385e-001
 3.6356655e-001
 3.6322033e-001
 3.6304849e-001
 3.6303422e-001
 3.6316070e-001
 3.6341110e-001
 3.6376873e-001
 3.6421677e-001
 3.6473855e-001
 3.6531705e-001
 3.6593562e-001
 3.6657745e-001
 3.6722586e-001
 3.6786386e-001
 3.6847559e-001
 3.6905283e-001
 3.6959141e-001
 3.7008733e-001
 3.7053615e-001
 3.7093407e-001
 3.7127680e-001
 3.7156036e-001
 3.7178051e-001
 3.7193322e-001
 3.7201431e-001
 3.7201971e-001
 3.7194529e-001
 3.7178698e-001
 3.7154061e-001
 3.7120211e-001
 3.7076721e-001
 3.7023205e-001
 3.6959317e-001
 3.6885422e-001
 3.6802226e-001
 3.6710504e-001
 3.6610958e-001
 3.6504328e-001
 3.6391312e-001
 3.6272696e-001
 3.6149183e-001
 3.6021513e-001
 3.5890406e-001
 3.5756564e-001
 3.5620782e-001
 3.5483760e-001
 3.5346228e-001
 3.5208887e-001
 3.5072526e-001
 3.4937853e-001
 3.4805590e-001
 3.4676442e-001
 3.4551203e-001
 3.4430569e-001
 3.4315196e-001
 3.4205106e-001
 3.4100059e-001
 3.3999744e-001
 3.3903891e-001
 3.3812213e-001
 3.3724397e-001
 3.3640212e-001
 3.3559346e-001
 3.3481520e-001
 3.3406433e-001
 3.3333838e-001
 3.3263436e-001
 3.3194935e-001
 3.3128044e-001
 3.3062515e-001
 3.2998040e-001
 3.2934347e-001
 3.2871139e-001
 3.2808122e-001
 3.2745054e-001
 3.2681623e-001
 3.2617554e-001
 3.2552549e-001
 3.2486349e-001
 3.2418656e-001
 3.2349229e-001
 3.2278064e-001
 3.2205352e-001
 3.2131231e-001
 3.2055855e-001
 3.1979379e-001
 3.1901938e-001
 3.1823727e-001
 3.1744885e-001
 3.1665558e-001
 3.1585893e-001
 3.1506079e-001
 3.1426248e-001
 3.1346554e-001
 3.1267148e-001
 3.1188205e-001
 3.1109872e-001
 3.1032300e-001
 3.0955628e-001
 3.0880046e-001
 3.0805689e-001
 3.0732718e-001
 3.0661282e-001
 3.0591524e-001
 3.0523628e-001
 3.0457738e-001
 3.0394003e-001
 3.0332568e-001
 3.0273616e-001
 3.0217287e-001
 3.0163717e-001
 3.0112857e-001
 3.0064619e-001
 3.0018875e-001
 2.9975510e-001
 2.9934412e-001
 2.9895452e-001
 2.9858544e-001
 2.9823554e-001
 2.9790369e-001
 2.9758874e-001
 2.9728961e-001
 2.9700515e-001
 2.9673418e-001
 2.9647544e-001
 2.9622802e-001
 2.9599068e-001
 2.9576218e-001
 2.9554147e-001
 2.9532731e-001
 2.9511872e-001
 2.9491445e-001
 2.9471335e-001
 2.9451424e-001
 2.9431605e-001
 2.9411763e-001
 2.9391780e-001
 2.9371542e-001
 2.9350933e-001
 2.9329848e-001
 2.9308161e-001
 2.9285762e-001
 2.9262540e-001
 2.9238483e-001
 2.9213601e-001
 2.9187897e-001
 2.9161391e-001
 2.9134098e-001
 2.9106024e-001
 2.9077187e-001
 2.9047588e-001
 2.9017252e-001
 2.8986195e-001
 2.8954419e-001
 2.8921929e-001
 2.8888759e-001
 2.8854913e-001
 2.8820392e-001
 2.8785223e-001
 2.8749403e-001
 2.8712964e-001
 2.8675911e-001
 2.8638250e-001
 2.8599989e-001
 2.8561160e-001
 2.8521764e-001
 2.8481817e-001
 2.8441316e-001
 2.8400296e-001
 2.8358757e-001
 2.8316715e-001
 2.8274187e-001
 2.8231165e-001
 2.8187686e-001
 2.8143758e-001
 2.8099388e-001
 2.8054586e-001
 2.8009394e-001
 2.7963811e-001
 2.7917856e-001
 2.7871540e-001
 2.7824897e-001
 2.7777934e-001
 2.7730668e-001
 2.7683118e-001
 2.7635285e-001
 2.7587211e-001
 2.7538902e-001
 2.7490371e-001
 2.7441627e-001
 2.7392715e-001
 2.7343631e-001
 2.7294394e-001
 2.7245015e-001
 2.7195528e-001
 2.7145943e-001
 2.7096272e-001
 2.7046522e-001
 2.6996735e-001
 2.6946914e-001
 2.6897076e-001
 2.6847237e-001
 2.6797408e-001
 2.6747623e-001
 2.6697889e-001
 2.6648223e-001
 2.6598632e-001
 2.6549143e-001
 2.6499757e-001
 2.6450485e-001
 2.6401314e-001
 2.6352283e-001
 2.6303387e-001
 2.6254630e-001
 2.6206023e-001
 2.6157561e-001
 2.6109275e-001
 2.6061162e-001
 2.6013231e-001
 2.5965476e-001
 2.5917926e-001
 2.5870582e-001
 2.5823450e-001
 2.5776526e-001
 2.5729841e-001
 2.5683388e-001
 2.5637183e-001
 2.5591227e-001
 2.5545517e-001
 2.5500083e-001
 2.5454929e-001
 2.5410050e-001
 2.5365454e-001
 2.5321168e-001
 2.5277185e-001
 2.5233519e-001
 2.5190163e-001
 2.5147143e-001
 2.5104424e-001
 2.5061741e-001
 2.5018722e-001
 2.4975023e-001
 2.4930274e-001
 2.4884114e-001
 2.4836183e-001
 2.4786101e-001
 2.4733534e-001
 2.4678110e-001
 2.4619466e-001
 2.4557228e-001
 2.4491057e-001
 2.4420583e-001
 2.4345440e-001
 2.4265251e-001
 2.4179691e-001
 2.4088378e-001
 2.3990953e-001
 2.3887053e-001
 2.3776291e-001
 2.3658353e-001
 2.3532857e-001
 2.3399441e-001
 2.3257706e-001
 2.3107359e-001
 2.2948003e-001
 2.2779281e-001
 2.2600788e-001
 2.2412242e-001
 2.2213243e-001
 2.2003430e-001
 2.1782531e-001
 2.1550752e-001
 2.1308687e-001
 2.1056762e-001
 2.0795462e-001
 2.0525192e-001
 2.0246565e-001
 1.9960000e-001
 1.9665974e-001
 1.9364896e-001
 1.9057390e-001
 1.8743862e-001
 1.8424796e-001
 1.8100591e-001
 1.7771885e-001
 1.7439078e-001
 1.7102650e-001
 1.6763082e-001
 1.6420774e-001
 1.6076367e-001
 1.5730257e-001
 1.5382934e-001
 1.5034783e-001
 1.4686456e-001
 1.4338350e-001
 1.3990945e-001
 1.3644636e-001
 1.3300072e-001
 1.2957646e-001
 1.2617841e-001
 1.2281138e-001
 1.1947935e-001
 1.1618851e-001
 1.1294140e-001
 1.0974088e-001
 1.0658909e-001
 1.0349037e-001
 1.0044686e-001
 9.7461417e-002
 9.4536215e-002
 9.1675527e-002
 8.8881522e-002
 8.6157039e-002
 8.3504967e-002
 8.0927566e-002
 7.8428946e-002
 7.6011330e-002
 7.3677599e-002
 7.1430095e-002
 6.9272742e-002
 6.7207888e-002
 6.5238386e-002
 6.3366666e-002
 6.1596502e-002
 5.9930295e-002
 5.8370918e-002
 5.6921225e-002
 5.5583797e-002
 5.4362141e-002
 5.3258777e-002
 5.2276582e-002
 5.1418237e-002
 5.0687019e-002
 5.0085571e-002
 4.9615994e-002
 4.9275987e-002
 4.9061920e-002
 4.8969895e-002
 4.8996121e-002
 4.9136858e-002
 4.9388237e-002
 4.9746495e-002
 5.0207835e-002
 5.0768465e-002
 5.1424760e-002
 5.2172605e-002
 5.3008363e-002
 5.3928237e-002
 5.4928679e-002
 5.6005426e-002
 5.7154916e-002
 5.8373347e-002
 5.9657238e-002
 6.1002195e-002
 6.2404722e-002
 6.3861020e-002
 6.5367296e-002
 6.6920131e-002
 6.8514995e-002
 7.0148461e-002
 7.1816735e-002
 7.3516443e-002
 7.5242959e-002
 7.6992914e-002
 7.8762501e-002
 8.0548353e-002
 8.2346119e-002
 8.4154248e-002
 8.5971273e-002
 8.7795757e-002
 8.9626670e-002
 9.1461696e-002
 9.3299814e-002
 9.5139593e-002
 9.6979976e-002
 9.8818667e-002
 1.0065464e-001
 1.0248645e-001
 1.0431305e-001
 1.0613216e-001
 1.0794275e-001
 1.0974335e-001
 1.1153294e-001
 1.1330924e-001
 1.1507118e-001
 1.1681735e-001
 1.1854626e-001
 1.2025689e-001
 1.2194697e-001
 1.2361546e-001
 1.2526087e-001
 1.2688218e-001
 1.2847714e-001
 1.3004467e-001
 1.3158336e-001
 1.3309211e-001
 1.3456871e-001
 1.3601211e-001
 1.3742091e-001
 1.3879450e-001
 1.4013262e-001
 1.4143418e-001
 1.4269897e-001
 1.4392649e-001
 1.4511654e-001
 1.4626804e-001
 1.4738077e-001
 1.4845426e-001
 1.4948821e-001
 1.5048163e-001
 1.5143429e-001
 1.5234569e-001
 1.5321532e-001
 1.5404287e-001
 1.5482745e-001
 1.5556873e-001
 1.5626627e-001
 1.5691969e-001
 1.5752815e-001
 1.5809135e-001
 1.5860878e-001
 1.5908003e-001
 1.5950437e-001
 1.5988144e-001
 1.6021073e-001
 1.6049179e-001
 1.6072401e-001
 1.6090694e-001
 1.6104010e-001
 1.6112296e-001
 1.6115557e-001
 1.6114064e-001
 1.6108172e-001
 1.6098233e-001
 1.6084601e-001
 1.6067638e-001
 1.6047692e-001
 1.6025120e-001
 1.6000271e-001
 1.5973508e-001
 1.5945183e-001
 1.5915652e-001
 1.5885265e-001
 1.5854371e-001
 1.5823342e-001
 1.5792522e-001
 1.5762268e-001
 1.5732923e-001
 1.5704860e-001
 1.5678427e-001
 1.5653975e-001
 1.5631855e-001
 1.5612434e-001
 1.5596057e-001
 1.5583085e-001
 1.5573865e-001
 1.5568756e-001
 1.5568113e-001
 1.5572290e-001
 1.5581639e-001
 1.5596522e-001
 1.5617286e-001
 1.5644191e-001
 1.5677053e-001
 1.5715553e-001
 1.5759356e-001
 1.5808144e-001
 1.5861596e-001
 1.5919387e-001
 1.5981214e-001
 1.6046722e-001
 1.6115600e-001
 1.6187529e-001
 1.6262203e-001
 1.6339262e-001
 1.6418403e-001
 1.6499302e-001
 1.6581659e-001
 1.6665107e-001
 1.6749345e-001
 1.6834052e-001
 1.6918923e-001
 1.7003597e-001
 1.7087770e-001
 1.7171118e-001
 1.7253320e-001
 1.7334072e-001
 1.7413013e-001
 1.7489840e-001
 1.7564228e-001
 1.7635874e-001
 1.7704420e-001
 1.7769560e-001
 1.7830971e-001
 1.7888421e-001
 1.7941973e-001
 1.7991838e-001
 1.8038209e-001
 1.8081276e-001
 1.8121244e-001
 1.8158288e-001
 1.8192607e-001
 1.8224396e-001
 1.8253854e-001
 1.8281160e-001
 1.8306516e-001
 1.8330112e-001
 1.8352151e-001
 1.8372810e-001
 1.8392289e-001
 1.8410783e-001
 1.8428481e-001
 1.8445586e-001
 1.8462276e-001
 1.8478754e-001
 1.8495207e-001
 1.8511838e-001
 1.8528828e-001
 1.8546376e-001
 1.8564674e-001
 1.8583919e-001
 1.8604296e-001
 1.8626003e-001
 1.8649231e-001
 1.8674181e-001
 1.8701033e-001
 1.8729937e-001
 1.8760830e-001
 1.8793587e-001
 1.8828095e-001
 1.8864214e-001
 1.8901831e-001
 1.8940821e-001
 1.8981074e-001
 1.9022447e-001
 1.9064827e-001
 1.9108090e-001
 1.9152124e-001
 1.9196790e-001
 1.9241968e-001
 1.9287542e-001
 1.9333385e-001
 1.9379389e-001
 1.9425406e-001
 1.9471328e-001
 1.9517028e-001
 1.9562399e-001
 1.9607294e-001
 1.9651598e-001
 1.9695197e-001
 1.9737969e-001
 1.9779778e-001
 1.9820508e-001
 1.9860038e-001
 1.9898242e-001
 1.9935012e-001
 1.9970204e-001
 2.0003705e-001
 2.0035419e-001
 2.0065381e-001
 2.0093633e-001
 2.0120239e-001
 2.0145257e-001
 2.0168747e-001
 2.0190755e-001
 2.0211345e-001
 2.0230573e-001
 2.0248498e-001
 2.0265171e-001
 2.0280650e-001
 2.0294994e-001
 2.0308261e-001
 2.0320509e-001
 2.0331788e-001
 2.0342161e-001
 2.0351680e-001
 2.0360407e-001
 2.0368394e-001
 2.0375703e-001
 2.0382385e-001
 2.0388500e-001
 2.0394103e-001
 2.0399250e-001
 2.0404002e-001
 2.0408414e-001
 2.0412542e-001
 2.0416443e-001
 2.0420173e-001
 2.0423789e-001
 2.0427349e-001
