 splib07a Record=11602: Acid_Mine_Dr Assemb1-Fe3+    ASDFRb AREF
 8.8941216e-002
 8.8946685e-002
 8.8884875e-002
 8.8875778e-002
 8.8972360e-002
 8.9196645e-002
 8.9446530e-002
 8.9588828e-002
 8.9540876e-002
 8.9421652e-002
 8.9400366e-002
 8.9596741e-002
 8.9931197e-002
 9.0274394e-002
 9.0522058e-002
 9.0669028e-002
 9.0735279e-002
 9.0747558e-002
 9.0760805e-002
 9.0836830e-002
 9.1017328e-002
 9.1264278e-002
 9.1519579e-002
 9.1738291e-002
 9.1928191e-002
 9.2110455e-002
 9.2302255e-002
 9.2505716e-002
 9.2719264e-002
 9.2940003e-002
 9.3161643e-002
 9.3376920e-002
 9.3587711e-002
 9.3833297e-002
 9.4162293e-002
 9.4601966e-002
 9.5094606e-002
 9.5561340e-002
 9.5937714e-002
 9.6216455e-002
 9.6404791e-002
 9.6523114e-002
 9.6645117e-002
 9.6857674e-002
 9.7220466e-002
 9.7684979e-002
 9.8175623e-002
 9.8624960e-002
 9.8997898e-002
 9.9267639e-002
 9.9419504e-002
 9.9487722e-002
 9.9518508e-002
 9.9552713e-002
 9.9608712e-002
 9.9699020e-002
 9.9833317e-002
 1.0000773e-001
 1.0021520e-001
 1.0044786e-001
 1.0069381e-001
 1.0094026e-001
 1.0117562e-001
 1.0139242e-001
 1.0158449e-001
 1.0174999e-001
 1.0190582e-001
 1.0207323e-001
 1.0226761e-001
 1.0248012e-001
 1.0269626e-001
 1.0290394e-001
 1.0310334e-001
 1.0329720e-001
 1.0348722e-001
 1.0366968e-001
 1.0383949e-001
 1.0399981e-001
 1.0418612e-001
 1.0444178e-001
 1.0479227e-001
 1.0519016e-001
 1.0556964e-001
 1.0587876e-001
 1.0611947e-001
 1.0630734e-001
 1.0645986e-001
 1.0660180e-001
 1.0675987e-001
 1.0695308e-001
 1.0717022e-001
 1.0739257e-001
 1.0760463e-001
 1.0780441e-001
 1.0799339e-001
 1.0817268e-001
 1.0834314e-001
 1.0850540e-001
 1.0865919e-001
 1.0880025e-001
 1.0892370e-001
 1.0902805e-001
 1.0912637e-001
 1.0923515e-001
 1.0936687e-001
 1.0951682e-001
 1.0967590e-001
 1.0983478e-001
 1.0998305e-001
 1.1010993e-001
 1.1021003e-001
 1.1029824e-001
 1.1039495e-001
 1.1051455e-001
 1.1064832e-001
 1.1078146e-001
 1.1090484e-001
 1.1103094e-001
 1.1117812e-001
 1.1135851e-001
 1.1156116e-001
 1.1176925e-001
 1.1196839e-001
 1.1215436e-001
 1.1232544e-001
 1.1248357e-001
 1.1264540e-001
 1.1283155e-001
 1.1305322e-001
 1.1328426e-001
 1.1348907e-001
 1.1364437e-001
 1.1377478e-001
 1.1391717e-001
 1.1410526e-001
 1.1436161e-001
 1.1470544e-001
 1.1514026e-001
 1.1560537e-001
 1.1602446e-001
 1.1634377e-001
 1.1660181e-001
 1.1686001e-001
 1.1716665e-001
 1.1751834e-001
 1.1789826e-001
 1.1829228e-001
 1.1869562e-001
 1.1910602e-001
 1.1952432e-001
 1.1996330e-001
 1.2043927e-001
 1.2095978e-001
 1.2150051e-001
 1.2202859e-001
 1.2252247e-001
 1.2300374e-001
 1.2350527e-001
 1.2404940e-001
 1.2461766e-001
 1.2518124e-001
 1.2572040e-001
 1.2624994e-001
 1.2679318e-001
 1.2737338e-001
 1.2801136e-001
 1.2872769e-001
 1.2953013e-001
 1.3037519e-001
 1.3120663e-001
 1.3198088e-001
 1.3270462e-001
 1.3339712e-001
 1.3408068e-001
 1.3478912e-001
 1.3555926e-001
 1.3641280e-001
 1.3731119e-001
 1.3820054e-001
 1.3904327e-001
 1.3986656e-001
 1.4071366e-001
 1.4161533e-001
 1.4255224e-001
 1.4349227e-001
 1.4441235e-001
 1.4532460e-001
 1.4624989e-001
 1.4720583e-001
 1.4819764e-001
 1.4922737e-001
 1.5029247e-001
 1.5137284e-001
 1.5244389e-001
 1.5349014e-001
 1.5453333e-001
 1.5560433e-001
 1.5672536e-001
 1.5788350e-001
 1.5905735e-001
 1.6022976e-001
 1.6140117e-001
 1.6257642e-001
 1.6376136e-001
 1.6496514e-001
 1.6619800e-001
 1.6746686e-001
 1.6876583e-001
 1.7008539e-001
 1.7141727e-001
 1.7275666e-001
 1.7409965e-001
 1.7544432e-001
 1.7679696e-001
 1.7816566e-001
 1.7955828e-001
 1.8098123e-001
 1.8244068e-001
 1.8393965e-001
 1.8547004e-001
 1.8702100e-001
 1.8858173e-001
 1.9014275e-001
 1.9169486e-001
 1.9323425e-001
 1.9478016e-001
 1.9635738e-001
 1.9798066e-001
 1.9962412e-001
 2.0125206e-001
 2.0283845e-001
 2.0439658e-001
 2.0594966e-001
 2.0751598e-001
 2.0909417e-001
 2.1067812e-001
 2.1226448e-001
 2.1386103e-001
 2.1547809e-001
 2.1712151e-001
 2.1877828e-001
 2.2043058e-001
 2.2206482e-001
 2.2368379e-001
 2.2529423e-001
 2.2690235e-001
 2.2851104e-001
 2.3012257e-001
 2.3173854e-001
 2.3335899e-001
 2.3498350e-001
 2.3661032e-001
 2.3823269e-001
 2.3984258e-001
 2.4143234e-001
 2.4299668e-001
 2.4453057e-001
 2.4603391e-001
 2.4752508e-001
 2.4902730e-001
 2.5055718e-001
 2.5210413e-001
 2.5365117e-001
 2.5518513e-001
 2.5670898e-001
 2.5822979e-001
 2.5975657e-001
 2.6130658e-001
 2.6289883e-001
 2.6454401e-001
 2.6621896e-001
 2.6789203e-001
 2.6953807e-001
 2.7115849e-001
 2.7276081e-001
 2.7435252e-001
 2.7593943e-001
 2.7752689e-001
 2.7911770e-001
 2.8070265e-001
 2.8226951e-001
 2.8381121e-001
 2.8533664e-001
 2.8685912e-001
 2.8838772e-001
 2.8991124e-001
 2.9141468e-001
 2.9288706e-001
 2.9433954e-001
 2.9578725e-001
 2.9724225e-001
 2.9869702e-001
 3.0014127e-001
 3.0156624e-001
 3.0297342e-001
 3.0436844e-001
 3.0575475e-001
 3.0713561e-001
 3.0851227e-001
 3.0988505e-001
 3.1124273e-001
 3.1257153e-001
 3.1386381e-001
 3.1513146e-001
 3.1639150e-001
 3.1765875e-001
 3.1893414e-001
 3.2021609e-001
 3.2150030e-001
 3.2277641e-001
 3.2403108e-001
 3.2525343e-001
 3.2644030e-001
 3.2759053e-001
 3.2870549e-001
 3.2979733e-001
 3.3088088e-001
 3.3196893e-001
 3.3306596e-001
 3.3417442e-001
 3.3529514e-001
 3.3642176e-001
 3.3754629e-001
 3.3866280e-001
 3.3977357e-001
 3.4088314e-001
 3.4199339e-001
 3.4309533e-001
 3.4417734e-001
 3.4523329e-001
 3.4627959e-001
 3.4733793e-001
 3.4842008e-001
 3.4949657e-001
 3.5052660e-001
 3.5148555e-001
 3.5240859e-001
 3.5334596e-001
 3.5433322e-001
 3.5534853e-001
 3.5635540e-001
 3.5732839e-001
 3.5828391e-001
 3.5925013e-001
 3.6024517e-001
 3.6124927e-001
 3.6223286e-001
 3.6317474e-001
 3.6408547e-001
 3.6498430e-001
 3.6588791e-001
 3.6680961e-001
 3.6776090e-001
 3.6874506e-001
 3.6973125e-001
 3.7068063e-001
 3.7156546e-001
 3.7240332e-001
 3.7322295e-001
 3.7404871e-001
 3.7488726e-001
 3.7574038e-001
 3.7660658e-001
 3.7746972e-001
 3.7830991e-001
 3.7911296e-001
 3.7988698e-001
 3.8064560e-001
 3.8139847e-001
 3.8214052e-001
 3.8286251e-001
 3.8355717e-001
 3.8422409e-001
 3.8486445e-001
 3.8548318e-001
 3.8610074e-001
 3.8674146e-001
 3.8742262e-001
 3.8813382e-001
 3.8885769e-001
 3.8957667e-001
 3.9027280e-001
 3.9092743e-001
 3.9152980e-001
 3.9209792e-001
 3.9265728e-001
 3.9322773e-001
 3.9380598e-001
 3.9438316e-001
 3.9495215e-001
 3.9551249e-001
 3.9606559e-001
 3.9661089e-001
 3.9714092e-001
 3.9764625e-001
 3.9811939e-001
 3.9856070e-001
 3.9897242e-001
 3.9935994e-001
 3.9974120e-001
 4.0013695e-001
 4.0056351e-001
 4.0101790e-001
 4.0149245e-001
 4.0197340e-001
 4.0242758e-001
 4.0281516e-001
 4.0310261e-001
 4.0328094e-001
 4.0334707e-001
 4.0331590e-001
 4.0327317e-001
 4.0332252e-001
 4.0353546e-001
 4.0385535e-001
 4.0419343e-001
 4.0447780e-001
 4.0470368e-001
 4.0488297e-001
 4.0502912e-001
 4.0516090e-001
 4.0529841e-001
 4.0545550e-001
 4.0562001e-001
 4.0577346e-001
 4.0590093e-001
 4.0600199e-001
 4.0607986e-001
 4.0613818e-001
 4.0618256e-001
 4.0621898e-001
 4.0625340e-001
 4.0629077e-001
 4.0633595e-001
 4.0638936e-001
 4.0643382e-001
 4.0644777e-001
 4.0641600e-001
 4.0634874e-001
 4.0626261e-001
 4.0616941e-001
 4.0606177e-001
 4.0592748e-001
 4.0575990e-001
 4.0557489e-001
 4.0539268e-001
 4.0522918e-001
 4.0507841e-001
 4.0492910e-001
 4.0477043e-001
 4.0459478e-001
 4.0439504e-001
 4.0417099e-001
 4.0394962e-001
 4.0376464e-001
 4.0363884e-001
 4.0355089e-001
 4.0346855e-001
 4.0336278e-001
 4.0321758e-001
 4.0302008e-001
 4.0276647e-001
 4.0248835e-001
 4.0222636e-001
 4.0200865e-001
 4.0181282e-001
 4.0160432e-001
 4.0135860e-001
 4.0109178e-001
 4.0083030e-001
 4.0059119e-001
 4.0035421e-001
 4.0008962e-001
 3.9977866e-001
 3.9944497e-001
 3.9912307e-001
 3.9883763e-001
 3.9857280e-001
 3.9830297e-001
 3.9800918e-001
 3.9769915e-001
 3.9738750e-001
 3.9708453e-001
 3.9678422e-001
 3.9647612e-001
 3.9615768e-001
 3.9585736e-001
 3.9561102e-001
 3.9543784e-001
 3.9528841e-001
 3.9509636e-001
 3.9481550e-001
 3.9448071e-001
 3.9414692e-001
 3.9385554e-001
 3.9359340e-001
 3.9333394e-001
 3.9305896e-001
 3.9278498e-001
 3.9253667e-001
 3.9232919e-001
 3.9213848e-001
 3.9193049e-001
 3.9167944e-001
 3.9139235e-001
 3.9108437e-001
 3.9076823e-001
 3.9044642e-001
 3.9011857e-001
 3.8979089e-001
 3.8949060e-001
 3.8925081e-001
 3.8908792e-001
 3.8895062e-001
 3.8877106e-001
 3.8850215e-001
 3.8818040e-001
 3.8786331e-001
 3.8759136e-001
 3.8733709e-001
 3.8705611e-001
 3.8672197e-001
 3.8638043e-001
 3.8609540e-001
 3.8591224e-001
 3.8580346e-001
 3.8572305e-001
 3.8563344e-001
 3.8552967e-001
 3.8541520e-001
 3.8528806e-001
 3.8512543e-001
 3.8489941e-001
 3.8459766e-001
 3.8427100e-001
 3.8398582e-001
 3.8379213e-001
 3.8367301e-001
 3.8359508e-001
 3.8352764e-001
 3.8345137e-001
 3.8334978e-001
 3.8321346e-001
 3.8306168e-001
 3.8292065e-001
 3.8280737e-001
 3.8270083e-001
 3.8257068e-001
 3.8239267e-001
 3.8216698e-001
 3.8190019e-001
 3.8160110e-001
 3.8129252e-001
 3.8100016e-001
 3.8074920e-001
 3.8056260e-001
 3.8046288e-001
 3.8045591e-001
 3.8048151e-001
 3.8046286e-001
 3.8034850e-001
 3.8018849e-001
 3.8005817e-001
 3.8001287e-001
 3.8002777e-001
 3.8005814e-001
 3.8006887e-001
 3.8006416e-001
 3.8005811e-001
 3.8006049e-001
 3.8006422e-001
 3.8005811e-001
 3.8003787e-001
 3.8002750e-001
 3.8005808e-001
 3.8015157e-001
 3.8029402e-001
 3.8046271e-001
 3.8063347e-001
 3.8077816e-001
 3.8086733e-001
 3.8088495e-001
 3.8086811e-001
 3.8086733e-001
 3.8092211e-001
 3.8102835e-001
 3.8117084e-001
 3.8133126e-001
 3.8147783e-001
 3.8157550e-001
 3.8160214e-001
 3.8158783e-001
 3.8157552e-001
 3.8160822e-001
 3.8172883e-001
 3.8198024e-001
 3.8237363e-001
 3.8279364e-001
 3.8309303e-001
 3.8317275e-001
 3.8312575e-001
 3.8309309e-001
 3.8317853e-001
 3.8334003e-001
 3.8349745e-001
 3.8359535e-001
 3.8367480e-001
 3.8380107e-001
 3.8402072e-001
 3.8430598e-001
 3.8461041e-001
 3.8489294e-001
 3.8513380e-001
 3.8531828e-001
 3.8544491e-001
 3.8556015e-001
 3.8572297e-001
 3.8596803e-001
 3.8623306e-001
 3.8643125e-001
 3.8651589e-001
 3.8659984e-001
 3.8683593e-001
 3.8731655e-001
 3.8789234e-001
 3.8835341e-001
 3.8855278e-001
 3.8859746e-001
 3.8865659e-001
 3.8885707e-001
 3.8915554e-001
 3.8946581e-001
 3.8972297e-001
 3.8994581e-001
 3.9017394e-001
 3.9043260e-001
 3.9068547e-001
 3.9088237e-001
 3.9099699e-001
 3.9110014e-001
 3.9128691e-001
 3.9161903e-001
 3.9202484e-001
 3.9239952e-001
 3.9267215e-001
 3.9290893e-001
 3.9320901e-001
 3.9364439e-001
 3.9417338e-001
 3.9472613e-001
 3.9524472e-001
 3.9571676e-001
 3.9614254e-001
 3.9652637e-001
 3.9688927e-001
 3.9725533e-001
 3.9764157e-001
 3.9803162e-001
 3.9840001e-001
 3.9872849e-001
 3.9902437e-001
 3.9929998e-001
 3.9956895e-001
 3.9984491e-001
 4.0014032e-001
 4.0046880e-001
 4.0082958e-001
 4.0118879e-001
 4.0150961e-001
 4.0178716e-001
 4.0208665e-001
 4.0248385e-001
 4.0300485e-001
 4.0356398e-001
 4.0406173e-001
 4.0445259e-001
 4.0481171e-001
 4.0523019e-001
 4.0574369e-001
 4.0626135e-001
 4.0667710e-001
 4.0694478e-001
 4.0715373e-001
 4.0741113e-001
 4.0777579e-001
 4.0819776e-001
 4.0861371e-001
 4.0898284e-001
 4.0931806e-001
 4.0963921e-001
 4.0995750e-001
 4.1026679e-001
 4.1055676e-001
 4.1083848e-001
 4.1116491e-001
 4.1159636e-001
 4.1214991e-001
 4.1275048e-001
 4.1331074e-001
 4.1378054e-001
 4.1419518e-001
 4.1459963e-001
 4.1502374e-001
 4.1545960e-001
 4.1589552e-001
 4.1632801e-001
 4.1677475e-001
 4.1725621e-001
 4.1777471e-001
 4.1829452e-001
 4.1877353e-001
 4.1919607e-001
 4.1960728e-001
 4.2005914e-001
 4.2057994e-001
 4.2114657e-001
 4.2172748e-001
 4.2229444e-001
 4.2282584e-001
 4.2330068e-001
 4.2371139e-001
 4.2407921e-001
 4.2442942e-001
 4.2478496e-001
 4.2516315e-001
 4.2558092e-001
 4.2605814e-001
 4.2661968e-001
 4.2729294e-001
 4.2806804e-001
 4.2885783e-001
 4.2956343e-001
 4.3013474e-001
 4.3063009e-001
 4.3112272e-001
 4.3166298e-001
 4.3225425e-001
 4.3289238e-001
 4.3357304e-001
 4.3429050e-001
 4.3503895e-001
 4.3579423e-001
 4.3648860e-001
 4.3705127e-001
 4.3747196e-001
 4.3788069e-001
 4.3842456e-001
 4.3916398e-001
 4.3996134e-001
 4.4065288e-001
 4.4115508e-001
 4.4156048e-001
 4.4198737e-001
 4.4251022e-001
 4.4310951e-001
 4.4375187e-001
 4.4441223e-001
 4.4507903e-001
 4.4574472e-001
 4.4639933e-001
 4.4703138e-001
 4.4762906e-001
 4.4819805e-001
 4.4878545e-001
 4.4944215e-001
 4.5018780e-001
 4.5097077e-001
 4.5173100e-001
 4.5243236e-001
 4.5309567e-001
 4.5374948e-001
 4.5442528e-001
 4.5516151e-001
 4.5599866e-001
 4.5694256e-001
 4.5792401e-001
 4.5886302e-001
 4.5972067e-001
 4.6054748e-001
 4.6140525e-001
 4.6233052e-001
 4.6329948e-001
 4.6428072e-001
 4.6523464e-001
 4.6609825e-001
 4.6680737e-001
 4.6735501e-001
 4.6786365e-001
 4.6847242e-001
 4.6924773e-001
 4.7009888e-001
 4.7091249e-001
 4.7161907e-001
 4.7224820e-001
 4.7284445e-001
 4.7345132e-001
 4.7411823e-001
 4.7489348e-001
 4.7578344e-001
 4.7670162e-001
 4.7754863e-001
 4.7826692e-001
 4.7889674e-001
 4.7949165e-001
 4.8009491e-001
 4.8073319e-001
 4.8142946e-001
 4.8218784e-001
 4.8297524e-001
 4.8375151e-001
 4.8448971e-001
 4.8518881e-001
 4.8585236e-001
 4.8649406e-001
 4.8715255e-001
 4.8786896e-001
 4.8865193e-001
 4.8943222e-001
 4.9013394e-001
 4.9072817e-001
 4.9129647e-001
 4.9193546e-001
 4.9269268e-001
 4.9350661e-001
 4.9430063e-001
 4.9502811e-001
 4.9570790e-001
 4.9636772e-001
 4.9702722e-001
 4.9768811e-001
 4.9834830e-001
 4.9901044e-001
 4.9968240e-001
 5.0037420e-001
 5.0108618e-001
 5.0180072e-001
 5.0249791e-001
 5.0318044e-001
 5.0390416e-001
 5.0473040e-001
 5.0566614e-001
 5.0659609e-001
 5.0738811e-001
 5.0799143e-001
 5.0853342e-001
 5.0916582e-001
 5.0996035e-001
 5.1081377e-001
 5.1159799e-001
 5.1224601e-001
 5.1282370e-001
 5.1341635e-001
 5.1407117e-001
 5.1475692e-001
 5.1543093e-001
 5.1607209e-001
 5.1671141e-001
 5.1738560e-001
 5.1810879e-001
 5.1884264e-001
 5.1954281e-001
 5.2018315e-001
 5.2077758e-001
 5.2134550e-001
 5.2190620e-001
 5.2247900e-001
 5.2308267e-001
 5.2372390e-001
 5.2438533e-001
 5.2504659e-001
 5.2569914e-001
 5.2636230e-001
 5.2705985e-001
 5.2779281e-001
 5.2851707e-001
 5.2918082e-001
 5.2976120e-001
 5.3029895e-001
 5.3084350e-001
 5.3143495e-001
 5.3208995e-001
 5.3282315e-001
 5.3362060e-001
 5.3440106e-001
 5.3507435e-001
 5.3560382e-001
 5.3606862e-001
 5.3656316e-001
 5.3714490e-001
 5.3778571e-001
 5.3844589e-001
 5.3909391e-001
 5.3971452e-001
 5.4029495e-001
 5.4083949e-001
 5.4138726e-001
 5.4198337e-001
 5.4264116e-001
 5.4330760e-001
 5.4392010e-001
 5.4445130e-001
 5.4495072e-001
 5.4547900e-001
 5.4606688e-001
 5.4668087e-001
 5.4727900e-001
 5.4784113e-001
 5.4839647e-001
 5.4897994e-001
 5.4959655e-001
 5.5018455e-001
 5.5067378e-001
 5.5103737e-001
 5.5134863e-001
 5.5169451e-001
 5.5213869e-001
 5.5269545e-001
 5.5337238e-001
 5.5414176e-001
 5.5489701e-001
 5.5552214e-001
 5.5597562e-001
 5.5638188e-001
 5.5688870e-001
 5.5756044e-001
 5.5827796e-001
 5.5889803e-001
 5.5935037e-001
 5.5973089e-001
 5.6015652e-001
 5.6068856e-001
 5.6126583e-001
 5.6180871e-001
 5.6227630e-001
 5.6271374e-001
 5.6317514e-001
 5.6369275e-001
 5.6424516e-001
 5.6480420e-001
 5.6534451e-001
 5.6585139e-001
 5.6630886e-001
 5.6671667e-001
 5.6710309e-001
 5.6750244e-001
 5.6793672e-001
 5.6840622e-001
 5.6890804e-001
 5.6943345e-001
 5.6996590e-001
 5.7048607e-001
 5.7097709e-001
 5.7142937e-001
 5.7183272e-001
 5.7219559e-001
 5.7256514e-001
 5.7299542e-001
 5.7351178e-001
 5.7407522e-001
 5.7463843e-001
 5.7516015e-001
 5.7561123e-001
 5.7596511e-001
 5.7622820e-001
 5.7648343e-001
 5.7682389e-001
 5.7728595e-001
 5.7777953e-001
 5.7819682e-001
 5.7848769e-001
 5.7872629e-001
 5.7900214e-001
 5.7936907e-001
 5.7979441e-001
 5.8023435e-001
 5.8064979e-001
 5.8101255e-001
 5.8129436e-001
 5.8149576e-001
 5.8167857e-001
 5.8191425e-001
 5.8224744e-001
 5.8266801e-001
 5.8315665e-001
 5.8368021e-001
 5.8416879e-001
 5.8454859e-001
 5.8478576e-001
 5.8493817e-001
 5.8507597e-001
 5.8524555e-001
 5.8543813e-001
 5.8563882e-001
 5.8582622e-001
 5.8596718e-001
 5.8602810e-001
 5.8601445e-001
 5.8602583e-001
 5.8617014e-001
 5.8651602e-001
 5.8703488e-001
 5.8768463e-001
 5.8836484e-001
 5.8884555e-001
 5.8887851e-001
 5.8839470e-001
 5.8772469e-001
 5.8725166e-001
 5.8733553e-001
-1.2300000e+034
-1.2300000e+034
-1.2300000e+034
-1.2300000e+034
-1.2300000e+034
-1.2300000e+034
-1.2300000e+034
-1.2300000e+034
-1.2300000e+034
-1.2300000e+034
-1.2300000e+034
-1.2300000e+034
-1.2300000e+034
-1.2300000e+034
-1.2300000e+034
-1.2300000e+034
-1.2300000e+034
-1.2300000e+034
-1.2300000e+034
-1.2300000e+034
-1.2300000e+034
-1.2300000e+034
-1.2300000e+034
-1.2300000e+034
-1.2300000e+034
-1.2300000e+034
-1.2300000e+034
-1.2300000e+034
-1.2300000e+034
-1.2300000e+034
-1.2300000e+034
-1.2300000e+034
-1.2300000e+034
-1.2300000e+034
-1.2300000e+034
-1.2300000e+034
-1.2300000e+034
-1.2300000e+034
-1.2300000e+034
-1.2300000e+034
-1.2300000e+034
-1.2300000e+034
-1.2300000e+034
-1.2300000e+034
-1.2300000e+034
-1.2300000e+034
-1.2300000e+034
-1.2300000e+034
-1.2300000e+034
-1.2300000e+034
-1.2300000e+034
 5.6732523e-001
 5.6755900e-001
 5.6815815e-001
 5.6883907e-001
 5.6930727e-001
 5.6944054e-001
 5.6950355e-001
 5.6981260e-001
 5.7049215e-001
 5.7124305e-001
 5.7170808e-001
 5.7171106e-001
 5.7147980e-001
 5.7129592e-001
 5.7132775e-001
 5.7149059e-001
 5.7166529e-001
 5.7178187e-001
 5.7187879e-001
 5.7200903e-001
 5.7220703e-001
 5.7246798e-001
 5.7277942e-001
 5.7312554e-001
 5.7347792e-001
 5.7380784e-001
 5.7409698e-001
 5.7435137e-001
 5.7458204e-001
 5.7481021e-001
 5.7508814e-001
 5.7547098e-001
 5.7596481e-001
 5.7646853e-001
 5.7686687e-001
 5.7710373e-001
 5.7725763e-001
 5.7742411e-001
 5.7765812e-001
 5.7792330e-001
 5.7817113e-001
 5.7837176e-001
 5.7853585e-001
 5.7867980e-001
 5.7882190e-001
 5.7898146e-001
 5.7917905e-001
 5.7941628e-001
 5.7965344e-001
 5.7984596e-001
 5.7996839e-001
 5.8003914e-001
 5.8008492e-001
 5.8013105e-001
 5.8020109e-001
 5.8031970e-001
 5.8050340e-001
 5.8074903e-001
 5.8105206e-001
 5.8139855e-001
 5.8175385e-001
 5.8208150e-001
 5.8236921e-001
 5.8265346e-001
 5.8298111e-001
 5.8336818e-001
 5.8377093e-001
 5.8413589e-001
 5.8444387e-001
 5.8474821e-001
 5.8511204e-001
 5.8555549e-001
 5.8600622e-001
 5.8637667e-001
 5.8663189e-001
 5.8684814e-001
 5.8711880e-001
 5.8747739e-001
 5.8783364e-001
 5.8807755e-001
 5.8816874e-001
 5.8821297e-001
 5.8833885e-001
 5.8860397e-001
 5.8891541e-001
 5.8915979e-001
 5.8927864e-001
 5.8934200e-001
 5.8943516e-001
 5.8960903e-001
 5.8983970e-001
 5.9009194e-001
 5.9034085e-001
 5.9059018e-001
 5.9084696e-001
 5.9110355e-001
 5.9132308e-001
 5.9146434e-001
 5.9152246e-001
 5.9156942e-001
 5.9169030e-001
 5.9192717e-001
 5.9223092e-001
 5.9254014e-001
 5.9280866e-001
 5.9302139e-001
 5.9317017e-001
 5.9325325e-001
 5.9328830e-001
 5.9329575e-001
 5.9329939e-001
 5.9333199e-001
 5.9342772e-001
 5.9360307e-001
 5.9383857e-001
 5.9410930e-001
 5.9439099e-001
 5.9465945e-001
 5.9489173e-001
 5.9507710e-001
 5.9523672e-001
 5.9539753e-001
 5.9557390e-001
 5.9575635e-001
 5.9593314e-001
 5.9609038e-001
 5.9621644e-001
 5.9629786e-001
 5.9632838e-001
 5.9631860e-001
 5.9627986e-001
 5.9623480e-001
 5.9622818e-001
 5.9631008e-001
 5.9649724e-001
 5.9673929e-001
 5.9697491e-001
 5.9716547e-001
 5.9732169e-001
 5.9746140e-001
 5.9759134e-001
 5.9769553e-001
 5.9775311e-001
 5.9776813e-001
 5.9779316e-001
 5.9788829e-001
 5.9807241e-001
 5.9827614e-001
 5.9841639e-001
 5.9845340e-001
 5.9844321e-001
 5.9845448e-001
 5.9852314e-001
 5.9861511e-001
 5.9868473e-001
 5.9870380e-001
 5.9868640e-001
 5.9864873e-001
 5.9861791e-001
 5.9863913e-001
 5.9876019e-001
 5.9898943e-001
 5.9925109e-001
 5.9945548e-001
 5.9955812e-001
 5.9961122e-001
 5.9967911e-001
 5.9979993e-001
 5.9994990e-001
 6.0009682e-001
 6.0021859e-001
 6.0031849e-001
 6.0040152e-001
 6.0047376e-001
 6.0053879e-001
 6.0060048e-001
 6.0066289e-001
 6.0073245e-001
 6.0081649e-001
 6.0090989e-001
 6.0098088e-001
 6.0099524e-001
 6.0094672e-001
 6.0089558e-001
 6.0090941e-001
 6.0101265e-001
 6.0113311e-001
 6.0118508e-001
 6.0113215e-001
 6.0104990e-001
 6.0102880e-001
 6.0111761e-001
 6.0127038e-001
 6.0142756e-001
 6.0154963e-001
 6.0163349e-001
 6.0168421e-001
 6.0170943e-001
 6.0172397e-001
 6.0174716e-001
 6.0179174e-001
 6.0186434e-001
 6.0197115e-001
 6.0210490e-001
 6.0223138e-001
 6.0231185e-001
 6.0233361e-001
 6.0233492e-001
 6.0236436e-001
 6.0244238e-001
 6.0252917e-001
 6.0257649e-001
 6.0255980e-001
 6.0250759e-001
 6.0245270e-001
 6.0241663e-001
 6.0238951e-001
 6.0235876e-001
 6.0231477e-001
 6.0225677e-001
 6.0218465e-001
 6.0210294e-001
 6.0202086e-001
 6.0194963e-001
 6.0189408e-001
 6.0183907e-001
 6.0176760e-001
 6.0168093e-001
 6.0161763e-001
 6.0162169e-001
 6.0171050e-001
 6.0184330e-001
 6.0197115e-001
 6.0206246e-001
 6.0212737e-001
 6.0217983e-001
 6.0222131e-001
 6.0222864e-001
 6.0217285e-001
 6.0205686e-001
 6.0194767e-001
 6.0192156e-001
 6.0200983e-001
 6.0214603e-001
 6.0224879e-001
 6.0227525e-001
 6.0226387e-001
 6.0226589e-001
 6.0230148e-001
 6.0232347e-001
 6.0227430e-001
 6.0213012e-001
 6.0194373e-001
 6.0177606e-001
 6.0167050e-001
 6.0163075e-001
 6.0165250e-001
 6.0172236e-001
 6.0179818e-001
 6.0183483e-001
 6.0179996e-001
 6.0168886e-001
 6.0150146e-001
 6.0125357e-001
 6.0099858e-001
 6.0079509e-001
 6.0067177e-001
 6.0059017e-001
 6.0050201e-001
 6.0038424e-001
 6.0026968e-001
 6.0019743e-001
 6.0018075e-001
 6.0017395e-001
 6.0012406e-001
 6.0000885e-001
 5.9987432e-001
 5.9977454e-001
 5.9974241e-001
 5.9975767e-001
 5.9979296e-001
 5.9982592e-001
 5.9984118e-001
 5.9982598e-001
 5.9977555e-001
 5.9970808e-001
 5.9964418e-001
 5.9960586e-001
 5.9961587e-001
 5.9969568e-001
 5.9983647e-001
 5.9995466e-001
 5.9995621e-001
 5.9979945e-001
 5.9955829e-001
 5.9932089e-001
 5.9915024e-001
 5.9904909e-001
 5.9901237e-001
 5.9901792e-001
 5.9900111e-001
 5.9889334e-001
 5.9866422e-001
 5.9836972e-001
 5.9807998e-001
 5.9783900e-001
 5.9764373e-001
 5.9748119e-001
 5.9733582e-001
 5.9718543e-001
 5.9700531e-001
 5.9679168e-001
 5.9658402e-001
 5.9642881e-001
 5.9635293e-001
 5.9634048e-001
 5.9637058e-001
 5.9641165e-001
 5.9640330e-001
 5.9628528e-001
 5.9604013e-001
 5.9575343e-001
 5.9552503e-001
 5.9541255e-001
 5.9538043e-001
 5.9538203e-001
 5.9538144e-001
 5.9536803e-001
 5.9533572e-001
 5.9526891e-001
 5.9513098e-001
 5.9488356e-001
 5.9453362e-001
 5.9418452e-001
 5.9395480e-001
 5.9389597e-001
 5.9391534e-001
 5.9389991e-001
 5.9377837e-001
 5.9357142e-001
 5.9331435e-001
 5.9304351e-001
 5.9280831e-001
 5.9265596e-001
 5.9259629e-001
 5.9255332e-001
 5.9243822e-001
 5.9221292e-001
 5.9195131e-001
 5.9174085e-001
 5.9163350e-001
 5.9159493e-001
 5.9158206e-001
 5.9153718e-001
 5.9137827e-001
 5.9101868e-001
 5.9046823e-001
 5.8994746e-001
 5.8970380e-001
 5.8982462e-001
 5.9003383e-001
 5.9000564e-001
 5.8957940e-001
 5.8895814e-001
 5.8839220e-001
 5.8802855e-001
 5.8777922e-001
 5.8752447e-001
 5.8725154e-001
 5.8718336e-001
 5.8757436e-001
 5.8836973e-001
 5.8882713e-001
 5.8811438e-001
 5.8590889e-001
 5.8302981e-001
 5.8044749e-001
 5.7884246e-001
 5.7824373e-001
 5.7858878e-001
 5.7938194e-001
 5.7907492e-001
 5.7596838e-001
 5.6961125e-001
 5.6279457e-001
 5.5882436e-001
-1.2300000e+034
-1.2300000e+034
-1.2300000e+034
-1.2300000e+034
-1.2300000e+034
-1.2300000e+034
-1.2300000e+034
-1.2300000e+034
-1.2300000e+034
-1.2300000e+034
-1.2300000e+034
-1.2300000e+034
-1.2300000e+034
-1.2300000e+034
-1.2300000e+034
-1.2300000e+034
-1.2300000e+034
-1.2300000e+034
-1.2300000e+034
-1.2300000e+034
-1.2300000e+034
-1.2300000e+034
-1.2300000e+034
-1.2300000e+034
-1.2300000e+034
-1.2300000e+034
-1.2300000e+034
-1.2300000e+034
-1.2300000e+034
-1.2300000e+034
-1.2300000e+034
-1.2300000e+034
-1.2300000e+034
-1.2300000e+034
-1.2300000e+034
-1.2300000e+034
-1.2300000e+034
-1.2300000e+034
-1.2300000e+034
-1.2300000e+034
-1.2300000e+034
-1.2300000e+034
-1.2300000e+034
-1.2300000e+034
-1.2300000e+034
-1.2300000e+034
-1.2300000e+034
-1.2300000e+034
-1.2300000e+034
-1.2300000e+034
-1.2300000e+034
-1.2300000e+034
-1.2300000e+034
-1.2300000e+034
-1.2300000e+034
-1.2300000e+034
-1.2300000e+034
-1.2300000e+034
-1.2300000e+034
-1.2300000e+034
-1.2300000e+034
-1.2300000e+034
-1.2300000e+034
-1.2300000e+034
-1.2300000e+034
-1.2300000e+034
-1.2300000e+034
-1.2300000e+034
-1.2300000e+034
-1.2300000e+034
-1.2300000e+034
-1.2300000e+034
-1.2300000e+034
-1.2300000e+034
-1.2300000e+034
-1.2300000e+034
-1.2300000e+034
-1.2300000e+034
-1.2300000e+034
-1.2300000e+034
-1.2300000e+034
-1.2300000e+034
-1.2300000e+034
-1.2300000e+034
-1.2300000e+034
-1.2300000e+034
-1.2300000e+034
-1.2300000e+034
-1.2300000e+034
-1.2300000e+034
-1.2300000e+034
-1.2300000e+034
-1.2300000e+034
-1.2300000e+034
-1.2300000e+034
-1.2300000e+034
-1.2300000e+034
-1.2300000e+034
-1.2300000e+034
-1.2300000e+034
-1.2300000e+034
-1.2300000e+034
-1.2300000e+034
-1.2300000e+034
-1.2300000e+034
-1.2300000e+034
-1.2300000e+034
-1.2300000e+034
-1.2300000e+034
-1.2300000e+034
-1.2300000e+034
-1.2300000e+034
-1.2300000e+034
-1.2300000e+034
-1.2300000e+034
-1.2300000e+034
-1.2300000e+034
-1.2300000e+034
-1.2300000e+034
-1.2300000e+034
-1.2300000e+034
-1.2300000e+034
-1.2300000e+034
-1.2300000e+034
-1.2300000e+034
-1.2300000e+034
-1.2300000e+034
-1.2300000e+034
-1.2300000e+034
-1.2300000e+034
-1.2300000e+034
-1.2300000e+034
-1.2300000e+034
-1.2300000e+034
-1.2300000e+034
-1.2300000e+034
-1.2300000e+034
-1.2300000e+034
-1.2300000e+034
-1.2300000e+034
-1.2300000e+034
-1.2300000e+034
-1.2300000e+034
-1.2300000e+034
-1.2300000e+034
-1.2300000e+034
-1.2300000e+034
-1.2300000e+034
-1.2300000e+034
-1.2300000e+034
-1.2300000e+034
-1.2300000e+034
-1.2300000e+034
-1.2300000e+034
-1.2300000e+034
-1.2300000e+034
-1.2300000e+034
-1.2300000e+034
-1.2300000e+034
-1.2300000e+034
-1.2300000e+034
-1.2300000e+034
-1.2300000e+034
-1.2300000e+034
-1.2300000e+034
-1.2300000e+034
 4.8976722e-001
 4.9072817e-001
 4.9371487e-001
 4.9649855e-001
 4.9797362e-001
 4.9769962e-001
 4.9535245e-001
 4.9171579e-001
 4.8822686e-001
 4.8622939e-001
 4.8600185e-001
 4.8719424e-001
 4.8942187e-001
 4.9203733e-001
 4.9423540e-001
 4.9527833e-001
 4.9515027e-001
 4.9425846e-001
 4.9303249e-001
 4.9206087e-001
 4.9202895e-001
 4.9350670e-001
 4.9587786e-001
 4.9782771e-001
 4.9816769e-001
 4.9712646e-001
 4.9576676e-001
 4.9511144e-001
 4.9565661e-001
 4.9758857e-001
 5.0097209e-001
 5.0468671e-001
 5.0690758e-001
 5.0608253e-001
 5.0356448e-001
 5.0241995e-001
 5.0531840e-001
 5.1060778e-001
 5.1408559e-001
 5.1206344e-001
 5.0651991e-001
 5.0278193e-001
 5.0558317e-001
 5.1311350e-001
 5.1969606e-001
 5.2020270e-001
 5.1564342e-001
 5.1064873e-001
 5.0949579e-001
 5.1230687e-001
 5.1675671e-001
 5.2061135e-001
 5.2295256e-001
 5.2363539e-001
 5.2258825e-001
 5.2038926e-001
 5.1800156e-001
 5.1632321e-001
 5.1553559e-001
 5.1539367e-001
 5.1563174e-001
 5.1578999e-001
 5.1529920e-001
 5.1372176e-001
 5.1202607e-001
 5.1200604e-001
 5.1522577e-001
 5.2074718e-001
 5.2615225e-001
 5.2920353e-001
 5.2968812e-001
 5.2859032e-001
 5.2687293e-001
 5.2513188e-001
 5.2374899e-001
 5.2308130e-001
 5.2328956e-001
 5.2441680e-001
 5.2645242e-001
 5.2886403e-001
 5.3080642e-001
 5.3153098e-001
 5.3130293e-001
 5.3098750e-001
 5.3139192e-001
 5.3264636e-001
 5.3448433e-001
 5.3658891e-001
 5.3820109e-001
 5.3830093e-001
 5.3607631e-001
 5.3291631e-001
 5.3150523e-001
 5.3418362e-001
 5.3955704e-001
 5.4402864e-001
 5.4436338e-001
 5.4134840e-001
 5.3814942e-001
 5.3766215e-001
 5.3972113e-001
 5.4234707e-001
 5.4367542e-001
 5.4322523e-001
 5.4133344e-001
 5.3840941e-001
 5.3549039e-001
 5.3398424e-001
 5.3511190e-001
 5.3810209e-001
 5.4100907e-001
 5.4205459e-001
 5.4137653e-001
 5.4024136e-001
 5.3985524e-001
 5.4064989e-001
 5.4260188e-001
 5.4560703e-001
 5.4877472e-001
 5.5075705e-001
 5.5036461e-001
 5.4813522e-001
 5.4562658e-001
 5.4429346e-001
 5.4438716e-001
 5.4544914e-001
 5.4700625e-001
 5.4853982e-001
 5.4950088e-001
 5.4941767e-001
 5.4860103e-001
 5.4782653e-001
 5.4778969e-001
 5.4832184e-001
 5.4874182e-001
 5.4844922e-001
 5.4771751e-001
 5.4733998e-001
 5.4802400e-001
 5.4952514e-001
 5.5103850e-001
 5.5180591e-001
 5.5163467e-001
 5.5066502e-001
 5.4905182e-001
 5.4703850e-001
 5.4491985e-001
 5.4301965e-001
 5.4194921e-001
 5.4248470e-001
 5.4523641e-001
 5.4905796e-001
 5.5176681e-001
 5.5144483e-001
 5.4903328e-001
 5.4716325e-001
 5.4819918e-001
 5.5155843e-001
 5.5491173e-001
 5.5609840e-001
 5.5488926e-001
 5.5219877e-001
 5.4899061e-001
 5.4659241e-001
 5.4654998e-001
 5.5013955e-001
 5.5585635e-001
 5.6055254e-001
 5.6137687e-001
 5.5878145e-001
 5.5516517e-001
 5.5275446e-001
 5.5171323e-001
 5.5098808e-001
 5.4965669e-001
 5.4828471e-001
 5.4831970e-001
 5.5098939e-001
 5.5514032e-001
 5.5821276e-001
 5.5792338e-001
 5.5500430e-001
 5.5196947e-001
 5.5111605e-001
 5.5226487e-001
 5.5377352e-001
 5.5409867e-001
 5.5288821e-001
 5.5049634e-001
 5.4731113e-001
 5.4397792e-001
 5.4129827e-001
 5.3998250e-001
 5.3980529e-001
 5.3999066e-001
 5.3982282e-001
 5.3929019e-001
 5.3879821e-001
 5.3868830e-001
 5.3859657e-001
 5.3774399e-001
 5.3545171e-001
 5.3216553e-001
 5.2899188e-001
 5.2697653e-001
 5.2643114e-001
 5.2723461e-001
 5.2917576e-001
 5.3114778e-001
 5.3151882e-001
 5.2888978e-001
 5.2435911e-001
 5.2049804e-001
 5.1961505e-001
 5.2112794e-001
 5.2274430e-001
 5.2236938e-001
 5.2016890e-001
 5.1764160e-001
 5.1616508e-001
 5.1569855e-001
 5.1536071e-001
 5.1432252e-001
 5.1240849e-001
 5.0982815e-001
 5.0682157e-001
 5.0388753e-001
 5.0167817e-001
 5.0076127e-001
 5.0087816e-001
 5.0131720e-001
 5.0144553e-001
 5.0135869e-001
 5.0152421e-001
 5.0227362e-001
 5.0286108e-001
 5.0202924e-001
 4.9885356e-001
 4.9487475e-001
 4.9271771e-001
 4.9444434e-001
 4.9834087e-001
 5.0114971e-001
 5.0018716e-001
 4.9631047e-001
 4.9171686e-001
 4.8834178e-001
 4.8663217e-001
 4.8651287e-001
 4.8785600e-001
 4.9027407e-001
 4.9329042e-001
 4.9638522e-001
 4.9881852e-001
 4.9978048e-001
 4.9875665e-001
 4.9653333e-001
 4.9425673e-001
 4.9283326e-001
 4.9218586e-001
 4.9198550e-001
 4.9199870e-001
 4.9235737e-001
 4.9328175e-001
 4.9477074e-001
 4.9606150e-001
 4.9622372e-001
 4.9480057e-001
 4.9286529e-001
 4.9179822e-001
 4.9236190e-001
 4.9346808e-001
 4.9368659e-001
 4.9224079e-001
 4.9017027e-001
 4.8882267e-001
 4.8881754e-001
 4.8891214e-001
 4.8756918e-001
 4.8399496e-001
 4.7915202e-001
 4.7426343e-001
 4.7030404e-001
 4.6771413e-001
 4.6686041e-001
 4.6763974e-001
 4.6899617e-001
 4.6975890e-001
 4.6938178e-001
 4.6850330e-001
 4.6788803e-001
 4.6777418e-001
 4.6746451e-001
 4.6617931e-001
 4.6405885e-001
 4.6276012e-001
 4.6405303e-001
 4.6808797e-001
 4.7251809e-001
 4.7482201e-001
 4.7414696e-001
 4.7202986e-001
 4.7016871e-001
 4.6929723e-001
 4.6886292e-001
 4.6824026e-001
 4.6734679e-001
 4.6678108e-001
 4.6716988e-001
 4.6872687e-001
 4.7118881e-001
 4.7423631e-001
 4.7684735e-001
 4.7723272e-001
 4.7368720e-001
 4.6734360e-001
 4.6220416e-001
 4.6218321e-001
 4.6670821e-001
 4.7097585e-001
 4.7028926e-001
 4.6499366e-001
 4.5986924e-001
 4.5956960e-001
 4.6417567e-001
 4.7001189e-001
 4.7349313e-001
 4.7403607e-001
 4.7335351e-001
 4.7309321e-001
 4.7323307e-001
 4.7255990e-001
 4.6998695e-001
 4.6627551e-001
 4.6341982e-001
 4.6322143e-001
 4.6513107e-001
 4.6714190e-001
 4.6740389e-001
 4.6586180e-001
 4.6349710e-001
 4.6122944e-001
 4.5928821e-001
 4.5753357e-001
 4.5585912e-001
 4.5446002e-001
 4.5368281e-001
 4.5380583e-001
 4.5457584e-001
 4.5549217e-001
 4.5605564e-001
 4.5578894e-001
 4.5422328e-001
 4.5104936e-001
 4.4700301e-001
 4.4323471e-001
 4.4074059e-001
 4.3959856e-001
 4.3954581e-001
 4.4023252e-001
 4.4083741e-001
 4.4037837e-001
 4.3823770e-001
 4.3564889e-001
 4.3443429e-001
 4.3593925e-001
 4.3927276e-001
 4.4289052e-001
 4.4530845e-001
 4.4532320e-001
 4.4180360e-001
 4.3445358e-001
 4.2630196e-001
 4.2120937e-001
 4.2179084e-001
 4.2565745e-001
 4.2917344e-001
 4.2964819e-001
 4.2816964e-001
 4.2677206e-001
 4.2696226e-001
 4.2813817e-001
 4.2916989e-001
 4.2928669e-001
 4.2915216e-001
 4.2978898e-001
 4.3178067e-001
 4.3395597e-001
 4.3470261e-001
 4.3306482e-001
 4.3070373e-001
 4.2993629e-001
 4.3231070e-001
 4.3630853e-001
 4.3964145e-001
 4.4063467e-001
 4.4005954e-001
 4.3929625e-001
 4.3934482e-001
 4.3967271e-001
 4.3936393e-001
 4.3784472e-001
 4.3589973e-001
 4.3465528e-001
 4.3493444e-001
 4.3634593e-001
 4.3819699e-001
 4.3985054e-001
 4.4089705e-001
 4.4098294e-001
 4.3987212e-001
 4.3779007e-001
 4.3507960e-001
 4.3218222e-001
 4.2994544e-001
 4.2931545e-001
 4.3076065e-001
 4.3283844e-001
 4.3362510e-001
 4.3186113e-001
 4.2893404e-001
 4.2689523e-001
 4.2723611e-001
 4.2921606e-001
 4.3153602e-001
 4.3320331e-001
 4.3445089e-001
 4.3581909e-001
 4.3766525e-001
 4.3962175e-001
 4.4113985e-001
 4.4175836e-001
 4.4137505e-001
 4.3997565e-001
 4.3776876e-001
 4.3584698e-001
 4.3552539e-001
 4.3757352e-001
 4.4057932e-001
 4.4258386e-001
 4.4221380e-001
 4.4043234e-001
 4.3878531e-001
 4.3836668e-001
 4.3846303e-001
 4.3791053e-001
 4.3593842e-001
 4.3334958e-001
 4.3134275e-001
 4.3075946e-001
 4.3102404e-001
 4.3120655e-001
 4.3036109e-001
 4.2748091e-001
 4.2154631e-001
 4.1229898e-001
 4.0253922e-001
 3.9582726e-001
 3.9485952e-001
 3.9884517e-001
 4.0612811e-001
 4.1486639e-001
 4.2250136e-001
 4.2629290e-001
 4.2460361e-001
 4.2021826e-001
 4.1702467e-001
 4.1759515e-001
 4.1924009e-001
 4.1795495e-001
 4.1137230e-001
 4.0368357e-001
 4.0071535e-001
 4.0624914e-001
 4.1588029e-001
 4.2316604e-001
 4.2335123e-001
 4.1843808e-001
 4.1212124e-001
 4.0749171e-001
 4.0523884e-001
 4.0545362e-001
 4.0777898e-001
 4.1007516e-001
 4.0975463e-001
 4.0539691e-001
 4.0023452e-001
 3.9866337e-001
 4.0325993e-001
 4.0932256e-001
 4.1033038e-001
 4.0204218e-001
 3.8932824e-001
 3.7933177e-001
 3.7718594e-001
 3.7994599e-001
 3.8265440e-001
 3.8175964e-001
 3.7933475e-001
 3.7885764e-001
 3.8270241e-001
 3.8882333e-001
 3.9407137e-001
 3.9623696e-001
 3.9686289e-001
 3.9843193e-001
 4.0242565e-001
 4.0632683e-001
 4.0661666e-001
 4.0129152e-001
 3.9439535e-001
 3.9149019e-001
 3.9658526e-001
-1.2300000e+034
-1.2300000e+034
-1.2300000e+034
-1.2300000e+034
-1.2300000e+034
-1.2300000e+034
-1.2300000e+034
-1.2300000e+034
-1.2300000e+034
-1.2300000e+034
-1.2300000e+034
-1.2300000e+034
-1.2300000e+034
-1.2300000e+034
-1.2300000e+034
-1.2300000e+034
-1.2300000e+034
-1.2300000e+034
-1.2300000e+034
-1.2300000e+034
-1.2300000e+034
-1.2300000e+034
-1.2300000e+034
-1.2300000e+034
-1.2300000e+034
-1.2300000e+034
