 splib07a Record=13086: Phlogopite_Sand_Mix BR93-20   BECKa AREF
-1.2300000e+034
-1.2300000e+034
-1.2300000e+034
-1.2300000e+034
-1.2300000e+034
-1.2300000e+034
-1.2300000e+034
-1.2300000e+034
-1.2300000e+034
-1.2300000e+034
-1.2300000e+034
-1.2300000e+034
-1.2300000e+034
-1.2300000e+034
-1.2300000e+034
-1.2300000e+034
-1.2300000e+034
-1.2300000e+034
 2.7814886e-002
 2.7928000e-002
 2.9668698e-002
 2.9664647e-002
 3.0759564e-002
 3.1181047e-002
 3.2293417e-002
 3.3212237e-002
 3.3753499e-002
 3.4514606e-002
 3.5060897e-002
 3.5713565e-002
 3.6364287e-002
 3.7003364e-002
 3.7266064e-002
 3.8025565e-002
 3.8339041e-002
 3.8742136e-002
 3.9214361e-002
 3.9983537e-002
 4.0629268e-002
 4.1695759e-002
 4.2276274e-002
 4.3194540e-002
 4.3551821e-002
 4.4366483e-002
 4.4719111e-002
 4.5546226e-002
 4.5839719e-002
 4.6724331e-002
 4.7113381e-002
 4.7659401e-002
 4.7831036e-002
 4.8676420e-002
 4.8917700e-002
 4.9464598e-002
 4.9950160e-002
 5.0621513e-002
 5.1084779e-002
 5.1549431e-002
 5.2346352e-002
 5.3213999e-002
 5.4032266e-002
 5.5144113e-002
 5.6352258e-002
 5.7878811e-002
 5.9242435e-002
 6.0954358e-002
 6.2229034e-002
 6.3895717e-002
 6.4812794e-002
 6.5958567e-002
 6.7528166e-002
 6.7256264e-002
 6.8093836e-002
 6.8717256e-002
 6.9385618e-002
 6.9962971e-002
 7.0272975e-002
 7.0641264e-002
 7.0793048e-002
 7.1409434e-002
 7.1699060e-002
 7.2639875e-002
 7.2729960e-002
 7.3081583e-002
 7.3702127e-002
 7.3973060e-002
 7.4898802e-002
 7.5359061e-002
 7.5832106e-002
 7.7036500e-002
 7.7529058e-002
 7.8221634e-002
 7.9666108e-002
 8.0422923e-002
 8.1947543e-002
 8.3004117e-002
 8.3426289e-002
 8.4563062e-002
 8.7197013e-002
 8.7130010e-002
 8.8259012e-002
 8.9875102e-002
 9.0721637e-002
 9.2044465e-002
 9.3780458e-002
 9.4760992e-002
 9.6367538e-002
 9.7079694e-002
 9.8157190e-002
 9.9351868e-002
 1.0013030e-001
 1.0125156e-001
 1.0308179e-001
 1.0368405e-001
 1.0499638e-001
 1.0633845e-001
 1.0719227e-001
 1.0833418e-001
 1.0928273e-001
 1.1058338e-001
 1.1169340e-001
 1.1273027e-001
 1.1362742e-001
 1.1479490e-001
 1.1590952e-001
 1.1638574e-001
 1.1684312e-001
 1.1790211e-001
 1.1881889e-001
 1.1974890e-001
 1.2018390e-001
 1.2165482e-001
 1.2193973e-001
 1.2242124e-001
 1.2305284e-001
 1.2360220e-001
 1.2446406e-001
 1.2538065e-001
 1.2622456e-001
 1.2698616e-001
 1.2792696e-001
 1.2879671e-001
 1.2909113e-001
 1.2993117e-001
 1.3038610e-001
 1.3075791e-001
 1.3211484e-001
 1.3178128e-001
 1.3236471e-001
 1.3299236e-001
 1.3293986e-001
 1.3419007e-001
 1.3462646e-001
 1.3553333e-001
 1.3452524e-001
 1.3523291e-001
 1.3595422e-001
 1.3693920e-001
 1.3775453e-001
 1.3686922e-001
 1.3748899e-001
 1.3826494e-001
 1.3860543e-001
 1.3901550e-001
 1.3949235e-001
 1.4030410e-001
 1.4090519e-001
 1.4088492e-001
 1.4137539e-001
 1.4253661e-001
 1.4232098e-001
 1.4384648e-001
 1.4396757e-001
 1.4440022e-001
 1.4530700e-001
 1.4557239e-001
 1.4608839e-001
 1.4652044e-001
 1.4726578e-001
 1.4793438e-001
 1.4817666e-001
 1.4886025e-001
 1.4896815e-001
 1.4997314e-001
 1.5162908e-001
 1.5137567e-001
 1.5266092e-001
 1.5313919e-001
 1.5380058e-001
 1.5458763e-001
 1.5584227e-001
 1.5639570e-001
 1.5682642e-001
 1.5701297e-001
 1.5784702e-001
 1.5900479e-001
 1.5866984e-001
 1.5938982e-001
 1.5993141e-001
 1.6047302e-001
 1.6104497e-001
 1.6146649e-001
 1.6240995e-001
 1.6271318e-001
 1.6330008e-001
 1.6389142e-001
 1.6433188e-001
 1.6534148e-001
 1.6538379e-001
 1.6646157e-001
 1.6704281e-001
 1.6729069e-001
 1.6771539e-001
 1.6875975e-001
 1.6944651e-001
 1.6998491e-001
 1.7021199e-001
 1.7089002e-001
 1.7182051e-001
 1.7283744e-001
 1.7329961e-001
 1.7433666e-001
 1.7570812e-001
 1.7641737e-001
 1.7721343e-001
 1.7842224e-001
 1.7926934e-001
 1.8027048e-001
 1.8150352e-001
 1.8281759e-001
 1.8396054e-001
 1.8495636e-001
 1.8606575e-001
 1.8725607e-001
 1.8824242e-001
 1.8923829e-001
 1.8998633e-001
 1.9067475e-001
 1.9110020e-001
 1.9217369e-001
 1.9398339e-001
 1.9244491e-001
 1.9444276e-001
 1.9028892e-001
 1.9176850e-001
 1.9197534e-001
 1.9323121e-001
 1.9421375e-001
 1.9517677e-001
 1.9531862e-001
 1.9477376e-001
 1.9685231e-001
 1.9987668e-001
 1.9816685e-001
 1.9865191e-001
 2.0031053e-001
 2.0037314e-001
 2.0229085e-001
 2.0352143e-001
 2.0382953e-001
 2.0295468e-001
 2.0456590e-001
 2.0480818e-001
 2.0665419e-001
 2.0643501e-001
 2.0622677e-001
 2.0695592e-001
 2.0678216e-001
 2.0669818e-001
 2.0895477e-001
 2.0812482e-001
 2.0897341e-001
 2.0975417e-001
 2.0956160e-001
 2.0990175e-001
 2.1113661e-001
 2.1135628e-001
 2.1248841e-001
 2.1325503e-001
 2.1310259e-001
 2.1434717e-001
 2.1499352e-001
 2.1515353e-001
 2.1507698e-001
 2.1644926e-001
 2.1612588e-001
 2.1760224e-001
 2.1873192e-001
 2.1816748e-001
 2.1888545e-001
 2.1918035e-001
 2.2107762e-001
 2.2051820e-001
 2.2204125e-001
 2.2422068e-001
 2.2432084e-001
 2.2557785e-001
 2.2519401e-001
 2.2701678e-001
 2.2732413e-001
 2.2876431e-001
 2.3079905e-001
 2.3139006e-001
 2.3275848e-001
 2.3298948e-001
 2.3443708e-001
 2.3619825e-001
 2.3641019e-001
 2.3806545e-001
 2.3966174e-001
 2.4041298e-001
 2.4229340e-001
 2.4308413e-001
 2.4487330e-001
 2.4463277e-001
 2.4709021e-001
 2.4832176e-001
 2.4863243e-001
 2.5084737e-001
 2.5134885e-001
 2.5271407e-001
 2.5416145e-001
 2.5504321e-001
 2.5619939e-001
 2.5724915e-001
 2.5956947e-001
 2.6000619e-001
 2.6148447e-001
 2.6254800e-001
 2.6296574e-001
 2.6660934e-001
 2.6715341e-001
 2.6767761e-001
 2.6643863e-001
 2.6719722e-001
 2.6603165e-001
 2.6549706e-001
 2.6499727e-001
 2.6350066e-001
 2.6329523e-001
 2.6316324e-001
 2.6535615e-001
 2.6843739e-001
 2.6990858e-001
 2.7138281e-001
 2.7467009e-001
 2.7560622e-001
 2.7759191e-001
 2.7938506e-001
 2.8062707e-001
 2.8404823e-001
 2.8749630e-001
 2.8688100e-001
 2.8908560e-001
 2.9181275e-001
 2.9155958e-001
 2.9366252e-001
 2.9569319e-001
 2.9808795e-001
 2.9854959e-001
 3.0016461e-001
 3.0101582e-001
 3.0402300e-001
 3.0630407e-001
 3.0718774e-001
 3.0801833e-001
 3.0907896e-001
 3.1050026e-001
 3.1319386e-001
 3.1560954e-001
 3.1606454e-001
 3.1791669e-001
 3.1925336e-001
 3.2151818e-001
 3.2340202e-001
 3.2629314e-001
 3.2801464e-001
 3.2882172e-001
 3.3057433e-001
 3.3182803e-001
 3.3468345e-001
 3.3785656e-001
 3.3719057e-001
 3.3989036e-001
 3.4127170e-001
 3.4208387e-001
 3.4382820e-001
 3.4402946e-001
 3.4936875e-001
 3.4877050e-001
 3.4989107e-001
 3.4995836e-001
 3.5267940e-001
 3.5684457e-001
 3.5825139e-001
 3.5822672e-001
 3.6087206e-001
 3.6092344e-001
 3.6268276e-001
 3.6551133e-001
 3.6629274e-001
 3.6454797e-001
 3.6705592e-001
 3.6883950e-001
 3.7057349e-001
 3.7019178e-001
 3.7144095e-001
 3.6911532e-001
 3.6886784e-001
 3.5729972e-001
 3.3973387e-001
 3.1526604e-001
 3.0788618e-001
 3.1272495e-001
 3.1825846e-001
 3.2383618e-001
 3.2829553e-001
 3.3339295e-001
 3.4215993e-001
 3.4530944e-001
 3.4954995e-001
 3.5295489e-001
 3.5991180e-001
 3.6245689e-001
 3.6669949e-001
 3.6939859e-001
 3.7193409e-001
 3.7056842e-001
 3.7521029e-001
 3.7837756e-001
 3.7670338e-001
 3.7666476e-001
 3.7780908e-001
 3.7865692e-001
 3.7791425e-001
 3.7959868e-001
 3.7989369e-001
 3.7582120e-001
 3.7367368e-001
 3.7287223e-001
 3.6624140e-001
 3.5943443e-001
 3.5996714e-001
 3.5757545e-001
 3.5320574e-001
 3.4429032e-001
 3.3979362e-001
 3.3447674e-001
 3.2986319e-001
 3.1846589e-001
 3.0993479e-001
 3.0579469e-001
 2.9915479e-001
 2.9973063e-001
 3.0045977e-001
 2.9809996e-001
 2.9585758e-001
 3.0137447e-001
 3.0192816e-001
 2.9539561e-001
 2.9488921e-001
 2.9453054e-001
 2.9072776e-001
 2.8195199e-001
 2.7699789e-001
 2.7553183e-001
 2.7384931e-001
 2.6894715e-001
 2.6108411e-001
 2.4191985e-001
 1.5335432e-001
-1.2300000e+034
-1.2300000e+034
-1.2300000e+034
-1.2300000e+034
-1.2300000e+034
-1.2300000e+034
-1.2300000e+034
-1.2300000e+034
-1.2300000e+034
