 splib07a Record=13302: Stonewall_Playa CU93-52A a11  BECKa AREF
-1.2300000e+034
-1.2300000e+034
-1.2300000e+034
-1.2300000e+034
-1.2300000e+034
-1.2300000e+034
-1.2300000e+034
-1.2300000e+034
-1.2300000e+034
-1.2300000e+034
-1.2300000e+034
-1.2300000e+034
-1.2300000e+034
-1.2300000e+034
-1.2300000e+034
-1.2300000e+034
-1.2300000e+034
-1.2300000e+034
 6.4421110e-002
 6.9388755e-002
 7.4115686e-002
 7.9041004e-002
 8.3706938e-002
 8.8550352e-002
 9.2896789e-002
 9.6894667e-002
 1.0092299e-001
 1.0463731e-001
 1.0846440e-001
 1.1161685e-001
 1.1427369e-001
 1.1735962e-001
 1.2036488e-001
 1.2257939e-001
 1.2429080e-001
 1.2570514e-001
 1.2793344e-001
 1.3046318e-001
 1.3356298e-001
 1.3644177e-001
 1.3993257e-001
 1.4267296e-001
 1.4466453e-001
 1.4720236e-001
 1.4934093e-001
 1.5253009e-001
 1.5450086e-001
 1.5668334e-001
 1.5865278e-001
 1.6143726e-001
 1.6358159e-001
 1.6544972e-001
 1.6746140e-001
 1.6938613e-001
 1.7135487e-001
 1.7383386e-001
 1.7598732e-001
 1.7838003e-001
 1.8159713e-001
 1.8475460e-001
 1.8789425e-001
 1.9141421e-001
 1.9541159e-001
 2.0010282e-001
 2.0420605e-001
 2.0920654e-001
 2.1295562e-001
 2.1691743e-001
 2.2094408e-001
 2.2500858e-001
 2.2697090e-001
 2.2880425e-001
 2.3078132e-001
 2.3249508e-001
 2.3414873e-001
 2.3599152e-001
 2.3751387e-001
 2.3937009e-001
 2.4015012e-001
 2.4065079e-001
 2.4221087e-001
 2.4414645e-001
 2.4571557e-001
 2.4757333e-001
 2.4837874e-001
 2.5055397e-001
 2.5206152e-001
 2.5313744e-001
 2.5565580e-001
 2.5859419e-001
 2.6035416e-001
 2.6275304e-001
 2.6497036e-001
 2.6816469e-001
 2.7072090e-001
 2.7286121e-001
 2.7535096e-001
 2.7728727e-001
 2.8017226e-001
 2.8326866e-001
 2.8646052e-001
 2.8864545e-001
 2.9142731e-001
 2.9431063e-001
 2.9681364e-001
 3.0021697e-001
 3.0360004e-001
 3.0586496e-001
 3.0905545e-001
 3.1234077e-001
 3.1584170e-001
 3.1916878e-001
 3.2231909e-001
 3.2600996e-001
 3.2992589e-001
 3.3330962e-001
 3.3723113e-001
 3.4098890e-001
 3.4482101e-001
 3.4823394e-001
 3.5267341e-001
 3.5615337e-001
 3.5936758e-001
 3.6415863e-001
 3.6746967e-001
 3.7199748e-001
 3.7602806e-001
 3.8072264e-001
 3.8334474e-001
 3.8712808e-001
 3.9017716e-001
 3.9402959e-001
 3.9759538e-001
 4.0100148e-001
 4.0374395e-001
 4.0676853e-001
 4.0983737e-001
 4.1224334e-001
 4.1531304e-001
 4.1774008e-001
 4.1961864e-001
 4.2225206e-001
 4.2375365e-001
 4.2600128e-001
 4.2818156e-001
 4.2946902e-001
 4.3016538e-001
 4.3197301e-001
 4.3203047e-001
 4.3376911e-001
 4.3484774e-001
 4.3583050e-001
 4.3805984e-001
 4.3765017e-001
 4.3859327e-001
 4.3979695e-001
 4.4127491e-001
 4.4185734e-001
 4.4197348e-001
 4.4316867e-001
 4.4359186e-001
 4.4439471e-001
 4.4705629e-001
 4.4554862e-001
 4.4656003e-001
 4.4790459e-001
 4.4951761e-001
 4.4987905e-001
 4.5081222e-001
 4.5079982e-001
 4.5214245e-001
 4.5342371e-001
 4.5412090e-001
 4.5517808e-001
 4.5618394e-001
 4.5749226e-001
 4.5779994e-001
 4.5850876e-001
 4.5952645e-001
 4.6068040e-001
 4.6182677e-001
 4.6239215e-001
 4.6427423e-001
 4.6565673e-001
 4.6703503e-001
 4.6860763e-001
 4.7036275e-001
 4.7217619e-001
 4.7357100e-001
 4.7490376e-001
 4.7714645e-001
 4.7795293e-001
 4.7921878e-001
 4.8011920e-001
 4.8107517e-001
 4.8181912e-001
 4.8244256e-001
 4.8414990e-001
 4.8499289e-001
 4.8543060e-001
 4.8610383e-001
 4.8733541e-001
 4.8781434e-001
 4.8903582e-001
 4.8991016e-001
 4.9045137e-001
 4.9083769e-001
 4.9184015e-001
 4.9302426e-001
 4.9321792e-001
 4.9462482e-001
 4.9456695e-001
 4.9595290e-001
 4.9589625e-001
 4.9719962e-001
 4.9713728e-001
 4.9710596e-001
 4.9840957e-001
 4.9884561e-001
 4.9971265e-001
 5.0066829e-001
 5.0142503e-001
 5.0202411e-001
 5.0270528e-001
 5.0305313e-001
 5.0306231e-001
 5.0396049e-001
 5.0419945e-001
 5.0483066e-001
 5.0494599e-001
 5.0492108e-001
 5.0548202e-001
 5.0526708e-001
 5.0549966e-001
 5.0493503e-001
 5.0473952e-001
 5.0432092e-001
 5.0415975e-001
 5.0470072e-001
 5.0421405e-001
 5.0387001e-001
 5.0333899e-001
 5.0196069e-001
 5.0306392e-001
 5.0294757e-001
 5.0239801e-001
 4.9994248e-001
 5.0112134e-001
 5.0385517e-001
 5.0441545e-001
 5.0349754e-001
 5.0521964e-001
 5.0777417e-001
 5.0911003e-001
 5.0972414e-001
 5.1060337e-001
 5.1095039e-001
 5.1168621e-001
 5.1267886e-001
 5.1321495e-001
 5.1206249e-001
 5.1219612e-001
 5.1651645e-001
 5.1599735e-001
 5.1657689e-001
 5.1733673e-001
 5.1736712e-001
 5.1830596e-001
 5.1892620e-001
 5.1902491e-001
 5.1994461e-001
 5.1983279e-001
 5.2065349e-001
 5.2099127e-001
 5.2132899e-001
 5.2156770e-001
 5.2256119e-001
 5.2219850e-001
 5.2274680e-001
 5.2273965e-001
 5.2333575e-001
 5.2431875e-001
 5.2456284e-001
 5.2499777e-001
 5.2547365e-001
 5.2568626e-001
 5.2545184e-001
 5.2599072e-001
 5.2588564e-001
 5.2563488e-001
 5.2531040e-001
 5.2523714e-001
 5.2574223e-001
 5.2600741e-001
 5.2774352e-001
 5.2952856e-001
 5.2880901e-001
 5.2861208e-001
 5.2825564e-001
 5.2866864e-001
 5.2938777e-001
 5.2922714e-001
 5.2954000e-001
 5.3044033e-001
 5.2987623e-001
 5.3013778e-001
 5.3070629e-001
 5.3135258e-001
 5.3158754e-001
 5.3150058e-001
 5.3194129e-001
 5.3226286e-001
 5.3216910e-001
 5.3270346e-001
 5.3271717e-001
 5.3292716e-001
 5.3261894e-001
 5.3262240e-001
 5.3208798e-001
 5.3231692e-001
 5.3258783e-001
 5.3216577e-001
 5.3143662e-001
 5.3106129e-001
 5.3071356e-001
 5.3053927e-001
 5.2955449e-001
 5.2924687e-001
 5.2864748e-001
 5.2888292e-001
 5.2991110e-001
 5.2943856e-001
 5.2767885e-001
 5.2552325e-001
 5.2360636e-001
 5.1848996e-001
 5.1193964e-001
 5.0705206e-001
 4.9932554e-001
 4.9277583e-001
 4.8693305e-001
 4.8686889e-001
 4.9179304e-001
 4.9438298e-001
 4.9750262e-001
 4.9923995e-001
 5.0071907e-001
 5.0181955e-001
 5.0384355e-001
 5.0426817e-001
 5.0638813e-001
 5.0775868e-001
 5.0794989e-001
 5.0955170e-001
 5.1108027e-001
 5.1260227e-001
 5.1379728e-001
 5.1567817e-001
 5.1613206e-001
 5.1780206e-001
 5.1841307e-001
 5.2025491e-001
 5.2165419e-001
 5.2211642e-001
 5.2160025e-001
 5.2254969e-001
 5.2382255e-001
 5.2542818e-001
 5.2629167e-001
 5.2784914e-001
 5.2603215e-001
 5.2570564e-001
 5.2650672e-001
 5.2759796e-001
 5.2790362e-001
 5.2827168e-001
 5.2873605e-001
 5.2944571e-001
 5.2947897e-001
 5.2955234e-001
 5.2939743e-001
 5.3057873e-001
 5.3089565e-001
 5.3115940e-001
 5.2977699e-001
 5.2958131e-001
 5.2815574e-001
 5.3209329e-001
 5.3242517e-001
 5.3232080e-001
 5.2850050e-001
 5.2755356e-001
 5.2674896e-001
 5.2721077e-001
 5.2738470e-001
 5.2817357e-001
 5.2515107e-001
 5.2457994e-001
 5.2575302e-001
 5.2735227e-001
 5.2578568e-001
 5.2382672e-001
 5.2250439e-001
 5.2283227e-001
 5.2381629e-001
 5.2399063e-001
 5.2251107e-001
 5.1735902e-001
 5.0762922e-001
 4.8589745e-001
 4.4877946e-001
 4.0667781e-001
 3.9299995e-001
 3.9616901e-001
 3.9650437e-001
 4.0167075e-001
 4.1188952e-001
 4.2547971e-001
 4.3362764e-001
 4.4345686e-001
 4.5305040e-001
 4.6471712e-001
 4.7349036e-001
 4.7881964e-001
 4.8130149e-001
 4.8405474e-001
 4.8549625e-001
 4.8746559e-001
 4.8923093e-001
 4.8727188e-001
 4.8730123e-001
 4.8752376e-001
 4.8848307e-001
 4.8746923e-001
 4.8895580e-001
 4.8662251e-001
 4.8186159e-001
 4.7663507e-001
 4.7078133e-001
 4.6581510e-001
 4.5562771e-001
 4.4536248e-001
 4.4392854e-001
 4.5017007e-001
 4.5390150e-001
 4.5385543e-001
 4.5495358e-001
 4.5653313e-001
 4.5781586e-001
 4.5733750e-001
 4.5130128e-001
 4.4918576e-001
 4.4688532e-001
 4.4590509e-001
 4.4025955e-001
 4.2987841e-001
 4.2753965e-001
 4.2593080e-001
 4.2187908e-001
 4.1279748e-001
 4.0338042e-001
 3.8778016e-001
 3.7209061e-001
 3.5559389e-001
 3.4240577e-001
 3.3517465e-001
 3.3402142e-001
 3.2890674e-001
 3.1358817e-001
 2.8781661e-001
 1.9612999e-001
-1.2300000e+034
-1.2300000e+034
-1.2300000e+034
-1.2300000e+034
-1.2300000e+034
-1.2300000e+034
-1.2300000e+034
-1.2300000e+034
-1.2300000e+034
