splib07b Record=3522:  error bars to preceding                
 3.0797896e-001
 3.0797896e-001
 2.9269937e-001
 2.7747381e-001
 2.6233345e-001
 2.4731150e-001
 2.3243901e-001
 2.1774718e-001
 2.0326912e-001
 1.8903537e-001
 1.7507899e-001
 1.6143116e-001
 1.4812307e-001
 1.3518775e-001
 1.2265643e-001
 1.1056033e-001
 9.8932371e-002
 8.7803788e-002
 7.7205963e-002
 6.7171641e-002
 5.7732128e-002
 4.8918866e-002
 4.0764444e-002
 3.3300273e-002
 2.6557876e-002
 2.0565722e-002
 1.5309798e-002
 1.0751222e-002
 6.8513723e-003
 3.5708677e-003
 8.7095983e-004
-1.2875330e-003
-2.9437020e-003
-4.1364431e-003
-4.9048644e-003
-5.2880030e-003
-5.3248648e-003
-5.0544990e-003
-4.5159077e-003
-3.7481738e-003
-2.7903058e-003
-1.6812859e-003
-4.6024285e-004
 8.3389785e-004
 2.1619871e-003
 3.4850501e-003
 4.7641140e-003
 5.9600305e-003
 7.0338296e-003
 7.9491483e-003
 8.6979857e-003
 9.2898980e-003
 9.7346660e-003
 1.0042010e-002
 1.0221716e-002
 1.0283545e-002
 1.0237254e-002
 1.0092612e-002
 9.8593654e-003
 9.5472988e-003
 9.1661662e-003
 8.7257084e-003
 8.2357246e-003
 7.7059595e-003
 7.1461508e-003
 6.5661087e-003
 5.9755724e-003
 5.3842752e-003
 4.8020328e-003
 4.2385571e-003
 3.7036596e-003
 3.2070766e-003
 2.7585516e-003
 2.3671773e-003
 2.0341428e-003
 1.7557568e-003
 1.5282894e-003
 1.3479735e-003
 1.2110501e-003
 1.1137772e-003
 1.0523918e-003
 1.0231461e-003
 1.0222819e-003
 1.0460474e-003
 1.0906863e-003
 1.1524452e-003
 1.2275740e-003
 1.3123122e-003
 1.4029085e-003
 1.4956137e-003
 1.5866651e-003
 1.6723133e-003
 1.7488075e-003
 1.8123868e-003
 1.8595640e-003
 1.8898261e-003
 1.9045407e-003
 1.9051102e-003
 1.8929335e-003
 1.8694123e-003
 1.8359463e-003
 1.7939343e-003
 1.7447796e-003
 1.6898813e-003
 1.6306364e-003
 1.5684507e-003
 1.5047221e-003
 1.4408475e-003
 1.3782333e-003
 1.3182742e-003
 1.2623757e-003
 1.2119334e-003
 1.1682570e-003
 1.1315576e-003
 1.1013462e-003
 1.0771266e-003
 1.0583979e-003
 1.0446606e-003
 1.0354167e-003
 1.0301665e-003
 1.0284106e-003
 1.0296504e-003
 1.0333862e-003
 1.0391194e-003
 1.0463502e-003
 1.0545799e-003
 1.0633095e-003
 1.0720392e-003
 1.0802703e-003
 1.0875039e-003
 1.0932710e-003
 1.0974640e-003
 1.1002102e-003
 1.1016403e-003
 1.1018851e-003
 1.1010756e-003
 1.0993426e-003
 1.0968172e-003
 1.0936301e-003
 1.0899123e-003
 1.0857950e-003
 1.0814085e-003
 1.0768838e-003
 1.0723526e-003
 1.0679448e-003
 1.0637918e-003
 1.0600246e-003
 1.0567307e-003
 1.0538911e-003
 1.0514705e-003
 1.0494328e-003
 1.0477426e-003
 1.0463641e-003
 1.0452616e-003
 1.0443998e-003
 1.0437429e-003
 1.0432549e-003
 1.0429005e-003
 1.0426439e-003
 1.0424495e-003
 1.0422817e-003
 1.0421048e-003
 1.0418963e-003
 1.0416667e-003
 1.0414316e-003
 1.0412069e-003
 1.0410080e-003
 1.0408509e-003
 1.0407512e-003
 1.0407246e-003
 1.0407867e-003
 1.0409534e-003
 1.0412404e-003
 1.0416631e-003
 1.0422373e-003
 1.0429790e-003
 1.0439035e-003
 1.0450167e-003
 1.0462983e-003
 1.0477242e-003
 1.0492697e-003
 1.0509113e-003
 1.0526242e-003
 1.0543843e-003
 1.0561676e-003
 1.0579496e-003
 1.0597061e-003
 1.0614131e-003
 1.0630460e-003
 1.0645809e-003
 1.0659932e-003
 1.0672590e-003
 1.0683682e-003
 1.0693475e-003
 1.0702297e-003
 1.0710475e-003
 1.0718333e-003
 1.0726200e-003
 1.0734404e-003
 1.0743270e-003
 1.0753124e-003
 1.0764294e-003
 1.0777105e-003
 1.0791887e-003
 1.0808964e-003
 1.0828630e-003
 1.0850735e-003
 1.0874823e-003
 1.0900433e-003
 1.0927112e-003
 1.0954394e-003
 1.0981824e-003
 1.1008938e-003
 1.1035282e-003
 1.1060388e-003
 1.1083804e-003
 1.1105066e-003
 1.1123761e-003
 1.1140066e-003
 1.1154563e-003
 1.1167845e-003
 1.1180505e-003
 1.1193135e-003
 1.1206325e-003
 1.1220671e-003
 1.1236763e-003
 1.1255194e-003
 1.1276553e-003
 1.1301438e-003
 1.1330387e-003
 1.1363301e-003
 1.1399634e-003
 1.1438823e-003
 1.1480309e-003
 1.1523534e-003
 1.1567936e-003
 1.1612963e-003
 1.1658053e-003
 1.1702644e-003
 1.1746176e-003
 1.1788094e-003
 1.1827869e-003
 1.1865423e-003
 1.1900981e-003
 1.1934778e-003
 1.1967046e-003
 1.1998027e-003
 1.2027950e-003
 1.2057053e-003
 1.2085574e-003
 1.2113742e-003
 1.2141793e-003
 1.2169967e-003
 1.2198491e-003
 1.2227534e-003
 1.2257232e-003
 1.2287707e-003
 1.2319089e-003
 1.2351507e-003
 1.2385091e-003
 1.2419961e-003
 1.2456255e-003
 1.2494096e-003
 1.2533613e-003
 1.2574933e-003
 1.2618167e-003
 1.2663188e-003
 1.2709706e-003
 1.2757415e-003
 1.2806017e-003
 1.2855207e-003
 1.2904692e-003
 1.2954167e-003
 1.3003339e-003
 1.3051901e-003
 1.3099558e-003
 1.3146001e-003
 1.3190962e-003
 1.3234406e-003
 1.3276505e-003
 1.3317425e-003
 1.3357331e-003
 1.3396388e-003
 1.3434775e-003
 1.3472647e-003
 1.3510184e-003
 1.3547549e-003
 1.3584908e-003
 1.3622426e-003
 1.3660258e-003
 1.3698251e-003
 1.3736031e-003
 1.3773242e-003
 1.3809504e-003
 1.3844443e-003
 1.3877695e-003
 1.3908887e-003
 1.3937642e-003
 1.3963598e-003
 1.3986378e-003
 1.4005612e-003
 1.4020975e-003
 1.4032776e-003
 1.4041790e-003
 1.4048811e-003
 1.4054624e-003
 1.4060019e-003
 1.4065783e-003
 1.4072707e-003
 1.4081579e-003
 1.4093188e-003
 1.4108322e-003
 1.4127769e-003
 1.4152259e-003
 1.4181685e-003
 1.4215307e-003
 1.4252384e-003
 1.4292158e-003
 1.4333883e-003
 1.4376804e-003
 1.4420177e-003
 1.4463247e-003
 1.4505272e-003
 1.4545495e-003
 1.4583168e-003
 1.4617579e-003
 1.4648570e-003
 1.4676395e-003
 1.4701318e-003
 1.4723609e-003
 1.4743533e-003
 1.4761351e-003
 1.4777334e-003
 1.4791746e-003
 1.4804852e-003
 1.4816917e-003
 1.4828208e-003
 1.4838974e-003
 1.4849209e-003
 1.4858716e-003
 1.4867296e-003
 1.4874748e-003
 1.4880869e-003
 1.4885460e-003
 1.4888318e-003
 1.4889245e-003
 1.4888037e-003
 1.4884494e-003
 1.4878416e-003
 1.4869637e-003
 1.4858523e-003
 1.4845837e-003
 1.4832364e-003
 1.4818882e-003
 1.4806169e-003
 1.4795004e-003
 1.4786171e-003
 1.4780444e-003
 1.4778606e-003
 1.4781434e-003
 1.4789707e-003
 1.4804151e-003
 1.4824622e-003
 1.4850321e-003
 1.4880433e-003
 1.4914133e-003
 1.4950607e-003
 1.4989036e-003
 1.5028594e-003
 1.5068473e-003
 1.5107847e-003
 1.5145896e-003
 1.5181807e-003
 1.5214793e-003
 1.5244588e-003
 1.5271322e-003
 1.5295153e-003
 1.5316223e-003
 1.5334684e-003
 1.5350678e-003
 1.5364359e-003
 1.5375871e-003
 1.5385363e-003
 1.5392982e-003
 1.5398879e-003
 1.5403202e-003
 1.5406193e-003
 1.5408153e-003
 1.5409391e-003
 1.5410209e-003
 1.5410916e-003
 1.5411815e-003
 1.5413213e-003
 1.5415418e-003
 1.5418729e-003
 1.5423457e-003
 1.5429909e-003
 1.5438361e-003
 1.5448689e-003
 1.5460450e-003
 1.5473189e-003
 1.5486454e-003
 1.5499793e-003
 1.5512750e-003
 1.5524874e-003
 1.5535709e-003
 1.5544802e-003
 1.5551700e-003
 1.5555951e-003
 1.5557141e-003
 1.5555492e-003
 1.5551735e-003
 1.5546618e-003
 1.5540883e-003
 1.5535278e-003
 1.5530544e-003
 1.5527433e-003
 1.5526685e-003
 1.5529046e-003
 1.5535264e-003
 1.5546082e-003
 1.5562178e-003
 1.5583111e-003
 1.5607545e-003
 1.5634113e-003
 1.5661456e-003
 1.5688203e-003
 1.5713000e-003
 1.5734476e-003
 1.5751269e-003
 1.5762015e-003
 1.5765351e-003
 1.5759913e-003
 1.5744431e-003
 1.5719150e-003
 1.5685551e-003
 1.5645155e-003
 1.5599482e-003
 1.5550046e-003
 1.5498361e-003
 1.5445950e-003
 1.5394329e-003
 1.5345014e-003
 1.5299531e-003
 1.5259390e-003
 1.5226046e-003
 1.5199912e-003
 1.5180556e-003
 1.5167508e-003
 1.5160305e-003
 1.5158481e-003
 1.5161572e-003
 1.5169117e-003
 1.5180644e-003
 1.5195694e-003
 1.5213799e-003
 1.5234499e-003
 1.5257328e-003
 1.5281927e-003
 1.5308004e-003
 1.5335274e-003
 1.5363446e-003
 1.5392241e-003
 1.5421364e-003
 1.5450538e-003
 1.5479475e-003
 1.5507882e-003
 1.5535478e-003
 1.5561815e-003
 1.5585937e-003
 1.5606784e-003
 1.5623288e-003
 1.5634393e-003
 1.5639029e-003
 1.5636141e-003
 1.5624661e-003
 1.5603527e-003
 1.5572467e-003
 1.5533782e-003
 1.5490305e-003
 1.5444878e-003
 1.5400326e-003
 1.5359480e-003
 1.5325173e-003
 1.5300246e-003
 1.5287524e-003
 1.5288624e-003
 1.5301119e-003
 1.5321756e-003
 1.5347282e-003
 1.5374440e-003
 1.5399976e-003
 1.5420632e-003
 1.5433158e-003
 1.5434297e-003
 1.5422321e-003
 1.5400581e-003
 1.5373481e-003
 1.5345431e-003
 1.5320835e-003
 1.5304103e-003
 1.5299635e-003
 1.5311838e-003
 1.5345126e-003
 1.5400915e-003
 1.5470615e-003
 1.5543557e-003
 1.5609071e-003
 1.5656474e-003
 1.5675082e-003
 1.5654220e-003
 1.5583222e-003
 1.5451410e-003
 1.5254240e-003
 1.5007980e-003
 1.4733279e-003
 1.4450779e-003
 1.4181150e-003
 1.3945008e-003
 1.3762977e-003
 1.3655728e-003
 1.3643906e-003
 1.3739135e-003
 1.3922333e-003
 1.4167948e-003
 1.4450355e-003
 1.4744014e-003
 1.5023322e-003
 1.5262688e-003
 1.5437710e-003
 1.5545887e-003
 1.5603730e-003
 1.5628430e-003
 1.5637161e-003
 1.5647101e-003
 1.5674615e-003
 1.5721216e-003
 1.5775367e-003
 1.5825111e-003
 1.5858469e-003
 1.5863472e-003
 1.5828854e-003
 1.5756399e-003
 1.5659359e-003
 1.5551372e-003
 1.5446095e-003
 1.5357182e-003
 1.5297668e-003
 1.5269206e-003
 1.5263361e-003
 1.5271361e-003
 1.5284430e-003
 1.5293792e-003
 1.5291355e-003
 1.5281896e-003
 1.5281611e-003
 1.5307106e-003
 1.5374979e-003
 1.5501832e-003
 1.5701943e-003
 1.5945630e-003
 1.6164058e-003
 1.6286951e-003
 1.6244078e-003
 1.5965168e-003
 1.5385089e-003
 1.4536319e-003
 1.3538529e-003
 1.2514805e-003
 1.1587882e-003
 1.0880783e-003
 1.0509836e-003
 1.0464861e-003
 1.0621760e-003
 1.0852357e-003
 1.1028538e-003
 1.1022112e-003
 1.0712922e-003
 1.0135665e-003
 9.4651582e-004
 8.8811188e-004
 8.5632945e-004
 8.6915505e-004
 9.4338926e-004
 1.0728599e-003
 1.2305089e-003
 1.3885507e-003
 1.5192004e-003
 1.5946412e-003
 1.5885645e-003
 1.5039508e-003
 1.3705152e-003
 1.2189267e-003
 1.0798475e-003
 9.8397210e-004
 9.6049841e-004
 1.0093193e-003
 1.1034630e-003
 1.2149933e-003
 1.3159408e-003
 1.3783708e-003
 1.3755816e-003
 1.3060262e-003
 1.1913140e-003
 1.0538836e-003
 9.1621571e-004
 8.0074481e-004
 7.2915864e-004
 7.0738205e-004
 7.2677399e-004
 7.7815331e-004
 8.5232744e-004
 9.4012497e-004
 1.0324557e-003
 1.1222685e-003
 1.2044009e-003
 1.2737566e-003
 1.3252536e-003
 1.3538040e-003
 1.3546932e-003
 1.3309880e-003
 1.2930062e-003
 1.2513464e-003
 1.2165982e-003
 1.1991704e-003
 1.2033245e-003
 1.2258353e-003
 1.2630248e-003
 1.3112111e-003
 1.3667203e-003
 1.4258815e-003
 1.4850122e-003
 1.5404352e-003
 1.5885197e-003
 1.6272257e-003
 1.6564738e-003
 1.6762922e-003
 1.6867163e-003
 1.6877772e-003
 1.6795079e-003
 1.6619427e-003
 1.6351114e-003
 1.5990888e-003
 1.5552285e-003
 1.5064825e-003
 1.4558983e-003
 1.4065275e-003
 1.3614079e-003
 1.3235949e-003
 1.2961285e-003
 1.2820597e-003
 1.2843567e-003
 1.3032018e-003
 1.3353196e-003
 1.3772250e-003
 1.4254360e-003
 1.4764623e-003
 1.5268166e-003
 1.5730120e-003
 1.6115581e-003
 1.6390420e-003
 1.6545070e-003
 1.6600646e-003
 1.6580228e-003
 1.6506893e-003
 1.6403729e-003
 1.6293805e-003
 1.6200189e-003
 1.6145967e-003
 1.6153597e-003
 1.6223078e-003
 1.6326170e-003
 1.6432867e-003
 1.6513132e-003
 1.6536955e-003
 1.6474301e-003
 1.6295147e-003
 1.5969506e-003
 1.5468184e-003
 1.4794898e-003
 1.3994587e-003
 1.3115029e-003
 1.2203951e-003
 1.1309152e-003
 1.0478201e-003
 9.7589556e-004
 9.1990136e-004
 8.8452175e-004
 8.7090465e-004
 8.7570114e-004
 8.9526910e-004
 9.2596893e-004
 9.6416508e-004
 1.0062153e-003
 1.0484793e-003
 1.0873172e-003
 1.1191488e-003
 1.1427565e-003
 1.1599408e-003
 1.1726971e-003
 1.1830226e-003
 1.1929153e-003
 1.2043711e-003
 1.2193901e-003
 1.2399661e-003
 1.2680570e-003
 1.3039307e-003
 1.3456836e-003
 1.3912643e-003
 1.4386333e-003
 1.4857358e-003
 1.5305325e-003
 1.5709718e-003
 1.6050064e-003
 1.6306110e-003
 1.6466996e-003
 1.6533907e-003
 1.6508878e-003
 1.6393919e-003
 1.6191055e-003
 1.5902338e-003
 1.5529738e-003
 1.5075346e-003
 1.4541472e-003
 1.3945140e-003
 1.3322426e-003
 1.2710694e-003
 1.2147356e-003
 1.1669708e-003
 1.1315082e-003
 1.1120888e-003
 1.1124489e-003
 1.1362252e-003
 1.1830506e-003
 1.2473019e-003
 1.3230040e-003
 1.4041676e-003
 1.4848089e-003
 1.5589434e-003
 1.6205824e-003
 1.6647039e-003
 1.6915218e-003
 1.7030679e-003
 1.7013684e-003
 1.6884523e-003
 1.6663510e-003
 1.6373255e-003
 1.6049580e-003
 1.5732726e-003
 1.5463037e-003
 1.5280822e-003
 1.5226388e-003
 1.5329415e-003
 1.5560292e-003
 1.5868786e-003
 1.6204730e-003
 1.6517870e-003
 1.6757966e-003
 1.6884116e-003
 1.6907448e-003
 1.6857290e-003
 1.6762982e-003
 1.6653865e-003
 1.6559291e-003
 1.6503811e-003
 1.6485053e-003
 1.6491197e-003
 1.6510403e-003
 1.6530842e-003
 1.6540679e-003
 1.6529155e-003
 1.6491589e-003
 1.6425453e-003
 1.6328202e-003
 1.6197308e-003
 1.6030256e-003
 1.5826590e-003
 1.5597956e-003
 1.5360259e-003
 1.5129355e-003
 1.4921159e-003
 1.4751577e-003
 1.4634852e-003
 1.4575982e-003
 1.4576636e-003
 1.4638485e-003
 1.4763204e-003
 1.4952465e-003
 1.5205274e-003
 1.5505544e-003
 1.5831686e-003
 1.6162109e-003
 1.6475300e-003
 1.6749665e-003
 1.6965042e-003
 1.7109595e-003
 1.7174390e-003
 1.7150530e-003
 1.7029099e-003
 1.6801193e-003
 1.6465110e-003
 1.6060807e-003
 1.5643383e-003
 1.5267970e-003
 1.4989594e-003
 1.4863389e-003
 1.4931536e-003
 1.5160777e-003
 1.5490464e-003
 1.5859886e-003
 1.6208434e-003
 1.6475392e-003
 1.6610894e-003
 1.6628752e-003
 1.6565924e-003
 1.6459430e-003
 1.6346261e-003
 1.6263432e-003
 1.6241566e-003
 1.6273510e-003
 1.6338293e-003
 1.6414911e-003
 1.6482382e-003
 1.6519702e-003
 1.6510302e-003
 1.6463934e-003
 1.6400024e-003
 1.6338023e-003
 1.6297377e-003
 1.6297529e-003
 1.6353501e-003
 1.6453867e-003
 1.6577451e-003
 1.6703036e-003
 1.6809405e-003
 1.6875367e-003
 1.6884163e-003
 1.6845830e-003
 1.6780342e-003
 1.6707707e-003
 1.6647925e-003
 1.6620990e-003
 1.6642550e-003
 1.6701957e-003
 1.6778755e-003
 1.6852462e-003
 1.6902594e-003
 1.6908685e-003
 1.6854338e-003
 1.6748051e-003
 1.6607603e-003
 1.6450827e-003
 1.6295559e-003
 1.6159596e-003
 1.6059199e-003
 1.6001060e-003
 1.5988245e-003
 1.6023826e-003
 1.6110865e-003
 1.6252445e-003
 1.6446041e-003
 1.6654888e-003
 1.6829228e-003
 1.6919331e-003
 1.6875413e-003
 1.6647732e-003
 1.6202286e-003
 1.5602473e-003
 1.4948801e-003
 1.4341667e-003
 1.3881654e-003
 1.3669292e-003
 1.3784136e-003
 1.4176199e-003
 1.4745819e-003
 1.5393405e-003
 1.6019202e-003
 1.6523474e-003
 1.6822090e-003
 1.6927167e-003
 1.6887942e-003
 1.6753710e-003
 1.6573770e-003
 1.6397444e-003
 1.6265918e-003
 1.6169820e-003
 1.6080207e-003
 1.5968123e-003
 1.5804511e-003
 1.5560515e-003
 1.5217429e-003
 1.4822041e-003
 1.4446521e-003
 1.4162855e-003
 1.4043396e-003
 1.4160244e-003
 1.4563936e-003
 1.5168994e-003
 1.5836612e-003
 1.6427807e-003
 1.6803973e-003
 1.6825987e-003
 1.6388613e-003
 1.5599742e-003
 1.4650873e-003
 1.3733704e-003
 1.3040029e-003
 1.2761265e-003
 1.3047627e-003
 1.3782834e-003
 1.4745715e-003
 1.5714678e-003
 1.6468782e-003
 1.6786108e-003
 1.6490414e-003
 1.5693553e-003
 1.4621628e-003
 1.3501034e-003
 1.2558303e-003
 1.2019406e-003
 1.2071269e-003
 1.2643187e-003
 1.3562429e-003
 1.4655748e-003
 1.5750708e-003
 1.6673525e-003
 1.7276474e-003
 1.7571991e-003
 1.7636972e-003
 1.7548490e-003
 1.7383643e-003
 1.7219411e-003
 1.7121714e-003
 1.7082868e-003
 1.7065817e-003
 1.7033401e-003
 1.6948456e-003
 1.6773862e-003
 1.6480063e-003
 1.6088573e-003
 1.5640983e-003
 1.5179184e-003
 1.4745080e-003
 1.4380286e-003
 1.4120728e-003
 1.3961251e-003
 1.3880458e-003
 1.3856848e-003
 1.3868917e-003
 1.3895161e-003
 1.3914895e-003
 1.3912797e-003
 1.3875741e-003
 1.3790601e-003
 1.3644284e-003
 1.3423570e-003
 1.3123386e-003
 1.2790983e-003
 1.2495343e-003
 1.2305456e-003
 1.2290322e-003
 1.2518867e-003
 1.3043635e-003
 1.3805004e-003
 1.4698203e-003
 1.5617845e-003
 1.6458527e-003
 1.7115392e-003
 1.7499533e-003
 1.7636087e-003
 1.7596609e-003
 1.7452936e-003
 1.7276874e-003
 1.7140257e-003
 1.7103381e-003
 1.7148929e-003
 1.7227317e-003
 1.7288851e-003
 1.7283835e-003
 1.7162578e-003
 1.6886415e-003
 1.6491096e-003
 1.6043949e-003
 1.5611893e-003
 1.5262170e-003
 1.5061955e-003
 1.5066819e-003
 1.5253434e-003
 1.5565441e-003
 1.5946295e-003
 1.6339464e-003
 1.6688426e-003
 1.6943722e-003
 1.7104959e-003
 1.7192098e-003
 1.7225356e-003
 1.7224862e-003
 1.7210771e-003
 1.7201311e-003
 1.7201432e-003
 1.7210464e-003
 1.7227714e-003
 1.7252492e-003
 1.7284107e-003
 1.7320263e-003
 1.7347564e-003
 1.7347855e-003
 1.7302992e-003
 1.7194812e-003
 1.7005160e-003
 1.6718454e-003
 1.6337195e-003
 1.5871272e-003
 1.5331162e-003
 1.4726740e-003
 1.4068238e-003
 1.3372515e-003
 1.2702283e-003
 1.2140975e-003
 1.1771307e-003
 1.1676445e-003
 1.1939439e-003
 1.2619604e-003
 1.3608148e-003
 1.4724678e-003
 1.5787171e-003
 1.6614965e-003
 1.7026598e-003
 1.6872286e-003
 1.6225306e-003
 1.5256378e-003
 1.4135736e-003
 1.3034214e-003
 1.2122495e-003
 1.1550796e-003
 1.1323034e-003
 1.1379384e-003
 1.1659776e-003
 1.2104256e-003
 1.2652751e-003
 1.3243936e-003
 1.3808508e-003
 1.4272782e-003
 1.4563759e-003
 1.4607940e-003
 1.4332107e-003
 1.3686033e-003
 1.2786753e-003
 1.1824033e-003
 1.0989113e-003
 1.0472089e-003
 1.0463727e-003
 1.1114187e-003
 1.2279917e-003
 1.3687444e-003
 1.5063750e-003
 1.6134133e-003
 1.6625484e-003
 1.6312941e-003
 1.5331141e-003
 1.3973160e-003
 1.2534340e-003
 1.1308354e-003
 1.0589904e-003
 1.0629359e-003
 1.1353423e-003
 1.2544304e-003
 1.3984512e-003
 1.5454853e-003
 1.6737916e-003
 1.7637857e-003
 1.8126173e-003
 1.8249383e-003
 1.8054105e-003
 1.7587031e-003
 1.6894887e-003
 1.6029639e-003
 1.5082249e-003
 1.4161379e-003
 1.3375153e-003
 1.2832697e-003
 1.2642235e-003
 1.2890731e-003
 1.3502721e-003
 1.4329382e-003
 1.5221378e-003
 1.6029994e-003
 1.6605506e-003
 1.6819015e-003
 1.6690457e-003
 1.6307819e-003
 1.5759094e-003
 1.5132895e-003
 1.4517147e-003
 1.3995466e-003
 1.3615660e-003
 1.3409235e-003
 1.3407600e-003
 1.3642240e-003
 1.4144403e-003
 1.4927173e-003
 1.5862741e-003
 1.6758761e-003
 1.7423135e-003
 1.7662898e-003
 1.7285775e-003
 1.6142488e-003
 1.4414442e-003
 1.2435337e-003
 1.0539999e-003
 9.0620044e-004
 8.3368469e-004
 8.6420699e-004
 9.8240154e-004
 1.1528565e-003
 1.3401845e-003
 1.5087725e-003
 1.6232460e-003
 1.6527496e-003
 1.6028301e-003
 1.4958553e-003
 1.3543272e-003
 1.2006402e-003
 1.0573738e-003
 9.4481965e-004
 8.6708262e-004
 8.2062837e-004
 8.0187962e-004
 8.0725597e-004
 8.3318877e-004
 8.7575131e-004
 9.2846941e-004
 9.8363159e-004
 1.0335171e-003
 1.0704377e-003
 1.0866564e-003
 1.0758598e-003
 1.0425632e-003
 9.9640363e-004
 9.4704743e-004
 9.0416812e-004
 8.7741268e-004
 8.7540521e-004
 8.9839473e-004
 9.4268605e-004
 1.0045451e-003
 1.0802877e-003
 1.1661391e-003
 1.2583656e-003
 1.3527353e-003
 1.4448209e-003
 1.5301940e-003
 1.6044144e-003
 1.6630896e-003
 1.7024439e-003
 1.7242950e-003
 1.7330681e-003
 1.7332139e-003
 1.7291824e-003
 1.7254245e-003
 1.7257663e-003
 1.7290435e-003
 1.7316951e-003
 1.7301433e-003
 1.7208129e-003
 1.7001185e-003
 1.6653195e-003
 1.6202655e-003
 1.5720234e-003
 1.5276753e-003
 1.4943040e-003
 1.4789926e-003
 1.4877312e-003
 1.5176764e-003
 1.5617192e-003
 1.6127074e-003
 1.6634832e-003
 1.7069248e-003
 1.7366150e-003
 1.7523940e-003
 1.7571015e-003
 1.7536036e-003
 1.7447666e-003
 1.7334592e-003
 1.7223778e-003
 1.7128946e-003
 1.7057126e-003
 1.7015380e-003
 1.7010749e-003
 1.7049992e-003
 1.7126088e-003
 1.7212579e-003
 1.7281414e-003
 1.7304653e-003
 1.7256290e-003
 1.7144814e-003
 1.7007651e-003
 1.6883293e-003
 1.6810070e-003
 1.6821255e-003
 1.6907294e-003
 1.7037420e-003
 1.7180699e-003
 1.7306294e-003
 1.7387732e-003
 1.7418924e-003
 1.7399357e-003
 1.7328559e-003
 1.7206022e-003
 1.7044345e-003
 1.6888260e-003
 1.6787548e-003
 1.6791963e-003
 1.6949587e-003
 1.7225316e-003
 1.7464210e-003
 1.7501689e-003
 1.7173389e-003
 1.6328368e-003
 1.5055611e-003
 1.3648677e-003
 1.2409467e-003
 1.1638213e-003
 1.1597110e-003
 1.2216821e-003
 1.3260898e-003
 1.4491394e-003
 1.5671246e-003
 1.6594675e-003
 1.7206667e-003
 1.7494061e-003
 1.7443888e-003
 1.7043321e-003
 1.6336922e-003
 1.5513898e-003
 1.4787104e-003
 1.4368413e-003
 1.4466535e-003
 1.5093980e-003
 1.5975877e-003
 1.6813336e-003
 1.7308515e-003
 1.7178752e-003
 1.6430088e-003
 1.5320495e-003
 1.4116630e-003
 1.3084314e-003
 1.2463155e-003
 1.2252750e-003
 1.2330526e-003
 1.2572710e-003
 1.2855725e-003
 1.3081662e-003
 1.3273974e-003
 1.3491141e-003
 1.3791687e-003
 1.4234049e-003
 1.4832781e-003
 1.5489733e-003
 1.6087908e-003
 1.6511105e-003
 1.6644261e-003
 1.6460381e-003
 1.6064042e-003
 1.5570691e-003
 1.5095407e-003
 1.4750763e-003
 1.4590729e-003
 1.4617993e-003
 1.4833321e-003
 1.5237700e-003
 1.5817970e-003
 1.6439903e-003
 1.6905228e-003
 1.7015204e-003
 1.6571092e-003
 1.5449439e-003
 1.3882281e-003
 1.2209206e-003
 1.0767872e-003
 9.8971440e-004
 9.9178310e-004
 1.0813993e-003
 1.2266126e-003
 1.3945190e-003
 1.5521273e-003
 1.6664674e-003
 1.7060718e-003
 1.6683856e-003
 1.5768787e-003
 1.4560525e-003
 1.3302893e-003
 1.2240503e-003
 1.1607254e-003
 1.1431627e-003
 1.1556618e-003
 1.1818337e-003
 1.2052896e-003
 1.2096408e-003
 1.1793943e-003
 1.1165672e-003
 1.0390498e-003
 9.6540392e-004
 9.1409835e-004
 9.0365770e-004
 9.5162168e-004
 1.0564280e-003
 1.1990255e-003
 1.3598328e-003
 1.5190741e-003
 1.6571723e-003
 1.7551112e-003
 1.8073490e-003
 1.8207179e-003
 1.8024807e-003
 1.7599087e-003
 1.7002771e-003
 1.6308548e-003
 1.5588257e-003
 1.4913059e-003
 1.4353632e-003
 1.3981378e-003
 1.3867053e-003
 1.4076512e-003
 1.4569741e-003
 1.5209235e-003
 1.5853057e-003
 1.6360049e-003
 1.6588577e-003
 1.6404294e-003
 1.5818329e-003
 1.4977384e-003
 1.4032656e-003
 1.3136484e-003
 1.2440052e-003
 1.2088110e-003
 1.2079927e-003
 1.2278934e-003
 1.2543302e-003
 1.2731380e-003
 1.2701285e-003
 1.2318795e-003
 1.1604135e-003
 1.0722763e-003
 9.8450982e-004
 9.1426296e-004
 8.7858294e-004
 8.9373055e-004
 9.5843821e-004
 1.0549210e-003
 1.1647291e-003
 1.2694917e-003
 1.3507088e-003
 1.3906807e-003
 1.3858313e-003
 1.3460517e-003
 1.2817237e-003
 1.2033014e-003
 1.1211558e-003
 1.0454833e-003
 9.8168373e-004
 9.3060534e-004
 8.9292094e-004
 8.6928136e-004
 8.6037099e-004
 8.6671661e-004
 8.8606263e-004
 9.1347488e-004
 9.4393373e-004
 9.7238313e-004
 9.9380361e-004
 1.0033768e-003
 1.0010479e-003
 9.9132734e-004
 9.7891234e-004
 9.6849102e-004
 9.6476439e-004
 9.7230455e-004
 9.9313469e-004
 1.0268138e-003
 1.0728006e-003
 1.1305431e-003
 1.1995338e-003
 1.2790669e-003
 1.3660035e-003
 1.4547119e-003
 1.5394585e-003
 1.6145677e-003
 1.6742685e-003
 1.7131057e-003
 1.7305425e-003
 1.7308871e-003
 1.7186465e-003
 1.6983323e-003
 1.6744395e-003
 1.6514915e-003
 1.6339830e-003
 1.6253702e-003
 1.6249953e-003
 1.6312009e-003
 1.6423241e-003
 1.6567115e-003
 1.6727024e-003
 1.6886380e-003
 1.7028599e-003
 1.7137078e-003
 1.7199918e-003
 1.7223366e-003
 1.7218216e-003
 1.7195225e-003
 1.7165164e-003
 1.7138801e-003
 1.7126901e-003
 1.7140235e-003
 1.7189557e-003
 1.7279921e-003
 1.7393685e-003
 1.7507593e-003
 1.7598463e-003
 1.7642996e-003
 1.7617990e-003
 1.7500196e-003
 1.7266376e-003
 1.6893288e-003
 1.6368134e-003
 1.5718869e-003
 1.4984477e-003
 1.4203110e-003
 1.3413423e-003
 1.2654075e-003
 1.1963203e-003
 1.1379818e-003
 1.0942103e-003
 1.0677405e-003
 1.0567579e-003
 1.0583097e-003
 1.0694405e-003
 1.0872056e-003
 1.1086400e-003
 1.1308020e-003
 1.1507350e-003
 1.1654841e-003
 1.1727321e-003
 1.1726967e-003
 1.1662450e-003
 1.1542479e-003
 1.1375677e-003
 1.1170728e-003
 1.0936342e-003
 1.0681058e-003
 1.0413724e-003
 1.0143184e-003
 9.8797632e-004
 9.6340646e-004
 9.4166957e-004
 9.2382898e-004
 9.1093680e-004
 9.0406265e-004
 9.0426172e-004
 9.1259612e-004
 9.2964334e-004
 9.5402577e-004
 9.8383147e-004
 1.0171800e-003
 1.0521718e-003
 1.0869120e-003
 1.1195056e-003
 1.1480530e-003
 1.1706732e-003
 1.1861945e-003
 1.1965326e-003
 1.2043817e-003
 1.2124376e-003
 1.2234030e-003
 1.2399671e-003
 1.2648343e-003
 1.3007001e-003
 1.3502623e-003
 1.4147045e-003
 1.4888786e-003
 1.5660443e-003
 1.6393658e-003
 1.7021024e-003
 1.7474581e-003
 1.7686511e-003
 1.7588997e-003
 1.7114338e-003
 1.6232893e-003
 1.5077861e-003
 1.3823793e-003
 1.2645985e-003
 1.1719677e-003
 1.1209995e-003
 1.1128670e-003
 1.1362555e-003
 1.1795147e-003
 1.2309896e-003
 1.2790250e-003
 1.3125382e-003
 1.3298017e-003
 1.3366295e-003
 1.3390732e-003
 1.3431748e-003
 1.3549784e-003
 1.3800939e-003
 1.4168659e-003
 1.4577874e-003
 1.4951283e-003
 1.5212039e-003
 1.5283142e-003
 1.5092063e-003
 1.4640673e-003
 1.3992223e-003
 1.3210999e-003
 1.2362275e-003
 1.1510486e-003
 1.0718280e-003
 1.0019622e-003
 9.4231567e-004
 8.9377345e-004
 8.5715373e-004
 8.3329278e-004
 8.2296238e-004
 8.2546013e-004
 8.3889329e-004
 8.6134387e-004
 8.9086918e-004
 9.2554960e-004
 9.6358266e-004
 1.0049590e-003
 1.0512476e-003
 1.1040000e-003
 1.1648161e-003
 1.2353066e-003
 1.3167104e-003
 1.4053771e-003
 1.4933795e-003
 1.5727860e-003
 1.6355497e-003
 1.6737125e-003
 1.6797273e-003
 1.6536079e-003
 1.6016824e-003
 1.5305253e-003
 1.4466272e-003
 1.3565859e-003
 1.2668889e-003
 1.1836729e-003
 1.1128695e-003
 1.0602936e-003
 1.0318460e-003
 1.0333653e-003
 1.0701780e-003
 1.1380084e-003
 1.2245905e-003
 1.3173011e-003
 1.4036400e-003
 1.4709841e-003
 1.5074338e-003
 1.5119049e-003
 1.4925079e-003
 1.4576369e-003
 1.4157216e-003
 1.3751534e-003
 1.3440619e-003
 1.3260052e-003
 1.3205877e-003
 1.3273060e-003
 1.3456575e-003
 1.3751220e-003
 1.4150869e-003
 1.4630225e-003
 1.5146949e-003
 1.5658861e-003
 1.6123065e-003
 1.6497344e-003
 1.6741194e-003
 1.6855070e-003
 1.6874052e-003
 1.6834352e-003
 1.6772180e-003
 1.6723806e-003
 1.6723833e-003
 1.6778585e-003
 1.6869883e-003
 1.6978855e-003
 1.7086485e-003
 1.7173910e-003
 1.7223107e-003
 1.7233691e-003
 1.7220409e-003
 1.7198534e-003
 1.7183311e-003
 1.7190016e-003
 1.7233106e-003
 1.7312790e-003
 1.7416750e-003
 1.7532384e-003
 1.7646940e-003
 1.7747816e-003
 1.7822764e-003
 1.7868635e-003
 1.7890105e-003
 1.7892085e-003
 1.7879514e-003
 1.7857328e-003
 1.7830222e-003
 1.7798474e-003
 1.7758538e-003
 1.7706688e-003
 1.7639258e-003
 1.7552499e-003
 1.7443334e-003
 1.7318910e-003
 1.7195444e-003
 1.7089603e-003
 1.7017898e-003
 1.6996955e-003
 1.7041550e-003
 1.7132929e-003
 1.7222726e-003
 1.7261551e-003
 1.7199970e-003
 1.6988511e-003
 1.6581296e-003
 1.5995722e-003
 1.5305377e-003
 1.4586590e-003
 1.3914712e-003
 1.3366062e-003
 1.3012384e-003
 1.2855538e-003
 1.2834005e-003
 1.2884247e-003
 1.2942653e-003
 1.2945648e-003
 1.2829649e-003
 1.2531118e-003
 1.2011004e-003
 1.1318398e-003
 1.0520902e-003
 9.6871506e-004
 8.8846439e-004
 8.1820227e-004
 7.6470320e-004
 7.3476619e-004
 7.3521881e-004
 7.7028817e-004
 8.3497324e-004
 9.2229195e-004
 1.0251572e-003
 1.1365741e-003
 1.2495596e-003
 1.3570081e-003
 1.4519686e-003
 1.5273483e-003
 1.5779862e-003
 1.6052414e-003
 1.6119176e-003
 1.6008442e-003
 1.5748525e-003
 1.5367484e-003
 1.4893822e-003
 1.4355649e-003
 1.3780983e-003
 1.3196996e-003
 1.2624739e-003
 1.2084874e-003
 1.1597449e-003
 1.1182574e-003
 1.0860809e-003
 1.0652184e-003
 1.0577106e-003
 1.0655788e-003
 1.0897947e-003
 1.1275189e-003
 1.1750616e-003
 1.2286792e-003
 1.2846997e-003
 1.3393733e-003
 1.3890119e-003
 1.4299200e-003
 1.4583591e-003
 1.4716685e-003
 1.4709384e-003
 1.4581368e-003
 1.4352397e-003
 1.4042115e-003
 1.3670048e-003
 1.3256135e-003
 1.2819759e-003
 1.2380905e-003
 1.1956716e-003
 1.1556702e-003
 1.1188005e-003
 1.0857816e-003
 1.0573675e-003
 1.0342682e-003
 1.0172307e-003
 1.0069754e-003
 1.0042330e-003
 1.0093944e-003
 1.0215801e-003
 1.0396027e-003
 1.0622953e-003
 1.0884629e-003
 1.1169341e-003
 1.1465411e-003
 1.1760838e-003
 1.2044039e-003
 1.2304789e-003
 1.2539827e-003
 1.2747414e-003
 1.2925594e-003
 1.3072685e-003
 1.3186773e-003
 1.3266131e-003
 1.3308895e-003
 1.3313293e-003
 1.3279234e-003
 1.3213261e-003
 1.3123411e-003
 1.3017821e-003
 1.2904499e-003
 1.2791599e-003
 1.2687157e-003
 1.2599219e-003
 1.2535928e-003
 1.2505313e-003
 1.2515259e-003
 1.2568953e-003
 1.2665170e-003
 1.2802400e-003
 1.2979297e-003
 1.3194289e-003
 1.3446090e-003
 1.3733071e-003
 1.4053875e-003
 1.4407195e-003
 1.4791329e-003
 1.5205110e-003
 1.5646452e-003
 1.6106112e-003
 1.6567530e-003
 1.7013338e-003
 1.7426818e-003
 1.7790635e-003
 1.8088011e-003
 1.8301697e-003
 1.8414782e-003
 1.8410215e-003
 1.8270966e-003
 1.7979890e-003
 1.7521261e-003
 1.6903316e-003
 1.6157766e-003
 1.5318129e-003
 1.4416819e-003
 1.3487468e-003
 1.2562420e-003
 1.1675329e-003
 1.0858839e-003
 1.0145705e-003
 9.5694233e-004
 9.1625931e-004
 8.9571311e-004
 8.9539652e-004
 9.1240508e-004
 9.4370439e-004
 9.8627992e-004
 1.0370694e-003
 1.0930755e-003
 1.1512266e-003
 1.2085102e-003
 1.2619138e-003
 1.3083671e-003
 1.3448696e-003
 1.3684625e-003
 1.3784835e-003
 1.3764888e-003
 1.3641434e-003
 1.3430979e-003
 1.3150268e-003
 1.2815705e-003
 1.2444127e-003
 1.1853160e-003
 1.0756359e-003
 1.0134904e-003
 1.0119322e-003
 1.0535649e-003
 1.1196792e-003
 1.1915426e-003
 1.2509045e-003
 1.2898747e-003
 1.3108352e-003
 1.3166232e-003
 1.3100691e-003
 1.2940591e-003
 1.2727211e-003
 1.2513956e-003
 1.2354839e-003
 1.2303795e-003
 1.2411221e-003
 1.2648173e-003
 1.2907822e-003
 1.3080186e-003
 1.3055194e-003
 1.2722855e-003
 1.2028030e-003
 1.1129198e-003
 1.0236227e-003
 9.5593807e-004
 9.3085796e-004
 9.6939347e-004
 1.0836498e-003
 1.2514046e-003
 1.4422506e-003
 1.6257002e-003
 1.7713499e-003
 1.8487225e-003
 1.8273995e-003
 1.6882188e-003
 1.4551503e-003
 1.1623413e-003
 8.4405876e-004
 5.3442951e-004
 2.6772486e-004
 7.8083744e-005
-2.5107875e-007
 5.5642071e-005
 2.2623746e-004
 4.8205661e-004
 7.9352397e-004
 1.1311949e-003
 1.4654743e-003
 1.7668899e-003
 2.0059540e-003
 2.1609031e-003
 2.2391796e-003
 2.2549531e-003
 2.2224174e-003
 2.1557682e-003
 2.0691801e-003
 1.9768616e-003
 1.8929809e-003
 1.8287564e-003
 1.7843478e-003
 1.7573994e-003
 1.7455393e-003
 1.7464029e-003
 1.7576239e-003
 1.7768389e-003
 1.8016775e-003
 1.8297796e-003
 1.8587725e-003
 1.8862967e-003
 1.9099801e-003
 1.9280121e-003
 1.9405661e-003
 1.9482753e-003
 1.9517671e-003
 1.9516725e-003
 1.9486217e-003
 1.9432439e-003
 1.9361684e-003
 1.9280266e-003
 1.9194462e-003
 1.9110593e-003
 1.9034938e-003
 1.8972483e-003
 1.8923447e-003
 1.8887016e-003
 1.8862364e-003
 1.8848666e-003
 1.8845100e-003
 1.8850839e-003
 1.8865063e-003
 1.8886948e-003
 1.8915667e-003
 1.8950403e-003
 1.8989276e-003
 1.9026746e-003
 1.9056443e-003
 1.9072021e-003
 1.9067107e-003
 1.9035349e-003
 1.8970391e-003
 1.8865863e-003
 1.8715427e-003
 1.8512692e-003
 1.8253797e-003
 1.7943338e-003
 1.7587715e-003
 1.7193467e-003
 1.6766951e-003
 1.6314723e-003
 1.5843124e-003
 1.5358723e-003
 1.4867854e-003
 1.4377085e-003
 1.3894354e-003
 1.3433306e-003
 1.3008526e-003
 1.2634816e-003
 1.2326781e-003
 1.2099193e-003
 1.1966708e-003
 1.1944022e-003
 1.2045840e-003
 1.2286882e-003
 1.2671520e-003
 1.3169644e-003
 1.3743651e-003
 1.4356180e-003
 1.4969604e-003
 1.5546571e-003
 1.6049459e-003
 1.6440892e-003
 1.6683294e-003
 1.6751488e-003
 1.6661055e-003
 1.6436101e-003
 1.6100669e-003
 1.5678925e-003
 1.5194861e-003
 1.4672686e-003
 1.4136363e-003
 1.3608534e-003
 1.3106384e-003
 1.2646277e-003
 1.2244347e-003
 1.1916930e-003
 1.1680197e-003
 1.1550442e-003
 1.1543874e-003
 1.1670701e-003
 1.1921362e-003
 1.2282367e-003
 1.2740088e-003
 1.3281081e-003
 1.3891674e-003
 1.4558464e-003
 1.5267743e-003
 1.6000266e-003
 1.6717532e-003
 1.7377578e-003
 1.7938112e-003
 1.8357139e-003
 1.8592421e-003
 1.8601904e-003
 1.8368376e-003
 1.7954410e-003
 1.7438317e-003
 1.6898618e-003
 1.6413594e-003
 1.6061742e-003
 1.5881682e-003
 1.5786443e-003
 1.5664130e-003
 1.5402919e-003
 1.4890877e-003
 1.4016302e-003
 1.2737685e-003
 1.1234412e-003
 9.7297359e-004
 8.4462308e-004
 7.6070987e-004
 7.4350199e-004
 8.0453616e-004
 9.2184427e-004
 1.0669092e-003
 1.2112719e-003
 1.3264086e-003
 1.3838592e-003
 1.3671928e-003
 1.2972953e-003
 1.2022570e-003
 1.1101434e-003
 1.0490204e-003
 1.0469703e-003
 1.1202513e-003
 1.2488747e-003
 1.4059731e-003
 1.5646155e-003
 1.6979408e-003
 1.7790323e-003
 1.7910396e-003
 1.7476154e-003
 1.6681637e-003
 1.5721509e-003
 1.4789876e-003
 1.4080943e-003
 1.3720078e-003
 1.3624829e-003
 1.3673715e-003
 1.3745181e-003
 1.3717725e-003
 1.3469782e-003
 1.2937026e-003
 1.2225681e-003
 1.1473791e-003
 1.0819400e-003
 1.0400492e-003
 1.0355297e-003
 1.0768294e-003
 1.1565564e-003
 1.2643895e-003
 1.3900383e-003
 1.5231195e-003
 1.6532822e-003
 1.7692855e-003
 1.8592482e-003
 1.9112095e-003
 1.9132792e-003
 1.8548063e-003
 1.7436678e-003
 1.6019280e-003
 1.4519251e-003
 1.3160189e-003
 1.2156088e-003
 1.1581340e-003
 1.1405312e-003
 1.1594326e-003
 1.2114887e-003
 1.2927082e-003
 1.3894706e-003
 1.4810323e-003
 1.5464600e-003
 1.5648165e-003
 1.5173387e-003
 1.4164520e-003
 1.2978135e-003
 1.1976187e-003
 1.1521361e-003
 1.1946869e-003
 1.3180732e-003
 1.4850385e-003
 1.6576556e-003
 1.7978675e-003
 1.8701309e-003
 1.8722488e-003
 1.8266178e-003
 1.7562475e-003
 1.6841147e-003
 1.6321403e-003
 1.6074629e-003
 1.6064084e-003
 1.6250350e-003
 1.6594084e-003
 1.7052422e-003
 1.7533862e-003
 1.7911051e-003
 1.8056207e-003
 1.7841425e-003
 1.7154813e-003
 1.6106763e-003
 1.4967661e-003
 1.4011576e-003
 1.3512523e-003
 1.3721611e-003
 1.4574634e-003
 1.5781103e-003
 1.7045558e-003
 1.8072728e-003
 1.8584919e-003
 1.8551185e-003
 1.8116118e-003
 1.7427939e-003
 1.6635408e-003
 1.5879166e-003
 1.5198502e-003
 1.4560428e-003
 1.3930863e-003
 1.3275270e-003
 1.2566962e-003
 1.1880602e-003
 1.1363056e-003
 1.1162179e-003
 1.1425993e-003
 1.2282114e-003
 1.3591546e-003
 1.5026793e-003
 1.6257428e-003
 1.6952753e-003
 1.6812235e-003
 1.5928610e-003
 1.4668907e-003
 1.3405669e-003
 1.2511300e-003
 1.2330094e-003
 1.2836134e-003
 1.3747590e-003
 1.4777480e-003
 1.5638988e-003
 1.6061737e-003
 1.5993592e-003
 1.5532124e-003
 1.4777670e-003
 1.3831151e-003
 1.2792550e-003
 1.1756861e-003
 1.0815342e-003
 1.0059860e-003
 9.5815712e-004
 9.4604894e-004
 9.6340023e-004
 9.9424354e-004
 1.0223999e-003
 1.0317139e-003
 1.0080142e-003
 9.6183951e-004
 9.2050352e-004
 9.1159932e-004
 9.6272968e-004
 1.0980747e-003
 1.2990212e-003
 1.5183319e-003
 1.7082138e-003
 1.8208879e-003
 1.8129977e-003
 1.6961994e-003
 1.5188179e-003
 1.3298505e-003
 1.1782660e-003
 1.1092477e-003
 1.1207021e-003
 1.1792481e-003
 1.2509560e-003
 1.3018391e-003
 1.3008600e-003
 1.2516606e-003
 1.1807823e-003
 1.1152293e-003
 1.0819511e-003
 1.1052795e-003
 1.1782019e-003
 1.2731507e-003
 1.3621260e-003
 1.4171997e-003
 1.4129585e-003
 1.3539128e-003
 1.2641622e-003
 1.1681011e-003
 1.0901317e-003
 1.0529062e-003
 1.0586362e-003
 1.0962336e-003
 1.1544006e-003
 1.2218395e-003
 1.2877864e-003
 1.3474554e-003
 1.3999931e-003
 1.4445935e-003
 1.4804588e-003
 1.5068491e-003
 1.5240075e-003
 1.5327797e-003
 1.5340209e-003
 1.5285861e-003
 1.5175175e-003
 1.5039708e-003
 1.4924487e-003
 1.4874752e-003
 1.4935780e-003
 1.5146279e-003
 1.5471216e-003
 1.5828954e-003
 1.6136849e-003
 1.6312533e-003
 1.6279420e-003
 1.6026818e-003
 1.5585748e-003
 1.4987718e-003
 1.4264265e-003
 1.3451140e-003
 1.2633803e-003
 1.1927822e-003
 1.1449420e-003
 1.1314822e-003
 1.1623546e-003
 1.2288780e-003
 1.3108312e-003
 1.3878173e-003
 1.4394476e-003
 1.4473643e-003
 1.4159072e-003
 1.3633831e-003
 1.3082937e-003
 1.2691824e-003
 1.2628182e-003
 1.2871742e-003
 1.3286819e-003
 1.3736159e-003
 1.4082163e-003
 1.4198947e-003
 1.4082990e-003
 1.3805385e-003
 1.3438519e-003
 1.3054580e-003
 1.2721842e-003
 1.2466123e-003
 1.2287714e-003
 1.2186359e-003
 1.2161867e-003
 1.2210642e-003
 1.2293033e-003
 1.2347564e-003
 1.2312540e-003
 1.2126243e-003
 1.1737007e-003
 1.1200514e-003
 1.0636253e-003
 1.0164647e-003
 9.9060882e-004
 9.9684508e-004
 1.0326891e-003
 1.0877870e-003
 1.1516957e-003
 1.2139239e-003
 1.2648499e-003
 1.3033466e-003
 1.3333176e-003
 1.3587377e-003
 1.3835643e-003
 1.4109550e-003
 1.4356578e-003
 1.4474854e-003
 1.4361790e-003
 1.3914920e-003
 1.3052603e-003
 1.1905583e-003
 1.0729673e-003
 9.7813969e-004
 9.3175343e-004
 9.5584267e-004
 1.0356366e-003
 1.1349207e-003
 1.2172764e-003
 1.2462717e-003
 1.1901490e-003
 1.0643288e-003
 9.1137766e-004
 7.7419175e-004
 6.9565861e-004
 7.1387488e-004
 8.1868458e-004
 9.7235350e-004
 1.1368209e-003
 1.2740528e-003
 1.3496185e-003
 1.3657333e-003
 1.3453801e-003
 1.3117758e-003
 1.2881651e-003
 1.2950771e-003
 1.3267295e-003
 1.3624518e-003
 1.3813758e-003
 1.3626626e-003
 1.2886000e-003
 1.1719025e-003
 1.0425164e-003
 9.3049393e-004
 8.6591102e-004
 8.7494979e-004
 9.4626984e-004
 1.0474715e-003
 1.1459764e-003
 1.2091952e-003
 1.2081302e-003
 1.1482347e-003
 1.0541074e-003
 9.5054344e-004
 8.6232071e-004
 8.1193220e-004
 7.9951639e-004
 8.1293355e-004
 8.3991466e-004
 8.6819677e-004
 8.8695477e-004
 8.9912739e-004
 9.1518555e-004
 9.4568718e-004
 1.0011684e-003
 1.0903735e-003
 1.2051439e-003
 1.3281351e-003
 1.4418188e-003
 1.5287583e-003
 1.5729135e-003
 1.5714612e-003
 1.5287234e-003
 1.4491283e-003
 1.3370781e-003
 1.1983322e-003
 1.0510512e-003
 9.2019967e-004
 8.3069666e-004
 8.0749660e-004
 8.7147264e-004
 1.0059708e-003
 1.1743311e-003
 1.3396994e-003
 1.4652448e-003
 1.5180885e-003
 1.5020306e-003
 1.4402729e-003
 1.3561971e-003
 1.2731664e-003
 1.2124761e-003
 1.1762199e-003
 1.1564061e-003
 1.1449490e-003
 1.1337688e-003
 1.1158620e-003
 1.0938798e-003
 1.0755364e-003
 1.0686042e-003
 1.0808404e-003
 1.1185039e-003
 1.1745543e-003
 1.2350286e-003
 1.2858582e-003
 1.3130198e-003
 1.3047830e-003
 1.2696525e-003
 1.2266599e-003
 1.1948990e-003
 1.1934694e-003
 1.2383052e-003
 1.3175828e-003
 1.4052306e-003
 1.4750537e-003
 1.5008574e-003
 1.4605649e-003
 1.3678903e-003
 1.2548263e-003
 1.1535143e-003
 1.0960895e-003
 1.1106656e-003
 1.1904807e-003
 1.3110859e-003
 1.4479244e-003
 1.5763375e-003
 1.6739193e-003
 1.7365440e-003
 1.7693398e-003
 1.7775053e-003
 1.7662370e-003
 1.7407882e-003
 1.7068207e-003
 1.6701964e-003
 1.6368051e-003
 1.6125098e-003
 1.6025569e-003
 1.6069564e-003
 1.6230976e-003
 1.6483526e-003
 1.6800944e-003
 1.7157493e-003
 1.7530887e-003
 1.7900948e-003
 1.8247422e-003
 1.8550060e-003
 1.8789496e-003
 1.8953100e-003
 1.9031834e-003
 1.9016614e-003
 1.8898313e-003
 1.8671155e-003
 1.8355889e-003
 1.7986314e-003
 1.7596220e-003
 1.7219686e-003
 1.6889656e-003
 1.6632235e-003
 1.6470165e-003
 1.6426165e-003
 1.6522978e-003
 1.6776912e-003
 1.7152750e-003
 1.7590458e-003
 1.8029507e-003
 1.8409700e-003
 1.8674852e-003
 1.8801831e-003
 1.8783316e-003
 1.8612182e-003
 1.8281270e-003
 1.7792170e-003
 1.7216015e-003
 1.6657646e-003
 1.6221683e-003
 1.6012875e-003
 1.6117308e-003
 1.6473018e-003
 1.6947935e-003
 1.7409574e-003
 1.7725497e-003
 1.7783477e-003
 1.7631571e-003
 1.7393146e-003
 1.7191980e-003
 1.7151997e-003
 1.7374740e-003
 1.7789121e-003
 1.8243194e-003
 1.8584599e-003
 1.8660731e-003
 1.8342120e-003
 1.7675469e-003
 1.6789273e-003
 1.5813165e-003
 1.4876134e-003
 1.4096563e-003
 1.3509950e-003
 1.3113925e-003
 1.2905467e-003
 1.2881717e-003
 1.3036444e-003
 1.3337854e-003
 1.3742124e-003
 1.4205581e-003
 1.4684492e-003
 1.5139506e-003
 1.5563228e-003
 1.5963322e-003
 1.6347418e-003
 1.6723231e-003
 1.7095638e-003
 1.7450473e-003
 1.7764727e-003
 1.8015346e-003
 1.8179304e-003
 1.8237381e-003
 1.8199612e-003
 1.8089095e-003
 1.7928951e-003
 1.7742427e-003
 1.7553723e-003
 1.7394960e-003
 1.7301791e-003
 1.7309939e-003
 1.7455048e-003
 1.7762386e-003
 1.8181069e-003
 1.8625958e-003
 1.9012071e-003
 1.9254339e-003
 1.9281744e-003
 1.9125495e-003
 1.8862141e-003
 1.8568337e-003
 1.8320743e-003
 1.8182021e-003
 1.8113888e-003
 1.8033597e-003
 1.7858258e-003
 1.7504871e-003
 1.6912965e-003
 1.6181474e-003
 1.5479024e-003
 1.4974533e-003
 1.4836947e-003
 1.5201924e-003
 1.5967567e-003
 1.6929163e-003
 1.7881776e-003
 1.8619784e-003
 1.8968140e-003
 1.8962470e-003
 1.8729182e-003
 1.8395248e-003
 1.8087472e-003
 1.7917550e-003
 1.7890999e-003
 1.7967916e-003
 1.8108152e-003
 1.8271611e-003
 1.8421783e-003
 1.8547239e-003
 1.8647106e-003
 1.8720649e-003
 1.8767099e-003
 1.8786604e-003
 1.8785652e-003
 1.8773427e-003
 1.8759110e-003
 1.8751888e-003
 1.8758035e-003
 1.8763789e-003
 1.8746991e-003
 1.8685461e-003
 1.8556971e-003
 1.8342321e-003
 1.8042186e-003
 1.7665577e-003
 1.7221419e-003
 1.6718969e-003
 1.6171028e-003
 1.5616602e-003
 1.5105393e-003
 1.4687509e-003
 1.4412672e-003
 1.4324124e-003
 1.4420721e-003
 1.4683130e-003
 1.5091752e-003
 1.5627161e-003
 1.6261638e-003
 1.6912634e-003
 1.7474630e-003
 1.7842534e-003
 1.7911087e-003
 1.7594267e-003
 1.6934373e-003
 1.6025542e-003
 1.4962085e-003
 1.3838315e-003
 1.2748002e-003
 1.1768626e-003
 1.0950691e-003
 1.0342747e-003
 9.9932950e-004
 9.9510606e-004
 1.0263202e-003
 1.0903851e-003
 1.1736010e-003
 1.2612708e-003
 1.3387572e-003
 1.3914056e-003
 1.4047822e-003
 1.3768834e-003
 1.3245383e-003
 1.2661200e-003
 1.2200041e-003
 1.2045674e-003
 1.2379218e-003
 1.3230586e-003
 1.4403296e-003
 1.5682533e-003
 1.6852536e-003
 1.7698497e-003
 1.8007972e-003
 1.7712534e-003
 1.6958743e-003
 1.5910463e-003
 1.4731562e-003
 1.3585908e-003
 1.2635579e-003
 1.1958705e-003
 1.1507634e-003
 1.1224903e-003
 1.1053010e-003
 1.0934562e-003
 1.0812042e-003
 1.0635823e-003
 1.0405083e-003
 1.0137958e-003
 9.8524627e-004
 9.5666590e-004
 9.2986086e-004
 9.0663263e-004
 8.8878174e-004
 8.7798567e-004
 8.7588781e-004
 8.8413485e-004
 9.0436655e-004
 9.3822664e-004
 9.8735862e-004
 1.0523854e-003
 1.1275462e-003
 1.2047341e-003
 1.2758250e-003
 1.3326945e-003
 1.3672230e-003
 1.3712682e-003
 1.3386983e-003
 1.2753544e-003
 1.1915378e-003
 1.0976210e-003
 1.0039165e-003
 9.2075486e-004
 8.5845526e-004
 8.2563283e-004
 8.2039589e-004
 8.3699741e-004
 8.6969300e-004
 9.1271242e-004
 9.6030807e-004
 1.0067265e-003
 1.0469471e-003
 1.0803011e-003
 1.1076920e-003
 1.1300499e-003
 1.1482968e-003
 1.1633571e-003
 1.1761455e-003
 1.1874692e-003
 1.1974371e-003
 1.2059071e-003
 1.2127314e-003
 1.2177682e-003
 1.2208733e-003
 1.2219028e-003
 1.2209999e-003
 1.2199803e-003
 1.2212613e-003
 1.2272608e-003
 1.2404007e-003
 1.2630934e-003
 1.2977588e-003
 1.3458050e-003
 1.4028433e-003
 1.4623674e-003
 1.5179104e-003
 1.5629918e-003
 1.5911317e-003
 1.5958477e-003
 1.5721974e-003
 1.5240248e-003
 1.4582741e-003
 1.3818729e-003
 1.3018068e-003
 1.2250055e-003
 1.1584165e-003
 1.1081101e-003
 1.0752990e-003
 1.0594444e-003
 1.0600191e-003
 1.0765026e-003
 1.1083600e-003
 1.1550664e-003
 1.2154420e-003
 1.2846545e-003
 1.3566234e-003
 1.4252138e-003
 1.4843434e-003
 1.5279127e-003
 1.5498245e-003
 1.5455310e-003
 1.5191432e-003
 1.4777338e-003
 1.4283652e-003
 1.3781377e-003
 1.3341150e-003
 1.3033721e-003
 1.2917477e-003
 1.2983147e-003
 1.3198319e-003
 1.3530601e-003
 1.3947601e-003
 1.4417042e-003
 1.4906304e-003
 1.5386750e-003
 1.5849415e-003
 1.6292111e-003
 1.6712338e-003
 1.7107917e-003
 1.7476554e-003
 1.7815973e-003
 1.8123994e-003
 1.8400063e-003
 1.8646212e-003
 1.8864545e-003
 1.9057218e-003
 1.9226248e-003
 1.9373788e-003
 1.9501953e-003
 1.9612873e-003
 1.9708714e-003
 1.9791843e-003
 1.9864610e-003
 1.9929372e-003
 1.9988485e-003
 2.0044278e-003
 2.0099117e-003
 2.0155234e-003
 2.0210722e-003
 2.0258354e-003
 2.0290604e-003
 2.0299938e-003
 2.0278809e-003
 2.0219686e-003
 2.0115038e-003
 1.9957612e-003
 1.9750271e-003
 1.9508823e-003
 1.9249723e-003
 1.8989469e-003
 1.8744569e-003
 1.8531476e-003
 1.8366798e-003
 1.8266711e-003
 1.8237764e-003
 1.8274521e-003
 1.8370759e-003
 1.8520273e-003
 1.8716860e-003
 1.8954378e-003
 1.9226504e-003
 1.9526759e-003
 1.9837250e-003
 2.0126104e-003
 2.0360653e-003
 2.0508049e-003
 2.0535635e-003
 2.0410686e-003
 2.0100381e-003
 1.9573532e-003
 1.8845862e-003
 1.7990499e-003
 1.7083822e-003
 1.6202865e-003
 1.5424016e-003
 1.4823864e-003
 1.4479004e-003
 1.4464071e-003
 1.4787433e-003
 1.5377529e-003
 1.6158086e-003
 1.7053039e-003
 1.7985677e-003
 1.8879923e-003
 1.9659502e-003
 2.0249744e-003
 2.0624094e-003
 2.0814403e-003
 2.0855754e-003
 2.0783197e-003
 2.0631854e-003
 2.0436810e-003
 2.0233139e-003
 2.0055366e-003
 1.9920082e-003
 1.9822805e-003
 1.9757724e-003
 1.9719051e-003
 1.9701021e-003
 1.9697859e-003
 1.9703780e-003
 1.9713049e-003
 1.9720942e-003
 1.9723955e-003
 1.9718639e-003
 1.9701559e-003
 1.9669270e-003
 1.9618312e-003
 1.9545271e-003
 1.9446880e-003
 1.9325559e-003
 1.9190283e-003
 1.9050493e-003
 1.8915535e-003
 1.8794783e-003
 1.8697595e-003
 1.8633396e-003
 1.8611283e-003
 1.8632845e-003
 1.8691014e-003
 1.8778264e-003
 1.8887001e-003
 1.9009693e-003
 1.9138792e-003
 1.9266777e-003
 1.9386008e-003
 1.9488066e-003
 1.9563506e-003
 1.9602838e-003
 1.9596545e-003
 1.9535143e-003
 1.9409135e-003
 1.9208968e-003
 1.8925744e-003
 1.8564977e-003
 1.8148622e-003
 1.7699511e-003
 1.7240365e-003
 1.6794240e-003
 1.6383858e-003
 1.6032051e-003
 1.5760976e-003
 1.5575413e-003
 1.5460318e-003
 1.5399689e-003
 1.5377520e-003
 1.5377820e-003
 1.5384575e-003
 1.5381785e-003
 1.5353448e-003
 1.5283850e-003
 1.5165947e-003
 1.5002170e-003
 1.4795454e-003
 1.4548671e-003
 1.4264872e-003
 1.3946934e-003
 1.3597795e-003
 1.3220293e-003
 1.2817543e-003
 1.2392665e-003
 1.1956173e-003
 1.1526574e-003
 1.1122682e-003
 1.0763599e-003
 1.0468133e-003
 1.0255190e-003
 1.0143664e-003
 1.0152519e-003
 1.0300621e-003
 1.0605853e-003
 1.1059175e-003
 1.1622020e-003
 1.2254686e-003
 1.2917389e-003
 1.3570338e-003
 1.4173880e-003
 1.4687928e-003
 1.5072844e-003
 1.5288838e-003
 1.5297550e-003
 1.5098131e-003
 1.4729726e-003
 1.4233389e-003
 1.3650034e-003
 1.3020996e-003
 1.2387204e-003
 1.1789714e-003
 1.1269469e-003
 1.0867780e-003
 1.0624379e-003
 1.0549064e-003
 1.0619985e-003
 1.0813845e-003
 1.1107189e-003
 1.1476692e-003
 1.1898997e-003
 1.2350859e-003
 1.2808697e-003
 1.3249260e-003
 1.3649780e-003
 1.4002086e-003
 1.4312862e-003
 1.4589760e-003
 1.4840340e-003
 1.5072156e-003
 1.5292820e-003
 1.5509790e-003
 1.5730675e-003
 1.5963034e-003
 1.6214189e-003
 1.6484010e-003
 1.6765079e-003
 1.7049573e-003
 1.7329744e-003
 1.7597635e-003
 1.7845496e-003
 1.8065507e-003
 1.8249853e-003
 1.8390740e-003
 1.8480651e-003
 1.8520949e-003
 1.8521857e-003
 1.8493994e-003
 1.8448001e-003
 1.8394496e-003
 1.8344106e-003
 1.8307449e-003
 1.8295172e-003
 1.8317885e-003
 1.8385693e-003
 1.8496664e-003
 1.8636652e-003
 1.8791072e-003
 1.8945305e-003
 1.9084741e-003
 1.9194788e-003
 1.9260776e-003
 1.9268125e-003
 1.9202215e-003
 1.9049104e-003
 1.8811075e-003
 1.8506304e-003
 1.8153667e-003
 1.7771963e-003
 1.7380251e-003
 1.6997326e-003
 1.6642074e-003
 1.6333376e-003
 1.6090061e-003
 1.5930532e-003
 1.5859638e-003
 1.5869201e-003
 1.5950522e-003
 1.6094842e-003
 1.6293441e-003
 1.6537595e-003
 1.6818653e-003
 1.7127753e-003
 1.7456234e-003
 1.7795245e-003
 1.8133274e-003
 1.8456290e-003
 1.8749933e-003
 1.9000076e-003
 1.9192511e-003
 1.9313049e-003
 1.9347429e-003
 1.9281479e-003
 1.9100991e-003
 1.8792714e-003
 1.8365822e-003
 1.7850500e-003
 1.7277843e-003
 1.6678805e-003
 1.6084773e-003
 1.5526699e-003
 1.5035681e-003
 1.4642813e-003
 1.4379143e-003
 1.4274508e-003
 1.4329508e-003
 1.4517397e-003
 1.4810439e-003
 1.5180670e-003
 1.5600328e-003
 1.6041596e-003
 1.6476759e-003
 1.6877780e-003
 1.7216952e-003
 1.7467511e-003
 1.7624343e-003
 1.7702533e-003
 1.7717907e-003
 1.7686351e-003
 1.7623719e-003
 1.7545848e-003
 1.7468637e-003
 1.7407925e-003
 1.7379569e-003
 1.7398859e-003
 1.7469516e-003
 1.7584615e-003
 1.7736837e-003
 1.7918856e-003
 1.8123403e-003
 1.8343057e-003
 1.8570541e-003
 1.8798533e-003
 1.9019763e-003
 1.9226734e-003
 1.9410817e-003
 1.9562144e-003
 1.9670823e-003
 1.9726891e-003
 1.9720467e-003
 1.9641644e-003
 1.9480461e-003
 1.9227080e-003
 1.8871563e-003
 1.8404959e-003
 1.7836654e-003
 1.7192410e-003
 1.6499051e-003
 1.5782947e-003
 1.5070608e-003
 1.4388390e-003
 1.3763137e-003
 1.3221194e-003
 1.2789072e-003
 1.2491995e-003
 1.2332107e-003
 1.2290606e-003
 1.2348049e-003
 1.2485001e-003
 1.2682072e-003
 1.2919728e-003
 1.3178569e-003
 1.3439158e-003
 1.3682108e-003
 1.3888633e-003
 1.4054392e-003
 1.4187525e-003
 1.4296621e-003
 1.4390199e-003
 1.4476853e-003
 1.4565150e-003
 1.4663659e-003
 1.4780975e-003
 1.4925613e-003
 1.5105625e-003
 1.5319227e-003
 1.5556174e-003
 1.5805763e-003
 1.6057458e-003
 1.6300667e-003
 1.6524855e-003
 1.6719322e-003
 1.6873535e-003
 1.6976905e-003
 1.7019284e-003
 1.6998340e-003
 1.6918489e-003
 1.6784356e-003
 1.6600570e-003
 1.6371692e-003
 1.6102458e-003
 1.5797442e-003
 1.5461268e-003
 1.5098471e-003
 1.4714219e-003
 1.4319830e-003
 1.3932141e-003
 1.3568081e-003
 1.3244839e-003
 1.2979336e-003
 1.2788583e-003
 1.2689589e-003
 1.2699387e-003
 1.2834981e-003
 1.3111768e-003
 1.3517688e-003
 1.4017798e-003
 1.4576057e-003
 1.5156787e-003
 1.5724195e-003
 1.6242609e-003
 1.6675984e-003
 1.6988660e-003
 1.7144848e-003
 1.7111020e-003
 1.6891495e-003
 1.6522196e-003
 1.6039846e-003
 1.5481203e-003
 1.4882878e-003
 1.4281922e-003
 1.3714954e-003
 1.3218729e-003
 1.2829928e-003
 1.2583833e-003
 1.2488025e-003
 1.2527774e-003
 1.2687687e-003
 1.2952446e-003
 1.3306526e-003
 1.3734592e-003
 1.4221251e-003
 1.4751239e-003
 1.5308911e-003
 1.5879179e-003
 1.6449821e-003
 1.7011159e-003
 1.7553176e-003
 1.8066269e-003
 1.8540692e-003
 1.8966800e-003
 1.9334645e-003
 1.9634592e-003
 1.9856899e-003
 1.9992611e-003
 2.0045293e-003
 2.0028490e-003
 1.9956054e-003
 1.9841832e-003
 1.9699626e-003
 1.9543346e-003
 1.9386796e-003
 1.9243824e-003
 1.9128239e-003
 1.9053259e-003
 1.9021337e-003
 1.9026543e-003
 1.9062719e-003
 1.9123727e-003
 1.9203373e-003
 1.9295512e-003
 1.9393989e-003
 1.9492665e-003
 1.9585337e-003
 1.9666133e-003
 1.9733240e-003
 1.9788027e-003
 1.9831911e-003
 1.9866352e-003
 1.9892792e-003
 1.9912673e-003
 1.9927444e-003
 1.9938541e-003
 1.9947409e-003
 1.9955439e-003
 1.9963139e-003
 1.9970348e-003
 1.9976888e-003
 1.9982576e-003
 1.9987240e-003
 1.9990695e-003
 1.9992762e-003
 1.9993272e-003
 1.9992038e-003
 1.9988888e-003
 1.9983789e-003
 1.9976785e-003
 1.9967940e-003
 1.9957307e-003
 1.9944946e-003
 1.9930913e-003
 1.9915265e-003
 1.9898056e-003
 1.9879348e-003
 1.9859176e-003
 1.9837236e-003
 1.9812973e-003
 1.9785843e-003
 1.9755282e-003
 1.9720737e-003
 1.9681649e-003
 1.9637451e-003
 1.9587611e-003
 1.9531555e-003
 1.9468856e-003
 1.9400821e-003
 1.9330117e-003
 1.9259384e-003
 1.9191292e-003
 1.9128482e-003
 1.9073654e-003
 1.9029445e-003
 1.8998525e-003
 1.8983553e-003
 1.8986948e-003
 1.9007667e-003
 1.9042138e-003
 1.9086729e-003
 1.9137822e-003
 1.9191756e-003
 1.9244917e-003
 1.9293667e-003
 1.9334391e-003
 1.9363429e-003
 1.9377446e-003
 1.9376881e-003
 1.9364936e-003
 1.9344877e-003
 1.9319972e-003
 1.9293478e-003
 1.9268662e-003
 1.9248779e-003
 1.9237109e-003
 1.9236903e-003
 1.9251215e-003
 1.9280202e-003
 1.9321926e-003
 1.9374422e-003
 1.9435725e-003
 1.9503877e-003
 1.9576882e-003
 1.9652788e-003
 1.9729619e-003
 1.9805410e-003
 1.9878258e-003
 1.9946797e-003
 2.0010162e-003
 2.0067454e-003
 2.0117804e-003
 2.0160296e-003
 2.0194063e-003
 2.0218208e-003
 2.0231856e-003
 2.0234108e-003
 2.0224233e-003
 2.0203497e-003
 2.0174542e-003
 2.0140046e-003
 2.0102693e-003
 2.0065163e-003
 2.0030132e-003
 2.0000271e-003
 1.9978276e-003
 1.9966813e-003
 1.9968362e-003
 1.9982741e-003
 2.0007950e-003
 2.0041945e-003
 2.0082686e-003
 2.0128142e-003
 2.0176272e-003
 2.0225022e-003
 2.0272364e-003
 2.0316250e-003
 2.0354767e-003
 2.0387305e-003
 2.0414221e-003
 2.0435872e-003
 2.0452612e-003
 2.0464796e-003
 2.0472787e-003
 2.0476936e-003
 2.0477611e-003
 2.0475157e-003
 2.0469946e-003
 2.0462335e-003
 2.0452696e-003
 2.0441399e-003
 2.0428817e-003
 2.0415324e-003
 2.0401292e-003
 2.0387077e-003
 2.0373070e-003
 2.0359633e-003
 2.0347133e-003
 2.0335810e-003
 2.0325843e-003
 2.0317405e-003
 2.0310665e-003
 2.0305796e-003
 2.0302969e-003
 2.0302357e-003
 2.0304134e-003
 2.0308467e-003
 2.0315505e-003
 2.0325088e-003
 2.0336853e-003
 2.0350432e-003
 2.0365468e-003
 2.0381580e-003
 2.0398414e-003
 2.0415597e-003
 2.0432770e-003
 2.0449562e-003
 2.0465613e-003
 2.0480617e-003
 2.0494310e-003
 2.0506424e-003
 2.0516692e-003
 2.0524841e-003
 2.0530610e-003
 2.0533735e-003
 2.0533947e-003
 2.0530974e-003
 2.0524645e-003
 2.0515823e-003
 2.0506054e-003
 2.0496878e-003
 2.0489849e-003
 2.0486515e-003
 2.0488421e-003
 2.0497120e-003
 2.0514159e-003
 2.0541085e-003
 2.0579211e-003
 2.0627028e-003
 2.0681263e-003
 2.0738617e-003
 2.0795804e-003
 2.0849498e-003
 2.0896413e-003
 2.0933242e-003
 2.0956690e-003
 2.0963456e-003
 2.0952069e-003
 2.0941528e-003
 2.0963650e-003
 2.1050479e-003
 2.1233994e-003
 2.1546213e-003
 2.2019157e-003
 2.2685016e-003
 2.3575495e-003
 2.4722738e-003
 2.6153352e-003
 2.7834505e-003
 2.9697064e-003
 3.1669969e-003
 3.3683511e-003
 3.5667541e-003
 3.7552342e-003
 3.9266860e-003
 4.0741414e-003
 4.1905851e-003
 4.2695929e-003
 4.3109059e-003
 4.3181307e-003
 4.2949002e-003
 4.2448351e-003
 4.1715954e-003
 4.0788082e-003
 3.9701066e-003
 3.8491278e-003
 3.7194740e-003
 3.5847365e-003
 3.4472847e-003
 3.3088350e-003
 3.1710621e-003
 3.0357391e-003
 2.9045413e-003
 2.7791753e-003
 2.6613218e-003
 2.5527445e-003
 2.4551214e-003
 2.3699971e-003
 2.2972100e-003
 2.2355681e-003
 2.1839081e-003
 2.1410221e-003
 2.1057180e-003
 2.0767970e-003
 2.0530806e-003
 2.0333689e-003
 2.0164701e-003
 2.0012604e-003
 1.9873732e-003
 1.9748702e-003
 1.9638210e-003
 1.9542973e-003
 1.9463674e-003
 1.9401060e-003
 1.9355816e-003
 1.9328647e-003
 1.9320261e-003
 1.9331134e-003
 1.9359339e-003
 1.9401577e-003
 1.9454531e-003
 1.9514854e-003
 1.9579232e-003
 1.9644345e-003
 1.9706879e-003
 1.9763482e-003
 1.9810847e-003
 1.9845956e-003
 1.9868903e-003
 1.9881562e-003
 1.9885818e-003
 1.9883572e-003
 1.9876717e-003
 1.9867138e-003
 1.9856740e-003
 1.9847408e-003
 1.9841040e-003
 1.9839329e-003
 1.9842023e-003
 1.9847765e-003
 1.9855185e-003
 1.9862917e-003
 1.9869588e-003
 1.9873832e-003
 1.9874275e-003
 1.9869553e-003
 1.9858289e-003
 1.9839341e-003
 1.9813678e-003
 1.9783459e-003
 1.9750847e-003
 1.9718031e-003
 1.9687179e-003
 1.9660457e-003
 1.9640040e-003
 1.9628101e-003
 1.9626813e-003
 1.9637896e-003
 1.9658804e-003
 1.9684627e-003
 1.9710418e-003
 1.9731242e-003
 1.9742162e-003
 1.9738236e-003
 1.9714532e-003
 1.9666112e-003
 1.9588035e-003
 1.9475365e-003
 1.9323680e-003
 1.9133852e-003
 1.8909483e-003
 1.8654228e-003
 1.8371679e-003
 1.8065627e-003
 1.7739666e-003
 1.7397457e-003
 1.7042573e-003
 1.6678842e-003
 1.6309838e-003
 1.5939220e-003
 1.5570561e-003
 1.5207696e-003
 1.4854062e-003
 1.4512002e-003
 1.4183215e-003
 1.3869322e-003
 1.3572169e-003
 1.3293372e-003
 1.3034624e-003
 1.2797574e-003
 1.2584020e-003
 1.2395601e-003
 1.2234015e-003
 1.2100926e-003
 1.1998089e-003
 1.1927168e-003
 1.1889857e-003
 1.1887848e-003
 1.1922850e-003
 1.1996541e-003
 1.2110284e-003
 1.2262448e-003
 1.2449879e-003
 1.2669280e-003
 1.2917474e-003
 1.3191253e-003
 1.3487473e-003
 1.3802784e-003
 1.4134039e-003
 1.4478026e-003
 1.4831533e-003
 1.5191433e-003
 1.5554343e-003
 1.5917134e-003
 1.6276592e-003
 1.6629592e-003
 1.6972750e-003
 1.7302937e-003
 1.7616944e-003
 1.7911625e-003
 1.8183625e-003
 1.8429805e-003
 1.8647257e-003
 1.8835745e-003
 1.8996238e-003
 1.9129853e-003
 1.9237662e-003
 1.9320737e-003
 1.9380153e-003
 1.9416960e-003
 1.9432240e-003
 1.9427065e-003
 1.9402498e-003
 1.9359619e-003
 1.9299496e-003
 1.9223199e-003
 1.9131774e-003
 1.9026337e-003
 1.8907938e-003
 1.8777645e-003
 1.8636528e-003
 1.8485624e-003
 1.8326071e-003
 1.8158908e-003
 1.7985202e-003
 1.7805983e-003
 1.7622404e-003
 1.7435496e-003
 1.7246256e-003
 1.7055057e-003
 1.6862116e-003
 1.6667512e-003
 1.6471376e-003
 1.6273829e-003
 1.6074952e-003
 1.5874965e-003
 1.5673947e-003
 1.5472024e-003
 1.5269272e-003
 1.5065917e-003
 1.4862033e-003
 1.4657747e-003
 1.4453138e-003
 1.4248429e-003
 1.4043695e-003
 1.3839063e-003
 1.3634611e-003
 1.3430562e-003
 1.3226995e-003
 1.3024032e-003
 1.2821801e-003
 1.2620380e-003
 1.2419991e-003
 1.2220714e-003
 1.2022670e-003
 1.1825945e-003
 1.1630751e-003
 1.1437171e-003
 1.1245369e-003
 1.1055736e-003
 1.0868941e-003
 1.0685513e-003
 1.0506025e-003
 1.0331057e-003
 1.0161140e-003
 9.9969353e-004
 9.8389725e-004
 9.6878293e-004
 9.5440482e-004
 9.4082719e-004
 9.2810404e-004
 9.1629307e-004
 9.0544927e-004
 8.9563534e-004
 8.8690623e-004
 8.7931927e-004
 8.7293214e-004
 8.6780119e-004
 8.6398661e-004
 8.6154457e-004
 8.6053240e-004
 8.6100807e-004
 8.6302869e-004
 8.6665223e-004
 8.7193574e-004
 8.7893882e-004
 8.8771572e-004
 8.9832547e-004
 9.1082539e-004
 9.2527317e-004
 9.4171567e-004
 9.6007471e-004
 9.8023261e-004
 1.0020675e-003
 1.0254636e-003
 1.0502879e-003
 1.0764240e-003
 1.1037505e-003
 1.1321520e-003
 1.1614939e-003
 1.1916605e-003
 1.2225305e-003
 1.2539895e-003
 1.2859008e-003
 1.3181501e-003
 1.3506156e-003
 1.3831758e-003
 1.4157167e-003
 1.4481007e-003
 1.4802142e-003
 1.5119351e-003
 1.5431496e-003
 1.5737206e-003
 1.6035340e-003
 1.6324682e-003
 1.6604078e-003
 1.6872177e-003
 1.7127832e-003
 1.7369825e-003
 1.7596940e-003
 1.7808004e-003
 1.8001702e-003
 1.8177042e-003
 1.8334223e-003
 1.8474024e-003
 1.8597124e-003
 1.8704307e-003
 1.8796320e-003
 1.8873926e-003
 1.8937837e-003
 1.8988820e-003
 1.9027622e-003
 1.9054993e-003
 1.9071680e-003
 1.9078421e-003
 1.9075974e-003
 1.9065081e-003
 1.9046487e-003
 1.9020948e-003
 1.8989209e-003
 1.8952016e-003
 1.8910104e-003
 1.8864245e-003
 1.8815171e-003
 1.8763635e-003
 1.8710369e-003
 1.8656146e-003
 1.8601702e-003
 1.8547783e-003
 1.8495134e-003
 1.8444496e-003
 1.8396637e-003
 1.8352293e-003
 1.8312212e-003
 1.8277036e-003
 1.8246749e-003
 1.8221035e-003
 1.8199579e-003
 1.8182067e-003
 1.8168194e-003
 1.8157643e-003
 1.8150101e-003
 1.8145256e-003
 1.8142794e-003
 1.8142404e-003
 1.8143774e-003
 1.8146590e-003
 1.8150540e-003
 1.8155311e-003
 1.8160591e-003
 1.8166067e-003
 1.8171431e-003
 1.8176361e-003
 1.8180549e-003
 1.8183686e-003
 1.8185456e-003
 1.8185548e-003
 1.8183646e-003
 1.8179441e-003
 1.8172618e-003
 1.8162866e-003
 1.8149872e-003
 1.8133324e-003
 1.8112911e-003
 1.8088311e-003
 1.8059226e-003
 1.8025424e-003
 1.7987255e-003
 1.7945288e-003
 1.7900128e-003
 1.7852345e-003
 1.7802523e-003
 1.7751240e-003
 1.7699067e-003
 1.7646608e-003
 1.7594437e-003
 1.7543132e-003
 1.7493266e-003
 1.7445438e-003
 1.7400223e-003
 1.7358201e-003
 1.7319943e-003
 1.7286054e-003
 1.7257100e-003
 1.7233668e-003
 1.7216334e-003
 1.7205682e-003
 1.7202296e-003
 1.7206758e-003
 1.7219647e-003
 1.7241549e-003
 1.7273037e-003
 1.7314695e-003
 1.7367110e-003
 1.7430873e-003
 1.7506542e-003
 1.7594706e-003
 1.7695952e-003
 1.7810821e-003
 1.7939649e-003
 1.8082593e-003
 1.8239892e-003
 1.8411763e-003
 1.8598465e-003
 1.8800126e-003
 1.9016997e-003
 1.9249298e-003
 1.9497299e-003
 1.9761098e-003
 2.0040968e-003
 2.0337119e-003
 2.0649848e-003
 2.0979212e-003
 2.1325503e-003
 2.1688931e-003
 2.2069716e-003
 2.2468162e-003
 2.2884298e-003
 2.3318429e-003
 2.3770772e-003
 2.4241649e-003
 2.4731057e-003
 2.5239314e-003
 2.5766639e-003
 2.6313371e-003
 2.6879476e-003
 2.7465285e-003
 2.8071017e-003
 2.8696882e-003
 2.9343255e-003
 3.0009858e-003
 3.0695789e-003
 3.1399594e-003
 3.2119998e-003
 3.2855198e-003
 3.3603911e-003
 3.4364681e-003
 3.5136237e-003
 3.5916762e-003
 3.6704985e-003
 3.7499447e-003
 3.8298697e-003
 3.9101467e-003
 3.9905924e-003
 4.0710806e-003
 4.1514658e-003
 4.2316220e-003
 4.3113641e-003
 4.3905675e-003
 4.4690860e-003
 4.5467922e-003
 4.6235048e-003
 4.6990961e-003
 4.7734207e-003
 4.8463335e-003
 4.9177059e-003
 4.9873581e-003
 5.0551621e-003
 5.1209722e-003
 5.1846588e-003
 5.2460446e-003
 5.3050001e-003
 5.3614066e-003
 5.4153004e-003
 5.4667336e-003
 5.5157971e-003
 5.5625667e-003
 5.6071305e-003
 5.6495443e-003
 5.6898952e-003
 5.7282620e-003
 5.7647210e-003
 5.7993564e-003
 5.8322288e-003
 5.8634253e-003
 5.8930214e-003
 5.9211017e-003
 5.9477300e-003
 5.9729889e-003
 5.9969565e-003
 6.0197148e-003
 6.0413303e-003
 6.0618850e-003
 6.0814572e-003
 6.1001228e-003
 6.1179632e-003
 6.1350479e-003
 6.1514564e-003
 6.1672674e-003
 6.1825612e-003
 6.1974078e-003
 6.2118876e-003
 6.2260767e-003
 6.2400578e-003
 6.2538884e-003
 6.2675797e-003
 6.2811179e-003
 6.2944908e-003
 6.3076862e-003
 6.3206875e-003
 6.3334825e-003
 6.3460586e-003
 6.3584051e-003
 6.3705030e-003
 6.3823424e-003
 6.3939104e-003
 6.4051952e-003
 6.4161788e-003
 6.4268513e-003
 6.4371983e-003
 6.4472100e-003
 6.4568678e-003
 6.4661610e-003
 6.4750761e-003
 6.4836000e-003
 6.4917216e-003
 6.4994236e-003
 6.5066945e-003
 6.5135215e-003
 6.5198927e-003
 6.5257917e-003
 6.5312069e-003
 6.5361247e-003
 6.5405336e-003
 6.5444177e-003
 6.5477653e-003
 6.5505644e-003
 6.5528182e-003
 6.5545323e-003
 6.5557114e-003
 6.5563614e-003
 6.5564890e-003
 6.5560993e-003
 6.5551973e-003
 6.5537901e-003
 6.5518836e-003
 6.5494822e-003
 6.5465928e-003
 6.5432205e-003
 6.5393709e-003
 6.5350509e-003
 6.5302630e-003
 6.5250178e-003
 6.5193181e-003
 6.5131709e-003
 6.5065795e-003
 6.4995531e-003
 6.4920955e-003
 6.4842128e-003
 6.4759091e-003
 6.4671943e-003
 6.4580701e-003
 6.4485446e-003
 6.4386204e-003
 6.4283079e-003
 6.4176102e-003
 6.4065340e-003
 6.3950843e-003
 6.3832658e-003
 6.3711046e-003
 6.3586175e-003
 6.3458281e-003
 6.3327537e-003
 6.3194237e-003
 6.3058571e-003
 6.2920745e-003
 6.2780962e-003
 6.2639494e-003
 6.2496532e-003
 6.2352302e-003
 6.2207016e-003
 6.2060850e-003
 6.1914115e-003
 6.1766990e-003
 6.1619673e-003
 6.1472370e-003
 6.1325361e-003
 6.1178845e-003
 6.1033019e-003
 6.0888072e-003
 6.0744323e-003
 6.0601919e-003
 6.0461094e-003
 6.0322070e-003
 6.0185031e-003
 6.0050259e-003
 5.9917946e-003
 5.9788306e-003
 5.9661539e-003
 5.9537916e-003
 5.9417645e-003
 5.9301099e-003
 5.9188651e-003
 5.9080743e-003
 5.8977744e-003
 5.8880062e-003
 5.8788084e-003
 5.8702193e-003
 5.8622835e-003
 5.8550369e-003
 5.8485200e-003
 5.8427714e-003
 5.8378335e-003
 5.8337445e-003
 5.8305440e-003
 5.8282721e-003
 5.8269687e-003
 5.8266735e-003
 5.8274260e-003
 5.8292667e-003
 5.8322339e-003
 5.8363681e-003
 5.8417087e-003
 5.8482965e-003
 5.8561713e-003
 5.8653709e-003
 5.8759362e-003
 5.8879065e-003
 5.9013255e-003
 5.9162262e-003
 5.9326510e-003
 5.9506409e-003
 5.9702164e-003
 5.9912782e-003
 6.0137119e-003
 6.0373973e-003
 6.0622147e-003
 6.0880515e-003
 6.1147744e-003
 6.1422703e-003
 6.1704195e-003
 6.1991094e-003
 6.2282062e-003
 6.2575964e-003
 6.2871622e-003
 6.3167890e-003
 6.3463440e-003
 6.3757133e-003
 6.4047794e-003
 6.4334213e-003
 6.4615249e-003
 6.4889584e-003
 6.5156091e-003
 6.5413560e-003
 6.5660854e-003
 6.5896669e-003
 6.6119866e-003
 6.6329236e-003
 6.6523631e-003
 6.6701770e-003
 6.6862493e-003
 6.7004608e-003
 6.7126942e-003
 6.7228242e-003
 6.7307879e-003
 6.7367507e-003
 6.7409435e-003
 6.7435959e-003
 6.7449380e-003
 6.7451992e-003
 6.7446101e-003
 6.7434004e-003
 6.7418013e-003
 6.7400425e-003
 6.7383531e-003
 6.7369631e-003
 6.7361039e-003
 6.7360047e-003
 6.7368955e-003
 6.7390068e-003
 6.7425687e-003
 6.7478106e-003
 6.7549623e-003
 6.7642545e-003
 6.7759203e-003
 6.7901835e-003
 6.8072774e-003
 6.8274317e-003
 6.8508820e-003
 6.8778479e-003
 6.9085644e-003
 6.9432613e-003
 6.9821686e-003
 7.0255273e-003
 7.0735472e-003
 7.1264678e-003
 7.1844570e-003
 7.2474377e-003
 7.3152189e-003
 7.3876553e-003
 7.4645863e-003
 7.5458707e-003
 7.6313103e-003
 7.7207619e-003
 7.8140674e-003
 7.9110861e-003
 8.0116158e-003
 8.1155142e-003
 8.2226237e-003
 8.3327824e-003
 8.4458580e-003
 8.5616354e-003
 8.6799823e-003
 8.8007376e-003
 8.9237681e-003
 9.0488559e-003
 9.1758706e-003
 9.3046511e-003
 9.4350670e-003
 9.5668985e-003
 9.7000115e-003
 9.8342504e-003
 9.9694515e-003
 1.0105488e-002
 1.0242134e-002
 1.0379262e-002
 1.0516710e-002
 1.0654353e-002
