splib07b Record=18436:  error bars to preceding                
 3.9343309e-001
 3.9343309e-001
 3.7664092e-001
 3.5990101e-001
 3.4324324e-001
 3.2669988e-001
 3.1030089e-001
 2.9407623e-001
 2.7805808e-001
 2.6227576e-001
 2.4676135e-001
 2.3154491e-001
 2.1665643e-001
 2.0212798e-001
 1.8798965e-001
 1.7427146e-001
 1.6100544e-001
 1.4822161e-001
 1.3595018e-001
 1.2422299e-001
 1.1307015e-001
 1.0252194e-001
 9.2610024e-002
 8.3364606e-002
 7.4816070e-002
 6.6992275e-002
 5.9882104e-002
 5.3451739e-002
 4.7667958e-002
 4.2496387e-002
 3.7903674e-002
 3.3855751e-002
 3.0318635e-002
 2.7258836e-002
 2.4642328e-002
 2.2435216e-002
 2.0603860e-002
 1.9114332e-002
 1.7932750e-002
 1.7025402e-002
 1.6358400e-002
 1.5897902e-002
 1.5610113e-002
 1.5461187e-002
 1.5417304e-002
 1.5444632e-002
 1.5509347e-002
 1.5577612e-002
 1.5615607e-002
 1.5591595e-002
 1.5496495e-002
 1.5335085e-002
 1.5112331e-002
 1.4833231e-002
 1.4502754e-002
 1.4125861e-002
 1.3707561e-002
 1.3252817e-002
 1.2766585e-002
 1.2253882e-002
 1.1719668e-002
 1.1168897e-002
 1.0606593e-002
 1.0037707e-002
 9.4671967e-003
 8.9000864e-003
 8.3413301e-003
 7.7958805e-003
 7.2687641e-003
 6.7649116e-003
 6.2893466e-003
 5.8470224e-003
 5.4428997e-003
 5.0815907e-003
 4.7632181e-003
 4.4851457e-003
 4.2447299e-003
 4.0392922e-003
 3.8661566e-003
 3.7226740e-003
 3.6061625e-003
 3.5139672e-003
 3.4434153e-003
 3.3918372e-003
 3.3565720e-003
 3.3349486e-003
 3.3243010e-003
 3.3219634e-003
 3.3252677e-003
 3.3315481e-003
 3.3381367e-003
 3.3423668e-003
 3.3415719e-003
 3.3330850e-003
 3.3144234e-003
 3.2851878e-003
 3.2463023e-003
 3.1987084e-003
 3.1433457e-003
 3.0811618e-003
 3.0130967e-003
 2.9400897e-003
 2.8630896e-003
 2.7830354e-003
 2.7008664e-003
 2.6175322e-003
 2.5339716e-003
 2.4511230e-003
 2.3699370e-003
 2.2913481e-003
 2.2163067e-003
 2.1457479e-003
 2.0805581e-003
 2.0208936e-003
 1.9664480e-003
 1.9169167e-003
 1.8719852e-003
 1.8313410e-003
 1.7946776e-003
 1.7616817e-003
 1.7320414e-003
 1.7054486e-003
 1.6815909e-003
 1.6601569e-003
 1.6408373e-003
 1.6233204e-003
 1.6072947e-003
 1.5924510e-003
 1.5784774e-003
 1.5650628e-003
 1.5519098e-003
 1.5388665e-003
 1.5258762e-003
 1.5128860e-003
 1.4998409e-003
 1.4866858e-003
 1.4733669e-003
 1.4598314e-003
 1.4460223e-003
 1.4318866e-003
 1.4173711e-003
 1.4024191e-003
 1.3869773e-003
 1.3709929e-003
 1.3544088e-003
 1.3371720e-003
 1.3192300e-003
 1.3005802e-003
 1.2813631e-003
 1.2617403e-003
 1.2418685e-003
 1.2219088e-003
 1.2020236e-003
 1.1823686e-003
 1.1631062e-003
 1.1443974e-003
 1.1263991e-003
 1.1092727e-003
 1.0931784e-003
 1.0782774e-003
 1.0647266e-003
 1.0526887e-003
 1.0422550e-003
 1.0333528e-003
 1.0258827e-003
 1.0197451e-003
 1.0148396e-003
 1.0110670e-003
 1.0083269e-003
 1.0065200e-003
 1.0055464e-003
 1.0053064e-003
 1.0057003e-003
 1.0066283e-003
 1.0079906e-003
 1.0096873e-003
 1.0116192e-003
 1.0136983e-003
 1.0158696e-003
 1.0180825e-003
 1.0202862e-003
 1.0224307e-003
 1.0244654e-003
 1.0263397e-003
 1.0280034e-003
 1.0294055e-003
 1.0304960e-003
 1.0312245e-003
 1.0315402e-003
 1.0313927e-003
 1.0307315e-003
 1.0295064e-003
 1.0277028e-003
 1.0253984e-003
 1.0226861e-003
 1.0196590e-003
 1.0164102e-003
 1.0130320e-003
 1.0096180e-003
 1.0062604e-003
 1.0030523e-003
 1.0000867e-003
 9.9745672e-004
 9.9525473e-004
 9.9357404e-004
 9.9250057e-004
 9.9203270e-004
 9.9210918e-004
 9.9266740e-004
 9.9364482e-004
 9.9497859e-004
 9.9660608e-004
 9.9846488e-004
 1.0004924e-003
 1.0026256e-003
 1.0048021e-003
 1.0069594e-003
 1.0090376e-003
 1.0110185e-003
 1.0129112e-003
 1.0147255e-003
 1.0164718e-003
 1.0181599e-003
 1.0197997e-003
 1.0214015e-003
 1.0229748e-003
 1.0245300e-003
 1.0260771e-003
 1.0276258e-003
 1.0291855e-003
 1.0307587e-003
 1.0323422e-003
 1.0339331e-003
 1.0355280e-003
 1.0371243e-003
 1.0387184e-003
 1.0403078e-003
 1.0418891e-003
 1.0434592e-003
 1.0450151e-003
 1.0465538e-003
 1.0480738e-003
 1.0495950e-003
 1.0511518e-003
 1.0527797e-003
 1.0545135e-003
 1.0563886e-003
 1.0584397e-003
 1.0607025e-003
 1.0632115e-003
 1.0660019e-003
 1.0691088e-003
 1.0725677e-003
 1.0764058e-003
 1.0805515e-003
 1.0848634e-003
 1.0891978e-003
 1.0934108e-003
 1.0973595e-003
 1.1008999e-003
 1.1038883e-003
 1.1061819e-003
 1.1076365e-003
 1.1081088e-003
 1.1074553e-003
 1.1055592e-003
 1.1026645e-003
 1.0992743e-003
 1.0958976e-003
 1.0930439e-003
 1.0912222e-003
 1.0909410e-003
 1.0927097e-003
 1.0970375e-003
 1.1044334e-003
 1.1154067e-003
 1.1304646e-003
 1.1500220e-003
 1.1731561e-003
 1.1979855e-003
 1.2226015e-003
 1.2450970e-003
 1.2635638e-003
 1.2760980e-003
 1.2807908e-003
 1.2757363e-003
 1.2590266e-003
 1.2287546e-003
 1.1830183e-003
 1.1200979e-003
 1.0409973e-003
 9.4871008e-004
 8.4625027e-004
 7.3665596e-004
 6.2296790e-004
 5.0819601e-004
 3.9538092e-004
 2.8756243e-004
 1.8775140e-004
 9.8988399e-005
 2.4303823e-005
-3.3466153e-005
-7.4295189e-005
-1.0020237e-004
-1.1326719e-004
-1.1556168e-004
-1.0916092e-004
-9.6141273e-005
-7.8575285e-005
-5.8540736e-005
-3.8108876e-005
-1.9356454e-005
-4.3584505e-006
 5.0874150e-006
 1.1145516e-005
 1.8926396e-005
 3.3614284e-005
 6.0391671e-005
 1.0444166e-004
 1.7094036e-004
 2.6508208e-004
 3.9203229e-004
 5.5699656e-004
 7.6514791e-004
 1.0216696e-003
 1.3310314e-003
 1.6879281e-003
 2.0795632e-003
 2.4929482e-003
 2.9152064e-003
 3.3333492e-003
 3.7343919e-003
 4.1054543e-003
 4.4335495e-003
 4.7057029e-003
 4.9090139e-003
 5.0305035e-003
 5.0581680e-003
 4.9938769e-003
 4.8499880e-003
 4.6391566e-003
 4.3739760e-003
 4.0670931e-003
 3.7311395e-003
 3.3787792e-003
 3.0225797e-003
 2.6752336e-003
 2.3493094e-003
 2.0574708e-003
 1.8117136e-003
 1.6146250e-003
 1.4615334e-003
 1.3476477e-003
 1.2681282e-003
 1.2181667e-003
 1.1929441e-003
 1.1876402e-003
 1.1974348e-003
 1.2175076e-003
 1.2430428e-003
 1.2692193e-003
 1.2914108e-003
 1.3078935e-003
 1.3191894e-003
 1.3258734e-003
 1.3285223e-003
 1.3277134e-003
 1.3240229e-003
 1.3180285e-003
 1.3103060e-003
 1.3014325e-003
 1.2919856e-003
 1.2825405e-003
 1.2736596e-003
 1.2656713e-003
 1.2587227e-003
 1.2529548e-003
 1.2485101e-003
 1.2455302e-003
 1.2441570e-003
 1.2445328e-003
 1.2467992e-003
 1.2510986e-003
 1.2575719e-003
 1.2663624e-003
 1.2775706e-003
 1.2906686e-003
 1.3046328e-003
 1.3184297e-003
 1.3310217e-003
 1.3413751e-003
 1.3484530e-003
 1.3512200e-003
 1.3486402e-003
 1.3396789e-003
 1.3233009e-003
 1.2984677e-003
 1.2642529e-003
 1.2214109e-003
 1.1720310e-003
 1.1182438e-003
 1.0621698e-003
 1.0059292e-003
 9.5165253e-004
 9.0146530e-004
 8.5749303e-004
 8.2186435e-004
 7.9669966e-004
 7.8412361e-004
 7.8611966e-004
 8.0237223e-004
 8.3072990e-004
 8.6898607e-004
 9.1494480e-004
 9.6639566e-004
 1.0211450e-003
 1.0769861e-003
 1.1317156e-003
 1.1831265e-003
 1.2290254e-003
 1.2672017e-003
 1.2955669e-003
 1.3137467e-003
 1.3227623e-003
 1.3236747e-003
 1.3175448e-003
 1.3054342e-003
 1.2884014e-003
 1.2675081e-003
 1.2438153e-003
 1.2183834e-003
 1.1922757e-003
 1.1665504e-003
 1.1422274e-003
 1.1196992e-003
 1.0988424e-003
 1.0795183e-003
 1.0615899e-003
 1.0449168e-003
 1.0293592e-003
 1.0147801e-003
 1.0010407e-003
 9.8800275e-004
 9.7552856e-004
 9.6347858e-004
 9.5171970e-004
 9.4022759e-004
 9.2906551e-004
 9.1829873e-004
 9.0799341e-004
 8.9821342e-004
 8.8902574e-004
 8.8049425e-004
 8.7268511e-004
 8.6566375e-004
 8.5949624e-004
 8.5424678e-004
 8.4998127e-004
 8.4675534e-004
 8.4461883e-004
 8.4362086e-004
 8.4381050e-004
 8.4523694e-004
 8.4794918e-004
 8.5199677e-004
 8.5742871e-004
 8.6429412e-004
 8.7264221e-004
 8.8231696e-004
 8.9249946e-004
 9.0223644e-004
 9.1057224e-004
 9.1655250e-004
 9.1922237e-004
 9.1762788e-004
 9.1081497e-004
 8.9782802e-004
 8.7820785e-004
 8.5311814e-004
 8.2405441e-004
 7.9251529e-004
 7.5999356e-004
 7.2798179e-004
 6.9797848e-004
 6.7147944e-004
 6.4998004e-004
 6.3456333e-004
 6.2494091e-004
 6.2054716e-004
 6.2081381e-004
 6.2517414e-004
 6.3306041e-004
 6.4390432e-004
 6.5714010e-004
 6.7219813e-004
 6.8839057e-004
 7.0461654e-004
 7.1969104e-004
 7.3242834e-004
 7.4164593e-004
 7.4615749e-004
 7.4477930e-004
 7.3632563e-004
 7.1961194e-004
 6.9429108e-004
 6.6282792e-004
 6.2826916e-004
 5.9366057e-004
 5.6205504e-004
 5.3650199e-004
 5.2005122e-004
 5.1575201e-004
 5.2665110e-004
 5.5440504e-004
 5.9595163e-004
 6.4723397e-004
 7.0419512e-004
 7.6277298e-004
 8.1891683e-004
 8.6857460e-004
 9.0768439e-004
 9.3218934e-004
 9.3982549e-004
 9.3442970e-004
 9.2113327e-004
 9.0507022e-004
 8.9137000e-004
 8.8516669e-004
 8.9159282e-004
 9.1540109e-004
 9.5447700e-004
 1.0006950e-003
 1.0457425e-003
 1.0812936e-003
 1.0990268e-003
 1.0910662e-003
 1.0576865e-003
 1.0063183e-003
 9.4462029e-004
 8.8026474e-004
 8.2092022e-004
 7.7397801e-004
 7.4171671e-004
 7.2190200e-004
 7.1215036e-004
 7.1008003e-004
 7.1330741e-004
 7.1947055e-004
 7.2661747e-004
 7.3316065e-004
 7.3752500e-004
 7.3813403e-004
 7.3341187e-004
 7.2196184e-004
 7.0574862e-004
 6.8971916e-004
 6.7892420e-004
 6.7841797e-004
 6.9325336e-004
 7.2818797e-004
 7.8239723e-004
 8.5009483e-004
 9.2529878e-004
 1.0020516e-003
 1.0743759e-003
 1.1364428e-003
 1.1851342e-003
 1.2197774e-003
 1.2397711e-003
 1.2445240e-003
 1.2334383e-003
 1.2060431e-003
 1.1642543e-003
 1.1121206e-003
 1.0537846e-003
 9.9336915e-004
 9.3501253e-004
 8.8286685e-004
 8.4143883e-004
 8.1555767e-004
 8.1005716e-004
 8.2977826e-004
 8.7956164e-004
 9.6359849e-004
 1.0734589e-003
 1.1892370e-003
 1.2906342e-003
 1.3573470e-003
 1.3690528e-003
 1.3067460e-003
 1.1770546e-003
 1.0100089e-003
 8.3646365e-004
 6.8727060e-004
 5.9331732e-004
 5.8393762e-004
 6.5808831e-004
 7.8687479e-004
 9.4041240e-004
 1.0887692e-003
 1.2020635e-003
 1.2515762e-003
 1.2325839e-003
 1.1624456e-003
 1.0593219e-003
 9.4140164e-004
 8.2683680e-004
 7.3332503e-004
 6.6880253e-004
 6.3219049e-004
 6.2206318e-004
 6.3700299e-004
 6.7559327e-004
 7.3626195e-004
 8.1436185e-004
 9.0238987e-004
 9.9272642e-004
 1.0777698e-003
 1.1499160e-003
 1.2018668e-003
 1.2328696e-003
 1.2482684e-003
 1.2536400e-003
 1.2545623e-003
 1.2565209e-003
 1.2619693e-003
 1.2696726e-003
 1.2781728e-003
 1.2860114e-003
 1.2917317e-003
 1.2938766e-003
 1.2909871e-003
 1.2816059e-003
 1.2643153e-003
 1.2390828e-003
 1.2075594e-003
 1.1715094e-003
 1.1326853e-003
 1.0928493e-003
 1.0537601e-003
 1.0171799e-003
 9.8486105e-004
 9.5853303e-004
 9.3870965e-004
 9.2442642e-004
 9.1462448e-004
 9.0824591e-004
 9.0423069e-004
 9.0152136e-004
 8.9905877e-004
 8.9578453e-004
 8.9065940e-004
 8.8333047e-004
 8.7429641e-004
 8.6410705e-004
 8.5331214e-004
 8.4246334e-004
 8.3211117e-004
 8.2280667e-004
 8.1510103e-004
 8.0952956e-004
 8.0611760e-004
 8.0425321e-004
 8.0328371e-004
 8.0255629e-004
 8.0141833e-004
 7.9921726e-004
 7.9530006e-004
 7.8901416e-004
 7.7972893e-004
 7.6760899e-004
 7.5382052e-004
 7.3958910e-004
 7.2614528e-004
 7.1471487e-004
 7.0652744e-004
 7.0281123e-004
 7.0479407e-004
 7.1366795e-004
 7.2928990e-004
 7.4983365e-004
 7.7336095e-004
 7.9793454e-004
 8.2161499e-004
 8.4246945e-004
 8.5855735e-004
 8.6794439e-004
 8.6874107e-004
 8.6090126e-004
 8.4672438e-004
 8.2866353e-004
 8.0916856e-004
 7.9068879e-004
 7.7567727e-004
 7.6658558e-004
 7.6586514e-004
 7.7590690e-004
 7.9686980e-004
 8.2605396e-004
 8.6056738e-004
 8.9751882e-004
 9.3401747e-004
 9.6716970e-004
 9.9409069e-004
 1.0118852e-003
 1.0177216e-003
 1.0109006e-003
 9.9348428e-004
 9.6772041e-004
 9.3584904e-004
 9.0012030e-004
 8.6277234e-004
 8.2605355e-004
 7.9220854e-004
 7.6346239e-004
 7.4117514e-004
 7.2560081e-004
 7.1691285e-004
 7.1528868e-004
 7.2090456e-004
 7.3393458e-004
 7.5455738e-004
 7.8294496e-004
 8.1924093e-004
 8.6210168e-004
 9.0824964e-004
 9.5427717e-004
 9.9677243e-004
 1.0323329e-003
 1.0575531e-003
 1.0690214e-003
 1.0633300e-003
 1.0371883e-003
 9.9201291e-004
 9.3540188e-004
 8.7537093e-004
 8.1994792e-004
 7.7715633e-004
 7.5501908e-004
 7.6155749e-004
 8.0210133e-004
 8.6708192e-004
 9.4183150e-004
 1.0116599e-003
 1.0618819e-003
 1.0778126e-003
 1.0482967e-003
 9.8176918e-004
 8.9341367e-004
 7.9843809e-004
 7.1204576e-004
 6.4944383e-004
 6.2274432e-004
 6.2687969e-004
 6.5080356e-004
 6.8347179e-004
 7.1383349e-004
 7.3083863e-004
 7.2597928e-004
 7.0499000e-004
 6.7857921e-004
 6.5745309e-004
 6.5232534e-004
 6.7390403e-004
 7.3008565e-004
 8.1285660e-004
 9.0861984e-004
 1.0037993e-003
 1.0847923e-003
 1.1380016e-003
 1.1526484e-003
 1.1338487e-003
 1.0923323e-003
 1.0388228e-003
 9.8405511e-004
 9.3876396e-004
 9.1182173e-004
 9.0156321e-004
 9.0258376e-004
 9.0947561e-004
 9.1683056e-004
 9.1924053e-004
 9.1219920e-004
 8.9636655e-004
 8.7424257e-004
 8.4832340e-004
 8.2111097e-004
 7.9510559e-004
 7.7245670e-004
 7.5327861e-004
 7.3696615e-004
 7.2291249e-004
 7.1050692e-004
 6.9914269e-004
 6.8846007e-004
 6.7952950e-004
 6.7393878e-004
 6.7327544e-004
 6.7912671e-004
 6.9308060e-004
 7.1609579e-004
 7.4549293e-004
 7.7727076e-004
 8.0742635e-004
 8.3196419e-004
 8.4688072e-004
 8.4908295e-004
 8.4078737e-004
 8.2613458e-004
 8.0927025e-004
 7.9433504e-004
 7.8547467e-004
 7.8609749e-004
 7.9529081e-004
 8.1056677e-004
 8.2943356e-004
 8.4940426e-004
 8.6798728e-004
 8.8296883e-004
 8.9378230e-004
 9.0045808e-004
 9.0302911e-004
 9.0152875e-004
 8.9598953e-004
 8.8659022e-004
 8.7437796e-004
 8.6071546e-004
 8.4696943e-004
 8.3450612e-004
 8.2468911e-004
 8.1849046e-004
 8.1452611e-004
 8.1053982e-004
 8.0427545e-004
 7.9347711e-004
 7.7588635e-004
 7.4998301e-004
 7.1867014e-004
 6.8648451e-004
 6.5797422e-004
 6.3768588e-004
 6.3016114e-004
 6.3890230e-004
 6.6109904e-004
 6.9159141e-004
 7.2521018e-004
 7.5678469e-004
 7.8115304e-004
 7.9394237e-004
 7.9562649e-004
 7.8849634e-004
 7.7484536e-004
 7.5696933e-004
 7.3715905e-004
 7.1761559e-004
 6.9996424e-004
 6.8560831e-004
 6.7595596e-004
 6.7241339e-004
 6.7638612e-004
 6.8867789e-004
 7.0639350e-004
 7.2523515e-004
 7.4090768e-004
 7.4911059e-004
 7.4554613e-004
 7.2695705e-004
 6.9650949e-004
 6.5981847e-004
 6.2249310e-004
 5.9015263e-004
 5.6841481e-004
 5.6196173e-004
 5.6972343e-004
 5.8842218e-004
 6.1478128e-004
 6.4551929e-004
 6.7735335e-004
 7.0736295e-004
 7.3482364e-004
 7.5985899e-004
 7.8260078e-004
 8.0317439e-004
 8.2170550e-004
 8.3823327e-004
 8.5221807e-004
 8.6290034e-004
 8.6951925e-004
 8.7131694e-004
 8.6753245e-004
 8.5760892e-004
 8.4227335e-004
 8.2275417e-004
 8.0026593e-004
 7.7605003e-004
 7.5131521e-004
 7.2745187e-004
 7.0675067e-004
 6.9188338e-004
 6.8551820e-004
 6.9032237e-004
 7.0895988e-004
 7.4306747e-004
 7.8767590e-004
 8.3523215e-004
 8.7817723e-004
 9.0894854e-004
 9.1999862e-004
 9.0545579e-004
 8.7028224e-004
 8.2370685e-004
 7.7497656e-004
 7.3330518e-004
 7.0795894e-004
 7.0635014e-004
 7.2429545e-004
 7.5300707e-004
 7.8368600e-004
 8.0753001e-004
 8.1574923e-004
 8.0126856e-004
 7.6817762e-004
 7.2500529e-004
 6.8029860e-004
 6.4257439e-004
 6.2039722e-004
 6.2099478e-004
 6.4320519e-004
 6.8249932e-004
 7.3433935e-004
 7.9417630e-004
 8.5750589e-004
 9.1978308e-004
 9.7678287e-004
 1.0243321e-003
 1.0582693e-003
 1.0744325e-003
 1.0686636e-003
 1.0379466e-003
 9.8687946e-004
 9.2307560e-004
 8.5418689e-004
 7.8786863e-004
 7.3173176e-004
 6.9247518e-004
 6.7023997e-004
 6.6257041e-004
 6.6699449e-004
 6.8104034e-004
 7.0223171e-004
 7.2817184e-004
 7.5684721e-004
 7.8644528e-004
 8.1513455e-004
 8.4108394e-004
 8.6247973e-004
 8.7758451e-004
 8.8538090e-004
 8.8512257e-004
 8.7606756e-004
 8.5747358e-004
 8.2860497e-004
 7.8943925e-004
 7.4494653e-004
 7.0207985e-004
 6.6782953e-004
 6.4917945e-004
 6.5310771e-004
 6.8487372e-004
 7.3817390e-004
 8.0186082e-004
 8.6484000e-004
 9.1597362e-004
 9.4413222e-004
 9.4029767e-004
 9.0968114e-004
 8.6338934e-004
 8.1256178e-004
 7.6833466e-004
 7.4184412e-004
 7.4241299e-004
 7.6704740e-004
 8.0759259e-004
 8.5591065e-004
 9.0383954e-004
 9.4321719e-004
 9.6708321e-004
 9.7650714e-004
 9.7596395e-004
 9.6992846e-004
 9.6287852e-004
 9.5929200e-004
 9.6297311e-004
 9.7310491e-004
 9.8691334e-004
 1.0016303e-003
 1.0144798e-003
 1.0226863e-003
 1.0237241e-003
 1.0167704e-003
 1.0017223e-003
 9.7848161e-004
 9.4694959e-004
 9.0702757e-004
 8.5927878e-004
 8.0877048e-004
 7.6256070e-004
 7.2765350e-004
 7.1108830e-004
 7.1989564e-004
 7.5920258e-004
 8.2080800e-004
 8.9087331e-004
 9.5545541e-004
 1.0006952e-003
 1.0126835e-003
 9.8065310e-004
 9.1574679e-004
 8.3859626e-004
 7.6978817e-004
 7.2996237e-004
 7.3974521e-004
 8.1541581e-004
 9.4248238e-004
 1.0933016e-003
 1.2399991e-003
 1.3548842e-003
 1.4101570e-003
 1.3829709e-003
 1.2853841e-003
 1.1446987e-003
 9.8814862e-004
 8.4305584e-004
 7.3672057e-004
 6.9246982e-004
 7.0522219e-004
 7.5755880e-004
 8.3195773e-004
 9.1096567e-004
 9.7708206e-004
 1.0153099e-003
 1.0286052e-003
 1.0277409e-003
 1.0235378e-003
 1.0268146e-003
 1.0483883e-003
 1.0969463e-003
 1.1657551e-003
 1.2413646e-003
 1.3102045e-003
 1.3587954e-003
 1.3736045e-003
 1.3435857e-003
 1.2756578e-003
 1.1846882e-003
 1.0855088e-003
 9.9307194e-004
 9.2220941e-004
 8.8593684e-004
 8.8346825e-004
 9.0791151e-004
 9.5232495e-004
 1.0098014e-003
 1.0734084e-003
 1.1364545e-003
 1.1939725e-003
 1.2417557e-003
 1.2756308e-003
 1.2913793e-003
 1.2848190e-003
 1.2528287e-003
 1.2002639e-003
 1.1355020e-003
 1.0670132e-003
 1.0031878e-003
 9.5246389e-004
 9.2212146e-004
 9.1093138e-004
 9.1383432e-004
 9.2575833e-004
 9.4161968e-004
 9.5634989e-004
 9.6540718e-004
 9.6826022e-004
 9.6618902e-004
 9.6048426e-004
 9.5243100e-004
 9.4332377e-004
 9.3427999e-004
 9.2516985e-004
 9.1529451e-004
 9.0394448e-004
 8.9042459e-004
 8.7402458e-004
 8.5426867e-004
 8.3238329e-004
 8.1037218e-004
 7.9024635e-004
 7.7400374e-004
 7.6366303e-004
 7.6109223e-004
 7.6716242e-004
 7.8227761e-004
 8.0685364e-004
 8.4127771e-004
 8.8597107e-004
 9.4076601e-004
 1.0011734e-003
 1.0607105e-003
 1.1128758e-003
 1.1512007e-003
 1.1691664e-003
 1.1613311e-003
 1.1301744e-003
 1.0818663e-003
 1.0225576e-003
 9.5846946e-004
 8.9573784e-004
 8.4029813e-004
 7.9578970e-004
 7.6486159e-004
 7.5014768e-004
 7.5427786e-004
 7.7988120e-004
 8.2862488e-004
 8.9461892e-004
 9.6845080e-004
 1.0406880e-003
 1.1018888e-003
 1.1426485e-003
 1.1548764e-003
 1.1411883e-003
 1.1091854e-003
 1.0665099e-003
 1.0207724e-003
 9.7963796e-004
 9.4980613e-004
 9.3086273e-004
 9.1901631e-004
 9.1045571e-004
 9.0137176e-004
 8.8794733e-004
 8.6711696e-004
 8.4158836e-004
 8.1682543e-004
 7.9830771e-004
 7.9150533e-004
 8.0189895e-004
 8.3385443e-004
 8.8292378e-004
 9.4046362e-004
 9.9780504e-004
 1.0462716e-003
 1.0772165e-003
 1.0831736e-003
 1.0664510e-003
 1.0340030e-003
 9.9281559e-004
 9.4987545e-004
 9.1217476e-004
 8.8589772e-004
 8.7098300e-004
 8.6432125e-004
 8.6279807e-004
 8.6329569e-004
 8.6269621e-004
 8.5834030e-004
 8.5125130e-004
 8.4423414e-004
 8.4010453e-004
 8.4167859e-004
 8.5176947e-004
 8.7252748e-004
 9.0062339e-004
 9.3010860e-004
 9.5499918e-004
 9.6931437e-004
 9.6707832e-004
 9.4334316e-004
 9.0153643e-004
 8.4918248e-004
 7.9383102e-004
 7.4303144e-004
 7.0433895e-004
 6.8442774e-004
 6.8296614e-004
 6.9615757e-004
 7.2018913e-004
 7.5124629e-004
 7.8553456e-004
 8.2021899e-004
 8.5385866e-004
 8.8507449e-004
 9.1252854e-004
 9.3482592e-004
 9.4999507e-004
 9.5558306e-004
 9.4911258e-004
 9.2810963e-004
 8.9098862e-004
 8.4354304e-004
 7.9522154e-004
 7.5550453e-004
 7.3384942e-004
 7.3687703e-004
 7.5836678e-004
 7.8852067e-004
 8.1753469e-004
 8.3563488e-004
 8.3752751e-004
 8.2915113e-004
 8.1815408e-004
 8.1218657e-004
 8.1879972e-004
 8.4061612e-004
 8.7316945e-004
 9.1140217e-004
 9.5029827e-004
 9.8492031e-004
 1.0121835e-003
 1.0306068e-003
 1.0387353e-003
 1.0351338e-003
 1.0189076e-003
 9.9382666e-004
 9.6601347e-004
 9.4161218e-004
 9.2675234e-004
 9.2666649e-004
 9.4238791e-004
 9.7376155e-004
 1.0206312e-003
 1.0828347e-003
 1.1578674e-003
 1.2373766e-003
 1.3119901e-003
 1.3724326e-003
 1.4094595e-003
 1.4183930e-003
 1.4012422e-003
 1.3605650e-003
 1.2988920e-003
 1.2189581e-003
 1.1268259e-003
 1.0314705e-003
 9.4197853e-004
 8.6737744e-004
 8.1563822e-004
 7.8463933e-004
 7.6716224e-004
 7.5593649e-004
 7.4368436e-004
 7.2476704e-004
 7.0108706e-004
 6.7675632e-004
 6.5588439e-004
 6.4257911e-004
 6.4005569e-004
 6.4922537e-004
 6.7062327e-004
 7.0479914e-004
 7.5220922e-004
 8.0879021e-004
 8.6371315e-004
 9.0558926e-004
 9.2305237e-004
 9.0548891e-004
 8.5691508e-004
 7.9433329e-004
 7.3520717e-004
 6.9696351e-004
 6.9511269e-004
 7.2765298e-004
 7.8344718e-004
 8.5127394e-004
 9.1991178e-004
 9.7980630e-004
 1.0294073e-003
 1.0694633e-003
 1.1007824e-003
 1.1241408e-003
 1.1402725e-003
 1.1490083e-003
 1.1493455e-003
 1.1402620e-003
 1.1207315e-003
 1.0897287e-003
 1.0464395e-003
 9.9411968e-004
 9.3964895e-004
 8.9010492e-004
 8.5249968e-004
 8.3388295e-004
 8.4086542e-004
 8.7181642e-004
 9.1759430e-004
 9.6882868e-004
 1.0161204e-003
 1.0500774e-003
 1.0617013e-003
 1.0496881e-003
 1.0197164e-003
 9.7775250e-004
 9.2972297e-004
 8.8158064e-004
 8.3912950e-004
 8.0537784e-004
 7.8078156e-004
 7.6568854e-004
 7.6046801e-004
 7.6547300e-004
 7.8092271e-004
 8.0422976e-004
 8.3025434e-004
 8.5372967e-004
 8.6942053e-004
 8.7207294e-004
 8.5674465e-004
 8.2462456e-004
 7.8256667e-004
 7.3760463e-004
 6.9682678e-004
 6.6726719e-004
 6.5570680e-004
 6.6318788e-004
 6.8545644e-004
 7.1803492e-004
 7.5647567e-004
 7.9631124e-004
 8.3316956e-004
 8.6451939e-004
 8.8953925e-004
 9.0748811e-004
 9.1760088e-004
 9.1913273e-004
 9.1141951e-004
 8.9566049e-004
 8.7479409e-004
 8.5182948e-004
 8.2975952e-004
 8.1160449e-004
 8.0021512e-004
 7.9550914e-004
 7.9463288e-004
 7.9462602e-004
 7.9252856e-004
 7.8537967e-004
 7.7041046e-004
 7.4882421e-004
 7.2557107e-004
 7.0575019e-004
 6.9444883e-004
 6.9677009e-004
 7.1748387e-004
 7.5460097e-004
 7.9971808e-004
 8.4421324e-004
 8.7940966e-004
 8.9668273e-004
 8.8782149e-004
 8.5396657e-004
 8.0514950e-004
 7.5176393e-004
 7.0416601e-004
 6.7277177e-004
 6.6752324e-004
 6.8947818e-004
 7.3116063e-004
 7.8478892e-004
 8.4251829e-004
 8.9657161e-004
 9.3932566e-004
 9.6733542e-004
 9.8115520e-004
 9.8150165e-004
 9.6908724e-004
 9.4463606e-004
 9.0895267e-004
 8.6498284e-004
 8.1772107e-004
 7.7224482e-004
 7.3363818e-004
 7.0696062e-004
 6.9709646e-004
 7.0430693e-004
 7.2441914e-004
 7.5306895e-004
 7.8591454e-004
 8.1857509e-004
 8.4682513e-004
 8.6893927e-004
 8.8565249e-004
 8.9780171e-004
 9.0622221e-004
 9.1175438e-004
 9.1523060e-004
 9.1748993e-004
 9.1933674e-004
 9.2145236e-004
 9.2448987e-004
 9.2909904e-004
 9.3593355e-004
 9.4564474e-004
 9.5888437e-004
 9.7630447e-004
 9.9855231e-004
 1.0258146e-003
 1.0563660e-003
 1.0880554e-003
 1.1187104e-003
 1.1461638e-003
 1.1682485e-003
 1.1827957e-003
 1.1876436e-003
 1.1806221e-003
 1.1604105e-003
 1.1290356e-003
 1.0893602e-003
 1.0442163e-003
 9.9649001e-004
 9.4901124e-004
 9.0464309e-004
 8.6624036e-004
 8.3665794e-004
 8.1801449e-004
 8.0947648e-004
 8.0949051e-004
 8.1649522e-004
 8.2893152e-004
 8.4523682e-004
 8.6386094e-004
 8.8323158e-004
 9.0179942e-004
 9.1829430e-004
 9.3262538e-004
 9.4499718e-004
 9.5561193e-004
 9.6467952e-004
 9.7239745e-004
 9.7897463e-004
 9.8461378e-004
 9.8951859e-004
 9.9378475e-004
 9.9705544e-004
 9.9886546e-004
 9.9874614e-004
 9.9623087e-004
 9.9085178e-004
 9.8214357e-004
 9.6963311e-004
 9.5286209e-004
 9.3174836e-004
 9.0782263e-004
 8.8302145e-004
 8.5928122e-004
 8.3854212e-004
 8.2273054e-004
 8.1379386e-004
 8.1366207e-004
 8.2427368e-004
 8.4684772e-004
 8.7969430e-004
 9.2033390e-004
 9.6632930e-004
 1.0152174e-003
 1.0645412e-003
 1.1118437e-003
 1.1546613e-003
 1.1905582e-003
 1.2176684e-003
 1.2367191e-003
 1.2490747e-003
 1.2561048e-003
 1.2591828e-003
 1.2596758e-003
 1.2589557e-003
 1.2583919e-003
 1.2593555e-003
 1.2628196e-003
 1.2681014e-003
 1.2740903e-003
 1.2796683e-003
 1.2837250e-003
 1.2851455e-003
 1.2828159e-003
 1.2756225e-003
 1.2624545e-003
 1.2422587e-003
 1.2142970e-003
 1.1778810e-003
 1.1323392e-003
 1.0770063e-003
 1.0115338e-003
 9.4142754e-004
 8.7677251e-004
 8.2783628e-004
 8.0487388e-004
 8.1814057e-004
 8.7687484e-004
 9.7415212e-004
 1.0897925e-003
 1.2033797e-003
 1.2943438e-003
 1.3422440e-003
 1.3278971e-003
 1.2536318e-003
 1.1392172e-003
 1.0050570e-003
 8.7143149e-004
 7.5862242e-004
 6.8603671e-004
 6.5660314e-004
 6.5995066e-004
 6.8529241e-004
 7.2182593e-004
 7.5877574e-004
 7.8578288e-004
 7.9932628e-004
 8.0155511e-004
 7.9477392e-004
 7.8129035e-004
 7.6340273e-004
 7.4348232e-004
 7.2475115e-004
 7.1118033e-004
 7.0674083e-004
 7.1541534e-004
 7.4117800e-004
 7.8758132e-004
 8.5064187e-004
 9.2024857e-004
 9.8601286e-004
 1.0376234e-003
 1.0647487e-003
 1.0577627e-003
 1.0194107e-003
 9.6275256e-004
 9.0109941e-004
 8.4784068e-004
 8.1629591e-004
 8.1898342e-004
 8.5427612e-004
 9.0874627e-004
 9.6854416e-004
 1.0198954e-003
 1.0489528e-003
 1.0428093e-003
 1.0035628e-003
 9.4599341e-004
 8.8521099e-004
 8.3640305e-004
 8.1468694e-004
 8.3426706e-004
 8.9293468e-004
 9.7471132e-004
 1.0630931e-003
 1.1416896e-003
 1.1939993e-003
 1.2045096e-003
 1.1732423e-003
 1.1134627e-003
 1.0387946e-003
 9.6295174e-004
 8.9956523e-004
 8.6165400e-004
 8.5126964e-004
 8.6106284e-004
 8.8338909e-004
 9.1062370e-004
 9.3510980e-004
 9.4963808e-004
 9.5432479e-004
 9.5555239e-004
 9.5991261e-004
 9.7398990e-004
 1.0043852e-003
 1.0571625e-003
 1.1295219e-003
 1.2110573e-003
 1.2910240e-003
 1.3587882e-003
 1.4036145e-003
 1.4154037e-003
 1.3939440e-003
 1.3476121e-003
 1.2850201e-003
 1.2148545e-003
 1.1457107e-003
 1.0860612e-003
 1.0403823e-003
 1.0097743e-003
 9.9525612e-004
 9.9781493e-004
 1.0184457e-003
 1.0579510e-003
 1.1136809e-003
 1.1798977e-003
 1.2508477e-003
 1.3206817e-003
 1.3836483e-003
 1.4340014e-003
 1.4678366e-003
 1.4827745e-003
 1.4764738e-003
 1.4465991e-003
 1.3908417e-003
 1.3073571e-003
 1.2033070e-003
 1.0939046e-003
 9.9448778e-004
 9.2053646e-004
 8.8741345e-004
 9.0960390e-004
 9.8401483e-004
 1.0921705e-003
 1.2149407e-003
 1.3333515e-003
 1.4282657e-003
 1.4815484e-003
 1.4909713e-003
 1.4685374e-003
 1.4266933e-003
 1.3779368e-003
 1.3347062e-003
 1.3089553e-003
 1.3023525e-003
 1.3074902e-003
 1.3166344e-003
 1.3220578e-003
 1.3160264e-003
 1.2911407e-003
 1.2464270e-003
 1.1866045e-003
 1.1165716e-003
 1.0413049e-003
 9.6567889e-004
 8.9467433e-004
 8.3318847e-004
 7.8499084e-004
 7.4986363e-004
 7.2663667e-004
 7.1418227e-004
 7.1134639e-004
 7.1698695e-004
 7.2995707e-004
 7.4912061e-004
 7.7331939e-004
 8.0143492e-004
 8.3234458e-004
 8.6497463e-004
 8.9820626e-004
 9.3095610e-004
 9.6213963e-004
 9.9063921e-004
 1.0153796e-003
 1.0352477e-003
 1.0494816e-003
 1.0584744e-003
 1.0628712e-003
 1.0633268e-003
 1.0604924e-003
 1.0550176e-003
 1.0475578e-003
 1.0387626e-003
 1.0292802e-003
 1.0196129e-003
 1.0096871e-003
 9.9931553e-004
 9.8830077e-004
 9.7644440e-004
 9.6356100e-004
 9.4944675e-004
 9.3391788e-004
 9.1676909e-004
 8.9802133e-004
 8.7841577e-004
 8.5886091e-004
 8.4028603e-004
 8.2359376e-004
 8.0971170e-004
 7.9954835e-004
 7.9401809e-004
 7.9404039e-004
 8.0031977e-004
 8.1278064e-004
 8.3118264e-004
 8.5526350e-004
 8.8477985e-004
 9.1949594e-004
 9.5913780e-004
 1.0034846e-003
 1.0522554e-003
 1.1050084e-003
 1.1603859e-003
 1.2168926e-003
 1.2730341e-003
 1.3272564e-003
 1.3780827e-003
 1.4239626e-003
 1.4634011e-003
 1.4948938e-003
 1.5173180e-003
 1.5311310e-003
 1.5371242e-003
 1.5361032e-003
 1.5288697e-003
 1.5162249e-003
 1.4989631e-003
 1.4778971e-003
 1.4538134e-003
 1.4274576e-003
 1.3992779e-003
 1.3696559e-003
 1.3390057e-003
 1.3076976e-003
 1.2761467e-003
 1.2447234e-003
 1.2138427e-003
 1.1838855e-003
 1.1551649e-003
 1.1277604e-003
 1.1016495e-003
 1.0768474e-003
 1.0533333e-003
 1.0311209e-003
 1.0101983e-003
 9.9055551e-004
 9.7220368e-004
 9.5512619e-004
 9.3933486e-004
 9.2488417e-004
 9.1188878e-004
 9.0047927e-004
 8.9076912e-004
 8.8288670e-004
 8.7694783e-004
 8.7307818e-004
 8.7139680e-004
 8.7202562e-004
 8.7508559e-004
 8.8070065e-004
 8.8897423e-004
 8.9971814e-004
 9.1245904e-004
 9.2669786e-004
 9.4195420e-004
 9.5772720e-004
 9.7353791e-004
 9.8888460e-004
 1.0032834e-003
 1.0162486e-003
 1.0272806e-003
 1.0358972e-003
 1.0416218e-003
 1.0444246e-003
 1.0446983e-003
 1.0428537e-003
 1.0393009e-003
 1.0344534e-003
 1.0287189e-003
 1.0225124e-003
 1.0162430e-003
 1.0103198e-003
 1.0051578e-003
 1.0011647e-003
 9.9873927e-004
 9.9794159e-004
 9.9850434e-004
 1.0001446e-003
 1.0025817e-003
 1.0055321e-003
 1.0087154e-003
 1.0118475e-003
 1.0146475e-003
 1.0168342e-003
 1.0181241e-003
 1.0182360e-003
 1.0168961e-003
 1.0140194e-003
 1.0097129e-003
 1.0040893e-003
 9.9725847e-004
 9.8933862e-004
 9.8043703e-004
 9.7067317e-004
 9.5464464e-004
 9.1901503e-004
 8.8115694e-004
 8.4316451e-004
 8.0623489e-004
 7.7150791e-004
 7.4014027e-004
 7.1329810e-004
 6.9264986e-004
 6.8036787e-004
 6.7863788e-004
 6.8964873e-004
 7.1550964e-004
 7.5647165e-004
 8.1097824e-004
 8.7737310e-004
 9.5402845e-004
 1.0391565e-003
 1.1282021e-003
 1.2138211e-003
 1.2885935e-003
 1.3450627e-003
 1.3758003e-003
 1.3759858e-003
 1.3509640e-003
 1.3085400e-003
 1.2565333e-003
 1.2027427e-003
 1.1549906e-003
 1.1192412e-003
 1.0944165e-003
 1.0777251e-003
 1.0663861e-003
 1.0576113e-003
 1.0486180e-003
 1.0366203e-003
 1.0202075e-003
 1.0032208e-003
 9.9074305e-004
 9.8786422e-004
 9.9967036e-004
 1.0312458e-003
 1.0876849e-003
 1.1740612e-003
 1.2936449e-003
 1.4427318e-003
 1.6160496e-003
 1.8082493e-003
 2.0140684e-003
 2.2281508e-003
 2.4452133e-003
 2.6599744e-003
 2.8673923e-003
 3.0637081e-003
 3.2453423e-003
 3.4088050e-003
 3.5505248e-003
 3.6670018e-003
 3.7546761e-003
 3.8100355e-003
 3.8309277e-003
 3.8203597e-003
 3.7825196e-003
 3.7215932e-003
 3.6417556e-003
 3.5472107e-003
 3.4421233e-003
 3.3307034e-003
 3.2171113e-003
 3.1055592e-003
 3.0002075e-003
 2.9052666e-003
 2.8238592e-003
 2.7553728e-003
 2.6983039e-003
 2.6511783e-003
 2.6124977e-003
 2.5807838e-003
 2.5545440e-003
 2.5322894e-003
 2.5125369e-003
 2.4937955e-003
 2.4745814e-003
 2.4534031e-003
 2.4290860e-003
 2.4015482e-003
 2.3709636e-003
 2.3374935e-003
 2.3013137e-003
 2.2625839e-003
 2.2214814e-003
 2.1781647e-003
 2.1328125e-003
 2.0855872e-003
 2.0366518e-003
 1.9863227e-003
 1.9353753e-003
 1.8847142e-003
 1.8352204e-003
 1.7877981e-003
 1.7433293e-003
 1.7027170e-003
 1.6668445e-003
 1.6366133e-003
 1.6129087e-003
 1.5962748e-003
 1.5860187e-003
 1.5811848e-003
 1.5808181e-003
 1.5839631e-003
 1.5896632e-003
 1.5969640e-003
 1.6049081e-003
 1.6125416e-003
 1.6189072e-003
 1.6232958e-003
 1.6258345e-003
 1.6268310e-003
 1.6265927e-003
 1.6254265e-003
 1.6236400e-003
 1.6215399e-003
 1.6194340e-003
 1.6176293e-003
 1.6164329e-003
 1.6160610e-003
 1.6164214e-003
 1.6173573e-003
 1.6187120e-003
 1.6203283e-003
 1.6220500e-003
 1.6237195e-003
 1.6251807e-003
 1.6262762e-003
 1.6269002e-003
 1.6271155e-003
 1.6270204e-003
 1.6267130e-003
 1.6262914e-003
 1.6258537e-003
 1.6254981e-003
 1.6253226e-003
 1.6253863e-003
 1.6256189e-003
 1.6259237e-003
 1.6262039e-003
 1.6263628e-003
 1.6263037e-003
 1.6259297e-003
 1.6251443e-003
 1.6239426e-003
 1.6226205e-003
 1.6215342e-003
 1.6210406e-003
 1.6214962e-003
 1.6232576e-003
 1.6266820e-003
 1.6321248e-003
 1.6396516e-003
 1.6483816e-003
 1.6572479e-003
 1.6651799e-003
 1.6711109e-003
 1.6739700e-003
 1.6726909e-003
 1.6668316e-003
 1.6579614e-003
 1.6480457e-003
 1.6390545e-003
 1.6329531e-003
 1.6317099e-003
 1.6364232e-003
 1.6454390e-003
 1.6565622e-003
 1.6675935e-003
 1.6763385e-003
 1.6805986e-003
 1.6789953e-003
 1.6727109e-003
 1.6634335e-003
 1.6528477e-003
 1.6426421e-003
 1.6345009e-003
 1.6295923e-003
 1.6274614e-003
 1.6273409e-003
 1.6284623e-003
 1.6300572e-003
 1.6313581e-003
 1.6318281e-003
 1.6316508e-003
 1.6311468e-003
 1.6306371e-003
 1.6304424e-003
 1.6308839e-003
 1.6321323e-003
 1.6338971e-003
 1.6358007e-003
 1.6374644e-003
 1.6385106e-003
 1.6385607e-003
 1.6374327e-003
 1.6355398e-003
 1.6334078e-003
 1.6315633e-003
 1.6305323e-003
 1.6308405e-003
 1.6326751e-003
 1.6352026e-003
 1.6373955e-003
 1.6382288e-003
 1.6366758e-003
 1.6317100e-003
 1.6232731e-003
 1.6141930e-003
 1.6078360e-003
 1.6075687e-003
 1.6167611e-003
 1.6387741e-003
 1.6744796e-003
 1.7173458e-003
 1.7594728e-003
 1.7929669e-003
 1.8099103e-003
 1.8030418e-003
 1.7744033e-003
 1.7331442e-003
 1.6886265e-003
 1.6501812e-003
 1.6266190e-003
 1.6189725e-003
 1.6223685e-003
 1.6317803e-003
 1.6421842e-003
 1.6488014e-003
 1.6504073e-003
 1.6484607e-003
 1.6444885e-003
 1.6400161e-003
 1.6365038e-003
 1.6344767e-003
 1.6337539e-003
 1.6341382e-003
 1.6354329e-003
 1.6374342e-003
 1.6398481e-003
 1.6423131e-003
 1.6444668e-003
 1.6459443e-003
 1.6464129e-003
 1.6459590e-003
 1.6449796e-003
 1.6438796e-003
 1.6430634e-003
 1.6429082e-003
 1.6433966e-003
 1.6442215e-003
 1.6450695e-003
 1.6456263e-003
 1.6456001e-003
 1.6450039e-003
 1.6440739e-003
 1.6430515e-003
 1.6421778e-003
 1.6416778e-003
 1.6415549e-003
 1.6416507e-003
 1.6418033e-003
 1.6418503e-003
 1.6416458e-003
 1.6412596e-003
 1.6409185e-003
 1.6408523e-003
 1.6412908e-003
 1.6424404e-003
 1.6441823e-003
 1.6461646e-003
 1.6480306e-003
 1.6494233e-003
 1.6500112e-003
 1.6498140e-003
 1.6491014e-003
 1.6481486e-003
 1.6472311e-003
 1.6466058e-003
 1.6462931e-003
 1.6461444e-003
 1.6460081e-003
 1.6457313e-003
 1.6451768e-003
 1.6443966e-003
 1.6435767e-003
 1.6429067e-003
 1.6425753e-003
 1.6427572e-003
 1.6434413e-003
 1.6444850e-003
 1.6457436e-003
 1.6470723e-003
 1.6483323e-003
 1.6494648e-003
 1.6504677e-003
 1.6513397e-003
 1.6520793e-003
 1.6526815e-003
 1.6530944e-003
 1.6532337e-003
 1.6530141e-003
 1.6523504e-003
 1.6511758e-003
 1.6496585e-003
 1.6481279e-003
 1.6469167e-003
 1.6463581e-003
 1.6467510e-003
 1.6479677e-003
 1.6495892e-003
 1.6511894e-003
 1.6523430e-003
 1.6526625e-003
 1.6522347e-003
 1.6514683e-003
 1.6507800e-003
 1.6505849e-003
 1.6512579e-003
 1.6526715e-003
 1.6543559e-003
 1.6558367e-003
 1.6566381e-003
 1.6563276e-003
 1.6549962e-003
 1.6530866e-003
 1.6510487e-003
 1.6493315e-003
 1.6483545e-003
 1.6481543e-003
 1.6485135e-003
 1.6492103e-003
 1.6500229e-003
 1.6507431e-003
 1.6513381e-003
 1.6518910e-003
 1.6524872e-003
 1.6532113e-003
 1.6541332e-003
 1.6551358e-003
 1.6559787e-003
 1.6564189e-003
 1.6562135e-003
 1.6551563e-003
 1.6534661e-003
 1.6516424e-003
 1.6501899e-003
 1.6496126e-003
 1.6503545e-003
 1.6521538e-003
 1.6542856e-003
 1.6560183e-003
 1.6566201e-003
 1.6554381e-003
 1.6527462e-003
 1.6494191e-003
 1.6463411e-003
 1.6443965e-003
 1.6443876e-003
 1.6461557e-003
 1.6489234e-003
 1.6519029e-003
 1.6543069e-003
 1.6554118e-003
 1.6552450e-003
 1.6543127e-003
 1.6531292e-003
 1.6522100e-003
 1.6520289e-003
 1.6526018e-003
 1.6536536e-003
 1.6549043e-003
 1.6560733e-003
 1.6569023e-003
 1.6573789e-003
 1.6576458e-003
 1.6578482e-003
 1.6581321e-003
 1.6586247e-003
 1.6592568e-003
 1.6598337e-003
 1.6601591e-003
 1.6600372e-003
 1.6592978e-003
 1.6580669e-003
 1.6566532e-003
 1.6553694e-003
 1.6545275e-003
 1.6544115e-003
 1.6549900e-003
 1.6560352e-003
 1.6573167e-003
 1.6586048e-003
 1.6596765e-003
 1.6603995e-003
 1.6606965e-003
 1.6604906e-003
 1.6597059e-003
 1.6582863e-003
 1.6563974e-003
 1.6543411e-003
 1.6524212e-003
 1.6509425e-003
 1.6501828e-003
 1.6501452e-003
 1.6506646e-003
 1.6515736e-003
 1.6527048e-003
 1.6538930e-003
 1.6549954e-003
 1.6558822e-003
 1.6564245e-003
 1.6564929e-003
 1.6559752e-003
 1.6549361e-003
 1.6535477e-003
 1.6519832e-003
 1.6504161e-003
 1.6490204e-003
 1.6479882e-003
 1.6475200e-003
 1.6478169e-003
 1.6490800e-003
 1.6514686e-003
 1.6547093e-003
 1.6582708e-003
 1.6616195e-003
 1.6642197e-003
 1.6655826e-003
 1.6656921e-003
 1.6648109e-003
 1.6632045e-003
 1.6611402e-003
 1.6588861e-003
 1.6567324e-003
 1.6549816e-003
 1.6539379e-003
 1.6539040e-003
 1.6551295e-003
 1.6573193e-003
 1.6598573e-003
 1.6621255e-003
 1.6635053e-003
 1.6634429e-003
 1.6620385e-003
 1.6597733e-003
 1.6571323e-003
 1.6546008e-003
 1.6526396e-003
 1.6514666e-003
 1.6511575e-003
 1.6517877e-003
 1.6534321e-003
 1.6561204e-003
 1.6594359e-003
 1.6627066e-003
 1.6652572e-003
 1.6664122e-003
 1.6655934e-003
 1.6631864e-003
 1.6601247e-003
 1.6573480e-003
 1.6557978e-003
 1.6563014e-003
 1.6585913e-003
 1.6617812e-003
 1.6649746e-003
 1.6672778e-003
 1.6678951e-003
 1.6669913e-003
 1.6652721e-003
 1.6634488e-003
 1.6622329e-003
 1.6622489e-003
 1.6632837e-003
 1.6646549e-003
 1.6656752e-003
 1.6656576e-003
 1.6640106e-003
 1.6610642e-003
 1.6576586e-003
 1.6546397e-003
 1.6528529e-003
 1.6530501e-003
 1.6550749e-003
 1.6582719e-003
 1.6619798e-003
 1.6655391e-003
 1.6683226e-003
 1.6700434e-003
 1.6705994e-003
 1.6698893e-003
 1.6678128e-003
 1.6643266e-003
 1.6599236e-003
 1.6553876e-003
 1.6515089e-003
 1.6490746e-003
 1.6487729e-003
 1.6503677e-003
 1.6531234e-003
 1.6562968e-003
 1.6591465e-003
 1.6610022e-003
 1.6618441e-003
 1.6620023e-003
 1.6618117e-003
 1.6616059e-003
 1.6616839e-003
 1.6620182e-003
 1.6624086e-003
 1.6626525e-003
 1.6625474e-003
 1.6619160e-003
 1.6608116e-003
 1.6594094e-003
 1.6578854e-003
 1.6564154e-003
 1.6551622e-003
 1.6541545e-003
 1.6533531e-003
 1.6527169e-003
 1.6522056e-003
 1.6517915e-003
 1.6515584e-003
 1.6516501e-003
 1.6522100e-003
 1.6533821e-003
 1.6552757e-003
 1.6576954e-003
 1.6602880e-003
 1.6626967e-003
 1.6645666e-003
 1.6655852e-003
 1.6658142e-003
 1.6655105e-003
 1.6649318e-003
 1.6643365e-003
 1.6639583e-003
 1.6638221e-003
 1.6638442e-003
 1.6639405e-003
 1.6640263e-003
 1.6640311e-003
 1.6640038e-003
 1.6640553e-003
 1.6642954e-003
 1.6648357e-003
 1.6657653e-003
 1.6669924e-003
 1.6683338e-003
 1.6696050e-003
 1.6706211e-003
 1.6712162e-003
 1.6713784e-003
 1.6711745e-003
 1.6706719e-003
 1.6699380e-003
 1.6690540e-003
 1.6682220e-003
 1.6677045e-003
 1.6677646e-003
 1.6686651e-003
 1.6705603e-003
 1.6726984e-003
 1.6738720e-003
 1.6728728e-003
 1.6684916e-003
 1.6599714e-003
 1.6503424e-003
 1.6445043e-003
 1.6473716e-003
 1.6638588e-003
 1.6977593e-003
 1.7434885e-003
 1.7908773e-003
 1.8297182e-003
 1.8498054e-003
 1.8424622e-003
 1.8116711e-003
 1.7675972e-003
 1.7204364e-003
 1.6804202e-003
 1.6565829e-003
 1.6485190e-003
 1.6512258e-003
 1.6596717e-003
 1.6688177e-003
 1.6742015e-003
 1.6759572e-003
 1.6764445e-003
 1.6780363e-003
 1.6831059e-003
 1.6935758e-003
 1.7077588e-003
 1.7222206e-003
 1.7335268e-003
 1.7382398e-003
 1.7334718e-003
 1.7207087e-003
 1.7035379e-003
 1.6855493e-003
 1.6703358e-003
 1.6610728e-003
 1.6576542e-003
 1.6584079e-003
 1.6616547e-003
 1.6657168e-003
 1.6690637e-003
 1.6713477e-003
 1.6727748e-003
 1.6735559e-003
 1.6739005e-003
 1.6740029e-003
 1.6739313e-003
 1.6736959e-003
 1.6733061e-003
 1.6727712e-003
 1.6721147e-003
 1.6714679e-003
 1.6710120e-003
 1.6709284e-003
 1.6713988e-003
 1.6725531e-003
 1.6741294e-003
 1.6756818e-003
 1.6767654e-003
 1.6769347e-003
 1.6758344e-003
 1.6737954e-003
 1.6714657e-003
 1.6694932e-003
 1.6685263e-003
 1.6690991e-003
 1.6708770e-003
 1.6731297e-003
 1.6751250e-003
 1.6761308e-003
 1.6755415e-003
 1.6737072e-003
 1.6714097e-003
 1.6694335e-003
 1.6685630e-003
 1.6694487e-003
 1.6717430e-003
 1.6746492e-003
 1.6773691e-003
 1.6791023e-003
 1.6791738e-003
 1.6778144e-003
 1.6756605e-003
 1.6733523e-003
 1.6715282e-003
 1.6707421e-003
 1.6709253e-003
 1.6717324e-003
 1.6728160e-003
 1.6738294e-003
 1.6744682e-003
 1.6747378e-003
 1.6747809e-003
 1.6747401e-003
 1.6747589e-003
 1.6749592e-003
 1.6753101e-003
 1.6757139e-003
 1.6760729e-003
 1.6762889e-003
 1.6762854e-003
 1.6761441e-003
 1.6760147e-003
 1.6760473e-003
 1.6763923e-003
 1.6771603e-003
 1.6781848e-003
 1.6791793e-003
 1.6798553e-003
 1.6799257e-003
 1.6791690e-003
 1.6778323e-003
 1.6763638e-003
 1.6752133e-003
 1.6748301e-003
 1.6755807e-003
 1.6772524e-003
 1.6793832e-003
 1.6815099e-003
 1.6831708e-003
 1.6839701e-003
 1.6839800e-003
 1.6834707e-003
 1.6827143e-003
 1.6819818e-003
 1.6814703e-003
 1.6808613e-003
 1.6796193e-003
 1.6772074e-003
 1.6730891e-003
 1.6670378e-003
 1.6609689e-003
 1.6576906e-003
 1.6600160e-003
 1.6707614e-003
 1.6919305e-003
 1.7200542e-003
 1.7493786e-003
 1.7741465e-003
 1.7885830e-003
 1.7879530e-003
 1.7744106e-003
 1.7529617e-003
 1.7286380e-003
 1.7064553e-003
 1.6907916e-003
 1.6817062e-003
 1.6774816e-003
 1.6763961e-003
 1.6767256e-003
 1.6769322e-003
 1.6767102e-003
 1.6762580e-003
 1.6757761e-003
 1.6754642e-003
 1.6754891e-003
 1.6757965e-003
 1.6762427e-003
 1.6766832e-003
 1.6769742e-003
 1.6769733e-003
 1.6766422e-003
 1.6761025e-003
 1.6754897e-003
 1.6749385e-003
 1.6745847e-003
 1.6745612e-003
 1.6748926e-003
 1.6754376e-003
 1.6760411e-003
 1.6765479e-003
 1.6768031e-003
 1.6766540e-003
 1.6760856e-003
 1.6752930e-003
 1.6744875e-003
 1.6738806e-003
 1.6736839e-003
 1.6741060e-003
 1.6751613e-003
 1.6765754e-003
 1.6780500e-003
 1.6792857e-003
 1.6799844e-003
 1.6798517e-003
 1.6788074e-003
 1.6770926e-003
 1.6749740e-003
 1.6727175e-003
 1.6705903e-003
 1.6688559e-003
 1.6676462e-003
 1.6668959e-003
 1.6665244e-003
 1.6664510e-003
 1.6665946e-003
 1.6668745e-003
 1.6672165e-003
 1.6675857e-003
 1.6679612e-003
 1.6683242e-003
 1.6686543e-003
 1.6689317e-003
 1.6691366e-003
 1.6692564e-003
 1.6693246e-003
 1.6693927e-003
 1.6695115e-003
 1.6697324e-003
 1.6701063e-003
 1.6706844e-003
 1.6714960e-003
 1.6724335e-003
 1.6733386e-003
 1.6740530e-003
 1.6744181e-003
 1.6742756e-003
 1.6734670e-003
 1.6718862e-003
 1.6697457e-003
 1.6673756e-003
 1.6651080e-003
 1.6632741e-003
 1.6622049e-003
 1.6622314e-003
 1.6636074e-003
 1.6661208e-003
 1.6693878e-003
 1.6730248e-003
 1.6766458e-003
 1.6798669e-003
 1.6823044e-003
 1.6836441e-003
 1.6839900e-003
 1.6836002e-003
 1.6827326e-003
 1.6816452e-003
 1.6805956e-003
 1.6798422e-003
 1.6795995e-003
 1.6798266e-003
 1.6803904e-003
 1.6811567e-003
 1.6819923e-003
 1.6827633e-003
 1.6833364e-003
 1.6836001e-003
 1.6835717e-003
 1.6833149e-003
 1.6828936e-003
 1.6823719e-003
 1.6818134e-003
 1.6812823e-003
 1.6808304e-003
 1.6804422e-003
 1.6800786e-003
 1.6796996e-003
 1.6792659e-003
 1.6787377e-003
 1.6780754e-003
 1.6772550e-003
 1.6763387e-003
 1.6754202e-003
 1.6745923e-003
 1.6739490e-003
 1.6735832e-003
 1.6735884e-003
 1.6740317e-003
 1.6748311e-003
 1.6758537e-003
 1.6769655e-003
 1.6780330e-003
 1.6789222e-003
 1.6794998e-003
 1.6796646e-003
 1.6794968e-003
 1.6791405e-003
 1.6787391e-003
 1.6784361e-003
 1.6783753e-003
 1.6787004e-003
 1.6795123e-003
 1.6806786e-003
 1.6819858e-003
 1.6832214e-003
 1.6841710e-003
 1.6846220e-003
 1.6843610e-003
 1.6832440e-003
 1.6815068e-003
 1.6795163e-003
 1.6776373e-003
 1.6762357e-003
 1.6756776e-003
 1.6763287e-003
 1.6784152e-003
 1.6814091e-003
 1.6845276e-003
 1.6869861e-003
 1.6880019e-003
 1.6867917e-003
 1.6825723e-003
 1.6745921e-003
 1.6634094e-003
 1.6512602e-003
 1.6404931e-003
 1.6334557e-003
 1.6325007e-003
 1.6399744e-003
 1.6582257e-003
 1.6895412e-003
 1.7335147e-003
 1.7863518e-003
 1.8440292e-003
 1.9025239e-003
 1.9578256e-003
 2.0058840e-003
 2.0426901e-003
 2.0643028e-003
 2.0698227e-003
 2.0621964e-003
 2.0446223e-003
 2.0202978e-003
 1.9924110e-003
 1.9641728e-003
 1.9387724e-003
 1.9193470e-003
 1.9069012e-003
 1.8997777e-003
 1.8961411e-003
 1.8941587e-003
 1.8919990e-003
 1.8878283e-003
 1.8798163e-003
 1.8661711e-003
 1.8465456e-003
 1.8223786e-003
 1.7952396e-003
 1.7666799e-003
 1.7382569e-003
 1.7115219e-003
 1.6880445e-003
 1.6693516e-003
 1.6561429e-003
 1.6480944e-003
 1.6448185e-003
 1.6459292e-003
 1.6510385e-003
 1.6597591e-003
 1.6717068e-003
 1.6864937e-003
 1.7039024e-003
 1.7239116e-003
 1.7465178e-003
 1.7717003e-003
 1.7994556e-003
 1.8297734e-003
 1.8626447e-003
 1.8980617e-003
 1.9357553e-003
 1.9751971e-003
 2.0158342e-003
 2.0571225e-003
 2.0984891e-003
 2.1393909e-003
 2.1792739e-003
 2.2175848e-003
 2.2534267e-003
 2.2855571e-003
 2.3127007e-003
 2.3335863e-003
 2.3469294e-003
 2.3514607e-003
 2.3459047e-003
 2.3290354e-003
 2.3011481e-003
 2.2643697e-003
 2.2209135e-003
 2.1729982e-003
 2.1228297e-003
 2.0726512e-003
 2.0246690e-003
 1.9810610e-003
 1.9427359e-003
 1.9091503e-003
 1.8796490e-003
 1.8535865e-003
 1.8303173e-003
 1.8091912e-003
 1.7895725e-003
 1.7708269e-003
 1.7528194e-003
 1.7359861e-003
 1.7208058e-003
 1.7077463e-003
 1.6972790e-003
 1.6898738e-003
 1.6860062e-003
 1.6861316e-003
 1.6903038e-003
 1.6981112e-003
 1.7091196e-003
 1.7228867e-003
 1.7389773e-003
 1.7569546e-003
 1.7763858e-003
 1.7968140e-003
 1.8174755e-003
 1.8372382e-003
 1.8549543e-003
 1.8694629e-003
 1.8796169e-003
 1.8842642e-003
 1.8822516e-003
 1.8724749e-003
 1.8551797e-003
 1.8321340e-003
 1.8051878e-003
 1.7761827e-003
 1.7469830e-003
 1.7194316e-003
 1.6953775e-003
 1.6766241e-003
 1.6637673e-003
 1.6560280e-003
 1.6525610e-003
 1.6525203e-003
 1.6550602e-003
 1.6593344e-003
 1.6644974e-003
 1.6697034e-003
 1.6741238e-003
 1.6773859e-003
 1.6796266e-003
 1.6810072e-003
 1.6816900e-003
 1.6818360e-003
 1.6816074e-003
 1.6811660e-003
 1.6806734e-003
 1.6802913e-003
 1.6801779e-003
 1.6803872e-003
 1.6808601e-003
 1.6815319e-003
 1.6823376e-003
 1.6832126e-003
 1.6840920e-003
 1.6849114e-003
 1.6856054e-003
 1.6861095e-003
 1.6863606e-003
 1.6863474e-003
 1.6861128e-003
 1.6857038e-003
 1.6851657e-003
 1.6845452e-003
 1.6838881e-003
 1.6832412e-003
 1.6826503e-003
 1.6821611e-003
 1.6818194e-003
 1.6816377e-003
 1.6815944e-003
 1.6816668e-003
 1.6818320e-003
 1.6820665e-003
 1.6823476e-003
 1.6826522e-003
 1.6829575e-003
 1.6832401e-003
 1.6834778e-003
 1.6836599e-003
 1.6837893e-003
 1.6838687e-003
 1.6839014e-003
 1.6838902e-003
 1.6838385e-003
 1.6837493e-003
 1.6836256e-003
 1.6834703e-003
 1.6832869e-003
 1.6830807e-003
 1.6828588e-003
 1.6826293e-003
 1.6823999e-003
 1.6821781e-003
 1.6819716e-003
 1.6817881e-003
 1.6816355e-003
 1.6815210e-003
 1.6814523e-003
 1.6814304e-003
 1.6814501e-003
 1.6815056e-003
 1.6815912e-003
 1.6817009e-003
 1.6818296e-003
 1.6819711e-003
 1.6821201e-003
 1.6822706e-003
 1.6824171e-003
 1.6825561e-003
 1.6826856e-003
 1.6828042e-003
 1.6829106e-003
 1.6830028e-003
 1.6830794e-003
 1.6831391e-003
 1.6831802e-003
 1.6832006e-003
 1.6831995e-003
 1.6831764e-003
 1.6831324e-003
 1.6830682e-003
 1.6829855e-003
 1.6828849e-003
 1.6827675e-003
 1.6826347e-003
 1.6824873e-003
 1.6823264e-003
 1.6821533e-003
 1.6819695e-003
 1.6817767e-003
 1.6815778e-003
 1.6813742e-003
 1.6811684e-003
 1.6809625e-003
 1.6807585e-003
 1.6805585e-003
 1.6803647e-003
 1.6801791e-003
 1.6800036e-003
 1.6798388e-003
 1.6796861e-003
 1.6795465e-003
 1.6794211e-003
 1.6793108e-003
 1.6792170e-003
 1.6791405e-003
 1.6790824e-003
 1.6790439e-003
 1.6790283e-003
 1.6790406e-003
 1.6790861e-003
 1.6791702e-003
 1.6792979e-003
 1.6794746e-003
 1.6797056e-003
 1.6799959e-003
 1.6803507e-003
 1.6807750e-003
 1.6812565e-003
 1.6817674e-003
 1.6822796e-003
 1.6827652e-003
 1.6831955e-003
 1.6835422e-003
 1.6837773e-003
 1.6838725e-003
 1.6837994e-003
 1.6835317e-003
 1.6830814e-003
 1.6824959e-003
 1.6818248e-003
 1.6811178e-003
 1.6804240e-003
 1.6797927e-003
 1.6792732e-003
 1.6789151e-003
 1.6787675e-003
 1.6788773e-003
 1.6792349e-003
 1.6797788e-003
 1.6804453e-003
 1.6811705e-003
 1.6818912e-003
 1.6825435e-003
 1.6830635e-003
 1.6833880e-003
 1.6834532e-003
 1.6831987e-003
 1.6826345e-003
 1.6818348e-003
 1.6808757e-003
 1.6798340e-003
 1.6787860e-003
 1.6778087e-003
 1.6769785e-003
 1.6763718e-003
 1.6760650e-003
 1.6761307e-003
 1.6765567e-003
 1.6772546e-003
 1.6781327e-003
 1.6790994e-003
 1.6800634e-003
 1.6809335e-003
 1.6816179e-003
 1.6820250e-003
 1.6820637e-003
 1.6816496e-003
 1.6808357e-003
 1.6797986e-003
 1.6787201e-003
 1.6777813e-003
 1.6771635e-003
 1.6770480e-003
 1.6776162e-003
 1.6790492e-003
 1.6815283e-003
 1.6852230e-003
 1.6900558e-003
 1.6957355e-003
 1.7019616e-003
 1.7084347e-003
 1.7148555e-003
 1.7209217e-003
 1.7263349e-003
 1.7307947e-003
 1.7340019e-003
 1.7356751e-003
 1.7359116e-003
 1.7351373e-003
 1.7337892e-003
 1.7323059e-003
 1.7311242e-003
 1.7306820e-003
 1.7314164e-003
 1.7337662e-003
 1.7381670e-003
 1.7450366e-003
 1.7544171e-003
 1.7660275e-003
 1.7795684e-003
 1.7947479e-003
 1.8112713e-003
 1.8288487e-003
 1.8471774e-003
 1.8659669e-003
 1.8849229e-003
 1.9037514e-003
 1.9221657e-003
 1.9398687e-003
 1.9565769e-003
 1.9720027e-003
 1.9858608e-003
 1.9978564e-003
 2.0077056e-003
 2.0151199e-003
 2.0198121e-003
 2.0215167e-003
 2.0204003e-003
 2.0169911e-003
 2.0118274e-003
 2.0054525e-003
 1.9984050e-003
 1.9912245e-003
 1.9844512e-003
 1.9786239e-003
 1.9742856e-003
 1.9719461e-003
 1.9716301e-003
 1.9729550e-003
 1.9755238e-003
 1.9789410e-003
 1.9828107e-003
 1.9867376e-003
 1.9903239e-003
 1.9931744e-003
 1.9948934e-003
 1.9951004e-003
 1.9936762e-003
 1.9907183e-003
 1.9863315e-003
 1.9806195e-003
 1.9736842e-003
 1.9656334e-003
 1.9565693e-003
 1.9465965e-003
 1.9358158e-003
 1.9243618e-003
 1.9127696e-003
 1.9019119e-003
 1.8926710e-003
 1.8859282e-003
 1.8825690e-003
 1.8834744e-003
 1.8895261e-003
 1.9016110e-003
 1.9206051e-003
 1.9473105e-003
 1.9811904e-003
 2.0206380e-003
 2.0639859e-003
 2.1095951e-003
 2.1558173e-003
 2.2010151e-003
 2.2435188e-003
 2.2816907e-003
 2.3138835e-003
 2.3385412e-003
 2.3555674e-003
 2.3660194e-003
 2.3709999e-003
 2.3716060e-003
 2.3689342e-003
 2.3640841e-003
 2.3581528e-003
 2.3522377e-003
 2.3474351e-003
 2.3447890e-003
 2.3444619e-003
 2.3459243e-003
 2.3486295e-003
 2.3520307e-003
 2.3555786e-003
 2.3587260e-003
 2.3609258e-003
 2.3616306e-003
 2.3602922e-003
 2.3564151e-003
 2.3502971e-003
 2.3428511e-003
 2.3350122e-003
 2.3277109e-003
 2.3218784e-003
 2.3184463e-003
 2.3183469e-003
 2.3225117e-003
 2.3318718e-003
 2.3472719e-003
 2.3682532e-003
 2.3933339e-003
 2.4210201e-003
 2.4498135e-003
 2.4782233e-003
 2.5047376e-003
 2.5278649e-003
 2.5461076e-003
 2.5579694e-003
 2.5620707e-003
 2.5588628e-003
 2.5501798e-003
 2.5378915e-003
 2.5238630e-003
 2.5099709e-003
 2.4980812e-003
 2.4900623e-003
 2.4877847e-003
 2.4931179e-003
 2.5077611e-003
 2.5309587e-003
 2.5601198e-003
 2.5925850e-003
 2.6257166e-003
 2.6568694e-003
 2.6833999e-003
 2.7026662e-003
 2.7120151e-003
 2.7088071e-003
 2.6905879e-003
 2.6575844e-003
 2.6120502e-003
 2.5562628e-003
 2.4925065e-003
 2.4230487e-003
 2.3502070e-003
 2.2762497e-003
 2.2034610e-003
 2.1341254e-003
 2.0704186e-003
 2.0132565e-003
 1.9625498e-003
 1.9182032e-003
 1.8801129e-003
 1.8482016e-003
 1.8223644e-003
 1.8025051e-003
 1.7885268e-003
 1.7803399e-003
 1.7778240e-003
 1.7805698e-003
 1.7879580e-003
 1.7993584e-003
 1.8141465e-003
 1.8316956e-003
 1.8513798e-003
 1.8725776e-003
 1.8946530e-003
 1.9169843e-003
 1.9389723e-003
 1.9603828e-003
 1.9812249e-003
 2.0015277e-003
 2.0213169e-003
 2.0406214e-003
 2.0594564e-003
 2.0778519e-003
 2.0958320e-003
 2.1134214e-003
 2.1306623e-003
 2.1477507e-003
 2.1650149e-003
 2.1827812e-003
 2.2013797e-003
 2.2211282e-003
 2.2423572e-003
 2.2653928e-003
 2.2905676e-003
 2.3181960e-003
 2.3485720e-003
 2.3815022e-003
 2.4164547e-003
 2.4528992e-003
 2.4902797e-003
 2.5280656e-003
 2.5657192e-003
 2.6027090e-003
 2.6384799e-003
 2.6725009e-003
 2.7042890e-003
 2.7340665e-003
 2.7625184e-003
 2.7903609e-003
 2.8183023e-003
 2.8470524e-003
 2.8773262e-003
 2.9098187e-003
 2.9452459e-003
 2.9843159e-003
 3.0277076e-003
 3.0755550e-003
 3.1276711e-003
 3.1838529e-003
 3.2439120e-003
 3.3076163e-003
 3.3747773e-003
 3.4451906e-003
 3.5186722e-003
 3.5949827e-003
 3.6738971e-003
 3.7546849e-003
 3.8362853e-003
 3.9176517e-003
 3.9976784e-003
 4.0753190e-003
 4.1495073e-003
 4.2191930e-003
 4.2832764e-003
 4.3407073e-003
 4.3905438e-003
 4.4333315e-003
 4.4705765e-003
 4.5038331e-003
 4.5346441e-003
 4.5645526e-003
 4.5951107e-003
 4.6278457e-003
 4.6643093e-003
 4.7060442e-003
 4.7544735e-003
 4.8093861e-003
 4.8695593e-003
 4.9337386e-003
 5.0006858e-003
 5.0691143e-003
 5.1377867e-003
 5.2054483e-003
 5.2708457e-003
 5.3327386e-003
 5.3899689e-003
 5.4428941e-003
 5.4928125e-003
 5.5410480e-003
 5.5888933e-003
 5.6376741e-003
 5.6887050e-003
 5.7433126e-003
 5.8027864e-003
 5.8684531e-003
 5.9415926e-003
 6.0231136e-003
 6.1136191e-003
 6.2137586e-003
 6.3241683e-003
 6.4454819e-003
 6.5783681e-003
 6.7233969e-003
 6.8812328e-003
 7.0525110e-003
 7.2377985e-003
 7.4362345e-003
 7.6462757e-003
 7.8663165e-003
 8.0948118e-003
 8.3300499e-003
 8.5704830e-003
 8.8145072e-003
 9.0605225e-003
 9.3069850e-003
 9.5525952e-003
 9.8009352e-003
 1.0058475e-002
 1.0331796e-002
 1.0627282e-002
 1.0951512e-002
 1.1310998e-002
 1.1712358e-002
 1.2161917e-002
 1.2666278e-002
 1.3230664e-002
 1.3846104e-002
 1.4495005e-002
 1.5159170e-002
 1.5820872e-002
 1.6462227e-002
 1.7065492e-002
 1.7612493e-002
 1.8085498e-002
 1.8466625e-002
 1.8739520e-002
 1.8903580e-002
 1.8968156e-002
 1.8942654e-002
 1.8836455e-002
 1.8659016e-002
 1.8419735e-002
 1.8128013e-002
 1.7793270e-002
 1.7424818e-002
 1.7031649e-002
 1.6616134e-002
 1.6176904e-002
 1.5712418e-002
 1.5221466e-002
 1.4702520e-002
 1.4154148e-002
 1.3574783e-002
 1.2963274e-002
 1.2318062e-002
 1.1638413e-002
 1.0930893e-002
 1.0206240e-002
 9.4757695e-003
 8.7502804e-003
 8.0407411e-003
 7.3579634e-003
 6.7132437e-003
 6.1173849e-003
 5.5813557e-003
 5.1149875e-003
 4.7177626e-003
 4.3825400e-003
 4.1022142e-003
 3.8696849e-003
 3.6778064e-003
 3.5195665e-003
 3.3878109e-003
 3.2754373e-003
 3.1753199e-003
 3.0808300e-003
 2.9896153e-003
 2.9018733e-003
 2.8178124e-003
 2.7377028e-003
 2.6617525e-003
 2.5901911e-003
 2.5232311e-003
 2.4611340e-003
 2.4041126e-003
 2.3524372e-003
 2.3067975e-003
 2.2681151e-003
 2.2373407e-003
 2.2153964e-003
 2.2032158e-003
 2.2017315e-003
 2.2118771e-003
 2.2345837e-003
 2.2707835e-003
 2.3212314e-003
 2.3847641e-003
 2.4591875e-003
 2.5422836e-003
 2.6318366e-003
 2.7256508e-003
 2.8214650e-003
 2.9170834e-003
 3.0102890e-003
 3.0988855e-003
 3.1806265e-003
 3.2534674e-003
 3.3154185e-003
 3.3644987e-003
 3.3986957e-003
 3.4160330e-003
 3.4145208e-003
 3.3921700e-003
 3.3469768e-003
 3.2769728e-003
 3.1805877e-003
 3.0603157e-003
 2.9208614e-003
 2.7670551e-003
 2.6036291e-003
 2.4353459e-003
 2.2669293e-003
 2.1032235e-003
 1.9489512e-003
 1.8088755e-003
 1.6877594e-003
 1.5898960e-003
 1.5154425e-003
 1.4621902e-003
 1.4279339e-003
 1.4104656e-003
 1.4075880e-003
 1.4170894e-003
 1.4367641e-003
 1.4644150e-003
 1.4978220e-003
 1.5347858e-003
 1.5731013e-003
 1.6105712e-003
 1.6449720e-003
 1.6742804e-003
 1.6980468e-003
 1.7166698e-003
 1.7305587e-003
 1.7401142e-003
 1.7457467e-003
 1.7478630e-003
 1.7468694e-003
 1.7431733e-003
 1.7371818e-003
 1.7293012e-003
 1.7199365e-003
 1.7094986e-003
 1.6983924e-003
 1.6870247e-003
 1.6758025e-003
 1.6651299e-003
 1.6554190e-003
 1.6470401e-003
 1.6400656e-003
 1.6344085e-003
 1.6299847e-003
 1.6267061e-003
 1.6244859e-003
 1.6232367e-003
 1.6228727e-003
 1.6233063e-003
 1.6244509e-003
 1.6262196e-003
 1.6285263e-003
 1.6312826e-003
 1.6344029e-003
 1.6377994e-003
 1.6413871e-003
 1.6450768e-003
 1.6487830e-003
 1.6524184e-003
 1.6558970e-003
 1.6591307e-003
 1.6620333e-003
 1.6645258e-003
 1.6665964e-003
 1.6682665e-003
 1.6695590e-003
 1.6704964e-003
 1.6711010e-003
 1.6713953e-003
 1.6714016e-003
 1.6711424e-003
 1.6706403e-003
 1.6699173e-003
 1.6689963e-003
 1.6678995e-003
 1.6666494e-003
 1.6652679e-003
 1.6637783e-003
 1.6622028e-003
 1.6605635e-003
 1.6588829e-003
 1.6571833e-003
 1.6554876e-003
 1.6538181e-003
 1.6521969e-003
 1.6506463e-003
 1.6491895e-003
 1.6478483e-003
 1.6466433e-003
 1.6455775e-003
 1.6446465e-003
 1.6438451e-003
 1.6431682e-003
 1.6426103e-003
 1.6421666e-003
 1.6418324e-003
 1.6416023e-003
 1.6414712e-003
 1.6414343e-003
 1.6414863e-003
 1.6416222e-003
 1.6418367e-003
 1.6421253e-003
 1.6424826e-003
 1.6429035e-003
 1.6433828e-003
 1.6439161e-003
 1.6444977e-003
 1.6451228e-003
 1.6457860e-003
 1.6464826e-003
 1.6472077e-003
 1.6479557e-003
 1.6487219e-003
 1.6495012e-003
 1.6502886e-003
 1.6510787e-003
 1.6518668e-003
 1.6526474e-003
 1.6534122e-003
 1.6541515e-003
 1.6548557e-003
 1.6555149e-003
 1.6561202e-003
 1.6566613e-003
 1.6571286e-003
 1.6575127e-003
 1.6578040e-003
 1.6579926e-003
 1.6580690e-003
 1.6580233e-003
 1.6578465e-003
 1.6575283e-003
 1.6570594e-003
 1.6564302e-003
 1.6556309e-003
 1.6546517e-003
 1.6534831e-003
 1.6521158e-003
 1.6505399e-003
 1.6487456e-003
 1.6467230e-003
 1.6444633e-003
 1.6419565e-003
 1.6391929e-003
 1.6361621e-003
 1.6328559e-003
 1.6292640e-003
 1.6253766e-003
 1.6211844e-003
 1.6166855e-003
 1.6119510e-003
 1.6070799e-003
 1.6021724e-003
 1.5973279e-003
 1.5926491e-003
 1.5882351e-003
 1.5841861e-003
 1.5806019e-003
 1.5775844e-003
 1.5752332e-003
 1.5736484e-003
 1.5729305e-003
 1.5731801e-003
 1.5744972e-003
 1.5769820e-003
 1.5807351e-003
 1.5858583e-003
 1.5924493e-003
 1.6006096e-003
 1.6104395e-003
 1.6220423e-003
 1.6355129e-003
 1.6509541e-003
 1.6684664e-003
 1.6881550e-003
 1.7101106e-003
 1.7344382e-003
 1.7612384e-003
 1.7906113e-003
 1.8226651e-003
 1.8574852e-003
 1.8951611e-003
 1.9356480e-003
 1.9788553e-003
 2.0246620e-003
 2.0729760e-003
 2.1236967e-003
 2.1767362e-003
 2.2319679e-003
 2.2893029e-003
 2.3486400e-003
 2.4098782e-003
 2.4729322e-003
 2.5376698e-003
 2.6040054e-003
 2.6718378e-003
 2.7410823e-003
 2.8116051e-003
 2.8833214e-003
 2.9561298e-003
 3.0299472e-003
 3.1046374e-003
 3.1801162e-003
 3.2562828e-003
 3.3330549e-003
 3.4102942e-003
 3.4879181e-003
 3.5658251e-003
 3.6439146e-003
 3.7221040e-003
 3.8002548e-003
 3.8782849e-003
 3.9560925e-003
 4.0335925e-003
 4.1106194e-003
 4.1870554e-003
 4.2627631e-003
 4.3376232e-003
 4.4114627e-003
 4.4841631e-003
 4.5555872e-003
 4.6255970e-003
 4.6940725e-003
 4.7608428e-003
 4.8257881e-003
 4.8887720e-003
 4.9496712e-003
 5.0083185e-003
 5.0645922e-003
 5.1183556e-003
 5.1694829e-003
 5.2178134e-003
 5.2632210e-003
 5.3055706e-003
 5.3447234e-003
 5.3805513e-003
 5.4129004e-003
 5.4416419e-003
 5.4666377e-003
 5.4877577e-003
 5.5048531e-003
 5.5177920e-003
 5.5264384e-003
 5.5306554e-003
 5.5303038e-003
 5.5253319e-003
 5.5162408e-003
 5.5037495e-003
 5.4885875e-003
 5.4714759e-003
 5.4531377e-003
 5.4342966e-003
 5.4156710e-003
 5.3979936e-003
 5.3819837e-003
 5.3683636e-003
 5.3578550e-003
 5.3511867e-003
 5.3490787e-003
 5.3522540e-003
 5.3614406e-003
 5.3773555e-003
 5.4007247e-003
 5.4322714e-003
 5.4727183e-003
 5.5228025e-003
 5.5832239e-003
 5.6547159e-003
 5.7380018e-003
 5.8338298e-003
 5.9428774e-003
 6.0658888e-003
 6.2035876e-003
 6.3567376e-003
 6.5259864e-003
 6.7120930e-003
 6.9157807e-003
 7.1375789e-003
 7.3768590e-003
 7.6323524e-003
 7.9029556e-003
 8.1875138e-003
 8.4849419e-003
 8.7939417e-003
 9.1134263e-003
 9.4422381e-003
 9.7793033e-003
 1.0123303e-002
 1.0473161e-002
 1.0827719e-002
 1.1185910e-002
 1.1546402e-002
 1.1908126e-002
 1.2269924e-002
 1.2630641e-002
 1.2989206e-002
 1.3344288e-002
 1.3694819e-002
 1.4039641e-002
 1.4377680e-002
 1.4707615e-002
 1.5028371e-002
 1.5338794e-002
 1.5637793e-002
 1.5924072e-002
 1.6196547e-002
 1.6454061e-002
 1.6695455e-002
 1.6919628e-002
 1.7125549e-002
 1.7313745e-002
 1.7485213e-002
 1.7640978e-002
 1.7781962e-002
 1.7909193e-002
 1.8023666e-002
 1.8126395e-002
 1.8218325e-002
 1.8300472e-002
 1.8373834e-002
 1.8439395e-002
 1.8498171e-002
 1.8551121e-002
 1.8599251e-002
 1.8643558e-002
 1.8685043e-002
 1.8724674e-002
 1.8763462e-002
 1.8802393e-002
 1.8842474e-002
 1.8884677e-002
 1.8929999e-002
 1.8979443e-002
 1.9033993e-002
 1.9094659e-002
 1.9162407e-002
 1.9238243e-002
 1.9323157e-002
 1.9418171e-002
 1.9524224e-002
 1.9642336e-002
 1.9773286e-002
 1.9916678e-002
 2.0071579e-002
 2.0237165e-002
 2.0412572e-002
 2.0596979e-002
 2.0789439e-002
 2.0989133e-002
 2.1195199e-002
 2.1406773e-002
 2.1623045e-002
 2.1843055e-002
 2.2065984e-002
 2.2290971e-002
 2.2517215e-002
 2.2743741e-002
 2.2969740e-002
 2.3194350e-002
 2.3416761e-002
 2.3636008e-002
 2.3851281e-002
 2.4061717e-002
 2.4266452e-002
 2.4464674e-002
 2.4655424e-002
 2.4837885e-002
 2.5011204e-002
 2.5174547e-002
 2.5326977e-002
 2.5467675e-002
 2.5595777e-002
 2.5710443e-002
 2.5810985e-002
 2.5898019e-002
 2.5972541e-002
 2.6035555e-002
 2.6088070e-002
 2.6131069e-002
 2.6165565e-002
 2.6192557e-002
 2.6213050e-002
 2.6228039e-002
 2.6238531e-002
 2.6245525e-002
 2.6250022e-002
 2.6253028e-002
 2.6255542e-002
 2.6258562e-002
 2.6263095e-002
 2.6270138e-002
 2.6280694e-002
 2.6295768e-002
 2.6316356e-002
 2.6343469e-002
 2.6378097e-002
 2.6421245e-002
 2.6473915e-002
 2.6537126e-002
 2.6611848e-002
 2.6699092e-002
 2.6799869e-002
 2.6915204e-002
 2.7046042e-002
 2.7193416e-002
 2.7358016e-002
 2.7538963e-002
 2.7734898e-002
 2.7944326e-002
 2.8165895e-002
 2.8398199e-002
 2.8639894e-002
 2.8889462e-002
 2.9145563e-002
 2.9406790e-002
 2.9671805e-002
 2.9939080e-002
 3.0207274e-002
 3.0474989e-002
 3.0740822e-002
 3.1003432e-002
 3.1261291e-002
 3.1513058e-002
 3.1757340e-002
 3.1992778e-002
 3.2217868e-002
 3.2431260e-002
 3.2631550e-002
 3.2817382e-002
 3.2987263e-002
 3.3139836e-002
 3.3273704e-002
 3.3387490e-002
 3.3479732e-002
 3.3549055e-002
 3.3594072e-002
 3.3613365e-002
 3.3605877e-002
 3.3572290e-002
 3.3513799e-002
 3.3431612e-002
 3.3326913e-002
 3.3200957e-002
 3.3054929e-002
 3.2890029e-002
 3.2707430e-002
 3.2508414e-002
 3.2294147e-002
 3.2065835e-002
 3.1824693e-002
 3.1571858e-002
 3.1308662e-002
 3.1036245e-002
 3.0755818e-002
 3.0468516e-002
 3.0175686e-002
 2.9878464e-002
 2.9578058e-002
 2.9275598e-002
 2.8972439e-002
 2.8669717e-002
 2.8368630e-002
 2.8070392e-002
 2.7776137e-002
 2.7487211e-002
 2.7204750e-002
 2.6929962e-002
 2.6663991e-002
 2.6408168e-002
 2.6163436e-002
 2.5929883e-002
 2.5707249e-002
 2.5495445e-002
 2.5294213e-002
 2.5103355e-002
 2.4922671e-002
 2.4751924e-002
 2.4590993e-002
 2.4439635e-002
 2.4297651e-002
 2.4164815e-002
 2.4040984e-002
 2.3925930e-002
 2.3819450e-002
 2.3721322e-002
 2.3631396e-002
 2.3549447e-002
 2.3475271e-002
 2.3408659e-002
 2.3349440e-002
 2.3297394e-002
 2.3252329e-002
 2.3214040e-002
 2.3182318e-002
 2.3156984e-002
 2.3137826e-002
 2.3124648e-002
 2.3117244e-002
 2.3115423e-002
 2.3118977e-002
 2.3127710e-002
 2.3141433e-002
 2.3159977e-002
 2.3183197e-002
 2.3210943e-002
 2.3243057e-002
 2.3279404e-002
 2.3319812e-002
 2.3364143e-002
 2.3412243e-002
 2.3463972e-002
 2.3519160e-002
 2.3577662e-002
 2.3639333e-002
 2.3704031e-002
 2.3771582e-002
 2.3841845e-002
 2.3914672e-002
 2.3989910e-002
 2.4067426e-002
 2.4147036e-002
 2.4228605e-002
 2.4311980e-002
 2.4397036e-002
 2.4483580e-002
 2.4571477e-002
 2.4660580e-002
 2.4750758e-002
 2.4841819e-002
 2.4933632e-002
 2.5026046e-002
 2.5118936e-002
 2.5212100e-002
 2.5305454e-002
 2.5399039e-002
 2.5492948e-002
 2.5587292e-002
 2.5682120e-002
 2.5777541e-002
 2.5873648e-002
 2.5970554e-002
 2.6068306e-002
 2.6167016e-002
 2.6266774e-002
 2.6367694e-002
 2.6469819e-002
 2.6573263e-002
 2.6678123e-002
 2.6784483e-002
 2.6892455e-002
 2.7002089e-002
 2.7113495e-002
 2.7226767e-002
 2.7342020e-002
 2.7459288e-002
 2.7578693e-002
 2.7700325e-002
 2.7824303e-002
 2.7950661e-002
 2.8079517e-002
 2.8210958e-002
 2.8345082e-002
 2.8482007e-002
 2.8621763e-002
 2.8764468e-002
 2.8910184e-002
 2.9058889e-002
 2.9210411e-002
 2.9364690e-002
 2.9521637e-002
 2.9681189e-002
 2.9843176e-002
 3.0007545e-002
 3.0174198e-002
 3.0343072e-002
 3.0514007e-002
 3.0686937e-002
 3.0861771e-002
 3.1038409e-002
 3.1216806e-002
 3.1396780e-002
 3.1578273e-002
 3.1761192e-002
 3.1945493e-002
 3.2130979e-002
 3.2317609e-002
 3.2505289e-002
 3.2693963e-002
 3.2883447e-002
 3.3073697e-002
 3.3264607e-002
 3.3456095e-002
 3.3648096e-002
 3.3840440e-002
 3.4033064e-002
 3.4225881e-002
 3.4418840e-002
