splib07b Record=27931:  error bars to preceding                
-1.9195623e-014
-1.9195623e-014
-4.6425578e-014
-7.3169782e-014
-9.9143648e-014
-1.2405909e-013
-1.4763154e-013
-1.6957621e-013
-1.8960534e-013
-2.0743505e-013
-2.2277789e-013
-2.3534904e-013
-2.4486305e-013
-2.5103335e-013
-2.5357469e-013
-2.5220120e-013
-2.4662721e-013
-2.3656703e-013
-2.2173414e-013
-2.0184409e-013
-1.7661062e-013
-1.4574647e-013
-1.0896861e-013
-6.5990148e-014
-1.6522772e-014
 3.9619454e-014
 1.0162299e-013
 1.6807036e-013
 2.3752688e-013
 3.0856993e-013
 3.7976434e-013
 4.4968448e-013
 5.1690482e-013
 5.7999032e-013
 6.3751549e-013
 6.8805351e-013
 7.3017113e-013
 7.6244236e-013
 7.8343880e-013
 7.9172996e-013
 7.8588828e-013
 7.6448358e-013
 7.2608933e-013
 6.6927318e-013
 5.9261114e-013
 4.9467261e-013
 3.7402289e-013
 2.2924390e-013
 5.8902204e-014
-1.3807042e-013
-3.5871200e-013
-5.9763728e-013
-8.4942790e-013
-1.1086325e-012
-1.3698330e-012
-1.6276111e-012
-1.8765150e-012
-2.1111270e-012
-2.3260270e-012
-2.5157665e-012
-2.6749269e-012
-2.7980829e-012
-2.8797951e-012
-2.9146399e-012
-2.8971866e-012
-2.8220076e-012
-2.6836736e-012
-2.4767456e-012
-2.1958119e-012
-1.8354179e-012
-1.3901670e-012
-8.5461494e-013
-2.2330185e-013
 5.0758063e-013
 1.3246141e-012
 2.2036025e-012
 3.1200658e-012
 4.0496447e-012
 4.9679809e-012
 5.8505904e-012
 6.6731529e-012
 7.4111941e-012
 8.0403514e-012
 8.5362490e-012
 8.8744411e-012
 9.0305515e-012
 8.9801777e-012
 8.6989209e-012
 8.1623883e-012
 7.3461333e-012
 6.2258345e-012
 4.7770581e-012
 2.9753190e-012
 7.9637680e-013
-1.7771453e-012
-4.6823634e-012
-7.8051480e-012
-1.1030954e-011
-1.4245253e-011
-1.7333085e-011
-2.0179929e-011
-2.2671214e-011
-2.4692049e-011
-2.6127879e-011
-2.6864054e-011
-2.6785839e-011
-2.5778603e-011
-2.3727577e-011
-2.0518262e-011
-1.6035692e-011
-1.0165591e-011
-2.7927632e-012
 6.1693168e-012
 1.6490923e-011
 2.7739068e-011
 3.9475905e-011
 5.1265058e-011
 6.2670168e-011
 7.3253410e-011
 8.2578409e-011
 9.0208639e-011
 9.5706582e-011
 9.8635738e-011
 9.8559209e-011
 9.5040135e-011
 8.7641762e-011
 7.5926591e-011
 5.9458848e-011
 3.7801252e-011
 1.0515568e-011
-2.2721588e-011
-6.0933224e-011
-1.0229521e-010
-1.4496337e-010
-1.8709910e-010
-2.2686364e-010
-2.6241440e-010
-2.9190836e-010
-3.1351041e-010
-3.2537664e-010
-3.2566724e-010
-3.1254152e-010
-2.8415834e-010
-2.3868180e-010
-1.7426344e-010
-8.9065567e-011
 1.8735040e-011
 1.4848446e-010
 2.9322070e-010
 4.4500945e-010
 5.9595795e-010
 7.3813194e-010
 8.6360052e-010
 9.6446640e-010
 1.0327963e-009
 1.0606691e-009
 1.0401703e-009
 9.6337438e-010
 8.2236046e-010
 6.0923072e-010
 3.1602698e-010
-6.5094589e-011
-5.3247223e-010
-1.0599459e-009
-1.6175773e-009
-2.1753785e-009
-2.7035127e-009
-3.1719525e-009
-3.5508450e-009
-3.8102077e-009
-3.9201002e-009
-3.8505994e-009
-3.5717564e-009
-3.0536311e-009
-2.2663673e-009
-1.1798875e-009
 2.3560801e-010
 1.9741238e-009
 3.9386165e-009
 6.0171090e-009
 8.0975866e-009
 1.0068593e-008
 1.1818106e-008
 1.3234185e-008
 1.4205258e-008
 1.4619345e-008
 1.4364669e-008
 1.3329359e-008
 1.1401570e-008
 8.4694696e-009
 4.4216431e-009
-8.5415919e-010
-7.3204212e-009
-1.4557291e-008
-2.2081601e-008
-2.9410714e-008
-3.6061437e-008
-4.1552369e-008
-4.5399982e-008
-4.7122356e-008
-4.6236437e-008
-4.2259586e-008
-3.4710020e-008
-2.3103773e-008
-6.9604034e-009
 1.4089216e-008
 3.8932292e-008
 6.5441107e-008
 9.1465786e-008
 1.1486343e-007
 1.3348259e-007
 1.4517907e-007
 1.4780328e-007
 1.3920751e-007
 1.1724679e-007
 7.9769571e-008
 2.4629577e-008
-4.9865125e-008
-1.3966446e-007
-2.3670084e-007
-3.3282376e-007
-4.1990873e-007
-4.8980479e-007
-5.3436713e-007
-5.4546183e-007
-5.1494169e-007
-4.3466432e-007
-2.9650283e-007
-9.2290747e-008
 1.8442262e-007
 5.1864504e-007
 8.8024376e-007
 1.2387986e-006
 1.5638612e-006
 1.8250715e-006
 1.9919671e-006
 2.0341593e-006
 1.9212082e-006
 1.6226915e-006
 1.1082462e-006
 3.4736112e-007
-6.8416892e-007
-1.9307577e-006
-3.2799735e-006
-4.6182754e-006
-5.8320234e-006
-6.8078971e-006
-7.4322065e-006
-7.5915291e-006
-7.1722461e-006
-6.0608222e-006
-4.1439230e-006
-1.3076732e-006
 2.5390184e-006
 7.1888858e-006
 1.2223609e-005
 1.7219054e-005
 2.1751111e-005
 2.5396866e-005
 2.7732151e-005
 2.8333247e-005
 2.6776550e-005
 2.2638182e-005
 1.5494394e-005
 4.9225496e-006
-9.4210045e-006
-2.6766962e-005
-4.5554592e-005
-6.4201035e-005
-8.1124817e-005
-9.4743511e-005
-1.0347821e-004
-1.0574621e-004
-9.9966586e-005
-8.4557425e-005
-5.7937246e-005
-1.8528774e-005
 3.5082310e-005
 1.0190795e-004
 1.7925088e-004
 2.6435740e-004
 3.5447921e-004
 4.4685981e-004
 5.3876766e-004
 6.2743860e-004
 7.1014033e-004
 7.8411662e-004
 8.4661908e-004
 8.9489599e-004
 9.2639856e-004
 9.4121270e-004
 9.4136811e-004
 9.2893775e-004
 9.0599444e-004
 8.7461458e-004
 8.3686563e-004
 7.9482351e-004
 7.5056549e-004
 7.0615672e-004
 6.6367449e-004
 6.2519213e-004
 5.9267902e-004
 5.6659884e-004
 5.4632069e-004
 5.3117925e-004
 5.2051491e-004
 5.1366608e-004
 5.0997117e-004
 5.0876808e-004
 5.0939532e-004
 5.1119155e-004
 5.1349500e-004
 5.1564409e-004
 5.1700434e-004
 5.1733147e-004
 5.1667064e-004
 5.1507447e-004
 5.1259517e-004
 5.0928525e-004
 5.0519756e-004
 5.0038385e-004
 4.9489725e-004
 4.8878940e-004
 4.8211307e-004
 4.7492070e-004
 4.6727617e-004
 4.5939517e-004
 4.5161112e-004
 4.4426043e-004
 4.3767731e-004
 4.3219817e-004
 4.2815888e-004
 4.2589440e-004
 4.2574081e-004
 4.2803341e-004
 4.3310822e-004
 4.4130089e-004
 4.5291102e-004
 4.6771002e-004
 4.8507418e-004
 5.0436414e-004
 5.2494713e-004
 5.4618507e-004
 5.6744157e-004
 5.8807858e-004
 6.0746336e-004
 6.2495627e-004
 6.3992420e-004
 6.5172900e-004
 6.5977377e-004
 6.6404516e-004
 6.6497701e-004
 6.6301401e-004
 6.5860030e-004
 6.5218069e-004
 6.4419972e-004
 6.3510315e-004
 6.2533387e-004
 6.1533810e-004
 6.0555892e-004
 5.9644174e-004
 5.8840989e-004
 5.8156479e-004
 5.7575747e-004
 5.7083450e-004
 5.6664192e-004
 5.6302483e-004
 5.5982935e-004
 5.5690150e-004
 5.5408682e-004
 5.5123109e-004
 5.4818043e-004
 5.4478017e-004
 5.4088770e-004
 5.3653319e-004
 5.3188193e-004
 5.2710157e-004
 5.2236137e-004
 5.1782891e-004
 5.1367312e-004
 5.1006232e-004
 5.0716533e-004
 5.0515006e-004
 5.0418515e-004
 5.0443911e-004
 5.0606520e-004
 5.0898374e-004
 5.1293132e-004
 5.1764073e-004
 5.2284327e-004
 5.2827207e-004
 5.3365872e-004
 5.3873536e-004
 5.4323411e-004
 5.4688670e-004
 5.4942572e-004
 5.5058353e-004
 5.5010879e-004
 5.4801675e-004
 5.4453319e-004
 5.3989055e-004
 5.3432013e-004
 5.2805303e-004
 5.2132143e-004
 5.1435723e-004
 5.0739193e-004
 5.0065812e-004
 4.9438671e-004
 4.8880890e-004
 4.8414720e-004
 4.8046629e-004
 4.7770559e-004
 4.7580077e-004
 4.7468732e-004
 4.7430111e-004
 4.7457780e-004
 4.7545327e-004
 4.7686309e-004
 4.7874288e-004
 4.8102866e-004
 4.8365581e-004
 4.8655857e-004
 4.8964011e-004
 4.9277919e-004
 4.9585378e-004
 4.9874239e-004
 5.0132279e-004
 5.0347339e-004
 5.0507218e-004
 5.0599716e-004
 5.0612650e-004
 5.0533842e-004
 5.0351105e-004
 5.0053635e-004
 4.9653515e-004
 4.9181416e-004
 4.8668584e-004
 4.8146278e-004
 4.7645668e-004
 4.7197944e-004
 4.6834367e-004
 4.6586167e-004
 4.6484571e-004
 4.6560782e-004
 4.6846006e-004
 4.7369266e-004
 4.8122343e-004
 4.9066509e-004
 5.0162122e-004
 5.1369437e-004
 5.2649027e-004
 5.3961040e-004
 5.5266090e-004
 5.6524400e-004
 5.7696347e-004
 5.8742199e-004
 5.9622520e-004
 6.0299103e-004
 6.0760562e-004
 6.1017327e-004
 6.1080552e-004
 6.0961413e-004
 6.0671050e-004
 6.0220662e-004
 5.9621333e-004
 5.8884243e-004
 5.8020564e-004
 5.7041447e-004
 5.5963325e-004
 5.4819329e-004
 5.3645973e-004
 5.2479986e-004
 5.1357999e-004
 5.0316658e-004
 4.9392664e-004
 4.8622541e-004
 4.8042866e-004
 4.7673131e-004
 4.7476296e-004
 4.7403754e-004
 4.7406915e-004
 4.7437174e-004
 4.7445958e-004
 4.7384654e-004
 4.7204673e-004
 4.6857420e-004
 4.6319867e-004
 4.5653063e-004
 4.4935654e-004
 4.4246035e-004
 4.3662800e-004
 4.3264491e-004
 4.3129639e-004
 4.3336742e-004
 4.3964278e-004
 4.5049476e-004
 4.6491605e-004
 4.8161321e-004
 4.9929135e-004
 5.1666016e-004
 5.3242344e-004
 5.4529065e-004
 5.5396702e-004
 5.5715907e-004
 5.5418542e-004
 5.4641737e-004
 5.3565425e-004
 5.2369438e-004
 5.1233865e-004
 5.0338672e-004
 4.9863866e-004
 4.9989379e-004
 5.0895085e-004
 5.2676111e-004
 5.5140071e-004
 5.8034022e-004
 6.1105011e-004
 6.4099848e-004
 6.6765916e-004
 6.8850489e-004
 7.0100365e-004
 7.0262619e-004
 6.9198431e-004
 6.7157578e-004
 6.4471795e-004
 6.1473605e-004
 5.8494561e-004
 5.5867032e-004
 5.3923135e-004
 5.2975997e-004
 5.2992132e-004
 5.3635804e-004
 5.4561219e-004
 5.5422378e-004
 5.5873347e-004
 5.5585278e-004
 5.4542179e-004
 5.3002679e-004
 5.1234267e-004
 4.9504859e-004
 4.8082243e-004
 4.7225435e-004
 4.7031243e-004
 4.7453525e-004
 4.8441495e-004
 4.9944205e-004
 5.1910750e-004
 5.4284441e-004
 5.6901708e-004
 5.9505040e-004
 6.1833666e-004
 6.3626323e-004
 6.4622000e-004
 6.4573111e-004
 6.3484651e-004
 6.1585737e-004
 5.9112982e-004
 5.6303467e-004
 5.3394126e-004
 5.0621363e-004
 4.8211816e-004
 4.6382539e-004
 4.5351047e-004
 4.5334353e-004
 4.6549793e-004
 4.9191096e-004
 5.3004507e-004
 5.7336490e-004
 6.1517971e-004
 6.4881297e-004
 6.6757645e-004
 6.6514162e-004
 6.4200984e-004
 6.0482294e-004
 5.6045258e-004
 5.1575631e-004
 4.7760419e-004
 4.5261899e-004
 4.4272456e-004
 4.4559309e-004
 4.5874380e-004
 4.7969943e-004
 5.0597917e-004
 5.3510151e-004
 5.6455651e-004
 5.9180619e-004
 6.1431708e-004
 6.2955427e-004
 6.3497876e-004
 6.2823907e-004
 6.1061518e-004
 5.8670290e-004
 5.6121463e-004
 5.3886214e-004
 5.2436261e-004
 5.2218453e-004
 5.3193438e-004
 5.4876087e-004
 5.6765322e-004
 5.8359478e-004
 5.9157453e-004
 5.8682781e-004
 5.6959345e-004
 5.4471602e-004
 5.1720499e-004
 4.9207831e-004
 4.7434514e-004
 4.6882164e-004
 4.7630479e-004
 4.9387565e-004
 5.1848107e-004
 5.4706057e-004
 5.7656300e-004
 6.0400472e-004
 6.2792801e-004
 6.4828986e-004
 6.6509977e-004
 6.7837042e-004
 6.8811316e-004
 6.9434504e-004
 6.9723901e-004
 6.9711218e-004
 6.9428742e-004
 6.8908761e-004
 6.8183482e-004
 6.7285995e-004
 6.6250318e-004
 6.5110519e-004
 6.3900766e-004
 6.2655046e-004
 6.1407278e-004
 6.0191669e-004
 5.9042277e-004
 5.7992712e-004
 5.7061162e-004
 5.6246569e-004
 5.5547047e-004
 5.4960430e-004
 5.4484751e-004
 5.4117967e-004
 5.3858053e-004
 5.3702929e-004
 5.3650234e-004
 5.3685770e-004
 5.3780741e-004
 5.3905486e-004
 5.4030312e-004
 5.4125563e-004
 5.4161553e-004
 5.4108613e-004
 5.3937046e-004
 5.3618365e-004
 5.3165440e-004
 5.2642485e-004
 5.2116811e-004
 5.1655731e-004
 5.1326666e-004
 5.1196973e-004
 5.1334023e-004
 5.1805133e-004
 5.2675273e-004
 5.3925562e-004
 5.5431941e-004
 5.7063811e-004
 5.8690581e-004
 6.0181529e-004
 6.1406242e-004
 6.2234217e-004
 6.2534731e-004
 6.2180718e-004
 6.1173085e-004
 5.9673662e-004
 5.7854108e-004
 5.5886625e-004
 5.3942774e-004
 5.2194664e-004
 5.0814194e-004
 4.9973349e-004
 4.9839978e-004
 5.0439115e-004
 5.1614898e-004
 5.3199742e-004
 5.5026065e-004
 5.6926114e-004
 5.8732677e-004
 6.0277880e-004
 6.1394426e-004
 6.1917683e-004
 6.1798136e-004
 6.1132672e-004
 6.0027814e-004
 5.8589893e-004
 5.6925119e-004
 5.5140012e-004
 5.3340965e-004
 5.1634363e-004
 5.0125405e-004
 4.8868248e-004
 4.7852160e-004
 4.7062329e-004
 4.6483832e-004
 4.6101739e-004
 4.5901127e-004
 4.5867052e-004
 4.5984576e-004
 4.6238440e-004
 4.6599389e-004
 4.7020166e-004
 4.7452273e-004
 4.7847349e-004
 4.8156871e-004
 4.8332452e-004
 4.8325604e-004
 4.8087872e-004
 4.7573147e-004
 4.6824096e-004
 4.5999081e-004
 4.5263936e-004
 4.4784707e-004
 4.4727398e-004
 4.5257906e-004
 4.6542304e-004
 4.8746326e-004
 5.2030809e-004
 5.6338304e-004
 6.1326683e-004
 6.6634611e-004
 7.1900256e-004
 7.6762814e-004
 8.0861390e-004
 8.3834142e-004
 8.5319718e-004
 8.4965891e-004
 8.2785345e-004
 7.9270481e-004
 7.4945926e-004
 7.0337125e-004
 6.5969257e-004
 6.2367489e-004
 6.0057128e-004
 5.9440790e-004
 6.0246518e-004
 6.1970414e-004
 6.4108154e-004
 6.6155440e-004
 6.7607878e-004
 6.8053580e-004
 6.7592150e-004
 6.6499936e-004
 6.5053592e-004
 6.3529745e-004
 6.2205130e-004
 6.1326870e-004
 6.0979190e-004
 6.1189401e-004
 6.1984884e-004
 6.3392974e-004
 6.5440772e-004
 6.8109116e-004
 7.1115181e-004
 7.4084249e-004
 7.6642353e-004
 7.8414654e-004
 7.9026638e-004
 7.8210392e-004
 7.6299009e-004
 7.3836622e-004
 7.1366911e-004
 6.9434225e-004
 6.8582728e-004
 6.9229648e-004
 7.1073812e-004
 7.3560531e-004
 7.6135603e-004
 7.8244077e-004
 7.9331227e-004
 7.8947539e-004
 7.7241741e-004
 7.4574852e-004
 7.1307336e-004
 6.7800382e-004
 6.4415258e-004
 6.1471685e-004
 5.9057580e-004
 5.7177863e-004
 5.5836915e-004
 5.5039610e-004
 5.4790650e-004
 5.5078510e-004
 5.5798766e-004
 5.6813622e-004
 5.7985162e-004
 5.9175806e-004
 6.0247636e-004
 6.1073195e-004
 6.1585574e-004
 6.1739271e-004
 6.1488955e-004
 6.0789194e-004
 5.9594621e-004
 5.7910127e-004
 5.6031730e-004
 5.4361095e-004
 5.3299975e-004
 5.3249823e-004
 5.4612465e-004
 5.7661108e-004
 6.1920373e-004
 6.6642353e-004
 7.1078585e-004
 7.4481824e-004
 7.6103560e-004
 7.5350131e-004
 7.2534673e-004
 6.8300974e-004
 6.3293800e-004
 5.8156525e-004
 5.3533865e-004
 4.9998419e-004
 4.7696463e-004
 4.6619467e-004
 4.6758287e-004
 4.8103818e-004
 5.0647010e-004
 5.4317620e-004
 5.8681832e-004
 6.3173397e-004
 6.7224703e-004
 7.0268253e-004
 7.1737386e-004
 7.1215391e-004
 6.9187465e-004
 6.6471420e-004
 6.3886162e-004
 6.2250532e-004
 6.2382972e-004
 6.4907444e-004
 6.9276377e-004
 7.4508402e-004
 7.9620257e-004
 8.3628739e-004
 8.5551699e-004
 8.4611779e-004
 8.1276114e-004
 7.6475117e-004
 7.1140897e-004
 6.6205743e-004
 6.2600605e-004
 6.1105937e-004
 6.1579718e-004
 6.3534256e-004
 6.6481146e-004
 6.9931650e-004
 7.3397986e-004
 7.6427462e-004
 7.8787329e-004
 8.0328353e-004
 8.0900744e-004
 8.0355094e-004
 7.8541774e-004
 7.5376948e-004
 7.1179500e-004
 6.6421309e-004
 6.1573228e-004
 5.7107402e-004
 5.3495832e-004
 5.1153195e-004
 5.0147827e-004
 5.0415337e-004
 5.1891222e-004
 5.4510962e-004
 5.8209623e-004
 6.2862388e-004
 6.7966117e-004
 7.2873110e-004
 7.6936767e-004
 7.9509075e-004
 7.9942576e-004
 7.7761948e-004
 7.3563750e-004
 6.8357319e-004
 6.3151331e-004
 5.8955926e-004
 5.6780846e-004
 5.7426858e-004
 6.0389901e-004
 6.4661325e-004
 6.9230603e-004
 7.3090353e-004
 7.5228309e-004
 7.4838387e-004
 7.2383304e-004
 6.8820256e-004
 6.5104803e-004
 6.2196987e-004
 6.1052566e-004
 6.2432623e-004
 6.5850263e-004
 7.0332002e-004
 7.4902445e-004
 7.8589312e-004
 8.0415589e-004
 7.9598837e-004
 7.6566858e-004
 7.2223006e-004
 6.7471777e-004
 6.3218304e-004
 6.0365075e-004
 5.9648848e-004
 6.0718879e-004
 6.2798581e-004
 6.5109611e-004
 6.6875172e-004
 6.7316217e-004
 6.5826415e-004
 6.2897505e-004
 5.9456314e-004
 5.6430744e-004
 5.4748834e-004
 5.5338087e-004
 5.8910734e-004
 6.4791262e-004
 7.1750401e-004
 7.8556710e-004
 8.3983259e-004
 8.6796161e-004
 8.5999217e-004
 8.2099228e-004
 7.6205528e-004
 6.9429044e-004
 6.2881754e-004
 5.7671330e-004
 5.4738170e-004
 5.3880928e-004
 5.4445246e-004
 5.5774819e-004
 5.7213294e-004
 5.8104290e-004
 5.7912956e-004
 5.6900101e-004
 5.5647071e-004
 5.4736593e-004
 5.4751156e-004
 5.6273740e-004
 5.9751677e-004
 6.4750214e-004
 7.0474268e-004
 7.6128187e-004
 8.0916338e-004
 8.4042689e-004
 8.4847218e-004
 8.3560211e-004
 8.0775435e-004
 7.7088003e-004
 7.3093647e-004
 6.9385296e-004
 6.6484371e-004
 6.4400304e-004
 6.2937126e-004
 6.1897660e-004
 6.1084743e-004
 6.0301338e-004
 5.9400930e-004
 5.8580568e-004
 5.8176951e-004
 5.8527902e-004
 5.9970666e-004
 6.2844018e-004
 6.7367725e-004
 7.2986219e-004
 7.8814616e-004
 8.3973957e-004
 8.7581109e-004
 8.8754011e-004
 8.6811959e-004
 8.2440872e-004
 7.6890190e-004
 7.1413582e-004
 6.7264133e-004
 6.5694924e-004
 6.7710556e-004
 7.2631339e-004
 7.9069275e-004
 8.5640408e-004
 9.0956577e-004
 9.3630498e-004
 9.2519628e-004
 8.8152778e-004
 8.1756711e-004
 7.4562692e-004
 6.7801453e-004
 6.2703731e-004
 6.0314027e-004
 6.0393335e-004
 6.2163488e-004
 6.4844900e-004
 6.7657226e-004
 6.9820025e-004
 7.0661656e-004
 7.0254033e-004
 6.8984955e-004
 6.7243259e-004
 6.5417791e-004
 6.3897407e-004
 6.3017447e-004
 6.2739867e-004
 6.2868703e-004
 6.3207158e-004
 6.3558447e-004
 6.3725788e-004
 6.3545688e-004
 6.3087791e-004
 6.2520814e-004
 6.2014535e-004
 6.1738055e-004
 6.1860849e-004
 6.2520627e-004
 6.3633878e-004
 6.5020606e-004
 6.6501886e-004
 6.7897892e-004
 6.9029024e-004
 6.9735019e-004
 6.9992372e-004
 6.9836574e-004
 6.9303438e-004
 6.8428466e-004
 6.7247445e-004
 6.5800798e-004
 6.4159615e-004
 6.2410731e-004
 6.0638943e-004
 5.8930292e-004
 5.7370507e-004
 5.6041568e-004
 5.4998673e-004
 5.4284709e-004
 5.3943490e-004
 5.4018025e-004
 5.4551713e-004
 5.5565807e-004
 5.6925579e-004
 5.8426103e-004
 5.9864129e-004
 6.1034400e-004
 6.1733357e-004
 6.1794277e-004
 6.1323965e-004
 6.0548767e-004
 5.9696438e-004
 5.8993744e-004
 5.8668078e-004
 5.8920134e-004
 5.9757830e-004
 6.1103713e-004
 6.2881055e-004
 6.5011054e-004
 6.7417201e-004
 7.0020749e-004
 7.2736607e-004
 7.5478881e-004
 7.8158255e-004
 8.0688845e-004
 8.2982786e-004
 8.4946718e-004
 8.6443359e-004
 8.7315729e-004
 8.7407121e-004
 8.6560543e-004
 8.4618822e-004
 8.1469951e-004
 7.7334157e-004
 7.2576827e-004
 6.7569769e-004
 6.2678859e-004
 5.8273470e-004
 5.4701103e-004
 5.2153278e-004
 5.0751481e-004
 5.0616264e-004
 5.1868707e-004
 5.4630096e-004
 5.8939838e-004
 6.4229412e-004
 6.9655443e-004
 7.4372493e-004
 7.7538041e-004
 7.8305294e-004
 7.6005119e-004
 7.1276037e-004
 6.5352756e-004
 5.9468596e-004
 5.4864050e-004
 5.2772794e-004
 5.4221135e-004
 5.8640540e-004
 6.4735184e-004
 7.1204407e-004
 7.6751999e-004
 8.0074760e-004
 8.0072967e-004
 7.7140128e-004
 7.2357495e-004
 6.6806073e-004
 6.1573437e-004
 5.7740486e-004
 5.6234776e-004
 5.6783046e-004
 5.8559322e-004
 6.0734310e-004
 6.2480208e-004
 6.2967039e-004
 6.1488728e-004
 5.8275036e-004
 5.3990242e-004
 4.9297675e-004
 4.4866334e-004
 4.1359020e-004
 3.9363021e-004
 3.8838101e-004
 3.9456019e-004
 4.0886115e-004
 4.2798958e-004
 4.4862903e-004
 4.6777714e-004
 4.8466673e-004
 4.9958524e-004
 5.1282620e-004
 5.2468100e-004
 5.3544901e-004
 5.4517941e-004
 5.5208988e-004
 5.5352546e-004
 5.4683007e-004
 5.2933930e-004
 4.9840816e-004
 4.5269346e-004
 4.0127637e-004
 3.5814187e-004
 3.3730365e-004
 3.5276869e-004
 4.1857129e-004
 5.4527790e-004
 7.1679073e-004
 9.0426428e-004
 1.0787660e-003
 1.2114767e-003
 1.2734040e-003
 1.2403806e-003
 1.1252729e-003
 9.5863204e-004
 7.7111612e-004
 5.9341267e-004
 4.5609314e-004
 3.8604802e-004
 3.7927442e-004
 4.1714375e-004
 4.8091699e-004
 5.5185484e-004
 6.1120960e-004
 6.4231147e-004
 6.4481207e-004
 6.2625832e-004
 5.9423607e-004
 5.5634073e-004
 5.2014040e-004
 4.9275684e-004
 4.7731417e-004
 4.7504931e-004
 4.8718089e-004
 5.1492755e-004
 5.5949832e-004
 6.2127097e-004
 6.9351040e-004
 7.6614536e-004
 8.2903338e-004
 8.7203842e-004
 8.8504609e-004
 8.5965462e-004
 8.0161286e-004
 7.2357076e-004
 6.3822366e-004
 5.5826671e-004
 4.9640395e-004
 4.6364020e-004
 4.5739999e-004
 4.6840080e-004
 4.8732731e-004
 5.0486100e-004
 5.1181717e-004
 5.0540420e-004
 4.9188372e-004
 4.7822020e-004
 4.7136183e-004
 4.7783062e-004
 4.9662031e-004
 5.2040297e-004
 5.4162520e-004
 5.5276160e-004
 5.4733036e-004
 5.2766257e-004
 5.0045265e-004
 4.7243084e-004
 4.5030861e-004
 4.3928908e-004
 4.3767906e-004
 4.4187659e-004
 4.4827550e-004
 4.5328014e-004
 4.5549197e-004
 4.5900338e-004
 4.6874434e-004
 4.8964523e-004
 5.2651612e-004
 5.7814689e-004
 6.3469092e-004
 6.8555714e-004
 7.2022260e-004
 7.2882907e-004
 7.1401743e-004
 6.8912160e-004
 6.6784903e-004
 6.6387892e-004
 6.8913470e-004
 7.4047211e-004
 8.0714893e-004
 8.7835197e-004
 9.4331824e-004
 9.9239463e-004
 1.0214418e-003
 1.0278296e-003
 1.0089390e-003
 9.6216321e-004
 8.9017401e-004
 8.0893829e-004
 7.3660444e-004
 6.9122430e-004
 6.9060863e-004
 7.3697360e-004
 8.0969546e-004
 8.8624039e-004
 9.4416278e-004
 9.6200546e-004
 9.3735498e-004
 8.8441424e-004
 8.1795681e-004
 7.5270730e-004
 7.0242485e-004
 6.7171484e-004
 6.6055980e-004
 6.6889008e-004
 6.9664890e-004
 7.4212725e-004
 7.9609844e-004
 8.4711146e-004
 8.8372082e-004
 8.9449500e-004
 8.7409379e-004
 8.3289167e-004
 7.8381831e-004
 7.3975115e-004
 7.1345398e-004
 7.0962426e-004
 7.2090357e-004
 7.3894259e-004
 7.5540517e-004
 7.6233217e-004
 7.5921899e-004
 7.5215974e-004
 7.4748078e-004
 7.5150747e-004
 7.6949544e-004
 7.9723855e-004
 8.2556350e-004
 8.4525539e-004
 8.4709935e-004
 8.2433363e-004
 7.8179844e-004
 7.2782947e-004
 6.7070802e-004
 6.1875093e-004
 5.7997077e-004
 5.5661961e-004
 5.4582959e-004
 5.4452365e-004
 5.4963643e-004
 5.5809959e-004
 5.6692614e-004
 5.7469035e-004
 5.8138144e-004
 5.8703049e-004
 5.9167674e-004
 5.9535500e-004
 5.9809093e-004
 5.9972319e-004
 5.9991702e-004
 5.9833314e-004
 5.9463159e-004
 5.8847253e-004
 5.7956344e-004
 5.6853861e-004
 5.5686571e-004
 5.4605730e-004
 5.3761184e-004
 5.3303590e-004
 5.3378619e-004
 5.4037751e-004
 5.5246125e-004
 5.6966755e-004
 5.9160648e-004
 6.1791099e-004
 6.4810307e-004
 6.7978731e-004
 7.0883112e-004
 7.3100039e-004
 7.4209465e-004
 7.3789485e-004
 7.1445381e-004
 6.7316374e-004
 6.2035385e-004
 5.6249707e-004
 5.0613662e-004
 4.5774458e-004
 4.2358547e-004
 4.0489581e-004
 3.9825321e-004
 4.0007150e-004
 4.0675813e-004
 4.1472181e-004
 4.2049523e-004
 4.2313195e-004
 4.2403204e-004
 4.2468542e-004
 4.2658087e-004
 4.3120843e-004
 4.3997017e-004
 4.5248345e-004
 4.6669695e-004
 4.8049304e-004
 4.9176341e-004
 4.9838517e-004
 4.9837882e-004
 4.9245200e-004
 4.8384356e-004
 4.7588436e-004
 4.7191457e-004
 4.7526610e-004
 4.8908079e-004
 5.1246001e-004
 5.4069544e-004
 5.6892552e-004
 5.9230765e-004
 6.0596934e-004
 6.0527795e-004
 5.9005519e-004
 5.6436402e-004
 5.3241232e-004
 4.9844594e-004
 4.6667072e-004
 4.4120671e-004
 4.2385404e-004
 4.1421113e-004
 4.1178885e-004
 4.1609866e-004
 4.2664862e-004
 4.4289595e-004
 4.6306654e-004
 4.8421210e-004
 5.0335244e-004
 5.1748322e-004
 5.2362215e-004
 5.1900750e-004
 5.0584896e-004
 4.9112405e-004
 4.8200335e-004
 4.8565443e-004
 5.0924276e-004
 5.5947783e-004
 6.3299906e-004
 7.1674812e-004
 7.9727231e-004
 8.6111005e-004
 8.9483598e-004
 8.8560308e-004
 8.3419489e-004
 7.5455254e-004
 6.6117675e-004
 5.6849973e-004
 4.9106783e-004
 4.4283853e-004
 4.2734228e-004
 4.3789190e-004
 4.6737862e-004
 5.0868531e-004
 5.5472716e-004
 5.9836404e-004
 6.3251163e-004
 6.5168465e-004
 6.5676362e-004
 6.5017631e-004
 6.3435547e-004
 6.1172323e-004
 5.8471039e-004
 5.5574527e-004
 5.2725646e-004
 5.0167652e-004
 4.8089409e-004
 4.6475377e-004
 4.5256765e-004
 4.4366057e-004
 4.3735432e-004
 4.3297061e-004
 4.2983168e-004
 4.2725768e-004
 4.2457238e-004
 4.2126494e-004
 4.1749387e-004
 4.1358289e-004
 4.0985312e-004
 4.0663013e-004
 4.0423518e-004
 4.0299198e-004
 4.0322359e-004
 4.0525314e-004
 4.0925940e-004
 4.1485362e-004
 4.2149815e-004
 4.2866249e-004
 4.3581179e-004
 4.4241128e-004
 4.4793039e-004
 4.5183161e-004
 4.5358375e-004
 4.5285356e-004
 4.5011769e-004
 4.4605558e-004
 4.4134774e-004
 4.3667102e-004
 4.3270816e-004
 4.3013631e-004
 4.2963575e-004
 4.3188539e-004
 4.3731241e-004
 4.4530939e-004
 4.5501802e-004
 4.6556769e-004
 4.7610002e-004
 4.8574925e-004
 4.9365038e-004
 4.9894309e-004
 5.0075998e-004
 4.9856195e-004
 4.9312430e-004
 4.8555841e-004
 4.7697563e-004
 4.6848907e-004
 4.6120564e-004
 4.5624177e-004
 4.5470556e-004
 4.5770951e-004
 4.6600951e-004
 4.7891564e-004
 4.9535010e-004
 5.1425194e-004
 5.3454970e-004
 5.5517454e-004
 5.7505764e-004
 5.9312698e-004
 6.0832291e-004
 6.1977218e-004
 6.2747428e-004
 6.3164032e-004
 6.3248392e-004
 6.3021819e-004
 6.2505814e-004
 6.1721529e-004
 6.0690386e-004
 5.9433735e-004
 5.7977816e-004
 5.6369609e-004
 5.4660224e-004
 5.2902888e-004
 5.1148667e-004
 4.9449893e-004
 4.7858557e-004
 4.6426684e-004
 4.5206465e-004
 4.4230124e-004
 4.3450494e-004
 4.2798076e-004
 4.2203971e-004
 4.1599240e-004
 4.0922590e-004
 4.0243324e-004
 3.9734671e-004
 3.9573343e-004
 3.9935927e-004
 4.0999014e-004
 4.2919387e-004
 4.5541651e-004
 4.8453000e-004
 5.1237078e-004
 5.3473626e-004
 5.4745574e-004
 5.4662570e-004
 5.3292565e-004
 5.1075523e-004
 4.8464639e-004
 4.5910719e-004
 4.3864641e-004
 4.2755748e-004
 4.2621515e-004
 4.3181598e-004
 4.4146462e-004
 4.5225618e-004
 4.6129647e-004
 4.6581496e-004
 4.6512112e-004
 4.6023980e-004
 4.5225033e-004
 4.4222680e-004
 4.3124071e-004
 4.2039831e-004
 4.1117088e-004
 4.0535652e-004
 4.0475279e-004
 4.1116093e-004
 4.2637999e-004
 4.5198775e-004
 4.8561339e-004
 5.2167731e-004
 5.5445498e-004
 5.7826180e-004
 5.8740057e-004
 5.7659228e-004
 5.4775638e-004
 5.0883106e-004
 4.6789186e-004
 4.3306799e-004
 4.1244208e-004
 4.1362207e-004
 4.3580172e-004
 4.7115568e-004
 5.1160459e-004
 5.4911972e-004
 5.7562022e-004
 5.8349362e-004
 5.7237654e-004
 5.4802629e-004
 5.1636697e-004
 4.8336005e-004
 4.5493210e-004
 4.3679622e-004
 4.3089438e-004
 4.3595509e-004
 4.5060812e-004
 4.7349662e-004
 5.0323742e-004
 5.3839717e-004
 5.7626335e-004
 6.1299268e-004
 6.4475893e-004
 6.6768873e-004
 6.7794509e-004
 6.7198259e-004
 6.5167644e-004
 6.2349020e-004
 5.9406582e-004
 5.7000731e-004
 5.5795367e-004
 5.6410418e-004
 5.8744667e-004
 6.2075799e-004
 6.5665314e-004
 6.8770110e-004
 7.0651522e-004
 7.0606486e-004
 6.8621919e-004
 6.5272278e-004
 6.1155093e-004
 5.6862837e-004
 5.2993716e-004
 5.0121034e-004
 4.8460628e-004
 4.7920685e-004
 4.8397676e-004
 4.9788144e-004
 5.1989948e-004
 5.4890732e-004
 5.8242737e-004
 6.1679562e-004
 6.4827112e-004
 6.7315833e-004
 6.8772287e-004
 6.8850175e-004
 6.7639386e-004
 6.5612211e-004
 6.3251570e-004
 6.1043270e-004
 5.9470098e-004
 5.8998185e-004
 5.9743196e-004
 6.1517896e-004
 6.4122723e-004
 6.7361136e-004
 7.1032491e-004
 7.4935053e-004
 7.8783196e-004
 8.2213298e-004
 8.4864273e-004
 8.6370832e-004
 8.6370495e-004
 8.4533327e-004
 8.1148336e-004
 7.7047810e-004
 7.3087332e-004
 7.0117170e-004
 6.8992103e-004
 7.0508779e-004
 7.4426242e-004
 7.9587038e-004
 8.4803742e-004
 8.8883133e-004
 9.0638036e-004
 8.8941440e-004
 8.3865575e-004
 7.6542381e-004
 6.8149343e-004
 5.9853238e-004
 5.2832242e-004
 4.8207204e-004
 4.6219921e-004
 4.6314704e-004
 4.7910999e-004
 5.0426152e-004
 5.3280167e-004
 5.5889512e-004
 5.7673844e-004
 5.8206631e-004
 5.7608925e-004
 5.6122907e-004
 5.3992163e-004
 5.1457778e-004
 4.8764099e-004
 4.6152700e-004
 4.3865293e-004
 4.2146025e-004
 4.1168396e-004
 4.0865925e-004
 4.1117286e-004
 4.1801273e-004
 4.2796880e-004
 4.3983551e-004
 4.5239402e-004
 4.6444230e-004
 4.7476144e-004
 4.8244721e-004
 4.8767406e-004
 4.9085385e-004
 4.9240474e-004
 4.9274135e-004
 4.9227965e-004
 4.9143576e-004
 4.9062504e-004
 4.9026316e-004
 4.9064832e-004
 4.9165281e-004
 4.9305195e-004
 4.9462187e-004
 4.9613905e-004
 4.9737853e-004
 4.9811671e-004
 4.9812917e-004
 4.9719162e-004
 4.9523771e-004
 4.9277185e-004
 4.9042795e-004
 4.8884260e-004
 4.8864982e-004
 4.9048458e-004
 4.9498130e-004
 5.0277798e-004
 5.1450409e-004
 5.3042133e-004
 5.4937025e-004
 5.6989439e-004
 5.9050939e-004
 6.0975325e-004
 6.2616228e-004
 6.3825515e-004
 6.4457022e-004
 6.4363342e-004
 6.3469133e-004
 6.1965059e-004
 6.0102204e-004
 5.8131176e-004
 5.6304742e-004
 5.4873049e-004
 5.4088497e-004
 5.4201769e-004
 5.5464829e-004
 5.8019377e-004
 6.1604357e-004
 6.5860001e-004
 7.0431957e-004
 7.4959773e-004
 7.9087913e-004
 8.2460331e-004
 8.4717397e-004
 8.5503334e-004
 8.4581634e-004
 8.2172145e-004
 7.8599545e-004
 7.4192620e-004
 6.9274561e-004
 6.4175128e-004
 5.9217017e-004
 5.4730015e-004
 5.1038410e-004
 4.8385578e-004
 4.6707102e-004
 4.5861903e-004
 4.5710782e-004
 4.6113756e-004
 4.6930762e-004
 4.8022074e-004
 4.9248373e-004
 5.0468999e-004
 5.1544950e-004
 5.2339950e-004
 5.2811013e-004
 5.3003040e-004
 5.2964408e-004
 5.2743568e-004
 5.2389171e-004
 5.1949476e-004
 5.1473262e-004
 5.1008863e-004
 5.0604611e-004
 5.0309283e-004
 5.0171168e-004
 5.0237129e-004
 5.0516357e-004
 5.0982059e-004
 5.1605410e-004
 5.2358344e-004
 5.3211849e-004
 5.4138020e-004
 5.5107696e-004
 5.6092732e-004
 5.7064975e-004
 5.7995244e-004
 5.8855698e-004
 5.9617875e-004
 6.0268334e-004
 6.0807256e-004
 6.1234843e-004
 6.1551976e-004
 6.1759003e-004
 6.1856653e-004
 6.1845448e-004
 6.1726011e-004
 6.1498827e-004
 6.1164639e-004
 6.0723780e-004
 6.0177530e-004
 5.9534714e-004
 5.8813160e-004
 5.8030378e-004
 5.7203771e-004
 5.6351651e-004
 5.5491138e-004
 5.4640562e-004
 5.3817325e-004
 5.3038885e-004
 5.2323501e-004
 5.1688397e-004
 5.1151169e-004
 5.0715264e-004
 5.0371641e-004
 5.0110178e-004
 4.9920887e-004
 4.9793976e-004
 4.9719401e-004
 4.9687276e-004
 4.9696927e-004
 4.9801450e-004
 4.9806148e-004
 4.9697160e-004
 4.9704598e-004
 5.0069176e-004
 5.1031454e-004
 5.2817096e-004
 5.5311649e-004
 5.8061979e-004
 6.0601637e-004
 6.2462984e-004
 6.3196960e-004
 6.2748563e-004
 6.1452156e-004
 5.9658976e-004
 5.7719543e-004
 5.5985287e-004
 5.4807658e-004
 5.4539618e-004
 5.5533845e-004
 5.8142823e-004
 6.2719249e-004
 6.9371291e-004
 7.7252294e-004
 8.5287995e-004
 9.2400511e-004
 9.7515358e-004
 9.9555356e-004
 9.7807636e-004
 9.2955335e-004
 8.6015847e-004
 7.8009296e-004
 6.9952331e-004
 6.2865316e-004
 5.7765597e-004
 5.5424345e-004
 5.5671780e-004
 5.8113236e-004
 6.2353472e-004
 6.7998789e-004
 7.4653194e-004
 8.1923546e-004
 8.9413469e-004
 9.6779340e-004
 1.0386006e-003
 1.1054170e-003
 1.1670709e-003
 1.2224213e-003
 1.2702993e-003
 1.3095562e-003
 1.3390393e-003
 1.3580421e-003
 1.3675709e-003
 1.3690214e-003
 1.3637922e-003
 1.3532824e-003
 1.3388876e-003
 1.3220095e-003
 1.3040421e-003
 1.2861404e-003
 1.2685392e-003
 1.2512715e-003
 1.2343640e-003
 1.2178440e-003
 1.2017438e-003
 1.1860889e-003
 1.1709115e-003
 1.1562372e-003
 1.1420981e-003
 1.1285200e-003
 1.1155348e-003
 1.1031379e-003
 1.0912196e-003
 1.0796400e-003
 1.0682641e-003
 1.0569516e-003
 1.0455680e-003
 1.0339745e-003
 1.0220319e-003
 1.0096058e-003
 9.9655567e-004
 9.8274718e-004
 9.6803956e-004
 9.5242431e-004
 9.3633332e-004
 9.2030602e-004
 9.0487406e-004
 8.9057663e-004
 8.7794568e-004
 8.6751976e-004
 8.5983193e-004
 8.5541944e-004
 8.5481664e-004
 8.5855951e-004
 8.6683204e-004
 8.7858905e-004
 8.9251000e-004
 9.0728037e-004
 9.2157896e-004
 9.3409140e-004
 9.4349706e-004
 9.4848039e-004
 9.4772247e-004
 9.3990541e-004
 9.2426979e-004
 9.0198190e-004
 8.7462255e-004
 8.4378291e-004
 8.1104011e-004
 7.7798642e-004
 7.4619858e-004
 7.1726897e-004
 6.9277495e-004
 6.7430700e-004
 6.6296064e-004
 6.5818185e-004
 6.5905874e-004
 6.6468056e-004
 6.7413785e-004
 6.8651803e-004
 7.0091127e-004
 7.1640918e-004
 7.3209748e-004
 7.4706919e-004
 7.6048257e-004
 7.7174691e-004
 7.8031712e-004
 7.8565266e-004
 7.8721001e-004
 7.8444683e-004
 7.7682146e-004
 7.6378958e-004
 7.4481207e-004
 7.2006299e-004
 6.9210533e-004
 6.6400960e-004
 6.3883362e-004
 6.1964715e-004
 6.0951011e-004
 6.1148877e-004
 6.2864745e-004
 6.6248223e-004
 7.0934667e-004
 7.6451583e-004
 8.2328852e-004
 8.8093680e-004
 9.3275995e-004
 9.7403186e-004
 1.0000464e-003
 1.0077615e-003
 9.9958212e-004
 9.7902259e-004
 9.4960327e-004
 9.1483304e-004
 8.7823567e-004
 8.4331864e-004
 8.1360550e-004
 7.9185166e-004
 7.7839621e-004
 7.7308103e-004
 7.7575241e-004
 7.8625628e-004
 8.0443523e-004
 8.3013490e-004
 8.6215901e-004
 8.9596101e-004
 9.2634367e-004
 9.4809564e-004
 9.5601677e-004
 9.4490231e-004
 9.1251131e-004
 8.6600817e-004
 8.1439572e-004
 7.6669885e-004
 7.3192018e-004
 7.1907899e-004
 7.3337829e-004
 7.6808501e-004
 8.1411167e-004
 8.6238846e-004
 9.0382458e-004
 9.2935062e-004
 9.3282753e-004
 9.1730215e-004
 8.8760711e-004
 8.4856473e-004
 8.0501306e-004
 7.6177099e-004
 7.2293141e-004
 6.9026276e-004
 6.6510605e-004
 6.4879004e-004
 6.4264785e-004
 6.4801326e-004
 6.6467654e-004
 6.8768905e-004
 7.1120606e-004
 7.2937255e-004
 7.3634257e-004
 7.2626612e-004
 6.9721747e-004
 6.5918535e-004
 6.2440999e-004
 6.0515717e-004
 6.1366486e-004
 6.6217541e-004
 7.5620628e-004
 8.8100508e-004
 1.0179090e-003
 1.1483453e-003
 1.2537141e-003
 1.3154292e-003
 1.3222971e-003
 1.2854246e-003
 1.2200411e-003
 1.1413759e-003
 1.0646414e-003
 1.0051023e-003
 9.7235583e-004
 9.5936371e-004
 9.5601048e-004
 9.5217855e-004
 9.3775248e-004
 9.0347469e-004
 8.5280137e-004
 7.9889310e-004
 7.5519673e-004
 7.3511776e-004
 7.5086171e-004
 7.9684751e-004
 8.5393171e-004
 9.0266694e-004
 9.2359760e-004
 8.9884439e-004
 8.3342794e-004
 7.4973254e-004
 6.7052175e-004
 6.1857066e-004
 6.1496103e-004
 6.5628404e-004
 7.2074414e-004
 7.8610715e-004
 8.3014526e-004
 8.3212083e-004
 7.9305889e-004
 7.3017203e-004
 6.6104531e-004
 6.0331542e-004
 5.7365297e-004
 5.7582033e-004
 6.0399732e-004
 6.5215130e-004
 7.1421172e-004
 7.8394311e-004
 8.5231615e-004
 9.0826029e-004
 9.4061752e-004
 9.3827362e-004
 8.9152699e-004
 8.1050274e-004
 7.1993138e-004
 6.4481748e-004
 6.1018160e-004
 6.3881913e-004
 7.2287710e-004
 8.3209702e-004
 9.3577511e-004
 1.0031934e-003
 1.0060527e-003
 9.4921945e-004
 8.6156483e-004
 7.7248551e-004
 7.1136904e-004
 7.0549001e-004
 7.5286691e-004
 8.3053188e-004
 9.1505522e-004
 9.8301948e-004
 1.0124937e-003
 1.0022137e-003
 9.6563355e-004
 9.1651484e-004
 8.6865708e-004
 8.3496852e-004
 8.1699877e-004
 8.0821471e-004
 8.0191530e-004
 7.9139345e-004
 7.7047816e-004
 7.4002228e-004
 7.0587080e-004
 6.7395094e-004
 6.5019616e-004
 6.4011052e-004
 6.4357993e-004
 6.5653847e-004
 6.7484047e-004
 6.9434056e-004
 7.1107235e-004
 7.2333007e-004
 7.3100644e-004
 7.3402218e-004
 7.3229702e-004
 7.2584936e-004
 7.1593927e-004
 7.0468889e-004
 6.9423753e-004
 6.8672322e-004
 6.8419921e-004
 6.8756618e-004
 6.9693633e-004
 7.1241113e-004
 7.3407986e-004
 7.6180522e-004
 7.9245499e-004
 8.2085235e-004
 8.4176008e-004
 8.4996270e-004
 8.4082736e-004
 8.1711175e-004
 7.8659959e-004
 7.5719471e-004
 7.3677796e-004
 7.3247898e-004
 7.4201112e-004
 7.5670151e-004
 7.6776405e-004
 7.6641154e-004
 7.4483553e-004
 7.0739631e-004
 6.6661369e-004
 6.3516258e-004
 6.2571862e-004
 6.4964173e-004
 7.0214836e-004
 7.6767633e-004
 8.3046709e-004
 8.7476819e-004
 8.8606437e-004
 8.6522033e-004
 8.2328211e-004
 7.7146682e-004
 7.2103087e-004
 6.8252353e-004
 6.5847486e-004
 6.4610940e-004
 6.4256479e-004
 6.4496906e-004
 6.5053173e-004
 6.5738190e-004
 6.6425378e-004
 6.6988717e-004
 6.7302689e-004
 6.7253638e-004
 6.6869671e-004
 6.6271779e-004
 6.5582304e-004
 6.4923626e-004
 6.4409088e-004
 6.4047641e-004
 6.3779956e-004
 6.3545664e-004
 6.3284428e-004
 6.2954793e-004
 6.2735850e-004
 6.2948390e-004
 6.3915644e-004
 6.5961474e-004
 6.9360167e-004
 7.3834677e-004
 7.8753685e-004
 8.3481165e-004
 8.7377662e-004
 8.9847925e-004
 9.0759841e-004
 9.0276974e-004
 8.8567060e-004
 8.5799274e-004
 8.2171225e-004
 7.8216178e-004
 7.4678875e-004
 7.2309986e-004
 7.1857427e-004
 7.3973497e-004
 7.8226975e-004
 8.3500880e-004
 8.8670669e-004
 9.2611002e-004
 9.4285398e-004
 9.3645597e-004
 9.1263151e-004
 8.7718340e-004
 8.3591440e-004
 7.9438899e-004
 7.5566996e-004
 7.2121719e-004
 6.9247728e-004
 6.7089242e-004
 6.5772526e-004
 6.5209373e-004
 6.5180816e-004
 6.5466011e-004
 6.5843895e-004
 6.6110998e-004
 6.6253223e-004
 6.6372653e-004
 6.6573132e-004
 6.6958356e-004
 6.7613728e-004
 6.8426033e-004
 6.9161126e-004
 6.9582573e-004
 6.9454568e-004
 6.8572641e-004
 6.7069725e-004
 6.5284630e-004
 6.3557999e-004
 6.2230736e-004
 6.1626546e-004
 6.1886618e-004
 6.3041790e-004
 6.5121485e-004
 6.8155164e-004
 7.2127936e-004
 7.6544308e-004
 8.0625742e-004
 8.3588972e-004
 8.4650726e-004
 8.3127193e-004
 7.9380150e-004
 7.4392062e-004
 6.9152436e-004
 6.4654654e-004
 6.1808340e-004
 6.0698332e-004
 6.0921127e-004
 6.2067201e-004
 6.3726091e-004
 6.5494055e-004
 6.7028269e-004
 6.8021956e-004
 6.8168115e-004
 6.7160575e-004
 6.4756331e-004
 6.1358087e-004
 5.7748775e-004
 5.4713566e-004
 5.3038349e-004
 5.3425890e-004
 5.5739144e-004
 5.9351296e-004
 6.3631084e-004
 6.7946926e-004
 7.1694551e-004
 7.4533367e-004
 7.6279201e-004
 7.6748763e-004
 7.5758318e-004
 7.3195389e-004
 6.9646916e-004
 6.6100940e-004
 6.3550216e-004
 6.2987715e-004
 6.5259606e-004
 6.9760298e-004
 7.5058360e-004
 7.9713698e-004
 8.2282780e-004
 8.1489165e-004
 7.7653822e-004
 7.2001055e-004
 6.5769907e-004
 6.0195284e-004
 5.6424510e-004
 5.4742413e-004
 5.4949470e-004
 5.6839344e-004
 6.0206349e-004
 6.4813340e-004
 7.0121291e-004
 7.5417681e-004
 7.9991989e-004
 8.3132507e-004
 8.4204157e-004
 8.3304674e-004
 8.0940302e-004
 7.7621121e-004
 7.3856296e-004
 7.0140709e-004
 6.6804187e-004
 6.4087863e-004
 6.2231917e-004
 6.1476493e-004
 6.2015181e-004
 6.3598534e-004
 6.5734697e-004
 6.7929807e-004
 6.9688389e-004
 7.0574624e-004
 7.0693821e-004
 7.0446602e-004
 7.0236804e-004
 7.0468080e-004
 7.1481790e-004
 7.3042215e-004
 7.4601331e-004
 7.5606816e-004
 7.5507647e-004
 7.3838851e-004
 7.0930092e-004
 6.7541585e-004
 6.4435572e-004
 6.2374875e-004
 6.2021136e-004
 6.3111592e-004
 6.4888585e-004
 6.6590030e-004
 6.7453965e-004
 6.6802563e-004
 6.4726209e-004
 6.1722728e-004
 5.8293703e-004
 5.4939993e-004
 5.2132364e-004
 5.0047098e-004
 4.8707120e-004
 4.8133900e-004
 4.8349216e-004
 4.9347116e-004
 5.0879002e-004
 5.2569219e-004
 5.4039678e-004
 5.4913579e-004
 5.4876250e-004
 5.4165797e-004
 5.3308526e-004
 5.2833935e-004
 5.3270813e-004
 5.5070041e-004
 5.7997840e-004
 6.1462767e-004
 6.4872461e-004
 6.7633996e-004
 6.9208653e-004
 6.9527247e-004
 6.8764249e-004
 6.7095598e-004
 6.4697239e-004
 6.1770371e-004
 5.8743329e-004
 5.6157459e-004
 5.4555625e-004
 5.4480962e-004
 5.6375453e-004
 5.9814280e-004
 6.3932297e-004
 6.7861675e-004
 7.0731738e-004
 7.1786228e-004
 7.1216107e-004
 6.9691503e-004
 6.7885802e-004
 6.6473830e-004
 6.6059252e-004
 6.6657166e-004
 6.7987287e-004
 6.9766020e-004
 7.1710692e-004
 7.3549530e-004
 7.5104536e-004
 7.6243200e-004
 7.6834520e-004
 7.6747139e-004
 7.5881777e-004
 7.4409612e-004
 7.2635087e-004
 7.0863706e-004
 6.9400965e-004
 6.8523345e-004
 6.8269070e-004
 6.8557990e-004
 6.9309369e-004
 7.0442824e-004
 7.1857759e-004
 7.3296123e-004
 7.4422150e-004
 7.4899546e-004
 7.4391731e-004
 7.2649133e-004
 7.0125848e-004
 6.7618478e-004
 6.5925642e-004
 6.5847189e-004
 6.8046834e-004
 7.2101934e-004
 7.7065529e-004
 8.1983430e-004
 8.5905148e-004
 8.7985548e-004
 8.8232826e-004
 8.7065360e-004
 8.4904436e-004
 8.2171062e-004
 7.9267297e-004
 7.6443655e-004
 7.3880632e-004
 7.1756210e-004
 7.0249051e-004
 6.9499871e-004
 6.9350825e-004
 6.9501658e-004
 6.9651520e-004
 6.9499470e-004
 6.8795343e-004
 6.7685777e-004
 6.6504395e-004
 6.5585756e-004
 6.5265078e-004
 6.5825268e-004
 6.7148660e-004
 6.8929908e-004
 7.0863048e-004
 7.2640652e-004
 7.3973602e-004
 7.4702164e-004
 7.4726989e-004
 7.3949085e-004
 7.2269607e-004
 6.9646863e-004
 6.6476921e-004
 6.3361065e-004
 6.0899317e-004
 5.9692434e-004
 6.0230779e-004
 6.2165828e-004
 6.4761745e-004
 6.7281997e-004
 6.8989786e-004
 6.9252460e-004
 6.8224984e-004
 6.6422141e-004
 6.4360304e-004
 6.2555511e-004
 6.1477855e-004
 6.1242277e-004
 6.1803812e-004
 6.3116691e-004
 6.5135711e-004
 6.7777070e-004
 7.0682605e-004
 7.3369558e-004
 7.5354922e-004
 7.6154293e-004
 7.5390149e-004
 7.3461269e-004
 7.1113679e-004
 6.9096871e-004
 6.8158528e-004
 6.8914628e-004
 7.1012758e-004
 7.3667656e-004
 7.6093676e-004
 7.7504758e-004
 7.7235175e-004
 7.5493968e-004
 7.2878570e-004
 6.9986918e-004
 6.7417230e-004
 6.5698539e-004
 6.4863585e-004
 6.4725342e-004
 6.5096351e-004
 6.5789366e-004
 6.6629285e-004
 6.7532685e-004
 6.8455760e-004
 6.9354870e-004
 7.0186582e-004
 7.0901820e-004
 7.1416417e-004
 7.1630476e-004
 7.1443955e-004
 7.0756965e-004
 6.9502863e-004
 6.7850162e-004
 6.6068274e-004
 6.4428314e-004
 6.3200080e-004
 6.2614295e-004
 6.2624633e-004
 6.3066313e-004
 6.3773710e-004
 6.4581516e-004
 6.5360183e-004
 6.6229788e-004
 6.7415868e-004
 6.9144904e-004
 7.1643200e-004
 7.5053220e-004
 7.8929000e-004
 8.2579465e-004
 8.5311988e-004
 8.6433924e-004
 8.5391232e-004
 8.2585745e-004
 7.8819547e-004
 7.4896094e-004
 7.1618200e-004
 6.9697155e-004
 6.9202454e-004
 6.9937948e-004
 7.1707158e-004
 7.4312167e-004
 7.7528990e-004
 8.0948824e-004
 8.4087130e-004
 8.6456846e-004
 8.7573315e-004
 8.7045704e-004
 8.5118547e-004
 8.2297163e-004
 7.9089834e-004
 7.6002855e-004
 7.3487731e-004
 7.1626593e-004
 7.0351962e-004
 6.9594476e-004
 6.9285312e-004
 6.9363136e-004
 6.9815689e-004
 7.0650689e-004
 7.1875937e-004
 7.3499262e-004
 7.5526326e-004
 7.7805802e-004
 7.9949381e-004
 8.1548135e-004
 8.2193117e-004
 8.1475015e-004
 7.8993558e-004
 7.4829441e-004
 6.9794548e-004
 6.4766110e-004
 6.0617621e-004
 5.8223732e-004
 5.8446272e-004
 6.1429379e-004
 6.6228217e-004
 7.1809650e-004
 7.7140128e-004
 8.1186858e-004
 8.2926307e-004
 8.2006527e-004
 7.9076627e-004
 7.4867066e-004
 7.0111535e-004
 6.5540697e-004
 6.1879220e-004
 5.9480796e-004
 5.8148702e-004
 5.7639490e-004
 5.7710422e-004
 5.8118760e-004
 5.8623450e-004
 5.9067074e-004
 5.9416756e-004
 5.9649494e-004
 5.9742288e-004
 5.9672096e-004
 5.9415970e-004
 5.8955996e-004
 5.8305968e-004
 5.7492370e-004
 5.6541292e-004
 5.5478927e-004
 5.4331491e-004
 5.3124921e-004
 5.1891134e-004
 5.0692970e-004
 4.9605622e-004
 4.8704149e-004
 4.8064216e-004
 4.7760800e-004
 4.7869142e-004
 4.8449280e-004
 4.9466855e-004
 5.0852424e-004
 5.2536407e-004
 5.4449198e-004
 5.6521723e-004
 5.8683386e-004
 6.0860347e-004
 6.2949472e-004
 6.4837321e-004
 6.6409109e-004
 6.7551428e-004
 6.8150379e-004
 6.8092014e-004
 6.7295250e-004
 6.5875426e-004
 6.4020534e-004
 6.1918196e-004
 5.9757562e-004
 5.7726260e-004
 5.6012423e-004
 5.4775353e-004
 5.4003397e-004
 5.3622696e-004
 5.3558685e-004
 5.3737062e-004
 5.4083584e-004
 5.4523780e-004
 5.4994924e-004
 5.5502058e-004
 5.6074990e-004
 5.6743150e-004
 5.7536381e-004
 5.8484374e-004
 5.9616833e-004
 6.0948689e-004
 6.2405987e-004
 6.3884095e-004
 6.5277988e-004
 6.6482945e-004
 6.7393389e-004
 6.7904638e-004
 6.7941379e-004
 6.7598984e-004
 6.7034113e-004
 6.6403270e-004
 6.5862981e-004
 6.5569795e-004
 6.5680337e-004
 6.6308386e-004
 6.7324337e-004
 6.8512559e-004
 6.9657568e-004
 7.0543052e-004
 7.0953550e-004
 7.0673338e-004
 6.9545797e-004
 6.7750725e-004
 6.5584760e-004
 6.3344761e-004
 6.1327225e-004
 5.9830054e-004
 5.9149624e-004
 5.9519685e-004
 6.0821243e-004
 6.2813482e-004
 6.5253908e-004
 6.7901443e-004
 7.0514600e-004
 7.2852394e-004
 7.4705959e-004
 7.6055009e-004
 7.6942827e-004
 7.7412819e-004
 7.7508128e-004
 7.7272236e-004
 7.6748512e-004
 7.5987366e-004
 7.5077650e-004
 7.4122095e-004
 7.3222787e-004
 7.2481995e-004
 7.2001951e-004
 7.1885181e-004
 7.2206632e-004
 7.2894141e-004
 7.3826092e-004
 7.4880075e-004
 7.5934414e-004
 7.6867174e-004
 7.7556469e-004
 7.7883364e-004
 7.7842583e-004
 7.7575992e-004
 7.7235058e-004
 7.6971221e-004
 7.6936092e-004
 7.7281060e-004
 7.8157615e-004
 7.9714239e-004
 8.1969332e-004
 8.4777613e-004
 8.7982795e-004
 9.1428572e-004
 9.4959483e-004
 9.8417525e-004
 1.0164725e-003
 1.0449430e-003
 1.0687832e-003
 1.0881016e-003
 1.1030838e-003
 1.1139096e-003
 1.1207594e-003
 1.1238097e-003
 1.1232420e-003
 1.1192362e-003
 1.1119840e-003
 1.1017001e-003
 1.0885954e-003
 1.0728817e-003
 1.0547715e-003
 1.0344718e-003
 1.0122044e-003
 9.8818424e-004
 9.6288638e-004
 9.3709677e-004
 9.1163989e-004
 8.8732172e-004
 8.6495420e-004
 8.4534526e-004
 8.2931621e-004
 8.1765529e-004
 8.1050477e-004
 8.0720638e-004
 8.0705289e-004
 8.0933701e-004
 8.1335090e-004
 8.1838720e-004
 8.2373968e-004
 8.2872342e-004
 8.3350262e-004
 8.3926966e-004
 8.4728148e-004
 8.5878908e-004
 8.7504857e-004
 8.9731457e-004
 9.2684181e-004
 9.6484297e-004
 1.0107822e-003
 1.0620758e-003
 1.1160079e-003
 1.1698753e-003
 1.2209364e-003
 1.2664885e-003
 1.3038155e-003
 1.3302621e-003
 1.3449362e-003
 1.3490955e-003
 1.3441150e-003
 1.3313650e-003
 1.3122268e-003
 1.2880729e-003
 1.2602778e-003
 1.2302150e-003
 1.1992083e-003
 1.1685544e-003
 1.1395249e-003
 1.1133980e-003
 1.0914480e-003
 1.0749644e-003
 1.0652200e-003
 1.0634414e-003
 1.0692341e-003
 1.0802952e-003
 1.0942173e-003
 1.1085926e-003
 1.1210134e-003
 1.1290729e-003
 1.1303589e-003
 1.1225296e-003
 1.1051861e-003
 1.0801794e-003
 1.0495061e-003
 1.0151454e-003
 9.7908173e-004
 9.4329077e-004
 9.0977462e-004
 8.8048028e-004
 8.5651729e-004
 8.3802117e-004
 8.2507165e-004
 8.1775675e-004
 8.1615464e-004
 8.2034752e-004
 8.3042018e-004
 8.4641401e-004
 8.6731615e-004
 8.9090527e-004
 9.1489987e-004
 9.3700096e-004
 9.5492729e-004
 9.6639182e-004
 9.6910691e-004
 9.6085749e-004
 9.4155828e-004
 9.1352023e-004
 8.7918219e-004
 8.4097363e-004
 8.0135226e-004
 7.6274836e-004
 7.2760065e-004
 6.9828995e-004
 6.7573867e-004
 6.5919576e-004
 6.4783130e-004
 6.4081384e-004
 6.3731644e-004
 6.3650688e-004
 6.3755503e-004
 6.3963083e-004
 6.4192002e-004
 6.4403348e-004
 6.4605469e-004
 6.4809126e-004
 6.5025128e-004
 6.5264112e-004
 6.5536879e-004
 6.5854186e-004
 6.6226872e-004
 6.6665508e-004
 6.7180459e-004
 6.7769166e-004
 6.8415061e-004
 6.9101056e-004
 6.9809548e-004
 7.0523418e-004
 7.1225408e-004
 7.1898411e-004
 7.2524813e-004
 7.3087530e-004
 7.3569972e-004
 7.3973846e-004
 7.4320217e-004
 7.4631389e-004
 7.4929610e-004
 7.5237080e-004
 7.5576117e-004
 7.5968774e-004
 7.6437352e-004
 7.7004067e-004
 7.7689817e-004
 7.8476226e-004
 7.9304061e-004
 8.0111978e-004
 8.0838730e-004
 8.1422605e-004
 8.1802410e-004
 8.1916788e-004
 8.1704243e-004
 8.1103505e-004
 8.0056692e-004
 7.8594364e-004
 7.6840137e-004
 7.4921612e-004
 7.2967791e-004
 7.1106286e-004
 6.9465162e-004
 6.8172225e-004
 6.7356171e-004
 6.7144720e-004
 6.7660626e-004
 6.8896147e-004
 7.0706388e-004
 7.2940940e-004
 7.5449201e-004
 7.8080519e-004
 8.0684910e-004
 8.3110464e-004
 8.5207191e-004
 8.6824468e-004
 8.7816664e-004
 8.8154041e-004
 8.7927491e-004
 8.7233016e-004
 8.6166372e-004
 8.4824074e-004
 8.3301967e-004
 8.1696035e-004
 8.0102339e-004
 7.8616530e-004
 7.7333080e-004
 7.6291017e-004
 7.5474515e-004
 7.4865215e-004
 7.4445130e-004
 7.4195827e-004
 7.4099039e-004
 7.4136537e-004
 7.4290030e-004
 7.4541237e-004
 7.4872095e-004
 7.5269077e-004
 7.5722754e-004
 7.6224207e-004
 7.6764438e-004
 7.7334425e-004
 7.7925302e-004
 7.8527769e-004
 7.9132954e-004
 7.9731847e-004
 8.0315076e-004
 8.0861716e-004
 8.1340206e-004
 8.1718393e-004
 8.1964140e-004
 8.2045171e-004
 8.1929367e-004
 8.1584591e-004
 8.0978661e-004
 8.0079149e-004
 7.8857341e-004
 7.7350612e-004
 7.5661886e-004
 7.3896401e-004
 7.2160712e-004
 7.0560037e-004
 6.9200067e-004
 6.8186258e-004
 6.7624793e-004
 6.7621045e-004
 6.8274891e-004
 6.9560594e-004
 7.1331213e-004
 7.3433534e-004
 7.5715536e-004
 7.8024867e-004
 8.0209627e-004
 8.2116399e-004
 8.3593343e-004
 8.4488094e-004
 8.4655557e-004
 8.4106741e-004
 8.3002134e-004
 8.1508106e-004
 7.9790578e-004
 7.8016770e-004
 7.6352630e-004
 7.4964541e-004
 7.4018835e-004
 7.3681888e-004
 7.4112706e-004
 7.5313100e-004
 7.7136804e-004
 7.9432345e-004
 8.2046539e-004
 8.4827805e-004
 8.7624078e-004
 9.0283889e-004
 9.2653889e-004
 9.4582658e-004
 9.5923332e-004
 9.6635259e-004
 9.6776913e-004
 9.6410559e-004
 9.5598632e-004
 9.4403431e-004
 9.2886889e-004
 9.1112056e-004
 8.9140917e-004
 8.7035797e-004
 8.4858312e-004
 8.2668249e-004
 8.0520636e-004
 7.8470906e-004
 7.6574512e-004
 7.4886513e-004
 7.3463155e-004
 7.2359463e-004
 7.1630866e-004
 7.1332772e-004
 7.1516953e-004
 7.2159542e-004
 7.3168159e-004
 7.4448239e-004
 7.5904262e-004
 7.7441614e-004
 7.8965398e-004
 8.0381054e-004
 8.1592979e-004
 8.2506641e-004
 8.3031791e-004
 8.3167222e-004
 8.2991907e-004
 8.2587835e-004
 8.2036952e-004
 8.1421126e-004
 8.0822146e-004
 8.0322236e-004
 8.0003141e-004
 7.9946779e-004
 8.0230780e-004
 8.0849550e-004
 8.1723847e-004
 8.2771841e-004
 8.3911687e-004
 8.5061789e-004
 8.6139754e-004
 8.7064033e-004
 8.7752746e-004
 8.8124105e-004
 8.8101061e-004
 8.7698683e-004
 8.7012647e-004
 8.6141180e-004
 8.5183163e-004
 8.4236823e-004
 8.3400612e-004
 8.2772982e-004
 8.2452322e-004
 8.2537241e-004
 8.3120074e-004
 8.4184745e-004
 8.5621199e-004
 8.7315182e-004
 8.9153432e-004
 9.1022375e-004
 9.2808862e-004
 9.4398460e-004
 9.5678045e-004
 9.6534047e-004
 9.6860150e-004
 9.6678437e-004
 9.6121628e-004
 9.5325895e-004
 9.4427448e-004
 9.3562243e-004
 9.2866929e-004
 9.2477468e-004
 9.2530029e-004
 9.3161035e-004
 9.4497949e-004
 9.6521631e-004
 9.9088193e-004
 1.0205052e-003
 1.0525935e-003
 1.0856746e-003
 1.1182704e-003
 1.1489023e-003
 1.1760979e-003
 1.1983651e-003
 1.2143105e-003
 1.2238553e-003
 1.2280315e-003
 1.2279024e-003
 1.2245349e-003
 1.2189946e-003
 1.2123454e-003
 1.2056555e-003
 1.1999892e-003
 1.1964118e-003
 1.1959223e-003
 1.1984132e-003
 1.2028554e-003
 1.2081945e-003
 1.2133758e-003
 1.2173454e-003
 1.2190458e-003
 1.2174238e-003
 1.2114245e-003
 1.1999893e-003
 1.1821631e-003
 1.1585278e-003
 1.1309320e-003
 1.1012608e-003
 1.0713934e-003
 1.0432295e-003
 1.0186478e-003
 9.9953380e-004
 9.8777132e-004
 9.8525197e-004
 9.9372480e-004
 1.0128033e-003
 1.0403780e-003
 1.0742689e-003
 1.1123152e-003
 1.1523503e-003
 1.1922173e-003
 1.2297303e-003
 1.2627323e-003
 1.2890571e-003
 1.3066601e-003
 1.3154306e-003
 1.3167972e-003
 1.3122385e-003
 1.3032301e-003
 1.2912442e-003
 1.2777623e-003
 1.2642576e-003
 1.2522056e-003
 1.2430798e-003
 1.2382786e-003
 1.2379144e-003
 1.2410948e-003
 1.2468991e-003
 1.2544093e-003
 1.2627010e-003
 1.2708557e-003
 1.2779529e-003
 1.2830736e-003
 1.2852944e-003
 1.2837598e-003
 1.2785718e-003
 1.2705784e-003
 1.2606535e-003
 1.2496656e-003
 1.2384851e-003
 1.2279818e-003
 1.2190237e-003
 1.2124857e-003
 1.2092354e-003
 1.2100822e-003
 1.2149309e-003
 1.2229842e-003
 1.2334292e-003
 1.2454529e-003
 1.2582451e-003
 1.2709863e-003
 1.2828662e-003
 1.2930718e-003
 1.3007913e-003
 1.3052626e-003
 1.3065361e-003
 1.3052747e-003
 1.3021559e-003
 1.2978566e-003
 1.2930569e-003
 1.2884339e-003
 1.2846651e-003
 1.2824286e-003
 1.2824030e-003
 1.2852014e-003
 1.2905071e-003
 1.2973057e-003
 1.3045609e-003
 1.3112411e-003
 1.3163132e-003
 1.3187440e-003
 1.3174999e-003
 1.3115481e-003
 1.2998558e-003
 1.2814930e-003
 1.2569855e-003
 1.2279643e-003
 1.1960691e-003
 1.1629442e-003
 1.1302270e-003
 1.0995782e-003
 1.0726344e-003
 1.0510402e-003
 1.0364407e-003
 1.0303523e-003
 1.0325139e-003
 1.0413526e-003
 1.0552673e-003
 1.0726615e-003
 1.0919257e-003
 1.1114627e-003
 1.1296717e-003
 1.1449551e-003
 1.1557040e-003
 1.1604342e-003
 1.1591972e-003
 1.1531586e-003
 1.1435141e-003
 1.1314556e-003
 1.1181759e-003
 1.1048674e-003
 1.0927203e-003
 1.0829334e-003
 1.0766960e-003
 1.0751138e-003
 1.0781175e-003
 1.0847938e-003
 1.0942117e-003
 1.1054410e-003
 1.1175540e-003
 1.1296142e-003
 1.1406936e-003
 1.1498620e-003
 1.1561885e-003
 1.1588198e-003
 1.1579171e-003
 1.1543633e-003
 1.1490551e-003
 1.1428880e-003
 1.1367619e-003
 1.1315725e-003
 1.1282164e-003
 1.1275909e-003
 1.1305934e-003
 1.1380448e-003
 1.1497875e-003
 1.1649792e-003
 1.1827684e-003
 1.2022901e-003
 1.2226921e-003
 1.2431183e-003
 1.2627171e-003
 1.2806226e-003
 1.2959837e-003
 1.3080019e-003
 1.3166211e-003
 1.3222902e-003
 1.3254751e-003
 1.3266393e-003
 1.3262460e-003
 1.3247581e-003
 1.3226398e-003
 1.3203543e-003
 1.3183646e-003
 1.3171071e-003
 1.3166778e-003
 1.3169399e-003
 1.3177515e-003
 1.3189720e-003
 1.3204593e-003
 1.3220722e-003
 1.3236696e-003
 1.3251103e-003
 1.3262524e-003
 1.3269645e-003
 1.3272349e-003
 1.3271325e-003
 1.3267276e-003
 1.3260912e-003
 1.3252936e-003
 1.3244052e-003
 1.3234963e-003
 1.3226381e-003
 1.3219006e-003
 1.3213501e-003
 1.3209998e-003
 1.3208280e-003
 1.3208118e-003
 1.3209290e-003
 1.3211569e-003
 1.3214728e-003
 1.3218542e-003
 1.3222786e-003
 1.3227235e-003
 1.3231663e-003
 1.3235841e-003
 1.3239541e-003
 1.3242534e-003
 1.3244591e-003
 1.3245484e-003
 1.3244983e-003
 1.3242862e-003
 1.3238890e-003
 1.3232836e-003
 1.3224550e-003
 1.3214751e-003
 1.3204732e-003
 1.3195788e-003
 1.3189225e-003
 1.3186341e-003
 1.3188438e-003
 1.3196815e-003
 1.3212771e-003
 1.3237608e-003
 1.3272403e-003
 1.3315697e-003
 1.3364364e-003
 1.3415277e-003
 1.3465300e-003
 1.3511303e-003
 1.3550157e-003
 1.3578708e-003
 1.3593831e-003
 1.3592397e-003
 1.3571811e-003
 1.3535776e-003
 1.3491957e-003
 1.3448083e-003
 1.3411881e-003
 1.3391095e-003
 1.3393450e-003
 1.3426677e-003
 1.3498503e-003
 1.3616695e-003
 1.3788452e-003
 1.4015725e-003
 1.4297108e-003
 1.4631225e-003
 1.5016465e-003
 1.5451438e-003
 1.5934692e-003
 1.6464895e-003
 1.7040339e-003
 1.7659687e-003
 1.8320922e-003
 1.9015860e-003
 1.9732681e-003
 2.0458987e-003
 2.1182902e-003
 2.1892369e-003
 2.2575504e-003
 2.3219916e-003
 2.3813732e-003
 2.4344893e-003
 2.4801849e-003
 2.5177007e-003
 2.5465733e-003
 2.5663301e-003
 2.5765013e-003
 2.5766108e-003
 2.5661888e-003
 2.5447647e-003
 2.5118666e-003
 2.4670106e-003
 2.4098968e-003
 2.3417990e-003
 2.2649691e-003
 2.1816501e-003
 2.0941475e-003
 2.0047061e-003
 1.9155905e-003
 1.8290450e-003
 1.7473758e-003
 1.6728266e-003
 1.6074836e-003
 1.5515735e-003
 1.5042035e-003
 1.4644986e-003
 1.4315493e-003
 1.4044583e-003
 1.3823237e-003
 1.3642584e-003
 1.3493591e-003
 1.3367288e-003
 1.3255303e-003
 1.3155810e-003
 1.3070700e-003
 1.3001945e-003
 1.2951520e-003
 1.2921392e-003
 1.2913545e-003
 1.2929944e-003
 1.2972560e-003
 1.3043386e-003
 1.3143381e-003
 1.3263650e-003
 1.3389533e-003
 1.3506311e-003
 1.3599194e-003
 1.3653473e-003
 1.3654412e-003
 1.3587248e-003
 1.3437275e-003
 1.3189747e-003
 1.2832588e-003
 1.2380233e-003
 1.1862223e-003
 1.1308654e-003
 1.0749255e-003
 1.0213875e-003
 9.7322534e-004
 9.3344715e-004
 9.0502546e-004
 8.9094485e-004
 8.9383451e-004
 9.1280293e-004
 9.4496465e-004
 9.8741276e-004
 1.0372403e-003
 1.0915535e-003
 1.1474192e-003
 1.2019426e-003
 1.2522171e-003
 1.2953449e-003
 1.3286393e-003
 1.3517776e-003
 1.3657312e-003
 1.3714863e-003
 1.3700264e-003
 1.3623395e-003
 1.3494117e-003
 1.3322284e-003
 1.3117709e-003
 1.2890345e-003
 1.2649442e-003
 1.2398943e-003
 1.2139755e-003
 1.1872950e-003
 1.1599408e-003
 1.1320077e-003
 1.1035829e-003
 1.0747747e-003
 1.0456705e-003
 1.0163649e-003
 9.8695222e-004
 9.5752801e-004
 9.2828501e-004
 8.9943636e-004
 8.7120238e-004
 8.4379746e-004
 8.1745506e-004
 7.9238915e-004
 7.6882023e-004
 7.4696389e-004
 7.2705117e-004
 7.0929702e-004
 6.9392211e-004
 6.8114419e-004
 6.7119004e-004
 6.6424481e-004
 6.6020474e-004
 6.5880950e-004
 6.5979752e-004
 6.6290644e-004
 6.6787435e-004
 6.7443919e-004
 6.8234117e-004
 6.9131452e-004
 7.0109899e-004
 7.1143272e-004
 7.2205637e-004
 7.3270279e-004
 7.4311259e-004
 7.5302395e-004
 7.6217484e-004
 7.7030517e-004
 7.7714899e-004
 7.8247191e-004
 7.8626146e-004
 7.8862347e-004
 7.8966335e-004
 7.8948797e-004
 7.8820396e-004
 7.8591704e-004
 7.8273466e-004
 7.7876274e-004
 7.7410782e-004
 7.6887617e-004
 7.6317281e-004
 7.5710693e-004
 7.5078360e-004
 7.4430922e-004
 7.3778874e-004
 7.3133130e-004
 7.2504231e-004
 7.1902777e-004
 7.1339292e-004
 7.0824684e-004
 7.0369459e-004
 6.9983280e-004
 6.9667451e-004
 6.9419231e-004
 6.9235632e-004
 6.9113722e-004
 6.9050613e-004
 6.9043372e-004
 6.9089094e-004
 6.9184869e-004
 6.9327757e-004
 6.9514912e-004
 6.9743331e-004
 7.0010131e-004
 7.0312386e-004
 7.0647290e-004
 7.1011757e-004
 7.1402948e-004
 7.1817951e-004
 7.2253845e-004
 7.2707830e-004
 7.3176768e-004
 7.3657854e-004
 7.4148190e-004
 7.4644963e-004
 7.5145025e-004
 7.5645576e-004
 7.6143967e-004
 7.6639885e-004
 7.7133731e-004
 7.7626290e-004
 7.8118203e-004
 7.8610145e-004
 7.9102867e-004
 7.9596805e-004
 8.0092729e-004
 8.0591289e-004
 8.1093260e-004
 8.1599073e-004
 8.2109490e-004
 8.2625163e-004
 8.3146873e-004
 8.3675038e-004
 8.4210443e-004
 8.4753719e-004
 8.5305667e-004
 8.5866696e-004
 8.6437556e-004
 8.7018928e-004
 8.7611459e-004
 8.8215957e-004
 8.8832789e-004
 8.9462748e-004
 9.0106472e-004
 9.0764812e-004
 9.1438089e-004
 9.2127110e-004
 9.2832401e-004
 9.3553466e-004
 9.4288774e-004
 9.5037289e-004
 9.5797813e-004
 9.6569146e-004
 9.7350264e-004
 9.8139595e-004
 9.8936132e-004
 9.9738652e-004
 1.0054617e-003
 1.0135707e-003
 1.0217038e-003
 1.0298486e-003
 1.0379952e-003
 1.0461278e-003
 1.0542361e-003
 1.0623082e-003
 1.0703318e-003
 1.0782973e-003
 1.0861886e-003
 1.0939955e-003
 1.1017059e-003
 1.1093101e-003
 1.1167917e-003
 1.1241412e-003
 1.1313462e-003
 1.1383964e-003
 1.1452764e-003
 1.1519758e-003
 1.1584829e-003
 1.1647852e-003
 1.1708738e-003
 1.1767433e-003
 1.1823977e-003
 1.1878387e-003
 1.1930701e-003
 1.1980908e-003
 1.2029047e-003
 1.2075137e-003
 1.2119210e-003
 1.2161265e-003
 1.2201333e-003
 1.2239438e-003
 1.2275605e-003
 1.2309839e-003
 1.2342171e-003
 1.2372620e-003
 1.2401209e-003
 1.2427963e-003
 1.2452891e-003
 1.2476022e-003
 1.2497373e-003
 1.2516973e-003
 1.2534831e-003
 1.2550974e-003
 1.2565423e-003
 1.2578202e-003
 1.2589324e-003
 1.2598813e-003
 1.2606693e-003
 1.2612983e-003
 1.2617703e-003
 1.2620874e-003
 1.2622525e-003
 1.2622735e-003
 1.2621604e-003
 1.2619233e-003
 1.2615728e-003
 1.2611189e-003
 1.2605714e-003
 1.2599410e-003
 1.2592376e-003
 1.2584714e-003
 1.2576526e-003
 1.2567913e-003
 1.2558978e-003
 1.2549821e-003
 1.2540545e-003
 1.2531249e-003
 1.2522038e-003
 1.2513014e-003
 1.2504276e-003
 1.2495926e-003
 1.2488069e-003
 1.2480804e-003
 1.2474234e-003
 1.2468457e-003
 1.2463579e-003
 1.2459700e-003
 1.2456921e-003
 1.2455345e-003
 1.2455075e-003
 1.2456210e-003
 1.2458852e-003
 1.2463104e-003
 1.2469036e-003
 1.2476500e-003
 1.2485258e-003
 1.2495074e-003
 1.2505713e-003
 1.2516931e-003
 1.2528494e-003
 1.2540162e-003
 1.2551697e-003
 1.2562867e-003
 1.2573428e-003
 1.2583141e-003
 1.2591773e-003
 1.2599088e-003
 1.2604838e-003
 1.2608794e-003
 1.2610717e-003
 1.2610365e-003
 1.2607505e-003
 1.2601897e-003
 1.2593304e-003
 1.2581488e-003
 1.2566207e-003
 1.2547232e-003
 1.2524318e-003
 1.2497230e-003
 1.2465722e-003
 1.2429571e-003
 1.2388533e-003
 1.2342370e-003
 1.2290830e-003
 1.2233701e-003
 1.2170859e-003
 1.2103033e-003
 1.2031263e-003
 1.1956645e-003
 1.1880227e-003
 1.1803068e-003
 1.1726231e-003
 1.1650759e-003
 1.1577751e-003
 1.1508251e-003
 1.1443318e-003
 1.1384003e-003
 1.1331395e-003
 1.1286541e-003
 1.1250502e-003
 1.1224338e-003
 1.1209119e-003
 1.1205901e-003
 1.1215748e-003
 1.1239720e-003
 1.1278888e-003
 1.1334297e-003
 1.1407017e-003
 1.1498109e-003
 1.1608662e-003
 1.1739688e-003
 1.1892269e-003
 1.2067470e-003
 1.2266402e-003
 1.2490032e-003
 1.2739467e-003
 1.3015768e-003
 1.3319594e-003
 1.3649154e-003
 1.4001448e-003
 1.4373704e-003
 1.4763080e-003
 1.5166822e-003
 1.5581897e-003
 1.6005549e-003
 1.6434933e-003
 1.6867307e-003
 1.7299617e-003
 1.7729120e-003
 1.8152971e-003
 1.8568422e-003
 1.8972426e-003
 1.9362237e-003
 1.9735012e-003
 2.0087902e-003
 2.0418139e-003
 2.0722714e-003
 2.0998870e-003
 2.1243757e-003
 2.1454573e-003
 2.1628374e-003
 2.1762368e-003
 2.1853703e-003
 2.1899547e-003
 2.1897028e-003
 2.1843316e-003
 2.1735562e-003
 2.1570928e-003
 2.1346498e-003
 2.1060230e-003
 2.0714088e-003
 2.0311610e-003
 1.9856221e-003
 1.9351683e-003
 1.8801438e-003
 1.8209025e-003
 1.7577832e-003
 1.6911703e-003
 1.6214036e-003
 1.5488374e-003
 1.4738255e-003
 1.3967040e-003
 1.3178636e-003
 1.2376406e-003
 1.1563891e-003
 1.0744440e-003
 9.9219847e-004
 9.0998714e-004
 8.2816446e-004
 7.4706529e-004
 6.6708290e-004
 5.8855175e-004
 5.1182625e-004
 4.3726052e-004
 3.6519201e-004
 2.9600938e-004
 2.3004942e-004
 1.6766627e-004
 1.0920089e-004
 5.5035140e-005
 5.5090850e-006
-3.9086535e-005
-7.8831763e-005
-1.1390713e-004
-1.4452233e-004
-1.7087687e-004
-1.9317534e-004
-2.1160669e-004
-2.2637633e-004
-2.3768381e-004
-2.4572876e-004
-2.5071172e-004
-2.5282984e-004
-2.5228434e-004
-2.4927483e-004
-2.4399934e-004
-2.3666011e-004
-2.2745565e-004
-2.1658569e-004
-2.0424667e-004
-1.9064410e-004
-1.7597484e-004
-1.6043852e-004
-1.4423468e-004
-1.2755902e-004
-1.1061898e-004
-9.3610368e-005
-7.6732766e-005
-6.0181865e-005
-4.4165208e-005
-2.8878414e-005
-1.4521090e-005
-1.2898331e-006
 1.0639850e-005
 2.1268252e-005
 3.0648876e-005
 3.8835151e-005
 4.5882131e-005
 5.1839965e-005
 5.6763922e-005
 6.0707480e-005
 6.3724787e-005
 6.5867855e-005
 6.7191017e-005
 6.7747758e-005
 6.7591442e-005
 6.6775618e-005
 6.5353859e-005
 6.3379615e-005
 6.0905735e-005
 5.7986905e-005
 5.4676057e-005
 5.1026698e-005
 4.7092297e-005
 4.2925327e-005
 3.8581278e-005
 3.4112654e-005
 2.9572948e-005
 2.5014553e-005
 2.0493155e-005
 1.6061133e-005
 1.1771978e-005
 7.6782317e-006
 3.8353382e-006
 2.9577751e-007
-2.8955317e-006
-5.7383781e-006
-8.2476454e-006
-1.0436471e-005
-1.2319823e-005
-1.3912034e-005
-1.5227718e-005
-1.6280577e-005
-1.7085293e-005
-1.7656192e-005
-1.8007668e-005
-1.8153887e-005
-1.8109289e-005
-1.7888204e-005
-1.7504966e-005
-1.6973760e-005
-1.6309172e-005
-1.5525426e-005
-1.4636855e-005
-1.3657543e-005
-1.2602292e-005
-1.1485213e-005
-1.0320633e-005
-9.1225947e-006
-7.9060064e-006
-6.6849157e-006
-5.4736524e-006
-4.2862694e-006
-3.1376676e-006
-2.0418902e-006
-1.0132690e-006
-6.6135719e-008
 7.8778021e-007
 1.5481645e-006
 2.2190761e-006
 2.8043512e-006
 3.3079414e-006
 3.7334464e-006
 4.0848386e-006
 4.3659552e-006
 4.5806810e-006
 4.7327544e-006
 4.8260740e-006
 4.8644802e-006
 4.8518127e-006
 4.7918920e-006
 4.6885884e-006
 4.5457318e-006
 4.3671621e-006
 4.1566668e-006
 3.9181859e-006
 3.6555136e-006
 3.3724903e-006
 3.0728816e-006
 2.7606727e-006
 2.4396322e-006
 2.1136013e-006
 1.7864205e-006
 1.4618522e-006
 1.1438914e-006
 8.3630175e-007
 5.4292235e-007
 2.6752991e-007
 1.4097069e-008
-2.1428161e-007
-4.1767234e-007
-5.9714409e-007
-7.5363999e-007
-8.8823498e-007
-1.0019569e-006
-1.0958357e-006
-1.1709152e-006
-1.2281888e-006
-1.2687055e-006
-1.2934943e-006
-1.3035846e-006
-1.3000005e-006
-1.2837750e-006
-1.2559370e-006
-1.2175049e-006
-1.1695263e-006
-1.1130215e-006
-1.0490198e-006
-9.7853263e-007
-9.0262233e-007
-8.2230167e-007
-7.3859957e-007
-6.5254471e-007
-5.6514534e-007
-4.7747176e-007
-3.9053225e-007
-3.0535574e-007
-2.2295164e-007
-1.4438834e-007
-7.0674616e-008
-2.8394169e-009
 5.8292219e-008
 1.1271914e-007
 1.6073199e-007
 2.0260610e-007
 2.3861674e-007
 2.6904596e-007
 2.9415463e-007
 3.1422584e-007
 3.2953491e-007
 3.4035938e-007
 3.4696919e-007
 3.4964307e-007
 3.4865613e-007
 3.4428237e-007
 3.3679919e-007
 3.2648131e-007
 3.1360395e-007
 2.9844247e-007
 2.8126797e-007
 2.6236384e-007
 2.4200168e-007
 2.2045670e-007
 1.9799893e-007
 1.7491425e-007
 1.5147283e-007
 1.2794996e-007
 1.0461547e-007
 8.1755822e-008
 5.9640747e-008
 3.8545547e-008
 1.8741005e-008
 5.1197324e-010
-1.5924131e-008
-3.0576526e-008
-4.3517616e-008
-5.4822404e-008
-6.4557966e-008
-7.2799622e-008
-7.9619831e-008
-8.5092189e-008
-8.9286566e-008
-9.2276871e-008
-9.4135565e-008
-9.4935153e-008
-9.4747726e-008
-9.3646086e-008
-9.1702645e-008
-8.8989886e-008
-8.5579309e-008
-8.1545103e-008
-7.6958912e-008
-7.1893233e-008
-6.6419148e-008
-6.0611747e-008
-5.4542198e-008
-4.8283010e-008
-4.1905050e-008
-3.5483851e-008
-2.9090351e-008
-2.2797012e-008
-1.6676276e-008
-1.0799231e-008
-5.2411622e-009
-7.3076614e-011
 4.6464348e-009
 8.9176746e-009
 1.2753108e-008
 1.6168293e-008
 1.9177719e-008
 2.1796454e-008
 2.4037751e-008
 2.5916762e-008
 2.7447982e-008
 2.8646147e-008
 2.9525182e-008
 3.0099901e-008
 3.0384790e-008
 3.0394343e-008
 3.0142960e-008
 2.9645255e-008
 2.8915688e-008
 2.7968753e-008
 2.6818634e-008
 2.5480388e-008
 2.3968241e-008
 2.2296691e-008
 2.0479773e-008
 1.8532852e-008
 1.6469999e-008
 1.4305708e-008
 1.2054467e-008
 9.7302033e-009
 7.3485218e-009
 4.9233653e-009
 2.4692239e-009
 0.0000000e+000
