splib07b Record=17153:  error bars to preceding                
 5.2972365e-002
 5.2972365e-002
 5.0688379e-002
 4.8411686e-002
 4.6146471e-002
 4.3897234e-002
 4.1668151e-002
 3.9463423e-002
 3.7287530e-002
 3.5144575e-002
 3.3039033e-002
 3.0975094e-002
 2.8956965e-002
 2.6989112e-002
 2.5075737e-002
 2.3221042e-002
 2.1429487e-002
 1.9705277e-002
 1.8052625e-002
 1.6475972e-002
 1.4979532e-002
 1.3567531e-002
 1.2244387e-002
 1.1014320e-002
 9.8815775e-003
 8.8500381e-003
 7.9180552e-003
 7.0807701e-003
 6.3333921e-003
 5.6709829e-003
 5.0887354e-003
 4.5817513e-003
 4.1451445e-003
 3.7740858e-003
 3.4636864e-003
 3.2090710e-003
 3.0053912e-003
 2.8477684e-003
 2.7313312e-003
 2.6512204e-003
 2.6025646e-003
 2.5804944e-003
 2.5801437e-003
 2.5966452e-003
 2.6251301e-003
 2.6607299e-003
 2.6985793e-003
 2.7338071e-003
 2.7615475e-003
 2.7772447e-003
 2.7797127e-003
 2.7698304e-003
 2.7485052e-003
 2.7166472e-003
 2.6751633e-003
 2.6249595e-003
 2.5669476e-003
 2.5020344e-003
 2.4311244e-003
 2.3551318e-003
 2.2749617e-003
 2.1915184e-003
 2.1057175e-003
 2.0184633e-003
 1.9306601e-003
 1.8432233e-003
 1.7570577e-003
 1.6730671e-003
 1.5921673e-003
 1.5152592e-003
 1.4432577e-003
 1.3770675e-003
 1.3175937e-003
 1.2656775e-003
 1.2213490e-003
 1.1841393e-003
 1.1535765e-003
 1.1291840e-003
 1.1104859e-003
 1.0970093e-003
 1.0882773e-003
 1.0838162e-003
 1.0831503e-003
 1.0858050e-003
 1.0913048e-003
 1.0991751e-003
 1.1089412e-003
 1.1201270e-003
 1.1322583e-003
 1.1448605e-003
 1.1574575e-003
 1.1695749e-003
 1.1807381e-003
 1.1904712e-003
 1.1983311e-003
 1.2042277e-003
 1.2082941e-003
 1.2106680e-003
 1.2114868e-003
 1.2108873e-003
 1.2090072e-003
 1.2059836e-003
 1.2019537e-003
 1.1970550e-003
 1.1914241e-003
 1.1851990e-003
 1.1785169e-003
 1.1715143e-003
 1.1643292e-003
 1.1570984e-003
 1.1499600e-003
 1.1430500e-003
 1.1364990e-003
 1.1303450e-003
 1.1245685e-003
 1.1191495e-003
 1.1140669e-003
 1.1093004e-003
 1.1048301e-003
 1.1006349e-003
 1.0966943e-003
 1.0929882e-003
 1.0894960e-003
 1.0861972e-003
 1.0830713e-003
 1.0800981e-003
 1.0772566e-003
 1.0745268e-003
 1.0718880e-003
 1.0693198e-003
 1.0668031e-003
 1.0643332e-003
 1.0619154e-003
 1.0595554e-003
 1.0572583e-003
 1.0550293e-003
 1.0528740e-003
 1.0507980e-003
 1.0488061e-003
 1.0469041e-003
 1.0450971e-003
 1.0433908e-003
 1.0417902e-003
 1.0403011e-003
 1.0389283e-003
 1.0376776e-003
 1.0365545e-003
 1.0355621e-003
 1.0347004e-003
 1.0339682e-003
 1.0333642e-003
 1.0328874e-003
 1.0325367e-003
 1.0323109e-003
 1.0322089e-003
 1.0322296e-003
 1.0323719e-003
 1.0326346e-003
 1.0330166e-003
 1.0335167e-003
 1.0341341e-003
 1.0348671e-003
 1.0357121e-003
 1.0366573e-003
 1.0376899e-003
 1.0387967e-003
 1.0399653e-003
 1.0411824e-003
 1.0424358e-003
 1.0437123e-003
 1.0449990e-003
 1.0462833e-003
 1.0475521e-003
 1.0487929e-003
 1.0499923e-003
 1.0511379e-003
 1.0522170e-003
 1.0532212e-003
 1.0541555e-003
 1.0550267e-003
 1.0558411e-003
 1.0566055e-003
 1.0573267e-003
 1.0580111e-003
 1.0586657e-003
 1.0592968e-003
 1.0599111e-003
 1.0605158e-003
 1.0611168e-003
 1.0617212e-003
 1.0623356e-003
 1.0629667e-003
 1.0636229e-003
 1.0643182e-003
 1.0650670e-003
 1.0658840e-003
 1.0667837e-003
 1.0677805e-003
 1.0688894e-003
 1.0701246e-003
 1.0715005e-003
 1.0730322e-003
 1.0747334e-003
 1.0766197e-003
 1.0787050e-003
 1.0810022e-003
 1.0835023e-003
 1.0861806e-003
 1.0890120e-003
 1.0919723e-003
 1.0950362e-003
 1.0981794e-003
 1.1013767e-003
 1.1046038e-003
 1.1078350e-003
 1.1110465e-003
 1.1142131e-003
 1.1173108e-003
 1.1203318e-003
 1.1232776e-003
 1.1261498e-003
 1.1289513e-003
 1.1316837e-003
 1.1343488e-003
 1.1369494e-003
 1.1394869e-003
 1.1419639e-003
 1.1443818e-003
 1.1467433e-003
 1.1490500e-003
 1.1513053e-003
 1.1535123e-003
 1.1556743e-003
 1.1577948e-003
 1.1598775e-003
 1.1619251e-003
 1.1639417e-003
 1.1659304e-003
 1.1678943e-003
 1.1698373e-003
 1.1717626e-003
 1.1736746e-003
 1.1755929e-003
 1.1775470e-003
 1.1795674e-003
 1.1816835e-003
 1.1839262e-003
 1.1863245e-003
 1.1889094e-003
 1.1917107e-003
 1.1947580e-003
 1.1980814e-003
 1.2017117e-003
 1.2056754e-003
 1.2099582e-003
 1.2145182e-003
 1.2193116e-003
 1.2242945e-003
 1.2294244e-003
 1.2346572e-003
 1.2399493e-003
 1.2452581e-003
 1.2505394e-003
 1.2557503e-003
 1.2608465e-003
 1.2657880e-003
 1.2705657e-003
 1.2751957e-003
 1.2796937e-003
 1.2840754e-003
 1.2883561e-003
 1.2925529e-003
 1.2966805e-003
 1.3007557e-003
 1.3047938e-003
 1.3088108e-003
 1.3128221e-003
 1.3168437e-003
 1.3208762e-003
 1.3249133e-003
 1.3289470e-003
 1.3329693e-003
 1.3369725e-003
 1.3409493e-003
 1.3448916e-003
 1.3487922e-003
 1.3526434e-003
 1.3564372e-003
 1.3601654e-003
 1.3638217e-003
 1.3674001e-003
 1.3708962e-003
 1.3743074e-003
 1.3776295e-003
 1.3808580e-003
 1.3839904e-003
 1.3870222e-003
 1.3899495e-003
 1.3927690e-003
 1.3954766e-003
 1.3980689e-003
 1.4005431e-003
 1.4029215e-003
 1.4052429e-003
 1.4075473e-003
 1.4098737e-003
 1.4122620e-003
 1.4147513e-003
 1.4173816e-003
 1.4201918e-003
 1.4232224e-003
 1.4265121e-003
 1.4301008e-003
 1.4340209e-003
 1.4382108e-003
 1.4425360e-003
 1.4468624e-003
 1.4510541e-003
 1.4549760e-003
 1.4584931e-003
 1.4614703e-003
 1.4637720e-003
 1.4652637e-003
 1.4658098e-003
 1.4652751e-003
 1.4635428e-003
 1.4607559e-003
 1.4572538e-003
 1.4533810e-003
 1.4494807e-003
 1.4458970e-003
 1.4429744e-003
 1.4410563e-003
 1.4404869e-003
 1.4416100e-003
 1.4447701e-003
 1.4503109e-003
 1.4585234e-003
 1.4689242e-003
 1.4804458e-003
 1.4920029e-003
 1.5025133e-003
 1.5108924e-003
 1.5160564e-003
 1.5169214e-003
 1.5124039e-003
 1.5014213e-003
 1.4828875e-003
 1.4557196e-003
 1.4189509e-003
 1.3733547e-003
 1.3210197e-003
 1.2640856e-003
 1.2046729e-003
 1.1449168e-003
 1.0869479e-003
 1.0329017e-003
 9.8489888e-004
 9.4507833e-004
 9.1556337e-004
 8.9848851e-004
 8.9584204e-004
 9.0746867e-004
 9.3156437e-004
 9.6627953e-004
 1.0097610e-003
 1.0601673e-003
 1.1156461e-003
 1.1743427e-003
 1.2344188e-003
 1.2940201e-003
 1.3512922e-003
 1.4043971e-003
 1.4515418e-003
 1.4918847e-003
 1.5253176e-003
 1.5517599e-003
 1.5711207e-003
 1.5833173e-003
 1.5882611e-003
 1.5858660e-003
 1.5760469e-003
 1.5587155e-003
 1.5337889e-003
 1.5011764e-003
 1.4608615e-003
 1.4138783e-003
 1.3620919e-003
 1.3073754e-003
 1.2516211e-003
 1.1967011e-003
 1.1445031e-003
 1.0969097e-003
 1.0558037e-003
 1.0230698e-003
 1.0005864e-003
 9.9023513e-004
 9.9376694e-004
 1.0108349e-003
 1.0394307e-003
 1.0774966e-003
 1.1229814e-003
 1.1738365e-003
 1.2280043e-003
 1.2834308e-003
 1.3380623e-003
 1.3898405e-003
 1.4367169e-003
 1.4766414e-003
 1.5076617e-003
 1.5295108e-003
 1.5432657e-003
 1.5500404e-003
 1.5509505e-003
 1.5471102e-003
 1.5396329e-003
 1.5296334e-003
 1.5182261e-003
 1.5065267e-003
 1.4956469e-003
 1.4867033e-003
 1.4807439e-003
 1.4777732e-003
 1.4769525e-003
 1.4774187e-003
 1.4783089e-003
 1.4787600e-003
 1.4779092e-003
 1.4748935e-003
 1.4688498e-003
 1.4589150e-003
 1.4442274e-003
 1.4239240e-003
 1.3972111e-003
 1.3644748e-003
 1.3270563e-003
 1.2863248e-003
 1.2436528e-003
 1.2004054e-003
 1.1579478e-003
 1.1176527e-003
 1.0808891e-003
 1.0490259e-003
 1.0234340e-003
 1.0054793e-003
 9.9642423e-004
 9.9579454e-004
 1.0016846e-003
 1.0121466e-003
 1.0252312e-003
 1.0389932e-003
 1.0514825e-003
 1.0607536e-003
 1.0648575e-003
 1.0618462e-003
 1.0497732e-003
 1.0266887e-003
 9.9083665e-004
 9.4358518e-004
 8.8890945e-004
 8.3086063e-004
 7.7349442e-004
 7.2085124e-004
 6.7699084e-004
 6.4595585e-004
 6.3180173e-004
 6.3857937e-004
 6.7033916e-004
 7.2906353e-004
 8.1003574e-004
 9.0718461e-004
 1.0144219e-003
 1.1256657e-003
 1.2348340e-003
 1.3358362e-003
 1.4226021e-003
 1.4890569e-003
 1.5311585e-003
 1.5515902e-003
 1.5544090e-003
 1.5436746e-003
 1.5234443e-003
 1.4977719e-003
 1.4707164e-003
 1.4463357e-003
 1.4286870e-003
 1.4206498e-003
 1.4212113e-003
 1.4285573e-003
 1.4408756e-003
 1.4563511e-003
 1.4731700e-003
 1.4895168e-003
 1.5035800e-003
 1.5135439e-003
 1.5181497e-003
 1.5179802e-003
 1.5140019e-003
 1.5071821e-003
 1.4984864e-003
 1.4888830e-003
 1.4793365e-003
 1.4708145e-003
 1.4642838e-003
 1.4604531e-003
 1.4591668e-003
 1.4600881e-003
 1.4628805e-003
 1.4672080e-003
 1.4727334e-003
 1.4791206e-003
 1.4860320e-003
 1.4931320e-003
 1.5000484e-003
 1.5062866e-003
 1.5113265e-003
 1.5146480e-003
 1.5157316e-003
 1.5140576e-003
 1.5091058e-003
 1.5003560e-003
 1.4872887e-003
 1.4700500e-003
 1.4510540e-003
 1.4331918e-003
 1.4193601e-003
 1.4124507e-003
 1.4153594e-003
 1.4309807e-003
 1.4617996e-003
 1.5029144e-003
 1.5429542e-003
 1.5703457e-003
 1.5735026e-003
 1.5408430e-003
 1.4617575e-003
 1.3432932e-003
 1.2080346e-003
 1.0790481e-003
 9.7943854e-004
 9.3229843e-004
 9.5923903e-004
 1.0544729e-003
 1.1881082e-003
 1.3294417e-003
 1.4477391e-003
 1.5122772e-003
 1.4940496e-003
 1.3960339e-003
 1.2494768e-003
 1.0865829e-003
 9.3959167e-004
 8.4073056e-004
 8.2068169e-004
 8.8112237e-004
 9.9797198e-004
 1.1462737e-003
 1.3010415e-003
 1.4372979e-003
 1.5310512e-003
 1.5769382e-003
 1.5862329e-003
 1.5707837e-003
 1.5424374e-003
 1.5130459e-003
 1.4940209e-003
 1.4884012e-003
 1.4917176e-003
 1.4992376e-003
 1.5062290e-003
 1.5079577e-003
 1.4999345e-003
 1.4823664e-003
 1.4596815e-003
 1.4364660e-003
 1.4172978e-003
 1.4067619e-003
 1.4092033e-003
 1.4243678e-003
 1.4478399e-003
 1.4750586e-003
 1.5014645e-003
 1.5224920e-003
 1.5337630e-003
 1.5345028e-003
 1.5272108e-003
 1.5145048e-003
 1.4990002e-003
 1.4833158e-003
 1.4699160e-003
 1.4582559e-003
 1.4450471e-003
 1.4268995e-003
 1.4004204e-003
 1.3622211e-003
 1.3092473e-003
 1.2450885e-003
 1.1794276e-003
 1.1221545e-003
 1.0831797e-003
 1.0723979e-003
 1.0990960e-003
 1.1602201e-003
 1.2413523e-003
 1.3276753e-003
 1.4043432e-003
 1.4565380e-003
 1.4701656e-003
 1.4461149e-003
 1.3991251e-003
 1.3444426e-003
 1.2973290e-003
 1.2730301e-003
 1.2859711e-003
 1.3337106e-003
 1.3981469e-003
 1.4605798e-003
 1.5023239e-003
 1.5046872e-003
 1.4500387e-003
 1.3425141e-003
 1.2065448e-003
 1.0673493e-003
 9.5011655e-004
 8.7958848e-004
 8.6522114e-004
 8.9784368e-004
 9.6716150e-004
 1.0628703e-003
 1.1746831e-003
 1.2923186e-003
 1.4054719e-003
 1.5038491e-003
 1.5773423e-003
 1.6222254e-003
 1.6425957e-003
 1.6430145e-003
 1.6280478e-003
 1.6022606e-003
 1.5702188e-003
 1.5364918e-003
 1.5056386e-003
 1.4821561e-003
 1.4679712e-003
 1.4618622e-003
 1.4624106e-003
 1.4681969e-003
 1.4778039e-003
 1.4898119e-003
 1.5028043e-003
 1.5153618e-003
 1.5260872e-003
 1.5343352e-003
 1.5403921e-003
 1.5446037e-003
 1.5473150e-003
 1.5488707e-003
 1.5496153e-003
 1.5498945e-003
 1.5500522e-003
 1.5504251e-003
 1.5510231e-003
 1.5514498e-003
 1.5512834e-003
 1.5501017e-003
 1.5474835e-003
 1.5430065e-003
 1.5362485e-003
 1.5267875e-003
 1.5142194e-003
 1.4987676e-003
 1.4814474e-003
 1.4633186e-003
 1.4454481e-003
 1.4288961e-003
 1.4147281e-003
 1.4040072e-003
 1.3977975e-003
 1.3971352e-003
 1.4020981e-003
 1.4115511e-003
 1.4242798e-003
 1.4390699e-003
 1.4547061e-003
 1.4699769e-003
 1.4836658e-003
 1.4945610e-003
 1.5014729e-003
 1.5041707e-003
 1.5036429e-003
 1.5009574e-003
 1.4971819e-003
 1.4933834e-003
 1.4906299e-003
 1.4899890e-003
 1.4925287e-003
 1.4992857e-003
 1.5101647e-003
 1.5236191e-003
 1.5380048e-003
 1.5516786e-003
 1.5629971e-003
 1.5703163e-003
 1.5719946e-003
 1.5663882e-003
 1.5518983e-003
 1.5286551e-003
 1.4990190e-003
 1.4655017e-003
 1.4306055e-003
 1.3968445e-003
 1.3667208e-003
 1.3427458e-003
 1.3274282e-003
 1.3232245e-003
 1.3305850e-003
 1.3473541e-003
 1.3712066e-003
 1.3998122e-003
 1.4308423e-003
 1.4619654e-003
 1.4908587e-003
 1.5151887e-003
 1.5326686e-003
 1.5424914e-003
 1.5457956e-003
 1.5438513e-003
 1.5379291e-003
 1.5292986e-003
 1.5192287e-003
 1.5089902e-003
 1.4998527e-003
 1.4930681e-003
 1.4891487e-003
 1.4876333e-003
 1.4879953e-003
 1.4897077e-003
 1.4922440e-003
 1.4950766e-003
 1.4976788e-003
 1.4996344e-003
 1.5011370e-003
 1.5025907e-003
 1.5043993e-003
 1.5069667e-003
 1.5106967e-003
 1.5158089e-003
 1.5214971e-003
 1.5266023e-003
 1.5299640e-003
 1.5304213e-003
 1.5268149e-003
 1.5183875e-003
 1.5066387e-003
 1.4938517e-003
 1.4823072e-003
 1.4742891e-003
 1.4720802e-003
 1.4773915e-003
 1.4887262e-003
 1.5034663e-003
 1.5189975e-003
 1.5327007e-003
 1.5419581e-003
 1.5447626e-003
 1.5425457e-003
 1.5379445e-003
 1.5335968e-003
 1.5321415e-003
 1.5362165e-003
 1.5471546e-003
 1.5588797e-003
 1.5627068e-003
 1.5499489e-003
 1.5119170e-003
 1.4399313e-003
 1.3286612e-003
 1.1920088e-003
 1.0506840e-003
 9.2536554e-004
 8.3677185e-004
 8.0560794e-004
 8.4767077e-004
 9.5067680e-004
 1.0923309e-003
 1.2503674e-003
 1.4024817e-003
 1.5263805e-003
 1.6035588e-003
 1.6373742e-003
 1.6389682e-003
 1.6195036e-003
 1.5901366e-003
 1.5620285e-003
 1.5447163e-003
 1.5383285e-003
 1.5396201e-003
 1.5453402e-003
 1.5522385e-003
 1.5570642e-003
 1.5571060e-003
 1.5527896e-003
 1.5456728e-003
 1.5373158e-003
 1.5292764e-003
 1.5231153e-003
 1.5201421e-003
 1.5202066e-003
 1.5226294e-003
 1.5267305e-003
 1.5318302e-003
 1.5372483e-003
 1.5423649e-003
 1.5469192e-003
 1.5507785e-003
 1.5538114e-003
 1.5558868e-003
 1.5568727e-003
 1.5567003e-003
 1.5556712e-003
 1.5542225e-003
 1.5527917e-003
 1.5518155e-003
 1.5517323e-003
 1.5527719e-003
 1.5539367e-003
 1.5537773e-003
 1.5508427e-003
 1.5436835e-003
 1.5308479e-003
 1.5113384e-003
 1.4868645e-003
 1.4601281e-003
 1.4338398e-003
 1.4107099e-003
 1.3934427e-003
 1.3844195e-003
 1.3840433e-003
 1.3919822e-003
 1.4079043e-003
 1.4314746e-003
 1.4623647e-003
 1.4995239e-003
 1.5375774e-003
 1.5695463e-003
 1.5884388e-003
 1.5872673e-003
 1.5590435e-003
 1.4990546e-003
 1.4164161e-003
 1.3254044e-003
 1.2403275e-003
 1.1754916e-003
 1.1451858e-003
 1.1606971e-003
 1.2148714e-003
 1.2936223e-003
 1.3828367e-003
 1.4683977e-003
 1.5362116e-003
 1.5745886e-003
 1.5867315e-003
 1.5814831e-003
 1.5676942e-003
 1.5542174e-003
 1.5499046e-003
 1.5614964e-003
 1.5827287e-003
 1.6023833e-003
 1.6092381e-003
 1.5920649e-003
 1.5396439e-003
 1.4437588e-003
 1.3149119e-003
 1.1707699e-003
 1.0289748e-003
 9.0720755e-004
 8.2314259e-004
 7.9142279e-004
 8.0797292e-004
 8.6149678e-004
 9.4069977e-004
 1.0342735e-003
 1.1309044e-003
 1.2204605e-003
 1.3000136e-003
 1.3694384e-003
 1.4286052e-003
 1.4774230e-003
 1.5157372e-003
 1.5436066e-003
 1.5620366e-003
 1.5724181e-003
 1.5761483e-003
 1.5746172e-003
 1.5692175e-003
 1.5613153e-003
 1.5520763e-003
 1.5425953e-003
 1.5339680e-003
 1.5272835e-003
 1.5236401e-003
 1.5238273e-003
 1.5267208e-003
 1.5304442e-003
 1.5331190e-003
 1.5328671e-003
 1.5278091e-003
 1.5165713e-003
 1.5009739e-003
 1.4841044e-003
 1.4690541e-003
 1.4589052e-003
 1.4567528e-003
 1.4650100e-003
 1.4817697e-003
 1.5034126e-003
 1.5263157e-003
 1.5468521e-003
 1.5614079e-003
 1.5669403e-003
 1.5642294e-003
 1.5555626e-003
 1.5432352e-003
 1.5295330e-003
 1.5167581e-003
 1.5070637e-003
 1.5017522e-003
 1.5017793e-003
 1.5081000e-003
 1.5216661e-003
 1.5434419e-003
 1.5733326e-003
 1.6045189e-003
 1.6274522e-003
 1.6325816e-003
 1.6103557e-003
 1.5512378e-003
 1.4485011e-003
 1.3143545e-003
 1.1684614e-003
 1.0305943e-003
 9.2051964e-004
 8.5793948e-004
 8.5910136e-004
 9.1681164e-004
 1.0144224e-003
 1.1352529e-003
 1.2626227e-003
 1.3798320e-003
 1.4721338e-003
 1.5370965e-003
 1.5774589e-003
 1.5959190e-003
 1.5951903e-003
 1.5779795e-003
 1.5473242e-003
 1.5083336e-003
 1.4669923e-003
 1.4292831e-003
 1.4011888e-003
 1.3886924e-003
 1.3965607e-003
 1.4214186e-003
 1.4565588e-003
 1.4952528e-003
 1.5307682e-003
 1.5563963e-003
 1.5666027e-003
 1.5640316e-003
 1.5546855e-003
 1.5445750e-003
 1.5397146e-003
 1.5461161e-003
 1.5681530e-003
 1.5990232e-003
 1.6273236e-003
 1.6416162e-003
 1.6304686e-003
 1.5824477e-003
 1.4891928e-003
 1.3630417e-003
 1.2251377e-003
 1.0964948e-003
 9.9822436e-004
 9.5141568e-004
 9.7329257e-004
 1.0546771e-003
 1.1753745e-003
 1.3151129e-003
 1.4536303e-003
 1.5706646e-003
 1.6484739e-003
 1.6867713e-003
 1.6925372e-003
 1.6728183e-003
 1.6346463e-003
 1.5850659e-003
 1.5306410e-003
 1.4749364e-003
 1.4201519e-003
 1.3685226e-003
 1.3222736e-003
 1.2836297e-003
 1.2546094e-003
 1.2357454e-003
 1.2269734e-003
 1.2282055e-003
 1.2393642e-003
 1.2603691e-003
 1.2909353e-003
 1.3293414e-003
 1.3732854e-003
 1.4204098e-003
 1.4684122e-003
 1.5149579e-003
 1.5575794e-003
 1.5928985e-003
 1.6170890e-003
 1.6263628e-003
 1.6169109e-003
 1.5849293e-003
 1.5281090e-003
 1.4547245e-003
 1.3775522e-003
 1.3094799e-003
 1.2633033e-003
 1.2518719e-003
 1.2851496e-003
 1.3527855e-003
 1.4355364e-003
 1.5142092e-003
 1.5695551e-003
 1.5823394e-003
 1.5370235e-003
 1.4445159e-003
 1.3271499e-003
 1.2074438e-003
 1.1077706e-003
 1.0505921e-003
 1.0548120e-003
 1.1140045e-003
 1.2105999e-003
 1.3270851e-003
 1.4458023e-003
 1.5492386e-003
 1.6216139e-003
 1.6603194e-003
 1.6685418e-003
 1.6494747e-003
 1.6063147e-003
 1.5422627e-003
 1.4613001e-003
 1.3730816e-003
 1.2897820e-003
 1.2235310e-003
 1.1865447e-003
 1.1909653e-003
 1.2458096e-003
 1.3369505e-003
 1.4400759e-003
 1.5307063e-003
 1.5844838e-003
 1.5769781e-003
 1.4885557e-003
 1.3346685e-003
 1.1464411e-003
 9.5493079e-004
 7.9142867e-004
 6.8699848e-004
 6.6829543e-004
 7.2842045e-004
 8.4554002e-004
 9.9762203e-004
 1.1627873e-003
 1.3190577e-003
 1.4463315e-003
 1.5382569e-003
 1.5946615e-003
 1.6154303e-003
 1.6004127e-003
 1.5494744e-003
 1.4638732e-003
 1.3552681e-003
 1.2400195e-003
 1.1345276e-003
 1.0551250e-003
 1.0182477e-003
 1.0373364e-003
 1.1040338e-003
 1.2000310e-003
 1.3070448e-003
 1.4066629e-003
 1.4806028e-003
 1.5132496e-003
 1.5097120e-003
 1.4845448e-003
 1.4523573e-003
 1.4277361e-003
 1.4252990e-003
 1.4568182e-003
 1.5126711e-003
 1.5734104e-003
 1.6195774e-003
 1.6316554e-003
 1.5901732e-003
 1.4793541e-003
 1.3117861e-003
 1.1131210e-003
 9.0911536e-004
 7.2538439e-004
 5.8777462e-004
 5.1845546e-004
 5.1315950e-004
 5.5529078e-004
 6.2823010e-004
 7.1527751e-004
 7.9983956e-004
 8.6708920e-004
 9.1680599e-004
 9.5546053e-004
 9.8956923e-004
 1.0256723e-003
 1.0702646e-003
 1.1283038e-003
 1.1924242e-003
 1.2495241e-003
 1.2864697e-003
 1.2901300e-003
 1.2473617e-003
 1.1483080e-003
 1.0083230e-003
 8.5467339e-004
 7.1470393e-004
 6.1567064e-004
 5.8496039e-004
 6.4530567e-004
 7.8379712e-004
 9.7068254e-004
 1.1761106e-003
 1.3701977e-003
 1.5231887e-003
 1.6089218e-003
 1.6312870e-003
 1.6082425e-003
 1.5578632e-003
 1.4981824e-003
 1.4473032e-003
 1.4212861e-003
 1.4205980e-003
 1.4382512e-003
 1.4672135e-003
 1.5004459e-003
 1.5309334e-003
 1.5523616e-003
 1.5643319e-003
 1.5692400e-003
 1.5695033e-003
 1.5675398e-003
 1.5657666e-003
 1.5663232e-003
 1.5691196e-003
 1.5729970e-003
 1.5767879e-003
 1.5793254e-003
 1.5794435e-003
 1.5761559e-003
 1.5699306e-003
 1.5619396e-003
 1.5533586e-003
 1.5453643e-003
 1.5391330e-003
 1.5357153e-003
 1.5351688e-003
 1.5370636e-003
 1.5409683e-003
 1.5464493e-003
 1.5530783e-003
 1.5603581e-003
 1.5673069e-003
 1.5726982e-003
 1.5753040e-003
 1.5738970e-003
 1.5672513e-003
 1.5546483e-003
 1.5395904e-003
 1.5276233e-003
 1.5243177e-003
 1.5352418e-003
 1.5657182e-003
 1.6093355e-003
 1.6430877e-003
 1.6426644e-003
 1.5837840e-003
 1.4444306e-003
 1.2418632e-003
 1.0262452e-003
 8.4903225e-004
 7.6142774e-004
 8.0701528e-004
 9.6482958e-004
 1.1819522e-003
 1.4051985e-003
 1.5815337e-003
 1.6697139e-003
 1.6824278e-003
 1.6472884e-003
 1.5919439e-003
 1.5439769e-003
 1.5218471e-003
 1.5211039e-003
 1.5338238e-003
 1.5520762e-003
 1.5679782e-003
 1.5759915e-003
 1.5739673e-003
 1.5600207e-003
 1.5322609e-003
 1.4891990e-003
 1.4363837e-003
 1.3853537e-003
 1.3479060e-003
 1.3357782e-003
 1.3587731e-003
 1.4099639e-003
 1.4739917e-003
 1.5354215e-003
 1.5788584e-003
 1.5926872e-003
 1.5828522e-003
 1.5602721e-003
 1.5358711e-003
 1.5205627e-003
 1.5208377e-003
 1.5319763e-003
 1.5474977e-003
 1.5609351e-003
 1.5659010e-003
 1.5607148e-003
 1.5506002e-003
 1.5413443e-003
 1.5387231e-003
 1.5480666e-003
 1.5664464e-003
 1.5837243e-003
 1.5895208e-003
 1.5734539e-003
 1.5271009e-003
 1.4588867e-003
 1.3859327e-003
 1.3254352e-003
 1.2945553e-003
 1.3057712e-003
 1.3495240e-003
 1.4098589e-003
 1.4708188e-003
 1.5164610e-003
 1.5376740e-003
 1.5430240e-003
 1.5438842e-003
 1.5516342e-003
 1.5774106e-003
 1.6191050e-003
 1.6547935e-003
 1.6609315e-003
 1.6139620e-003
 1.4922771e-003
 1.3098175e-003
 1.1122372e-003
 9.4630104e-004
 8.5867749e-004
 8.8977499e-004
 1.0232207e-003
 1.2129699e-003
 1.4127113e-003
 1.5761337e-003
 1.6660921e-003
 1.6890742e-003
 1.6644505e-003
 1.6116120e-003
 1.5499532e-003
 1.4983038e-003
 1.4645541e-003
 1.4468458e-003
 1.4429345e-003
 1.4505932e-003
 1.4675917e-003
 1.4916080e-003
 1.5185719e-003
 1.5428589e-003
 1.5587580e-003
 1.5605858e-003
 1.5426431e-003
 1.4996205e-003
 1.4334465e-003
 1.3527194e-003
 1.2661890e-003
 1.1826602e-003
 1.1109236e-003
 1.0594982e-003
 1.0315989e-003
 1.0255969e-003
 1.0397013e-003
 1.0721189e-003
 1.1210531e-003
 1.1845886e-003
 1.2584560e-003
 1.3362197e-003
 1.4114211e-003
 1.4775074e-003
 1.5280165e-003
 1.5567830e-003
 1.5645515e-003
 1.5583988e-003
 1.5456409e-003
 1.5335844e-003
 1.5295444e-003
 1.5403667e-003
 1.5635706e-003
 1.5880667e-003
 1.6024583e-003
 1.5953300e-003
 1.5552767e-003
 1.4716382e-003
 1.3488482e-003
 1.2052035e-003
 1.0596997e-003
 9.3115465e-004
 8.3849195e-004
 7.9975231e-004
 8.1559847e-004
 8.7050453e-004
 9.4837800e-004
 1.0330374e-003
 1.1083982e-003
 1.1588901e-003
 1.1806886e-003
 1.1809350e-003
 1.1671952e-003
 1.1470215e-003
 1.1279895e-003
 1.1173158e-003
 1.1153594e-003
 1.1160227e-003
 1.1129586e-003
 1.0998240e-003
 1.0702675e-003
 1.0184657e-003
 9.4942673e-004
 8.7837497e-004
 8.2094205e-004
 7.9272711e-004
 8.0936990e-004
 8.8544673e-004
 1.0137492e-003
 1.1664018e-003
 1.3148292e-003
 1.4302724e-003
 1.4841456e-003
 1.4492730e-003
 1.3302761e-003
 1.1620084e-003
 9.8055496e-004
 8.2187442e-004
 7.2212523e-004
 7.1570108e-004
 8.0341659e-004
 9.5385330e-004
 1.1344277e-003
 1.3123429e-003
 1.4550234e-003
 1.5309743e-003
 1.5346808e-003
 1.4855240e-003
 1.4039057e-003
 1.3101617e-003
 1.2247398e-003
 1.1673745e-003
 1.1449239e-003
 1.1517499e-003
 1.1817084e-003
 1.2286452e-003
 1.2864444e-003
 1.3489634e-003
 1.4110480e-003
 1.4683864e-003
 1.5167058e-003
 1.5517647e-003
 1.5692739e-003
 1.5652218e-003
 1.5407957e-003
 1.5022639e-003
 1.4561042e-003
 1.4088028e-003
 1.3668127e-003
 1.3366407e-003
 1.3247447e-003
 1.3354566e-003
 1.3647089e-003
 1.4064179e-003
 1.4544523e-003
 1.5027330e-003
 1.5451491e-003
 1.5755967e-003
 1.5879731e-003
 1.5761793e-003
 1.5363421e-003
 1.4734361e-003
 1.3945421e-003
 1.3067783e-003
 1.2172536e-003
 1.1330771e-003
 1.0613689e-003
 1.0092037e-003
 9.8372647e-004
 9.8989240e-004
 1.0242530e-003
 1.0812551e-003
 1.1553949e-003
 1.2410796e-003
 1.3328122e-003
 1.4250380e-003
 1.5122162e-003
 1.5888063e-003
 1.6502234e-003
 1.6957651e-003
 1.7256258e-003
 1.7400526e-003
 1.7392654e-003
 1.7234954e-003
 1.6929569e-003
 1.6478985e-003
 1.5885268e-003
 1.5157269e-003
 1.4329932e-003
 1.3444765e-003
 1.2543441e-003
 1.1666985e-003
 1.0857522e-003
 1.0156108e-003
 9.6043979e-004
 9.2439522e-004
 9.1040169e-004
 9.1650384e-004
 9.3949906e-004
 9.7616506e-004
 1.0233122e-003
 1.0777287e-003
 1.1361974e-003
 1.1955439e-003
 1.2525204e-003
 1.3042364e-003
 1.3489189e-003
 1.3851010e-003
 1.4113158e-003
 1.4260950e-003
 1.4279762e-003
 1.4154913e-003
 1.3871710e-003
 1.3415492e-003
 1.2784638e-003
 1.2030113e-003
 1.1217421e-003
 1.0411113e-003
 9.6763106e-004
 9.0779929e-004
 8.6811360e-004
 8.5507147e-004
 8.7517203e-004
 9.3220256e-004
 1.0188251e-003
 1.1247850e-003
 1.2398135e-003
 1.3537251e-003
 1.4561923e-003
 1.5370268e-003
 1.5859605e-003
 1.5927457e-003
 1.5508770e-003
 1.4694867e-003
 1.3617112e-003
 1.2408128e-003
 1.1199178e-003
 1.0122358e-003
 9.3095459e-004
 8.8926358e-004
 9.0034335e-004
 9.7209559e-004
 1.0900515e-003
 1.2339872e-003
 1.3836087e-003
 1.5186178e-003
 1.6195949e-003
 1.6797052e-003
 1.7024926e-003
 1.6917362e-003
 1.6512299e-003
 1.5847674e-003
 1.4962647e-003
 1.3912702e-003
 1.2768363e-003
 1.1599023e-003
 1.0475696e-003
 9.4681169e-004
 8.6430879e-004
 8.0177595e-004
 7.5671007e-004
 7.2656723e-004
 7.0875237e-004
 7.0068857e-004
 6.9990562e-004
 7.0558110e-004
 7.1824179e-004
 7.3846814e-004
 7.6681637e-004
 8.0386322e-004
 8.4997184e-004
 9.0172747e-004
 9.5272082e-004
 9.9638128e-004
 1.0261954e-003
 1.0356300e-003
 1.0187499e-003
 9.7969826e-004
 9.3097251e-004
 8.8526122e-004
 8.5531495e-004
 8.5383008e-004
 8.9271355e-004
 9.6992409e-004
 1.0719756e-003
 1.1849126e-003
 1.2948894e-003
 1.3880557e-003
 1.4510856e-003
 1.4812748e-003
 1.4846047e-003
 1.4673477e-003
 1.4357852e-003
 1.3961801e-003
 1.3546598e-003
 1.3152709e-003
 1.2802257e-003
 1.2517343e-003
 1.2319622e-003
 1.2231086e-003
 1.2272150e-003
 1.2440486e-003
 1.2714328e-003
 1.3071613e-003
 1.3489844e-003
 1.3946895e-003
 1.4420361e-003
 1.4881575e-003
 1.5297666e-003
 1.5635003e-003
 1.5860480e-003
 1.5940601e-003
 1.5844716e-003
 1.5586599e-003
 1.5218166e-003
 1.4792097e-003
 1.4361623e-003
 1.3979502e-003
 1.3696359e-003
 1.3524505e-003
 1.3443078e-003
 1.3430358e-003
 1.3464554e-003
 1.3523861e-003
 1.3585731e-003
 1.3613865e-003
 1.3560177e-003
 1.3376155e-003
 1.3013488e-003
 1.2423446e-003
 1.1564037e-003
 1.0499581e-003
 9.3858666e-004
 8.3828968e-004
 7.6492300e-004
 7.3445967e-004
 7.6176407e-004
 8.4357947e-004
 9.6086867e-004
 1.0942144e-003
 1.2240293e-003
 1.3309051e-003
 1.3962167e-003
 1.4184180e-003
 1.4105882e-003
 1.3863069e-003
 1.3591377e-003
 1.3426740e-003
 1.3498426e-003
 1.3821255e-003
 1.4309885e-003
 1.4876194e-003
 1.5431342e-003
 1.5887248e-003
 1.6159228e-003
 1.6237366e-003
 1.6176364e-003
 1.6033199e-003
 1.5864732e-003
 1.5728014e-003
 1.5677442e-003
 1.5722143e-003
 1.5831367e-003
 1.5973106e-003
 1.6115191e-003
 1.6225633e-003
 1.6273622e-003
 1.6253254e-003
 1.6180373e-003
 1.6071658e-003
 1.5943666e-003
 1.5813117e-003
 1.5696356e-003
 1.5606201e-003
 1.5552079e-003
 1.5543345e-003
 1.5589364e-003
 1.5699530e-003
 1.5881119e-003
 1.6103905e-003
 1.6304272e-003
 1.6417215e-003
 1.6377921e-003
 1.6121558e-003
 1.5586703e-003
 1.4781625e-003
 1.3775770e-003
 1.2640466e-003
 1.1448299e-003
 1.0270219e-003
 9.1788417e-004
 8.2454860e-004
 7.5261272e-004
 7.0224277e-004
 6.7230023e-004
 6.6170446e-004
 6.6934538e-004
 6.9411570e-004
 7.3491305e-004
 7.9065841e-004
 8.6020981e-004
 9.4199256e-004
 1.0324644e-003
 1.1277907e-003
 1.2240056e-003
 1.3172458e-003
 1.4036440e-003
 1.4792409e-003
 1.5401910e-003
 1.5825530e-003
 1.6038590e-003
 1.6066530e-003
 1.5946100e-003
 1.5714008e-003
 1.5407192e-003
 1.5062221e-003
 1.4716117e-003
 1.4405521e-003
 1.4167128e-003
 1.4027760e-003
 1.3977360e-003
 1.3997735e-003
 1.4070626e-003
 1.4177851e-003
 1.4301104e-003
 1.4422234e-003
 1.4522927e-003
 1.4585013e-003
 1.4595377e-003
 1.4559746e-003
 1.4488073e-003
 1.4390381e-003
 1.4276587e-003
 1.4156749e-003
 1.4040807e-003
 1.3938701e-003
 1.3860483e-003
 1.3812333e-003
 1.3786758e-003
 1.3773055e-003
 1.3760547e-003
 1.3738552e-003
 1.3696367e-003
 1.3623342e-003
 1.3508737e-003
 1.3341949e-003
 1.3116027e-003
 1.2838556e-003
 1.2520183e-003
 1.2171494e-003
 1.1803460e-003
 1.1426542e-003
 1.1051727e-003
 1.0689599e-003
 1.0350760e-003
 1.0044425e-003
 9.7728590e-004
 9.5372187e-004
 9.3383016e-004
 9.1772160e-004
 9.0548460e-004
 8.9721358e-004
 8.9301087e-004
 8.9297013e-004
 8.9709123e-004
 9.0501102e-004
 9.1628690e-004
 9.3046320e-004
 9.4710221e-004
 9.6574466e-004
 9.8595629e-004
 1.0072748e-003
 1.0292601e-003
 1.0515205e-003
 1.0738210e-003
 1.0960017e-003
 1.1178704e-003
 1.1392669e-003
 1.1599995e-003
 1.1799003e-003
 1.1987996e-003
 1.2165077e-003
 1.2328618e-003
 1.2476826e-003
 1.2610090e-003
 1.2730674e-003
 1.2840801e-003
 1.2942854e-003
 1.3039071e-003
 1.3131825e-003
 1.3223357e-003
 1.3316005e-003
 1.3412110e-003
 1.3513911e-003
 1.3623786e-003
 1.3743790e-003
 1.3872344e-003
 1.4004244e-003
 1.4133995e-003
 1.4256282e-003
 1.4365620e-003
 1.4456683e-003
 1.4524002e-003
 1.4562217e-003
 1.4565919e-003
 1.4529707e-003
 1.4448150e-003
 1.4316292e-003
 1.4137605e-003
 1.3923821e-003
 1.3687252e-003
 1.3439896e-003
 1.3194089e-003
 1.2961822e-003
 1.2755418e-003
 1.2586953e-003
 1.2468545e-003
 1.2412446e-003
 1.2430778e-003
 1.2535001e-003
 1.2721280e-003
 1.2970407e-003
 1.3262726e-003
 1.3578645e-003
 1.3898218e-003
 1.4201952e-003
 1.4469915e-003
 1.4682508e-003
 1.4820056e-003
 1.4862744e-003
 1.4790883e-003
 1.4585666e-003
 1.4247744e-003
 1.3797682e-003
 1.3256550e-003
 1.2645280e-003
 1.1985479e-003
 1.1297854e-003
 1.0604067e-003
 9.5972122e-004
 7.9687405e-004
 7.3120656e-004
 7.7046693e-004
 8.7504002e-004
 1.0032861e-003
 1.1135166e-003
 1.1656437e-003
 1.1547492e-003
 1.1108402e-003
 1.0654132e-003
 1.0499799e-003
 1.0945674e-003
 1.1960717e-003
 1.3187554e-003
 1.4254482e-003
 1.4790279e-003
 1.4439973e-003
 1.3216380e-003
 1.1493188e-003
 9.6585648e-004
 8.1014616e-004
 7.2101358e-004
 7.2575413e-004
 8.0680544e-004
 9.3574438e-004
 1.0841028e-003
 1.2234735e-003
 1.3253854e-003
 1.3689953e-003
 1.3625718e-003
 1.3214037e-003
 1.2607890e-003
 1.1960038e-003
 1.1423515e-003
 1.1151111e-003
 1.1255014e-003
 1.1692179e-003
 1.2382704e-003
 1.3246437e-003
 1.4203587e-003
 1.5173932e-003
 1.6077706e-003
 1.6834702e-003
 1.7384940e-003
 1.7742915e-003
 1.7940965e-003
 1.8011286e-003
 1.7986147e-003
 1.7897801e-003
 1.7778493e-003
 1.7660450e-003
 1.7569425e-003
 1.7506800e-003
 1.7468327e-003
 1.7449729e-003
 1.7446750e-003
 1.7455121e-003
 1.7470581e-003
 1.7488865e-003
 1.7506367e-003
 1.7521933e-003
 1.7534955e-003
 1.7544839e-003
 1.7550987e-003
 1.7552794e-003
 1.7549667e-003
 1.7541000e-003
 1.7526197e-003
 1.7504662e-003
 1.7475790e-003
 1.7438986e-003
 1.7394485e-003
 1.7345578e-003
 1.7296231e-003
 1.7250426e-003
 1.7212129e-003
 1.7185322e-003
 1.7173971e-003
 1.7182055e-003
 1.7213544e-003
 1.7272418e-003
 1.7362639e-003
 1.7488201e-003
 1.7648957e-003
 1.7830231e-003
 1.8014010e-003
 1.8182370e-003
 1.8317304e-003
 1.8400870e-003
 1.8415084e-003
 1.8341979e-003
 1.8163606e-003
 1.7861994e-003
 1.7419118e-003
 1.6828278e-003
 1.6121767e-003
 1.5340791e-003
 1.4526211e-003
 1.3719259e-003
 1.2960794e-003
 1.2292030e-003
 1.1753859e-003
 1.1387448e-003
 1.1233755e-003
 1.1317453e-003
 1.1606306e-003
 1.2055866e-003
 1.2621509e-003
 1.3258853e-003
 1.3923226e-003
 1.4570267e-003
 1.5155307e-003
 1.5633965e-003
 1.5961614e-003
 1.6107667e-003
 1.6088813e-003
 1.5931883e-003
 1.5663753e-003
 1.5311196e-003
 1.4901132e-003
 1.4460358e-003
 1.4015654e-003
 1.3593960e-003
 1.3222017e-003
 1.2920238e-003
 1.2686941e-003
 1.2515942e-003
 1.2400963e-003
 1.2335798e-003
 1.2314194e-003
 1.2329917e-003
 1.2376737e-003
 1.2448403e-003
 1.2538424e-003
 1.2639416e-003
 1.2743789e-003
 1.2843991e-003
 1.2932424e-003
 1.3001539e-003
 1.3043744e-003
 1.3051478e-003
 1.3020443e-003
 1.2957143e-003
 1.2870326e-003
 1.2768710e-003
 1.2661044e-003
 1.2556043e-003
 1.2462463e-003
 1.2389020e-003
 1.2344148e-003
 1.2335305e-003
 1.2369747e-003
 1.2454719e-003
 1.2597495e-003
 1.2805298e-003
 1.3085430e-003
 1.3445074e-003
 1.3882762e-003
 1.4368430e-003
 1.4866510e-003
 1.5341212e-003
 1.5756969e-003
 1.6078004e-003
 1.6268712e-003
 1.6311561e-003
 1.6246972e-003
 1.6126914e-003
 1.6003397e-003
 1.5928368e-003
 1.5953820e-003
 1.6112418e-003
 1.6375597e-003
 1.6702795e-003
 1.7053320e-003
 1.7386633e-003
 1.7662041e-003
 1.7848890e-003
 1.7947623e-003
 1.7964757e-003
 1.7906835e-003
 1.7780409e-003
 1.7591991e-003
 1.7351118e-003
 1.7076422e-003
 1.6788443e-003
 1.6507589e-003
 1.6254404e-003
 1.6049294e-003
 1.5899021e-003
 1.5767721e-003
 1.5611411e-003
 1.5386064e-003
 1.5047617e-003
 1.4552153e-003
 1.3878315e-003
 1.3074884e-003
 1.2203646e-003
 1.1326772e-003
 1.0506029e-003
 9.8035322e-004
 9.2696847e-004
 8.9197484e-004
 8.7623752e-004
 8.8063034e-004
 9.0601359e-004
 9.5325138e-004
 1.0198241e-003
 1.0930152e-003
 1.1581338e-003
 1.2005442e-003
 1.2055929e-003
 1.1586152e-003
 1.0548184e-003
 9.1881229e-004
 7.8069180e-004
 6.7055185e-004
 6.1848440e-004
 6.5460347e-004
 7.9337030e-004
 1.0029405e-003
 1.2429092e-003
 1.4729224e-003
 1.6524580e-003
 1.7436685e-003
 1.7456471e-003
 1.6857466e-003
 1.5920892e-003
 1.4927543e-003
 1.4144400e-003
 1.3634394e-003
 1.3305818e-003
 1.3062727e-003
 1.2809316e-003
 1.2457973e-003
 1.2039919e-003
 1.1676537e-003
 1.1491101e-003
 1.1606980e-003
 1.2136908e-003
 1.3037316e-003
 1.4147975e-003
 1.5305753e-003
 1.6347734e-003
 1.7117648e-003
 1.7565569e-003
 1.7720022e-003
 1.7611363e-003
 1.7270052e-003
 1.6730012e-003
 1.6074730e-003
 1.5424454e-003
 1.4900201e-003
 1.4623353e-003
 1.4704852e-003
 1.5115024e-003
 1.5720628e-003
 1.6385539e-003
 1.6974068e-003
 1.7359151e-003
 1.7535394e-003
 1.7586419e-003
 1.7598028e-003
 1.7655954e-003
 1.7835440e-003
 1.8067133e-003
 1.8176159e-003
 1.7985464e-003
 1.7317932e-003
 1.6018705e-003
 1.4243242e-003
 1.2369938e-003
 1.0782409e-003
 9.8641566e-004
 9.9646579e-004
 1.0963432e-003
 1.2402856e-003
 1.3817895e-003
 1.4743633e-003
 1.4749006e-003
 1.3866972e-003
 1.2461378e-003
 1.0902892e-003
 9.5633487e-004
 8.7916246e-004
 8.6470734e-004
 8.9831394e-004
 9.6485531e-004
 1.0492260e-003
 1.1368549e-003
 1.2202732e-003
 1.2969569e-003
 1.3645485e-003
 1.4206691e-003
 1.4629444e-003
 1.4890539e-003
 1.4966947e-003
 1.4835862e-003
 1.4474388e-003
 1.3864357e-003
 1.3051503e-003
 1.2125426e-003
 1.1176744e-003
 1.0295870e-003
 9.5694518e-004
 9.0267987e-004
 8.6581416e-004
 8.4529247e-004
 8.4005925e-004
 8.4909715e-004
 8.7184226e-004
 9.0804958e-004
 9.5749425e-004
 1.0199143e-003
 1.0946615e-003
 1.1757765e-003
 1.2536843e-003
 1.3186831e-003
 1.3611292e-003
 1.3721699e-003
 1.3531063e-003
 1.3121421e-003
 1.2576475e-003
 1.1979635e-003
 1.1413964e-003
 1.0957195e-003
 1.0683832e-003
 1.0667958e-003
 1.0983774e-003
 1.1695186e-003
 1.2735944e-003
 1.3953104e-003
 1.5191975e-003
 1.6298105e-003
 1.7120808e-003
 1.7565889e-003
 1.7576060e-003
 1.7094726e-003
 1.6064966e-003
 1.4451745e-003
 1.2474556e-003
 1.0522641e-003
 8.9880027e-004
 8.2637445e-004
 8.6968584e-004
 1.0096180e-003
 1.1915275e-003
 1.3599985e-003
 1.4597530e-003
 1.4406890e-003
 1.3147948e-003
 1.1347751e-003
 9.5418765e-004
 8.2645507e-004
 8.0032158e-004
 8.6886168e-004
 9.8874327e-004
 1.1160580e-003
 1.2068904e-003
 1.2214537e-003
 1.1683712e-003
 1.0876759e-003
 1.0199165e-003
 1.0056410e-003
 1.0813002e-003
 1.2353424e-003
 1.4253658e-003
 1.6084502e-003
 1.7416978e-003
 1.7858091e-003
 1.7441026e-003
 1.6470767e-003
 1.5256455e-003
 1.4108164e-003
 1.3312224e-003
 1.2894514e-003
 1.2714904e-003
 1.2630575e-003
 1.2498741e-003
 1.2192294e-003
 1.1762144e-003
 1.1371780e-003
 1.1186764e-003
 1.1372338e-003
 1.2073134e-003
 1.3201414e-003
 1.4522186e-003
 1.5798999e-003
 1.6795169e-003
 1.7290035e-003
 1.7240670e-003
 1.6715847e-003
 1.5785850e-003
 1.4520971e-003
 1.2997539e-003
 1.1364066e-003
 9.8121108e-004
 8.5342332e-004
 7.7228685e-004
 7.5515208e-004
 7.9795910e-004
 8.8349910e-004
 9.9439709e-004
 1.1131933e-003
 1.2230893e-003
 1.3135629e-003
 1.3779596e-003
 1.4096836e-003
 1.4021199e-003
 1.3503081e-003
 1.2668148e-003
 1.1748814e-003
 1.0979717e-003
 1.0594784e-003
 1.0799402e-003
 1.1491546e-003
 1.2382134e-003
 1.3179985e-003
 1.3593801e-003
 1.3360900e-003
 1.2522030e-003
 1.1301591e-003
 9.9259196e-004
 8.6214882e-004
 7.6012698e-004
 6.9389387e-004
 6.6235766e-004
 6.6434179e-004
 6.9868180e-004
 7.6377997e-004
 8.5383770e-004
 9.6054090e-004
 1.0755702e-003
 1.1905215e-003
 1.2975080e-003
 1.3931034e-003
 1.4765337e-003
 1.5470751e-003
 1.6039545e-003
 1.6460188e-003
 1.6676553e-003
 1.6606362e-003
 1.6167078e-003
 1.5276169e-003
 1.3874586e-003
 1.2142339e-003
 1.0400610e-003
 8.9710584e-004
 8.1757281e-004
 8.2950352e-004
 9.1888238e-004
 1.0471900e-003
 1.1756702e-003
 1.2655534e-003
 1.2820791e-003
 1.2307592e-003
 1.1403511e-003
 1.0398786e-003
 9.5835084e-004
 9.2255679e-004
 9.3655288e-004
 9.9143118e-004
 1.0781309e-003
 1.1876192e-003
 1.3103465e-003
 1.4325598e-003
 1.5380430e-003
 1.6105645e-003
 1.6338421e-003
 1.5942142e-003
 1.5030594e-003
 1.3859131e-003
 1.2685615e-003
 1.1767041e-003
 1.1333451e-003
 1.1350480e-003
 1.1634872e-003
 1.2001714e-003
 1.2266131e-003
 1.2260807e-003
 1.1987605e-003
 1.1543295e-003
 1.1025495e-003
 1.0531861e-003
 1.0152351e-003
 9.9042221e-004
 9.7639009e-004
 9.7074819e-004
 9.7110710e-004
 9.7554806e-004
 9.8663080e-004
 1.0093879e-003
 1.0488781e-003
 1.1101774e-003
 1.1973291e-003
 1.3051243e-003
 1.4232442e-003
 1.5413446e-003
 1.6489959e-003
 1.7360661e-003
 1.7943650e-003
 1.8167769e-003
 1.7961852e-003
 1.7254947e-003
 1.6001577e-003
 1.4393276e-003
 1.2749601e-003
 1.1392587e-003
 1.0643030e-003
 1.0778679e-003
 1.1678105e-003
 1.3004027e-003
 1.4417716e-003
 1.5580313e-003
 1.6182233e-003
 1.6180110e-003
 1.5673715e-003
 1.4763935e-003
 1.3551343e-003
 1.2142682e-003
 1.0691370e-003
 9.3763473e-004
 8.3767850e-004
 7.8718073e-004
 8.0120517e-004
 8.6889998e-004
 9.6576835e-004
 1.0672128e-003
 1.1485596e-003
 1.1883463e-003
 1.1930037e-003
 1.1836159e-003
 1.1814075e-003
 1.2075930e-003
 1.2800269e-003
 1.3868404e-003
 1.5006842e-003
 1.5939893e-003
 1.6392741e-003
 1.6132998e-003
 1.5302894e-003
 1.4239696e-003
 1.3281711e-003
 1.2767393e-003
 1.2991186e-003
 1.3862698e-003
 1.5093531e-003
 1.6393686e-003
 1.7473173e-003
 1.8075178e-003
 1.8228709e-003
 1.8109761e-003
 1.7895299e-003
 1.7762284e-003
 1.7861688e-003
 1.8120572e-003
 1.8352279e-003
 1.8369205e-003
 1.7983741e-003
 1.7045728e-003
 1.5722954e-003
 1.4343905e-003
 1.3238100e-003
 1.2735853e-003
 1.3113972e-003
 1.4205202e-003
 1.5619483e-003
 1.6963958e-003
 1.7846850e-003
 1.7929839e-003
 1.7325197e-003
 1.6370749e-003
 1.5405539e-003
 1.4768686e-003
 1.4755913e-003
 1.5300936e-003
 1.6157886e-003
 1.7079683e-003
 1.7819250e-003
 1.8159806e-003
 1.8134428e-003
 1.7899735e-003
 1.7613074e-003
 1.7431777e-003
 1.7488173e-003
 1.7708428e-003
 1.7917918e-003
 1.7941288e-003
 1.7603175e-003
 1.6763617e-003
 1.5569906e-003
 1.4309128e-003
 1.3269103e-003
 1.2738405e-003
 1.2960582e-003
 1.3822733e-003
 1.5039783e-003
 1.6324574e-003
 1.7390847e-003
 1.7985688e-003
 1.8125365e-003
 1.7955502e-003
 1.7622652e-003
 1.7273291e-003
 1.7029566e-003
 1.6820062e-003
 1.6481093e-003
 1.5848278e-003
 1.4757288e-003
 1.3089861e-003
 1.1096378e-003
 9.2003110e-004
 7.8265142e-004
 7.3998811e-004
 8.2715403e-004
 1.0212455e-003
 1.2720663e-003
 1.5293185e-003
 1.7425137e-003
 1.8674784e-003
 1.9075602e-003
 1.8883881e-003
 1.8357042e-003
 1.7752951e-003
 1.7305922e-003
 1.7071627e-003
 1.7022586e-003
 1.7130858e-003
 1.7368457e-003
 1.7699391e-003
 1.8026157e-003
 1.8222535e-003
 1.8162408e-003
 1.7719583e-003
 1.6798484e-003
 1.5536090e-003
 1.4177357e-003
 1.2966882e-003
 1.2149535e-003
 1.1937172e-003
 1.2292308e-003
 1.3063377e-003
 1.4098360e-003
 1.5245517e-003
 1.6355234e-003
 1.7301069e-003
 1.7966437e-003
 1.8234805e-003
 1.7989506e-003
 1.7145954e-003
 1.5856297e-003
 1.4379375e-003
 1.2974238e-003
 1.1900963e-003
 1.1385627e-003
 1.1411660e-003
 1.1853838e-003
 1.2586050e-003
 1.3482481e-003
 1.4424515e-003
 1.5346954e-003
 1.6207600e-003
 1.6965041e-003
 1.7577638e-003
 1.8006404e-003
 1.8231669e-003
 1.8242148e-003
 1.8026787e-003
 1.7574452e-003
 1.6888700e-003
 1.6081099e-003
 1.5309921e-003
 1.4733782e-003
 1.4511296e-003
 1.4770582e-003
 1.5420020e-003
 1.6272310e-003
 1.7139759e-003
 1.7834801e-003
 1.8191390e-003
 1.8200739e-003
 1.7921792e-003
 1.7413625e-003
 1.6735714e-003
 1.5950126e-003
 1.5139822e-003
 1.4396554e-003
 1.3812652e-003
 1.3479879e-003
 1.3475377e-003
 1.3772413e-003
 1.4299937e-003
 1.4986314e-003
 1.5760283e-003
 1.6548873e-003
 1.7268098e-003
 1.7828702e-003
 1.8141962e-003
 1.8118968e-003
 1.7696383e-003
 1.6989070e-003
 1.6186737e-003
 1.5479414e-003
 1.5057134e-003
 1.5070867e-003
 1.5403023e-003
 1.5823292e-003
 1.6101021e-003
 1.6005482e-003
 1.5358301e-003
 1.4337186e-003
 1.3268254e-003
 1.2477983e-003
 1.2293428e-003
 1.2970628e-003
 1.4290271e-003
 1.5836386e-003
 1.7191196e-003
 1.7938097e-003
 1.7731431e-003
 1.6704296e-003
 1.5186436e-003
 1.3509394e-003
 1.2003606e-003
 1.0964287e-003
 1.0449679e-003
 1.0421434e-003
 1.0840498e-003
 1.1668000e-003
 1.2848030e-003
 1.4208938e-003
 1.5533267e-003
 1.6603178e-003
 1.7200838e-003
 1.7111277e-003
 1.6293767e-003
 1.4974568e-003
 1.3402493e-003
 1.1825997e-003
 1.0494692e-003
 9.6546253e-004
 9.4161503e-004
 9.6825772e-004
 1.0339567e-003
 1.1272938e-003
 1.2368503e-003
 1.3512417e-003
 1.4610607e-003
 1.5597717e-003
 1.6411648e-003
 1.6990030e-003
 1.7270524e-003
 1.7191845e-003
 1.6760658e-003
 1.6085062e-003
 1.5281303e-003
 1.4466232e-003
 1.3756114e-003
 1.3266050e-003
 1.3038663e-003
 1.3008791e-003
 1.3102303e-003
 1.3245158e-003
 1.3363310e-003
 1.3383422e-003
 1.3270397e-003
 1.3045691e-003
 1.2735291e-003
 1.2365094e-003
 1.1961270e-003
 1.1549725e-003
 1.1154430e-003
 1.0786710e-003
 1.0453317e-003
 1.0160732e-003
 9.9155190e-004
 9.7242446e-004
 9.5934543e-004
 9.5276086e-004
 9.5176836e-004
 9.5495989e-004
 9.6092816e-004
 9.6826087e-004
 9.7555009e-004
 9.8138687e-004
 9.8454917e-004
 9.8495488e-004
 9.8295521e-004
 9.7890082e-004
 9.7314263e-004
 9.6602947e-004
 9.5791573e-004
 9.4945787e-004
 9.4317249e-004
 9.4227178e-004
 9.4996946e-004
 9.6947723e-004
 1.0040080e-003
 1.0567893e-003
 1.1299396e-003
 1.2192079e-003
 1.3179615e-003
 1.4195872e-003
 1.5173984e-003
 1.6047824e-003
 1.6751024e-003
 1.7227713e-003
 1.7484322e-003
 1.7549976e-003
 1.7454046e-003
 1.7225812e-003
 1.6894462e-003
 1.6489442e-003
 1.6037456e-003
 1.5550540e-003
 1.5035251e-003
 1.4498512e-003
 1.3946876e-003
 1.3387018e-003
 1.2825615e-003
 1.2273464e-003
 1.1766496e-003
 1.1349146e-003
 1.1065992e-003
 1.0961614e-003
 1.1080649e-003
 1.1467626e-003
 1.2151146e-003
 1.3068086e-003
 1.4121796e-003
 1.5216238e-003
 1.6255181e-003
 1.7142394e-003
 1.7781754e-003
 1.8095715e-003
 1.8115486e-003
 1.7910359e-003
 1.7549577e-003
 1.7102662e-003
 1.6638886e-003
 1.6227585e-003
 1.5928602e-003
 1.5748710e-003
 1.5675797e-003
 1.5697805e-003
 1.5802727e-003
 1.5978456e-003
 1.6212959e-003
 1.6493245e-003
 1.6801051e-003
 1.7116368e-003
 1.7418946e-003
 1.7688775e-003
 1.7905765e-003
 1.8049849e-003
 1.8105673e-003
 1.8084570e-003
 1.8006960e-003
 1.7893241e-003
 1.7763904e-003
 1.7639352e-003
 1.7540012e-003
 1.7479426e-003
 1.7433384e-003
 1.7364848e-003
 1.7236739e-003
 1.7011994e-003
 1.6653448e-003
 1.6124194e-003
 1.5399377e-003
 1.4520746e-003
 1.3552265e-003
 1.2558624e-003
 1.1603817e-003
 1.0752059e-003
 1.0067569e-003
 9.6134539e-004
 9.4136398e-004
 9.4407180e-004
 9.6640520e-004
 1.0053113e-003
 1.0577069e-003
 1.1205357e-003
 1.1907336e-003
 1.2652723e-003
 1.3417085e-003
 1.4184708e-003
 1.4940238e-003
 1.5668318e-003
 1.6353753e-003
 1.6980855e-003
 1.7534435e-003
 1.7999214e-003
 1.8362743e-003
 1.8615810e-003
 1.8749704e-003
 1.8755614e-003
 1.8624677e-003
 1.8348144e-003
 1.7917191e-003
 1.7323820e-003
 1.6589115e-003
 1.5771406e-003
 1.4930830e-003
 1.4127675e-003
 1.3422236e-003
 1.2874702e-003
 1.2545636e-003
 1.2493571e-003
 1.2720570e-003
 1.3158510e-003
 1.3734539e-003
 1.4376107e-003
 1.5010583e-003
 1.5565453e-003
 1.5967805e-003
 1.6146849e-003
 1.6089936e-003
 1.5856108e-003
 1.5508723e-003
 1.5111406e-003
 1.4727531e-003
 1.4420549e-003
 1.4253886e-003
 1.4289618e-003
 1.4540042e-003
 1.4957129e-003
 1.5489329e-003
 1.6084681e-003
 1.6691621e-003
 1.7258455e-003
 1.7733494e-003
 1.8066213e-003
 1.8242389e-003
 1.8292113e-003
 1.8248003e-003
 1.8142645e-003
 1.8008713e-003
 1.7878804e-003
 1.7785537e-003
 1.7760638e-003
 1.7806796e-003
 1.7891990e-003
 1.7982171e-003
 1.8043299e-003
 1.8041299e-003
 1.7942138e-003
 1.7711774e-003
 1.7317464e-003
 1.6767692e-003
 1.6120342e-003
 1.5435739e-003
 1.4774313e-003
 1.4196384e-003
 1.3762674e-003
 1.3533470e-003
 1.3567331e-003
 1.3864334e-003
 1.4355647e-003
 1.4968726e-003
 1.5630989e-003
 1.6269848e-003
 1.6812831e-003
 1.7187080e-003
 1.7322183e-003
 1.7209511e-003
 1.6912211e-003
 1.6497708e-003
 1.6033209e-003
 1.5585978e-003
 1.5223209e-003
 1.5012352e-003
 1.5018689e-003
 1.5251309e-003
 1.5654576e-003
 1.6169407e-003
 1.6736338e-003
 1.7296273e-003
 1.7789998e-003
 1.8158375e-003
 1.8343665e-003
 1.8337163e-003
 1.8185552e-003
 1.7938467e-003
 1.7645735e-003
 1.7357005e-003
 1.7121977e-003
 1.6990334e-003
 1.7010161e-003
 1.7180683e-003
 1.7446219e-003
 1.7748155e-003
 1.8027923e-003
 1.8226765e-003
 1.8286131e-003
 1.8147401e-003
 1.7753702e-003
 1.7101465e-003
 1.6246079e-003
 1.5246114e-003
 1.4159866e-003
 1.3046431e-003
 1.1964125e-003
 1.0971510e-003
 1.0127153e-003
 9.4881497e-004
 9.0747478e-004
 8.8655215e-004
 8.8371022e-004
 8.9661649e-004
 9.2292711e-004
 9.6030626e-004
 1.0064171e-003
 1.0589352e-003
 1.1154980e-003
 1.1738006e-003
 1.2320681e-003
 1.2891189e-003
 1.3438131e-003
 1.3949727e-003
 1.4414588e-003
 1.4821193e-003
 1.5158093e-003
 1.5413602e-003
 1.5576290e-003
 1.5635208e-003
 1.5594553e-003
 1.5474913e-003
 1.5297671e-003
 1.5084209e-003
 1.4855901e-003
 1.4634080e-003
 1.4440235e-003
 1.4295690e-003
 1.4221822e-003
 1.4239238e-003
 1.4347967e-003
 1.4526156e-003
 1.4750897e-003
 1.4999339e-003
 1.5248448e-003
 1.5475373e-003
 1.5657207e-003
 1.5771051e-003
 1.5793941e-003
 1.5703955e-003
 1.5503232e-003
 1.5219271e-003
 1.4880691e-003
 1.4516370e-003
 1.4154938e-003
 1.3825099e-003
 1.3555508e-003
 1.3375009e-003
 1.3312226e-003
 1.3394832e-003
 1.3624728e-003
 1.3976768e-003
 1.4424706e-003
 1.4942263e-003
 1.5503152e-003
 1.6081226e-003
 1.6649923e-003
 1.7183096e-003
 1.7654460e-003
 1.8038498e-003
 1.8325996e-003
 1.8525063e-003
 1.8644474e-003
 1.8693017e-003
 1.8679444e-003
 1.8612562e-003
 1.8501143e-003
 1.8353974e-003
 1.8179787e-003
 1.7987436e-003
 1.7785397e-003
 1.7581929e-003
 1.7385229e-003
 1.7203642e-003
 1.7045365e-003
 1.6918639e-003
 1.6831702e-003
 1.6792837e-003
 1.6810265e-003
 1.6891678e-003
 1.7031940e-003
 1.7212891e-003
 1.7415909e-003
 1.7622340e-003
 1.7813535e-003
 1.7970870e-003
 1.8075620e-003
 1.8109170e-003
 1.8052867e-003
 1.7888901e-003
 1.7619779e-003
 1.7267924e-003
 1.6856643e-003
 1.6409137e-003
 1.5948928e-003
 1.5499222e-003
 1.5083327e-003
 1.4724548e-003
 1.4446138e-003
 1.4270672e-003
 1.4201206e-003
 1.4221965e-003
 1.4316407e-003
 1.4467920e-003
 1.4659947e-003
 1.4875920e-003
 1.5099325e-003
 1.5313480e-003
 1.5501870e-003
 1.5648482e-003
 1.5749307e-003
 1.5811970e-003
 1.5844536e-003
 1.5855120e-003
 1.5851811e-003
 1.5842699e-003
 1.5835885e-003
 1.5839462e-003
 1.5861517e-003
 1.5909848e-003
 1.5985552e-003
 1.6083393e-003
 1.6197864e-003
 1.6323497e-003
 1.6454726e-003
 1.6586076e-003
 1.6712048e-003
 1.6827137e-003
 1.6925862e-003
 1.7002678e-003
 1.7052190e-003
 1.7069058e-003
 1.7047939e-003
 1.6983500e-003
 1.6870406e-003
 1.6703319e-003
 1.6476840e-003
 1.6185741e-003
 1.5824635e-003
 1.5389033e-003
 1.4891728e-003
 1.4361525e-003
 1.3828232e-003
 1.3321276e-003
 1.2870211e-003
 1.2504507e-003
 1.2253901e-003
 1.2147842e-003
 1.2215881e-003
 1.2485671e-003
 1.2944883e-003
 1.3544678e-003
 1.4234806e-003
 1.4965018e-003
 1.5685229e-003
 1.6344832e-003
 1.6893757e-003
 1.7281753e-003
 1.7458578e-003
 1.7376652e-003
 1.7042555e-003
 1.6512034e-003
 1.5842458e-003
 1.5091703e-003
 1.4317168e-003
 1.3576397e-003
 1.2926790e-003
 1.2426217e-003
 1.2132050e-003
 1.2099075e-003
 1.2329060e-003
 1.2776139e-003
 1.3392386e-003
 1.4130180e-003
 1.4941816e-003
 1.5779788e-003
 1.6595988e-003
 1.7342905e-003
 1.7972838e-003
 1.8439968e-003
 1.8731940e-003
 1.8866833e-003
 1.8863645e-003
 1.8741369e-003
 1.8518936e-003
 1.8215454e-003
 1.7849873e-003
 1.7441192e-003
 1.7008299e-003
 1.6570159e-003
 1.6140944e-003
 1.5730987e-003
 1.5350402e-003
 1.5009578e-003
 1.4718614e-003
 1.4487713e-003
 1.4327080e-003
 1.4246902e-003
 1.4257421e-003
 1.4368017e-003
 1.4573794e-003
 1.4857486e-003
 1.5201200e-003
 1.5587246e-003
 1.5997865e-003
 1.6415408e-003
 1.6821917e-003
 1.7199740e-003
 1.7531121e-003
 1.7799055e-003
 1.7999873e-003
 1.8141177e-003
 1.8231099e-003
 1.8277715e-003
 1.8289099e-003
 1.8273315e-003
 1.8238451e-003
 1.8192579e-003
 1.8143759e-003
 1.8099815e-003
 1.8063718e-003
 1.8034359e-003
 1.8010496e-003
 1.7990906e-003
 1.7974345e-003
 1.7959577e-003
 1.7945362e-003
 1.7930468e-003
 1.7913660e-003
 1.7893794e-003
 1.7871333e-003
 1.7848084e-003
 1.7825909e-003
 1.7806661e-003
 1.7792184e-003
 1.7784337e-003
 1.7784974e-003
 1.7795945e-003
 1.7819103e-003
 1.7856100e-003
 1.7905191e-003
 1.7961785e-003
 1.8021230e-003
 1.8078875e-003
 1.8130066e-003
 1.8170127e-003
 1.8194409e-003
 1.8198257e-003
 1.8177006e-003
 1.8126381e-003
 1.8048303e-003
 1.7949750e-003
 1.7837863e-003
 1.7719750e-003
 1.7602597e-003
 1.7493519e-003
 1.7399645e-003
 1.7328101e-003
 1.7286055e-003
 1.7280143e-003
 1.7309273e-003
 1.7366103e-003
 1.7443068e-003
 1.7532641e-003
 1.7627282e-003
 1.7719478e-003
 1.7801645e-003
 1.7866271e-003
 1.7905815e-003
 1.7913204e-003
 1.7888668e-003
 1.7838313e-003
 1.7768387e-003
 1.7685142e-003
 1.7594808e-003
 1.7503680e-003
 1.7417994e-003
 1.7343998e-003
 1.7287936e-003
 1.7255747e-003
 1.7248068e-003
 1.7261402e-003
 1.7292128e-003
 1.7336651e-003
 1.7391331e-003
 1.7452568e-003
 1.7516743e-003
 1.7580262e-003
 1.7639477e-003
 1.7690953e-003
 1.7733685e-003
 1.7768583e-003
 1.7796591e-003
 1.7818672e-003
 1.7835783e-003
 1.7848880e-003
 1.7858921e-003
 1.7866859e-003
 1.7873648e-003
 1.7880203e-003
 1.7886687e-003
 1.7892703e-003
 1.7897838e-003
 1.7901681e-003
 1.7903817e-003
 1.7903832e-003
 1.7901316e-003
 1.7895853e-003
 1.7887029e-003
 1.7874518e-003
 1.7859208e-003
 1.7842917e-003
 1.7827487e-003
 1.7814760e-003
 1.7806577e-003
 1.7804784e-003
 1.7811216e-003
 1.7827726e-003
 1.7856145e-003
 1.7897907e-003
 1.7948520e-003
 1.7999051e-003
 1.8040418e-003
 1.8063578e-003
 1.8059474e-003
 1.8019056e-003
 1.7933239e-003
 1.7793010e-003
 1.7589296e-003
 1.7314194e-003
 1.6976022e-003
 1.6595471e-003
 1.6193278e-003
 1.5790259e-003
 1.5407136e-003
 1.5064911e-003
 1.4784299e-003
 1.4586117e-003
 1.4491174e-003
 1.4518640e-003
 1.4664386e-003
 1.4907221e-003
 1.5225563e-003
 1.5597934e-003
 1.6002569e-003
 1.6417977e-003
 1.6822579e-003
 1.7194882e-003
 1.7513125e-003
 1.7757121e-003
 1.7924298e-003
 1.8024954e-003
 1.8069606e-003
 1.8068851e-003
 1.8033249e-003
 1.7973371e-003
 1.7899759e-003
 1.7823018e-003
 1.7753694e-003
 1.7701553e-003
 1.7665575e-003
 1.7637045e-003
 1.7607056e-003
 1.7566709e-003
 1.7507089e-003
 1.7419325e-003
 1.7294504e-003
 1.7123732e-003
 1.6898109e-003
 1.6609899e-003
 1.6267996e-003
 1.5892690e-003
 1.5504587e-003
 1.5124205e-003
 1.4772328e-003
 1.4469471e-003
 1.4236236e-003
 1.4093204e-003
 1.4061054e-003
 1.4158451e-003
 1.4379589e-003
 1.4701510e-003
 1.5101009e-003
 1.5554588e-003
 1.6039024e-003
 1.6531012e-003
 1.7007357e-003
 1.7444519e-003
 1.7819307e-003
 1.8109947e-003
 1.8314207e-003
 1.8443200e-003
 1.8508465e-003
 1.8521476e-003
 1.8493712e-003
 1.8436634e-003
 1.8361746e-003
 1.8280518e-003
 1.8204423e-003
 1.8144315e-003
 1.8103400e-003
 1.8079592e-003
 1.8070717e-003
 1.8074606e-003
 1.8089080e-003
 1.8111968e-003
 1.8141095e-003
 1.8174300e-003
 1.8209392e-003
 1.8244281e-003
 1.8277793e-003
 1.8309383e-003
 1.8338517e-003
 1.8364646e-003
 1.8387240e-003
 1.8405763e-003
 1.8419679e-003
 1.8428449e-003
 1.8431533e-003
 1.8428474e-003
 1.8419700e-003
 1.8406245e-003
 1.8389145e-003
 1.8369443e-003
 1.8348177e-003
 1.8326382e-003
 1.8305109e-003
 1.8285393e-003
 1.8268274e-003
 1.8254718e-003
 1.8244861e-003
 1.8238275e-003
 1.8234524e-003
 1.8233175e-003
 1.8233795e-003
 1.8235949e-003
 1.8239202e-003
 1.8243121e-003
 1.8247272e-003
 1.8251281e-003
 1.8255526e-003
 1.8260870e-003
 1.8268176e-003
 1.8278315e-003
 1.8292154e-003
 1.8310562e-003
 1.8334413e-003
 1.8364567e-003
 1.8401893e-003
 1.8446991e-003
 1.8497314e-003
 1.8548265e-003
 1.8595239e-003
 1.8633631e-003
 1.8658825e-003
 1.8666214e-003
 1.8651184e-003
 1.8609124e-003
 1.8535428e-003
 1.8426633e-003
 1.8292760e-003
 1.8152258e-003
 1.8023732e-003
 1.7925759e-003
 1.7876998e-003
 1.7896021e-003
 1.8001428e-003
 1.8211824e-003
 1.8545907e-003
 1.9020181e-003
 1.9629623e-003
 2.0355547e-003
 2.1179258e-003
 2.2081456e-003
 2.3043426e-003
 2.4046272e-003
 2.5071332e-003
 2.6099219e-003
 2.7111270e-003
 2.8089418e-003
 2.9024682e-003
 2.9913923e-003
 3.0753447e-003
 3.1540219e-003
 3.2270965e-003
 3.2942581e-003
 3.3551482e-003
 3.4094565e-003
 3.4568571e-003
 3.4969738e-003
 3.5287687e-003
 3.5508482e-003
 3.5618017e-003
 3.5602164e-003
 3.5446831e-003
 3.5137925e-003
 3.4661335e-003
 3.4002967e-003
 3.3148488e-003
 3.2087495e-003
 3.0844100e-003
 2.9463782e-003
 2.7991938e-003
 2.6475040e-003
 2.4958516e-003
 2.3488121e-003
 2.2109309e-003
 2.0868503e-003
 1.9811131e-003
 1.8978774e-003
 1.8369297e-003
 1.7954425e-003
 1.7705804e-003
 1.7594771e-003
 1.7592778e-003
 1.7671307e-003
 1.7801769e-003
 1.7955634e-003
 1.8104351e-003
 1.8221257e-003
 1.8298753e-003
 1.8340588e-003
 1.8350629e-003
 1.8332739e-003
 1.8290778e-003
 1.8228625e-003
 1.8150143e-003
 1.8059196e-003
 1.7959626e-003
 1.7855287e-003
 1.7749369e-003
 1.7644740e-003
 1.7544237e-003
 1.7450771e-003
 1.7367182e-003
 1.7296332e-003
 1.7241071e-003
 1.7204287e-003
 1.7188832e-003
 1.7197167e-003
 1.7227812e-003
 1.7277033e-003
 1.7341023e-003
 1.7416020e-003
 1.7498244e-003
 1.7583938e-003
 1.7669284e-003
 1.7750526e-003
 1.7823887e-003
 1.7885882e-003
 1.7935763e-003
 1.7974396e-003
 1.8002645e-003
 1.8021382e-003
 1.8031476e-003
 1.8033790e-003
 1.8029194e-003
 1.8018560e-003
 1.8002746e-003
 1.7982632e-003
 1.7959081e-003
 1.7932962e-003
 1.7905133e-003
 1.7876476e-003
 1.7847855e-003
 1.7820133e-003
 1.7794179e-003
 1.7770856e-003
 1.7751044e-003
 1.7735546e-003
 1.7724638e-003
 1.7718294e-003
 1.7716492e-003
 1.7719205e-003
 1.7726405e-003
 1.7738071e-003
 1.7754172e-003
 1.7774682e-003
 1.7799577e-003
 1.7828831e-003
 1.7862242e-003
 1.7897888e-003
 1.7932940e-003
 1.7964554e-003
 1.7989889e-003
 1.8006087e-003
 1.8010309e-003
 1.7999712e-003
 1.7971442e-003
 1.7922665e-003
 1.7850532e-003
 1.7752199e-003
 1.7624785e-003
 1.7465507e-003
 1.7271959e-003
 1.7046046e-003
 1.6791961e-003
 1.6513856e-003
 1.6216079e-003
 1.5902787e-003
 1.5578197e-003
 1.5246448e-003
 1.4911914e-003
 1.4578740e-003
 1.4251141e-003
 1.3933261e-003
 1.3629469e-003
 1.3343907e-003
 1.3080795e-003
 1.2844348e-003
 1.2638740e-003
 1.2468288e-003
 1.2336709e-003
 1.2243784e-003
 1.2187193e-003
 1.2164641e-003
 1.2173776e-003
 1.2212276e-003
 1.2277829e-003
 1.2368080e-003
 1.2480711e-003
 1.2613396e-003
 1.2763808e-003
 1.2929662e-003
 1.3108550e-003
 1.3298184e-003
 1.3496233e-003
 1.3700426e-003
 1.3908329e-003
 1.4117673e-003
 1.4326123e-003
 1.4531404e-003
 1.4731089e-003
 1.4922899e-003
 1.5104704e-003
 1.5276060e-003
 1.5437255e-003
 1.5588702e-003
 1.5730771e-003
 1.5863840e-003
 1.5988305e-003
 1.6104480e-003
 1.6212772e-003
 1.6313549e-003
 1.6407208e-003
 1.6494076e-003
 1.6574545e-003
 1.6648993e-003
 1.6717805e-003
 1.6781322e-003
 1.6839935e-003
 1.6894012e-003
 1.6943929e-003
 1.6990068e-003
 1.7032780e-003
 1.7072449e-003
 1.7109445e-003
 1.7144153e-003
 1.7176925e-003
 1.7208145e-003
 1.7238152e-003
 1.7267060e-003
 1.7294841e-003
 1.7321483e-003
 1.7346973e-003
 1.7371293e-003
 1.7394432e-003
 1.7416364e-003
 1.7437079e-003
 1.7456560e-003
 1.7474799e-003
 1.7491769e-003
 1.7507457e-003
 1.7521846e-003
 1.7534927e-003
 1.7546677e-003
 1.7557082e-003
 1.7566127e-003
 1.7573799e-003
 1.7580077e-003
 1.7584945e-003
 1.7588390e-003
 1.7590395e-003
 1.7590945e-003
 1.7590023e-003
 1.7587615e-003
 1.7583702e-003
 1.7578268e-003
 1.7571300e-003
 1.7562782e-003
 1.7552704e-003
 1.7541097e-003
 1.7528029e-003
 1.7513554e-003
 1.7497730e-003
 1.7480623e-003
 1.7462280e-003
 1.7442770e-003
 1.7422151e-003
 1.7400478e-003
 1.7377809e-003
 1.7354212e-003
 1.7329741e-003
 1.7304453e-003
 1.7278403e-003
 1.7251663e-003
 1.7224284e-003
 1.7196327e-003
 1.7167847e-003
 1.7138901e-003
 1.7109562e-003
 1.7079879e-003
 1.7049912e-003
 1.7019715e-003
 1.6989358e-003
 1.6958894e-003
 1.6928385e-003
 1.6897878e-003
 1.6867451e-003
 1.6837154e-003
 1.6807046e-003
 1.6777185e-003
 1.6747625e-003
 1.6718424e-003
 1.6689622e-003
 1.6661262e-003
 1.6633380e-003
 1.6606037e-003
 1.6579265e-003
 1.6553110e-003
 1.6527609e-003
 1.6502819e-003
 1.6478780e-003
 1.6455532e-003
 1.6433115e-003
 1.6411580e-003
 1.6390972e-003
 1.6371330e-003
 1.6352700e-003
 1.6335120e-003
 1.6318643e-003
 1.6303310e-003
 1.6289162e-003
 1.6276243e-003
 1.6264601e-003
 1.6254275e-003
 1.6245311e-003
 1.6237752e-003
 1.6231644e-003
 1.6227026e-003
 1.6223949e-003
 1.6222451e-003
 1.6222578e-003
 1.6224373e-003
 1.6227869e-003
 1.6233018e-003
 1.6239743e-003
 1.6247956e-003
 1.6257580e-003
 1.6268527e-003
 1.6280725e-003
 1.6294084e-003
 1.6308523e-003
 1.6323962e-003
 1.6340321e-003
 1.6357522e-003
 1.6375470e-003
 1.6394092e-003
 1.6413304e-003
 1.6433031e-003
 1.6453180e-003
 1.6473676e-003
 1.6494433e-003
 1.6515380e-003
 1.6536420e-003
 1.6557479e-003
 1.6578475e-003
 1.6599332e-003
 1.6619955e-003
 1.6640271e-003
 1.6660193e-003
 1.6679645e-003
 1.6698547e-003
 1.6716808e-003
 1.6734353e-003
 1.6751098e-003
 1.6766969e-003
 1.6781914e-003
 1.6795900e-003
 1.6808895e-003
 1.6820868e-003
 1.6831780e-003
 1.6841597e-003
 1.6850292e-003
 1.6857823e-003
 1.6864163e-003
 1.6869274e-003
 1.6873124e-003
 1.6875678e-003
 1.6876904e-003
 1.6876765e-003
 1.6875230e-003
 1.6872265e-003
 1.6867835e-003
 1.6861907e-003
 1.6854447e-003
 1.6845422e-003
 1.6834799e-003
 1.6822539e-003
 1.6808613e-003
 1.6792989e-003
 1.6775628e-003
 1.6756495e-003
 1.6735565e-003
 1.6712800e-003
 1.6688164e-003
 1.6661617e-003
 1.6633141e-003
 1.6602739e-003
 1.6570740e-003
 1.6537582e-003
 1.6503735e-003
 1.6469634e-003
 1.6435734e-003
 1.6402483e-003
 1.6370326e-003
 1.6339724e-003
 1.6311122e-003
 1.6284967e-003
 1.6261706e-003
 1.6241797e-003
 1.6225687e-003
 1.6213824e-003
 1.6206657e-003
 1.6204640e-003
 1.6208219e-003
 1.6217845e-003
 1.6233966e-003
 1.6257041e-003
 1.6287506e-003
 1.6325818e-003
 1.6372423e-003
 1.6427790e-003
 1.6492337e-003
 1.6566529e-003
 1.6650817e-003
 1.6745672e-003
 1.6851499e-003
 1.6968769e-003
 1.7097936e-003
 1.7239553e-003
 1.7394912e-003
 1.7565454e-003
 1.7752730e-003
 1.7958257e-003
 1.8183605e-003
 1.8430188e-003
 1.8699564e-003
 1.8993258e-003
 1.9312860e-003
 1.9659733e-003
 2.0035473e-003
 2.0441588e-003
 2.0879705e-003
 2.1351131e-003
 2.1857484e-003
 2.2400280e-003
 2.2981036e-003
 2.3601416e-003
 2.4262639e-003
 2.4966374e-003
 2.5714128e-003
 2.6507615e-003
 2.7347973e-003
 2.8236900e-003
 2.9175912e-003
 3.0166768e-003
 3.1210515e-003
 3.2308893e-003
 3.3463424e-003
 3.4675617e-003
 3.5947303e-003
 3.7278745e-003
 3.8667279e-003
 4.0108520e-003
 4.1598435e-003
 4.3131937e-003
 4.4704988e-003
 4.6313200e-003
 4.7952579e-003
 4.9617966e-003
 5.1305355e-003
 5.3010359e-003
 5.4728598e-003
 5.6456090e-003
 5.8187637e-003
 5.9919255e-003
 6.1646565e-003
 6.3365581e-003
 6.5071103e-003
 6.6759158e-003
 6.8425355e-003
 7.0065693e-003
 7.1675014e-003
 7.3249321e-003
 7.4784230e-003
 7.6275351e-003
 7.7718641e-003
 7.9109026e-003
 8.0442466e-003
 8.1714578e-003
 8.2921246e-003
 8.4057534e-003
 8.5119316e-003
 8.6103007e-003
 8.7009696e-003
 8.7841395e-003
 8.8600786e-003
 8.9290319e-003
 8.9912601e-003
 9.0469783e-003
 9.0964474e-003
 9.1399141e-003
 9.1776242e-003
 9.2098312e-003
 9.2367623e-003
 9.2586735e-003
 9.2758108e-003
 9.2884209e-003
 9.2967441e-003
 9.3010301e-003
 9.3015246e-003
 9.2984708e-003
 9.2921173e-003
 9.2827082e-003
 9.2704911e-003
 9.2557082e-003
 9.2386045e-003
 9.2194313e-003
 9.1984300e-003
 9.1758491e-003
 9.1519263e-003
 9.1269193e-003
 9.1010686e-003
 9.0746181e-003
 9.0478091e-003
 9.0208668e-003
 8.9938324e-003
 8.9666918e-003
 8.9394329e-003
 8.9120362e-003
 8.8845016e-003
 8.8568125e-003
 8.8289538e-003
 8.8009080e-003
 8.7726759e-003
 8.7442361e-003
 8.7155774e-003
 8.6866803e-003
 8.6575458e-003
 8.6281560e-003
 8.5984981e-003
 8.5685505e-003
 8.5383151e-003
 8.5077733e-003
 8.4769130e-003
 8.4457193e-003
 8.4141754e-003
 8.3822822e-003
 8.3500184e-003
 8.3173728e-003
 8.2843257e-003
 8.2508791e-003
 8.2170116e-003
 8.1827138e-003
 8.1479624e-003
 8.1127612e-003
 8.0770897e-003
 8.0409432e-003
 8.0043431e-003
 7.9673138e-003
 7.9299062e-003
 7.8921439e-003
 7.8540631e-003
 7.8156833e-003
 7.7770590e-003
 7.7382131e-003
 7.6991795e-003
 7.6599815e-003
 7.6206699e-003
 7.5812708e-003
 7.5418144e-003
 7.5023365e-003
 7.4628592e-003
 7.4234353e-003
 7.3840884e-003
 7.3448517e-003
 7.3057478e-003
 7.2668293e-003
 7.2281216e-003
 7.1896547e-003
 7.1514561e-003
 7.1135741e-003
 7.0760339e-003
 7.0388690e-003
 7.0021036e-003
 6.9657881e-003
 6.9299475e-003
 6.8946132e-003
 6.8598203e-003
 6.8255877e-003
 6.7919339e-003
 6.7588422e-003
 6.7263078e-003
 6.6943159e-003
 6.6628745e-003
 6.6319695e-003
 6.6015944e-003
 6.5717357e-003
 6.5424000e-003
 6.5135746e-003
 6.4852517e-003
 6.4574252e-003
 6.4300816e-003
 6.4032283e-003
 6.3768504e-003
 6.3509424e-003
 6.3254903e-003
 6.3005015e-003
 6.2759621e-003
 6.2518651e-003
 6.2281978e-003
 6.2049669e-003
 6.1821579e-003
 6.1597647e-003
 6.1377813e-003
 6.1161951e-003
 6.0950094e-003
 6.0742134e-003
 6.0537993e-003
 6.0337568e-003
 6.0140877e-003
 5.9947865e-003
 5.9758741e-003
 5.9573776e-003
 5.9393332e-003
 5.9217685e-003
 5.9047104e-003
 5.8881901e-003
 5.8722333e-003
 5.8568767e-003
 5.8421455e-003
 5.8280700e-003
 5.8146757e-003
 5.8020004e-003
 5.7900683e-003
 5.7789097e-003
 5.7685520e-003
 5.7590296e-003
 5.7503693e-003
 5.7426002e-003
 5.7357512e-003
 5.7298541e-003
 5.7249372e-003
 5.7210308e-003
 5.7181623e-003
 5.7163630e-003
 5.7156626e-003
 5.7160896e-003
 5.7176747e-003
 5.7204464e-003
 5.7244347e-003
 5.7296688e-003
 5.7361778e-003
 5.7439781e-003
 5.7530012e-003
 5.7631652e-003
 5.7743858e-003
 5.7865772e-003
 5.7996595e-003
 5.8135400e-003
 5.8281389e-003
 5.8433712e-003
 5.8591543e-003
 5.8753989e-003
 5.8920225e-003
 5.9089409e-003
 5.9260735e-003
 5.9433277e-003
 5.9606223e-003
 5.9778732e-003
 5.9949956e-003
 6.0119098e-003
 6.0285213e-003
 6.0447510e-003
 6.0605141e-003
 6.0757292e-003
 6.0903043e-003
 6.1041592e-003
 6.1172093e-003
 6.1293710e-003
 6.1405567e-003
 6.1506825e-003
 6.1596641e-003
 6.1674207e-003
 6.1738612e-003
 6.1789420e-003
 6.1827814e-003
 6.1855414e-003
 6.1873845e-003
 6.1884741e-003
 6.1889719e-003
 6.1890418e-003
 6.1888453e-003
 6.1885468e-003
 6.1883084e-003
 6.1882916e-003
 6.1886618e-003
 6.1895796e-003
 6.1912080e-003
 6.1937105e-003
 6.1972495e-003
 6.2019886e-003
 6.2080892e-003
 6.2157139e-003
 6.2250267e-003
 6.2361918e-003
 6.2493682e-003
 6.2647192e-003
 6.2824097e-003
 6.3026058e-003
 6.3254619e-003
 6.3511445e-003
 6.3798167e-003
 6.4116404e-003
 6.4467890e-003
 6.4854063e-003
 6.5276646e-003
 6.5736813e-003
 6.6233976e-003
 6.6766725e-003
 6.7333984e-003
 6.7934543e-003
 6.8567400e-003
 6.9231028e-003
 6.9924407e-003
 7.0646349e-003
 7.1395831e-003
 7.2171311e-003
 7.2971778e-003
 7.3796040e-003
 7.4642911e-003
 7.5511406e-003
 7.6399921e-003
 7.7307485e-003
 7.8232875e-003
 7.9175169e-003
 8.0132689e-003
 8.1104506e-003
 8.2089398e-003
 8.3086435e-003
 8.4093930e-003
 8.5110953e-003
 8.6136302e-003
 8.7168794e-003
 8.8207480e-003
 8.9250682e-003
 9.0297442e-003
 9.1346595e-003
 9.2397183e-003
