splib07b Record=11791:  error bars to preceding                
 2.6562640e-001
 2.6562640e-001
 2.5244215e-001
 2.3930450e-001
 2.2624014e-001
 2.1327771e-001
 2.0044397e-001
 1.8776572e-001
 1.7527150e-001
 1.6298757e-001
 1.5094243e-001
 1.3916288e-001
 1.2767579e-001
 1.1650959e-001
 1.0569114e-001
 9.5247358e-002
 8.5206553e-002
 7.5595640e-002
 6.6441581e-002
 5.7772610e-002
 4.9615666e-002
 4.1997809e-002
 3.4947101e-002
 2.8490566e-002
 2.2655355e-002
 1.7465973e-002
 1.2910478e-002
 8.9555578e-003
 5.5681514e-003
 2.7145194e-003
 3.6148913e-004
-1.5245005e-003
-2.9769354e-003
-4.0291082e-003
-4.7145318e-003
-5.0666239e-003
-5.1187947e-003
-4.9044853e-003
-4.4571012e-003
-3.8101105e-003
-2.9969206e-003
-2.0509176e-003
-1.0056095e-003
 1.0566507e-004
 1.2493790e-003
 2.3921547e-003
 3.5006134e-003
 4.5412313e-003
 5.4806299e-003
 6.2876553e-003
 6.9552637e-003
 7.4913427e-003
 7.9039736e-003
 8.2011819e-003
 8.3910506e-003
 8.4816450e-003
 8.4810201e-003
 8.3972458e-003
 8.2383752e-003
 8.0124848e-003
 7.7276332e-003
 7.3918682e-003
 7.0132799e-003
 6.5999189e-003
 6.1598290e-003
 5.7011102e-003
 5.2318084e-003
 4.7599636e-003
 4.2936821e-003
 3.8409852e-003
 3.4099773e-003
 3.0087000e-003
 2.6452008e-003
 2.3269961e-003
 2.0551421e-003
 1.8267052e-003
 1.6387210e-003
 1.4881950e-003
 1.3721378e-003
 1.2875762e-003
 1.2315173e-003
 1.2009831e-003
 1.1929849e-003
 1.2045405e-003
 1.2326643e-003
 1.2743722e-003
 1.3266827e-003
 1.3866068e-003
 1.4511624e-003
 1.5173682e-003
 1.5822345e-003
 1.6427794e-003
 1.6960214e-003
 1.7389713e-003
 1.7688586e-003
 1.7853007e-003
 1.7894254e-003
 1.7823874e-003
 1.7653392e-003
 1.7394358e-003
 1.7058301e-003
 1.6656738e-003
 1.6201236e-003
 1.5703317e-003
 1.5174492e-003
 1.4626338e-003
 1.4070374e-003
 1.3518104e-003
 1.2981116e-003
 1.2470897e-003
 1.1999027e-003
 1.1577001e-003
 1.1215587e-003
 1.0916243e-003
 1.0674495e-003
 1.0485804e-003
 1.0345598e-003
 1.0249311e-003
 1.0192395e-003
 1.0170281e-003
 1.0178410e-003
 1.0212222e-003
 1.0267155e-003
 1.0338653e-003
 1.0422148e-003
 1.0513081e-003
 1.0606898e-003
 1.0699030e-003
 1.0784919e-003
 1.0860009e-003
 1.0920019e-003
 1.0964057e-003
 1.0993422e-003
 1.1009452e-003
 1.1013481e-003
 1.1006849e-003
 1.0990889e-003
 1.0966944e-003
 1.0936344e-003
 1.0900429e-003
 1.0860539e-003
 1.0818004e-003
 1.0774166e-003
 1.0730366e-003
 1.0687928e-003
 1.0648200e-003
 1.0612514e-003
 1.0581766e-003
 1.0555756e-003
 1.0534112e-003
 1.0516460e-003
 1.0502429e-003
 1.0491651e-003
 1.0483750e-003
 1.0478360e-003
 1.0475104e-003
 1.0473613e-003
 1.0473515e-003
 1.0474439e-003
 1.0476013e-003
 1.0477864e-003
 1.0479625e-003
 1.0481040e-003
 1.0482168e-003
 1.0483112e-003
 1.0483977e-003
 1.0484863e-003
 1.0485876e-003
 1.0487119e-003
 1.0488697e-003
 1.0490710e-003
 1.0493264e-003
 1.0496462e-003
 1.0500407e-003
 1.0505202e-003
 1.0510953e-003
 1.0517762e-003
 1.0525687e-003
 1.0534679e-003
 1.0544662e-003
 1.0555572e-003
 1.0567333e-003
 1.0579879e-003
 1.0593135e-003
 1.0607037e-003
 1.0621509e-003
 1.0636481e-003
 1.0651887e-003
 1.0667652e-003
 1.0683708e-003
 1.0699981e-003
 1.0716408e-003
 1.0732899e-003
 1.0749352e-003
 1.0765651e-003
 1.0781685e-003
 1.0797336e-003
 1.0812496e-003
 1.0827051e-003
 1.0840886e-003
 1.0853889e-003
 1.0865947e-003
 1.0876944e-003
 1.0886773e-003
 1.0895316e-003
 1.0902488e-003
 1.0908549e-003
 1.0913990e-003
 1.0919311e-003
 1.0925012e-003
 1.0931591e-003
 1.0939545e-003
 1.0949376e-003
 1.0961583e-003
 1.0976660e-003
 1.0995112e-003
 1.1017433e-003
 1.1044061e-003
 1.1074609e-003
 1.1108126e-003
 1.1143641e-003
 1.1180196e-003
 1.1216821e-003
 1.1252548e-003
 1.1286418e-003
 1.1317460e-003
 1.1344713e-003
 1.1367206e-003
 1.1383980e-003
 1.1394173e-003
 1.1398352e-003
 1.1398076e-003
 1.1394920e-003
 1.1390467e-003
 1.1386290e-003
 1.1383970e-003
 1.1385087e-003
 1.1391217e-003
 1.1403940e-003
 1.1424831e-003
 1.1455474e-003
 1.1497296e-003
 1.1549814e-003
 1.1611180e-003
 1.1679525e-003
 1.1752965e-003
 1.1829641e-003
 1.1907663e-003
 1.1985175e-003
 1.2060298e-003
 1.2131155e-003
 1.2195867e-003
 1.2252578e-003
 1.2299538e-003
 1.2336854e-003
 1.2365944e-003
 1.2388247e-003
 1.2405204e-003
 1.2418260e-003
 1.2428856e-003
 1.2438432e-003
 1.2448435e-003
 1.2460304e-003
 1.2475480e-003
 1.2495407e-003
 1.2521443e-003
 1.2553774e-003
 1.2591761e-003
 1.2634739e-003
 1.2682042e-003
 1.2733003e-003
 1.2786966e-003
 1.2843257e-003
 1.2901226e-003
 1.2960201e-003
 1.3019519e-003
 1.3078512e-003
 1.3136537e-003
 1.3193152e-003
 1.3248068e-003
 1.3301000e-003
 1.3351657e-003
 1.3399752e-003
 1.3445006e-003
 1.3487121e-003
 1.3525822e-003
 1.3560818e-003
 1.3591822e-003
 1.3618545e-003
 1.3640745e-003
 1.3658738e-003
 1.3673254e-003
 1.3685032e-003
 1.3694810e-003
 1.3703326e-003
 1.3711321e-003
 1.3719534e-003
 1.3728702e-003
 1.3739563e-003
 1.3752860e-003
 1.3769330e-003
 1.3789664e-003
 1.3813932e-003
 1.3841734e-003
 1.3872667e-003
 1.3906320e-003
 1.3942283e-003
 1.3980147e-003
 1.4019511e-003
 1.4059958e-003
 1.4101088e-003
 1.4142487e-003
 1.4183749e-003
 1.4224472e-003
 1.4264359e-003
 1.4303180e-003
 1.4340719e-003
 1.4376751e-003
 1.4411050e-003
 1.4443395e-003
 1.4473565e-003
 1.4501334e-003
 1.4526487e-003
 1.4548791e-003
 1.4568029e-003
 1.4584011e-003
 1.4597003e-003
 1.4607619e-003
 1.4616485e-003
 1.4624223e-003
 1.4631455e-003
 1.4638801e-003
 1.4646890e-003
 1.4656341e-003
 1.4667776e-003
 1.4681822e-003
 1.4699099e-003
 1.4720174e-003
 1.4744746e-003
 1.4771875e-003
 1.4800599e-003
 1.4829956e-003
 1.4858986e-003
 1.4886725e-003
 1.4912211e-003
 1.4934486e-003
 1.4952586e-003
 1.4965551e-003
 1.4972418e-003
 1.4972308e-003
 1.4965556e-003
 1.4953426e-003
 1.4937207e-003
 1.4918183e-003
 1.4897642e-003
 1.4876873e-003
 1.4857164e-003
 1.4839802e-003
 1.4826074e-003
 1.4817265e-003
 1.4814665e-003
 1.4819470e-003
 1.4831488e-003
 1.4849462e-003
 1.4872107e-003
 1.4898133e-003
 1.4926259e-003
 1.4955195e-003
 1.4983654e-003
 1.5010354e-003
 1.5034006e-003
 1.5053322e-003
 1.5067020e-003
 1.5073901e-003
 1.5074088e-003
 1.5068745e-003
 1.5059056e-003
 1.5046215e-003
 1.5031401e-003
 1.5015807e-003
 1.5000619e-003
 1.4987029e-003
 1.4976216e-003
 1.4969374e-003
 1.4967688e-003
 1.4972280e-003
 1.4983229e-003
 1.4999794e-003
 1.5021216e-003
 1.5046734e-003
 1.5075590e-003
 1.5107021e-003
 1.5140267e-003
 1.5174570e-003
 1.5209161e-003
 1.5243287e-003
 1.5276188e-003
 1.5307126e-003
 1.5335706e-003
 1.5361814e-003
 1.5385342e-003
 1.5406184e-003
 1.5424233e-003
 1.5439378e-003
 1.5451516e-003
 1.5460534e-003
 1.5466327e-003
 1.5468787e-003
 1.5467808e-003
 1.5463312e-003
 1.5455743e-003
 1.5445962e-003
 1.5434835e-003
 1.5423232e-003
 1.5412025e-003
 1.5402079e-003
 1.5394270e-003
 1.5389462e-003
 1.5388526e-003
 1.5392330e-003
 1.5401748e-003
 1.5417566e-003
 1.5439255e-003
 1.5465235e-003
 1.5493885e-003
 1.5523593e-003
 1.5552740e-003
 1.5579716e-003
 1.5602902e-003
 1.5620682e-003
 1.5631440e-003
 1.5633560e-003
 1.5625430e-003
 1.5605552e-003
 1.5574368e-003
 1.5533908e-003
 1.5486242e-003
 1.5433449e-003
 1.5377594e-003
 1.5320744e-003
 1.5264979e-003
 1.5212366e-003
 1.5164980e-003
 1.5124897e-003
 1.5094185e-003
 1.5074790e-003
 1.5066661e-003
 1.5068100e-003
 1.5077353e-003
 1.5092671e-003
 1.5112306e-003
 1.5134505e-003
 1.5157525e-003
 1.5179609e-003
 1.5199009e-003
 1.5213976e-003
 1.5222762e-003
 1.5223713e-003
 1.5216833e-003
 1.5203491e-003
 1.5185103e-003
 1.5163081e-003
 1.5138834e-003
 1.5113782e-003
 1.5089331e-003
 1.5066898e-003
 1.5047893e-003
 1.5033733e-003
 1.5025344e-003
 1.5022076e-003
 1.5022965e-003
 1.5027047e-003
 1.5033348e-003
 1.5040908e-003
 1.5048756e-003
 1.5055925e-003
 1.5061451e-003
 1.5064812e-003
 1.5066965e-003
 1.5069160e-003
 1.5072656e-003
 1.5078704e-003
 1.5088560e-003
 1.5103476e-003
 1.5124710e-003
 1.5153516e-003
 1.5190485e-003
 1.5234048e-003
 1.5282177e-003
 1.5332854e-003
 1.5384053e-003
 1.5433751e-003
 1.5479920e-003
 1.5520543e-003
 1.5553592e-003
 1.5575341e-003
 1.5576377e-003
 1.5546107e-003
 1.5473950e-003
 1.5349298e-003
 1.5161589e-003
 1.4900194e-003
 1.4554537e-003
 1.4114027e-003
 1.3577814e-003
 1.2977746e-003
 1.2352406e-003
 1.1740362e-003
 1.1180302e-003
 1.0710859e-003
 1.0370666e-003
 1.0198362e-003
 1.0232531e-003
 1.0494483e-003
 1.0946885e-003
 1.1540034e-003
 1.2224223e-003
 1.2949686e-003
 1.3666786e-003
 1.4325884e-003
 1.4877215e-003
 1.5271071e-003
 1.5477600e-003
 1.5534481e-003
 1.5493762e-003
 1.5407478e-003
 1.5327650e-003
 1.5306317e-003
 1.5395524e-003
 1.5642133e-003
 1.5999357e-003
 1.6338486e-003
 1.6528172e-003
 1.6436969e-003
 1.5933451e-003
 1.4897130e-003
 1.3405536e-003
 1.1710548e-003
 1.0069394e-003
 8.7397755e-004
 7.9792429e-004
 8.0311450e-004
 8.8760891e-004
 1.0263501e-003
 1.1935097e-003
 1.3632257e-003
 1.5096477e-003
 1.6079802e-003
 1.6530966e-003
 1.6572819e-003
 1.6334068e-003
 1.5943461e-003
 1.5529768e-003
 1.5217183e-003
 1.5044075e-003
 1.4972502e-003
 1.4961902e-003
 1.4971712e-003
 1.4961364e-003
 1.4891055e-003
 1.4735606e-003
 1.4482822e-003
 1.4121039e-003
 1.3638486e-003
 1.3023479e-003
 1.2267639e-003
 1.1426116e-003
 1.0610704e-003
 9.9354971e-004
 9.5143338e-004
 9.4612554e-004
 9.8829193e-004
 1.0745736e-003
 1.1890145e-003
 1.3151747e-003
 1.4366549e-003
 1.5370212e-003
 1.6005776e-003
 1.6256791e-003
 1.6233915e-003
 1.6052384e-003
 1.5827370e-003
 1.5674111e-003
 1.5701615e-003
 1.5897824e-003
 1.6140674e-003
 1.6304163e-003
 1.6262268e-003
 1.5888921e-003
 1.5066563e-003
 1.3843937e-003
 1.2421649e-003
 1.1005583e-003
 9.8016288e-004
 9.0159505e-004
 8.8430435e-004
 9.2494575e-004
 9.9927769e-004
 1.0823092e-003
 1.1490238e-003
 1.1744292e-003
 1.1348495e-003
 1.0332329e-003
 8.9704216e-004
 7.5461337e-004
 6.3432934e-004
 5.6452921e-004
 5.7224109e-004
 6.5747742e-004
 7.9526886e-004
 9.5974817e-004
 1.1249968e-003
 1.2651527e-003
 1.3553420e-003
 1.3916277e-003
 1.3895025e-003
 1.3651982e-003
 1.3349408e-003
 1.3149541e-003
 1.3208328e-003
 1.3551889e-003
 1.4085311e-003
 1.4708998e-003
 1.5323478e-003
 1.5830719e-003
 1.6181254e-003
 1.6384874e-003
 1.6454943e-003
 1.6404833e-003
 1.6247917e-003
 1.5997533e-003
 1.5667048e-003
 1.5269833e-003
 1.4819376e-003
 1.4333562e-003
 1.3835465e-003
 1.3348651e-003
 1.2896522e-003
 1.2502606e-003
 1.2190387e-003
 1.1983366e-003
 1.1904989e-003
 1.1978068e-003
 1.2201765e-003
 1.2546084e-003
 1.2979241e-003
 1.3469398e-003
 1.3984855e-003
 1.4493741e-003
 1.4964357e-003
 1.5364868e-003
 1.5663862e-003
 1.5843143e-003
 1.5900916e-003
 1.5836417e-003
 1.5648850e-003
 1.5337433e-003
 1.4901386e-003
 1.4339932e-003
 1.3652359e-003
 1.2838516e-003
 1.1922322e-003
 1.0957961e-003
 1.0001446e-003
 9.1087882e-004
 8.3360641e-004
 7.7391870e-004
 7.3741336e-004
 7.2969793e-004
 7.5620599e-004
 8.1631000e-004
 9.0175564e-004
 1.0038288e-003
 1.1137829e-003
 1.2229080e-003
 1.3224646e-003
 1.4037227e-003
 1.4579485e-003
 1.4766159e-003
 1.4582654e-003
 1.4103963e-003
 1.3410870e-003
 1.2584158e-003
 1.1704687e-003
 1.0853079e-003
 1.0110250e-003
 9.5568458e-004
 9.2720927e-004
 9.2746143e-004
 9.5059304e-004
 9.9025271e-004
 1.0400958e-003
 1.0937810e-003
 1.1449567e-003
 1.1872754e-003
 1.2143892e-003
 1.2200724e-003
 1.2026607e-003
 1.1663268e-003
 1.1156322e-003
 1.0551378e-003
 9.8940416e-004
 9.2299830e-004
 8.6046872e-004
 8.0638641e-004
 7.6523336e-004
 7.3886255e-004
 7.2570861e-004
 7.2398031e-004
 7.3188625e-004
 7.4763445e-004
 7.6943642e-004
 7.9550024e-004
 8.2403462e-004
 8.5325784e-004
 8.8185788e-004
 9.0911222e-004
 9.3434856e-004
 9.5688686e-004
 9.7605016e-004
 9.9115970e-004
 1.0015410e-003
 1.0065152e-003
 1.0054429e-003
 9.9915219e-004
 9.9039264e-004
 9.8204380e-004
 9.7698497e-004
 9.7809418e-004
 9.8825118e-004
 1.0103356e-003
 1.0472267e-003
 1.1017113e-003
 1.1728423e-003
 1.2547825e-003
 1.3413639e-003
 1.4264018e-003
 1.5037189e-003
 1.5671377e-003
 1.6104778e-003
 1.6291032e-003
 1.6268410e-003
 1.6104336e-003
 1.5866266e-003
 1.5621658e-003
 1.5437991e-003
 1.5370829e-003
 1.5409949e-003
 1.5522372e-003
 1.5675100e-003
 1.5835124e-003
 1.5969428e-003
 1.6050627e-003
 1.6082524e-003
 1.6079779e-003
 1.6057062e-003
 1.6029037e-003
 1.6010373e-003
 1.6013139e-003
 1.6034823e-003
 1.6067815e-003
 1.6104516e-003
 1.6137316e-003
 1.6158604e-003
 1.6162460e-003
 1.6152455e-003
 1.6135492e-003
 1.6118474e-003
 1.6108310e-003
 1.6111901e-003
 1.6134509e-003
 1.6172040e-003
 1.6217106e-003
 1.6262325e-003
 1.6300303e-003
 1.6323657e-003
 1.6326248e-003
 1.6309086e-003
 1.6275708e-003
 1.6229652e-003
 1.6174457e-003
 1.6113672e-003
 1.6051655e-003
 1.5997556e-003
 1.5962215e-003
 1.5956468e-003
 1.5991163e-003
 1.6077140e-003
 1.6218948e-003
 1.6385037e-003
 1.6530898e-003
 1.6612010e-003
 1.6583877e-003
 1.6401975e-003
 1.6037310e-003
 1.5550451e-003
 1.5034260e-003
 1.4581652e-003
 1.4285416e-003
 1.4238476e-003
 1.4507301e-003
 1.5004987e-003
 1.5589183e-003
 1.6117445e-003
 1.6447467e-003
 1.6436791e-003
 1.5979316e-003
 1.5180877e-003
 1.4224305e-003
 1.3292597e-003
 1.2568493e-003
 1.2235004e-003
 1.2433801e-003
 1.3064371e-003
 1.3937873e-003
 1.4865260e-003
 1.5657742e-003
 1.6126265e-003
 1.6119191e-003
 1.5705433e-003
 1.5034640e-003
 1.4256688e-003
 1.3521224e-003
 1.2978119e-003
 1.2749627e-003
 1.2794359e-003
 1.3010731e-003
 1.3297066e-003
 1.3551658e-003
 1.3672875e-003
 1.3581627e-003
 1.3334058e-003
 1.3036204e-003
 1.2794253e-003
 1.2714374e-003
 1.2902715e-003
 1.3436102e-003
 1.4214970e-003
 1.5074465e-003
 1.5849415e-003
 1.6374680e-003
 1.6485256e-003
 1.6055505e-003
 1.5198619e-003
 1.4116644e-003
 1.3012009e-003
 1.2087155e-003
 1.1544268e-003
 1.1548920e-003
 1.2042650e-003
 1.2883153e-003
 1.3927851e-003
 1.5034094e-003
 1.6059539e-003
 1.6872463e-003
 1.7407874e-003
 1.7626063e-003
 1.7487198e-003
 1.6951577e-003
 1.5979341e-003
 1.4559897e-003
 1.2861324e-003
 1.1119545e-003
 9.5701381e-004
 8.4491598e-004
 7.9925178e-004
 8.3843351e-004
 9.4903831e-004
 1.1054951e-003
 1.2822547e-003
 1.4537253e-003
 1.5943174e-003
 1.6823870e-003
 1.7204686e-003
 1.7203761e-003
 1.6939403e-003
 1.6529910e-003
 1.6093637e-003
 1.5736235e-003
 1.5485131e-003
 1.5337609e-003
 1.5290854e-003
 1.5342098e-003
 1.5488534e-003
 1.5721869e-003
 1.5999173e-003
 1.6264146e-003
 1.6460438e-003
 1.6531802e-003
 1.6421876e-003
 1.6088992e-003
 1.5583788e-003
 1.4992821e-003
 1.4402295e-003
 1.3899138e-003
 1.3569545e-003
 1.3486759e-003
 1.3638304e-003
 1.3978540e-003
 1.4461615e-003
 1.5042069e-003
 1.5673742e-003
 1.6306114e-003
 1.6855800e-003
 1.7226819e-003
 1.7323161e-003
 1.7048900e-003
 1.6307766e-003
 1.5040399e-003
 1.3417258e-003
 1.1700466e-003
 1.0152436e-003
 9.0345909e-004
 8.6098339e-004
 9.0819958e-004
 1.0283283e-003
 1.1898484e-003
 1.3612024e-003
 1.5108099e-003
 1.6071814e-003
 1.6245417e-003
 1.5749604e-003
 1.4854723e-003
 1.3831784e-003
 1.2951092e-003
 1.2484044e-003
 1.2648961e-003
 1.3325970e-003
 1.4259744e-003
 1.5194600e-003
 1.5874773e-003
 1.6044829e-003
 1.5500567e-003
 1.4374339e-003
 1.2933718e-003
 1.1446609e-003
 1.0180913e-003
 9.4046176e-004
 9.3402318e-004
 9.9142140e-004
 1.0933585e-003
 1.2204824e-003
 1.3534232e-003
 1.4729038e-003
 1.5619263e-003
 1.6196705e-003
 1.6517398e-003
 1.6637753e-003
 1.6614181e-003
 1.6503119e-003
 1.6357410e-003
 1.6206892e-003
 1.6071794e-003
 1.5972423e-003
 1.5929063e-003
 1.5961993e-003
 1.6084004e-003
 1.6258176e-003
 1.6427173e-003
 1.6533607e-003
 1.6520090e-003
 1.6329284e-003
 1.5918755e-003
 1.5347748e-003
 1.4716571e-003
 1.4126021e-003
 1.3676869e-003
 1.3469642e-003
 1.3586208e-003
 1.3980556e-003
 1.4553528e-003
 1.5206328e-003
 1.5839805e-003
 1.6354820e-003
 1.6666864e-003
 1.6788031e-003
 1.6771021e-003
 1.6668518e-003
 1.6533245e-003
 1.6417921e-003
 1.6368311e-003
 1.6382762e-003
 1.6439871e-003
 1.6518194e-003
 1.6596261e-003
 1.6652599e-003
 1.6668708e-003
 1.6646186e-003
 1.6595086e-003
 1.6525488e-003
 1.6447471e-003
 1.6371117e-003
 1.6306473e-003
 1.6263286e-003
 1.6251237e-003
 1.6279968e-003
 1.6359141e-003
 1.6498382e-003
 1.6700276e-003
 1.6917607e-003
 1.7082436e-003
 1.7126590e-003
 1.6981935e-003
 1.6580339e-003
 1.5872940e-003
 1.4943258e-003
 1.3932398e-003
 1.2980510e-003
 1.2228449e-003
 1.1816900e-003
 1.1861983e-003
 1.2307932e-003
 1.3026050e-003
 1.3886566e-003
 1.4760618e-003
 1.5518768e-003
 1.6047755e-003
 1.6347879e-003
 1.6467618e-003
 1.6455966e-003
 1.6361778e-003
 1.6233942e-003
 1.6117110e-003
 1.6026000e-003
 1.5962364e-003
 1.5927987e-003
 1.5924583e-003
 1.5953904e-003
 1.6016222e-003
 1.6101536e-003
 1.6195269e-003
 1.6282935e-003
 1.6349978e-003
 1.6381863e-003
 1.6367423e-003
 1.6319605e-003
 1.6261813e-003
 1.6217553e-003
 1.6210268e-003
 1.6263446e-003
 1.6393031e-003
 1.6561217e-003
 1.6706453e-003
 1.6767285e-003
 1.6682138e-003
 1.6389466e-003
 1.5843683e-003
 1.5114667e-003
 1.4322416e-003
 1.3588107e-003
 1.3031954e-003
 1.2774736e-003
 1.2916301e-003
 1.3405511e-003
 1.4124429e-003
 1.4955387e-003
 1.5779739e-003
 1.6479841e-003
 1.6950027e-003
 1.7176549e-003
 1.7186471e-003
 1.7006972e-003
 1.6665193e-003
 1.6188341e-003
 1.5603778e-003
 1.4940164e-003
 1.4226870e-003
 1.3492740e-003
 1.2767534e-003
 1.2080099e-003
 1.1460475e-003
 1.0943604e-003
 1.0566323e-003
 1.0365981e-003
 1.0379510e-003
 1.0644050e-003
 1.1182193e-003
 1.1908920e-003
 1.2690643e-003
 1.3394097e-003
 1.3885129e-003
 1.4030393e-003
 1.3724853e-003
 1.3078132e-003
 1.2296831e-003
 1.1588134e-003
 1.1158793e-003
 1.1216140e-003
 1.1924071e-003
 1.3123424e-003
 1.4507929e-003
 1.5771564e-003
 1.6606741e-003
 1.6707290e-003
 1.5824970e-003
 1.4154700e-003
 1.2093522e-003
 1.0039859e-003
 8.3907583e-004
 7.5453857e-004
 7.8358932e-004
 9.1007911e-004
 1.0951279e-003
 1.2998825e-003
 1.4852440e-003
 1.6123590e-003
 1.6474451e-003
 1.5965411e-003
 1.4840122e-003
 1.3343500e-003
 1.1719316e-003
 1.0213305e-003
 9.0452569e-004
 8.2522572e-004
 7.7860884e-004
 7.5978419e-004
 7.6389255e-004
 7.8606204e-004
 8.2147535e-004
 8.6589577e-004
 9.1532111e-004
 9.6574670e-004
 1.0132040e-003
 1.0536641e-003
 1.0836518e-003
 1.1035037e-003
 1.1153615e-003
 1.1213762e-003
 1.1236991e-003
 1.1244823e-003
 1.1259004e-003
 1.1303201e-003
 1.1401975e-003
 1.1579846e-003
 1.1861504e-003
 1.2271296e-003
 1.2827448e-003
 1.3496745e-003
 1.4221899e-003
 1.4945478e-003
 1.5609943e-003
 1.6158192e-003
 1.6539327e-003
 1.6757543e-003
 1.6842491e-003
 1.6824072e-003
 1.6732148e-003
 1.6596665e-003
 1.6446799e-003
 1.6306599e-003
 1.6197620e-003
 1.6141401e-003
 1.6159470e-003
 1.6273400e-003
 1.6495973e-003
 1.6771078e-003
 1.7009453e-003
 1.7121662e-003
 1.7018267e-003
 1.6609938e-003
 1.5828370e-003
 1.4777895e-003
 1.3644347e-003
 1.2614758e-003
 1.1876085e-003
 1.1614903e-003
 1.1984627e-003
 1.2867734e-003
 1.4015879e-003
 1.5179883e-003
 1.6110563e-003
 1.6558713e-003
 1.6313427e-003
 1.5473284e-003
 1.4286470e-003
 1.3002579e-003
 1.1871267e-003
 1.1141505e-003
 1.1030945e-003
 1.1493278e-003
 1.2354167e-003
 1.3438334e-003
 1.4570493e-003
 1.5575207e-003
 1.6294377e-003
 1.6705729e-003
 1.6854779e-003
 1.6787107e-003
 1.6548387e-003
 1.6184316e-003
 1.5741618e-003
 1.5268020e-003
 1.4811923e-003
 1.4421159e-003
 1.4142167e-003
 1.3991768e-003
 1.3961802e-003
 1.4043408e-003
 1.4227715e-003
 1.4502906e-003
 1.4832907e-003
 1.5169628e-003
 1.5464843e-003
 1.5670513e-003
 1.5751909e-003
 1.5735298e-003
 1.5663818e-003
 1.5580655e-003
 1.5528911e-003
 1.5541743e-003
 1.5627336e-003
 1.5790070e-003
 1.6034323e-003
 1.6363364e-003
 1.6724893e-003
 1.6986725e-003
 1.7010090e-003
 1.6656463e-003
 1.5800165e-003
 1.4545346e-003
 1.3192098e-003
 1.2048515e-003
 1.1421102e-003
 1.1573038e-003
 1.2391572e-003
 1.3574429e-003
 1.4817682e-003
 1.5818231e-003
 1.6340225e-003
 1.6461613e-003
 1.6348995e-003
 1.6169113e-003
 1.6088514e-003
 1.6195414e-003
 1.6379532e-003
 1.6499384e-003
 1.6413677e-003
 1.5983689e-003
 1.5211807e-003
 1.4306940e-003
 1.3495613e-003
 1.3003279e-003
 1.3043553e-003
 1.3602285e-003
 1.4466605e-003
 1.5416802e-003
 1.6233820e-003
 1.6720096e-003
 1.6874511e-003
 1.6795975e-003
 1.6584378e-003
 1.6339436e-003
 1.6146271e-003
 1.6020405e-003
 1.5957368e-003
 1.5952645e-003
 1.6001712e-003
 1.6095751e-003
 1.6214973e-003
 1.6337690e-003
 1.6442353e-003
 1.6507600e-003
 1.6526851e-003
 1.6515608e-003
 1.6491186e-003
 1.6470881e-003
 1.6471117e-003
 1.6491517e-003
 1.6516789e-003
 1.6531122e-003
 1.6518710e-003
 1.6465553e-003
 1.6373630e-003
 1.6253311e-003
 1.6115046e-003
 1.5969273e-003
 1.5829626e-003
 1.5724686e-003
 1.5687628e-003
 1.5751529e-003
 1.5949507e-003
 1.6310000e-003
 1.6773936e-003
 1.7202855e-003
 1.7456042e-003
 1.7392453e-003
 1.6871120e-003
 1.5762030e-003
 1.4146178e-003
 1.2293356e-003
 1.0482393e-003
 8.9898508e-004
 8.0936321e-004
 8.0569019e-004
 8.8655052e-004
 1.0253019e-003
 1.1945056e-003
 1.3666410e-003
 1.5142080e-003
 1.6108229e-003
 1.6518991e-003
 1.6527076e-003
 1.6292289e-003
 1.5974402e-003
 1.5733291e-003
 1.5721467e-003
 1.5947253e-003
 1.6287100e-003
 1.6612868e-003
 1.6796022e-003
 1.6708381e-003
 1.6228702e-003
 1.5377506e-003
 1.4304591e-003
 1.3165836e-003
 1.2115783e-003
 1.1309782e-003
 1.0895269e-003
 1.0865442e-003
 1.1071166e-003
 1.1358164e-003
 1.1571852e-003
 1.1557954e-003
 1.1170960e-003
 1.0445787e-003
 9.5837552e-004
 8.7934959e-004
 8.2826108e-004
 8.2593213e-004
 8.9188421e-004
 1.0195688e-003
 1.1781415e-003
 1.3359499e-003
 1.4611491e-003
 1.5220783e-003
 1.4886247e-003
 1.3644788e-003
 1.1849060e-003
 9.8641857e-004
 8.0538850e-004
 6.7841390e-004
 6.4027862e-004
 6.9279619e-004
 8.0667058e-004
 9.5150020e-004
 1.0967151e-003
 1.2119220e-003
 1.2678702e-003
 1.2612673e-003
 1.2132771e-003
 1.1460303e-003
 1.0816078e-003
 1.0421689e-003
 1.0487826e-003
 1.1012498e-003
 1.1791670e-003
 1.2613960e-003
 1.3267008e-003
 1.3539396e-003
 1.3230307e-003
 1.2373796e-003
 1.1227282e-003
 1.0057249e-003
 9.1293926e-004
 8.7105978e-004
 9.0534898e-004
 1.0129540e-003
 1.1640653e-003
 1.3279129e-003
 1.4735304e-003
 1.5701463e-003
 1.5881119e-003
 1.5242444e-003
 1.4007298e-003
 1.2408064e-003
 1.0675914e-003
 9.0441119e-004
 7.7382615e-004
 6.8654236e-004
 6.4168818e-004
 6.3792296e-004
 6.7389588e-004
 7.4829569e-004
 8.5946836e-004
 1.0002084e-003
 1.1577706e-003
 1.3191731e-003
 1.4715486e-003
 1.6018376e-003
 1.6975905e-003
 1.7555765e-003
 1.7816591e-003
 1.7820761e-003
 1.7630704e-003
 1.7308652e-003
 1.6917201e-003
 1.6518536e-003
 1.6164321e-003
 1.5864236e-003
 1.5617528e-003
 1.5423780e-003
 1.5282275e-003
 1.5192450e-003
 1.5153708e-003
 1.5165450e-003
 1.5227062e-003
 1.5336183e-003
 1.5483239e-003
 1.5657056e-003
 1.5846372e-003
 1.6039943e-003
 1.6226529e-003
 1.6394862e-003
 1.6533784e-003
 1.6631953e-003
 1.6681973e-003
 1.6691288e-003
 1.6671064e-003
 1.6632446e-003
 1.6586615e-003
 1.6544709e-003
 1.6517900e-003
 1.6517341e-003
 1.6554197e-003
 1.6634434e-003
 1.6743491e-003
 1.6861539e-003
 1.6968892e-003
 1.7045775e-003
 1.7072441e-003
 1.7029132e-003
 1.6896133e-003
 1.6653648e-003
 1.6288302e-003
 1.5812259e-003
 1.5244090e-003
 1.4602490e-003
 1.3905672e-003
 1.3172701e-003
 1.2421764e-003
 1.1671566e-003
 1.0940807e-003
 1.0247990e-003
 9.6137659e-004
 9.0581679e-004
 8.6020713e-004
 8.2656846e-004
 8.0695807e-004
 8.0342317e-004
 8.1801479e-004
 8.5277029e-004
 9.0864027e-004
 9.8203029e-004
 1.0681951e-003
 1.1623903e-003
 1.2598539e-003
 1.3558934e-003
 1.4456965e-003
 1.5245689e-003
 1.5877490e-003
 1.6315570e-003
 1.6567369e-003
 1.6651261e-003
 1.6585886e-003
 1.6389774e-003
 1.6081482e-003
 1.5679564e-003
 1.5202668e-003
 1.4669077e-003
 1.4099920e-003
 1.3524762e-003
 1.2975910e-003
 1.2485660e-003
 1.2085984e-003
 1.1809373e-003
 1.1687858e-003
 1.1753710e-003
 1.2039146e-003
 1.2559063e-003
 1.3255958e-003
 1.4054028e-003
 1.4876507e-003
 1.5647623e-003
 1.6291018e-003
 1.6730478e-003
 1.6889789e-003
 1.6692812e-003
 1.6105192e-003
 1.5269893e-003
 1.4375490e-003
 1.3611093e-003
 1.3165720e-003
 1.3215395e-003
 1.3730050e-003
 1.4513446e-003
 1.5364367e-003
 1.6081658e-003
 1.6464159e-003
 1.6323414e-003
 1.5675024e-003
 1.4700874e-003
 1.3586547e-003
 1.2519031e-003
 1.1684076e-003
 1.1256685e-003
 1.1231769e-003
 1.1456887e-003
 1.1775253e-003
 1.2030335e-003
 1.2065512e-003
 1.1733290e-003
 1.1036362e-003
 1.0101179e-003
 9.0566912e-004
 8.0332026e-004
 7.1598758e-004
 6.5598742e-004
 6.2544469e-004
 6.1799446e-004
 6.2705186e-004
 6.4602250e-004
 6.6832633e-004
 6.8768702e-004
 7.0334569e-004
 7.1904552e-004
 7.3868898e-004
 7.6615164e-004
 8.0532790e-004
 8.5970853e-004
 9.2568056e-004
 9.9387509e-004
 1.0546558e-003
 1.0984618e-003
 1.1157091e-003
 1.0975088e-003
 1.0469868e-003
 9.7731431e-004
 9.0188725e-004
 8.3419908e-004
 7.8765862e-004
 7.7500968e-004
 7.9719425e-004
 8.4528112e-004
 9.0998865e-004
 9.8211190e-004
 1.0523526e-003
 1.1118831e-003
 1.1585719e-003
 1.1958713e-003
 1.2274696e-003
 1.2570048e-003
 1.2881482e-003
 1.3243845e-003
 1.3659096e-003
 1.4102339e-003
 1.4547218e-003
 1.4967999e-003
 1.5338339e-003
 1.5633428e-003
 1.5846799e-003
 1.5987409e-003
 1.6064961e-003
 1.6089000e-003
 1.6069160e-003
 1.6014363e-003
 1.5922220e-003
 1.5780559e-003
 1.5577071e-003
 1.5299190e-003
 1.4934709e-003
 1.4473664e-003
 1.3950685e-003
 1.3439162e-003
 1.3013019e-003
 1.2746810e-003
 1.2714631e-003
 1.2985424e-003
 1.3533504e-003
 1.4252427e-003
 1.5032302e-003
 1.5764252e-003
 1.6338375e-003
 1.6651269e-003
 1.6700425e-003
 1.6570570e-003
 1.6349263e-003
 1.6124279e-003
 1.5983114e-003
 1.6007578e-003
 1.6173131e-003
 1.6363481e-003
 1.6459071e-003
 1.6340489e-003
 1.5888400e-003
 1.4993220e-003
 1.3722278e-003
 1.2298680e-003
 1.0948851e-003
 9.9010917e-004
 9.3820953e-004
 9.6061372e-004
 1.0541785e-003
 1.1944515e-003
 1.3560976e-003
 1.5139859e-003
 1.6427689e-003
 1.7184183e-003
 1.7378206e-003
 1.7162656e-003
 1.6696746e-003
 1.6140108e-003
 1.5651705e-003
 1.5384768e-003
 1.5373189e-003
 1.5546526e-003
 1.5830518e-003
 1.6151203e-003
 1.6434219e-003
 1.6607584e-003
 1.6635958e-003
 1.6516920e-003
 1.6248965e-003
 1.5830904e-003
 1.5261057e-003
 1.4539895e-003
 1.3694494e-003
 1.2775935e-003
 1.1837152e-003
 1.0929772e-003
 1.0106715e-003
 9.4180403e-004
 8.8835898e-004
 8.4945117e-004
 8.2411763e-004
 8.1142038e-004
 8.1039354e-004
 8.2008151e-004
 8.3952583e-004
 8.6765434e-004
 9.0291066e-004
 9.4368332e-004
 9.8830694e-004
 1.0351769e-003
 1.0826236e-003
 1.1290278e-003
 1.1727691e-003
 1.2121802e-003
 1.2458056e-003
 1.2726844e-003
 1.2920203e-003
 1.3029836e-003
 1.3047680e-003
 1.2965533e-003
 1.2775299e-003
 1.2468685e-003
 1.2037758e-003
 1.1484342e-003
 1.0846248e-003
 1.0170091e-003
 9.5015747e-004
 8.8873383e-004
 8.3731272e-004
 8.0054713e-004
 7.8303169e-004
 7.8938820e-004
 8.2228531e-004
 8.7738893e-004
 9.4871502e-004
 1.0303367e-003
 1.1163418e-003
 1.2007243e-003
 1.2775969e-003
 1.3409603e-003
 1.3849121e-003
 1.4055008e-003
 1.4062015e-003
 1.3921404e-003
 1.3684626e-003
 1.3402879e-003
 1.3127719e-003
 1.2910379e-003
 1.2802184e-003
 1.2854554e-003
 1.3100870e-003
 1.3508095e-003
 1.4028436e-003
 1.4613479e-003
 1.5215349e-003
 1.5786205e-003
 1.6277585e-003
 1.6641766e-003
 1.6830434e-003
 1.6810357e-003
 1.6602565e-003
 1.6240666e-003
 1.5758048e-003
 1.5188644e-003
 1.4565653e-003
 1.3923108e-003
 1.3294374e-003
 1.2712830e-003
 1.2205583e-003
 1.1773234e-003
 1.1411062e-003
 1.1113781e-003
 1.0876571e-003
 1.0694289e-003
 1.0561869e-003
 1.0474377e-003
 1.0426717e-003
 1.0412682e-003
 1.0421425e-003
 1.0441064e-003
 1.0459690e-003
 1.0465411e-003
 1.0446334e-003
 1.0390541e-003
 1.0286178e-003
 1.0121340e-003
 9.8893780e-004
 9.6041267e-004
 9.2838379e-004
 8.9471915e-004
 8.6124049e-004
 8.2981680e-004
 8.0228026e-004
 7.8046881e-004
 7.6624309e-004
 7.6143880e-004
 7.6783088e-004
 7.8561937e-004
 8.1351469e-004
 8.5013465e-004
 8.9414243e-004
 9.4414444e-004
 9.9881331e-004
 1.0567479e-003
 1.1166050e-003
 1.1770444e-003
 1.2366605e-003
 1.2941330e-003
 1.3480888e-003
 1.3978692e-003
 1.4434424e-003
 1.4847537e-003
 1.5218108e-003
 1.5545656e-003
 1.5830194e-003
 1.6071304e-003
 1.6268875e-003
 1.6422737e-003
 1.6532562e-003
 1.6598210e-003
 1.6619604e-003
 1.6600901e-003
 1.6550260e-003
 1.6476074e-003
 1.6386650e-003
 1.6290407e-003
 1.6195633e-003
 1.6110754e-003
 1.6044086e-003
 1.6003973e-003
 1.5998802e-003
 1.6036924e-003
 1.6126178e-003
 1.6263422e-003
 1.6434446e-003
 1.6624727e-003
 1.6819767e-003
 1.7004855e-003
 1.7165546e-003
 1.7287154e-003
 1.7355173e-003
 1.7355024e-003
 1.7272137e-003
 1.7091875e-003
 1.6800441e-003
 1.6398438e-003
 1.5901609e-003
 1.5325922e-003
 1.4687219e-003
 1.4002050e-003
 1.3286022e-003
 1.2555738e-003
 1.1467792e-003
 9.5192227e-004
 8.2265359e-004
 7.7455159e-004
 7.9651334e-004
 8.7627053e-004
 1.0015321e-003
 1.1597332e-003
 1.3315040e-003
 1.4906450e-003
 1.6107415e-003
 1.6653158e-003
 1.6294268e-003
 1.5117453e-003
 1.3540625e-003
 1.1996349e-003
 1.0916514e-003
 1.0716449e-003
 1.1431209e-003
 1.2723237e-003
 1.4239771e-003
 1.5627445e-003
 1.6533458e-003
 1.6708941e-003
 1.6309066e-003
 1.5586973e-003
 1.4796035e-003
 1.4189301e-003
 1.4020115e-003
 1.4454752e-003
 1.5324980e-003
 1.6382406e-003
 1.7378215e-003
 1.8064040e-003
 1.8191156e-003
 1.7511135e-003
 1.5870520e-003
 1.3479887e-003
 1.0635460e-003
 7.6346594e-004
 4.7735620e-004
 2.3495931e-004
 6.5896704e-005
-1.1672546e-007
 5.6578167e-005
 2.1793260e-004
 4.5706081e-004
 7.4698578e-004
 1.0608523e-003
 1.3716659e-003
 1.6525455e-003
 1.8765965e-003
 2.0239335e-003
 2.1011895e-003
 2.1211011e-003
 2.0964302e-003
 2.0399375e-003
 1.9643670e-003
 1.8824915e-003
 1.8070487e-003
 1.7481633e-003
 1.7061639e-003
 1.6791523e-003
 1.6652150e-003
 1.6624446e-003
 1.6689335e-003
 1.6827753e-003
 1.7020586e-003
 1.7248801e-003
 1.7493259e-003
 1.7734941e-003
 1.7954706e-003
 1.8137406e-003
 1.8281861e-003
 1.8390156e-003
 1.8464318e-003
 1.8506414e-003
 1.8518493e-003
 1.8502604e-003
 1.8460799e-003
 1.8395137e-003
 1.8307653e-003
 1.8200423e-003
 1.8075469e-003
 1.7935585e-003
 1.7786010e-003
 1.7632620e-003
 1.7481217e-003
 1.7337679e-003
 1.7207809e-003
 1.7097476e-003
 1.7012494e-003
 1.6958724e-003
 1.6941988e-003
 1.6968133e-003
 1.7039892e-003
 1.7149135e-003
 1.7285299e-003
 1.7437878e-003
 1.7596296e-003
 1.7750055e-003
 1.7888577e-003
 1.8001362e-003
 1.8077842e-003
 1.8107500e-003
 1.8083388e-003
 1.8011072e-003
 1.7898788e-003
 1.7754819e-003
 1.7587388e-003
 1.7404789e-003
 1.7215239e-003
 1.7027037e-003
 1.6848397e-003
 1.6687615e-003
 1.6549876e-003
 1.6430058e-003
 1.6320766e-003
 1.6214657e-003
 1.6104333e-003
 1.5982458e-003
 1.5841649e-003
 1.5674516e-003
 1.5473731e-003
 1.5231881e-003
 1.4948032e-003
 1.4642662e-003
 1.4340909e-003
 1.4067774e-003
 1.3848395e-003
 1.3707790e-003
 1.3671062e-003
 1.3763277e-003
 1.4009478e-003
 1.4418816e-003
 1.4947474e-003
 1.5540412e-003
 1.6142847e-003
 1.6699715e-003
 1.7156231e-003
 1.7457362e-003
 1.7548264e-003
 1.7396376e-003
 1.7042861e-003
 1.6544163e-003
 1.5956532e-003
 1.5336467e-003
 1.4740193e-003
 1.4224206e-003
 1.3844785e-003
 1.3641940e-003
 1.3602484e-003
 1.3702341e-003
 1.3917426e-003
 1.4223718e-003
 1.4597087e-003
 1.5013550e-003
 1.5448943e-003
 1.5874965e-003
 1.6249130e-003
 1.6526321e-003
 1.6661274e-003
 1.6608816e-003
 1.6323759e-003
 1.5760930e-003
 1.4913491e-003
 1.3897767e-003
 1.2854147e-003
 1.1923483e-003
 1.1246182e-003
 1.0962990e-003
 1.1158892e-003
 1.1742905e-003
 1.2589456e-003
 1.3572640e-003
 1.4566982e-003
 1.5446555e-003
 1.6120992e-003
 1.6610366e-003
 1.6956249e-003
 1.7200415e-003
 1.7384493e-003
 1.7550214e-003
 1.7725950e-003
 1.7898779e-003
 1.8047672e-003
 1.8151668e-003
 1.8189751e-003
 1.8140941e-003
 1.7993989e-003
 1.7767672e-003
 1.7486654e-003
 1.7175511e-003
 1.6858813e-003
 1.6561232e-003
 1.6301884e-003
 1.6083358e-003
 1.5904956e-003
 1.5766072e-003
 1.5666027e-003
 1.5604189e-003
 1.5570950e-003
 1.5529485e-003
 1.5437790e-003
 1.5253925e-003
 1.4935901e-003
 1.4441758e-003
 1.3755449e-003
 1.2938943e-003
 1.2069506e-003
 1.1223836e-003
 1.0478796e-003
 9.9111372e-004
 9.5804560e-004
 9.4934041e-004
 9.6470094e-004
 1.0038302e-003
 1.0664491e-003
 1.1522274e-003
 1.2571790e-003
 1.3663212e-003
 1.4626420e-003
 1.5291402e-003
 1.5487686e-003
 1.5064270e-003
 1.4149919e-003
 1.3087151e-003
 1.2224717e-003
 1.1910545e-003
 1.2463711e-003
 1.3776763e-003
 1.5416810e-003
 1.6943819e-003
 1.7917515e-003
 1.7927284e-003
 1.6993575e-003
 1.5463437e-003
 1.3691321e-003
 1.2031788e-003
 1.0823146e-003
 1.0173284e-003
 1.0015575e-003
 1.0279549e-003
 1.0894908e-003
 1.1789652e-003
 1.2874809e-003
 1.4048335e-003
 1.5208144e-003
 1.6251303e-003
 1.7080216e-003
 1.7660301e-003
 1.8003903e-003
 1.8124480e-003
 1.8035427e-003
 1.7754134e-003
 1.7352308e-003
 1.6941642e-003
 1.6635073e-003
 1.6545218e-003
 1.6770691e-003
 1.7214206e-003
 1.7634495e-003
 1.7787350e-003
 1.7428468e-003
 1.6340317e-003
 1.4673851e-003
 1.2849986e-003
 1.1294495e-003
 1.0433490e-003
 1.0657018e-003
 1.1859266e-003
 1.3575864e-003
 1.5334547e-003
 1.6663274e-003
 1.7120058e-003
 1.6683853e-003
 1.5635217e-003
 1.4261344e-003
 1.2849108e-003
 1.1673234e-003
 1.0830164e-003
 1.0289981e-003
 1.0019983e-003
 9.9876325e-004
 1.0156885e-003
 1.0448104e-003
 1.0750657e-003
 1.0953022e-003
 1.0943915e-003
 1.0626102e-003
 1.0088518e-003
 9.5521659e-004
 9.2404115e-004
 9.3767216e-004
 1.0163670e-003
 1.1530778e-003
 1.3214468e-003
 1.4948155e-003
 1.6464979e-003
 1.7510976e-003
 1.7996290e-003
 1.7946914e-003
 1.7390874e-003
 1.6355889e-003
 1.4879085e-003
 1.3107384e-003
 1.1264512e-003
 9.5757446e-004
 8.2661002e-004
 7.5476925e-004
 7.4554031e-004
 7.9030293e-004
 8.8022288e-004
 1.0063947e-003
 1.1592364e-003
 1.3198287e-003
 1.4628950e-003
 1.5629316e-003
 1.5945449e-003
 1.5351602e-003
 1.3979796e-003
 1.2205271e-003
 1.0409317e-003
 8.9719048e-004
 8.2454400e-004
 8.2350726e-004
 8.7107101e-004
 9.4377849e-004
 1.0181799e-003
 1.0722035e-003
 1.1005941e-003
 1.1094756e-003
 1.1051679e-003
 1.0939871e-003
 1.0820311e-003
 1.0726070e-003
 1.0671632e-003
 1.0671156e-003
 1.0738811e-003
 1.0886175e-003
 1.1094097e-003
 1.1322972e-003
 1.1532869e-003
 1.1683706e-003
 1.1742789e-003
 1.1764029e-003
 1.1858632e-003
 1.2138747e-003
 1.2716558e-003
 1.3684533e-003
 1.4900516e-003
 1.6068581e-003
 1.6889244e-003
 1.7063938e-003
 1.6330300e-003
 1.4856565e-003
 1.3093395e-003
 1.1495212e-003
 1.0516718e-003
 1.0566694e-003
 1.1514358e-003
 1.2879118e-003
 1.4174603e-003
 1.4914447e-003
 1.4661094e-003
 1.3546433e-003
 1.2069064e-003
 1.0733608e-003
 1.0044638e-003
 1.0455903e-003
 1.1830127e-003
 1.3652246e-003
 1.5401384e-003
 1.6555364e-003
 1.6643547e-003
 1.5767568e-003
 1.4393741e-003
 1.2993935e-003
 1.2041086e-003
 1.1966827e-003
 1.2747899e-003
 1.4073295e-003
 1.5626396e-003
 1.7091547e-003
 1.8170696e-003
 1.8766711e-003
 1.8908419e-003
 1.8627094e-003
 1.7953806e-003
 1.6927067e-003
 1.5672207e-003
 1.4367609e-003
 1.3192681e-003
 1.2326834e-003
 1.1931044e-003
 1.1963191e-003
 1.2254486e-003
 1.2634409e-003
 1.2932481e-003
 1.2989761e-003
 1.2776364e-003
 1.2341827e-003
 1.1736697e-003
 1.1011983e-003
 1.0222567e-003
 9.4702042e-004
 8.8853232e-004
 8.5987529e-004
 8.7415008e-004
 9.4208302e-004
 1.0490986e-003
 1.1652113e-003
 1.2601278e-003
 1.3036438e-003
 1.2689534e-003
 1.1658589e-003
 1.0264571e-003
 8.8308199e-004
 7.6808612e-004
 7.1135804e-004
 7.1665912e-004
 7.7199232e-004
 8.6514361e-004
 9.8390458e-004
 1.1158480e-003
 1.2458147e-003
 1.3571639e-003
 1.4332036e-003
 1.4572400e-003
 1.4151991e-003
 1.3205067e-003
 1.2029164e-003
 1.0923747e-003
 1.0189102e-003
 1.0091221e-003
 1.0550447e-003
 1.1282618e-003
 1.2001061e-003
 1.2418552e-003
 1.2278926e-003
 1.1638731e-003
 1.0738142e-003
 9.8203809e-004
 9.1280037e-004
 8.8808185e-004
 9.0649864e-004
 9.5299754e-004
 1.0123661e-003
 1.0693918e-003
 1.1103189e-003
 1.1361199e-003
 1.1562980e-003
 1.1804791e-003
 1.2182815e-003
 1.2778419e-003
 1.3522147e-003
 1.4258249e-003
 1.4829818e-003
 1.5079953e-003
 1.4873547e-003
 1.4294037e-003
 1.3549824e-003
 1.2850788e-003
 1.2406758e-003
 1.2403036e-003
 1.2779580e-003
 1.3336994e-003
 1.3874376e-003
 1.4190415e-003
 1.4107570e-003
 1.3676564e-003
 1.3077249e-003
 1.2491415e-003
 1.2100402e-003
 1.2066230e-003
 1.2362067e-003
 1.2854479e-003
 1.3409051e-003
 1.3891333e-003
 1.4176080e-003
 1.4226820e-003
 1.4056732e-003
 1.3679594e-003
 1.3109151e-003
 1.2365126e-003
 1.1526883e-003
 1.0706097e-003
 1.0014939e-003
 9.5655239e-004
 9.4588147e-004
 9.6867880e-004
 1.0181606e-003
 1.0874794e-003
 1.1698090e-003
 1.2579910e-003
 1.3423753e-003
 1.4118949e-003
 1.4554744e-003
 1.4620096e-003
 1.4224304e-003
 1.3463147e-003
 1.2533939e-003
 1.1635731e-003
 1.0966876e-003
 1.0702326e-003
 1.0798211e-003
 1.1092206e-003
 1.1420549e-003
 1.1619716e-003
 1.1545351e-003
 1.1229781e-003
 1.0800782e-003
 1.0386828e-003
 1.0116439e-003
 1.0098557e-003
 1.0263197e-003
 1.0444637e-003
 1.0476292e-003
 1.0191452e-003
 9.4530097e-004
 8.3894836e-004
 7.2706619e-004
 6.3676358e-004
 5.9514761e-004
 6.2555471e-004
 7.1717578e-004
 8.4120623e-004
 9.6870674e-004
 1.0706431e-003
 1.1209999e-003
 1.1197593e-003
 1.0805543e-003
 1.0171726e-003
 9.4337540e-004
 8.7252248e-004
 8.1437500e-004
 7.7681185e-004
 7.6772063e-004
 7.9495757e-004
 8.6397794e-004
 9.5908192e-004
 1.0535156e-003
 1.1205031e-003
 1.1332482e-003
 1.0698484e-003
 9.5129560e-004
 8.2060666e-004
 7.2098640e-004
 6.9563929e-004
 7.8074157e-004
 9.5133885e-004
 1.1512769e-003
 1.3241419e-003
 1.4135275e-003
 1.3715654e-003
 1.2241926e-003
 1.0348012e-003
 8.6704665e-004
 7.8470929e-004
 8.4297970e-004
 1.0251683e-003
 1.2782390e-003
 1.5489354e-003
 1.7838011e-003
 1.9342820e-003
 1.9914480e-003
 1.9662865e-003
 1.8699637e-003
 1.7136359e-003
 1.5103304e-003
 1.2887407e-003
 1.0855698e-003
 9.3741342e-004
 8.8091957e-004
 9.4651588e-004
 1.1125391e-003
 1.3315564e-003
 1.5559494e-003
 1.7381000e-003
 1.8360537e-003
 1.8544961e-003
 1.8212104e-003
 1.7641074e-003
 1.7110872e-003
 1.6869871e-003
 1.6911636e-003
 1.7105333e-003
 1.7319315e-003
 1.7421761e-003
 1.7300354e-003
 1.6999777e-003
 1.6641142e-003
 1.6346022e-003
 1.6236206e-003
 1.6412436e-003
 1.6807646e-003
 1.7273690e-003
 1.7661537e-003
 1.7822508e-003
 1.7628507e-003
 1.7117007e-003
 1.6405535e-003
 1.5611767e-003
 1.4853473e-003
 1.4237151e-003
 1.3779593e-003
 1.3455105e-003
 1.3237386e-003
 1.3100259e-003
 1.3023688e-003
 1.3036161e-003
 1.3189111e-003
 1.3534129e-003
 1.4122984e-003
 1.4986972e-003
 1.6000924e-003
 1.6965647e-003
 1.7681643e-003
 1.7948907e-003
 1.7603402e-003
 1.6755941e-003
 1.5646146e-003
 1.4514111e-003
 1.3600776e-003
 1.3114102e-003
 1.3014439e-003
 1.3146834e-003
 1.3355557e-003
 1.3484979e-003
 1.3406173e-003
 1.3194790e-003
 1.3021289e-003
 1.3056465e-003
 1.3471156e-003
 1.4391574e-003
 1.5604818e-003
 1.6741093e-003
 1.7430696e-003
 1.7303663e-003
 1.6065885e-003
 1.4000235e-003
 1.1651678e-003
 9.5666712e-004
 8.2915154e-004
 8.2921179e-004
 9.4246003e-004
 1.1269541e-003
 1.3406143e-003
 1.5414044e-003
 1.6915231e-003
 1.7859088e-003
 1.8341279e-003
 1.8458179e-003
 1.8306130e-003
 1.7981320e-003
 1.7577978e-003
 1.7189401e-003
 1.6909166e-003
 1.6830551e-003
 1.7025516e-003
 1.7409205e-003
 1.7826631e-003
 1.8122784e-003
 1.8142578e-003
 1.7755837e-003
 1.7013383e-003
 1.6046736e-003
 1.4987242e-003
 1.3966396e-003
 1.3109376e-003
 1.2497645e-003
 1.2192552e-003
 1.2255597e-003
 1.2748446e-003
 1.3706506e-003
 1.4980048e-003
 1.6338388e-003
 1.7550495e-003
 1.8385483e-003
 1.8644726e-003
 1.8363992e-003
 1.7680108e-003
 1.6730068e-003
 1.5651589e-003
 1.4575416e-003
 1.3588003e-003
 1.2756480e-003
 1.2148471e-003
 1.1830984e-003
 1.1854663e-003
 1.2153876e-003
 1.2613344e-003
 1.3117236e-003
 1.3550060e-003
 1.3815678e-003
 1.3953409e-003
 1.4060100e-003
 1.4232903e-003
 1.4568925e-003
 1.5145278e-003
 1.5899276e-003
 1.6709742e-003
 1.7455190e-003
 1.8014128e-003
 1.8287444e-003
 1.8329229e-003
 1.8258168e-003
 1.8193075e-003
 1.8252793e-003
 1.8526167e-003
 1.8897975e-003
 1.9167928e-003
 1.9135389e-003
 1.8599767e-003
 1.7414294e-003
 1.5795807e-003
 1.4111388e-003
 1.2729864e-003
 1.2018776e-003
 1.2277573e-003
 1.3345800e-003
 1.4874096e-003
 1.6511325e-003
 1.7907474e-003
 1.8761463e-003
 1.9100608e-003
 1.9086344e-003
 1.8880783e-003
 1.8645891e-003
 1.8517924e-003
 1.8463074e-003
 1.8378327e-003
 1.8160514e-003
 1.7706470e-003
 1.6914509e-003
 1.5783905e-003
 1.4467286e-003
 1.3130460e-003
 1.1938980e-003
 1.1059257e-003
 1.0654720e-003
 1.0770905e-003
 1.1273543e-003
 1.2012842e-003
 1.2839355e-003
 1.3603559e-003
 1.4157377e-003
 1.4433888e-003
 1.4488653e-003
 1.4387649e-003
 1.4196750e-003
 1.3981784e-003
 1.3808269e-003
 1.3715342e-003
 1.3702895e-003
 1.3767608e-003
 1.3906108e-003
 1.4115057e-003
 1.4390720e-003
 1.4708247e-003
 1.5010994e-003
 1.5239978e-003
 1.5336142e-003
 1.5240439e-003
 1.4894641e-003
 1.4291069e-003
 1.3496113e-003
 1.2582196e-003
 1.1621510e-003
 1.0686952e-003
 9.8507165e-004
 9.1782701e-004
 8.6916273e-004
 8.3964609e-004
 8.2980364e-004
 8.4017584e-004
 8.7130291e-004
 9.2374050e-004
 9.9708186e-004
 1.0852675e-003
 1.1800622e-003
 1.2732474e-003
 1.3565378e-003
 1.4217158e-003
 1.4605427e-003
 1.4665851e-003
 1.4444645e-003
 1.4029804e-003
 1.3509343e-003
 1.2971279e-003
 1.2503534e-003
 1.2194368e-003
 1.2117535e-003
 1.2261431e-003
 1.2582572e-003
 1.3037164e-003
 1.3581628e-003
 1.4172333e-003
 1.4765783e-003
 1.5319001e-003
 1.5795118e-003
 1.6159215e-003
 1.6376419e-003
 1.6411708e-003
 1.6230241e-003
 1.5797110e-003
 1.5091716e-003
 1.4178051e-003
 1.3151943e-003
 1.2108618e-003
 1.1143496e-003
 1.0351833e-003
 9.8294497e-004
 9.6527673e-004
 9.7882026e-004
 1.0162212e-003
 1.0700892e-003
 1.1330588e-003
 1.1977588e-003
 1.2568182e-003
 1.3039663e-003
 1.3392449e-003
 1.3650155e-003
 1.3836306e-003
 1.3974446e-003
 1.4088042e-003
 1.4200646e-003
 1.4330426e-003
 1.4464755e-003
 1.4579910e-003
 1.4652247e-003
 1.4658095e-003
 1.4573785e-003
 1.4375576e-003
 1.4047837e-003
 1.3620061e-003
 1.3137773e-003
 1.2646405e-003
 1.2191746e-003
 1.1819224e-003
 1.1574381e-003
 1.1494958e-003
 1.1574664e-003
 1.1791704e-003
 1.2124300e-003
 1.2550787e-003
 1.3049184e-003
 1.3597808e-003
 1.4176221e-003
 1.4771480e-003
 1.5373385e-003
 1.5971299e-003
 1.6555027e-003
 1.7114222e-003
 1.7638662e-003
 1.8114951e-003
 1.8514600e-003
 1.8803668e-003
 1.8948230e-003
 1.8914267e-003
 1.8667887e-003
 1.8175149e-003
 1.7416257e-003
 1.6448667e-003
 1.5356969e-003
 1.4225077e-003
 1.3137126e-003
 1.2177035e-003
 1.1429407e-003
 1.0963485e-003
 1.0769365e-003
 1.0810393e-003
 1.1049842e-003
 1.1450986e-003
 1.1977119e-003
 1.2591537e-003
 1.3257931e-003
 1.3948526e-003
 1.4647677e-003
 1.5340346e-003
 1.6011655e-003
 1.6646250e-003
 1.7229260e-003
 1.7745650e-003
 1.8180618e-003
 1.8524249e-003
 1.8773586e-003
 1.8925993e-003
 1.8978827e-003
 1.8929426e-003
 1.8775177e-003
 1.8513438e-003
 1.8142083e-003
 1.7677735e-003
 1.7161244e-003
 1.6634661e-003
 1.6140145e-003
 1.5719762e-003
 1.5415875e-003
 1.5270528e-003
 1.5324794e-003
 1.5580759e-003
 1.5991336e-003
 1.6506501e-003
 1.7076192e-003
 1.7650351e-003
 1.8179032e-003
 1.8611912e-003
 1.8900074e-003
 1.9029920e-003
 1.9031878e-003
 1.8939138e-003
 1.8784896e-003
 1.8602335e-003
 1.8424602e-003
 1.8284972e-003
 1.8215892e-003
 1.8226070e-003
 1.8294964e-003
 1.8400259e-003
 1.8519560e-003
 1.8630552e-003
 1.8710891e-003
 1.8738235e-003
 1.8690798e-003
 1.8566151e-003
 1.8385375e-003
 1.8170923e-003
 1.7945403e-003
 1.7731275e-003
 1.7551042e-003
 1.7427210e-003
 1.7381741e-003
 1.7418625e-003
 1.7520109e-003
 1.7667165e-003
 1.7840810e-003
 1.8021935e-003
 1.8191548e-003
 1.8330627e-003
 1.8420590e-003
 1.8456760e-003
 1.8451221e-003
 1.8417001e-003
 1.8367113e-003
 1.8314620e-003
 1.8272540e-003
 1.8253898e-003
 1.8271366e-003
 1.8326050e-003
 1.8405317e-003
 1.8495781e-003
 1.8584044e-003
 1.8656728e-003
 1.8700395e-003
 1.8701671e-003
 1.8647573e-003
 1.8537940e-003
 1.8387773e-003
 1.8212852e-003
 1.8028977e-003
 1.7851950e-003
 1.7697538e-003
 1.7581619e-003
 1.7519600e-003
 1.7516174e-003
 1.7563569e-003
 1.7653264e-003
 1.7776779e-003
 1.7925623e-003
 1.8091341e-003
 1.8265368e-003
 1.8439195e-003
 1.8602620e-003
 1.8743549e-003
 1.8849802e-003
 1.8909118e-003
 1.8909331e-003
 1.8838233e-003
 1.8683578e-003
 1.8433966e-003
 1.8099439e-003
 1.7714588e-003
 1.7315245e-003
 1.6937526e-003
 1.6617265e-003
 1.6390381e-003
 1.6292791e-003
 1.6359017e-003
 1.6581395e-003
 1.6904844e-003
 1.7271749e-003
 1.7624566e-003
 1.7905502e-003
 1.8057029e-003
 1.8021525e-003
 1.7743108e-003
 1.7217973e-003
 1.6500058e-003
 1.5646396e-003
 1.4713783e-003
 1.3759702e-003
 1.2840966e-003
 1.2014604e-003
 1.1337640e-003
 1.0865440e-003
 1.0610006e-003
 1.0534717e-003
 1.0600601e-003
 1.0768735e-003
 1.1000062e-003
 1.1255638e-003
 1.1496490e-003
 1.1683685e-003
 1.1778153e-003
 1.1742315e-003
 1.1574852e-003
 1.1314062e-003
 1.1000177e-003
 1.0673659e-003
 1.0374747e-003
 1.0143747e-003
 1.0020955e-003
 1.0046742e-003
 1.0261375e-003
 1.0703532e-003
 1.1369055e-003
 1.2206880e-003
 1.3164099e-003
 1.4187676e-003
 1.5224568e-003
 1.6221961e-003
 1.7126335e-003
 1.7884892e-003
 1.8444591e-003
 1.8754132e-003
 1.8805902e-003
 1.8639301e-003
 1.8295897e-003
 1.7817125e-003
 1.7244787e-003
 1.6620347e-003
 1.5985373e-003
 1.5381292e-003
 1.4849962e-003
 1.4431804e-003
 1.4142158e-003
 1.3969808e-003
 1.3902275e-003
 1.3927108e-003
 1.4031802e-003
 1.4203878e-003
 1.4430921e-003
 1.4700340e-003
 1.4999704e-003
 1.5316699e-003
 1.5643046e-003
 1.5974350e-003
 1.6306652e-003
 1.6635904e-003
 1.6958066e-003
 1.7269168e-003
 1.7565017e-003
 1.7841648e-003
 1.8095014e-003
 1.8320996e-003
 1.8512113e-003
 1.8657774e-003
 1.8747181e-003
 1.8769529e-003
 1.8714003e-003
 1.8569824e-003
 1.8326188e-003
 1.7972295e-003
 1.7497219e-003
 1.6891301e-003
 1.6166179e-003
 1.5355559e-003
 1.4493918e-003
 1.3616361e-003
 1.2757372e-003
 1.1951638e-003
 1.1233690e-003
 1.0638562e-003
 1.0200753e-003
 9.9534704e-004
 9.8955515e-004
 9.9913508e-004
 1.0203661e-003
 1.0495306e-003
 1.0829113e-003
 1.1167981e-003
 1.1474574e-003
 1.1711795e-003
 1.1842469e-003
 1.1831111e-003
 1.1681018e-003
 1.1433924e-003
 1.1133191e-003
 1.0822114e-003
 1.0544214e-003
 1.0342780e-003
 1.0261177e-003
 1.0342767e-003
 1.0631013e-003
 1.1166713e-003
 1.1936749e-003
 1.2874987e-003
 1.3913318e-003
 1.4982881e-003
 1.6015552e-003
 1.6942973e-003
 1.7696943e-003
 1.8208727e-003
 1.8410170e-003
 1.8236286e-003
 1.7695257e-003
 1.6865884e-003
 1.5830508e-003
 1.4670896e-003
 1.3468978e-003
 1.2306419e-003
 1.1265720e-003
 1.0428526e-003
 9.8767679e-004
 9.6890581e-004
 9.8734500e-004
 1.0370240e-003
 1.1117108e-003
 1.2051979e-003
 1.3112073e-003
 1.4235274e-003
 1.5359261e-003
 1.6421722e-003
 1.7360533e-003
 1.8114984e-003
 1.8668015e-003
 1.9042912e-003
 1.9264596e-003
 1.9357845e-003
 1.9347608e-003
 1.9258767e-003
 1.9116163e-003
 1.8944751e-003
 1.8769379e-003
 1.8614293e-003
 1.8490696e-003
 1.8397600e-003
 1.8333618e-003
 1.8297289e-003
 1.8287179e-003
 1.8301860e-003
 1.8339889e-003
 1.8399836e-003
 1.8480263e-003
 1.8579544e-003
 1.8691581e-003
 1.8806290e-003
 1.8913414e-003
 1.9002701e-003
 1.9063902e-003
 1.9086732e-003
 1.9060951e-003
 1.8976306e-003
 1.8822493e-003
 1.8590203e-003
 1.8287195e-003
 1.7936903e-003
 1.7563234e-003
 1.7190378e-003
 1.6842249e-003
 1.6542852e-003
 1.6316145e-003
 1.6186243e-003
 1.6177087e-003
 1.6310955e-003
 1.6576984e-003
 1.6934543e-003
 1.7341666e-003
 1.7756644e-003
 1.8137679e-003
 1.8443047e-003
 1.8630807e-003
 1.8659249e-003
 1.8486583e-003
 1.8073674e-003
 1.7434058e-003
 1.6627603e-003
 1.5715868e-003
 1.4760419e-003
 1.3822597e-003
 1.2964424e-003
 1.2247235e-003
 1.1732591e-003
 1.1482029e-003
 1.1553586e-003
 1.1937602e-003
 1.2565177e-003
 1.3365593e-003
 1.4267534e-003
 1.5200246e-003
 1.6092809e-003
 1.6874300e-003
 1.7473912e-003
 1.7820419e-003
 1.7847015e-003
 1.7558177e-003
 1.7020340e-003
 1.6302438e-003
 1.5473027e-003
 1.4600768e-003
 1.3754128e-003
 1.3002185e-003
 1.2413393e-003
 1.2056406e-003
 1.1996327e-003
 1.2235043e-003
 1.2719852e-003
 1.3396436e-003
 1.4210452e-003
 1.5107770e-003
 1.6033612e-003
 1.6933841e-003
 1.7754112e-003
 1.8440224e-003
 1.8939981e-003
 1.9244992e-003
 1.9383410e-003
 1.9384534e-003
 1.9277689e-003
 1.9092201e-003
 1.8857390e-003
 1.8602569e-003
 1.8356999e-003
 1.8150118e-003
 1.8009925e-003
 1.7942971e-003
 1.7937797e-003
 1.7982369e-003
 1.8064656e-003
 1.8172625e-003
 1.8294282e-003
 1.8417533e-003
 1.8530382e-003
 1.8620798e-003
 1.8677299e-003
 1.8697495e-003
 1.8686525e-003
 1.8649772e-003
 1.8592613e-003
 1.8520398e-003
 1.8438547e-003
 1.8352413e-003
 1.8267372e-003
 1.8188781e-003
 1.8121874e-003
 1.8068793e-003
 1.8029237e-003
 1.8002829e-003
 1.7989191e-003
 1.7987947e-003
 1.7998721e-003
 1.8021129e-003
 1.8054812e-003
 1.8099367e-003
 1.8154061e-003
 1.8212212e-003
 1.8262354e-003
 1.8292845e-003
 1.8292082e-003
 1.8248449e-003
 1.8150300e-003
 1.7986064e-003
 1.7744110e-003
 1.7412818e-003
 1.6982035e-003
 1.6464579e-003
 1.5892119e-003
 1.5296466e-003
 1.4709553e-003
 1.4163184e-003
 1.3689557e-003
 1.3320463e-003
 1.3087835e-003
 1.3023608e-003
 1.3157363e-003
 1.3481530e-003
 1.3959322e-003
 1.4553152e-003
 1.5225606e-003
 1.5938769e-003
 1.6655211e-003
 1.7337345e-003
 1.7947725e-003
 1.8448464e-003
 1.8804256e-003
 1.9011967e-003
 1.9093683e-003
 1.9072121e-003
 1.8970064e-003
 1.8810253e-003
 1.8615446e-003
 1.8408333e-003
 1.8211774e-003
 1.8048466e-003
 1.7939965e-003
 1.7889993e-003
 1.7888554e-003
 1.7925258e-003
 1.7989733e-003
 1.8071630e-003
 1.8160535e-003
 1.8246095e-003
 1.8317937e-003
 1.8365699e-003
 1.8379692e-003
 1.8360638e-003
 1.8317150e-003
 1.8258032e-003
 1.8192076e-003
 1.8128119e-003
 1.8074958e-003
 1.8041392e-003
 1.8036239e-003
 1.8068303e-003
 1.8145412e-003
 1.8261293e-003
 1.8399106e-003
 1.8541646e-003
 1.8671812e-003
 1.8772462e-003
 1.8826470e-003
 1.8816686e-003
 1.8725975e-003
 1.8537212e-003
 1.8234997e-003
 1.7828482e-003
 1.7345441e-003
 1.6813800e-003
 1.6261576e-003
 1.5716644e-003
 1.5207288e-003
 1.4761384e-003
 1.4406948e-003
 1.4171987e-003
 1.4082514e-003
 1.4136737e-003
 1.4312345e-003
 1.4586591e-003
 1.4936822e-003
 1.5340123e-003
 1.5773821e-003
 1.6215175e-003
 1.6641536e-003
 1.7029955e-003
 1.7358998e-003
 1.7623729e-003
 1.7831273e-003
 1.7988896e-003
 1.8104006e-003
 1.8183960e-003
 1.8236119e-003
 1.8267842e-003
 1.8286475e-003
 1.8299381e-003
 1.8313585e-003
 1.8331608e-003
 1.8352725e-003
 1.8376161e-003
 1.8401132e-003
 1.8426857e-003
 1.8452547e-003
 1.8477420e-003
 1.8500697e-003
 1.8521592e-003
 1.8539389e-003
 1.8554189e-003
 1.8566689e-003
 1.8577592e-003
 1.8587612e-003
 1.8597443e-003
 1.8607799e-003
 1.8619384e-003
 1.8632906e-003
 1.8649065e-003
 1.8668490e-003
 1.8690733e-003
 1.8714600e-003
 1.8738887e-003
 1.8762377e-003
 1.8783866e-003
 1.8802142e-003
 1.8816002e-003
 1.8824234e-003
 1.8825626e-003
 1.8819117e-003
 1.8805444e-003
 1.8786615e-003
 1.8764653e-003
 1.8741580e-003
 1.8719418e-003
 1.8700185e-003
 1.8685918e-003
 1.8678630e-003
 1.8680351e-003
 1.8692904e-003
 1.8715633e-003
 1.8746187e-003
 1.8782186e-003
 1.8821259e-003
 1.8861000e-003
 1.8899041e-003
 1.8932999e-003
 1.8960498e-003
 1.8979140e-003
 1.8986745e-003
 1.8983487e-003
 1.8971137e-003
 1.8951490e-003
 1.8926355e-003
 1.8897528e-003
 1.8866808e-003
 1.8835990e-003
 1.8806889e-003
 1.8781296e-003
 1.8760904e-003
 1.8746111e-003
 1.8736462e-003
 1.8731469e-003
 1.8730656e-003
 1.8733541e-003
 1.8739648e-003
 1.8748495e-003
 1.8759604e-003
 1.8772496e-003
 1.8786691e-003
 1.8801691e-003
 1.8816990e-003
 1.8832082e-003
 1.8846466e-003
 1.8859626e-003
 1.8871061e-003
 1.8880267e-003
 1.8886736e-003
 1.8889960e-003
 1.8889540e-003
 1.8886284e-003
 1.8881797e-003
 1.8877693e-003
 1.8875588e-003
 1.8877097e-003
 1.8883834e-003
 1.8897420e-003
 1.8919462e-003
 1.8951577e-003
 1.8995020e-003
 1.9046851e-003
 1.9101397e-003
 1.9152979e-003
 1.9195906e-003
 1.9224486e-003
 1.9233029e-003
 1.9215834e-003
 1.9167218e-003
 1.9081488e-003
 1.8954396e-003
 1.8798556e-003
 1.8637141e-003
 1.8493504e-003
 1.8390991e-003
 1.8353009e-003
 1.8402896e-003
 1.8564002e-003
 1.8859693e-003
 1.9313453e-003
 1.9946042e-003
 2.0751783e-003
 2.1708182e-003
 2.2792751e-003
 2.3982218e-003
 2.5254071e-003
 2.6585553e-003
 2.7954238e-003
 2.9336715e-003
 3.0710553e-003
 3.2053450e-003
 3.3348068e-003
 3.4580436e-003
 3.5735758e-003
 3.6800122e-003
 3.7759314e-003
 3.8599307e-003
 3.9305482e-003
 3.9863857e-003
 4.0260204e-003
 4.0481649e-003
 4.0529175e-003
 4.0412517e-003
 4.0141433e-003
 3.9725602e-003
 3.9174994e-003
 3.8499301e-003
 3.7708296e-003
 3.6811763e-003
 3.5819225e-003
 3.4741426e-003
 3.3593611e-003
 3.2394419e-003
 3.1162200e-003
 2.9916223e-003
 2.8674861e-003
 2.7456782e-003
 2.6280375e-003
 2.5164871e-003
 2.4128654e-003
 2.3189127e-003
 2.2350512e-003
 2.1609019e-003
 2.0961263e-003
 2.0403320e-003
 1.9931453e-003
 1.9541846e-003
 1.9230944e-003
 1.8994915e-003
 1.8830018e-003
 1.8731788e-003
 1.8688479e-003
 1.8683943e-003
 1.8702010e-003
 1.8726508e-003
 1.8741270e-003
 1.8730110e-003
 1.8676864e-003
 1.8565361e-003
 1.8379377e-003
 1.8105197e-003
 1.7753023e-003
 1.7347068e-003
 1.6911608e-003
 1.6471241e-003
 1.6050247e-003
 1.5673010e-003
 1.5363849e-003
 1.5147300e-003
 1.5047666e-003
 1.5086419e-003
 1.5256009e-003
 1.5532303e-003
 1.5890754e-003
 1.6307003e-003
 1.6756642e-003
 1.7215366e-003
 1.7658543e-003
 1.8061867e-003
 1.8400933e-003
 1.8653598e-003
 1.8819397e-003
 1.8910436e-003
 1.8938890e-003
 1.8916937e-003
 1.8856738e-003
 1.8770501e-003
 1.8670391e-003
 1.8568587e-003
 1.8477248e-003
 1.8407697e-003
 1.8362518e-003
 1.8339467e-003
 1.8336246e-003
 1.8350553e-003
 1.8380088e-003
 1.8422549e-003
 1.8475635e-003
 1.8537067e-003
 1.8604508e-003
 1.8675501e-003
 1.8745896e-003
 1.8810635e-003
 1.8864606e-003
 1.8902742e-003
 1.8919960e-003
 1.8911175e-003
 1.8871308e-003
 1.8795277e-003
 1.8677999e-003
 1.8514396e-003
 1.8300047e-003
 1.8037459e-003
 1.7732668e-003
 1.7391806e-003
 1.7020903e-003
 1.6626258e-003
 1.6213914e-003
 1.5789991e-003
 1.5360519e-003
 1.4931818e-003
 1.4509916e-003
 1.4100939e-003
 1.3710915e-003
 1.3346160e-003
 1.3012246e-003
 1.2710686e-003
 1.2440761e-003
 1.2201681e-003
 1.1992817e-003
 1.1813371e-003
 1.1662603e-003
 1.1539750e-003
 1.1444133e-003
 1.1374974e-003
 1.1331537e-003
 1.1313084e-003
 1.1318881e-003
 1.1348183e-003
 1.1400252e-003
 1.1474348e-003
 1.1569756e-003
 1.1685693e-003
 1.1821324e-003
 1.1974787e-003
 1.2143727e-003
 1.2325663e-003
 1.2518233e-003
 1.2719036e-003
 1.2925722e-003
 1.3135796e-003
 1.3346900e-003
 1.3556640e-003
 1.3762610e-003
 1.3962460e-003
 1.4153693e-003
 1.4333960e-003
 1.4500857e-003
 1.4652021e-003
 1.4784978e-003
 1.4897365e-003
 1.4986780e-003
 1.5050840e-003
 1.5087110e-003
 1.5093212e-003
 1.5067097e-003
 1.5009776e-003
 1.4923856e-003
 1.4811934e-003
 1.4676600e-003
 1.4520455e-003
 1.4346056e-003
 1.4156080e-003
 1.3953089e-003
 1.3739681e-003
 1.3518400e-003
 1.3291951e-003
 1.3062878e-003
 1.2833782e-003
 1.2607207e-003
 1.2385858e-003
 1.2172281e-003
 1.1969073e-003
 1.1778832e-003
 1.1604115e-003
 1.1447608e-003
 1.1311863e-003
 1.1199479e-003
 1.1113036e-003
 1.1055174e-003
 1.1028467e-003
 1.1035171e-003
 1.1074714e-003
 1.1145091e-003
 1.1244314e-003
 1.1370383e-003
 1.1521307e-003
 1.1695131e-003
 1.1889779e-003
 1.2103294e-003
 1.2333678e-003
 1.2578999e-003
 1.2837143e-003
 1.3106170e-003
 1.3384083e-003
 1.3668960e-003
 1.3958666e-003
 1.4251276e-003
 1.4544789e-003
 1.4837282e-003
 1.5126624e-003
 1.5410881e-003
 1.5688062e-003
 1.5956172e-003
 1.6213274e-003
 1.6457249e-003
 1.6686165e-003
 1.6898029e-003
 1.7090885e-003
 1.7262647e-003
 1.7411368e-003
 1.7535307e-003
 1.7634745e-003
 1.7710854e-003
 1.7764879e-003
 1.7798039e-003
 1.7811558e-003
 1.7806655e-003
 1.7784545e-003
 1.7746460e-003
 1.7693614e-003
 1.7627213e-003
 1.7548511e-003
 1.7458712e-003
 1.7359038e-003
 1.7250682e-003
 1.7134917e-003
 1.7012941e-003
 1.6885974e-003
 1.6755234e-003
 1.6621911e-003
 1.6487292e-003
 1.6352566e-003
 1.6218950e-003
 1.6087638e-003
 1.5959911e-003
 1.5836960e-003
 1.5720006e-003
 1.5610242e-003
 1.5508942e-003
 1.5417304e-003
 1.5336543e-003
 1.5267882e-003
 1.5212379e-003
 1.5169970e-003
 1.5140024e-003
 1.5121930e-003
 1.5115065e-003
 1.5118818e-003
 1.5132572e-003
 1.5155703e-003
 1.5187610e-003
 1.5227655e-003
 1.5275230e-003
 1.5329722e-003
 1.5390523e-003
 1.5456990e-003
 1.5528520e-003
 1.5604496e-003
 1.5684299e-003
 1.5767335e-003
 1.5852946e-003
 1.5940535e-003
 1.6029486e-003
 1.6119202e-003
 1.6209024e-003
 1.6298357e-003
 1.6386585e-003
 1.6473106e-003
 1.6557268e-003
 1.6638470e-003
 1.6716101e-003
 1.6789539e-003
 1.6858187e-003
 1.6921391e-003
 1.6978632e-003
 1.7029942e-003
 1.7075605e-003
 1.7115881e-003
 1.7151060e-003
 1.7181421e-003
 1.7207246e-003
 1.7228806e-003
 1.7246385e-003
 1.7260262e-003
 1.7270715e-003
 1.7278026e-003
 1.7282467e-003
 1.7284324e-003
 1.7283871e-003
 1.7281390e-003
 1.7277161e-003
 1.7271460e-003
 1.7264567e-003
 1.7256761e-003
 1.7248322e-003
 1.7239529e-003
 1.7230660e-003
 1.7221991e-003
 1.7213807e-003
 1.7206386e-003
 1.7200005e-003
 1.7194942e-003
 1.7191477e-003
 1.7189891e-003
 1.7190459e-003
 1.7193465e-003
 1.7199133e-003
 1.7207317e-003
 1.7217731e-003
 1.7230072e-003
 1.7244056e-003
 1.7259376e-003
 1.7275747e-003
 1.7292869e-003
 1.7310447e-003
 1.7328194e-003
 1.7345805e-003
 1.7362990e-003
 1.7379454e-003
 1.7394905e-003
 1.7409042e-003
 1.7421574e-003
 1.7432205e-003
 1.7440645e-003
 1.7446594e-003
 1.7449756e-003
 1.7449844e-003
 1.7446555e-003
 1.7439597e-003
 1.7428678e-003
 1.7413502e-003
 1.7393772e-003
 1.7369190e-003
 1.7339473e-003
 1.7304319e-003
 1.7263434e-003
 1.7216512e-003
 1.7163281e-003
 1.7103553e-003
 1.7037938e-003
 1.6967342e-003
 1.6892722e-003
 1.6814987e-003
 1.6735061e-003
 1.6653865e-003
 1.6572307e-003
 1.6491348e-003
 1.6411893e-003
 1.6334867e-003
 1.6261175e-003
 1.6191776e-003
 1.6127580e-003
 1.6069505e-003
 1.6018468e-003
 1.5975417e-003
 1.5941260e-003
 1.5916924e-003
 1.5903331e-003
 1.5901407e-003
 1.5912079e-003
 1.5936267e-003
 1.5974891e-003
 1.6028897e-003
 1.6099180e-003
 1.6186672e-003
 1.6292301e-003
 1.6417024e-003
 1.6561701e-003
 1.6727287e-003
 1.6914706e-003
 1.7124731e-003
 1.7357265e-003
 1.7611682e-003
 1.7887519e-003
 1.8184260e-003
 1.8501471e-003
 1.8838481e-003
 1.9194845e-003
 1.9570054e-003
 1.9963684e-003
 2.0375033e-003
 2.0803679e-003
 2.1249100e-003
 2.1710899e-003
 2.2188334e-003
 2.2681006e-003
 2.3188391e-003
 2.3709978e-003
 2.4245379e-003
 2.4793819e-003
 2.5354917e-003
 2.5928151e-003
 2.6513147e-003
 2.7109114e-003
 2.7715671e-003
 2.8332300e-003
 2.8958640e-003
 2.9593878e-003
 3.0237639e-003
 3.0889416e-003
 3.1548687e-003
 3.2215100e-003
 3.2887820e-003
 3.3566495e-003
 3.4250629e-003
 3.4939870e-003
 3.5633391e-003
 3.6330849e-003
 3.7031737e-003
 3.7735717e-003
 3.8441955e-003
 3.9150105e-003
 3.9859661e-003
 4.0570125e-003
 4.1281153e-003
 4.1991905e-003
 4.2702043e-003
 4.3411064e-003
 4.4118632e-003
 4.4823894e-003
 4.5526531e-003
 4.6226024e-003
 4.6922034e-003
 4.7613736e-003
 4.8300768e-003
 4.8982650e-003
 4.9658860e-003
 5.0329054e-003
 5.0992412e-003
 5.1648584e-003
 5.2297069e-003
 5.2937511e-003
 5.3569102e-003
 5.4191477e-003
 5.4804166e-003
 5.5406927e-003
 5.5999109e-003
 5.6580519e-003
 5.7150805e-003
 5.7709762e-003
 5.8256770e-003
 5.8791609e-003
 5.9313937e-003
 5.9823417e-003
 6.0319803e-003
 6.0802517e-003
 6.1271321e-003
 6.1725881e-003
 6.2165945e-003
 6.2590963e-003
 6.3000685e-003
 6.3394769e-003
 6.3772951e-003
 6.4134714e-003
 6.4479788e-003
 6.4807832e-003
 6.5118503e-003
 6.5411511e-003
 6.5686377e-003
 6.5942816e-003
 6.6180495e-003
 6.6399109e-003
 6.6598197e-003
 6.6777477e-003
 6.6936603e-003
 6.7075244e-003
 6.7193154e-003
 6.7290990e-003
 6.7369654e-003
 6.7430059e-003
 6.7473124e-003
 6.7499736e-003
 6.7510819e-003
 6.7507275e-003
 6.7490013e-003
 6.7459941e-003
 6.7417971e-003
 6.7365011e-003
 6.7301956e-003
 6.7229746e-003
 6.7149270e-003
 6.7061433e-003
 6.6967122e-003
 6.6867303e-003
 6.6762846e-003
 6.6654678e-003
 6.6543687e-003
 6.6430764e-003
 6.6316877e-003
 6.6202898e-003
 6.6089737e-003
 6.5978281e-003
 6.5869493e-003
 6.5764245e-003
 6.5663457e-003
 6.5568010e-003
 6.5478855e-003
 6.5396884e-003
 6.5322840e-003
 6.5256651e-003
 6.5197949e-003
 6.5146433e-003
 6.5101720e-003
 6.5063471e-003
 6.5031345e-003
 6.5004993e-003
 6.4984066e-003
 6.4968225e-003
 6.4957119e-003
 6.4950390e-003
 6.4947698e-003
 6.4948709e-003
 6.4953063e-003
 6.4960415e-003
 6.4970427e-003
 6.4982735e-003
 6.4997012e-003
 6.5012905e-003
 6.5030050e-003
 6.5048127e-003
 6.5066777e-003
 6.5085655e-003
 6.5104403e-003
 6.5122680e-003
 6.5140147e-003
 6.5156464e-003
 6.5171272e-003
 6.5184222e-003
 6.5194969e-003
 6.5203174e-003
 6.5208538e-003
 6.5211034e-003
 6.5210718e-003
 6.5207640e-003
 6.5201861e-003
 6.5193437e-003
 6.5182424e-003
 6.5168873e-003
 6.5152845e-003
 6.5134387e-003
 6.5113567e-003
 6.5090428e-003
 6.5065040e-003
 6.5037431e-003
 6.5007689e-003
 6.4975857e-003
 6.4941980e-003
 6.4906119e-003
 6.4868340e-003
 6.4828689e-003
 6.4787227e-003
 6.4743990e-003
 6.4699068e-003
 6.4652492e-003
 6.4604320e-003
 6.4554615e-003
 6.4503415e-003
 6.4450800e-003
 6.4396812e-003
 6.4341510e-003
 6.4284932e-003
 6.4227162e-003
 6.4168274e-003
 6.4108465e-003
 6.4047994e-003
 6.3987123e-003
 6.3926093e-003
 6.3865162e-003
 6.3804560e-003
 6.3744551e-003
 6.3685398e-003
 6.3627334e-003
 6.3570621e-003
 6.3515487e-003
 6.3462211e-003
 6.3411039e-003
 6.3362215e-003
 6.3315979e-003
 6.3272603e-003
 6.3232328e-003
 6.3195401e-003
 6.3162064e-003
 6.3132592e-003
 6.3107228e-003
 6.3086217e-003
 6.3069807e-003
 6.3058245e-003
 6.3051800e-003
 6.3050701e-003
 6.3055223e-003
 6.3065593e-003
 6.3082078e-003
 6.3104918e-003
 6.3134371e-003
 6.3170623e-003
 6.3213534e-003
 6.3262894e-003
 6.3318489e-003
 6.3380101e-003
 6.3447538e-003
 6.3520554e-003
 6.3598934e-003
 6.3682483e-003
 6.3770991e-003
 6.3864202e-003
 6.3961935e-003
 6.4063966e-003
 6.4170104e-003
 6.4280084e-003
 6.4393715e-003
 6.4510787e-003
 6.4631081e-003
 6.4754407e-003
 6.4880499e-003
 6.5009166e-003
 6.5140193e-003
 6.5273405e-003
 6.5408507e-003
 6.5545328e-003
 6.5683653e-003
 6.5823295e-003
 6.5963971e-003
 6.6105505e-003
 6.6247671e-003
 6.6390303e-003
 6.6533107e-003
 6.6676023e-003
 6.6819508e-003
 6.6964137e-003
 6.7110523e-003
 6.7259199e-003
 6.7410786e-003
 6.7565865e-003
 6.7725061e-003
 6.7888894e-003
 6.8057990e-003
 6.8232925e-003
 6.8414337e-003
 6.8602734e-003
 6.8798726e-003
 6.9002924e-003
 6.9215903e-003
 6.9438303e-003
 6.9670617e-003
 6.9913464e-003
 7.0167449e-003
 7.0433230e-003
 7.0711244e-003
 7.1002152e-003
 7.1306555e-003
 7.1625095e-003
 7.1958224e-003
 7.2306604e-003
 7.2670812e-003
 7.3051434e-003
 7.3449169e-003
 7.3864404e-003
 7.4297828e-003
 7.4749831e-003
 7.5220149e-003
 7.5707976e-003
 7.6212818e-003
 7.6734107e-003
 7.7271382e-003
 7.7823782e-003
 7.8390883e-003
 7.8972057e-003
 7.9566892e-003
 8.0174496e-003
 8.0794431e-003
 8.1426101e-003
 8.2068928e-003
 8.2722483e-003
 8.3385864e-003
 8.4058642e-003
 8.4740240e-003
 8.5430201e-003
 8.6127641e-003
 8.6832121e-003
 8.7543065e-003
 8.8260062e-003
 8.8982154e-003
 8.9708949e-003
 9.0439850e-003
 9.1174291e-003
 9.1911824e-003
 9.2651546e-003
 9.3393018e-003
 9.4135674e-003
 9.4879083e-003
