splib07b Record=18630:  error bars to preceding                
 7.7540618e-001
 7.7540618e-001
 7.4763817e-001
 7.1993870e-001
 6.9234675e-001
 6.6490531e-001
 6.3765317e-001
 6.1062950e-001
 5.8387703e-001
 5.5743372e-001
 5.3134227e-001
 5.0564170e-001
 4.8037115e-001
 4.5557323e-001
 4.3128720e-001
 4.0755215e-001
 3.8441059e-001
 3.6190170e-001
 3.4006491e-001
 3.1894237e-001
 2.9857346e-001
 2.7899754e-001
 2.6025674e-001
 2.4239044e-001
 2.2543819e-001
 2.0943782e-001
 1.9438240e-001
 1.8023983e-001
 1.6697939e-001
 1.5456802e-001
 1.4297488e-001
 1.3216750e-001
 1.2211354e-001
 1.1278195e-001
 1.0414039e-001
 9.6156552e-002
 8.8799283e-002
 8.2036242e-002
 7.5835288e-002
 7.0165053e-002
 6.4993322e-002
 6.0287993e-002
 5.6017555e-002
 5.2149713e-002
 4.8652880e-002
 4.5494989e-002
 4.2643983e-002
 4.0068202e-002
 3.7735596e-002
 3.5615359e-002
 3.3689965e-002
 3.1949554e-002
 3.0384397e-002
 2.8984988e-002
 2.7741607e-002
 2.6644550e-002
 2.5684264e-002
 2.4851050e-002
 2.4135225e-002
 2.3527201e-002
 2.3017289e-002
 2.2595830e-002
 2.2253202e-002
 2.1979738e-002
 2.1765776e-002
 2.1601684e-002
 2.1477800e-002
 2.1384472e-002
 2.1312052e-002
 2.1250885e-002
 2.1191325e-002
 2.1123718e-002
 2.1038406e-002
 2.0926334e-002
 2.0784944e-002
 2.0615732e-002
 2.0420270e-002
 2.0200118e-002
 1.9956827e-002
 1.9691985e-002
 1.9407123e-002
 1.9103836e-002
 1.8783672e-002
 1.8448176e-002
 1.8098945e-002
 1.7737526e-002
 1.7365467e-002
 1.6984358e-002
 1.6595749e-002
 1.6201187e-002
 1.5802264e-002
 1.5400534e-002
 1.4997534e-002
 1.4594868e-002
 1.4194036e-002
 1.3796088e-002
 1.3401835e-002
 1.3012030e-002
 1.2627427e-002
 1.2248828e-002
 1.1876992e-002
 1.1512672e-002
 1.1156669e-002
 1.0809740e-002
 1.0472640e-002
 1.0146172e-002
 9.8310895e-003
 9.5281517e-003
 9.2381546e-003
 8.9618452e-003
 8.7000187e-003
 8.4534232e-003
 8.2227876e-003
 8.0081029e-003
 7.8089028e-003
 7.6247416e-003
 7.4551450e-003
 7.2996449e-003
 7.1577900e-003
 7.0291092e-003
 6.9131339e-003
 6.8094111e-003
 6.7174709e-003
 6.6368459e-003
 6.5670796e-003
 6.5077054e-003
 6.4582569e-003
 6.4182742e-003
 6.3872915e-003
 6.3648443e-003
 6.3504488e-003
 6.3433782e-003
 6.3427445e-003
 6.3476609e-003
 6.3572377e-003
 6.3705873e-003
 6.3868193e-003
 6.4050448e-003
 6.4243777e-003
 6.4439280e-003
 6.4628040e-003
 6.4801225e-003
 6.4949905e-003
 6.5065208e-003
 6.5138252e-003
 6.5160142e-003
 6.5122009e-003
 6.5017571e-003
 6.4847115e-003
 6.4611961e-003
 6.4313360e-003
 6.3952622e-003
 6.3531091e-003
 6.3049975e-003
 6.2510609e-003
 6.1914329e-003
 6.1262329e-003
 6.0555968e-003
 5.9796521e-003
 5.8985362e-003
 5.8123642e-003
 5.7212813e-003
 5.6257523e-003
 5.5271550e-003
 5.4269987e-003
 5.3268010e-003
 5.2280515e-003
 5.1322766e-003
 5.0409688e-003
 4.9556452e-003
 4.8778136e-003
 4.8089894e-003
 4.7506690e-003
 4.7043664e-003
 4.6715946e-003
 4.6538548e-003
 4.6526575e-003
 4.6685985e-003
 4.6999473e-003
 4.7445991e-003
 4.8004473e-003
 4.8653982e-003
 4.9373447e-003
 5.0141779e-003
 5.0938088e-003
 5.1741274e-003
 5.2530244e-003
 5.3284122e-003
 5.3981794e-003
 5.4602250e-003
 5.5124406e-003
 5.5527356e-003
 5.5797673e-003
 5.5941930e-003
 5.5969791e-003
 5.5890977e-003
 5.5715200e-003
 5.5452143e-003
 5.5111563e-003
 5.4703080e-003
 5.4236450e-003
 5.3721364e-003
 5.3167585e-003
 5.2584722e-003
 5.1982575e-003
 5.1370501e-003
 5.0754878e-003
 5.0139874e-003
 4.9529672e-003
 4.8928298e-003
 4.8339977e-003
 4.7768741e-003
 4.7218767e-003
 4.6694190e-003
 4.6199178e-003
 4.5737769e-003
 4.5314138e-003
 4.4932296e-003
 4.4594263e-003
 4.4300836e-003
 4.4052778e-003
 4.3850779e-003
 4.3695602e-003
 4.3587997e-003
 4.3528681e-003
 4.3518404e-003
 4.3557901e-003
 4.3647904e-003
 4.3789176e-003
 4.3982007e-003
 4.4221492e-003
 4.4498960e-003
 4.4805678e-003
 4.5132898e-003
 4.5471941e-003
 4.5814030e-003
 4.6150489e-003
 4.6472563e-003
 4.6771523e-003
 4.7038621e-003
 4.7265170e-003
 4.7443020e-003
 4.7572046e-003
 4.7657699e-003
 4.7705593e-003
 4.7721313e-003
 4.7710473e-003
 4.7678654e-003
 4.7631455e-003
 4.7574481e-003
 4.7513326e-003
 4.7453586e-003
 4.7400855e-003
 4.7360267e-003
 4.7330661e-003
 4.7306390e-003
 4.7281734e-003
 4.7250954e-003
 4.7208308e-003
 4.7148066e-003
 4.7064507e-003
 4.6951883e-003
 4.6804454e-003
 4.6616495e-003
 4.6382295e-003
 4.6097096e-003
 4.5769946e-003
 4.5419666e-003
 4.5065386e-003
 4.4726203e-003
 4.4421232e-003
 4.4169514e-003
 4.3990184e-003
 4.3902313e-003
 4.3925010e-003
 4.4077365e-003
 4.4378452e-003
 4.4845273e-003
 4.5465385e-003
 4.6205260e-003
 4.7030752e-003
 4.7907736e-003
 4.8802029e-003
 4.9679675e-003
 5.0506420e-003
 5.1248297e-003
 5.1871124e-003
 5.2340785e-003
 5.2623162e-003
 5.2686818e-003
 5.2536801e-003
 5.2204984e-003
 5.1723751e-003
 5.1125572e-003
 5.0442955e-003
 4.9708220e-003
 4.8953868e-003
 4.8212414e-003
 4.7516166e-003
 4.6897638e-003
 4.6389271e-003
 4.6021631e-003
 4.5798211e-003
 4.5702709e-003
 4.5718318e-003
 4.5828247e-003
 4.6015694e-003
 4.6263817e-003
 4.6555884e-003
 4.6875030e-003
 4.7204508e-003
 4.7527491e-003
 4.7827177e-003
 4.8087626e-003
 4.8305718e-003
 4.8487703e-003
 4.8640142e-003
 4.8769540e-003
 4.8882430e-003
 4.8985328e-003
 4.9084774e-003
 4.9187271e-003
 4.9299370e-003
 4.9427589e-003
 4.9578450e-003
 4.9757785e-003
 4.9961600e-003
 5.0178454e-003
 5.0396714e-003
 5.0604804e-003
 5.0791106e-003
 5.0943987e-003
 5.1051877e-003
 5.1103137e-003
 5.1086158e-003
 5.0989343e-003
 5.0801067e-003
 5.0510741e-003
 5.0122701e-003
 4.9652457e-003
 4.9115960e-003
 4.8528966e-003
 4.7907392e-003
 4.7267103e-003
 4.6624020e-003
 4.5993892e-003
 4.5392686e-003
 4.4836164e-003
 4.4340244e-003
 4.3919883e-003
 4.3576662e-003
 4.3301797e-003
 4.3086377e-003
 4.2921379e-003
 4.2797858e-003
 4.2706830e-003
 4.2639347e-003
 4.2586406e-003
 4.2539053e-003
 4.2488296e-003
 4.2425175e-003
 4.2341244e-003
 4.2235879e-003
 4.2114500e-003
 4.1982695e-003
 4.1846065e-003
 4.1710166e-003
 4.1580601e-003
 4.1462965e-003
 4.1362820e-003
 4.1285753e-003
 4.1237366e-003
 4.1223224e-003
 4.1248440e-003
 4.1310815e-003
 4.1402415e-003
 4.1515217e-003
 4.1641141e-003
 4.1772155e-003
 4.1900184e-003
 4.2017186e-003
 4.2115082e-003
 4.2185853e-003
 4.2221416e-003
 4.2213728e-003
 4.2155287e-003
 4.2047328e-003
 4.1897926e-003
 4.1715316e-003
 4.1507781e-003
 4.1283532e-003
 4.1050846e-003
 4.0817978e-003
 4.0593180e-003
 4.0384727e-003
 4.0200846e-003
 4.0049786e-003
 3.9939294e-003
 3.9869081e-003
 3.9832485e-003
 3.9822673e-003
 3.9832797e-003
 3.9856029e-003
 3.9885533e-003
 3.9914474e-003
 3.9936001e-003
 3.9943294e-003
 3.9929510e-003
 3.9887815e-003
 3.9811921e-003
 3.9704321e-003
 3.9574518e-003
 3.9432230e-003
 3.9287135e-003
 3.9148950e-003
 3.9027359e-003
 3.8932082e-003
 3.8872808e-003
 3.8859244e-003
 3.8901090e-003
 3.9008036e-003
 3.9188471e-003
 3.9429255e-003
 3.9699934e-003
 3.9969524e-003
 4.0207123e-003
 4.0381732e-003
 4.0462436e-003
 4.0418254e-003
 4.0218239e-003
 3.9831423e-003
 3.9226920e-003
 3.8373761e-003
 3.7243478e-003
 3.5850117e-003
 3.4242126e-003
 3.2468950e-003
 3.0580203e-003
 2.8625173e-003
 2.6653106e-003
 2.4713632e-003
 2.2856190e-003
 2.1130224e-003
 1.9585316e-003
 1.8270728e-003
 1.7233241e-003
 1.6477215e-003
 1.5971874e-003
 1.5685402e-003
 1.5585991e-003
 1.5641809e-003
 1.5821040e-003
 1.6091906e-003
 1.6422581e-003
 1.6781254e-003
 1.7136078e-003
 1.7455309e-003
 1.7708364e-003
 1.7886284e-003
 1.7997866e-003
 1.8052470e-003
 1.8059461e-003
 1.8028198e-003
 1.7968047e-003
 1.7888360e-003
 1.7798498e-003
 1.7707826e-003
 1.7625705e-003
 1.7559372e-003
 1.7509143e-003
 1.7473932e-003
 1.7452661e-003
 1.7444246e-003
 1.7447605e-003
 1.7461654e-003
 1.7485305e-003
 1.7517485e-003
 1.7556732e-003
 1.7600372e-003
 1.7645475e-003
 1.7689120e-003
 1.7728377e-003
 1.7760330e-003
 1.7782045e-003
 1.7790599e-003
 1.7783064e-003
 1.7757745e-003
 1.7716971e-003
 1.7663925e-003
 1.7601767e-003
 1.7533677e-003
 1.7462827e-003
 1.7392394e-003
 1.7325538e-003
 1.7265443e-003
 1.7214413e-003
 1.7171893e-003
 1.7136742e-003
 1.7107811e-003
 1.7083945e-003
 1.7064000e-003
 1.7046825e-003
 1.7031272e-003
 1.7016195e-003
 1.7000876e-003
 1.6986047e-003
 1.6972750e-003
 1.6962014e-003
 1.6954881e-003
 1.6952388e-003
 1.6955571e-003
 1.6965467e-003
 1.6983111e-003
 1.7009195e-003
 1.7043215e-003
 1.7084420e-003
 1.7132064e-003
 1.7185390e-003
 1.7243654e-003
 1.7306107e-003
 1.7372002e-003
 1.7440583e-003
 1.7510330e-003
 1.7577071e-003
 1.7636098e-003
 1.7682682e-003
 1.7712105e-003
 1.7719644e-003
 1.7700575e-003
 1.7650715e-003
 1.7575559e-003
 1.7489075e-003
 1.7405498e-003
 1.7339081e-003
 1.7304072e-003
 1.7313900e-003
 1.7367034e-003
 1.7448820e-003
 1.7544171e-003
 1.7637983e-003
 1.7715162e-003
 1.7761305e-003
 1.7774982e-003
 1.7766166e-003
 1.7745224e-003
 1.7722516e-003
 1.7708414e-003
 1.7712618e-003
 1.7732448e-003
 1.7754282e-003
 1.7764117e-003
 1.7747950e-003
 1.7691774e-003
 1.7582704e-003
 1.7428853e-003
 1.7256952e-003
 1.7094379e-003
 1.6968541e-003
 1.6906833e-003
 1.6935024e-003
 1.7048137e-003
 1.7213795e-003
 1.7398616e-003
 1.7569271e-003
 1.7692387e-003
 1.7736133e-003
 1.7697845e-003
 1.7600976e-003
 1.7469940e-003
 1.7329097e-003
 1.7202856e-003
 1.7114786e-003
 1.7072661e-003
 1.7070023e-003
 1.7099915e-003
 1.7155387e-003
 1.7229478e-003
 1.7315173e-003
 1.7404397e-003
 1.7488109e-003
 1.7557252e-003
 1.7602758e-003
 1.7615554e-003
 1.7587305e-003
 1.7523990e-003
 1.7444605e-003
 1.7368604e-003
 1.7315436e-003
 1.7304568e-003
 1.7354077e-003
 1.7454826e-003
 1.7572842e-003
 1.7673278e-003
 1.7721276e-003
 1.7681955e-003
 1.7521518e-003
 1.7227245e-003
 1.6805790e-003
 1.6264397e-003
 1.5610487e-003
 1.4851257e-003
 1.3998278e-003
 1.3146399e-003
 1.2467247e-003
 1.2135123e-003
 1.2324485e-003
 1.3209792e-003
 1.4951413e-003
 1.7427569e-003
 2.0255346e-003
 2.3042820e-003
 2.5397108e-003
 2.6926198e-003
 2.7256287e-003
 2.6395489e-003
 2.4706384e-003
 2.2565203e-003
 2.0347747e-003
 1.8429792e-003
 1.7173090e-003
 1.6644711e-003
 1.6637088e-003
 1.6932120e-003
 1.7311786e-003
 1.7561521e-003
 1.7582305e-003
 1.7415772e-003
 1.7112039e-003
 1.6721279e-003
 1.6293573e-003
 1.5878999e-003
 1.5527718e-003
 1.5289856e-003
 1.5214391e-003
 1.5311454e-003
 1.5543656e-003
 1.5870661e-003
 1.6252225e-003
 1.6648021e-003
 1.7017744e-003
 1.7321069e-003
 1.7517749e-003
 1.7568296e-003
 1.7462480e-003
 1.7226047e-003
 1.6886974e-003
 1.6473272e-003
 1.6012841e-003
 1.5533736e-003
 1.5063847e-003
 1.4631186e-003
 1.4263375e-003
 1.3975517e-003
 1.3767208e-003
 1.3637035e-003
 1.3583611e-003
 1.3605567e-003
 1.3701515e-003
 1.3870072e-003
 1.4109828e-003
 1.4419187e-003
 1.4788646e-003
 1.5198726e-003
 1.5629353e-003
 1.6060453e-003
 1.6471915e-003
 1.6843705e-003
 1.7155779e-003
 1.7388030e-003
 1.7520890e-003
 1.7553266e-003
 1.7507288e-003
 1.7406543e-003
 1.7274640e-003
 1.7135156e-003
 1.7011694e-003
 1.6927856e-003
 1.6907237e-003
 1.6972759e-003
 1.7122782e-003
 1.7324638e-003
 1.7543627e-003
 1.7745056e-003
 1.7894224e-003
 1.7956469e-003
 1.7897092e-003
 1.7681393e-003
 1.7275729e-003
 1.6685321e-003
 1.5964907e-003
 1.5172504e-003
 1.4365984e-003
 1.3603208e-003
 1.2942197e-003
 1.2440898e-003
 1.2157252e-003
 1.2147848e-003
 1.2418408e-003
 1.2909570e-003
 1.3557628e-003
 1.4298885e-003
 1.5069643e-003
 1.5806141e-003
 1.6444821e-003
 1.6921882e-003
 1.7175023e-003
 1.7191743e-003
 1.7024067e-003
 1.6728314e-003
 1.6360716e-003
 1.5977619e-003
 1.5635238e-003
 1.5389897e-003
 1.5297889e-003
 1.5414307e-003
 1.5748749e-003
 1.6251577e-003
 1.6869343e-003
 1.7548463e-003
 1.8235398e-003
 1.8876549e-003
 1.9418494e-003
 1.9807604e-003
 1.9991419e-003
 1.9957384e-003
 1.9745296e-003
 1.9398502e-003
 1.8960374e-003
 1.8474220e-003
 1.7983319e-003
 1.7531057e-003
 1.7160766e-003
 1.6915053e-003
 1.6807098e-003
 1.6811315e-003
 1.6899523e-003
 1.7043523e-003
 1.7215118e-003
 1.7386102e-003
 1.7528264e-003
 1.7618249e-003
 1.7659286e-003
 1.7663776e-003
 1.7644122e-003
 1.7612727e-003
 1.7581999e-003
 1.7562546e-003
 1.7555046e-003
 1.7556732e-003
 1.7564843e-003
 1.7576612e-003
 1.7589275e-003
 1.7600311e-003
 1.7608566e-003
 1.7613362e-003
 1.7614020e-003
 1.7609862e-003
 1.7600209e-003
 1.7584683e-003
 1.7564635e-003
 1.7542006e-003
 1.7518738e-003
 1.7496774e-003
 1.7478062e-003
 1.7464226e-003
 1.7455140e-003
 1.7450051e-003
 1.7448211e-003
 1.7448871e-003
 1.7451274e-003
 1.7454557e-003
 1.7457156e-003
 1.7457274e-003
 1.7453115e-003
 1.7442877e-003
 1.7424764e-003
 1.7397588e-003
 1.7363681e-003
 1.7326619e-003
 1.7289970e-003
 1.7257311e-003
 1.7232217e-003
 1.7217664e-003
 1.7213215e-003
 1.7217209e-003
 1.7227995e-003
 1.7243915e-003
 1.7263313e-003
 1.7284661e-003
 1.7307210e-003
 1.7330477e-003
 1.7353976e-003
 1.7377237e-003
 1.7399773e-003
 1.7421129e-003
 1.7441032e-003
 1.7459255e-003
 1.7475579e-003
 1.7489780e-003
 1.7501640e-003
 1.7510829e-003
 1.7516412e-003
 1.7517221e-003
 1.7512103e-003
 1.7499890e-003
 1.7479425e-003
 1.7450158e-003
 1.7415116e-003
 1.7378620e-003
 1.7345003e-003
 1.7318586e-003
 1.7303699e-003
 1.7303870e-003
 1.7317942e-003
 1.7343051e-003
 1.7376327e-003
 1.7414909e-003
 1.7455928e-003
 1.7496042e-003
 1.7529147e-003
 1.7548106e-003
 1.7545793e-003
 1.7515071e-003
 1.7448813e-003
 1.7342886e-003
 1.7211033e-003
 1.7073521e-003
 1.6950667e-003
 1.6862777e-003
 1.6830146e-003
 1.6867926e-003
 1.6960469e-003
 1.7080754e-003
 1.7201733e-003
 1.7296347e-003
 1.7337565e-003
 1.7304462e-003
 1.7212958e-003
 1.7092627e-003
 1.6973098e-003
 1.6883989e-003
 1.6854905e-003
 1.6908778e-003
 1.7028151e-003
 1.7180511e-003
 1.7333303e-003
 1.7453963e-003
 1.7509958e-003
 1.7475465e-003
 1.7365610e-003
 1.7210828e-003
 1.7041627e-003
 1.6888507e-003
 1.6781930e-003
 1.6747100e-003
 1.6776836e-003
 1.6851765e-003
 1.6952490e-003
 1.7059600e-003
 1.7153720e-003
 1.7218359e-003
 1.7254985e-003
 1.7271847e-003
 1.7277222e-003
 1.7279370e-003
 1.7286564e-003
 1.7305788e-003
 1.7336159e-003
 1.7373775e-003
 1.7414747e-003
 1.7455178e-003
 1.7491167e-003
 1.7519000e-003
 1.7536052e-003
 1.7540128e-003
 1.7529030e-003
 1.7500558e-003
 1.7452523e-003
 1.7384209e-003
 1.7304231e-003
 1.7224780e-003
 1.7158038e-003
 1.7116204e-003
 1.7111470e-003
 1.7152978e-003
 1.7230731e-003
 1.7327339e-003
 1.7425386e-003
 1.7507512e-003
 1.7556262e-003
 1.7557513e-003
 1.7517513e-003
 1.7450460e-003
 1.7370516e-003
 1.7291937e-003
 1.7228872e-003
 1.7193505e-003
 1.7184909e-003
 1.7197103e-003
 1.7224087e-003
 1.7259876e-003
 1.7298446e-003
 1.7333963e-003
 1.7361456e-003
 1.7376320e-003
 1.7373943e-003
 1.7349728e-003
 1.7299043e-003
 1.7219348e-003
 1.7120998e-003
 1.7019503e-003
 1.6930393e-003
 1.6869137e-003
 1.6851288e-003
 1.6888902e-003
 1.6971987e-003
 1.7081810e-003
 1.7199613e-003
 1.7306628e-003
 1.7384146e-003
 1.7416743e-003
 1.7410892e-003
 1.7381711e-003
 1.7344350e-003
 1.7313934e-003
 1.7305628e-003
 1.7331520e-003
 1.7383933e-003
 1.7447275e-003
 1.7505940e-003
 1.7544315e-003
 1.7546803e-003
 1.7501239e-003
 1.7417894e-003
 1.7316078e-003
 1.7215114e-003
 1.7134325e-003
 1.7093043e-003
 1.7106645e-003
 1.7164653e-003
 1.7246199e-003
 1.7330347e-003
 1.7396163e-003
 1.7422753e-003
 1.7393355e-003
 1.7318808e-003
 1.7221126e-003
 1.7122357e-003
 1.7044554e-003
 1.7009758e-003
 1.7033070e-003
 1.7083518e-003
 1.7111410e-003
 1.7066970e-003
 1.6900473e-003
 1.6562023e-003
 1.6017477e-003
 1.5334779e-003
 1.4624156e-003
 1.3995888e-003
 1.3560252e-003
 1.3427518e-003
 1.3685714e-003
 1.4273435e-003
 1.5068325e-003
 1.5947539e-003
 1.6788158e-003
 1.7467833e-003
 1.7881197e-003
 1.8044153e-003
 1.8021946e-003
 1.7880142e-003
 1.7684264e-003
 1.7499876e-003
 1.7384393e-003
 1.7340980e-003
 1.7350097e-003
 1.7392188e-003
 1.7447680e-003
 1.7496999e-003
 1.7523089e-003
 1.7526026e-003
 1.7513016e-003
 1.7491281e-003
 1.7468059e-003
 1.7450576e-003
 1.7445040e-003
 1.7450651e-003
 1.7463675e-003
 1.7480366e-003
 1.7496975e-003
 1.7509757e-003
 1.7515533e-003
 1.7515024e-003
 1.7510598e-003
 1.7504616e-003
 1.7499456e-003
 1.7497480e-003
 1.7500573e-003
 1.7507231e-003
 1.7514522e-003
 1.7519507e-003
 1.7519244e-003
 1.7510797e-003
 1.7492014e-003
 1.7466195e-003
 1.7438984e-003
 1.7416008e-003
 1.7402910e-003
 1.7405327e-003
 1.7427197e-003
 1.7460536e-003
 1.7492302e-003
 1.7509399e-003
 1.7498755e-003
 1.7447288e-003
 1.7345055e-003
 1.7203951e-003
 1.7045442e-003
 1.6890856e-003
 1.6761631e-003
 1.6679170e-003
 1.6661517e-003
 1.6702847e-003
 1.6787116e-003
 1.6898145e-003
 1.7019858e-003
 1.7136118e-003
 1.7232490e-003
 1.7306769e-003
 1.7361916e-003
 1.7400997e-003
 1.7427042e-003
 1.7443082e-003
 1.7451950e-003
 1.7455022e-003
 1.7453043e-003
 1.7446752e-003
 1.7436885e-003
 1.7424186e-003
 1.7409450e-003
 1.7393854e-003
 1.7378763e-003
 1.7365523e-003
 1.7355502e-003
 1.7350049e-003
 1.7349834e-003
 1.7350533e-003
 1.7345636e-003
 1.7328627e-003
 1.7292975e-003
 1.7232164e-003
 1.7141834e-003
 1.7033318e-003
 1.6924909e-003
 1.6834842e-003
 1.6781479e-003
 1.6783077e-003
 1.6852843e-003
 1.6966676e-003
 1.7084015e-003
 1.7164091e-003
 1.7166266e-003
 1.7049821e-003
 1.6783061e-003
 1.6400388e-003
 1.5965736e-003
 1.5542863e-003
 1.5196053e-003
 1.4989084e-003
 1.4976105e-003
 1.5137970e-003
 1.5422931e-003
 1.5778767e-003
 1.6153635e-003
 1.6495446e-003
 1.6758072e-003
 1.6939166e-003
 1.7056067e-003
 1.7126267e-003
 1.7167162e-003
 1.7196226e-003
 1.7229072e-003
 1.7267701e-003
 1.7307956e-003
 1.7345642e-003
 1.7376596e-003
 1.7396605e-003
 1.7402266e-003
 1.7395936e-003
 1.7382604e-003
 1.7367258e-003
 1.7354904e-003
 1.7350533e-003
 1.7358441e-003
 1.7377626e-003
 1.7404658e-003
 1.7436096e-003
 1.7468517e-003
 1.7498463e-003
 1.7522820e-003
 1.7540824e-003
 1.7552777e-003
 1.7559009e-003
 1.7559831e-003
 1.7555569e-003
 1.7546656e-003
 1.7534436e-003
 1.7520676e-003
 1.7507134e-003
 1.7495572e-003
 1.7487763e-003
 1.7485211e-003
 1.7487518e-003
 1.7493396e-003
 1.7501558e-003
 1.7510701e-003
 1.7519546e-003
 1.7526974e-003
 1.7533317e-003
 1.7539562e-003
 1.7546701e-003
 1.7555732e-003
 1.7567644e-003
 1.7583201e-003
 1.7601372e-003
 1.7620284e-003
 1.7638066e-003
 1.7652834e-003
 1.7662725e-003
 1.7666168e-003
 1.7664043e-003
 1.7658368e-003
 1.7651169e-003
 1.7644470e-003
 1.7640301e-003
 1.7640387e-003
 1.7644131e-003
 1.7649834e-003
 1.7655795e-003
 1.7660304e-003
 1.7661662e-003
 1.7658472e-003
 1.7651783e-003
 1.7643799e-003
 1.7636730e-003
 1.7632784e-003
 1.7634175e-003
 1.7642491e-003
 1.7654366e-003
 1.7664094e-003
 1.7665944e-003
 1.7654190e-003
 1.7623095e-003
 1.7568211e-003
 1.7495028e-003
 1.7413858e-003
 1.7335026e-003
 1.7268860e-003
 1.7225693e-003
 1.7214359e-003
 1.7231853e-003
 1.7269466e-003
 1.7318454e-003
 1.7370061e-003
 1.7415568e-003
 1.7447169e-003
 1.7464949e-003
 1.7472747e-003
 1.7474430e-003
 1.7473873e-003
 1.7474944e-003
 1.7480799e-003
 1.7488763e-003
 1.7493353e-003
 1.7489057e-003
 1.7470373e-003
 1.7431775e-003
 1.7369323e-003
 1.7291558e-003
 1.7213165e-003
 1.7148871e-003
 1.7113391e-003
 1.7121445e-003
 1.7184409e-003
 1.7286113e-003
 1.7397002e-003
 1.7487368e-003
 1.7527521e-003
 1.7488529e-003
 1.7377692e-003
 1.7253556e-003
 1.7178715e-003
 1.7215626e-003
 1.7419917e-003
 1.7728251e-003
 1.7977316e-003
 1.8000372e-003
 1.7630905e-003
 1.6737346e-003
 1.5479462e-003
 1.4161302e-003
 1.3088096e-003
 1.2564464e-003
 1.2807510e-003
 1.3639104e-003
 1.4770877e-003
 1.5914238e-003
 1.6781654e-003
 1.7196480e-003
 1.7261880e-003
 1.7123254e-003
 1.6926110e-003
 1.6814318e-003
 1.6849730e-003
 1.6975886e-003
 1.7126973e-003
 1.7237334e-003
 1.7244644e-003
 1.7147500e-003
 1.6996624e-003
 1.6844596e-003
 1.6743817e-003
 1.6740588e-003
 1.6828475e-003
 1.6974451e-003
 1.7145254e-003
 1.7307746e-003
 1.7432087e-003
 1.7504615e-003
 1.7516112e-003
 1.7457393e-003
 1.7319310e-003
 1.7109474e-003
 1.6877725e-003
 1.6680793e-003
 1.6575145e-003
 1.6616277e-003
 1.6800918e-003
 1.7039704e-003
 1.7236088e-003
 1.7293806e-003
 1.7122723e-003
 1.6747514e-003
 1.6293067e-003
 1.5887698e-003
 1.5659478e-003
 1.5719387e-003
 1.6027042e-003
 1.6464420e-003
 1.6912780e-003
 1.7253674e-003
 1.7394373e-003
 1.7364308e-003
 1.7228164e-003
 1.7050678e-003
 1.6896543e-003
 1.6811047e-003
 1.6789238e-003
 1.6818200e-003
 1.6884998e-003
 1.6976692e-003
 1.7080030e-003
 1.7181308e-003
 1.7266759e-003
 1.7322677e-003
 1.7336137e-003
 1.7310457e-003
 1.7263303e-003
 1.7212853e-003
 1.7177258e-003
 1.7172461e-003
 1.7194413e-003
 1.7228624e-003
 1.7260511e-003
 1.7275489e-003
 1.7262369e-003
 1.7226054e-003
 1.7176267e-003
 1.7122675e-003
 1.7074988e-003
 1.7042536e-003
 1.7027600e-003
 1.7026169e-003
 1.7033990e-003
 1.7046818e-003
 1.7060405e-003
 1.7070598e-003
 1.7075109e-003
 1.7073334e-003
 1.7064721e-003
 1.7048728e-003
 1.7024804e-003
 1.6992543e-003
 1.6954037e-003
 1.6913723e-003
 1.6876074e-003
 1.6845583e-003
 1.6826751e-003
 1.6823885e-003
 1.6837785e-003
 1.6866074e-003
 1.6906225e-003
 1.6955752e-003
 1.7012139e-003
 1.7072806e-003
 1.7133631e-003
 1.7189084e-003
 1.7233620e-003
 1.7261629e-003
 1.7267566e-003
 1.7246262e-003
 1.7200859e-003
 1.7142063e-003
 1.7080934e-003
 1.7028460e-003
 1.6995670e-003
 1.6993068e-003
 1.7020843e-003
 1.7069657e-003
 1.7129862e-003
 1.7191727e-003
 1.7245609e-003
 1.7282123e-003
 1.7298227e-003
 1.7296744e-003
 1.7280709e-003
 1.7253159e-003
 1.7217133e-003
 1.7175677e-003
 1.7131905e-003
 1.7089011e-003
 1.7050169e-003
 1.7018593e-003
 1.6997457e-003
 1.6989822e-003
 1.6996086e-003
 1.7014137e-003
 1.7041767e-003
 1.7076791e-003
 1.7116984e-003
 1.7160149e-003
 1.7203807e-003
 1.7245236e-003
 1.7281730e-003
 1.7310542e-003
 1.7328963e-003
 1.7334422e-003
 1.7327679e-003
 1.7312624e-003
 1.7293278e-003
 1.7273646e-003
 1.7257752e-003
 1.7249449e-003
 1.7249320e-003
 1.7254857e-003
 1.7263422e-003
 1.7272379e-003
 1.7279098e-003
 1.7281048e-003
 1.7278129e-003
 1.7272523e-003
 1.7266514e-003
 1.7262370e-003
 1.7262374e-003
 1.7268689e-003
 1.7281066e-003
 1.7296949e-003
 1.7313695e-003
 1.7328646e-003
 1.7339162e-003
 1.7342677e-003
 1.7338445e-003
 1.7327454e-003
 1.7310773e-003
 1.7289453e-003
 1.7264572e-003
 1.7237336e-003
 1.7212358e-003
 1.7197506e-003
 1.7200786e-003
 1.7230195e-003
 1.7293760e-003
 1.7398328e-003
 1.7526695e-003
 1.7638225e-003
 1.7691345e-003
 1.7644482e-003
 1.7456107e-003
 1.7086890e-003
 1.6548183e-003
 1.5900515e-003
 1.5206450e-003
 1.4528676e-003
 1.3929406e-003
 1.3471622e-003
 1.3217601e-003
 1.3211376e-003
 1.3424263e-003
 1.3810114e-003
 1.4322361e-003
 1.4914939e-003
 1.5541462e-003
 1.6155619e-003
 1.6711105e-003
 1.7161546e-003
 1.7472117e-003
 1.7651826e-003
 1.7720906e-003
 1.7699414e-003
 1.7607451e-003
 1.7465114e-003
 1.7292539e-003
 1.7109727e-003
 1.6936907e-003
 1.6790513e-003
 1.6673021e-003
 1.6583399e-003
 1.6520561e-003
 1.6483503e-003
 1.6471158e-003
 1.6482492e-003
 1.6516454e-003
 1.6572002e-003
 1.6647339e-003
 1.6737801e-003
 1.6837885e-003
 1.6942199e-003
 1.7045285e-003
 1.7141690e-003
 1.7226019e-003
 1.7292773e-003
 1.7336553e-003
 1.7353697e-003
 1.7347757e-003
 1.7324092e-003
 1.7288069e-003
 1.7245023e-003
 1.7200342e-003
 1.7159361e-003
 1.7127446e-003
 1.7109958e-003
 1.7110790e-003
 1.7127926e-003
 1.7157868e-003
 1.7197084e-003
 1.7242086e-003
 1.7289357e-003
 1.7335380e-003
 1.7376667e-003
 1.7409680e-003
 1.7431726e-003
 1.7443323e-003
 1.7445819e-003
 1.7440565e-003
 1.7428914e-003
 1.7412211e-003
 1.7391816e-003
 1.7369071e-003
 1.7345328e-003
 1.7321834e-003
 1.7299374e-003
 1.7278645e-003
 1.7260313e-003
 1.7245067e-003
 1.7233588e-003
 1.7226556e-003
 1.7224654e-003
 1.7228562e-003
 1.7238576e-003
 1.7253412e-003
 1.7271367e-003
 1.7290735e-003
 1.7309827e-003
 1.7326929e-003
 1.7340351e-003
 1.7348388e-003
 1.7349342e-003
 1.7342153e-003
 1.7328465e-003
 1.7310609e-003
 1.7290937e-003
 1.7271779e-003
 1.7255478e-003
 1.7244375e-003
 1.7240809e-003
 1.7247119e-003
 1.7264435e-003
 1.7288767e-003
 1.7314804e-003
 1.7337220e-003
 1.7350693e-003
 1.7350215e-003
 1.7335719e-003
 1.7311126e-003
 1.7280477e-003
 1.7247817e-003
 1.7217185e-003
 1.7192527e-003
 1.7176225e-003
 1.7169428e-003
 1.7173230e-003
 1.7188723e-003
 1.7217011e-003
 1.7258944e-003
 1.7311024e-003
 1.7366312e-003
 1.7417701e-003
 1.7458134e-003
 1.7480551e-003
 1.7478364e-003
 1.7453285e-003
 1.7413814e-003
 1.7368612e-003
 1.7326388e-003
 1.7295812e-003
 1.7285096e-003
 1.7294780e-003
 1.7319088e-003
 1.7352032e-003
 1.7387648e-003
 1.7419981e-003
 1.7443277e-003
 1.7455774e-003
 1.7458952e-003
 1.7454397e-003
 1.7443693e-003
 1.7428426e-003
 1.7410218e-003
 1.7391500e-003
 1.7375327e-003
 1.7364797e-003
 1.7362990e-003
 1.7372998e-003
 1.7397588e-003
 1.7434258e-003
 1.7476064e-003
 1.7515973e-003
 1.7546900e-003
 1.7561807e-003
 1.7554133e-003
 1.7525770e-003
 1.7485655e-003
 1.7442987e-003
 1.7406910e-003
 1.7386621e-003
 1.7390762e-003
 1.7419237e-003
 1.7464565e-003
 1.7519078e-003
 1.7575048e-003
 1.7624800e-003
 1.7660989e-003
 1.7681957e-003
 1.7690921e-003
 1.7691230e-003
 1.7686237e-003
 1.7679299e-003
 1.7673640e-003
 1.7670306e-003
 1.7668492e-003
 1.7667334e-003
 1.7665970e-003
 1.7663538e-003
 1.7659226e-003
 1.7653098e-003
 1.7645977e-003
 1.7638704e-003
 1.7632120e-003
 1.7627069e-003
 1.7624361e-003
 1.7624282e-003
 1.7626666e-003
 1.7631334e-003
 1.7638102e-003
 1.7646794e-003
 1.7657222e-003
 1.7669150e-003
 1.7682302e-003
 1.7696387e-003
 1.7711131e-003
 1.7726240e-003
 1.7741421e-003
 1.7756139e-003
 1.7769630e-003
 1.7781144e-003
 1.7789911e-003
 1.7795180e-003
 1.7796254e-003
 1.7793663e-003
 1.7788989e-003
 1.7783855e-003
 1.7779876e-003
 1.7778674e-003
 1.7781779e-003
 1.7789175e-003
 1.7799484e-003
 1.7811300e-003
 1.7823190e-003
 1.7833753e-003
 1.7841605e-003
 1.7846205e-003
 1.7847717e-003
 1.7846336e-003
 1.7842253e-003
 1.7835660e-003
 1.7826797e-003
 1.7816694e-003
 1.7807106e-003
 1.7799794e-003
 1.7796531e-003
 1.7799080e-003
 1.7809107e-003
 1.7826353e-003
 1.7848887e-003
 1.7874681e-003
 1.7901754e-003
 1.7928082e-003
 1.7951706e-003
 1.7971202e-003
 1.7985669e-003
 1.7994216e-003
 1.7995941e-003
 1.7989955e-003
 1.7975456e-003
 1.7953318e-003
 1.7925897e-003
 1.7895626e-003
 1.7864903e-003
 1.7836168e-003
 1.7811727e-003
 1.7792218e-003
 1.7776729e-003
 1.7764294e-003
 1.7753966e-003
 1.7744781e-003
 1.7735786e-003
 1.7726019e-003
 1.7714890e-003
 1.7703148e-003
 1.7691806e-003
 1.7681901e-003
 1.7674454e-003
 1.7670499e-003
 1.7671057e-003
 1.7677160e-003
 1.7689827e-003
 1.7709588e-003
 1.7735113e-003
 1.7764705e-003
 1.7796622e-003
 1.7829160e-003
 1.7860610e-003
 1.7889233e-003
 1.7913332e-003
 1.7931169e-003
 1.7941641e-003
 1.7945782e-003
 1.7945108e-003
 1.7941138e-003
 1.7935395e-003
 1.7929395e-003
 1.7924664e-003
 1.7922714e-003
 1.7925070e-003
 1.7932754e-003
 1.7945005e-003
 1.7960649e-003
 1.7978519e-003
 1.7997453e-003
 1.8016271e-003
 1.8033820e-003
 1.8048913e-003
 1.8060395e-003
 1.8067487e-003
 1.8070879e-003
 1.8071589e-003
 1.8070624e-003
 1.8069005e-003
 1.8067746e-003
 1.8067863e-003
 1.8070370e-003
 1.8076283e-003
 1.8086210e-003
 1.8099243e-003
 1.8114139e-003
 1.8129644e-003
 1.8144515e-003
 1.8157506e-003
 1.8167364e-003
 1.8172846e-003
 1.8172698e-003
 1.8166176e-003
 1.8154391e-003
 1.8138879e-003
 1.8121172e-003
 1.8102817e-003
 1.8085339e-003
 1.8070289e-003
 1.8059196e-003
 1.8053596e-003
 1.8054554e-003
 1.8061361e-003
 1.8072882e-003
 1.8088004e-003
 1.8105590e-003
 1.8124516e-003
 1.8143672e-003
 1.8161914e-003
 1.8178131e-003
 1.8191471e-003
 1.8202179e-003
 1.8210746e-003
 1.8217660e-003
 1.8223412e-003
 1.8228490e-003
 1.8233389e-003
 1.8238589e-003
 1.8244591e-003
 1.8251714e-003
 1.8259649e-003
 1.8267945e-003
 1.8276138e-003
 1.8283780e-003
 1.8290411e-003
 1.8295575e-003
 1.8298817e-003
 1.8299678e-003
 1.8297706e-003
 1.8292466e-003
 1.8284015e-003
 1.8272866e-003
 1.8259569e-003
 1.8244652e-003
 1.8228672e-003
 1.8212154e-003
 1.8195648e-003
 1.8179693e-003
 1.8164822e-003
 1.8151584e-003
 1.8140514e-003
 1.8132140e-003
 1.8126642e-003
 1.8123864e-003
 1.8123641e-003
 1.8125804e-003
 1.8130190e-003
 1.8136629e-003
 1.8144954e-003
 1.8154994e-003
 1.8166596e-003
 1.8179575e-003
 1.8193780e-003
 1.8209028e-003
 1.8225117e-003
 1.8241798e-003
 1.8258805e-003
 1.8275895e-003
 1.8292804e-003
 1.8309291e-003
 1.8325088e-003
 1.8339945e-003
 1.8353619e-003
 1.8365841e-003
 1.8376367e-003
 1.8384947e-003
 1.8391568e-003
 1.8396440e-003
 1.8399780e-003
 1.8401808e-003
 1.8402743e-003
 1.8402803e-003
 1.8402206e-003
 1.8401173e-003
 1.8399919e-003
 1.8398669e-003
 1.8397635e-003
 1.8397038e-003
 1.8397000e-003
 1.8397567e-003
 1.8398773e-003
 1.8400657e-003
 1.8403251e-003
 1.8406599e-003
 1.8410734e-003
 1.8418500e-003
 1.8440115e-003
 1.8470540e-003
 1.8507669e-003
 1.8546398e-003
 1.8581516e-003
 1.8607790e-003
 1.8620216e-003
 1.8618676e-003
 1.8607888e-003
 1.8592788e-003
 1.8578309e-003
 1.8569363e-003
 1.8570449e-003
 1.8585649e-003
 1.8619031e-003
 1.8674666e-003
 1.8755938e-003
 1.8851210e-003
 1.8934085e-003
 1.8977568e-003
 1.8954654e-003
 1.8838352e-003
 1.8621379e-003
 1.8373186e-003
 1.8181715e-003
 1.8134994e-003
 1.8321006e-003
 1.8827694e-003
 1.9705971e-003
 2.0863276e-003
 2.2173091e-003
 2.3508323e-003
 2.4742491e-003
 2.5748529e-003
 2.6399819e-003
 2.6610945e-003
 2.6454004e-003
 2.6038669e-003
 2.5474725e-003
 2.4871749e-003
 2.4339571e-003
 2.3987773e-003
 2.3926126e-003
 2.4225449e-003
 2.4809972e-003
 2.5569594e-003
 2.6393915e-003
 2.7172877e-003
 2.7796088e-003
 2.8153425e-003
 2.8134647e-003
 2.7666397e-003
 2.6812598e-003
 2.5669511e-003
 2.4332937e-003
 2.2899245e-003
 2.1464161e-003
 2.0124083e-003
 1.8974764e-003
 1.8089877e-003
 1.7459103e-003
 1.7053231e-003
 1.6842821e-003
 1.6798521e-003
 1.6890987e-003
 1.7090875e-003
 1.7368785e-003
 1.7695420e-003
 1.8041346e-003
 1.8377280e-003
 1.8673789e-003
 1.8908222e-003
 1.9081873e-003
 1.9201590e-003
 1.9274153e-003
 1.9306389e-003
 1.9305097e-003
 1.9277089e-003
 1.9229167e-003
 1.9168151e-003
 1.9100829e-003
 1.9034030e-003
 1.8974544e-003
 1.8927652e-003
 1.8893101e-003
 1.8869429e-003
 1.8855169e-003
 1.8848856e-003
 1.8849018e-003
 1.8854189e-003
 1.8862903e-003
 1.8873691e-003
 1.8885089e-003
 1.8895626e-003
 1.8904235e-003
 1.8911252e-003
 1.8917318e-003
 1.8923078e-003
 1.8929171e-003
 1.8936244e-003
 1.8944935e-003
 1.8955889e-003
 1.8969749e-003
 1.8987161e-003
 1.9007893e-003
 1.9028730e-003
 1.9045803e-003
 1.9055237e-003
 1.9053161e-003
 1.9035708e-003
 1.8998999e-003
 1.8939176e-003
 1.8852351e-003
 1.8734675e-003
 1.8584504e-003
 1.8407970e-003
 1.8212772e-003
 1.8006702e-003
 1.7797450e-003
 1.7592810e-003
 1.7400497e-003
 1.7228235e-003
 1.7083808e-003
 1.6974920e-003
 1.6907806e-003
 1.6883495e-003
 1.6901938e-003
 1.6963091e-003
 1.7066891e-003
 1.7213310e-003
 1.7402265e-003
 1.7633752e-003
 1.7907665e-003
 1.8216836e-003
 1.8530317e-003
 1.8812098e-003
 1.9026306e-003
 1.9136951e-003
 1.9108122e-003
 1.8903890e-003
 1.8488270e-003
 1.7846770e-003
 1.7034999e-003
 1.6123368e-003
 1.5181891e-003
 1.4281005e-003
 1.3490733e-003
 1.2881476e-003
 1.2523340e-003
 1.2460110e-003
 1.2649414e-003
 1.3031369e-003
 1.3545966e-003
 1.4133396e-003
 1.4733600e-003
 1.5286796e-003
 1.5732935e-003
 1.6032038e-003
 1.6207914e-003
 1.6297359e-003
 1.6337100e-003
 1.6363899e-003
 1.6414496e-003
 1.6525637e-003
 1.6721867e-003
 1.6988615e-003
 1.7303631e-003
 1.7644541e-003
 1.7989113e-003
 1.8314961e-003
 1.8599319e-003
 1.8817597e-003
 1.8944986e-003
 1.8956596e-003
 1.8827568e-003
 1.8533088e-003
 1.8072424e-003
 1.7520577e-003
 1.6967608e-003
 1.6503318e-003
 1.6217750e-003
 1.6200750e-003
 1.6493077e-003
 1.6982338e-003
 1.7526215e-003
 1.7982618e-003
 1.8209232e-003
 1.8063925e-003
 1.7472883e-003
 1.6573375e-003
 1.5543702e-003
 1.4561834e-003
 1.3805764e-003
 1.3453721e-003
 1.3611511e-003
 1.4163617e-003
 1.4952364e-003
 1.5819789e-003
 1.6608286e-003
 1.7159942e-003
 1.7365738e-003
 1.7264775e-003
 1.6924066e-003
 1.6410904e-003
 1.5792354e-003
 1.5135526e-003
 1.4500732e-003
 1.3927604e-003
 1.3452324e-003
 1.3110646e-003
 1.2938470e-003
 1.2971713e-003
 1.3220378e-003
 1.3617043e-003
 1.4079891e-003
 1.4527098e-003
 1.4876906e-003
 1.5047347e-003
 1.4998848e-003
 1.4816822e-003
 1.4609790e-003
 1.4486263e-003
 1.4554840e-003
 1.4914793e-003
 1.5529185e-003
 1.6257097e-003
 1.6954432e-003
 1.7477629e-003
 1.7693539e-003
 1.7624112e-003
 1.7409268e-003
 1.7191824e-003
 1.7114583e-003
 1.7307873e-003
 1.7720702e-003
 1.8164698e-003
 1.8448437e-003
 1.8380412e-003
 1.7786997e-003
 1.6755821e-003
 1.5569846e-003
 1.4516853e-003
 1.3884548e-003
 1.3938479e-003
 1.4621190e-003
 1.5634963e-003
 1.6676547e-003
 1.7441905e-003
 1.7648061e-003
 1.7298247e-003
 1.6608065e-003
 1.5797940e-003
 1.5088920e-003
 1.4688493e-003
 1.4622794e-003
 1.4784236e-003
 1.5061965e-003
 1.5345232e-003
 1.5529159e-003
 1.5590587e-003
 1.5566202e-003
 1.5494116e-003
 1.5412408e-003
 1.5356978e-003
 1.5333672e-003
 1.5326458e-003
 1.5318791e-003
 1.5294139e-003
 1.5237288e-003
 1.5151377e-003
 1.5052758e-003
 1.4958087e-003
 1.4884003e-003
 1.4846184e-003
 1.4846514e-003
 1.4877011e-003
 1.4929477e-003
 1.4995734e-003
 1.5066507e-003
 1.5118623e-003
 1.5118903e-003
 1.5033931e-003
 1.4830349e-003
 1.4481237e-003
 1.4045893e-003
 1.3644798e-003
 1.3400041e-003
 1.3433396e-003
 1.3853054e-003
 1.4586991e-003
 1.5435116e-003
 1.6195198e-003
 1.6664849e-003
 1.6657425e-003
 1.6191960e-003
 1.5432447e-003
 1.4545554e-003
 1.3698017e-003
 1.3046856e-003
 1.2625143e-003
 1.2378638e-003
 1.2251522e-003
 1.2187957e-003
 1.2135984e-003
 1.2093032e-003
 1.2090816e-003
 1.2161750e-003
 1.2338294e-003
 1.2647964e-003
 1.3057062e-003
 1.3489587e-003
 1.3868782e-003
 1.4117612e-003
 1.4164557e-003
 1.4003932e-003
 1.3675124e-003
 1.3218664e-003
 1.2674859e-003
 1.2085625e-003
 1.1512308e-003
 1.1029388e-003
 1.0711943e-003
 1.0634676e-003
 1.0862724e-003
 1.1340901e-003
 1.1932091e-003
 1.2497974e-003
 1.2900147e-003
 1.3014483e-003
 1.2892886e-003
 1.2705800e-003
 1.2625813e-003
 1.2825601e-003
 1.3457909e-003
 1.4434168e-003
 1.5504438e-003
 1.6415834e-003
 1.6915511e-003
 1.6774419e-003
 1.6055957e-003
 1.5017356e-003
 1.3919098e-003
 1.3022481e-003
 1.2566479e-003
 1.2532333e-003
 1.2730961e-003
 1.2970064e-003
 1.3057500e-003
 1.2819495e-003
 1.2301222e-003
 1.1691435e-003
 1.1181877e-003
 1.0963809e-003
 1.1210170e-003
 1.1875983e-003
 1.2773400e-003
 1.3712602e-003
 1.4503649e-003
 1.4971236e-003
 1.5110251e-003
 1.5026510e-003
 1.4827542e-003
 1.4620874e-003
 1.4505824e-003
 1.4486621e-003
 1.4506062e-003
 1.4505966e-003
 1.4428127e-003
 1.4222085e-003
 1.3925951e-003
 1.3634569e-003
 1.3443691e-003
 1.3449199e-003
 1.3736662e-003
 1.4275857e-003
 1.4962793e-003
 1.5692464e-003
 1.6359329e-003
 1.6862258e-003
 1.7143823e-003
 1.7174351e-003
 1.6924604e-003
 1.6365404e-003
 1.5477820e-003
 1.4358095e-003
 1.3175962e-003
 1.2101475e-003
 1.1304925e-003
 1.0939771e-003
 1.0972397e-003
 1.1251810e-003
 1.1625376e-003
 1.1940463e-003
 1.2059773e-003
 1.2015450e-003
 1.1945061e-003
 1.1987687e-003
 1.2282532e-003
 1.2951606e-003
 1.3931225e-003
 1.5042938e-003
 1.6106846e-003
 1.6942270e-003
 1.7381423e-003
 1.7387629e-003
 1.7004804e-003
 1.6277824e-003
 1.5252139e-003
 1.3981549e-003
 1.2615370e-003
 1.1360811e-003
 1.0426822e-003
 1.0021396e-003
 1.0325642e-003
 1.1230055e-003
 1.2448056e-003
 1.3691240e-003
 1.4671051e-003
 1.5121761e-003
 1.5019831e-003
 1.4487825e-003
 1.3650281e-003
 1.2631699e-003
 1.1555277e-003
 1.0533941e-003
 9.6732058e-004
 9.0787595e-004
 8.8562811e-004
 9.0963265e-004
 9.7300438e-004
 1.0594006e-003
 1.1523754e-003
 1.2354129e-003
 1.2933603e-003
 1.3244235e-003
 1.3347194e-003
 1.3304647e-003
 1.3178829e-003
 1.3027951e-003
 1.2869309e-003
 1.2696100e-003
 1.2501351e-003
 1.2277967e-003
 1.2023801e-003
 1.1786753e-003
 1.1644154e-003
 1.1673503e-003
 1.1952372e-003
 1.2540314e-003
 1.3315028e-003
 1.4047938e-003
 1.4509759e-003
 1.4471030e-003
 1.3735788e-003
 1.2447180e-003
 1.0943102e-003
 9.5638871e-004
 8.6497352e-004
 8.5055671e-004
 9.0784219e-004
 1.0111015e-003
 1.1343646e-003
 1.2516862e-003
 1.3392611e-003
 1.3953351e-003
 1.4306301e-003
 1.4560191e-003
 1.4823595e-003
 1.5192337e-003
 1.5635787e-003
 1.6051858e-003
 1.6337350e-003
 1.6389377e-003
 1.6122703e-003
 1.5624365e-003
 1.5078830e-003
 1.4671276e-003
 1.4586978e-003
 1.4983106e-003
 1.5746068e-003
 1.6610103e-003
 1.7308352e-003
 1.7573816e-003
 1.7174975e-003
 1.6221853e-003
 1.5013834e-003
 1.3852334e-003
 1.3038645e-003
 1.2838810e-003
 1.3178297e-003
 1.3795196e-003
 1.4425622e-003
 1.4805737e-003
 1.4699249e-003
 1.4132179e-003
 1.3274135e-003
 1.2295967e-003
 1.1369264e-003
 1.0653262e-003
 1.0198880e-003
 9.9978247e-004
 1.0041320e-003
 1.0320417e-003
 1.0820078e-003
 1.1468127e-003
 1.2161594e-003
 1.2796690e-003
 1.3270145e-003
 1.3494540e-003
 1.3529756e-003
 1.3515005e-003
 1.3590276e-003
 1.3895532e-003
 1.4545594e-003
 1.5423563e-003
 1.6289307e-003
 1.6901410e-003
 1.7018412e-003
 1.6437790e-003
 1.5310008e-003
 1.3972942e-003
 1.2766192e-003
 1.2029267e-003
 1.2058830e-003
 1.2761526e-003
 1.3838605e-003
 1.4989714e-003
 1.5913632e-003
 1.6343455e-003
 1.6309895e-003
 1.5999944e-003
 1.5602256e-003
 1.5305249e-003
 1.5274351e-003
 1.5471246e-003
 1.5751394e-003
 1.5969104e-003
 1.5978918e-003
 1.5654805e-003
 1.5041686e-003
 1.4273690e-003
 1.3485261e-003
 1.2810958e-003
 1.2369538e-003
 1.2143061e-003
 1.2042680e-003
 1.1979102e-003
 1.1863034e-003
 1.1620122e-003
 1.1305957e-003
 1.1042381e-003
 1.0951821e-003
 1.1156788e-003
 1.1757743e-003
 1.2667538e-003
 1.3703583e-003
 1.4682742e-003
 1.5421163e-003
 1.5759225e-003
 1.5736817e-003
 1.5494786e-003
 1.5174681e-003
 1.4918311e-003
 1.4854105e-003
 1.4999771e-003
 1.5317471e-003
 1.5768685e-003
 1.6315118e-003
 1.6914807e-003
 1.7495714e-003
 1.7970285e-003
 1.8251307e-003
 1.8251411e-003
 1.7903381e-003
 1.7308961e-003
 1.6653340e-003
 1.6122336e-003
 1.5901775e-003
 1.6146052e-003
 1.6748686e-003
 1.7474885e-003
 1.8088942e-003
 1.8355163e-003
 1.8075178e-003
 1.7358223e-003
 1.6463898e-003
 1.5652673e-003
 1.5185614e-003
 1.5283691e-003
 1.5847244e-003
 1.6620500e-003
 1.7346784e-003
 1.7768873e-003
 1.7667194e-003
 1.7121090e-003
 1.6354357e-003
 1.5592334e-003
 1.5059785e-003
 1.4954397e-003
 1.5255639e-003
 1.5837799e-003
 1.6574690e-003
 1.7340095e-003
 1.8013784e-003
 1.8523186e-003
 1.8818097e-003
 1.8848846e-003
 1.8565620e-003
 1.7937893e-003
 1.7089403e-003
 1.6216391e-003
 1.5515650e-003
 1.5183949e-003
 1.5386031e-003
 1.6033729e-003
 1.6919988e-003
 1.7837260e-003
 1.8577316e-003
 1.8959194e-003
 1.9008251e-003
 1.8846572e-003
 1.8596728e-003
 1.8381499e-003
 1.8305649e-003
 1.8336516e-003
 1.8377461e-003
 1.8331450e-003
 1.8101501e-003
 1.7610701e-003
 1.6935831e-003
 1.6225337e-003
 1.5627553e-003
 1.5290963e-003
 1.5334486e-003
 1.5652319e-003
 1.6035073e-003
 1.6273060e-003
 1.6156537e-003
 1.5517568e-003
 1.4505937e-003
 1.3415795e-003
 1.2542121e-003
 1.2179889e-003
 1.2574731e-003
 1.3600599e-003
 1.4963252e-003
 1.6367616e-003
 1.7518833e-003
 1.8158525e-003
 1.8306567e-003
 1.8107458e-003
 1.7706207e-003
 1.7248141e-003
 1.6865823e-003
 1.6599882e-003
 1.6449718e-003
 1.6414640e-003
 1.6493830e-003
 1.6676994e-003
 1.6884037e-003
 1.7003636e-003
 1.6924494e-003
 1.6535264e-003
 1.5757702e-003
 1.4754110e-003
 1.3794003e-003
 1.3146616e-003
 1.3081408e-003
 1.3809532e-003
 1.5118486e-003
 1.6610490e-003
 1.7886891e-003
 1.8549090e-003
 1.8268779e-003
 1.7225336e-003
 1.5819101e-003
 1.4451343e-003
 1.3523193e-003
 1.3377889e-003
 1.3941248e-003
 1.4958759e-003
 1.6175471e-003
 1.7335516e-003
 1.8208493e-003
 1.8737238e-003
 1.8939343e-003
 1.8832588e-003
 1.8434935e-003
 1.7777843e-003
 1.6988015e-003
 1.6232774e-003
 1.5680143e-003
 1.5497567e-003
 1.5816581e-003
 1.6517504e-003
 1.7373159e-003
 1.8156489e-003
 1.8640304e-003
 1.8633648e-003
 1.8196618e-003
 1.7495384e-003
 1.6696427e-003
 1.5966236e-003
 1.5455353e-003
 1.5205865e-003
 1.5213782e-003
 1.5475110e-003
 1.5986008e-003
 1.6725603e-003
 1.7560046e-003
 1.8308167e-003
 1.8788700e-003
 1.8820046e-003
 1.8265926e-003
 1.7293517e-003
 1.6195516e-003
 1.5265848e-003
 1.4797609e-003
 1.5025426e-003
 1.5789665e-003
 1.6768647e-003
 1.7639422e-003
 1.8079802e-003
 1.7826693e-003
 1.7012247e-003
 1.5931026e-003
 1.4877496e-003
 1.4146260e-003
 1.3984861e-003
 1.4329177e-003
 1.4988288e-003
 1.5771026e-003
 1.6486218e-003
 1.6944688e-003
 1.7069294e-003
 1.6955554e-003
 1.6713430e-003
 1.6452828e-003
 1.6283860e-003
 1.6315065e-003
 1.6577552e-003
 1.6984545e-003
 1.7439055e-003
 1.7844382e-003
 1.8103747e-003
 1.8121406e-003
 1.7859888e-003
 1.7370173e-003
 1.6710403e-003
 1.5938756e-003
 1.5113208e-003
 1.4292166e-003
 1.3523977e-003
 1.2842971e-003
 1.2282195e-003
 1.1875092e-003
 1.1654677e-003
 1.1653347e-003
 1.1862188e-003
 1.2210455e-003
 1.2622533e-003
 1.3022770e-003
 1.3335524e-003
 1.3486260e-003
 1.3458722e-003
 1.3323047e-003
 1.3156261e-003
 1.3035368e-003
 1.3037472e-003
 1.3239557e-003
 1.3699258e-003
 1.4353531e-003
 1.5092363e-003
 1.5806115e-003
 1.6385008e-003
 1.6719268e-003
 1.6699062e-003
 1.6240189e-003
 1.5416316e-003
 1.4361171e-003
 1.3208328e-003
 1.2092206e-003
 1.1146384e-003
 1.0504706e-003
 1.0276029e-003
 1.0416680e-003
 1.0825180e-003
 1.1400054e-003
 1.2039825e-003
 1.2643149e-003
 1.3108240e-003
 1.3352605e-003
 1.3407482e-003
 1.3346680e-003
 1.3244147e-003
 1.3173785e-003
 1.3209494e-003
 1.3425261e-003
 1.3877859e-003
 1.4522166e-003
 1.5275253e-003
 1.6054311e-003
 1.6775957e-003
 1.7357386e-003
 1.7715604e-003
 1.7784321e-003
 1.7596174e-003
 1.7220316e-003
 1.6725843e-003
 1.6181861e-003
 1.5657360e-003
 1.5221713e-003
 1.4931622e-003
 1.4771904e-003
 1.4701177e-003
 1.4678058e-003
 1.4661114e-003
 1.4608937e-003
 1.4480117e-003
 1.4243632e-003
 1.3929399e-003
 1.3589058e-003
 1.3274321e-003
 1.3036858e-003
 1.2928504e-003
 1.3000905e-003
 1.3291842e-003
 1.3759059e-003
 1.4331319e-003
 1.4937677e-003
 1.5507099e-003
 1.5968549e-003
 1.6251026e-003
 1.6299558e-003
 1.6151739e-003
 1.5877712e-003
 1.5547576e-003
 1.5231688e-003
 1.5000150e-003
 1.4923150e-003
 1.5057201e-003
 1.5381301e-003
 1.5847408e-003
 1.6407442e-003
 1.7013469e-003
 1.7617118e-003
 1.8170447e-003
 1.8627654e-003
 1.8955641e-003
 1.9125744e-003
 1.9109183e-003
 1.8877342e-003
 1.8401535e-003
 1.7652864e-003
 1.6621009e-003
 1.5394717e-003
 1.4097098e-003
 1.2851011e-003
 1.1780210e-003
 1.1007529e-003
 1.0656104e-003
 1.0818000e-003
 1.1415203e-003
 1.2311225e-003
 1.3369926e-003
 1.4455075e-003
 1.5430646e-003
 1.6159916e-003
 1.6533799e-003
 1.6588789e-003
 1.6410514e-003
 1.6084805e-003
 1.5697373e-003
 1.5333946e-003
 1.5080252e-003
 1.5020571e-003
 1.5183039e-003
 1.5523226e-003
 1.5991947e-003
 1.6540149e-003
 1.7118377e-003
 1.7677568e-003
 1.8168534e-003
 1.8542997e-003
 1.8783684e-003
 1.8913560e-003
 1.8958093e-003
 1.8942751e-003
 1.8892980e-003
 1.8834276e-003
 1.8792097e-003
 1.8791399e-003
 1.8838639e-003
 1.8916774e-003
 1.9007287e-003
 1.9091655e-003
 1.9151365e-003
 1.9167862e-003
 1.9122639e-003
 1.8997698e-003
 1.8793626e-003
 1.8534568e-003
 1.8246006e-003
 1.7953455e-003
 1.7682440e-003
 1.7458431e-003
 1.7307061e-003
 1.7253219e-003
 1.7301590e-003
 1.7431756e-003
 1.7621624e-003
 1.7849187e-003
 1.8092417e-003
 1.8329341e-003
 1.8537814e-003
 1.8696273e-003
 1.8797086e-003
 1.8849834e-003
 1.8865152e-003
 1.8853666e-003
 1.8826027e-003
 1.8792865e-003
 1.8764812e-003
 1.8752341e-003
 1.8759865e-003
 1.8784461e-003
 1.8822772e-003
 1.8871408e-003
 1.8927011e-003
 1.8986214e-003
 1.9045648e-003
 1.9101979e-003
 1.9152620e-003
 1.9195962e-003
 1.9230444e-003
 1.9254507e-003
 1.9266572e-003
 1.9265087e-003
 1.9248486e-003
 1.9215321e-003
 1.9168127e-003
 1.9114164e-003
 1.9060973e-003
 1.9016081e-003
 1.8987054e-003
 1.8981417e-003
 1.9006709e-003
 1.9070104e-003
 1.9167020e-003
 1.9278869e-003
 1.9386328e-003
 1.9470052e-003
 1.9510699e-003
 1.9488906e-003
 1.9385340e-003
 1.9181416e-003
 1.8881985e-003
 1.8519706e-003
 1.8128590e-003
 1.7742716e-003
 1.7396158e-003
 1.7122939e-003
 1.6957271e-003
 1.6932189e-003
 1.7051286e-003
 1.7283969e-003
 1.7597547e-003
 1.7959485e-003
 1.8337207e-003
 1.8698216e-003
 1.9009759e-003
 1.9240001e-003
 1.9376604e-003
 1.9429740e-003
 1.9410820e-003
 1.9331264e-003
 1.9202500e-003
 1.9035941e-003
 1.8842957e-003
 1.8634952e-003
 1.8419868e-003
 1.8201927e-003
 1.7985094e-003
 1.7773483e-003
 1.7571060e-003
 1.7381842e-003
 1.7209802e-003
 1.7058720e-003
 1.6923069e-003
 1.6787021e-003
 1.6634188e-003
 1.6448135e-003
 1.6212559e-003
 1.5911038e-003
 1.5527187e-003
 1.5045233e-003
 1.4470785e-003
 1.3832593e-003
 1.3160751e-003
 1.2485192e-003
 1.1836335e-003
 1.1244109e-003
 1.0738607e-003
 1.0349919e-003
 1.0107351e-003
 1.0019541e-003
 1.0071946e-003
 1.0248913e-003
 1.0534865e-003
 1.0914007e-003
 1.1370737e-003
 1.1889405e-003
 1.2454491e-003
 1.3050064e-003
 1.3660727e-003
 1.4274230e-003
 1.4881911e-003
 1.5475430e-003
 1.6046023e-003
 1.6585358e-003
 1.7084951e-003
 1.7536428e-003
 1.7931092e-003
 1.8260576e-003
 1.8516711e-003
 1.8699516e-003
 1.8817676e-003
 1.8880457e-003
 1.8897067e-003
 1.8876720e-003
 1.8828609e-003
 1.8761972e-003
 1.8686012e-003
 1.8609937e-003
 1.8542812e-003
 1.8490338e-003
 1.8454519e-003
 1.8437209e-003
 1.8440258e-003
 1.8465519e-003
 1.8514836e-003
 1.8590062e-003
 1.8693075e-003
 1.8825672e-003
 1.8989380e-003
 1.9176882e-003
 1.9371579e-003
 1.9556477e-003
 1.9714446e-003
 1.9828493e-003
 1.9881579e-003
 1.9856652e-003
 1.9736679e-003
 1.9504623e-003
 1.9144418e-003
 1.8663731e-003
 1.8095425e-003
 1.7473185e-003
 1.6830795e-003
 1.6202038e-003
 1.5620573e-003
 1.5120468e-003
 1.4735362e-003
 1.4499041e-003
 1.4443891e-003
 1.4568320e-003
 1.4835733e-003
 1.5207964e-003
 1.5646974e-003
 1.6114382e-003
 1.6572132e-003
 1.6982068e-003
 1.7306029e-003
 1.7505890e-003
 1.7544788e-003
 1.7419092e-003
 1.7158677e-003
 1.6794835e-003
 1.6359128e-003
 1.5882864e-003
 1.5397425e-003
 1.4934090e-003
 1.4524468e-003
 1.4199829e-003
 1.3990554e-003
 1.3903821e-003
 1.3923566e-003
 1.4032635e-003
 1.4213913e-003
 1.4450279e-003
 1.4724681e-003
 1.5019869e-003
 1.5318785e-003
 1.5604306e-003
 1.5859829e-003
 1.6078821e-003
 1.6265115e-003
 1.6422917e-003
 1.6556461e-003
 1.6669887e-003
 1.6767434e-003
 1.6853308e-003
 1.6931711e-003
 1.7006864e-003
 1.7082884e-003
 1.7162747e-003
 1.7248230e-003
 1.7341092e-003
 1.7443027e-003
 1.7555784e-003
 1.7681102e-003
 1.7820749e-003
 1.7976391e-003
 1.8149795e-003
 1.8342317e-003
 1.8547111e-003
 1.8749442e-003
 1.8934093e-003
 1.9086008e-003
 1.9190073e-003
 1.9231177e-003
 1.9194189e-003
 1.9064014e-003
 1.8825541e-003
 1.8464674e-003
 1.7991345e-003
 1.7437954e-003
 1.6837885e-003
 1.6224380e-003
 1.5631116e-003
 1.5091331e-003
 1.4638413e-003
 1.4305742e-003
 1.4126680e-003
 1.4133144e-003
 1.4324416e-003
 1.4669145e-003
 1.5134913e-003
 1.5688938e-003
 1.6298771e-003
 1.6931861e-003
 1.7555808e-003
 1.8137754e-003
 1.8645306e-003
 1.9047058e-003
 1.9334956e-003
 1.9522785e-003
 1.9625048e-003
 1.9656385e-003
 1.9631388e-003
 1.9564619e-003
 1.9470706e-003
 1.9364221e-003
 1.9259750e-003
 1.9171429e-003
 1.9104730e-003
 1.9057010e-003
 1.9025351e-003
 1.9006839e-003
 1.8998547e-003
 1.8997565e-003
 1.9000972e-003
 1.9005846e-003
 1.9009270e-003
 1.9008415e-003
 1.9002222e-003
 1.8991247e-003
 1.8976100e-003
 1.8957402e-003
 1.8935765e-003
 1.8911802e-003
 1.8886118e-003
 1.8859346e-003
 1.8832089e-003
 1.8804981e-003
 1.8779070e-003
 1.8755749e-003
 1.8736456e-003
 1.8722604e-003
 1.8715609e-003
 1.8716896e-003
 1.8727886e-003
 1.8749996e-003
 1.8784646e-003
 1.8833115e-003
 1.8893771e-003
 1.8962444e-003
 1.9034866e-003
 1.9106775e-003
 1.9173913e-003
 1.9231988e-003
 1.9276747e-003
 1.9303923e-003
 1.9309248e-003
 1.9288715e-003
 1.9243145e-003
 1.9177594e-003
 1.9097246e-003
 1.9007343e-003
 1.8913067e-003
 1.8819622e-003
 1.8732211e-003
 1.8656020e-003
 1.8596286e-003
 1.8557964e-003
 1.8541856e-003
 1.8545135e-003
 1.8564860e-003
 1.8598082e-003
 1.8641852e-003
 1.8693240e-003
 1.8749277e-003
 1.8807027e-003
 1.8863543e-003
 1.8915972e-003
 1.8963061e-003
 1.9004884e-003
 1.9041606e-003
 1.9073370e-003
 1.9100331e-003
 1.9122622e-003
 1.9140397e-003
 1.9153804e-003
 1.9162990e-003
 1.9168106e-003
 1.9169471e-003
 1.9167535e-003
 1.9162742e-003
 1.9155553e-003
 1.9146418e-003
 1.9135791e-003
 1.9124119e-003
 1.9111858e-003
 1.9099463e-003
 1.9087360e-003
 1.9075557e-003
 1.9063711e-003
 1.9051466e-003
 1.9038474e-003
 1.9024374e-003
 1.9008813e-003
 1.8991440e-003
 1.8971901e-003
 1.8949837e-003
 1.8924958e-003
 1.8897933e-003
 1.8870272e-003
 1.8843475e-003
 1.8819063e-003
 1.8798542e-003
 1.8783441e-003
 1.8775263e-003
 1.8775528e-003
 1.8785752e-003
 1.8807312e-003
 1.8839425e-003
 1.8879535e-003
 1.8925024e-003
 1.8973297e-003
 1.9021716e-003
 1.9067683e-003
 1.9108584e-003
 1.9141817e-003
 1.9164754e-003
 1.9174953e-003
 1.9172613e-003
 1.9160064e-003
 1.9139707e-003
 1.9113938e-003
 1.9085148e-003
 1.9055728e-003
 1.9028087e-003
 1.9004614e-003
 1.8987705e-003
 1.8979628e-003
 1.8980671e-003
 1.8989530e-003
 1.9004857e-003
 1.9025310e-003
 1.9049544e-003
 1.9076205e-003
 1.9103946e-003
 1.9131430e-003
 1.9157309e-003
 1.9180273e-003
 1.9199733e-003
 1.9215657e-003
 1.9228021e-003
 1.9236807e-003
 1.9241991e-003
 1.9243555e-003
 1.9241478e-003
 1.9235739e-003
 1.9226318e-003
 1.9213222e-003
 1.9196873e-003
 1.9178013e-003
 1.9157398e-003
 1.9135784e-003
 1.9113917e-003
 1.9092559e-003
 1.9072453e-003
 1.9054362e-003
 1.9039034e-003
 1.9027181e-003
 1.9018839e-003
 1.9013538e-003
 1.9010786e-003
 1.9010101e-003
 1.9010986e-003
 1.9012960e-003
 1.9015531e-003
 1.9018215e-003
 1.9020519e-003
 1.9021984e-003
 1.9022515e-003
 1.9022301e-003
 1.9021538e-003
 1.9020423e-003
 1.9019148e-003
 1.9017910e-003
 1.9016904e-003
 1.9016329e-003
 1.9016375e-003
 1.9017218e-003
 1.9018676e-003
 1.9020310e-003
 1.9021671e-003
 1.9022309e-003
 1.9021775e-003
 1.9019626e-003
 1.9015404e-003
 1.9008671e-003
 1.8998974e-003
 1.8985915e-003
 1.8969836e-003
 1.8951640e-003
 1.8932226e-003
 1.8912501e-003
 1.8893366e-003
 1.8875737e-003
 1.8860516e-003
 1.8848612e-003
 1.8840923e-003
 1.8838290e-003
 1.8840536e-003
 1.8846743e-003
 1.8855977e-003
 1.8867305e-003
 1.8879792e-003
 1.8892504e-003
 1.8904505e-003
 1.8914867e-003
 1.8922648e-003
 1.8926969e-003
 1.8927617e-003
 1.8924874e-003
 1.8919030e-003
 1.8910376e-003
 1.8899197e-003
 1.8885792e-003
 1.8870442e-003
 1.8853446e-003
 1.8835092e-003
 1.8815690e-003
 1.8795782e-003
 1.8776115e-003
 1.8757408e-003
 1.8740401e-003
 1.8725817e-003
 1.8714396e-003
 1.8706870e-003
 1.8703971e-003
 1.8706426e-003
 1.8714886e-003
 1.8728793e-003
 1.8746756e-003
 1.8767359e-003
 1.8789201e-003
 1.8810852e-003
 1.8830912e-003
 1.8847964e-003
 1.8860600e-003
 1.8867401e-003
 1.8867084e-003
 1.8859981e-003
 1.8847556e-003
 1.8831290e-003
 1.8812683e-003
 1.8793213e-003
 1.8774372e-003
 1.8757639e-003
 1.8744515e-003
 1.8736480e-003
 1.8734899e-003
 1.8739568e-003
 1.8749195e-003
 1.8762472e-003
 1.8778084e-003
 1.8794724e-003
 1.8811085e-003
 1.8825844e-003
 1.8837700e-003
 1.8845338e-003
 1.8847568e-003
 1.8844748e-003
 1.8838280e-003
 1.8829593e-003
 1.8820110e-003
 1.8811260e-003
 1.8804467e-003
 1.8801156e-003
 1.8802757e-003
 1.8810692e-003
 1.8826250e-003
 1.8849001e-003
 1.8877359e-003
 1.8909726e-003
 1.8944476e-003
 1.8980011e-003
 1.9014725e-003
 1.9047011e-003
 1.9075254e-003
 1.9097847e-003
 1.9113306e-003
 1.9121544e-003
 1.9123410e-003
 1.9119781e-003
 1.9111527e-003
 1.9099518e-003
 1.9084621e-003
 1.9067717e-003
 1.9049672e-003
 1.9031354e-003
 1.9013740e-003
 1.8999048e-003
 1.8990308e-003
 1.8990564e-003
 1.9002863e-003
 1.9030246e-003
 1.9075762e-003
 1.9142452e-003
 1.9233364e-003
 1.9351573e-003
 1.9499918e-003
 1.9679563e-003
 1.9890517e-003
 2.0132810e-003
 2.0406316e-003
 2.0711063e-003
 2.1047040e-003
 2.1414312e-003
 2.1812688e-003
 2.2242230e-003
 2.2702457e-003
 2.3187567e-003
 2.3687950e-003
 2.4194261e-003
 2.4697063e-003
 2.5186907e-003
 2.5654454e-003
 2.6090038e-003
 2.6484323e-003
 2.6827864e-003
 2.7112782e-003
 2.7348041e-003
 2.7553653e-003
 2.7749711e-003
 2.7956357e-003
 2.8193593e-003
 2.8481570e-003
 2.8840371e-003
 2.9290102e-003
 2.9851003e-003
 3.0541238e-003
 3.1360746e-003
 3.2297682e-003
 3.3340277e-003
 3.4476016e-003
 3.5693105e-003
 3.6979537e-003
 3.8323596e-003
 3.9712633e-003
 4.1134921e-003
 4.2577386e-003
 4.4015124e-003
 4.5416295e-003
 4.6747923e-003
 4.7978065e-003
 4.9074427e-003
 5.0004930e-003
 5.0736829e-003
 5.1238071e-003
 5.1476373e-003
 5.1423400e-003
 5.1094061e-003
 5.0529670e-003
 4.9771904e-003
 4.8862174e-003
 4.7842609e-003
 4.6754666e-003
 4.5639994e-003
 4.4540283e-003
 4.3496941e-003
 4.2548180e-003
 4.1689216e-003
 4.0890095e-003
 4.0120278e-003
 3.9349813e-003
 3.8548179e-003
 3.7685046e-003
 3.6729833e-003
 3.5652672e-003
 3.4423009e-003
 3.3014948e-003
 3.1448950e-003
 2.9772709e-003
 2.8035499e-003
 2.6285411e-003
 2.4570907e-003
 2.2940089e-003
 2.1442205e-003
 2.0125336e-003
 1.9037945e-003
 1.8223439e-003
 1.7675280e-003
 1.7356584e-003
 1.7230313e-003
 1.7259431e-003
 1.7406947e-003
 1.7635748e-003
 1.7908817e-003
 1.8189121e-003
 1.8439674e-003
 1.8626086e-003
 1.8742247e-003
 1.8798318e-003
 1.8804648e-003
 1.8771602e-003
 1.8709541e-003
 1.8628825e-003
 1.8539792e-003
 1.8452844e-003
 1.8378323e-003
 1.8325759e-003
 1.8296494e-003
 1.8287157e-003
 1.8294320e-003
 1.8314555e-003
 1.8344431e-003
 1.8380532e-003
 1.8419413e-003
 1.8457649e-003
 1.8491818e-003
 1.8518760e-003
 1.8537884e-003
 1.8550094e-003
 1.8556293e-003
 1.8557393e-003
 1.8554304e-003
 1.8547936e-003
 1.8539192e-003
 1.8528990e-003
 1.8518231e-003
 1.8507860e-003
 1.8499107e-003
 1.8493372e-003
 1.8492055e-003
 1.8496553e-003
 1.8508269e-003
 1.8528599e-003
 1.8558943e-003
 1.8600714e-003
 1.8655291e-003
 1.8723489e-003
 1.8800508e-003
 1.8878444e-003
 1.8949320e-003
 1.9005206e-003
 1.9038159e-003
 1.9040226e-003
 1.9003464e-003
 1.8919926e-003
 1.8781669e-003
 1.8580751e-003
 1.8310419e-003
 1.7975994e-003
 1.7589086e-003
 1.7161425e-003
 1.6704627e-003
 1.6230644e-003
 1.5751097e-003
 1.5277717e-003
 1.4822130e-003
 1.4396282e-003
 1.4011792e-003
 1.3680394e-003
 1.3413756e-003
 1.3223743e-003
 1.3120682e-003
 1.3102830e-003
 1.3161938e-003
 1.3289726e-003
 1.3477819e-003
 1.3717922e-003
 1.4001722e-003
 1.4320986e-003
 1.4667243e-003
 1.5032251e-003
 1.5407692e-003
 1.5785348e-003
 1.6156717e-003
 1.6513575e-003
 1.6847607e-003
 1.7150502e-003
 1.7413999e-003
 1.7629657e-003
 1.7790089e-003
 1.7895487e-003
 1.7950055e-003
 1.7958005e-003
 1.7923589e-003
 1.7851040e-003
 1.7744565e-003
 1.7608450e-003
 1.7446902e-003
 1.7264164e-003
 1.7064464e-003
 1.6851986e-003
 1.6631066e-003
 1.6405892e-003
 1.6180691e-003
 1.5959655e-003
 1.5747115e-003
 1.5547257e-003
 1.5364314e-003
 1.5202485e-003
 1.5066081e-003
 1.4959296e-003
 1.4885911e-003
 1.4845820e-003
 1.4836959e-003
 1.4857217e-003
 1.4904496e-003
 1.4976702e-003
 1.5071756e-003
 1.5187517e-003
 1.5321909e-003
 1.5472830e-003
 1.5638227e-003
 1.5815925e-003
 1.6003858e-003
 1.6199929e-003
 1.6402092e-003
 1.6608152e-003
 1.6816059e-003
 1.7023713e-003
 1.7229017e-003
 1.7429920e-003
 1.7624231e-003
 1.7809897e-003
 1.7984821e-003
 1.8146945e-003
 1.8294088e-003
 1.8424198e-003
 1.8535400e-003
 1.8627704e-003
 1.8701984e-003
 1.8759179e-003
 1.8800210e-003
 1.8825996e-003
 1.8837453e-003
 1.8835501e-003
 1.8821058e-003
 1.8795045e-003
 1.8758372e-003
 1.8711976e-003
 1.8656766e-003
 1.8593660e-003
 1.8523561e-003
 1.8447425e-003
 1.8366151e-003
 1.8280656e-003
 1.8191843e-003
 1.8100670e-003
 1.8008036e-003
 1.7914858e-003
 1.7822058e-003
 1.7730531e-003
 1.7641241e-003
 1.7555085e-003
 1.7472979e-003
 1.7395831e-003
 1.7324588e-003
 1.7260157e-003
 1.7203357e-003
 1.7154218e-003
 1.7112441e-003
 1.7077686e-003
 1.7049625e-003
 1.7027932e-003
 1.7012277e-003
 1.7002339e-003
 1.6997786e-003
 1.6998294e-003
 1.7003531e-003
 1.7013176e-003
 1.7026899e-003
 1.7044371e-003
 1.7065270e-003
 1.7089263e-003
 1.7116022e-003
 1.7145224e-003
 1.7176538e-003
 1.7209651e-003
 1.7244216e-003
 1.7279912e-003
 1.7316416e-003
 1.7353405e-003
 1.7390538e-003
 1.7427495e-003
 1.7463949e-003
 1.7499583e-003
 1.7534050e-003
 1.7567034e-003
 1.7598205e-003
 1.7627237e-003
 1.7653848e-003
 1.7678001e-003
 1.7699811e-003
 1.7719385e-003
 1.7736832e-003
 1.7752248e-003
 1.7765744e-003
 1.7777428e-003
 1.7787403e-003
 1.7795776e-003
 1.7802651e-003
 1.7808137e-003
 1.7812341e-003
 1.7815361e-003
 1.7817309e-003
 1.7818292e-003
 1.7818413e-003
 1.7817778e-003
 1.7816493e-003
 1.7814665e-003
 1.7812400e-003
 1.7809803e-003
 1.7806978e-003
 1.7804035e-003
 1.7801077e-003
 1.7798211e-003
 1.7795541e-003
 1.7793176e-003
 1.7791219e-003
 1.7789777e-003
 1.7788959e-003
 1.7788864e-003
 1.7789585e-003
 1.7791071e-003
 1.7793220e-003
 1.7795922e-003
 1.7799075e-003
 1.7802570e-003
 1.7806303e-003
 1.7810167e-003
 1.7814055e-003
 1.7817862e-003
 1.7821484e-003
 1.7824813e-003
 1.7827742e-003
 1.7830166e-003
 1.7831979e-003
 1.7833073e-003
 1.7833347e-003
 1.7832689e-003
 1.7830998e-003
 1.7828165e-003
 1.7824084e-003
 1.7818653e-003
 1.7811760e-003
 1.7803301e-003
 1.7793174e-003
 1.7781269e-003
 1.7767480e-003
 1.7751702e-003
 1.7733827e-003
 1.7713753e-003
 1.7691371e-003
 1.7666578e-003
 1.7639322e-003
 1.7610001e-003
 1.7579176e-003
 1.7547413e-003
 1.7515273e-003
 1.7483337e-003
 1.7452164e-003
 1.7422322e-003
 1.7394376e-003
 1.7368889e-003
 1.7346438e-003
 1.7327586e-003
 1.7312898e-003
 1.7302940e-003
 1.7298282e-003
 1.7299489e-003
 1.7307129e-003
 1.7321772e-003
 1.7343978e-003
 1.7374315e-003
 1.7413353e-003
 1.7461658e-003
 1.7519809e-003
 1.7588347e-003
 1.7667853e-003
 1.7758892e-003
 1.7862058e-003
 1.7977867e-003
 1.8106911e-003
 1.8249757e-003
 1.8407009e-003
 1.8579160e-003
 1.8766657e-003
 1.8968900e-003
 1.9184932e-003
 1.9413637e-003
 1.9654059e-003
 1.9905181e-003
 2.0166000e-003
 2.0435564e-003
 2.0712737e-003
 2.0996574e-003
 2.1286062e-003
 2.1580262e-003
 2.1878020e-003
 2.2178399e-003
 2.2480388e-003
 2.2783042e-003
 2.3085217e-003
 2.3385969e-003
 2.3684285e-003
 2.3979160e-003
 2.4269649e-003
 2.4554601e-003
 2.4833083e-003
 2.5104075e-003
 2.5366633e-003
 2.5619620e-003
 2.5862090e-003
 2.6093032e-003
 2.6311486e-003
 2.6516335e-003
 2.6706627e-003
 2.6881348e-003
 2.7039964e-003
 2.7184931e-003
 2.7319761e-003
 2.7448058e-003
 2.7573390e-003
 2.7699373e-003
 2.7829516e-003
 2.7967417e-003
 2.8116661e-003
 2.8280856e-003
 2.8463497e-003
 2.8668200e-003
 2.8898534e-003
 2.9158145e-003
 2.9450478e-003
 2.9779165e-003
 3.0147783e-003
 3.0559900e-003
 3.1019212e-003
 3.1529074e-003
 3.2093157e-003
 3.2715041e-003
 3.3398473e-003
 3.4146688e-003
 3.4963435e-003
 3.5852273e-003
 3.6817011e-003
 3.7860780e-003
 3.8987366e-003
 4.0200343e-003
 4.1503282e-003
 4.2900108e-003
 4.4392706e-003
 4.5977957e-003
 4.7650146e-003
 4.9404008e-003
 5.1233019e-003
 5.3131888e-003
 5.5094925e-003
 5.7116905e-003
 5.9191189e-003
 6.1312541e-003
 6.3475273e-003
 6.5673683e-003
 6.7902617e-003
 7.0155314e-003
 7.2426596e-003
 7.4710785e-003
 7.7002724e-003
 7.9295607e-003
 8.1584323e-003
 8.3863139e-003
 8.6126914e-003
 8.8368859e-003
 9.0583852e-003
 9.2766155e-003
 9.4910096e-003
 9.7010480e-003
 9.9060591e-003
 1.0105525e-002
 1.0298876e-002
 1.0485586e-002
 1.0664997e-002
 1.0836584e-002
 1.0999850e-002
 1.1154760e-002
 1.1301315e-002
 1.1439629e-002
 1.1569778e-002
 1.1691866e-002
 1.1805912e-002
 1.1912021e-002
 1.2010269e-002
 1.2100734e-002
 1.2183510e-002
 1.2258632e-002
 1.2326199e-002
 1.2386285e-002
 1.2438980e-002
 1.2484334e-002
 1.2522436e-002
 1.2553363e-002
 1.2577197e-002
 1.2594000e-002
 1.2603857e-002
 1.2606842e-002
 1.2603034e-002
 1.2592504e-002
 1.2575332e-002
 1.2551595e-002
 1.2521366e-002
 1.2484715e-002
 1.2441735e-002
 1.2392491e-002
 1.2337063e-002
 1.2275510e-002
 1.2207977e-002
 1.2134793e-002
 1.2056371e-002
 1.1973127e-002
 1.1885454e-002
 1.1793810e-002
 1.1698592e-002
 1.1600212e-002
 1.1499064e-002
 1.1395609e-002
 1.1290240e-002
 1.1183373e-002
 1.1075396e-002
 1.0966778e-002
 1.0857907e-002
 1.0749198e-002
 1.0641042e-002
 1.0533907e-002
 1.0428180e-002
 1.0324280e-002
 1.0222617e-002
 1.0123586e-002
 1.0027653e-002
 9.9352039e-003
 9.8466575e-003
 9.7624101e-003
 9.6829142e-003
 9.6085658e-003
 9.5397811e-003
 9.4769625e-003
 9.4205514e-003
 9.3709528e-003
 9.3284780e-003
 9.2929285e-003
 9.2639262e-003
 9.2411162e-003
 9.2241187e-003
 9.2125656e-003
 9.2060836e-003
 9.2043076e-003
 9.2068631e-003
 9.2133833e-003
 9.2234975e-003
 9.2368312e-003
 9.2530167e-003
 9.2716850e-003
 9.2924619e-003
 9.3149887e-003
 9.3388809e-003
 9.3637733e-003
 9.3892962e-003
 9.4150864e-003
 9.4407592e-003
 9.4659524e-003
 9.4902962e-003
 9.5134247e-003
 9.5349569e-003
 9.5545277e-003
 9.5717674e-003
 9.5863091e-003
 9.5977765e-003
 9.6058007e-003
 9.6100140e-003
 9.6100448e-003
 9.6056107e-003
 9.5968768e-003
 9.5841456e-003
 9.5677171e-003
 9.5478874e-003
 9.5249694e-003
 9.4992612e-003
 9.4710626e-003
 9.4406679e-003
 9.4083939e-003
 9.3745347e-003
 9.3393931e-003
 9.3032699e-003
 9.2664575e-003
 9.2292782e-003
 9.1920206e-003
 9.1549885e-003
 9.1184760e-003
 9.0828007e-003
 9.0482561e-003
 9.0151429e-003
 8.9837564e-003
 8.9544151e-003
 8.9274095e-003
 8.9030433e-003
 8.8816183e-003
 8.8634323e-003
 8.8487929e-003
 8.8380026e-003
 8.8313576e-003
 8.8291625e-003
 8.8317199e-003
 8.8392571e-003
 8.8516548e-003
 8.8686971e-003
 8.8901548e-003
 8.9158071e-003
 8.9454334e-003
 8.9788120e-003
 9.0157306e-003
 9.0559497e-003
 9.0992544e-003
 9.1454247e-003
 9.1942484e-003
 9.2454813e-003
 9.2989141e-003
 9.3543231e-003
 9.4115017e-003
 9.4702002e-003
 9.5302099e-003
 9.5913094e-003
 9.6532917e-003
 9.7159045e-003
 9.7789411e-003
 9.8421806e-003
 9.9053998e-003
 9.9683916e-003
 1.0030906e-002
 1.0092733e-002
 1.0153654e-002
 1.0213460e-002
 1.0271900e-002
 1.0328767e-002
 1.0383839e-002
 1.0436950e-002
 1.0488088e-002
 1.0537338e-002
 1.0584770e-002
 1.0630452e-002
 1.0674469e-002
 1.0716868e-002
 1.0757728e-002
 1.0797124e-002
 1.0835133e-002
 1.0871806e-002
 1.0907226e-002
 1.0941461e-002
 1.0974589e-002
 1.1006665e-002
 1.1037770e-002
 1.1067971e-002
 1.1097339e-002
 1.1125952e-002
 1.1153867e-002
 1.1181162e-002
 1.1207906e-002
 1.1234174e-002
 1.1260027e-002
 1.1285541e-002
 1.1310787e-002
 1.1335839e-002
 1.1360758e-002
 1.1385619e-002
 1.1410492e-002
 1.1435456e-002
 1.1460566e-002
 1.1485894e-002
 1.1511470e-002
 1.1537316e-002
 1.1563462e-002
 1.1589915e-002
 1.1616707e-002
 1.1643858e-002
 1.1671397e-002
 1.1699335e-002
 1.1727701e-002
 1.1756515e-002
 1.1785808e-002
 1.1815589e-002
 1.1845885e-002
 1.1876722e-002
 1.1908120e-002
 1.1940109e-002
 1.1972695e-002
 1.2005910e-002
 1.2039777e-002
 1.2074325e-002
 1.2109560e-002
 1.2145515e-002
 1.2182209e-002
 1.2219673e-002
 1.2257916e-002
 1.2296966e-002
 1.2336845e-002
 1.2377576e-002
 1.2419192e-002
 1.2461696e-002
 1.2505120e-002
 1.2549476e-002
 1.2594757e-002
 1.2640910e-002
 1.2687919e-002
 1.2735751e-002
 1.2784391e-002
 1.2833783e-002
 1.2883914e-002
 1.2934753e-002
 1.2986279e-002
 1.3038443e-002
 1.3091224e-002
 1.3144595e-002
 1.3198526e-002
 1.3252999e-002
 1.3307961e-002
 1.3363393e-002
 1.3419269e-002
 1.3475568e-002
 1.3532238e-002
 1.3589261e-002
 1.3646609e-002
 1.3704265e-002
 1.3762172e-002
 1.3820314e-002
 1.3878663e-002
 1.3937189e-002
 1.3995877e-002
 1.4054667e-002
 1.4113547e-002
 1.4172486e-002
 1.4231468e-002
