splib07b Record=12037:  error bars to preceding                
 3.5998598e-002
 3.5998598e-002
 3.5319813e-002
 3.4641519e-002
 3.3963971e-002
 3.3287518e-002
 3.2612421e-002
 3.1938929e-002
 3.1267401e-002
 3.0598054e-002
 2.9931245e-002
 2.9267225e-002
 2.8606255e-002
 2.7948679e-002
 2.7294761e-002
 2.6644755e-002
 2.5999013e-002
 2.5357785e-002
 2.4721334e-002
 2.4090007e-002
 2.3464059e-002
 2.2843756e-002
 2.2229435e-002
 2.1621360e-002
 2.1019794e-002
 2.0425078e-002
 1.9837523e-002
 1.9257473e-002
 1.8685339e-002
 1.8121444e-002
 1.7566198e-002
 1.7019942e-002
 1.6483022e-002
 1.5955850e-002
 1.5438763e-002
 1.4932113e-002
 1.4436305e-002
 1.3951682e-002
 1.3478591e-002
 1.3017439e-002
 1.2568572e-002
 1.2132336e-002
 1.1709135e-002
 1.1299296e-002
 1.0903225e-002
 1.0521268e-002
 1.0153771e-002
 9.8011363e-003
 9.4637144e-003
 9.1418065e-003
 8.8352608e-003
 8.5435677e-003
 8.2662236e-003
 8.0027543e-003
 7.7526532e-003
 7.5154118e-003
 7.2905556e-003
 7.0775785e-003
 6.8759765e-003
 6.6852700e-003
 6.5049552e-003
 6.3345288e-003
 6.1735082e-003
 6.0213916e-003
 5.8776764e-003
 5.7418789e-003
 5.6134965e-003
 5.4920288e-003
 5.3769890e-003
 5.2678734e-003
 5.1641939e-003
 5.0654500e-003
 4.9711415e-003
 4.8807901e-003
 4.7940090e-003
 4.7104736e-003
 4.6298751e-003
 4.5518898e-003
 4.4761975e-003
 4.4024866e-003
 4.3304316e-003
 4.2597214e-003
 4.1900338e-003
 4.1210479e-003
 4.0524523e-003
 3.9839246e-003
 3.9151451e-003
 3.8458002e-003
 3.7755694e-003
 3.7041309e-003
 3.6311734e-003
 3.5563756e-003
 3.4794151e-003
 3.3999810e-003
 3.3177922e-003
 3.2330237e-003
 3.1461518e-003
 3.0576445e-003
 2.9679716e-003
 2.8776135e-003
 2.7870389e-003
 2.6967172e-003
 2.6071284e-003
 2.5187416e-003
 2.4320262e-003
 2.3474619e-003
 2.2655185e-003
 2.1866646e-003
 2.1113807e-003
 2.0401322e-003
 1.9733987e-003
 1.9116472e-003
 1.8553158e-003
 1.8043745e-003
 1.7584981e-003
 1.7173637e-003
 1.6806412e-003
 1.6480015e-003
 1.6191202e-003
 1.5936679e-003
 1.5713164e-003
 1.5517396e-003
 1.5346092e-003
 1.5195968e-003
 1.5063761e-003
 1.4946187e-003
 1.4839969e-003
 1.4741836e-003
 1.4648511e-003
 1.4556710e-003
 1.4463342e-003
 1.4367357e-003
 1.4269040e-003
 1.4168718e-003
 1.4066697e-003
 1.3963290e-003
 1.3858812e-003
 1.3753588e-003
 1.3647913e-003
 1.3542112e-003
 1.3436505e-003
 1.3331390e-003
 1.3227089e-003
 1.3123925e-003
 1.3022198e-003
 1.2922225e-003
 1.2824332e-003
 1.2728544e-003
 1.2634241e-003
 1.2540697e-003
 1.2447163e-003
 1.2352914e-003
 1.2257224e-003
 1.2159343e-003
 1.2058547e-003
 1.1954110e-003
 1.1845280e-003
 1.1731336e-003
 1.1611541e-003
 1.1485174e-003
 1.1351480e-003
 1.1209750e-003
 1.1059836e-003
 1.0903169e-003
 1.0741410e-003
 1.0576235e-003
 1.0409275e-003
 1.0242214e-003
 1.0076691e-003
 9.9143770e-004
 9.7569323e-004
 9.6060312e-004
 9.4633055e-004
 9.3304308e-004
 9.2090777e-004
 9.1008836e-004
 9.0075209e-004
 8.9302572e-004
 8.8693236e-004
 8.8248093e-004
 8.7968010e-004
 8.7853766e-004
 8.7906199e-004
 8.8126143e-004
 8.8514457e-004
 8.9071959e-004
 8.9799409e-004
 9.0697769e-004
 9.1767812e-004
 9.3010371e-004
 9.4426132e-004
 9.6016173e-004
 9.7769790e-004
 9.9647779e-004
 1.0160579e-003
 1.0359965e-003
 1.0558495e-003
 1.0751790e-003
 1.0935394e-003
 1.1104923e-003
 1.1255940e-003
 1.1384024e-003
 1.1484749e-003
 1.1553717e-003
 1.1586493e-003
 1.1579064e-003
 1.1532434e-003
 1.1451069e-003
 1.1339522e-003
 1.1202310e-003
 1.1043992e-003
 1.0869082e-003
 1.0682126e-003
 1.0487665e-003
 1.0290254e-003
 1.0094395e-003
 9.9046424e-004
 9.7253686e-004
 9.5585233e-004
 9.4044680e-004
 9.2635251e-004
 9.1359811e-004
 9.0221560e-004
 8.9223712e-004
 8.8369183e-004
 8.7661168e-004
 8.7102776e-004
 8.6697121e-004
 8.6447247e-004
 8.6355302e-004
 8.6410140e-004
 8.6591457e-004
 8.6878741e-004
 8.7251421e-004
 8.7689044e-004
 8.8171021e-004
 8.8676909e-004
 8.9186162e-004
 8.9678232e-004
 9.0132584e-004
 9.0528757e-004
 9.0846996e-004
 9.1078429e-004
 9.1221707e-004
 9.1275683e-004
 9.1239216e-004
 9.1111136e-004
 9.0890331e-004
 9.0575591e-004
 9.0165803e-004
 8.9659786e-004
 8.9056470e-004
 8.8354573e-004
 8.7553897e-004
 8.6665875e-004
 8.5710024e-004
 8.4706291e-004
 8.3674630e-004
 8.2634704e-004
 8.1606454e-004
 8.0609840e-004
 7.9664536e-004
 7.8790489e-004
 7.8007556e-004
 7.7335647e-004
 7.6794077e-004
 7.6396583e-004
 7.6152576e-004
 7.6071505e-004
 7.6162769e-004
 7.6435716e-004
 7.6899806e-004
 7.7564339e-004
 7.8438851e-004
 7.9532660e-004
 8.0855185e-004
 8.2415662e-004
 8.4220275e-004
 8.6226588e-004
 8.8358036e-004
 9.0536749e-004
 9.2685019e-004
 9.4724941e-004
 9.6579199e-004
 9.8169746e-004
 9.9419185e-004
 1.0024963e-003
 1.0058340e-003
 1.0034278e-003
 9.9457521e-004
 9.7960711e-004
 9.5961284e-004
 9.3569385e-004
 9.0895657e-004
 8.8050828e-004
 8.5144880e-004
 8.2288549e-004
 7.9592550e-004
 7.7166874e-004
 7.5122254e-004
 7.3569186e-004
 7.2610524e-004
 7.2240771e-004
 7.2374841e-004
 7.2925759e-004
 7.3806522e-004
 7.4930099e-004
 7.6209340e-004
 7.7557488e-004
 7.8887289e-004
 8.0111978e-004
 8.1144384e-004
 8.1897521e-004
 8.2290155e-004
 8.2324271e-004
 8.2063593e-004
 8.1573328e-004
 8.0918713e-004
 8.0165017e-004
 7.9377537e-004
 7.8621373e-004
 7.7961897e-004
 7.7464234e-004
 7.7193679e-004
 7.7215489e-004
 7.7589427e-004
 7.8296976e-004
 7.9260656e-004
 8.0401462e-004
 8.1640668e-004
 8.2899298e-004
 8.4098318e-004
 8.5159059e-004
 8.6002494e-004
 8.6549681e-004
 8.6721807e-004
 8.6439913e-004
 8.5631676e-004
 8.4321282e-004
 8.2605606e-004
 8.0583867e-004
 7.8354619e-004
 7.6016982e-004
 7.3669874e-004
 7.1412424e-004
 6.9343153e-004
 6.7561341e-004
 6.6165591e-004
 6.5255014e-004
 6.4922142e-004
 6.5164571e-004
 6.5907417e-004
 6.7073794e-004
 6.8587146e-004
 7.0370612e-004
 7.2347414e-004
 7.4440608e-004
 7.6573773e-004
 7.8669796e-004
 8.0652267e-004
 8.2444237e-004
 8.3972194e-004
 8.5211766e-004
 8.6176849e-004
 8.6882012e-004
 8.7341882e-004
 8.7571226e-004
 8.7584654e-004
 8.7396882e-004
 8.7022537e-004
 8.6476293e-004
 8.5772917e-004
 8.4926933e-004
 8.3953654e-004
 8.2876871e-004
 8.1727165e-004
 8.0534990e-004
 7.9331186e-004
 7.8146212e-004
 7.7010813e-004
 7.5955642e-004
 7.5011427e-004
 7.4208656e-004
 7.3578121e-004
 7.3150342e-004
 7.2953716e-004
 7.2980439e-004
 7.3194335e-004
 7.3558517e-004
 7.4036029e-004
 7.4590032e-004
 7.5183570e-004
 7.5779727e-004
 7.6341582e-004
 7.6832186e-004
 7.7214674e-004
 7.7452161e-004
 7.7509799e-004
 7.7385764e-004
 7.7104400e-004
 7.6690794e-004
 7.6169980e-004
 7.5566937e-004
 7.4906764e-004
 7.4214506e-004
 7.3515222e-004
 7.2834024e-004
 7.2195893e-004
 7.1625825e-004
 7.1148039e-004
 7.0772599e-004
 7.0498296e-004
 7.0323603e-004
 7.0246973e-004
 7.0266891e-004
 7.0381822e-004
 7.0590252e-004
 7.0890650e-004
 7.1281451e-004
 7.1761193e-004
 7.2328263e-004
 7.2979741e-004
 7.3688553e-004
 7.4408302e-004
 7.5091975e-004
 7.5692747e-004
 7.6163566e-004
 7.6457573e-004
 7.6527777e-004
 7.6327211e-004
 7.5808936e-004
 7.4926100e-004
 7.3631725e-004
 7.1883184e-004
 6.9711165e-004
 6.7205768e-004
 6.4458785e-004
 6.1562273e-004
 5.8607798e-004
 5.5686879e-004
 5.2891579e-004
 5.0313695e-004
 4.8045052e-004
 4.6177587e-004
 4.4802867e-004
 4.4006819e-004
 4.3779460e-004
 4.4031770e-004
 4.4672348e-004
 4.5609733e-004
 4.6752725e-004
 4.8009749e-004
 4.9289665e-004
 5.0500984e-004
 5.1552325e-004
 5.2352261e-004
 5.2809552e-004
 5.2837550e-004
 5.2429870e-004
 5.1646569e-004
 5.0549692e-004
 4.9201451e-004
 4.7663663e-004
 4.5998665e-004
 4.4268221e-004
 4.2534541e-004
 4.0859700e-004
 3.9305753e-004
 3.7927323e-004
 3.6754122e-004
 3.5810948e-004
 3.5122782e-004
 3.4714502e-004
 3.4610971e-004
 3.4837032e-004
 3.5417525e-004
 3.6377413e-004
 3.7713317e-004
 3.9329400e-004
 4.1110895e-004
 4.2942874e-004
 4.4710751e-004
 4.6299925e-004
 4.7595453e-004
 4.8482587e-004
 4.8846565e-004
 4.8645260e-004
 4.8076268e-004
 4.7386711e-004
 4.6823549e-004
 4.6633923e-004
 4.7064910e-004
 4.8363456e-004
 5.0776853e-004
 5.4551673e-004
 5.9794856e-004
 6.6143740e-004
 7.3138566e-004
 8.0318877e-004
 8.7226223e-004
 9.3399658e-004
 9.8380540e-004
 1.0170849e-003
 1.0292374e-003
 1.0174046e-003
 9.8456244e-004
 9.3490310e-004
 8.7261258e-004
 8.0188806e-004
 7.2692253e-004
 6.5190921e-004
 5.8104744e-004
 5.1852234e-004
 4.6754937e-004
 4.2806831e-004
 3.9931940e-004
 3.8054300e-004
 3.7097983e-004
 3.6986830e-004
 3.7644972e-004
 3.8996490e-004
 4.0965408e-004
 4.3440919e-004
 4.6193413e-004
 4.8968871e-004
 5.1512301e-004
 5.3569622e-004
 5.4886058e-004
 5.5207062e-004
 5.4298184e-004
 5.2288274e-004
 4.9624051e-004
 4.6762166e-004
 4.4159940e-004
 4.2274516e-004
 4.1540965e-004
 4.1989621e-004
 4.3296054e-004
 4.5124092e-004
 4.7137222e-004
 4.8999017e-004
 5.0386868e-004
 5.1233865e-004
 5.1698479e-004
 5.1946734e-004
 5.2144646e-004
 5.2458281e-004
 5.3047750e-004
 5.3962495e-004
 5.5154215e-004
 5.6571350e-004
 5.8162113e-004
 5.9874792e-004
 6.1652181e-004
 6.3334010e-004
 6.4668874e-004
 6.5402105e-004
 6.5278745e-004
 6.4044003e-004
 6.1473507e-004
 5.7918380e-004
 5.4242031e-004
 5.1327096e-004
 5.0055131e-004
 5.1308586e-004
 5.5909262e-004
 6.3529430e-004
 7.2813703e-004
 8.2367362e-004
 9.0798893e-004
 9.6714124e-004
 9.8784291e-004
 9.6919929e-004
 9.2146418e-004
 8.5530104e-004
 7.8135415e-004
 7.1028556e-004
 6.5248320e-004
 6.1314169e-004
 5.9275894e-004
 5.9165823e-004
 6.1016966e-004
 6.4862182e-004
 7.0704584e-004
 7.7970134e-004
 8.5559714e-004
 9.2356734e-004
 9.7244314e-004
 9.9104305e-004
 9.6879486e-004
 9.0695126e-004
 8.1756152e-004
 7.1305421e-004
 6.0585228e-004
 5.0840050e-004
 4.3277218e-004
 3.8388395e-004
 3.6009448e-004
 3.5951511e-004
 3.8026151e-004
 4.2045300e-004
 4.7801109e-004
 5.4702174e-004
 6.1803317e-004
 6.8148156e-004
 7.2778016e-004
 7.4736064e-004
 7.3120120e-004
 6.8152364e-004
 6.1094778e-004
 5.3246348e-004
 4.5908598e-004
 4.0380462e-004
 3.7908560e-004
 3.8638915e-004
 4.1696086e-004
 4.6165471e-004
 5.1133323e-004
 5.5686082e-004
 5.8939162e-004
 6.0619239e-004
 6.1022636e-004
 6.0467550e-004
 5.9272104e-004
 5.7751115e-004
 5.6117220e-004
 5.4458296e-004
 5.2854704e-004
 5.1386928e-004
 5.0135155e-004
 4.9179653e-004
 4.8600891e-004
 4.8479234e-004
 4.8892666e-004
 4.9838412e-004
 5.1215262e-004
 5.2915554e-004
 5.4832199e-004
 5.6857633e-004
 5.8884453e-004
 6.0805061e-004
 6.2512403e-004
 6.3899980e-004
 6.4903259e-004
 6.5508386e-004
 6.5704784e-004
 6.5481913e-004
 6.4829167e-004
 6.3736085e-004
 6.2191894e-004
 6.0186104e-004
 5.7710306e-004
 5.4832397e-004
 5.1715143e-004
 4.8526633e-004
 4.5434936e-004
 4.2608724e-004
 4.0216371e-004
 3.8426265e-004
 3.7406836e-004
 3.7321492e-004
 3.8165273e-004
 3.9722421e-004
 4.1763874e-004
 4.4060565e-004
 4.6383240e-004
 4.8503082e-004
 5.0191209e-004
 5.1218364e-004
 5.1360752e-004
 5.0585344e-004
 4.9099023e-004
 4.7123473e-004
 4.4880953e-004
 4.2593025e-004
 4.0481839e-004
 3.8769367e-004
 3.7677627e-004
 3.7423696e-004
 3.8053276e-004
 3.9395012e-004
 4.1263481e-004
 4.3473259e-004
 4.5838716e-004
 4.8174884e-004
 5.0295953e-004
 5.2016909e-004
 5.3155271e-004
 5.3645862e-004
 5.3572608e-004
 5.3029176e-004
 5.2109140e-004
 5.0905970e-004
 4.9513328e-004
 4.8024804e-004
 4.6534004e-004
 4.5133676e-004
 4.3879778e-004
 4.2781493e-004
 4.1845164e-004
 4.1077012e-004
 4.0483239e-004
 4.0070098e-004
 3.9843729e-004
 3.9810385e-004
 3.9975869e-004
 4.0330310e-004
 4.0843594e-004
 4.1484195e-004
 4.2220764e-004
 4.3021727e-004
 4.3855756e-004
 4.4691327e-004
 4.5496973e-004
 4.6241540e-004
 4.6908238e-004
 4.7498438e-004
 4.8014958e-004
 4.8460465e-004
 4.8837677e-004
 4.9149286e-004
 4.9398065e-004
 4.9586693e-004
 4.9718178e-004
 4.9805798e-004
 4.9876323e-004
 4.9957464e-004
 5.0076860e-004
 5.0262222e-004
 5.0541264e-004
 5.0941657e-004
 5.1491079e-004
 5.2216923e-004
 5.3134176e-004
 5.4241746e-004
 5.5537536e-004
 5.7019223e-004
 5.8684585e-004
 6.0531351e-004
 6.2557129e-004
 6.4741645e-004
 6.6962163e-004
 6.9061772e-004
 7.0882938e-004
 7.2268298e-004
 7.3060492e-004
 7.3134934e-004
 7.2548259e-004
 7.1419624e-004
 6.9868390e-004
 6.8013876e-004
 6.5975613e-004
 6.3873845e-004
 6.1836664e-004
 5.9994630e-004
 5.8477832e-004
 5.7416869e-004
 5.6942180e-004
 5.7132012e-004
 5.7772343e-004
 5.8547023e-004
 5.9140031e-004
 5.9235096e-004
 5.8516144e-004
 5.6750292e-004
 5.4175488e-004
 5.1194965e-004
 4.8211275e-004
 4.5627795e-004
 4.3847767e-004
 4.3227099e-004
 4.3856463e-004
 4.5732499e-004
 4.8852316e-004
 5.3212553e-004
 5.8809435e-004
 6.5590779e-004
 7.3218421e-004
 8.1253122e-004
 8.9257775e-004
 9.6793065e-004
 1.0341987e-003
 1.0873580e-003
 1.1253749e-003
 1.1469345e-003
 1.1507280e-003
 1.1354398e-003
 1.0997577e-003
 1.0433266e-003
 9.7126100e-004
 8.9064991e-004
 8.0858817e-004
 7.3214772e-004
 6.6842342e-004
 6.2329863e-004
 5.9565483e-004
 5.8187573e-004
 5.7833729e-004
 5.8141461e-004
 5.8748416e-004
 5.9344911e-004
 5.9928582e-004
 6.0607743e-004
 6.1490817e-004
 6.2686478e-004
 6.4303179e-004
 6.6404586e-004
 6.8793847e-004
 7.1178877e-004
 7.3267479e-004
 7.4767991e-004
 7.5388158e-004
 7.4907369e-004
 7.3524308e-004
 7.1590615e-004
 6.9458346e-004
 6.7478966e-004
 6.6004531e-004
 6.5321388e-004
 6.5328419e-004
 6.5782852e-004
 6.6441589e-004
 6.7061669e-004
 6.7399989e-004
 6.7286874e-004
 6.6988898e-004
 6.6933001e-004
 6.7546510e-004
 6.9256482e-004
 7.2490482e-004
 7.7529362e-004
 8.3779346e-004
 9.0325234e-004
 9.6249592e-004
 1.0063521e-003
 1.0256604e-003
 1.0131365e-003
 9.7285403e-004
 9.1309054e-004
 8.4214099e-004
 7.6830428e-004
 6.9985911e-004
 6.4396684e-004
 6.0091796e-004
 5.6842755e-004
 5.4421864e-004
 5.2601082e-004
 5.1151961e-004
 4.9890328e-004
 4.8897794e-004
 4.8355456e-004
 4.8444906e-004
 4.9347494e-004
 5.1244837e-004
 5.4239260e-004
 5.7950104e-004
 6.1815756e-004
 6.5273279e-004
 6.7759852e-004
 6.8713335e-004
 6.7693443e-004
 6.5012224e-004
 6.1266910e-004
 5.7054241e-004
 5.2971911e-004
 4.9617625e-004
 4.7495530e-004
 4.6539825e-004
 4.6467010e-004
 4.6993195e-004
 4.7834529e-004
 4.8707027e-004
 4.9373618e-004
 4.9885979e-004
 5.0406373e-004
 5.1097409e-004
 5.2121590e-004
 5.3641305e-004
 5.5764394e-004
 5.8256212e-004
 6.0750463e-004
 6.2881265e-004
 6.4282049e-004
 6.4586493e-004
 6.3517957e-004
 6.1360927e-004
 5.8616814e-004
 5.5787934e-004
 5.3374702e-004
 5.1880575e-004
 5.1716471e-004
 5.2729319e-004
 5.4545846e-004
 5.6793826e-004
 5.9098372e-004
 6.1087694e-004
 6.2437559e-004
 6.3145522e-004
 6.3332496e-004
 6.3120091e-004
 6.2629610e-004
 6.1982911e-004
 6.1298342e-004
 6.0676603e-004
 6.0211192e-004
 5.9995573e-004
 6.0123188e-004
 6.0687686e-004
 6.1749254e-004
 6.3158787e-004
 6.4683828e-004
 6.6091632e-004
 6.7150360e-004
 6.7626795e-004
 6.7323429e-004
 6.6264445e-004
 6.4562116e-004
 6.2328944e-004
 5.9677934e-004
 5.6720059e-004
 5.3581991e-004
 5.0464622e-004
 4.7602074e-004
 4.5228348e-004
 4.3575981e-004
 4.2879744e-004
 4.3329937e-004
 4.4840496e-004
 4.7214338e-004
 5.0254085e-004
 5.3761725e-004
 5.7541858e-004
 6.1383157e-004
 6.5005192e-004
 6.8095146e-004
 7.0340832e-004
 7.1430043e-004
 7.1050780e-004
 6.8981829e-004
 6.5605290e-004
 6.1542925e-004
 5.7419162e-004
 5.3858478e-004
 5.1483168e-004
 5.0806260e-004
 5.1596184e-004
 5.3321687e-004
 5.5450381e-004
 5.7449873e-004
 5.8787636e-004
 5.9022865e-004
 5.8318337e-004
 5.7082804e-004
 5.5725977e-004
 5.4657628e-004
 5.4287002e-004
 5.4960221e-004
 5.6598446e-004
 5.8948912e-004
 6.1758352e-004
 6.4773485e-004
 6.7740533e-004
 7.0430507e-004
 7.2763389e-004
 7.4725074e-004
 7.6299836e-004
 7.7472231e-004
 7.8227522e-004
 7.8558957e-004
 7.8521814e-004
 7.8196381e-004
 7.7662925e-004
 7.7001849e-004
 7.6293643e-004
 7.5606426e-004
 7.4928737e-004
 7.4214861e-004
 7.3419482e-004
 7.2497147e-004
 7.1402383e-004
 7.0117094e-004
 6.8806461e-004
 6.7714159e-004
 6.7082519e-004
 6.7154778e-004
 6.8173674e-004
 7.0313289e-004
 7.3267781e-004
 7.6534034e-004
 7.9606363e-004
 8.1979565e-004
 8.3148421e-004
 8.2703104e-004
 8.0887764e-004
 7.8223943e-004
 7.5231696e-004
 7.2432769e-004
 7.0348766e-004
 6.9424277e-004
 6.9580221e-004
 7.0514460e-004
 7.1924302e-004
 7.3506986e-004
 7.4959773e-004
 7.6014915e-004
 7.6649786e-004
 7.6944730e-004
 7.6981197e-004
 7.6840306e-004
 7.6603255e-004
 7.6340855e-004
 7.6051307e-004
 7.5701578e-004
 7.5258932e-004
 7.4690167e-004
 7.3962344e-004
 7.3051528e-004
 7.1995420e-004
 7.0859771e-004
 6.9709081e-004
 6.8608683e-004
 6.7623664e-004
 6.6806050e-004
 6.6115276e-004
 6.5470382e-004
 6.4791081e-004
 6.3996244e-004
 6.3005229e-004
 6.1755284e-004
 6.0309324e-004
 5.8786804e-004
 5.7305605e-004
 5.5984716e-004
 5.4942816e-004
 5.4284901e-004
 5.4018071e-004
 5.4106757e-004
 5.4515200e-004
 5.5207824e-004
 5.6148885e-004
 5.7290000e-004
 5.8494142e-004
 5.9583661e-004
 6.0382322e-004
 6.0712604e-004
 6.0397852e-004
 5.9329969e-004
 5.7899812e-004
 5.6716381e-004
 5.6391023e-004
 5.7533977e-004
 6.0756062e-004
 6.6498714e-004
 7.3973974e-004
 8.1849826e-004
 8.8797283e-004
 9.3478640e-004
 9.4564090e-004
 9.0989110e-004
 8.3661615e-004
 7.4357283e-004
 6.4866612e-004
 5.6968629e-004
 5.2449328e-004
 5.2817166e-004
 5.7555398e-004
 6.5243099e-004
 7.4461399e-004
 8.3780545e-004
 9.1782107e-004
 9.7204087e-004
 9.9990750e-004
 1.0062689e-003
 9.9598442e-004
 9.7391731e-004
 9.4493292e-004
 9.1348035e-004
 8.8092464e-004
 8.4724859e-004
 8.1240392e-004
 7.7638571e-004
 7.3914509e-004
 7.0082076e-004
 6.6275627e-004
 6.2684243e-004
 5.9497810e-004
 5.6904100e-004
 5.5094290e-004
 5.4251694e-004
 5.4525078e-004
 5.6045927e-004
 5.8947247e-004
 6.3358748e-004
 6.9414207e-004
 7.7141123e-004
 8.5785892e-004
 9.4238087e-004
 1.0138437e-003
 1.0611579e-003
 1.0731699e-003
 1.0408888e-003
 9.7133580e-004
 8.7890530e-004
 7.7795930e-004
 6.8298168e-004
 6.0833368e-004
 5.6650990e-004
 5.5520068e-004
 5.6528498e-004
 5.8760098e-004
 6.1300490e-004
 6.3232362e-004
 6.3747092e-004
 6.2845967e-004
 6.0906645e-004
 5.8307190e-004
 5.5428635e-004
 5.2648335e-004
 5.0315115e-004
 4.8525035e-004
 4.7259982e-004
 4.6500826e-004
 4.6228091e-004
 4.6422740e-004
 4.7060926e-004
 4.8083012e-004
 4.9412617e-004
 5.0973275e-004
 5.2688195e-004
 5.4481864e-004
 5.6277803e-004
 5.8011478e-004
 5.9621641e-004
 6.1047159e-004
 6.2227831e-004
 6.3101930e-004
 6.3617586e-004
 6.3788518e-004
 6.3659926e-004
 6.3277216e-004
 6.2685891e-004
 6.1930972e-004
 6.1064359e-004
 6.0184009e-004
 5.9410761e-004
 5.8865530e-004
 5.8668910e-004
 5.8941840e-004
 5.9780508e-004
 6.1085646e-004
 6.2664965e-004
 6.4325589e-004
 6.5874401e-004
 6.7119312e-004
 6.7887199e-004
 6.8170385e-004
 6.8038941e-004
 6.7563582e-004
 6.6815037e-004
 6.5864221e-004
 6.4777868e-004
 6.3596701e-004
 6.2346860e-004
 6.1055250e-004
 5.9748796e-004
 5.8453484e-004
 5.7195878e-004
 5.5992557e-004
 5.4856925e-004
 5.3802150e-004
 5.2841404e-004
 5.1987986e-004
 5.1262148e-004
 5.0745788e-004
 5.0549424e-004
 5.0784240e-004
 5.1561097e-004
 5.2991637e-004
 5.5150525e-004
 5.7826238e-004
 6.0665474e-004
 6.3314324e-004
 6.5418851e-004
 6.6625013e-004
 6.6637178e-004
 6.5633666e-004
 6.4024806e-004
 6.2222936e-004
 6.0640281e-004
 5.9684284e-004
 5.9533963e-004
 6.0044683e-004
 6.1046763e-004
 6.2371261e-004
 6.3849316e-004
 6.5322552e-004
 6.6642591e-004
 6.7659671e-004
 6.8225537e-004
 6.8217539e-004
 6.7732594e-004
 6.6976255e-004
 6.6155026e-004
 6.5474835e-004
 6.5093912e-004
 6.4952573e-004
 6.4930844e-004
 6.4908649e-004
 6.4765901e-004
 6.4393022e-004
 6.3705933e-004
 6.2624679e-004
 6.1069248e-004
 5.8965973e-004
 5.6557311e-004
 5.4539798e-004
 5.3648045e-004
 5.4614508e-004
 5.8110157e-004
 6.3694880e-004
 6.9981115e-004
 7.5542962e-004
 7.8962027e-004
 7.8995014e-004
 7.5924170e-004
 7.0800714e-004
 6.4682832e-004
 5.8624276e-004
 5.3568493e-004
 4.9914367e-004
 4.7911558e-004
 4.7808720e-004
 4.9853668e-004
 5.3955958e-004
 5.9172808e-004
 6.4421701e-004
 6.8626553e-004
 7.0720864e-004
 7.0344715e-004
 6.8173977e-004
 6.4969552e-004
 6.1489444e-004
 5.8473361e-004
 5.6290085e-004
 5.4985011e-004
 5.4592622e-004
 5.5147475e-004
 5.6644541e-004
 5.8739953e-004
 6.0914474e-004
 6.2647404e-004
 6.3418958e-004
 6.2866852e-004
 6.1368017e-004
 5.9514178e-004
 5.7897100e-004
 5.7108171e-004
 5.7557313e-004
 5.9186504e-004
 6.1861222e-004
 6.5449259e-004
 6.9811736e-004
 7.4531569e-004
 7.8774802e-004
 8.1672997e-004
 8.2359085e-004
 8.0028339e-004
 7.5069728e-004
 6.8933278e-004
 6.3106697e-004
 5.9073989e-004
 5.8131706e-004
 5.9860072e-004
 6.2944542e-004
 6.6062220e-004
 6.7890238e-004
 6.7452824e-004
 6.5421156e-004
 6.2957191e-004
 6.1220495e-004
 6.1372382e-004
 6.4505369e-004
 7.0426526e-004
 7.7779125e-004
 8.5172878e-004
 9.1212644e-004
 9.4504451e-004
 9.3725452e-004
 8.8921958e-004
 8.1369909e-004
 7.2397990e-004
 6.3325278e-004
 5.5476901e-004
 5.0128106e-004
 4.7600563e-004
 4.7358524e-004
 4.8832485e-004
 5.1453849e-004
 5.4653815e-004
 5.7877129e-004
 6.0833542e-004
 6.3476397e-004
 6.5764500e-004
 6.7659846e-004
 6.9122663e-004
 7.0114830e-004
 7.0621993e-004
 7.0651545e-004
 7.0211547e-004
 6.9310464e-004
 6.7956123e-004
 6.6164549e-004
 6.4105855e-004
 6.2089908e-004
 6.0434290e-004
 5.9454225e-004
 5.9466274e-004
 6.0765020e-004
 6.3212571e-004
 6.6271418e-004
 6.9391442e-004
 7.2018674e-004
 7.3602842e-004
 7.3614140e-004
 7.1978237e-004
 6.9040293e-004
 6.5164565e-004
 6.0711504e-004
 5.6044001e-004
 5.1519729e-004
 4.7402683e-004
 4.3870244e-004
 4.1094190e-004
 3.9249953e-004
 3.8509769e-004
 3.9034282e-004
 4.0712906e-004
 4.3181871e-004
 4.6067170e-004
 4.8996910e-004
 5.1595608e-004
 5.3504383e-004
 5.4631679e-004
 5.5139221e-004
 5.5198709e-004
 5.4981600e-004
 5.4659415e-004
 5.4400880e-004
 5.4315676e-004
 5.4457819e-004
 5.4879050e-004
 5.5631524e-004
 5.6766521e-004
 5.8328471e-004
 6.0195383e-004
 6.2088150e-004
 6.3722825e-004
 6.4813346e-004
 6.5075519e-004
 6.4236938e-004
 6.2294927e-004
 5.9503224e-004
 5.6126382e-004
 5.2426383e-004
 4.8669722e-004
 4.5124380e-004
 4.2190435e-004
 4.0391105e-004
 4.0253784e-004
 4.2306434e-004
 4.7077477e-004
 5.5045378e-004
 6.5633532e-004
 7.7252771e-004
 8.8271336e-004
 9.7064686e-004
 1.0199698e-003
 1.0151771e-003
 9.5701352e-004
 8.6195132e-004
 7.4710173e-004
 6.2959635e-004
 5.2648562e-004
 4.5438178e-004
 4.1742920e-004
 4.0788110e-004
 4.1748185e-004
 4.3798739e-004
 4.6113224e-004
 4.7890478e-004
 4.8828201e-004
 4.9111352e-004
 4.8945018e-004
 4.8534363e-004
 4.8084222e-004
 4.7799951e-004
 4.7886418e-004
 4.8499065e-004
 4.9599347e-004
 5.1102485e-004
 5.2921957e-004
 5.4973183e-004
 5.7170389e-004
 5.9428078e-004
 6.1660795e-004
 6.3782698e-004
 6.5716193e-004
 6.7407876e-004
 6.8813266e-004
 6.9886539e-004
 7.0582243e-004
 7.0854893e-004
 7.0659089e-004
 6.9949118e-004
 6.8680022e-004
 6.6842930e-004
 6.4576557e-004
 6.2056212e-004
 5.9455360e-004
 5.6950655e-004
 5.4715568e-004
 5.2925397e-004
 5.1754992e-004
 5.1379204e-004
 5.1904871e-004
 5.3169276e-004
 5.4940989e-004
 5.6990283e-004
 5.9086329e-004
 6.0998253e-004
 6.2496425e-004
 6.3349266e-004
 6.3326873e-004
 6.2275043e-004
 6.0347264e-004
 5.7774194e-004
 5.4787041e-004
 5.1614782e-004
 4.8490270e-004
 4.5642460e-004
 4.3302559e-004
 4.1701441e-004
 4.1002512e-004
 4.1100918e-004
 4.1823156e-004
 4.2995226e-004
 4.4444110e-004
 4.5996121e-004
 4.7477469e-004
 4.8715377e-004
 4.9535464e-004
 4.9809361e-004
 4.9589790e-004
 4.8976002e-004
 4.8067249e-004
 4.6962991e-004
 4.5761859e-004
 4.4563934e-004
 4.3467828e-004
 4.2572999e-004
 4.1956775e-004
 4.1605605e-004
 4.1483244e-004
 4.1553038e-004
 4.1778517e-004
 4.2123161e-004
 4.2550455e-004
 4.3023788e-004
 4.3506897e-004
 4.3970466e-004
 4.4416895e-004
 4.4856343e-004
 4.5298942e-004
 4.5755177e-004
 4.6234945e-004
 4.6748723e-004
 4.7306655e-004
 4.7918977e-004
 4.8599142e-004
 4.9373903e-004
 5.0274149e-004
 5.1329646e-004
 5.2571349e-004
 5.4029498e-004
 5.5734522e-004
 5.7716860e-004
 6.0006481e-004
 6.2578364e-004
 6.5165851e-004
 6.7442900e-004
 6.9081550e-004
 6.9754309e-004
 6.9156114e-004
 6.7341578e-004
 6.4654171e-004
 6.1446533e-004
 5.8071088e-004
 5.4880243e-004
 5.2212150e-004
 5.0165411e-004
 4.8648613e-004
 4.7562172e-004
 4.6808433e-004
 4.6288522e-004
 4.5906621e-004
 4.5611695e-004
 4.5388340e-004
 4.5222603e-004
 4.5100265e-004
 4.5007182e-004
 4.4930022e-004
 4.4867228e-004
 4.4827093e-004
 4.4818126e-004
 4.4848846e-004
 4.4927781e-004
 4.5062794e-004
 4.5249652e-004
 4.5474534e-004
 4.5723055e-004
 4.5981054e-004
 4.6234389e-004
 4.6472283e-004
 4.6744925e-004
 4.7152076e-004
 4.7795530e-004
 4.8776277e-004
 5.0195912e-004
 5.2147207e-004
 5.4561795e-004
 5.7242671e-004
 5.9985276e-004
 6.2587979e-004
 6.4848928e-004
 6.6573842e-004
 6.7739666e-004
 6.8461394e-004
 6.8859651e-004
 6.9054251e-004
 6.9165445e-004
 6.9307059e-004
 6.9485855e-004
 6.9619395e-004
 6.9622311e-004
 6.9409271e-004
 6.8895164e-004
 6.8002223e-004
 6.6781323e-004
 6.5393088e-004
 6.3999719e-004
 6.2765332e-004
 6.1852485e-004
 6.1416248e-004
 6.1475165e-004
 6.1931973e-004
 6.2685501e-004
 6.3635362e-004
 6.4680015e-004
 6.5716397e-004
 6.6597009e-004
 6.7135860e-004
 6.7146641e-004
 6.6442823e-004
 6.4837956e-004
 6.2171114e-004
 5.8751169e-004
 5.5280217e-004
 5.2477571e-004
 5.1058439e-004
 5.1740662e-004
 5.5183884e-004
 6.1061140e-004
 6.8192533e-004
 7.5379637e-004
 8.1414374e-004
 8.5097551e-004
 8.5293612e-004
 8.2112307e-004
 7.6723617e-004
 7.0338463e-004
 6.4159930e-004
 5.9399486e-004
 5.7203945e-004
 5.7695544e-004
 6.0109689e-004
 6.3654472e-004
 6.7534135e-004
 7.0957828e-004
 7.3162373e-004
 7.3973183e-004
 7.3719991e-004
 7.2749791e-004
 7.1408867e-004
 7.0044963e-004
 6.8990164e-004
 6.8319740e-004
 6.7886006e-004
 6.7532988e-004
 6.7105342e-004
 6.6447089e-004
 6.5422669e-004
 6.4252788e-004
 6.3469878e-004
 6.3617690e-004
 6.5239822e-004
 6.8878289e-004
 7.5027806e-004
 8.3291490e-004
 9.2477788e-004
 1.0138040e-003
 1.0878067e-003
 1.1347100e-003
 1.1429855e-003
 1.1127851e-003
 1.0544534e-003
 9.7875507e-004
 8.9636358e-004
 8.1806077e-004
 7.5411971e-004
 7.0747727e-004
 6.7441957e-004
 6.5102469e-004
 6.3339318e-004
 6.1759452e-004
 5.9987738e-004
 5.7935406e-004
 5.5769493e-004
 5.3668325e-004
 5.1807245e-004
 5.0364377e-004
 4.9508450e-004
 4.9276045e-004
 4.9583218e-004
 5.0342595e-004
 5.1465927e-004
 5.2866235e-004
 5.4454792e-004
 5.6144351e-004
 5.7843857e-004
 5.9446524e-004
 6.0844765e-004
 6.1928917e-004
 6.2591030e-004
 6.2721974e-004
 6.2213413e-004
 6.0956128e-004
 5.8842357e-004
 5.5845588e-004
 5.2241288e-004
 4.8366748e-004
 4.4564478e-004
 4.1172726e-004
 3.8530346e-004
 3.6978949e-004
 3.6857315e-004
 3.8505241e-004
 4.2117809e-004
 4.7374854e-004
 5.3834100e-004
 6.1061431e-004
 6.8613153e-004
 7.6055928e-004
 8.2945923e-004
 8.8847440e-004
 9.3323388e-004
 9.6055248e-004
 9.7175431e-004
 9.6914312e-004
 9.5503661e-004
 9.3173591e-004
 9.0156926e-004
 8.6682802e-004
 8.2984852e-004
 7.9291710e-004
 7.5800222e-004
 7.2568603e-004
 6.9624814e-004
 6.6999882e-004
 6.4720900e-004
 6.2818429e-004
 6.1320525e-004
 6.0255843e-004
 5.9654063e-004
 5.9517758e-004
 5.9754757e-004
 6.0250994e-004
 6.0891977e-004
 6.1563723e-004
 6.2152307e-004
 6.2543142e-004
 6.2622299e-004
 6.2275585e-004
 6.1448006e-004
 6.0305389e-004
 5.9063523e-004
 5.7938060e-004
 5.7145895e-004
 5.6902616e-004
 5.7424477e-004
 5.8927300e-004
 6.1628281e-004
 6.5632118e-004
 7.0640043e-004
 7.6251948e-004
 8.2075119e-004
 8.7708858e-004
 9.2758803e-004
 9.6829783e-004
 9.9522353e-004
 1.0044171e-003
 9.9327776e-004
 9.6436730e-004
 9.2143152e-004
 8.6826558e-004
 8.0859743e-004
 7.4623397e-004
 6.8489689e-004
 6.2839431e-004
 5.8046705e-004
 5.4397353e-004
 5.1842467e-004
 5.0248514e-004
 4.9484998e-004
 4.9419689e-004
 4.9920991e-004
 5.0857168e-004
 5.2097120e-004
 5.3508318e-004
 5.4960081e-004
 5.6322856e-004
 5.7535752e-004
 5.8602006e-004
 5.9526332e-004
 6.0314895e-004
 6.0972624e-004
 6.1505457e-004
 6.1918516e-004
 6.2217505e-004
 6.2407943e-004
 6.2495196e-004
 6.2484812e-004
 6.2383135e-004
 6.2215020e-004
 6.2023173e-004
 6.1851216e-004
 6.1742566e-004
 6.1740808e-004
 6.1889458e-004
 6.2231923e-004
 6.2811724e-004
 6.3672714e-004
 6.4857793e-004
 6.6411326e-004
 6.8372587e-004
 7.0713792e-004
 7.3340512e-004
 7.6152664e-004
 7.9054013e-004
 8.1944256e-004
 8.4727199e-004
 8.7302661e-004
 8.9573464e-004
 9.1442012e-004
 9.2808763e-004
 9.3576428e-004
 9.3650253e-004
 9.3025895e-004
 9.1787888e-004
 9.0023974e-004
 8.7821129e-004
 8.5268769e-004
 8.2452968e-004
 7.9463603e-004
 7.6387520e-004
 7.3311478e-004
 7.0325530e-004
 6.7515427e-004
 6.4968888e-004
 6.2720850e-004
 6.0761016e-004
 5.9074472e-004
 5.7646754e-004
 5.6464854e-004
 5.5513886e-004
 5.4780510e-004
 5.4056803e-004
 5.3792854e-004
 5.4792955e-004
 5.6712679e-004
 5.9240405e-004
 6.2066951e-004
 6.4881926e-004
 6.7390379e-004
 6.9624209e-004
 7.1938877e-004
 7.4704923e-004
 7.8291626e-004
 8.3041674e-004
 8.8664290e-004
 9.4248290e-004
 9.8853547e-004
 1.0154222e-003
 1.0141536e-003
 9.8473602e-004
 9.3599525e-004
 8.7710953e-004
 8.1728166e-004
 7.6569233e-004
 7.2957802e-004
 7.0862833e-004
 7.0068619e-004
 7.0360152e-004
 7.1522291e-004
 7.3339569e-004
 7.5627188e-004
 7.8314746e-004
 8.1360788e-004
 8.4722496e-004
 8.8358548e-004
 9.2226005e-004
 9.6283172e-004
 1.0050616e-003
 1.0493695e-003
 1.0963563e-003
 1.1466014e-003
 1.2007070e-003
 1.2592510e-003
 1.3228374e-003
 1.3920417e-003
 1.4667540e-003
 1.5441290e-003
 1.6207200e-003
 1.6930447e-003
 1.7576554e-003
 1.8110727e-003
 1.8498404e-003
 1.8704964e-003
 1.8709154e-003
 1.8539894e-003
 1.8237811e-003
 1.7843432e-003
 1.7397442e-003
 1.6940328e-003
 1.6512797e-003
 1.6155337e-003
 1.5898832e-003
 1.5737902e-003
 1.5658946e-003
 1.5648300e-003
 1.5692334e-003
 1.5777396e-003
 1.5889864e-003
 1.6016070e-003
 1.6142403e-003
 1.6255195e-003
 1.6340825e-003
 1.6385637e-003
 1.6379973e-003
 1.6328571e-003
 1.6239427e-003
 1.6120570e-003
 1.5979974e-003
 1.5825685e-003
 1.5665683e-003
 1.5507963e-003
 1.5360563e-003
 1.5231456e-003
 1.5128679e-003
 1.5060214e-003
 1.5031832e-003
 1.5041248e-003
 1.5084393e-003
 1.5157210e-003
 1.5255614e-003
 1.5375559e-003
 1.5512953e-003
 1.5663757e-003
 1.5823873e-003
 1.5989244e-003
 1.6155828e-003
 1.6318866e-003
 1.6471383e-003
 1.6605833e-003
 1.6714733e-003
 1.6790541e-003
 1.6825766e-003
 1.6812882e-003
 1.6744377e-003
 1.6612749e-003
 1.6410458e-003
 1.6133754e-003
 1.5791713e-003
 1.5396166e-003
 1.4959095e-003
 1.4492278e-003
 1.4007716e-003
 1.3517173e-003
 1.3032656e-003
 1.2565932e-003
 1.2129000e-003
 1.1731477e-003
 1.1375789e-003
 1.1062605e-003
 1.0792753e-003
 1.0566921e-003
 1.0385916e-003
 1.0250460e-003
 1.0161299e-003
 1.0119206e-003
 1.0124929e-003
 1.0178458e-003
 1.0277263e-003
 1.0418241e-003
 1.0598345e-003
 1.0814448e-003
 1.1063523e-003
 1.1342429e-003
 1.1648152e-003
 1.1977535e-003
 1.2323608e-003
 1.2666318e-003
 1.2982769e-003
 1.3250220e-003
 1.3445790e-003
 1.3546711e-003
 1.3530143e-003
 1.3373266e-003
 1.3065258e-003
 1.2634568e-003
 1.2117920e-003
 1.1551820e-003
 1.0973024e-003
 1.0418020e-003
 9.9235633e-004
 9.5262000e-004
 9.2518976e-004
 9.0920768e-004
 9.0310071e-004
 9.0530136e-004
 9.1424072e-004
 9.2834776e-004
 9.4605639e-004
 9.6579362e-004
 9.8655245e-004
 1.0091141e-003
 1.0346319e-003
 1.0642473e-003
 1.0991157e-003
 1.1403760e-003
 1.1891797e-003
 1.2448832e-003
 1.3010827e-003
 1.3502557e-003
 1.3848556e-003
 1.3973550e-003
 1.3802180e-003
 1.3300264e-003
 1.2564303e-003
 1.1716307e-003
 1.0878638e-003
 1.0173287e-003
 9.7225618e-004
 9.6017611e-004
 9.7394222e-004
 1.0035245e-003
 1.0389009e-003
 1.0700362e-003
 1.0869106e-003
 1.0828909e-003
 1.0619331e-003
 1.0300546e-003
 9.9326181e-004
 9.5757598e-004
 9.2900143e-004
 9.1174786e-004
 9.0442155e-004
 9.0455747e-004
 9.0968772e-004
 9.1734657e-004
 9.2506589e-004
 9.3099283e-004
 9.3514932e-004
 9.3791838e-004
 9.3968166e-004
 9.4082160e-004
 9.4172009e-004
 9.4272208e-004
 9.4405847e-004
 9.4593968e-004
 9.4857422e-004
 9.5217233e-004
 9.5694303e-004
 9.6257421e-004
 9.6717977e-004
 9.6857431e-004
 9.6457649e-004
 9.5300353e-004
 9.3166815e-004
 9.0086961e-004
 8.6828764e-004
 8.4298226e-004
 8.3401409e-004
 8.5045089e-004
 9.0134243e-004
 9.8972092e-004
 1.1007299e-003
 1.2162080e-003
 1.3180147e-003
 1.3879362e-003
 1.4090148e-003
 1.3816907e-003
 1.3197043e-003
 1.2371830e-003
 1.1482111e-003
 1.0664235e-003
 9.9869177e-004
 9.4680593e-004
 9.1237796e-004
 8.9703704e-004
 9.0220128e-004
 9.2621881e-004
 9.6509350e-004
 1.0147881e-003
 1.0712614e-003
 1.1304573e-003
 1.1878558e-003
 1.2386640e-003
 1.2780676e-003
 1.3012552e-003
 1.3037417e-003
 1.2859318e-003
 1.2518553e-003
 1.2056165e-003
 1.1513550e-003
 1.0933673e-003
 1.0386464e-003
 9.9617627e-004
 9.7498659e-004
 9.8412018e-004
 1.0313628e-003
 1.1071495e-003
 1.1891411e-003
 1.2546383e-003
 1.2810054e-003
 1.2475750e-003
 1.1612944e-003
 1.0494301e-003
 9.3965197e-004
 8.5964456e-004
 8.3515461e-004
 8.6522894e-004
 9.2943158e-004
 1.0069064e-003
 1.0767960e-003
 1.1195062e-003
 1.1326034e-003
 1.1261253e-003
 1.1103729e-003
 1.0956447e-003
 1.0916138e-003
 1.0993271e-003
 1.1136382e-003
 1.1292648e-003
 1.1409265e-003
 1.1435515e-003
 1.1349934e-003
 1.1151865e-003
 1.0841017e-003
 1.0417333e-003
 9.8842650e-004
 9.2947623e-004
 8.7367947e-004
 8.2994881e-004
 8.0715411e-004
 8.1318594e-004
 8.4282982e-004
 8.8158151e-004
 9.1476325e-004
 9.2769274e-004
 9.0701715e-004
 8.5676363e-004
 7.9321599e-004
 7.3287531e-004
 6.9225137e-004
 6.8657688e-004
 7.1447302e-004
 7.6295988e-004
 8.1882760e-004
 8.6887612e-004
 9.0077001e-004
 9.1379334e-004
 9.1524690e-004
 9.1259280e-004
 9.1329427e-004
 9.2421588e-004
 9.4459055e-004
 9.6839224e-004
 9.8949519e-004
 1.0017582e-003
 9.9959411e-004
 9.8419993e-004
 9.6141885e-004
 9.3720277e-004
 9.1748656e-004
 9.0780802e-004
 9.0867042e-004
 9.1715052e-004
 9.3025214e-004
 9.4498467e-004
 9.5837069e-004
 9.6760970e-004
 9.7001373e-004
 9.6290489e-004
 9.4360224e-004
 9.0996642e-004
 8.6666847e-004
 8.2292088e-004
 7.8802701e-004
 7.7128888e-004
 7.8102766e-004
 8.1343821e-004
 8.5662695e-004
 8.9855259e-004
 9.2717743e-004
 9.3153899e-004
 9.1395353e-004
 8.8553497e-004
 8.5755001e-004
 8.4128685e-004
 8.4706757e-004
 8.7390118e-004
 9.1333000e-004
 9.5673295e-004
 9.9551782e-004
 1.0215226e-003
 1.0318015e-003
 1.0268310e-003
 1.0071526e-003
 9.7330619e-004
 9.2618400e-004
 8.7083492e-004
 8.1507035e-004
 7.6670822e-004
 7.3357875e-004
 7.2283362e-004
 7.3367951e-004
 7.6015771e-004
 7.9622795e-004
 8.3585019e-004
 8.7316963e-004
 9.0436358e-004
 9.2696364e-004
 9.3851401e-004
 9.3655684e-004
 9.1925828e-004
 8.9193392e-004
 8.6447631e-004
 8.4685063e-004
 8.4903452e-004
 8.7979255e-004
 9.3422417e-004
 9.9872414e-004
 1.0595606e-003
 1.1029567e-003
 1.1164846e-003
 1.1024465e-003
 1.0724678e-003
 1.0383464e-003
 1.0118585e-003
 1.0036886e-003
 1.0122069e-003
 1.0280252e-003
 1.0416411e-003
 1.0435521e-003
 1.0254129e-003
 9.9187007e-004
 9.5566892e-004
 9.2968059e-004
 9.2677644e-004
 9.5806870e-004
 1.0150719e-003
 1.0771618e-003
 1.1235283e-003
 1.1333582e-003
 1.0884297e-003
 9.9898793e-004
 8.9283421e-004
 7.9800934e-004
 7.4262451e-004
 7.5179210e-004
 8.1888720e-004
 9.1779674e-004
 1.0221484e-003
 1.1054915e-003
 1.1436656e-003
 1.1363135e-003
 1.0975975e-003
 1.0419203e-003
 9.8365720e-004
 9.3622605e-004
 9.0273609e-004
 8.8007393e-004
 8.6501334e-004
 8.5433829e-004
 8.4504497e-004
 8.3638390e-004
 8.2897115e-004
 8.2343502e-004
 8.2040601e-004
 8.2040537e-004
 8.2280079e-004
 8.2626904e-004
 8.2947843e-004
 8.3109719e-004
 8.3006558e-004
 8.2817825e-004
 8.2892535e-004
 8.3582249e-004
 8.5238006e-004
 8.8159129e-004
 9.2106377e-004
 9.6522120e-004
 1.0084560e-003
 1.0451291e-003
 1.0698641e-003
 1.0796427e-003
 1.0728335e-003
 1.0478302e-003
 1.0030237e-003
 9.3767798e-004
 8.5993408e-004
 7.8318751e-004
 7.2084164e-004
 6.8631727e-004
 6.9125631e-004
 7.2933023e-004
 7.8374002e-004
 8.3758542e-004
 8.7396085e-004
 8.7789324e-004
 8.5383205e-004
 8.1743282e-004
 7.8448077e-004
 7.7076152e-004
 7.9024123e-004
 8.3868677e-004
 9.0145267e-004
 9.6377026e-004
 1.0108789e-003
 1.0293708e-003
 1.0195477e-003
 9.8948390e-004
 9.4733364e-004
 9.0128294e-004
 8.5898064e-004
 8.2312204e-004
 7.9358753e-004
 7.7024591e-004
 7.5294403e-004
 7.4152014e-004
 7.3565182e-004
 7.3493033e-004
 7.3894107e-004
 7.4727141e-004
 7.5947668e-004
 7.7480712e-004
 7.9232856e-004
 8.1111561e-004
 8.3023979e-004
 8.4866316e-004
 8.6424977e-004
 8.7427493e-004
 8.7600236e-004
 8.6669251e-004
 8.4439060e-004
 8.1450952e-004
 7.8653340e-004
 7.6998869e-004
 7.7440642e-004
 8.0768164e-004
 8.6235069e-004
 9.2252617e-004
 9.7224326e-004
 9.9550083e-004
 9.7845902e-004
 9.2707068e-004
 8.5807208e-004
 7.8836194e-004
 7.3478767e-004
 7.1220001e-004
 7.1681250e-004
 7.3474628e-004
 7.5200672e-004
 7.5461384e-004
 7.3045725e-004
 6.8463542e-004
 6.3155621e-004
 5.8568333e-004
 5.6148932e-004
 5.7149283e-004
 6.1031006e-004
 6.6299067e-004
 7.1449549e-004
 7.4979104e-004
 7.5557013e-004
 7.3440210e-004
 6.9726683e-004
 6.5522204e-004
 6.1931857e-004
 5.9970503e-004
 5.9816451e-004
 6.1208720e-004
 6.3883048e-004
 6.7573116e-004
 7.2025182e-004
 7.7080546e-004
 8.2632160e-004
 8.8569312e-004
 9.4785262e-004
 1.0113607e-003
 1.0716007e-003
 1.1223092e-003
 1.1571725e-003
 1.1699157e-003
 1.1554149e-003
 1.1187546e-003
 1.0703484e-003
 1.0206278e-003
 9.8003121e-004
 9.5764757e-004
 9.5084985e-004
 9.5095224e-004
 9.4922638e-004
 9.3694386e-004
 9.0667576e-004
 8.6233049e-004
 8.1358786e-004
 7.7017909e-004
 7.4183126e-004
 7.3732989e-004
 7.5719471e-004
 7.9776399e-004
 8.5535779e-004
 9.2625309e-004
 1.0063774e-003
 1.0883352e-003
 1.1630586e-003
 1.2214769e-003
 1.2544794e-003
 1.2545978e-003
 1.2278367e-003
 1.1869646e-003
 1.1448332e-003
 1.1142640e-003
 1.1067300e-003
 1.1223331e-003
 1.1554833e-003
 1.2005584e-003
 1.2519347e-003
 1.3040126e-003
 1.3512498e-003
 1.3881904e-003
 1.4093668e-003
 1.4093106e-003
 1.3836377e-003
 1.3370180e-003
 1.2785564e-003
 1.2173925e-003
 1.1626544e-003
 1.1224624e-003
 1.0963193e-003
 1.0795428e-003
 1.0674188e-003
 1.0552411e-003
 1.0390445e-003
 1.0209619e-003
 1.0060921e-003
 9.9955348e-004
 1.0064684e-003
 1.0309733e-003
 1.0692984e-003
 1.1138609e-003
 1.1570193e-003
 1.1911653e-003
 1.2093689e-003
 1.2102159e-003
 1.1949453e-003
 1.1648149e-003
 1.1210809e-003
 1.0656905e-003
 1.0060768e-003
 9.5234340e-004
 9.1456552e-004
 9.0283260e-004
 9.2543534e-004
 9.7636331e-004
 1.0428455e-003
 1.1120692e-003
 1.1712330e-003
 1.2088458e-003
 1.2240544e-003
 1.2209814e-003
 1.2037730e-003
 1.1765896e-003
 1.1433633e-003
 1.1063395e-003
 1.0669727e-003
 1.0267034e-003
 9.8700065e-004
 9.4966259e-004
 9.1925345e-004
 9.0161816e-004
 9.0262090e-004
 9.2811021e-004
 9.8203274e-004
 1.0537378e-003
 1.1257612e-003
 1.1806551e-003
 1.2009566e-003
 1.1725331e-003
 1.1065647e-003
 1.0259255e-003
 9.5350295e-004
 9.1219635e-004
 9.2120055e-004
 9.7166566e-004
 1.0419483e-003
 1.1103440e-003
 1.1551540e-003
 1.1579474e-003
 1.1250387e-003
 1.0739309e-003
 1.0221817e-003
 9.8734454e-004
 9.8482764e-004
 1.0138733e-003
 1.0664656e-003
 1.1345712e-003
 1.2101048e-003
 1.2850025e-003
 1.3509815e-003
 1.3996771e-003
 1.4226899e-003
 1.4116595e-003
 1.3602986e-003
 1.2775915e-003
 1.1793904e-003
 1.0815194e-003
 9.9981972e-004
 9.4817742e-004
 9.2625921e-004
 9.2745805e-004
 9.4512152e-004
 9.7260589e-004
 1.0036576e-003
 1.0347659e-003
 1.0636570e-003
 1.0880559e-003
 1.1056898e-003
 1.1146148e-003
 1.1153405e-003
 1.1094360e-003
 1.0984746e-003
 1.0840258e-003
 1.0680278e-003
 1.0549495e-003
 1.0503645e-003
 1.0598558e-003
 1.0889986e-003
 1.1412238e-003
 1.2047892e-003
 1.2614272e-003
 1.2928038e-003
 1.2806297e-003
 1.2111197e-003
 1.1021825e-003
 9.8526594e-004
 8.9195813e-004
 8.5375673e-004
 8.9635729e-004
 1.0048848e-003
 1.1471071e-003
 1.2908060e-003
 1.4037439e-003
 1.4586789e-003
 1.4628349e-003
 1.4380561e-003
 1.4062170e-003
 1.3891928e-003
 1.4056499e-003
 1.4521616e-003
 1.5160404e-003
 1.5845684e-003
 1.6450395e-003
 1.6855510e-003
 1.7000114e-003
 1.6847166e-003
 1.6359551e-003
 1.5500530e-003
 1.4259910e-003
 1.2809027e-003
 1.1394080e-003
 1.0262544e-003
 9.6608198e-004
 9.7873912e-004
 1.0516663e-003
 1.1589925e-003
 1.2747222e-003
 1.3729378e-003
 1.4308729e-003
 1.4469125e-003
 1.4280870e-003
 1.3814666e-003
 1.3141140e-003
 1.2329934e-003
 1.1446215e-003
 1.0552496e-003
 9.7114634e-004
 8.9858077e-004
 8.4374973e-004
 8.0929644e-004
 7.9231657e-004
 7.8945473e-004
 7.9735817e-004
 8.1266707e-004
 8.3204481e-004
 8.5319707e-004
 8.7542267e-004
 8.9813740e-004
 9.2077308e-004
 9.4275631e-004
 9.6351770e-004
 9.8270620e-004
 1.0002818e-003
 1.0162452e-003
 1.0305921e-003
 1.0433216e-003
 1.0544162e-003
 1.0634793e-003
 1.0695284e-003
 1.0715328e-003
 1.0684606e-003
 1.0592826e-003
 1.0429939e-003
 1.0199929e-003
 9.9279417e-004
 9.6406671e-004
 9.3648437e-004
 9.1272098e-004
 8.9541113e-004
 8.8529591e-004
 8.8028715e-004
 8.7807485e-004
 8.7634858e-004
 8.7279856e-004
 8.6511450e-004
 8.5150043e-004
 8.3335780e-004
 8.1333332e-004
 7.9406332e-004
 7.7818794e-004
 7.6834724e-004
 7.6718244e-004
 7.7673484e-004
 7.9534599e-004
 8.1994978e-004
 8.4748468e-004
 8.7486813e-004
 8.9903810e-004
 9.1692607e-004
 9.2593872e-004
 9.2637405e-004
 9.1963087e-004
 9.0710650e-004
 8.9019822e-004
 8.7029877e-004
 8.4881502e-004
 8.2716980e-004
 8.0697011e-004
 7.8988675e-004
 7.7760231e-004
 7.7178702e-004
 7.7411503e-004
 7.8626501e-004
 8.0922432e-004
 8.3990692e-004
 8.7371399e-004
 9.0605154e-004
 9.3230198e-004
 9.4787183e-004
 9.4816007e-004
 9.2971983e-004
 8.9594029e-004
 8.5274986e-004
 8.0605736e-004
 7.6177792e-004
 7.2581944e-004
 7.0411549e-004
 7.0159353e-004
 7.1745418e-004
 7.4882107e-004
 7.9278997e-004
 8.4647851e-004
 9.0699812e-004
 9.7146031e-004
 1.0367689e-003
 1.0984842e-003
 1.1517463e-003
 1.1916797e-003
 1.2134115e-003
 1.2120543e-003
 1.1827403e-003
 1.1225247e-003
 1.0395527e-003
 9.4599993e-004
 8.5398724e-004
 7.7565323e-004
 7.2313636e-004
 7.0857722e-004
 7.4117997e-004
 8.1336417e-004
 9.1162988e-004
 1.0224972e-003
 1.1324041e-003
 1.2278690e-003
 1.2953855e-003
 1.3240445e-003
 1.3175652e-003
 1.2848213e-003
 1.2346796e-003
 1.1759935e-003
 1.1176596e-003
 1.0685319e-003
 1.0358926e-003
 1.0181717e-003
 1.0107270e-003
 1.0089166e-003
 1.0080936e-003
 1.0036131e-003
 9.9082640e-004
 9.6633786e-004
 9.3361881e-004
 8.9850457e-004
 8.6682610e-004
 8.4443687e-004
 8.3716644e-004
 8.5085223e-004
 8.8977715e-004
 9.4972557e-004
 1.0235348e-003
 1.1040817e-003
 1.1842315e-003
 1.2568646e-003
 1.3148101e-003
 1.3521805e-003
 1.3697350e-003
 1.3704798e-003
 1.3574248e-003
 1.3335814e-003
 1.3019588e-003
 1.2655669e-003
 1.2273991e-003
 1.1902279e-003
 1.1564752e-003
 1.1285511e-003
 1.1088620e-003
 1.0998277e-003
 1.1038523e-003
 1.1233457e-003
 1.1606514e-003
 1.2151666e-003
 1.2825861e-003
 1.3583550e-003
 1.4379185e-003
 1.5167397e-003
 1.5902256e-003
 1.6538403e-003
 1.7031028e-003
 1.7362660e-003
 1.7550131e-003
 1.7612746e-003
 1.7569712e-003
 1.7440196e-003
 1.7243468e-003
 1.6998716e-003
 1.6724928e-003
 1.6433221e-003
 1.6125140e-003
 1.5801402e-003
 1.5462791e-003
 1.5110093e-003
 1.4744005e-003
 1.4365488e-003
 1.3975329e-003
 1.3577593e-003
 1.3180198e-003
 1.2791601e-003
 1.2419964e-003
 1.2073553e-003
 1.1760561e-003
 1.1489397e-003
 1.1268128e-003
 1.1100718e-003
 1.0986006e-003
 1.0922500e-003
 1.0908755e-003
 1.0943267e-003
 1.1024559e-003
 1.1151185e-003
 1.1321597e-003
 1.1533959e-003
 1.1785957e-003
 1.2075328e-003
 1.2399596e-003
 1.2756484e-003
 1.3143658e-003
 1.3558775e-003
 1.3999401e-003
 1.4455925e-003
 1.4910784e-003
 1.5345820e-003
 1.5742965e-003
 1.6083872e-003
 1.6350481e-003
 1.6524635e-003
 1.6588836e-003
 1.6546831e-003
 1.6427846e-003
 1.6262565e-003
 1.6081635e-003
 1.5915832e-003
 1.5795805e-003
 1.5752236e-003
 1.5814806e-003
 1.5981117e-003
 1.6210625e-003
 1.6460710e-003
 1.6688709e-003
 1.6852004e-003
 1.6907851e-003
 1.6813644e-003
 1.6528134e-003
 1.6053700e-003
 1.5444373e-003
 1.4756781e-003
 1.4047642e-003
 1.3373673e-003
 1.2791470e-003
 1.2358039e-003
 1.2128607e-003
 1.2117687e-003
 1.2292434e-003
 1.2617188e-003
 1.3056411e-003
 1.3574534e-003
 1.4136126e-003
 1.4705352e-003
 1.5247180e-003
 1.5738773e-003
 1.6171430e-003
 1.6537316e-003
 1.6828339e-003
 1.7036682e-003
 1.7154427e-003
 1.7173655e-003
 1.7086780e-003
 1.6896280e-003
 1.6616045e-003
 1.6260491e-003
 1.5844296e-003
 1.5381896e-003
 1.4887801e-003
 1.4376392e-003
 1.3862278e-003
 1.3355329e-003
 1.2860616e-003
 1.2382949e-003
 1.1927024e-003
 1.1497875e-003
 1.1100193e-003
 1.0738788e-003
 1.0418297e-003
 1.0140791e-003
 9.9049788e-004
 9.7094924e-004
 9.5529272e-004
 9.4339903e-004
 9.3512674e-004
 9.3033881e-004
 9.2889846e-004
 9.3065551e-004
 9.3508355e-004
 9.4124163e-004
 9.4816776e-004
 9.5490157e-004
 9.6047745e-004
 9.6393510e-004
 9.6431252e-004
 9.6064626e-004
 9.5197558e-004
 9.3738717e-004
 9.1728673e-004
 8.9351961e-004
 8.6799805e-004
 8.4265298e-004
 8.1939664e-004
 8.0014742e-004
 7.8682147e-004
 7.8134367e-004
 7.8562816e-004
 8.0150942e-004
 8.2859799e-004
 8.6407817e-004
 9.0503338e-004
 9.4854174e-004
 9.9168159e-004
 1.0315398e-003
 1.0651752e-003
 1.0896758e-003
 1.1021201e-003
 1.0996975e-003
 1.0825470e-003
 1.0539463e-003
 1.0173244e-003
 9.7609992e-004
 9.3372201e-004
 8.9361018e-004
 8.5919333e-004
 8.3389564e-004
 8.2115852e-004
 8.2427199e-004
 8.4319990e-004
 8.7439793e-004
 9.1416499e-004
 9.5877005e-004
 1.0045103e-003
 1.0476745e-003
 1.0845589e-003
 1.1114341e-003
 1.1245981e-003
 1.1204936e-003
 1.0993546e-003
 1.0653844e-003
 1.0229566e-003
 9.7644818e-004
 9.3023566e-004
 8.8868680e-004
 8.5619913e-004
 8.3713862e-004
 8.3588198e-004
 8.5662969e-004
 8.9911051e-004
 9.5848867e-004
 1.0297165e-003
 1.1077662e-003
 1.1875520e-003
 1.2640452e-003
 1.3321984e-003
 1.3869646e-003
 1.4233025e-003
 1.4363306e-003
 1.4255459e-003
 1.3948518e-003
 1.3483365e-003
 1.2901240e-003
 1.2243059e-003
 1.1549831e-003
 1.0862403e-003
 1.0222122e-003
 9.6698286e-004
 9.2454383e-004
 8.9634612e-004
 8.8131399e-004
 8.7823899e-004
 8.8592095e-004
 9.0315973e-004
 9.2876202e-004
 9.6151535e-004
 1.0002246e-003
 1.0436897e-003
 1.0907078e-003
 1.1397216e-003
 1.1888893e-003
 1.2363447e-003
 1.2802320e-003
 1.3186637e-003
 1.3497847e-003
 1.3717288e-003
 1.3826304e-003
 1.3806206e-003
 1.3639359e-003
 1.3330593e-003
 1.2906739e-003
 1.2395425e-003
 1.1824653e-003
 1.1222067e-003
 1.0615422e-003
 1.0032339e-003
 9.5008576e-004
 9.0485869e-004
 8.7023881e-004
 8.4696442e-004
 8.3388638e-004
 8.2978630e-004
 8.3343557e-004
 8.4360986e-004
 8.5908885e-004
 8.7864068e-004
 9.0104394e-004
 9.2507433e-004
 9.4953540e-004
 9.7368372e-004
 9.9724357e-004
 1.0199517e-003
 1.0415493e-003
 1.0617630e-003
 1.0803347e-003
 1.0970004e-003
 1.1114974e-003
 1.1235644e-003
 1.1329524e-003
 1.1398389e-003
 1.1447932e-003
 1.1484009e-003
 1.1512452e-003
 1.1539118e-003
 1.1569854e-003
 1.1610519e-003
 1.1666942e-003
 1.1744980e-003
 1.1850102e-003
 1.1980026e-003
 1.2125269e-003
 1.2275972e-003
 1.2422373e-003
 1.2554677e-003
 1.2663116e-003
 1.2737842e-003
 1.2769091e-003
 1.2747069e-003
 1.2662672e-003
 1.2521124e-003
 1.2340765e-003
 1.2140437e-003
 1.1938983e-003
 1.1755204e-003
 1.1608033e-003
 1.1516267e-003
 1.1498749e-003
 1.1574349e-003
 1.1760823e-003
 1.2055257e-003
 1.2435861e-003
 1.2880269e-003
 1.3365787e-003
 1.3870035e-003
 1.4370531e-003
 1.4844907e-003
 1.5270453e-003
 1.5624805e-003
 1.5886540e-003
 1.6054476e-003
 1.6145677e-003
 1.6177818e-003
 1.6168635e-003
 1.6135834e-003
 1.6097114e-003
 1.6070207e-003
 1.6072812e-003
 1.6122635e-003
 1.6236241e-003
 1.6407935e-003
 1.6612358e-003
 1.6823439e-003
 1.7015118e-003
 1.7161347e-003
 1.7235988e-003
 1.7213016e-003
 1.7066362e-003
 1.6769869e-003
 1.6299598e-003
 1.5668162e-003
 1.4920540e-003
 1.4102608e-003
 1.3260848e-003
 1.2441148e-003
 1.1689587e-003
 1.1052244e-003
 1.0575108e-003
 1.0304492e-003
 1.0283637e-003
 1.0507017e-003
 1.0926696e-003
 1.1493000e-003
 1.2156542e-003
 1.2867855e-003
 1.3577635e-003
 1.4236072e-003
 1.4793868e-003
 1.5201556e-003
 1.5412217e-003
 1.5424121e-003
 1.5274391e-003
 1.5001440e-003
 1.4643660e-003
 1.4239334e-003
 1.3827053e-003
 1.3445112e-003
 1.3131897e-003
 1.2925762e-003
 1.2863169e-003
 1.2945044e-003
 1.3142363e-003
 1.3425230e-003
 1.3763534e-003
 1.4127359e-003
 1.4486734e-003
 1.4811683e-003
 1.5072293e-003
 1.5238455e-003
 1.5281887e-003
 1.5201815e-003
 1.5020546e-003
 1.4761240e-003
 1.4446944e-003
 1.4100728e-003
 1.3745580e-003
 1.3404748e-003
 1.3101223e-003
 1.2858077e-003
 1.2697360e-003
 1.2623973e-003
 1.2628660e-003
 1.2701667e-003
 1.2833278e-003
 1.3013814e-003
 1.3233471e-003
 1.3482561e-003
 1.3751367e-003
 1.4030230e-003
 1.4309527e-003
 1.4583610e-003
 1.4849863e-003
 1.5105756e-003
 1.5348819e-003
 1.5576408e-003
 1.5786055e-003
 1.5975230e-003
 1.6141448e-003
 1.6282095e-003
 1.6394824e-003
 1.6479398e-003
 1.6537338e-003
 1.6570175e-003
 1.6579489e-003
 1.6566835e-003
 1.6533769e-003
 1.6481861e-003
 1.6412669e-003
 1.6327748e-003
 1.6228798e-003
 1.6119611e-003
 1.6005761e-003
 1.5892792e-003
 1.5786275e-003
 1.5691752e-003
 1.5614844e-003
 1.5561093e-003
 1.5536069e-003
 1.5545347e-003
 1.5594009e-003
 1.5679647e-003
 1.5793939e-003
 1.5928402e-003
 1.6074593e-003
 1.6223955e-003
 1.6368043e-003
 1.6498372e-003
 1.6606487e-003
 1.6683846e-003
 1.6722549e-003
 1.6722960e-003
 1.6691916e-003
 1.6636455e-003
 1.6563592e-003
 1.6480342e-003
 1.6393731e-003
 1.6310752e-003
 1.6238472e-003
 1.6183885e-003
 1.6153627e-003
 1.6148562e-003
 1.6165107e-003
 1.6199555e-003
 1.6248215e-003
 1.6307394e-003
 1.6373370e-003
 1.6442453e-003
 1.6510945e-003
 1.6575161e-003
 1.6631505e-003
 1.6678395e-003
 1.6715731e-003
 1.6743452e-003
 1.6761499e-003
 1.6769798e-003
 1.6768299e-003
 1.6756933e-003
 1.6735637e-003
 1.6704357e-003
 1.6663161e-003
 1.6614051e-003
 1.6560471e-003
 1.6505934e-003
 1.6453920e-003
 1.6407918e-003
 1.6371418e-003
 1.6347908e-003
 1.6340888e-003
 1.6353840e-003
 1.6389765e-003
 1.6444674e-003
 1.6509339e-003
 1.6574449e-003
 1.6630678e-003
 1.6668711e-003
 1.6679205e-003
 1.6652845e-003
 1.6580311e-003
 1.6452279e-003
 1.6260088e-003
 1.6005232e-003
 1.5696428e-003
 1.5342591e-003
 1.4952546e-003
 1.4535401e-003
 1.4099984e-003
 1.3655215e-003
 1.3209910e-003
 1.2773201e-003
 1.2353901e-003
 1.1960915e-003
 1.1603065e-003
 1.1289425e-003
 1.1028798e-003
 1.0830086e-003
 1.0702192e-003
 1.0654009e-003
 1.0694466e-003
 1.0832436e-003
 1.1075676e-003
 1.1416591e-003
 1.1836275e-003
 1.2315817e-003
 1.2836236e-003
 1.3378678e-003
 1.3923901e-003
 1.4453051e-003
 1.4947146e-003
 1.5387206e-003
 1.5755452e-003
 1.6048792e-003
 1.6274976e-003
 1.6441875e-003
 1.6557385e-003
 1.6629325e-003
 1.6665603e-003
 1.6674091e-003
 1.6662660e-003
 1.6639188e-003
 1.6611238e-003
 1.6582310e-003
 1.6553071e-003
 1.6524121e-003
 1.6496079e-003
 1.6469546e-003
 1.6445129e-003
 1.6423429e-003
 1.6405068e-003
 1.6390641e-003
 1.6380723e-003
 1.6375404e-003
 1.6374453e-003
 1.6377632e-003
 1.6384694e-003
 1.6395400e-003
 1.6409514e-003
 1.6426786e-003
 1.6446982e-003
 1.6469860e-003
 1.6495177e-003
 1.6522604e-003
 1.6551783e-003
 1.6582339e-003
 1.6613919e-003
 1.6646135e-003
 1.6678629e-003
 1.6711028e-003
 1.6742977e-003
 1.6774089e-003
 1.6804003e-003
 1.6832296e-003
 1.6858523e-003
 1.6882236e-003
 1.6902975e-003
 1.6920294e-003
 1.6933747e-003
 1.6942879e-003
 1.6947240e-003
 1.6946379e-003
 1.6939925e-003
 1.6928394e-003
 1.6912919e-003
 1.6894633e-003
 1.6874667e-003
 1.6854160e-003
 1.6834242e-003
 1.6816055e-003
 1.6800733e-003
 1.6789407e-003
 1.6783134e-003
 1.6781971e-003
 1.6785332e-003
 1.6792613e-003
 1.6803216e-003
 1.6816535e-003
 1.6831971e-003
 1.6848920e-003
 1.6866785e-003
 1.6884966e-003
 1.6902856e-003
 1.6919924e-003
 1.6935662e-003
 1.6949573e-003
 1.6961145e-003
 1.6969879e-003
 1.6975272e-003
 1.6976820e-003
 1.6974022e-003
 1.6966374e-003
 1.6953505e-003
 1.6936583e-003
 1.6917776e-003
 1.6899259e-003
 1.6883209e-003
 1.6871800e-003
 1.6867211e-003
 1.6871619e-003
 1.6887200e-003
 1.6916131e-003
 1.6960640e-003
 1.7023343e-003
 1.7107161e-003
 1.7215001e-003
 1.7349819e-003
 1.7514458e-003
 1.7711866e-003
 1.7944952e-003
 1.8216631e-003
 1.8529895e-003
 1.8887757e-003
 1.9296220e-003
 1.9762951e-003
 2.0295777e-003
 2.0902145e-003
 2.1589859e-003
 2.2366624e-003
 2.3240347e-003
 2.4218312e-003
 2.5308405e-003
 2.6516060e-003
 2.7821842e-003
 2.9191254e-003
 3.0588591e-003
 3.1979124e-003
 3.3327800e-003
 3.4599863e-003
 3.5759646e-003
 3.6772410e-003
 3.7603113e-003
 3.8219418e-003
 3.8616713e-003
 3.8808037e-003
 3.8806496e-003
 3.8625142e-003
 3.8277172e-003
 3.7775675e-003
 3.7133761e-003
 3.6364545e-003
 3.5480908e-003
 3.4496635e-003
 3.3427440e-003
 3.2290798e-003
 3.1103909e-003
 2.9884838e-003
 2.8650800e-003
 2.7419287e-003
 2.6207499e-003
 2.5033515e-003
 2.3914531e-003
 2.2867087e-003
 2.1897710e-003
 2.1006777e-003
 2.0195199e-003
 1.9463248e-003
 1.8811421e-003
 1.8240080e-003
 1.7749987e-003
 1.7341492e-003
 1.7015086e-003
 1.6770569e-003
 1.6601275e-003
 1.6496454e-003
 1.6445364e-003
 1.6437278e-003
 1.6461468e-003
 1.6507183e-003
 1.6563691e-003
 1.6620260e-003
 1.6666163e-003
 1.6691491e-003
 1.6695005e-003
 1.6680468e-003
 1.6651695e-003
 1.6612525e-003
 1.6566778e-003
 1.6518282e-003
 1.6470843e-003
 1.6428315e-003
 1.6394511e-003
 1.6372915e-003
 1.6363634e-003
 1.6364843e-003
 1.6374685e-003
 1.6391301e-003
 1.6412843e-003
 1.6437459e-003
 1.6463284e-003
 1.6488468e-003
 1.6511161e-003
 1.6529711e-003
 1.6544454e-003
 1.6556872e-003
 1.6568450e-003
 1.6580676e-003
 1.6595040e-003
 1.6613026e-003
 1.6636122e-003
 1.6665817e-003
 1.6703608e-003
 1.6750513e-003
 1.6803219e-003
 1.6855964e-003
 1.6902968e-003
 1.6938419e-003
 1.6956541e-003
 1.6951544e-003
 1.6917639e-003
 1.6849017e-003
 1.6739921e-003
 1.6585577e-003
 1.6391011e-003
 1.6166604e-003
 1.5922958e-003
 1.5670520e-003
 1.5419780e-003
 1.5181182e-003
 1.4965333e-003
 1.4782669e-003
 1.4643685e-003
 1.4558875e-003
 1.4537425e-003
 1.4576270e-003
 1.4665637e-003
 1.4795699e-003
 1.4956673e-003
 1.5138651e-003
 1.5331841e-003
 1.5526414e-003
 1.5712590e-003
 1.5880446e-003
 1.6020203e-003
 1.6122035e-003
 1.6176120e-003
 1.6172604e-003
 1.6102755e-003
 1.5967669e-003
 1.5773721e-003
 1.5527270e-003
 1.5234860e-003
 1.4902868e-003
 1.4537714e-003
 1.4145729e-003
 1.3733527e-003
 1.3307444e-003
 1.2873900e-003
 1.2439224e-003
 1.2010045e-003
 1.1592685e-003
 1.1193571e-003
 1.0819128e-003
 1.0475701e-003
 1.0169883e-003
 9.9074061e-004
 9.6886948e-004
 9.5113099e-004
 9.3729096e-004
 9.2710176e-004
 9.2032098e-004
 9.1670523e-004
 9.1601355e-004
 9.1800204e-004
 9.2242798e-004
 9.2904881e-004
 9.3762414e-004
 9.4790687e-004
 9.5965649e-004
 9.7262987e-004
 9.8658830e-004
 1.0012820e-003
 1.0164717e-003
 1.0319146e-003
 1.0473717e-003
 1.0625930e-003
 1.0773394e-003
 1.0913847e-003
 1.1046485e-003
 1.1171128e-003
 1.1287705e-003
 1.1396111e-003
 1.1496237e-003
 1.1587995e-003
 1.1671240e-003
 1.1745886e-003
 1.1811826e-003
 1.1868968e-003
 1.1917177e-003
 1.1956360e-003
 1.1986411e-003
 1.2007231e-003
 1.2018699e-003
 1.2020717e-003
 1.2013178e-003
 1.1995975e-003
 1.1968993e-003
 1.1932142e-003
 1.1885307e-003
 1.1828383e-003
 1.1761247e-003
 1.1683822e-003
 1.1595989e-003
 1.1497720e-003
 1.1389615e-003
 1.1272680e-003
 1.1147839e-003
 1.1016050e-003
 1.0878266e-003
 1.0735403e-003
 1.0588485e-003
 1.0438431e-003
 1.0286195e-003
 1.0132694e-003
 9.9789549e-004
 9.8258932e-004
 9.6744631e-004
 9.5255842e-004
 9.3802798e-004
 9.2394691e-004
 9.1041037e-004
 8.9751079e-004
 8.8534976e-004
 8.7401929e-004
 8.6361484e-004
 8.5423177e-004
 8.4596366e-004
 8.3890959e-004
 8.3316310e-004
 8.2881923e-004
 8.2597311e-004
 8.2472124e-004
 8.2515826e-004
 8.2736491e-004
 8.3130761e-004
 8.3689520e-004
 8.4403867e-004
 8.5264834e-004
 8.6263462e-004
 8.7391044e-004
 8.8638085e-004
 8.9995854e-004
 9.1455405e-004
 9.3008124e-004
 9.4644324e-004
 9.6355361e-004
 9.8132307e-004
 9.9966605e-004
 1.0184842e-003
 1.0376920e-003
 1.0572000e-003
 1.0769182e-003
 1.0967618e-003
 1.1166319e-003
 1.1364430e-003
 1.1561057e-003
 1.1755349e-003
 1.1946313e-003
 1.2133104e-003
 1.2314821e-003
 1.2490611e-003
 1.2659491e-003
 1.2820606e-003
 1.2973060e-003
 1.3115957e-003
 1.3248540e-003
 1.3370792e-003
 1.3483177e-003
 1.3586121e-003
 1.3680077e-003
 1.3765427e-003
 1.3842627e-003
 1.3912104e-003
 1.3974302e-003
 1.4029620e-003
 1.4078504e-003
 1.4121385e-003
 1.4158697e-003
 1.4190854e-003
 1.4218296e-003
 1.4241448e-003
 1.4260743e-003
 1.4276612e-003
 1.4289479e-003
 1.4299777e-003
 1.4307933e-003
 1.4314380e-003
 1.4319544e-003
 1.4323854e-003
 1.4327744e-003
 1.4331639e-003
 1.4335969e-003
 1.4341165e-003
 1.4347655e-003
 1.4355869e-003
 1.4366240e-003
 1.4379190e-003
 1.4395101e-003
 1.4413972e-003
 1.4435642e-003
 1.4459939e-003
 1.4486701e-003
 1.4515762e-003
 1.4546965e-003
 1.4580132e-003
 1.4615102e-003
 1.4651711e-003
 1.4689794e-003
 1.4729198e-003
 1.4769733e-003
 1.4811250e-003
 1.4853576e-003
 1.4896563e-003
 1.4940022e-003
 1.4983800e-003
 1.5027728e-003
 1.5071656e-003
 1.5115396e-003
 1.5158792e-003
 1.5201679e-003
 1.5243904e-003
 1.5285282e-003
 1.5325653e-003
 1.5364859e-003
 1.5402726e-003
 1.5439105e-003
 1.5473812e-003
 1.5506689e-003
 1.5537570e-003
 1.5566315e-003
 1.5592868e-003
 1.5617248e-003
 1.5639457e-003
 1.5659509e-003
 1.5677401e-003
 1.5693146e-003
 1.5706752e-003
 1.5718222e-003
 1.5727569e-003
 1.5734795e-003
 1.5739908e-003
 1.5742916e-003
 1.5743827e-003
 1.5742644e-003
 1.5739379e-003
 1.5734039e-003
 1.5726626e-003
 1.5717152e-003
 1.5705624e-003
 1.5692046e-003
 1.5676429e-003
 1.5658773e-003
 1.5639095e-003
 1.5617396e-003
 1.5593685e-003
 1.5567961e-003
 1.5540246e-003
 1.5510540e-003
 1.5478849e-003
 1.5445173e-003
 1.5409536e-003
 1.5371965e-003
 1.5332696e-003
 1.5292038e-003
 1.5250323e-003
 1.5207860e-003
 1.5164962e-003
 1.5121946e-003
 1.5079116e-003
 1.5036809e-003
 1.4995333e-003
 1.4955001e-003
 1.4916119e-003
 1.4879025e-003
 1.4844020e-003
 1.4811422e-003
 1.4781544e-003
 1.4754711e-003
 1.4731232e-003
 1.4711423e-003
 1.4695601e-003
 1.4684078e-003
 1.4677177e-003
 1.4675207e-003
 1.4678489e-003
 1.4687338e-003
 1.4702063e-003
 1.4722986e-003
 1.4750423e-003
 1.4784695e-003
 1.4826102e-003
 1.4874970e-003
 1.4931613e-003
 1.4996324e-003
 1.5069267e-003
 1.5150505e-003
 1.5240145e-003
 1.5338282e-003
 1.5445031e-003
 1.5560442e-003
 1.5684626e-003
 1.5817678e-003
 1.5959727e-003
 1.6110798e-003
 1.6271014e-003
 1.6440472e-003
 1.6619309e-003
 1.6807530e-003
 1.7005272e-003
 1.7212627e-003
 1.7429687e-003
 1.7656602e-003
 1.7893355e-003
 1.8140095e-003
 1.8396915e-003
 1.8663970e-003
 1.8941227e-003
 1.9228844e-003
 1.9526910e-003
 1.9835595e-003
 2.0154847e-003
 2.0484829e-003
 2.0825632e-003
 2.1177353e-003
 2.1540173e-003
 2.1913911e-003
 2.2298032e-003
 2.2691707e-003
 2.3094197e-003
 2.3504472e-003
 2.3921786e-003
 2.4345308e-003
 2.4774300e-003
 2.5207726e-003
 2.5644845e-003
 2.6084825e-003
 2.6526824e-003
 2.6970117e-003
 2.7413655e-003
 2.7856701e-003
 2.8298425e-003
 2.8738098e-003
 2.9174662e-003
 2.9607394e-003
 3.0035453e-003
 3.0458111e-003
 3.0874317e-003
 3.1283344e-003
 3.1684355e-003
 3.2076510e-003
 3.2459064e-003
 3.2831002e-003
 3.3191573e-003
 3.3539941e-003
 3.3875359e-003
 3.4196815e-003
 3.4503557e-003
 3.4794938e-003
 3.5071389e-003
 3.5333519e-003
 3.5582136e-003
 3.5817982e-003
 3.6041848e-003
 3.6254365e-003
 3.6456329e-003
 3.6648479e-003
 3.6831563e-003
 3.7006352e-003
 3.7173505e-003
 3.7333807e-003
 3.7487992e-003
 3.7636845e-003
 3.7781026e-003
 3.7921320e-003
 3.8058460e-003
 3.8193217e-003
 3.8326273e-003
 3.8458395e-003
 3.8590329e-003
 3.8722809e-003
 3.8856606e-003
 3.8992406e-003
 3.9130966e-003
 3.9273039e-003
 3.9419397e-003
 3.9570704e-003
 3.9727748e-003
 3.9891261e-003
 4.0062014e-003
 4.0240525e-003
 4.0426543e-003
 4.0619499e-003
 4.0818811e-003
 4.1023958e-003
 4.1234270e-003
 4.1449219e-003
 4.1668229e-003
 4.1890778e-003
 4.2116190e-003
 4.2343941e-003
 4.2573451e-003
 4.2804200e-003
 4.3035517e-003
 4.3266877e-003
 4.3497686e-003
 4.3727448e-003
 4.3955478e-003
 4.4181240e-003
 4.4404166e-003
 4.4623693e-003
 4.4839280e-003
 4.5050257e-003
 4.5256107e-003
 4.5456253e-003
 4.5650154e-003
 4.5837155e-003
 4.6016723e-003
 4.6188287e-003
 4.6351310e-003
 4.6505136e-003
 4.6649240e-003
 4.6783150e-003
 4.6907021e-003
 4.7021220e-003
 4.7126035e-003
 4.7221840e-003
 4.7308989e-003
 4.7387825e-003
 4.7458676e-003
 4.7521889e-003
 4.7577810e-003
 4.7626803e-003
 4.7669183e-003
 4.7705304e-003
 4.7735516e-003
 4.7760159e-003
 4.7779582e-003
 4.7794124e-003
 4.7804117e-003
 4.7809933e-003
 4.7811894e-003
 4.7810357e-003
 4.7805654e-003
 4.7798138e-003
 4.7788150e-003
 4.7776033e-003
 4.7762133e-003
 4.7746799e-003
 4.7730356e-003
 4.7713178e-003
 4.7695590e-003
 4.7677937e-003
 4.7660568e-003
 4.7643771e-003
 4.7627641e-003
 4.7612162e-003
 4.7597345e-003
 4.7583184e-003
 4.7569699e-003
 4.7556884e-003
 4.7544744e-003
 4.7533279e-003
 4.7522495e-003
 4.7512399e-003
 4.7502988e-003
 4.7494271e-003
 4.7486243e-003
 4.7478918e-003
 4.7472292e-003
 4.7466373e-003
 4.7461162e-003
 4.7456659e-003
 4.7452874e-003
 4.7449809e-003
 4.7447463e-003
 4.7445842e-003
 4.7444948e-003
 4.7444790e-003
 4.7445367e-003
 4.7446676e-003
 4.7448734e-003
 4.7451537e-003
 4.7455085e-003
 4.7459388e-003
 4.7464450e-003
 4.7470271e-003
 4.7476930e-003
 4.7484497e-003
 4.7493041e-003
 4.7502643e-003
 4.7513382e-003
 4.7525330e-003
 4.7538565e-003
 4.7553163e-003
 4.7569196e-003
 4.7586742e-003
 4.7605881e-003
 4.7626682e-003
 4.7649220e-003
 4.7673578e-003
 4.7699837e-003
 4.7728056e-003
 4.7758310e-003
 4.7790702e-003
 4.7825286e-003
 4.7862134e-003
 4.7901338e-003
 4.7942963e-003
 4.7987085e-003
 4.8033791e-003
 4.8083132e-003
 4.8135216e-003
 4.8190095e-003
 4.8247864e-003
 4.8308573e-003
 4.8372317e-003
 4.8439172e-003
 4.8509184e-003
 4.8582242e-003
 4.8658201e-003
 4.8736935e-003
 4.8818295e-003
 4.8902170e-003
 4.8988368e-003
 4.9076779e-003
 4.9167252e-003
 4.9259681e-003
 4.9353871e-003
 4.9449708e-003
 4.9547050e-003
 4.9645784e-003
 4.9745715e-003
 4.9846736e-003
 4.9948702e-003
 5.0051464e-003
 5.0154915e-003
 5.0258865e-003
 5.0363201e-003
 5.0467774e-003
 5.0572474e-003
 5.0677108e-003
 5.0781560e-003
 5.0885696e-003
 5.0989394e-003
 5.1092464e-003
 5.1194797e-003
 5.1296242e-003
 5.1396689e-003
 5.1495954e-003
 5.1594083e-003
 5.1691900e-003
 5.1790434e-003
 5.1890709e-003
 5.1993723e-003
 5.2100504e-003
 5.2212086e-003
 5.2329525e-003
 5.2453782e-003
 5.2585909e-003
 5.2726921e-003
 5.2877888e-003
 5.3039761e-003
 5.3213588e-003
 5.3400397e-003
 5.3601223e-003
 5.3817118e-003
 5.4049022e-003
 5.4298006e-003
 5.4565081e-003
 5.4851356e-003
 5.5157705e-003
 5.5485209e-003
 5.5834921e-003
 5.6207934e-003
 5.6605092e-003
 5.7027512e-003
 5.7476214e-003
 5.7952218e-003
 5.8456673e-003
 5.8990368e-003
 5.9554433e-003
 6.0149576e-003
 6.0775317e-003
 6.1430368e-003
 6.2113912e-003
 6.2824944e-003
 6.3562677e-003
 6.4325766e-003
 6.5113408e-003
 6.5924623e-003
 6.6758636e-003
 6.7614042e-003
 6.8490081e-003
 6.9385758e-003
 7.0300093e-003
 7.1232328e-003
 7.2181043e-003
 7.3145474e-003
 7.4124630e-003
 7.5117783e-003
 7.6123457e-003
 7.7140918e-003
 7.8169182e-003
 7.9207523e-003
 8.0254450e-003
 8.1309229e-003
 8.2370890e-003
 8.3438437e-003
 8.4511153e-003
 8.5587557e-003
 8.6666886e-003
 8.7748189e-003
 8.8830730e-003
