splib07b Record=31456:  error bars to preceding                
 6.2493933e-004
 6.2580814e-004
 6.2999234e-004
 6.3562428e-004
 6.3896901e-004
 6.4420426e-004
 6.4257684e-004
 6.3648727e-004
 6.4289424e-004
 6.4851210e-004
 6.4765074e-004
 6.4810429e-004
 6.5041037e-004
 6.5355003e-004
 6.5488362e-004
 6.5569393e-004
 6.5745559e-004
 6.6016486e-004
 6.6063378e-004
 6.6209666e-004
 6.6514133e-004
 6.6538615e-004
 6.6870585e-004
 6.7455490e-004
 6.7796302e-004
 6.8174856e-004
 6.8477978e-004
 6.8657321e-004
 6.8985129e-004
 6.9403119e-004
 6.9827057e-004
 7.0433511e-004
 7.0839707e-004
 7.1079889e-004
 7.1515283e-004
 7.2193309e-004
 7.2944537e-004
 7.3535240e-004
 7.4129662e-004
 7.4602762e-004
 7.4981299e-004
 7.5487321e-004
 7.6072192e-004
 7.6678384e-004
 7.7283924e-004
 7.8033790e-004
 7.8839669e-004
 7.9500582e-004
 8.0223795e-004
 8.0871582e-004
 8.1332901e-004
 8.1860827e-004
 8.2223600e-004
 8.2449336e-004
 8.2818541e-004
 8.3411543e-004
 8.4132433e-004
 8.4785197e-004
 8.5427065e-004
 8.6037401e-004
 8.6614786e-004
 8.7135256e-004
 8.7700860e-004
 8.8360230e-004
 8.9118344e-004
 8.9738786e-004
 9.0220507e-004
 9.0822869e-004
 9.1425207e-004
 9.2015369e-004
 9.2617492e-004
 9.3279290e-004
 9.3929790e-004
 9.4492862e-004
 9.5052883e-004
 9.5524447e-004
 9.5991162e-004
 9.6640416e-004
 9.7360916e-004
 9.8065496e-004
 9.8763232e-004
 9.9469221e-004
 1.0020153e-003
 1.0091877e-003
 1.0159159e-003
 1.0209222e-003
 1.0247908e-003
 1.0292088e-003
 1.0346491e-003
 1.0407364e-003
 1.0465658e-003
 1.0525434e-003
 1.0578898e-003
 1.0622294e-003
 1.0664674e-003
 1.0710593e-003
 1.0758579e-003
 1.0805539e-003
 1.0851352e-003
 1.0894664e-003
 1.0934795e-003
 1.0971032e-003
 1.1006718e-003
 1.1045339e-003
 1.1083074e-003
 1.1125577e-003
 1.1173536e-003
 1.1215837e-003
 1.1248053e-003
 1.1276639e-003
 1.1308664e-003
 1.1344557e-003
 1.1381648e-003
 1.1417391e-003
 1.1450116e-003
 1.1479554e-003
 1.1508637e-003
 1.1538713e-003
 1.1570898e-003
 1.1605191e-003
 1.1643216e-003
 1.1680364e-003
 1.1713005e-003
 1.1740968e-003
 1.1776972e-003
 1.1817281e-003
 1.1848856e-003
 1.1880165e-003
 1.1910812e-003
 1.1940495e-003
 1.1978190e-003
 1.2009919e-003
 1.2029979e-003
 1.2048873e-003
 1.2074445e-003
 1.2112297e-003
 1.2154932e-003
 1.2211684e-003
 1.2265360e-003
 1.2301443e-003
 1.2331500e-003
 1.2359099e-003
 1.2390950e-003
 1.2432397e-003
 1.2477490e-003
 1.2519759e-003
 1.2563172e-003
 1.2596188e-003
 1.2628626e-003
 1.2675023e-003
 1.2728216e-003
 1.2787605e-003
 1.2849370e-003
 1.2909349e-003
 1.2969947e-003
 1.3031398e-003
 1.3089380e-003
 1.3150906e-003
 1.3223303e-003
 1.3305177e-003
 1.3388364e-003
 1.3476297e-003
 1.3573505e-003
 1.3673611e-003
 1.3783274e-003
 1.3911243e-003
 1.4059247e-003
 1.4229368e-003
 1.4416914e-003
 1.4615131e-003
 1.4805205e-003
 1.4991536e-003
 1.5188102e-003
 1.5385834e-003
 1.5595823e-003
 1.5822020e-003
 1.6055841e-003
 1.6304353e-003
 1.6554084e-003
 1.6787865e-003
 1.7002360e-003
 1.7210513e-003
 1.7426697e-003
 1.7654325e-003
 1.7875782e-003
 1.8077326e-003
 1.8274303e-003
 1.8463576e-003
 1.8648544e-003
 1.8837211e-003
 1.9028340e-003
 1.9220092e-003
 1.9410687e-003
 1.9590347e-003
 1.9759960e-003
 1.9927928e-003
 2.0090395e-003
 2.0255870e-003
 2.0424423e-003
 2.0585319e-003
 2.0736614e-003
 2.0876485e-003
 2.1005766e-003
 2.1121227e-003
 2.1218623e-003
 2.1301482e-003
 2.1365732e-003
 2.1420028e-003
 2.1474115e-003
 2.1521456e-003
 2.1554080e-003
 2.1570683e-003
 2.1576725e-003
 2.1572502e-003
 2.1560574e-003
 2.1541873e-003
 2.1519938e-003
 2.1484306e-003
 2.1433260e-003
 2.1381071e-003
 2.1333068e-003
 2.1285515e-003
 2.1231694e-003
 2.1170336e-003
 2.1110389e-003
 2.1059385e-003
 2.1017534e-003
 2.0990144e-003
 2.0975410e-003
 2.0971533e-003
 2.0971489e-003
 2.0969724e-003
 2.0972705e-003
 2.0972879e-003
 2.0972271e-003
 2.0984882e-003
 2.0992199e-003
 2.0997024e-003
 2.1014519e-003
 2.1054053e-003
 2.1097637e-003
 2.1123772e-003
 2.1142396e-003
 2.1157663e-003
 2.1176545e-003
 2.1199628e-003
 2.1224208e-003
 2.1254367e-003
 2.1296537e-003
 2.1335606e-003
 2.1365699e-003
 2.1393755e-003
 2.1427500e-003
 2.1454869e-003
 2.1465851e-003
 2.1470180e-003
 2.1459854e-003
 2.1439176e-003
 2.1418475e-003
 2.1393474e-003
 2.1370333e-003
 2.1354263e-003
 2.1334619e-003
 2.1314165e-003
 2.1300251e-003
 2.1294402e-003
 2.1294386e-003
 2.1296907e-003
 2.1303114e-003
 2.1317007e-003
 2.1336649e-003
 2.1356593e-003
 2.1379862e-003
 2.1414584e-003
 2.1460485e-003
 2.1504806e-003
 2.1549193e-003
 2.1598821e-003
 2.1653955e-003
 2.1712023e-003
 2.1773584e-003
 2.1844520e-003
 2.1904728e-003
 2.1953208e-003
 2.2003197e-003
 2.2041986e-003
 2.2061651e-003
 2.2067570e-003
 2.2066175e-003
 2.2058687e-003
 2.2046599e-003
 2.2028273e-003
 2.2006861e-003
 2.1980442e-003
 2.1946647e-003
 2.1913501e-003
 2.1891245e-003
 2.1880574e-003
 2.1877149e-003
 2.1882094e-003
 2.1890427e-003
 2.1895997e-003
 2.1901680e-003
 2.1907035e-003
 2.1907536e-003
 2.1918663e-003
 2.1936267e-003
 2.1944144e-003
 2.1930062e-003
 2.1902993e-003
 2.1881203e-003
 2.1860341e-003
 2.1839165e-003
 2.1821167e-003
 2.1812946e-003
 2.1809423e-003
 2.1813184e-003
 2.1827333e-003
 2.1847249e-003
 2.1870006e-003
 2.1896285e-003
 2.1940533e-003
 2.1985399e-003
 2.2024463e-003
 2.2078471e-003
 2.2141484e-003
 2.2206423e-003
 2.2271283e-003
 2.2344107e-003
 2.2434220e-003
 2.2539748e-003
 2.2653064e-003
 2.2789976e-003
 2.2951113e-003
 2.3117468e-003
 2.3315304e-003
 2.3585788e-003
 2.3934180e-003
 2.4339722e-003
 2.4801677e-003
 2.5314444e-003
 2.5891713e-003
 2.6569148e-003
 2.7333358e-003
 2.8167600e-003
 2.9099719e-003
 3.0106150e-003
 3.1151082e-003
 3.2283913e-003
 3.3496183e-003
 3.4746099e-003
 3.6037860e-003
 3.7357484e-003
 3.8679107e-003
 3.9988402e-003
 4.1288831e-003
 4.2590015e-003
 4.3908982e-003
 4.5211362e-003
 4.6487884e-003
 4.7771353e-003
 4.9043442e-003
 5.0291824e-003
 5.1520574e-003
 5.2733067e-003
 5.3888196e-003
 5.5047492e-003
 5.6276438e-003
 5.7571582e-003
 5.8882702e-003
 6.0112909e-003
 6.1237304e-003
 6.2315078e-003
 6.3431021e-003
 6.4569009e-003
 6.5678312e-003
 6.6750720e-003
 6.7798509e-003
 6.8816096e-003
 6.9813333e-003
 7.0783501e-003
 7.1739284e-003
 7.2665759e-003
 7.3540402e-003
 7.4372743e-003
 7.5175976e-003
 7.5970944e-003
 7.6736473e-003
 7.7457540e-003
 7.8148749e-003
 7.8820139e-003
 7.9471404e-003
 8.0098044e-003
 8.0691017e-003
 8.1270020e-003
 8.1828199e-003
 8.2352748e-003
 8.2831318e-003
 8.3251167e-003
 8.3647557e-003
 8.4050084e-003
 8.4470389e-003
 8.4897066e-003
 8.5324291e-003
 8.5723335e-003
 8.6136237e-003
 8.6614713e-003
-1.2299995e+034
-1.2299996e+034
-1.2299995e+034
-1.2299995e+034
-1.2299995e+034
-1.2299995e+034
-1.2299995e+034
-1.2299996e+034
-1.2299996e+034
-1.2299996e+034
 8.8870106e-003
 8.9250477e-003
 8.9560933e-003
 8.9803869e-003
 9.0014087e-003
 9.0229725e-003
 9.0437420e-003
 9.0642544e-003
 9.0844752e-003
 9.1044307e-003
 9.1223940e-003
 9.1398945e-003
 9.1595268e-003
 9.1797225e-003
 9.1988891e-003
 9.2168683e-003
 9.2346407e-003
 9.2531918e-003
 9.2719821e-003
 9.2896940e-003
 9.3054259e-003
 9.3204416e-003
 9.3365097e-003
 9.3535408e-003
 9.3701016e-003
 9.3852198e-003
 9.3993898e-003
 9.4144735e-003
 9.4315782e-003
 9.4500361e-003
 9.4688497e-003
 9.4859479e-003
 9.5005305e-003
 9.5152166e-003
 9.5306579e-003
 9.5454408e-003
 9.5600300e-003
 9.5773693e-003
 9.5975427e-003
 9.6171247e-003
 9.6329041e-003
 9.6471012e-003
 9.6636806e-003
 9.6862735e-003
 9.7085107e-003
 9.7225225e-003
 9.7271632e-003
 9.7233113e-003
 9.7177047e-003
 9.7164838e-003
 9.7222244e-003
 9.7362902e-003
 9.7715808e-003
 9.8065278e-003
 9.8149152e-003
 9.7919637e-003
 9.7926781e-003
 9.8327240e-003
 9.8713152e-003
 9.8933727e-003
 9.8972768e-003
 9.9029746e-003
 9.9141914e-003
 9.9285170e-003
 9.9395169e-003
 9.9451644e-003
 9.9558113e-003
 9.9754343e-003
 9.9964924e-003
 1.0014777e-002
 1.0029552e-002
 1.0045106e-002
 1.0061721e-002
 1.0078166e-002
 1.0092860e-002
 1.0107060e-002
 1.0118985e-002
 1.0131912e-002
 1.0149130e-002
 1.0171335e-002
 1.0189353e-002
 1.0198313e-002
 1.0198320e-002
 1.0211146e-002
 1.0237975e-002
 1.0250828e-002
 1.0230184e-002
 1.0205555e-002
 1.0218894e-002
 1.0255947e-002
 1.0289163e-002
 1.0306427e-002
 1.0314270e-002
 1.0319600e-002
 1.0329587e-002
 1.0350810e-002
 1.0376150e-002
 1.0388243e-002
 1.0374580e-002
 1.0356811e-002
 1.0361176e-002
 1.0382713e-002
 1.0408045e-002
 1.0425882e-002
 1.0439550e-002
 1.0450360e-002
 1.0457815e-002
 1.0464159e-002
 1.0472556e-002
 1.0485146e-002
 1.0499508e-002
 1.0513447e-002
 1.0519804e-002
 1.0521365e-002
 1.0527180e-002
 1.0538884e-002
 1.0554769e-002
 1.0567726e-002
 1.0571856e-002
 1.0571411e-002
 1.0576256e-002
 1.0587146e-002
 1.0605646e-002
 1.0626290e-002
 1.0644010e-002
 1.0662557e-002
 1.0677962e-002
 1.0686301e-002
 1.0686509e-002
 1.0674765e-002
 1.0653779e-002
 1.0627275e-002
 1.0591475e-002
 1.0557341e-002
 1.0533672e-002
 1.0545619e-002
 1.0598649e-002
 1.0662867e-002
 1.0719685e-002
 1.0732640e-002
 1.0709200e-002
 1.0673162e-002
 1.0650925e-002
 1.0654006e-002
 1.0668405e-002
 1.0686419e-002
 1.0691030e-002
 1.0681986e-002
 1.0667300e-002
 1.0655119e-002
 1.0649770e-002
 1.0656384e-002
 1.0683294e-002
 1.0718930e-002
 1.0751112e-002
 1.0768467e-002
 1.0775382e-002
 1.0784779e-002
 1.0814033e-002
 1.0863490e-002
 1.0912211e-002
 1.0955220e-002
-1.2299996e+034
-1.2299996e+034
-1.2299996e+034
-1.2299996e+034
-1.2299996e+034
-1.2299996e+034
-1.2299998e+034
-1.2299998e+034
-1.2299998e+034
-1.2299999e+034
-1.2299999e+034
-1.2299999e+034
-1.2299999e+034
-1.2300000e+034
-1.2300000e+034
-1.2300000e+034
-1.2300001e+034
-1.2300003e+034
-1.2300003e+034
-1.2300004e+034
-1.2300004e+034
 1.0487733e-002
 1.0490186e-002
 1.0487017e-002
 1.0477670e-002
 1.0452893e-002
 1.0430166e-002
 1.0420021e-002
 1.0413840e-002
 1.0398027e-002
 1.0379425e-002
 1.0374543e-002
 1.0377761e-002
 1.0376387e-002
 1.0364704e-002
 1.0360096e-002
 1.0350077e-002
 1.0340442e-002
 1.0351562e-002
 1.0383975e-002
 1.0429866e-002
 1.0477843e-002
 1.0526116e-002
 1.0556622e-002
 1.0564719e-002
 1.0547136e-002
 1.0523788e-002
 1.0511654e-002
 1.0490401e-002
 1.0478082e-002
 1.0480507e-002
 1.0484318e-002
 1.0495682e-002
 1.0508385e-002
 1.0516841e-002
 1.0533122e-002
 1.0553893e-002
 1.0571050e-002
 1.0587719e-002
 1.0600506e-002
 1.0610486e-002
 1.0619846e-002
 1.0634860e-002
 1.0649810e-002
 1.0654737e-002
 1.0665189e-002
 1.0677569e-002
 1.0684525e-002
 1.0701780e-002
 1.0717899e-002
 1.0728605e-002
 1.0741329e-002
 1.0749160e-002
 1.0754706e-002
 1.0760995e-002
 1.0770302e-002
 1.0783994e-002
 1.0797776e-002
 1.0809446e-002
 1.0824244e-002
 1.0843927e-002
 1.0861036e-002
 1.0875571e-002
 1.0893672e-002
 1.0911074e-002
 1.0924415e-002
 1.0932940e-002
 1.0944631e-002
 1.0967515e-002
 1.0988018e-002
 1.0993475e-002
 1.0997238e-002
 1.1003545e-002
 1.1008866e-002
 1.1025582e-002
 1.1042697e-002
 1.1064290e-002
 1.1093977e-002
 1.1101994e-002
 1.1097958e-002
 1.1106158e-002
 1.1121466e-002
 1.1131459e-002
 1.1136079e-002
 1.1144924e-002
 1.1161246e-002
 1.1170803e-002
 1.1168064e-002
 1.1165514e-002
 1.1166506e-002
 1.1173657e-002
 1.1194693e-002
 1.1221779e-002
 1.1237425e-002
 1.1241116e-002
 1.1241165e-002
 1.1241044e-002
 1.1244579e-002
 1.1252956e-002
 1.1260821e-002
 1.1263819e-002
 1.1267132e-002
 1.1270832e-002
 1.1269765e-002
 1.1270255e-002
 1.1272453e-002
 1.1274295e-002
 1.1279580e-002
 1.1289799e-002
 1.1303744e-002
 1.1315319e-002
 1.1323438e-002
 1.1323937e-002
 1.1314748e-002
 1.1315702e-002
 1.1331801e-002
 1.1340796e-002
 1.1346875e-002
 1.1356815e-002
 1.1357721e-002
 1.1357398e-002
 1.1362151e-002
 1.1363475e-002
 1.1354186e-002
 1.1340132e-002
 1.1342812e-002
 1.1360154e-002
 1.1362846e-002
 1.1348509e-002
 1.1334658e-002
 1.1327618e-002
 1.1327134e-002
 1.1325607e-002
 1.1326275e-002
 1.1328993e-002
 1.1330673e-002
 1.1335764e-002
 1.1337071e-002
 1.1333271e-002
 1.1330714e-002
 1.1329899e-002
 1.1329167e-002
 1.1326901e-002
 1.1324276e-002
 1.1321335e-002
 1.1315830e-002
 1.1312848e-002
 1.1310662e-002
 1.1305879e-002
 1.1301238e-002
 1.1295870e-002
 1.1293056e-002
 1.1291811e-002
 1.1299200e-002
 1.1312151e-002
 1.1315794e-002
 1.1319834e-002
 1.1316005e-002
 1.1289747e-002
 1.1273010e-002
 1.1269741e-002
 1.1257270e-002
 1.1246606e-002
 1.1238934e-002
 1.1226052e-002
 1.1200915e-002
 1.1174634e-002
 1.1164186e-002
 1.1136150e-002
 1.1081145e-002
 1.1056099e-002
 1.1057511e-002
 1.1075497e-002
 1.1117999e-002
 1.1152091e-002
 1.1179416e-002
 1.1180212e-002
 1.1149709e-002
 1.1111423e-002
 1.1062505e-002
 1.1023668e-002
 1.1016097e-002
 1.1030350e-002
 1.1029914e-002
 1.1010661e-002
 1.0992603e-002
 1.0980511e-002
 1.0959319e-002
 1.0930057e-002
 1.0883369e-002
 1.0824659e-002
 1.0776194e-002
 1.0721330e-002
 1.0667601e-002
 1.0626442e-002
 1.0582686e-002
 1.0517387e-002
 1.0447410e-002
 1.0406544e-002
 1.0383608e-002
 1.0358014e-002
 1.0334206e-002
 1.0305698e-002
 1.0271887e-002
 1.0254581e-002
 1.0256119e-002
 1.0238357e-002
 1.0199833e-002
 1.0168902e-002
 1.0143682e-002
 1.0120052e-002
 1.0100429e-002
 1.0084312e-002
 1.0071382e-002
 1.0059865e-002
 1.0049692e-002
 1.0040571e-002
 1.0020080e-002
 9.9897841e-003
 9.9790078e-003
 9.9841664e-003
 9.9820308e-003
 9.9762194e-003
 9.9681513e-003
 9.9585587e-003
 9.9451579e-003
 9.9228350e-003
 9.9028898e-003
 9.8938160e-003
 9.8875063e-003
 9.8764161e-003
 9.8637072e-003
 9.8572932e-003
 9.8558199e-003
 9.8532531e-003
 9.8512396e-003
 9.8437397e-003
 9.8307999e-003
 9.8206541e-003
 9.8115746e-003
 9.8049594e-003
 9.8015675e-003
 9.7972127e-003
 9.7912634e-003
 9.7825499e-003
 9.7698402e-003
 9.7583858e-003
 9.7531918e-003
 9.7508784e-003
 9.7486759e-003
 9.7468738e-003
 9.7420868e-003
 9.7340969e-003
 9.7346287e-003
 9.7430246e-003
 9.7468365e-003
 9.7471448e-003
 9.7504938e-003
 9.7576231e-003
 9.7621651e-003
 9.7620580e-003
 9.7642690e-003
 9.7722113e-003
 9.7808130e-003
 9.7870063e-003
 9.7931335e-003
 9.8026013e-003
 9.8136561e-003
 9.8233707e-003
 9.8325843e-003
 9.8438347e-003
 9.8564439e-003
 9.8681273e-003
 9.8792845e-003
 9.8911105e-003
 9.9054249e-003
 9.9123968e-003
 9.9085076e-003
 9.9096643e-003
 9.9192513e-003
 9.9309636e-003
 9.9444659e-003
 9.9574924e-003
 9.9668559e-003
 9.9750422e-003
 9.9856900e-003
 9.9970559e-003
 1.0003448e-002
 1.0006110e-002
 1.0014046e-002
 1.0026184e-002
 1.0035528e-002
 1.0043038e-002
 1.0051445e-002
 1.0060653e-002
 1.0068714e-002
 1.0075016e-002
 1.0080214e-002
 1.0084564e-002
 1.0090787e-002
 1.0101688e-002
 1.0111365e-002
 1.0111321e-002
 1.0107630e-002
 1.0108124e-002
 1.0110130e-002
 1.0112979e-002
 1.0116657e-002
 1.0118823e-002
 1.0120562e-002
 1.0119753e-002
 1.0115603e-002
 1.0114905e-002
 1.0116707e-002
 1.0117843e-002
 1.0118466e-002
 1.0123089e-002
 1.0135377e-002
 1.0147094e-002
 1.0153951e-002
 1.0156929e-002
 1.0154752e-002
 1.0150336e-002
 1.0145621e-002
 1.0140444e-002
 1.0136367e-002
 1.0132437e-002
 1.0128103e-002
 1.0124370e-002
 1.0119862e-002
 1.0113752e-002
 1.0110550e-002
 1.0111235e-002
 1.0107662e-002
 1.0100113e-002
 1.0091189e-002
 1.0079429e-002
 1.0071799e-002
 1.0070410e-002
 1.0069044e-002
 1.0063551e-002
 1.0057164e-002
 1.0053337e-002
 1.0047739e-002
 1.0034413e-002
 1.0016626e-002
 9.9974852e-003
 9.9754399e-003
 9.9596810e-003
 9.9499952e-003
 9.9373525e-003
 9.9238204e-003
 9.9076210e-003
 9.8880222e-003
 9.8662544e-003
 9.8423185e-003
 9.8193781e-003
 9.7953733e-003
 9.7728353e-003
 9.7569292e-003
 9.7404756e-003
 9.7195143e-003
 9.6965153e-003
 9.6664727e-003
 9.6307229e-003
 9.6023791e-003
 9.5807351e-003
 9.5557189e-003
 9.5305163e-003
 9.4976593e-003
 9.4536925e-003
 9.4154123e-003
 9.3823373e-003
 9.3497382e-003
 9.3174856e-003
 9.2861969e-003
 9.2566563e-003
 9.2246430e-003
 9.1879787e-003
 9.1530746e-003
 9.1257282e-003
 9.0970723e-003
 9.0606706e-003
 9.0260934e-003
 8.9966441e-003
 8.9648943e-003
 8.9348070e-003
 8.9060385e-003
 8.8705104e-003
 8.8298749e-003
 8.7896017e-003
 8.7501649e-003
 8.7158903e-003
 8.6839413e-003
 8.6479625e-003
 8.6029228e-003
 8.5811662e-003
 8.5928645e-003
 8.5828146e-003
 8.5334405e-003
 8.4939329e-003
 8.4941946e-003
 8.4706321e-003
 8.3760079e-003
-1.2300005e+034
-1.2300005e+034
-1.2299999e+034
-1.2300001e+034
-1.2299998e+034
-1.2300000e+034
-1.2299998e+034
-1.2300001e+034
-1.2300001e+034
-1.2299994e+034
-1.2300006e+034
-1.2300001e+034
-1.2300001e+034
-1.2299996e+034
-1.2299998e+034
-1.2300005e+034
-1.2299994e+034
-1.2300001e+034
-1.2300003e+034
-1.2299996e+034
-1.2299996e+034
-1.2300001e+034
-1.2300000e+034
-1.2300005e+034
-1.2300003e+034
-1.2299994e+034
-1.2300004e+034
-1.2300004e+034
-1.2299999e+034
-1.2299998e+034
-1.2300003e+034
-1.2300000e+034
-1.2300003e+034
-1.2299996e+034
-1.2299995e+034
-1.2299999e+034
-1.2299996e+034
-1.2299998e+034
-1.2300003e+034
-1.2300000e+034
-1.2300001e+034
-1.2299995e+034
-1.2300004e+034
-1.2300006e+034
-1.2300000e+034
-1.2299996e+034
-1.2299996e+034
-1.2300001e+034
-1.2299998e+034
-1.2299996e+034
-1.2300003e+034
 5.9464951e-003
 5.7215639e-003
 5.3357491e-003
 5.1263426e-003
 5.1007345e-003
 5.0192066e-003
 4.7868411e-003
 4.7488003e-003
 4.9766642e-003
 5.1452732e-003
 5.0642649e-003
 4.9098223e-003
 4.8323427e-003
 4.7908761e-003
 4.7611869e-003
 4.7257072e-003
 4.6610772e-003
 4.6042935e-003
 4.5680190e-003
 4.5260773e-003
 4.4890167e-003
 4.4714068e-003
 4.4504879e-003
 4.4119456e-003
 4.3835435e-003
 4.3689781e-003
 4.3474934e-003
 4.3213656e-003
 4.3078745e-003
 4.3056002e-003
 4.2842543e-003
 4.2389822e-003
 4.2127958e-003
 4.2139324e-003
 4.2196657e-003
 4.2136610e-003
 4.1994099e-003
 4.1943514e-003
 4.2053903e-003
 4.2193765e-003
 4.2250296e-003
 4.2400151e-003
 4.2511211e-003
 4.2426712e-003
 4.2363987e-003
 4.2345263e-003
 4.2316187e-003
 4.2239749e-003
 4.2131878e-003
 4.2107706e-003
 4.2145732e-003
 4.2158435e-003
 4.2155585e-003
 4.2100796e-003
 4.1984781e-003
 4.1928147e-003
 4.1916929e-003
 4.1970196e-003
 4.2105364e-003
 4.2171357e-003
 4.2161234e-003
 4.2202366e-003
 4.2287512e-003
 4.2502363e-003
 4.2851954e-003
 4.3005939e-003
 4.3008151e-003
 4.3124957e-003
 4.3288679e-003
 4.3428652e-003
 4.3541063e-003
 4.3682428e-003
 4.3959171e-003
 4.4236355e-003
 4.4404096e-003
 4.4488679e-003
 4.4461251e-003
 4.4432147e-003
 4.4494090e-003
 4.4582644e-003
 4.4736350e-003
 4.4963900e-003
 4.5157843e-003
 4.5274012e-003
 4.5352969e-003
 4.5477808e-003
 4.5648189e-003
 4.5794323e-003
 4.5957719e-003
 4.6158982e-003
 4.6336367e-003
 4.6483004e-003
 4.6609989e-003
 4.6732682e-003
 4.6888939e-003
 4.7055036e-003
 4.7198548e-003
 4.7349320e-003
 4.7517582e-003
 4.7690864e-003
 4.7872374e-003
 4.8049586e-003
 4.8226998e-003
 4.8428620e-003
 4.8613464e-003
 4.8766360e-003
 4.8933993e-003
 4.9125412e-003
 4.9290899e-003
 4.9421228e-003
 4.9578021e-003
 4.9762470e-003
 4.9946615e-003
 5.0141783e-003
 5.0337533e-003
 5.0533945e-003
 5.0680744e-003
 5.0736656e-003
 5.0814850e-003
 5.0984034e-003
 5.1153293e-003
 5.1264735e-003
 5.1378007e-003
 5.1525775e-003
 5.1671150e-003
 5.1796692e-003
 5.1921420e-003
 5.2020075e-003
 5.2081896e-003
 5.2194828e-003
 5.2340748e-003
 5.2492847e-003
 5.2690376e-003
 5.2847029e-003
 5.2942033e-003
 5.3027761e-003
 5.3127962e-003
 5.3276061e-003
 5.3433147e-003
 5.3575346e-003
 5.3710262e-003
 5.3824680e-003
 5.3938776e-003
 5.4035573e-003
 5.4101483e-003
 5.4196985e-003
 5.4326989e-003
 5.4433597e-003
 5.4528620e-003
 5.4668593e-003
 5.4828441e-003
 5.4949215e-003
 5.5046300e-003
 5.5137803e-003
 5.5228216e-003
 5.5337017e-003
 5.5447831e-003
 5.5552600e-003
 5.5661509e-003
 5.5767163e-003
 5.5872854e-003
 5.5983849e-003
 5.6099645e-003
 5.6203981e-003
 5.6293122e-003
 5.6362557e-003
 5.6407894e-003
 5.6460085e-003
 5.6527494e-003
 5.6610182e-003
 5.6705410e-003
 5.6816852e-003
 5.6924070e-003
 5.7052807e-003
 5.7234620e-003
 5.7379580e-003
 5.7484787e-003
 5.7570585e-003
 5.7598809e-003
 5.7655596e-003
 5.7794815e-003
 5.7937936e-003
 5.8064023e-003
 5.8223256e-003
 5.8391262e-003
 5.8519975e-003
 5.8642412e-003
 5.8755525e-003
 5.8842259e-003
 5.8967830e-003
 5.9124869e-003
 5.9243338e-003
 5.9332848e-003
 5.9418292e-003
 5.9483945e-003
 5.9540984e-003
 5.9628421e-003
 5.9742532e-003
 5.9878691e-003
 6.0049375e-003
 6.0217711e-003
 6.0346453e-003
 6.0453196e-003
 6.0555809e-003
 6.0670013e-003
 6.0770796e-003
 6.0826116e-003
 6.0881055e-003
 6.0937470e-003
 6.1021317e-003
 6.1165891e-003
 6.1311708e-003
 6.1462917e-003
 6.1607203e-003
 6.1734091e-003
 6.1845561e-003
 6.1891032e-003
 6.1936602e-003
 6.2009813e-003
 6.2053609e-003
 6.2102233e-003
 6.2184525e-003
 6.2274034e-003
 6.2358081e-003
 6.2426142e-003
 6.2487889e-003
 6.2596295e-003
 6.2723928e-003
 6.2811347e-003
 6.2854867e-003
 6.2840795e-003
 6.2848479e-003
 6.2973178e-003
 6.3115284e-003
 6.3183452e-003
 6.3207331e-003
 6.3178716e-003
 6.3140998e-003
 6.3146478e-003
 6.3153384e-003
 6.3169315e-003
 6.3188253e-003
 6.3183624e-003
 6.3175862e-003
 6.3156658e-003
 6.3141412e-003
 6.3166674e-003
 6.3199718e-003
 6.3195587e-003
 6.3164304e-003
 6.3092974e-003
 6.2997784e-003
 6.2955287e-003
 6.2941592e-003
 6.2893950e-003
 6.2837410e-003
 6.2810373e-003
 6.2806965e-003
 6.2771053e-003
 6.2697944e-003
 6.2649790e-003
 6.2614386e-003
 6.2600705e-003
 6.2595359e-003
 6.2564081e-003
 6.2565631e-003
 6.2564006e-003
 6.2538972e-003
 6.2563573e-003
 6.2600793e-003
 6.2592570e-003
 6.2555275e-003
 6.2527778e-003
 6.2498068e-003
 6.2465980e-003
 6.2441831e-003
 6.2346631e-003
 6.2223049e-003
 6.2193167e-003
 6.2239720e-003
 6.2302151e-003
 6.2326174e-003
 6.2300675e-003
 6.2246374e-003
 6.2175943e-003
 6.2088142e-003
 6.1960756e-003
 6.1865170e-003
 6.1812894e-003
 6.1741024e-003
 6.1661745e-003
 6.1588716e-003
 6.1556096e-003
 6.1504021e-003
 6.1400989e-003
 6.1288378e-003
 6.1157290e-003
 6.1065275e-003
 6.0994630e-003
 6.0915709e-003
 6.0865642e-003
 6.0771941e-003
 6.0590524e-003
 6.0477019e-003
 6.0505350e-003
 6.0482752e-003
 6.0336976e-003
 6.0155387e-003
 5.9983935e-003
 5.9840656e-003
 5.9707714e-003
 5.9576719e-003
 5.9432308e-003
 5.9346948e-003
 5.9340312e-003
 5.9322412e-003
 5.9303129e-003
 5.9212558e-003
 5.9015714e-003
 5.8955168e-003
 5.9064836e-003
 5.9006969e-003
 5.8773188e-003
 5.8662589e-003
 5.8649760e-003
 5.8639604e-003
 5.8651487e-003
 5.8639753e-003
 5.8598500e-003
 5.8564264e-003
 5.8546215e-003
 5.8676503e-003
 5.8937971e-003
 5.9041232e-003
 5.9020328e-003
 5.8975248e-003
 5.8917431e-003
 5.8862427e-003
 5.8779428e-003
 5.8743055e-003
 5.8736498e-003
 5.8730314e-003
 5.8754240e-003
 5.8741597e-003
 5.8668884e-003
 5.8551575e-003
 5.8396561e-003
 5.8270604e-003
 5.8200639e-003
 5.8131143e-003
 5.8070691e-003
 5.8114249e-003
 5.8192587e-003
 5.8191540e-003
 5.8202269e-003
 5.8327629e-003
 5.8408184e-003
 5.8338498e-003
 5.8239889e-003
 5.8138296e-003
 5.8100666e-003
 5.8125253e-003
 5.8164024e-003
 5.8261864e-003
 5.8342493e-003
 5.8417609e-003
 5.8436655e-003
 5.8374093e-003
 5.8234311e-003
 5.7960683e-003
 5.7863682e-003
 5.7958448e-003
 5.7992637e-003
 5.8034831e-003
 5.8053895e-003
 5.7980553e-003
 5.7950676e-003
 5.8002011e-003
 5.8064046e-003
 5.8126659e-003
 5.8177244e-003
 5.8252872e-003
 5.8146985e-003
 5.7881600e-003
 5.7820273e-003
 5.7871952e-003
 5.8019175e-003
 5.8265692e-003
 5.8416682e-003
 5.8455714e-003
 5.8202180e-003
 5.7839816e-003
 5.7916995e-003
 5.8202441e-003
 5.8321236e-003
 5.8479803e-003
 5.8764503e-003
 5.8978288e-003
 5.9011425e-003
 5.9073861e-003
 5.9598535e-003
 6.0326871e-003
-1.2300003e+034
-1.2299995e+034
-1.2299995e+034
-1.2300000e+034
-1.2299995e+034
-1.2300004e+034
-1.2300000e+034
-1.2300004e+034
-1.2299995e+034
-1.2300003e+034
-1.2300004e+034
-1.2299996e+034
-1.2300004e+034
-1.2300000e+034
-1.2300004e+034
-1.2299996e+034
-1.2299996e+034
-1.2300004e+034
-1.2300004e+034
-1.2299995e+034
-1.2300001e+034
-1.2299998e+034
-1.2300005e+034
-1.2299999e+034
-1.2300000e+034
-1.2299996e+034
-1.2300000e+034
-1.2299996e+034
-1.2300005e+034
-1.2300005e+034
-1.2300005e+034
-1.2300003e+034
-1.2299996e+034
-1.2299999e+034
-1.2300004e+034
-1.2300003e+034
-1.2300003e+034
-1.2300001e+034
-1.2300000e+034
-1.2300006e+034
-1.2299996e+034
-1.2300005e+034
-1.2299995e+034
-1.2300005e+034
-1.2300006e+034
-1.2300003e+034
-1.2300005e+034
-1.2299999e+034
-1.2299996e+034
-1.2300000e+034
-1.2299996e+034
-1.2299998e+034
-1.2300005e+034
-1.2299998e+034
-1.2299998e+034
-1.2299996e+034
-1.2299995e+034
-1.2300005e+034
-1.2300005e+034
-1.2299996e+034
-1.2300005e+034
-1.2300006e+034
-1.2300000e+034
-1.2300003e+034
-1.2300000e+034
-1.2300005e+034
-1.2299996e+034
-1.2299999e+034
-1.2299999e+034
-1.2300003e+034
-1.2300005e+034
-1.2299999e+034
-1.2300005e+034
-1.2300005e+034
-1.2299998e+034
-1.2299995e+034
-1.2300001e+034
-1.2300003e+034
-1.2300000e+034
-1.2299996e+034
-1.2300001e+034
-1.2299994e+034
-1.2300001e+034
-1.2299996e+034
-1.2299996e+034
-1.2299999e+034
-1.2299996e+034
-1.2299998e+034
-1.2299995e+034
-1.2300003e+034
-1.2300005e+034
-1.2299996e+034
-1.2299995e+034
-1.2300004e+034
-1.2299999e+034
-1.2300006e+034
-1.2299996e+034
-1.2300001e+034
-1.2300003e+034
-1.2300004e+034
-1.2300005e+034
-1.2300003e+034
-1.2299999e+034
-1.2300006e+034
-1.2299995e+034
-1.2300005e+034
-1.2299996e+034
-1.2299994e+034
-1.2299998e+034
-1.2300005e+034
-1.2300003e+034
-1.2300003e+034
-1.2299994e+034
-1.2300001e+034
-1.2300001e+034
-1.2300000e+034
-1.2300001e+034
-1.2300000e+034
-1.2299995e+034
-1.2300003e+034
-1.2300003e+034
-1.2300006e+034
-1.2300000e+034
-1.2300000e+034
-1.2299999e+034
-1.2300005e+034
-1.2299996e+034
-1.2300001e+034
-1.2300000e+034
-1.2299994e+034
-1.2300000e+034
-1.2299996e+034
-1.2300001e+034
-1.2300006e+034
-1.2299994e+034
-1.2300004e+034
-1.2300005e+034
-1.2299996e+034
-1.2299998e+034
-1.2300003e+034
-1.2300005e+034
-1.2300000e+034
-1.2299998e+034
-1.2300004e+034
-1.2300004e+034
-1.2299998e+034
-1.2299995e+034
-1.2299996e+034
-1.2300003e+034
-1.2299998e+034
-1.2299995e+034
-1.2300000e+034
-1.2300001e+034
 3.6450769e-003
 3.6445002e-003
 3.6321718e-003
 3.6267790e-003
 3.6235072e-003
 3.6096936e-003
 3.5780736e-003
 3.5537162e-003
 3.5309615e-003
 3.5162258e-003
 3.5284651e-003
 3.5579554e-003
 3.5784438e-003
 3.5929282e-003
 3.6070808e-003
 3.6194569e-003
 3.6319727e-003
 3.6447055e-003
 3.6569280e-003
 3.6663704e-003
 3.6762885e-003
 3.6885475e-003
 3.7013367e-003
 3.7165198e-003
 3.7370126e-003
 3.7466979e-003
 3.7421673e-003
 3.7388196e-003
 3.7288836e-003
 3.7211783e-003
 3.7259019e-003
 3.7373183e-003
 3.7468635e-003
 3.7570582e-003
 3.7676739e-003
 3.7803305e-003
 3.7858472e-003
 3.7749552e-003
 3.7729729e-003
 3.7886358e-003
 3.8006196e-003
 3.7853934e-003
 3.7644310e-003
 3.7795831e-003
 3.8258489e-003
 3.8553816e-003
 3.8696164e-003
 3.8824962e-003
 3.8852626e-003
 3.8947666e-003
 3.9091920e-003
 3.9174305e-003
 3.9104242e-003
 3.9010425e-003
 3.8905244e-003
 3.8836314e-003
 3.8938855e-003
 3.9188317e-003
 3.9180266e-003
 3.8938622e-003
 3.8697582e-003
 3.8316729e-003
 3.8051270e-003
 3.7876440e-003
 3.7798018e-003
 3.7902584e-003
 3.8030928e-003
 3.7955320e-003
 3.7760802e-003
 3.7697612e-003
 3.7729973e-003
 3.7745580e-003
 3.7801624e-003
 3.7762420e-003
 3.7536900e-003
 3.7352161e-003
 3.7260503e-003
 3.7200393e-003
 3.7152634e-003
 3.7113766e-003
 3.7131379e-003
 3.7205634e-003
 3.7228800e-003
 3.7243487e-003
 3.7168532e-003
 3.6913757e-003
 3.6701495e-003
 3.6535005e-003
 3.6385159e-003
 3.6264230e-003
 3.6145586e-003
 3.6034822e-003
 3.5944423e-003
 3.5836361e-003
 3.5707261e-003
 3.5656288e-003
 3.5696737e-003
 3.5710013e-003
 3.5728207e-003
 3.5692886e-003
 3.5514990e-003
 3.5344833e-003
 3.5324025e-003
 3.5383443e-003
 3.5428442e-003
 3.5498990e-003
 3.5541442e-003
 3.5569309e-003
 3.5470924e-003
 3.5181162e-003
 3.4935856e-003
 3.4671689e-003
 3.4498929e-003
 3.4467473e-003
 3.4447599e-003
 3.4431852e-003
 3.4418434e-003
 3.4440183e-003
 3.4490689e-003
 3.4625651e-003
 3.4909330e-003
 3.4996734e-003
 3.4834947e-003
 3.4737918e-003
 3.4692555e-003
 3.4628268e-003
 3.4465156e-003
 3.4283937e-003
 3.4181988e-003
 3.4105065e-003
 3.4010084e-003
 3.3940256e-003
 3.4010473e-003
 3.4203702e-003
 3.4206493e-003
 3.4026271e-003
 3.3916342e-003
 3.3834567e-003
 3.3761058e-003
 3.3702601e-003
 3.3658682e-003
 3.3667081e-003
 3.3711819e-003
 3.3792008e-003
 3.3866058e-003
 3.3880996e-003
 3.3868339e-003
 3.3849559e-003
 3.3771929e-003
 3.3793561e-003
 3.3998915e-003
 3.4124614e-003
 3.4133031e-003
 3.4112155e-003
 3.4014899e-003
 3.3911215e-003
 3.3854702e-003
 3.3807002e-003
 3.3815925e-003
 3.3884919e-003
 3.3850165e-003
 3.3737745e-003
 3.3813459e-003
 3.4068199e-003
 3.4197930e-003
 3.4230168e-003
 3.4197341e-003
 3.4013211e-003
 3.3851233e-003
 3.3752292e-003
 3.3695432e-003
 3.3678047e-003
 3.3681341e-003
 3.3674953e-003
 3.3704781e-003
 3.3725223e-003
 3.3745619e-003
 3.3714829e-003
 3.3561897e-003
 3.3495263e-003
 3.3536509e-003
 3.3589927e-003
 3.3631728e-003
 3.3711754e-003
 3.3890086e-003
 3.3985823e-003
 3.3968061e-003
 3.3958631e-003
 3.3908684e-003
 3.3821587e-003
 3.3824896e-003
 3.3920419e-003
 3.4097256e-003
 3.4346143e-003
 3.4552568e-003
 3.4777422e-003
 3.4935491e-003
 3.4954147e-003
 3.4965291e-003
 3.4966818e-003
 3.4986502e-003
 3.5048756e-003
 3.5055829e-003
 3.4991738e-003
 3.4945181e-003
 3.4932652e-003
 3.5008176e-003
 3.5045969e-003
 3.5013838e-003
 3.5130945e-003
 3.5383599e-003
 3.5529588e-003
 3.5531204e-003
 3.5581372e-003
 3.5753038e-003
 3.5930772e-003
 3.6040843e-003
 3.6091509e-003
 3.6045369e-003
 3.5978546e-003
 3.5990779e-003
 3.6048149e-003
 3.6158417e-003
 3.6353222e-003
 3.6408075e-003
 3.6313327e-003
 3.6287967e-003
 3.6314018e-003
 3.6356295e-003
 3.6417523e-003
 3.6521154e-003
 3.6693991e-003
 3.6831209e-003
 3.6920435e-003
 3.7030736e-003
 3.7156991e-003
 3.7271497e-003
 3.7360585e-003
 3.7475831e-003
 3.7652883e-003
 3.7865241e-003
 3.8033018e-003
 3.8094956e-003
 3.8092623e-003
 3.8065552e-003
 3.8044688e-003
 3.8024029e-003
 3.8109494e-003
 3.8338064e-003
 3.8516745e-003
 3.8616764e-003
 3.8593751e-003
 3.8464554e-003
 3.8287351e-003
 3.7963528e-003
 3.7727694e-003
 3.7698054e-003
 3.7852388e-003
 3.8118230e-003
 3.8336883e-003
 3.8494819e-003
 3.8667859e-003
 3.8669587e-003
 3.8505294e-003
 3.8446097e-003
 3.8386725e-003
 3.8318157e-003
 3.8294424e-003
 3.8249351e-003
 3.8152318e-003
 3.8008445e-003
 3.7801759e-003
 3.7590466e-003
 3.7350787e-003
 3.7175459e-003
 3.7107447e-003
 3.7002969e-003
 3.6814674e-003
 3.6719192e-003
 3.6645194e-003
 3.6476441e-003
 3.6411055e-003
 3.6475183e-003
 3.6481242e-003
 3.6445924e-003
 3.6301040e-003
 3.5925314e-003
 3.5623433e-003
 3.5470694e-003
 3.5325051e-003
 3.5152314e-003
 3.5133576e-003
 3.5307368e-003
 3.5407643e-003
 3.5373219e-003
 3.5148743e-003
 3.4772621e-003
 3.4378516e-003
 3.4034045e-003
 3.3819214e-003
 3.3710604e-003
 3.3691672e-003
 3.3744860e-003
 3.3769370e-003
 3.3597322e-003
 3.3313022e-003
 3.3110492e-003
 3.2935101e-003
 3.2808848e-003
 3.2759903e-003
 3.2661848e-003
 3.2476657e-003
 3.2342710e-003
 3.2322819e-003
 3.2243272e-003
 3.2024700e-003
 3.1918401e-003
 3.1886424e-003
 3.1852506e-003
 3.1936667e-003
 3.2035119e-003
 3.2342034e-003
 3.2759877e-003
 3.2696596e-003
 3.2349937e-003
 3.2196911e-003
 3.2187055e-003
 3.2129362e-003
 3.1940052e-003
 3.1686933e-003
 3.1422609e-003
 3.1181814e-003
 3.0984648e-003
 3.0802116e-003
 3.0625511e-003
 3.0431605e-003
 3.0200712e-003
 3.0011639e-003
 2.9857203e-003
 2.9719172e-003
 2.9668689e-003
 2.9638470e-003
 2.9555676e-003
 2.9492918e-003
 2.9491379e-003
 2.9446750e-003
 2.9262996e-003
 2.9093968e-003
 2.9251124e-003
 2.9717523e-003
 3.0278738e-003
 3.0821327e-003
 3.0947167e-003
 3.0740921e-003
 3.0572861e-003
 3.0320878e-003
 3.0126569e-003
 2.9994652e-003
 2.9933648e-003
 3.0000256e-003
 2.9803347e-003
 2.9273769e-003
 2.8955550e-003
 2.8918430e-003
 2.9076149e-003
 2.9470248e-003
 2.9810779e-003
 3.0106963e-003
 3.0223213e-003
 3.0060369e-003
 3.0084739e-003
 3.0429489e-003
 3.0577327e-003
 3.0489410e-003
 3.0440893e-003
 3.0181280e-003
 3.0007069e-003
 3.0077405e-003
 3.0202072e-003
 3.0485918e-003
 3.0732630e-003
 3.0705424e-003
 3.0485673e-003
 3.0247755e-003
 3.0088087e-003
 2.9921811e-003
 2.9721397e-003
 2.9789358e-003
 3.0159114e-003
 3.0207140e-003
 3.0043721e-003
 2.9994438e-003
 2.9871298e-003
 2.9602626e-003
 2.9241082e-003
 2.8975450e-003
 2.8646025e-003
 2.8571663e-003
 2.8790955e-003
 2.8836837e-003
 2.8699876e-003
 2.8595331e-003
 2.8564855e-003
 2.8589191e-003
 2.8480287e-003
 2.8520315e-003
 2.8908146e-003
 2.9249471e-003
 2.9652321e-003
 3.0051565e-003
 3.0129093e-003
 3.0028918e-003
 2.9868130e-003
 2.9744506e-003
 2.9624943e-003
 2.9582782e-003
 2.9716191e-003
 2.9822537e-003
 2.9418434e-003
 2.8972127e-003
 2.9127067e-003
 2.9518339e-003
 2.9354501e-003
 2.8714046e-003
 2.8691792e-003
 2.9335364e-003
 2.9894405e-003
 3.0379836e-003
 3.0568663e-003
 3.0439985e-003
 3.0468043e-003
 3.0683144e-003
 3.0383412e-003
 2.9687481e-003
 2.9479656e-003
 2.9341001e-003
 2.9396676e-003
 2.9691616e-003
 2.9821184e-003
 2.9960019e-003
 3.0023307e-003
 2.9788346e-003
 2.9349567e-003
 2.8617028e-003
 2.8148778e-003
 2.7956397e-003
 2.8075201e-003
 2.8581538e-003
 2.8621429e-003
 2.8056602e-003
 2.7736640e-003
 2.7722134e-003
 2.7595295e-003
 2.7132779e-003
 2.7120800e-003
 2.7847704e-003
 2.8434463e-003
 2.8409418e-003
 2.8389667e-003
 2.8189395e-003
 2.8055368e-003
 2.8360742e-003
 2.8447385e-003
 2.7739848e-003
 2.7185958e-003
 2.6691079e-003
 2.6408192e-003
 2.6267627e-003
 2.6155845e-003
 2.5827780e-003
 2.5621930e-003
 2.5938980e-003
 2.6120311e-003
 2.6021739e-003
 2.5837272e-003
 2.5141754e-003
 2.4736505e-003
 2.5222283e-003
 2.5341287e-003
 2.3532258e-003
 2.2046298e-003
 2.3429031e-003
-1.2300001e+034
-1.2299999e+034
-1.2300000e+034
-1.2300005e+034
-1.2300006e+034
-1.2300004e+034
-1.2300003e+034
-1.2300001e+034
-1.2300001e+034
-1.2299995e+034
-1.2300005e+034
-1.2300000e+034
-1.2300001e+034
-1.2300006e+034
-1.2300001e+034
-1.2300003e+034
-1.2300006e+034
-1.2299999e+034
-1.2299996e+034
-1.2299999e+034
-1.2300005e+034
-1.2299996e+034
-1.2300003e+034
-1.2300000e+034
-1.2300001e+034
-1.2300003e+034
-1.2300001e+034
-1.2300000e+034
-1.2299996e+034
-1.2300000e+034
-1.2300004e+034
-1.2300005e+034
-1.2300000e+034
-1.2299995e+034
-1.2299999e+034
-1.2300001e+034
-1.2299995e+034
-1.2299998e+034
-1.2299996e+034
-1.2300000e+034
-1.2299998e+034
-1.2300005e+034
-1.2299995e+034
-1.2300003e+034
-1.2300003e+034
-1.2299995e+034
-1.2299996e+034
-1.2300003e+034
-1.2299999e+034
-1.2300005e+034
-1.2300001e+034
-1.2300003e+034
-1.2299998e+034
-1.2300001e+034
-1.2300000e+034
-1.2300005e+034
-1.2300001e+034
-1.2300003e+034
-1.2299999e+034
-1.2299990e+034
