splib07b Record=15172:  error bars to preceding                
 6.3255394e-001
 6.3255394e-001
 6.1027056e-001
 5.8804083e-001
 5.6589544e-001
 5.4386806e-001
 5.2198929e-001
 5.0028968e-001
 4.7880283e-001
 4.5755842e-001
 4.3659005e-001
 4.1592824e-001
 3.9560378e-001
 3.7565008e-001
 3.5609785e-001
 3.3697778e-001
 3.1832334e-001
 3.0016512e-001
 2.8253403e-001
 2.6546329e-001
 2.4898364e-001
 2.3312604e-001
 2.1792349e-001
 2.0340689e-001
 1.8960726e-001
 1.7655434e-001
 1.6424292e-001
 1.5264818e-001
 1.4174654e-001
 1.3151237e-001
 1.2192197e-001
 1.1295025e-001
 1.0457223e-001
 9.6764028e-002
 8.9500606e-002
 8.2757071e-002
 7.6509386e-002
 7.0732638e-002
 6.5401956e-002
 6.0493179e-002
 5.5981465e-002
 5.1841989e-002
 4.8050493e-002
 4.4582017e-002
 4.1412249e-002
 3.8516395e-002
 3.5869718e-002
 3.3447832e-002
 3.1225981e-002
 2.9180380e-002
 2.7297536e-002
 2.5569811e-002
 2.3989672e-002
 2.2549810e-002
 2.1242691e-002
 2.0060809e-002
 1.8996811e-002
 1.8043179e-002
 1.7192433e-002
 1.6437177e-002
 1.5769919e-002
 1.5183181e-002
 1.4669552e-002
 1.4221551e-002
 1.3831703e-002
 1.3492582e-002
 1.3196717e-002
 1.2936638e-002
 1.2704909e-002
 1.2494053e-002
 1.2296630e-002
 1.2105174e-002
 1.1912219e-002
 1.1710761e-002
 1.1498638e-002
 1.1276716e-002
 1.1045934e-002
 1.0807203e-002
 1.0561431e-002
 1.0309566e-002
 1.0052500e-002
 9.7911805e-003
 9.5265172e-003
 9.2594167e-003
 8.9908242e-003
 8.7216506e-003
 8.4528001e-003
 8.1852218e-003
 7.9198228e-003
 7.6575130e-003
 7.3992354e-003
 7.1458993e-003
 6.8984153e-003
 6.6577247e-003
 6.4246887e-003
 6.1995937e-003
 5.9823967e-003
 5.7730172e-003
 5.5713779e-003
 5.3774253e-003
 5.1910826e-003
 5.0122715e-003
 4.8409379e-003
 4.6770042e-003
 4.5203939e-003
 4.3710507e-003
 4.2288997e-003
 4.0938631e-003
 3.9658854e-003
 3.8448831e-003
 3.7307993e-003
 3.6235538e-003
 3.5230727e-003
 3.4291144e-003
 3.3413405e-003
 3.2594218e-003
 3.1830175e-003
 3.1117881e-003
 3.0454027e-003
 2.9835214e-003
 2.9258055e-003
 2.8719227e-003
 2.8215342e-003
 2.7743010e-003
 2.7298904e-003
 2.6879634e-003
 2.6481817e-003
 2.6102124e-003
 2.5737165e-003
 2.5383560e-003
 2.5038151e-003
 2.4699827e-003
 2.4368858e-003
 2.4045566e-003
 2.3730232e-003
 2.3423147e-003
 2.3124614e-003
 2.2834965e-003
 2.2554444e-003
 2.2283373e-003
 2.2022075e-003
 2.1770801e-003
 2.1529873e-003
 2.1299610e-003
 2.1080268e-003
 2.0872166e-003
 2.0675615e-003
 2.0490282e-003
 2.0314364e-003
 2.0145837e-003
 1.9982625e-003
 1.9822696e-003
 1.9664022e-003
 1.9504532e-003
 1.9342193e-003
 1.9174975e-003
 1.9000805e-003
 1.8817654e-003
 1.8623475e-003
 1.8416243e-003
 1.8193877e-003
 1.7954377e-003
 1.7696992e-003
 1.7424411e-003
 1.7139835e-003
 1.6846491e-003
 1.6547524e-003
 1.6246188e-003
 1.5945625e-003
 1.5649063e-003
 1.5359703e-003
 1.5080762e-003
 1.4815395e-003
 1.4566825e-003
 1.4338269e-003
 1.4132888e-003
 1.3953897e-003
 1.3803350e-003
 1.3680295e-003
 1.3583351e-003
 1.3511128e-003
 1.3462221e-003
 1.3435237e-003
 1.3428789e-003
 1.3441478e-003
 1.3471909e-003
 1.3518685e-003
 1.3580418e-003
 1.3655709e-003
 1.3743165e-003
 1.3841382e-003
 1.3948984e-003
 1.4064175e-003
 1.4184223e-003
 1.4306206e-003
 1.4427211e-003
 1.4544316e-003
 1.4654632e-003
 1.4755225e-003
 1.4843201e-003
 1.4915642e-003
 1.4969633e-003
 1.5002261e-003
 1.5010621e-003
 1.4991798e-003
 1.4943222e-003
 1.4866698e-003
 1.4767036e-003
 1.4649117e-003
 1.4517790e-003
 1.4377948e-003
 1.4234433e-003
 1.4092128e-003
 1.3955904e-003
 1.3830641e-003
 1.3721182e-003
 1.3632413e-003
 1.3568769e-003
 1.3529048e-003
 1.3508167e-003
 1.3500953e-003
 1.3502239e-003
 1.3506851e-003
 1.3509624e-003
 1.3505387e-003
 1.3488967e-003
 1.3455199e-003
 1.3398915e-003
 1.3314936e-003
 1.3198588e-003
 1.3051385e-003
 1.2879233e-003
 1.2688120e-003
 1.2484051e-003
 1.2272974e-003
 1.2060911e-003
 1.1853812e-003
 1.1657681e-003
 1.1478505e-003
 1.1322284e-003
 1.1194975e-003
 1.1102168e-003
 1.1043927e-003
 1.1016456e-003
 1.1015880e-003
 1.1038309e-003
 1.1079867e-003
 1.1136665e-003
 1.1204828e-003
 1.1280475e-003
 1.1359720e-003
 1.1438674e-003
 1.1513470e-003
 1.1580422e-003
 1.1638559e-003
 1.1688852e-003
 1.1732306e-003
 1.1769921e-003
 1.1802712e-003
 1.1831680e-003
 1.1857831e-003
 1.1882175e-003
 1.1905715e-003
 1.1929458e-003
 1.1954407e-003
 1.1981524e-003
 1.2011095e-003
 1.2042929e-003
 1.2076825e-003
 1.2112582e-003
 1.2149991e-003
 1.2188859e-003
 1.2228977e-003
 1.2270150e-003
 1.2312172e-003
 1.2354840e-003
 1.2397951e-003
 1.2441310e-003
 1.2484742e-003
 1.2528113e-003
 1.2571268e-003
 1.2614067e-003
 1.2656359e-003
 1.2698011e-003
 1.2738864e-003
 1.2778785e-003
 1.2817625e-003
 1.2855241e-003
 1.2891480e-003
 1.2926221e-003
 1.2959492e-003
 1.2991446e-003
 1.3022248e-003
 1.3052057e-003
 1.3081029e-003
 1.3109324e-003
 1.3137102e-003
 1.3164520e-003
 1.3191740e-003
 1.3218918e-003
 1.3246216e-003
 1.3273775e-003
 1.3301583e-003
 1.3329482e-003
 1.3357335e-003
 1.3384983e-003
 1.3412281e-003
 1.3439076e-003
 1.3465221e-003
 1.3490566e-003
 1.3514962e-003
 1.3538259e-003
 1.3560308e-003
 1.3580973e-003
 1.3600339e-003
 1.3618639e-003
 1.3636127e-003
 1.3653042e-003
 1.3669631e-003
 1.3686139e-003
 1.3702812e-003
 1.3719891e-003
 1.3737625e-003
 1.3756258e-003
 1.3776033e-003
 1.3797176e-003
 1.3819602e-003
 1.3843003e-003
 1.3867056e-003
 1.3891449e-003
 1.3915863e-003
 1.3939975e-003
 1.3963474e-003
 1.3986042e-003
 1.4007355e-003
 1.4027101e-003
 1.4044961e-003
 1.4060644e-003
 1.4074220e-003
 1.4086048e-003
 1.4096489e-003
 1.4105903e-003
 1.4114650e-003
 1.4123094e-003
 1.4131590e-003
 1.4140506e-003
 1.4150199e-003
 1.4161031e-003
 1.4173364e-003
 1.4187531e-003
 1.4203433e-003
 1.4220647e-003
 1.4238741e-003
 1.4257286e-003
 1.4275848e-003
 1.4293995e-003
 1.4311294e-003
 1.4327314e-003
 1.4341624e-003
 1.4353790e-003
 1.4363383e-003
 1.4370006e-003
 1.4373802e-003
 1.4375334e-003
 1.4375177e-003
 1.4373905e-003
 1.4372086e-003
 1.4370299e-003
 1.4369116e-003
 1.4369109e-003
 1.4370852e-003
 1.4374919e-003
 1.4381881e-003
 1.4392263e-003
 1.4405856e-003
 1.4421865e-003
 1.4439496e-003
 1.4457937e-003
 1.4476392e-003
 1.4494054e-003
 1.4510123e-003
 1.4523792e-003
 1.4534260e-003
 1.4540724e-003
 1.4542382e-003
 1.4538497e-003
 1.4529402e-003
 1.4516255e-003
 1.4500247e-003
 1.4482561e-003
 1.4464384e-003
 1.4446899e-003
 1.4431297e-003
 1.4418761e-003
 1.4410478e-003
 1.4407631e-003
 1.4411409e-003
 1.4422899e-003
 1.4441618e-003
 1.4465851e-003
 1.4493845e-003
 1.4523844e-003
 1.4554104e-003
 1.4582865e-003
 1.4608379e-003
 1.4628889e-003
 1.4642645e-003
 1.4647896e-003
 1.4642889e-003
 1.4626044e-003
 1.4598535e-003
 1.4563737e-003
 1.4525088e-003
 1.4486021e-003
 1.4449974e-003
 1.4420379e-003
 1.4400675e-003
 1.4394299e-003
 1.4404684e-003
 1.4435268e-003
 1.4489482e-003
 1.4570332e-003
 1.4673698e-003
 1.4789748e-003
 1.4908465e-003
 1.5019868e-003
 1.5113936e-003
 1.5180681e-003
 1.5210096e-003
 1.5192174e-003
 1.5116914e-003
 1.4974326e-003
 1.4754409e-003
 1.4447866e-003
 1.4057466e-003
 1.3595740e-003
 1.3075506e-003
 1.2509634e-003
 1.1910889e-003
 1.1292032e-003
 1.0665933e-003
 1.0045405e-003
 9.4432657e-004
 8.8723819e-004
 8.3455117e-004
 7.8749744e-004
 7.4656488e-004
 7.1161846e-004
 6.8250450e-004
 6.5907155e-004
 6.4116181e-004
 6.2862493e-004
 6.2130531e-004
 6.1905070e-004
 6.2170764e-004
 6.2912167e-004
 6.4114074e-004
 6.5759564e-004
 6.7809480e-004
 7.0205424e-004
 7.2888541e-004
 7.5799716e-004
 7.8880612e-004
 8.2071871e-004
 8.5315213e-004
 8.8551483e-004
 9.1721868e-004
 9.4767491e-004
 9.7635458e-004
 1.0029353e-003
 1.0271348e-003
 1.0486662e-003
 1.0672451e-003
 1.0825873e-003
 1.0944073e-003
 1.1024225e-003
 1.1063485e-003
 1.1061711e-003
 1.1027633e-003
 1.0971806e-003
 1.0904785e-003
 1.0837113e-003
 1.0779336e-003
 1.0742007e-003
 1.0735681e-003
 1.0770905e-003
 1.0852034e-003
 1.0963007e-003
 1.1083523e-003
 1.1193312e-003
 1.1272079e-003
 1.1299531e-003
 1.1255388e-003
 1.1119356e-003
 1.0871174e-003
 1.0502971e-003
 1.0048390e-003
 9.5496821e-004
 9.0491411e-004
 8.5889176e-004
 8.2113373e-004
 7.9585775e-004
 7.8729232e-004
 7.9966208e-004
 8.3520572e-004
 8.8949851e-004
 9.5673121e-004
 1.0310989e-003
 1.1067832e-003
 1.1779707e-003
 1.2388488e-003
 1.2836008e-003
 1.3064218e-003
 1.3037230e-003
 1.2794285e-003
 1.2390516e-003
 1.1881050e-003
 1.1321073e-003
 1.0765658e-003
 1.0269883e-003
 9.8889263e-004
 9.6779189e-004
 9.6715032e-004
 9.8345825e-004
 1.0117295e-003
 1.0469706e-003
 1.0841987e-003
 1.1184213e-003
 1.1446493e-003
 1.1581084e-003
 1.1579574e-003
 1.1467842e-003
 1.1272900e-003
 1.1021787e-003
 1.0741535e-003
 1.0458805e-003
 1.0192818e-003
 9.9564460e-004
 9.7622495e-004
 9.6228567e-004
 9.5508731e-004
 9.5579657e-004
 9.6384616e-004
 9.7714283e-004
 9.9354389e-004
 1.0109026e-003
 1.0270737e-003
 1.0399851e-003
 1.0489294e-003
 1.0544074e-003
 1.0569619e-003
 1.0571335e-003
 1.0554646e-003
 1.0524910e-003
 1.0486379e-003
 1.0442304e-003
 1.0395902e-003
 1.0350397e-003
 1.0309012e-003
 1.0274773e-003
 1.0247072e-003
 1.0222035e-003
 1.0195690e-003
 1.0164052e-003
 1.0123143e-003
 1.0069320e-003
 1.0005319e-003
 9.9395693e-004
 9.8807295e-004
 9.8374358e-004
 9.8183402e-004
 9.8313286e-004
 9.8696887e-004
 9.9135749e-004
 9.9426613e-004
 9.9366368e-004
 9.8751718e-004
 9.7394775e-004
 9.5403235e-004
 9.3152409e-004
 9.1026811e-004
 8.9410978e-004
 8.8689849e-004
 8.9224864e-004
 9.0923352e-004
 9.3279890e-004
 9.5774513e-004
 9.7887311e-004
 9.9097867e-004
 9.8909123e-004
 9.7277982e-004
 9.4575796e-004
 9.1188663e-004
 8.7502378e-004
 8.3903485e-004
 8.0766826e-004
 7.8241806e-004
 7.6271390e-004
 7.4790389e-004
 7.3734258e-004
 7.3037978e-004
 7.2639319e-004
 7.2525581e-004
 7.2729721e-004
 7.3286443e-004
 7.4230327e-004
 7.5596233e-004
 7.7415508e-004
 7.9653994e-004
 8.2216674e-004
 8.5006963e-004
 8.7927323e-004
 9.0881228e-004
 9.3769532e-004
 9.6456474e-004
 9.8772009e-004
 1.0054467e-003
 1.0160337e-003
 1.0177681e-003
 1.0090617e-003
 9.9090545e-004
 9.6669403e-004
 9.3991688e-004
 9.1405760e-004
 8.9254358e-004
 8.7689649e-004
 8.6631184e-004
 8.5984496e-004
 8.5655117e-004
 8.5548544e-004
 8.5570326e-004
 8.5626013e-004
 8.5621135e-004
 8.5463183e-004
 8.5127004e-004
 8.4669673e-004
 8.4153411e-004
 8.3640317e-004
 8.3192589e-004
 8.2872395e-004
 8.2741911e-004
 8.2863274e-004
 8.3296822e-004
 8.4040855e-004
 8.5016986e-004
 8.6142163e-004
 8.7333180e-004
 8.8507211e-004
 8.9580973e-004
 9.0471603e-004
 9.1095915e-004
 9.1372523e-004
 9.1279019e-004
 9.0866187e-004
 9.0189290e-004
 8.9303509e-004
 8.8264199e-004
 8.7126630e-004
 8.5946103e-004
 8.4777997e-004
 8.3677273e-004
 8.2691660e-004
 8.1860024e-004
 8.1220519e-004
 8.0811343e-004
 8.0670684e-004
 8.0836646e-004
 8.1347476e-004
 8.2241348e-004
 8.3554286e-004
 8.5244031e-004
 8.7169785e-004
 8.9185004e-004
 9.1142487e-004
 9.2895713e-004
 9.4297616e-004
 9.5201319e-004
 9.5459935e-004
 9.4930129e-004
 9.3595881e-004
 9.1601867e-004
 8.9103455e-004
 8.6255936e-004
 8.3214859e-004
 8.0134941e-004
 7.7172002e-004
 7.4480759e-004
 7.2214316e-004
 7.0433581e-004
 6.9082476e-004
 6.8097410e-004
 6.7414570e-004
 6.6970277e-004
 6.6700933e-004
 6.6542864e-004
 6.6432374e-004
 6.6307024e-004
 6.6149147e-004
 6.5998593e-004
 6.5899023e-004
 6.5894087e-004
 6.6027400e-004
 6.6342572e-004
 6.6883303e-004
 6.7693117e-004
 6.8814011e-004
 7.0218509e-004
 7.1789901e-004
 7.3405373e-004
 7.4942602e-004
 7.6278683e-004
 7.7291217e-004
 7.7857421e-004
 7.7854656e-004
 7.7163620e-004
 7.5791421e-004
 7.3909928e-004
 7.1701477e-004
 6.9348887e-004
 6.7034829e-004
 6.4942165e-004
 6.3253177e-004
 6.2150799e-004
 6.1814237e-004
 6.2294438e-004
 6.3474028e-004
 6.5224274e-004
 6.7416235e-004
 6.9921336e-004
 7.2611135e-004
 7.5356680e-004
 7.8029250e-004
 8.0503745e-004
 8.2800811e-004
 8.5133559e-004
 8.7728200e-004
 9.0810552e-004
 9.4606652e-004
 9.9342491e-004
 1.0524354e-003
 1.1240190e-003
 1.2016158e-003
 1.2761283e-003
 1.3384360e-003
 1.3794249e-003
 1.3899812e-003
 1.3635413e-003
 1.3076989e-003
 1.2349219e-003
 1.1576981e-003
 1.0885110e-003
 1.0398476e-003
 1.0215378e-003
 1.0286565e-003
 1.0511450e-003
 1.0789470e-003
 1.1019993e-003
 1.1102407e-003
 1.0960677e-003
 1.0656620e-003
 1.0300189e-003
 1.0001290e-003
 9.8699261e-004
 1.0016044e-003
 1.0519201e-003
 1.1287176e-003
 1.2167456e-003
 1.3007714e-003
 1.3655376e-003
 1.3957940e-003
 1.3796688e-003
 1.3244031e-003
 1.2439841e-003
 1.1523843e-003
 1.0635967e-003
 9.9161442e-004
 9.4793405e-004
 9.2995260e-004
 9.3006127e-004
 9.4064692e-004
 9.5409638e-004
 9.6279540e-004
 9.6042885e-004
 9.4810978e-004
 9.2959759e-004
 9.0864924e-004
 8.8902656e-004
 8.7449030e-004
 8.6810748e-004
 8.6894858e-004
 8.7465823e-004
 8.8287762e-004
 8.9125050e-004
 8.9741789e-004
 8.9941861e-004
 8.9758949e-004
 8.9309184e-004
 8.8708883e-004
 8.8074198e-004
 8.7521464e-004
 8.7155256e-004
 8.7012089e-004
 8.7104010e-004
 8.7442971e-004
 8.8041020e-004
 8.8910124e-004
 9.0034801e-004
 9.1239967e-004
 9.2292222e-004
 9.2958147e-004
 9.3004474e-004
 9.2197763e-004
 9.0398750e-004
 8.8020158e-004
 8.5676461e-004
 8.3982456e-004
 8.3552423e-004
 8.5001258e-004
 8.8775955e-004
 9.4336434e-004
 1.0077971e-003
 1.0720199e-003
 1.1270124e-003
 1.1637360e-003
 1.1748299e-003
 1.1628679e-003
 1.1340749e-003
 1.0946839e-003
 1.0509314e-003
 1.0090420e-003
 9.7444584e-004
 9.4775145e-004
 9.2777913e-004
 9.1335364e-004
 9.0329780e-004
 8.9643191e-004
 8.9152850e-004
 8.8705606e-004
 8.8136917e-004
 8.7282312e-004
 8.5977465e-004
 8.4057642e-004
 8.1446493e-004
 7.8599359e-004
 7.6169183e-004
 7.4810121e-004
 7.5175910e-004
 7.7920454e-004
 8.3487312e-004
 9.1042579e-004
 9.9275506e-004
 1.0687243e-003
 1.1251995e-003
 1.1490609e-003
 1.1300923e-003
 1.0759068e-003
 1.0008190e-003
 9.1916951e-004
 8.4530166e-004
 7.9353870e-004
 7.7573891e-004
 7.8850979e-004
 8.2268059e-004
 8.6908013e-004
 9.1852830e-004
 9.6184388e-004
 9.9107448e-004
 1.0057569e-003
 1.0082885e-003
 1.0010719e-003
 9.8650891e-004
 9.6700393e-004
 9.4486552e-004
 9.2184811e-004
 8.9949247e-004
 8.7933324e-004
 8.6291070e-004
 8.5176434e-004
 8.4719341e-004
 8.4902428e-004
 8.5651374e-004
 8.6891954e-004
 8.8549778e-004
 9.0550305e-004
 9.2800107e-004
 9.5083623e-004
 9.7138510e-004
 9.8702055e-004
 9.9512434e-004
 9.9306670e-004
 9.7903865e-004
 9.5635053e-004
 9.3030563e-004
 9.0619293e-004
 8.8933151e-004
 8.8501372e-004
 8.9735299e-004
 9.2292420e-004
 9.5535879e-004
 9.8827668e-004
 1.0153201e-003
 1.0300963e-003
 1.0273989e-003
 1.0093576e-003
 9.8098768e-004
 9.4731100e-004
 9.1335515e-004
 8.8412437e-004
 8.6395169e-004
 8.5260265e-004
 8.4807514e-004
 8.4835791e-004
 8.5144141e-004
 8.5531292e-004
 8.5813168e-004
 8.5913466e-004
 8.5798698e-004
 8.5435488e-004
 8.4790622e-004
 8.3830254e-004
 8.2544872e-004
 8.1072998e-004
 7.9613389e-004
 7.8364939e-004
 7.7525765e-004
 7.7295123e-004
 7.7828154e-004
 7.8999368e-004
 8.0570887e-004
 8.2304532e-004
 8.3961873e-004
 8.5305533e-004
 8.6138374e-004
 8.6538430e-004
 8.6692820e-004
 8.6789165e-004
 8.7015080e-004
 8.7558030e-004
 8.8570494e-004
 8.9970557e-004
 9.1583584e-004
 9.3233801e-004
 9.4745401e-004
 9.5943559e-004
 9.6670922e-004
 9.6896978e-004
 9.6641388e-004
 9.5924106e-004
 9.4765116e-004
 9.3184708e-004
 9.1246353e-004
 8.9310546e-004
 8.7855343e-004
 8.7360619e-004
 8.8305556e-004
 9.1170636e-004
 9.6282107e-004
 1.0296247e-003
 1.1011889e-003
 1.1665801e-003
 1.2148644e-003
 1.2351080e-003
 1.2184762e-003
 1.1702019e-003
 1.1012667e-003
 1.0226945e-003
 9.4551587e-004
 8.8070979e-004
 8.3790702e-004
 8.1701780e-004
 8.1401388e-004
 8.2483271e-004
 8.4541965e-004
 8.7171322e-004
 8.9984154e-004
 9.2704943e-004
 9.5109356e-004
 9.6971210e-004
 9.8064833e-004
 9.8164554e-004
 9.7114278e-004
 9.5228688e-004
 9.3021232e-004
 9.1003533e-004
 8.9688867e-004
 8.9589925e-004
 9.1123715e-004
 9.4047422e-004
 9.7844563e-004
 1.0199612e-003
 1.0598341e-003
 1.0928784e-003
 1.1145428e-003
 1.1246806e-003
 1.1249777e-003
 1.1171359e-003
 1.1028544e-003
 1.0838362e-003
 1.0616935e-003
 1.0375353e-003
 1.0122182e-003
 9.8661485e-004
 9.6159376e-004
 9.3802344e-004
 9.1675244e-004
 8.9845120e-004
 8.8374445e-004
 8.7323494e-004
 8.6753728e-004
 8.6726277e-004
 8.7279006e-004
 8.8286650e-004
 8.9555187e-004
 9.0888847e-004
 9.2093449e-004
 9.2973845e-004
 9.3348266e-004
 9.3127589e-004
 9.2262513e-004
 9.0703455e-004
 8.8401214e-004
 8.5306482e-004
 8.1438804e-004
 7.7305228e-004
 7.3619816e-004
 7.1102084e-004
 7.0467347e-004
 7.2433223e-004
 7.7529362e-004
 8.4965519e-004
 9.3369040e-004
 1.0137433e-003
 1.0760998e-003
 1.1070600e-003
 1.0956308e-003
 1.0501752e-003
 9.8743755e-004
 9.2426763e-004
 8.7743934e-004
 8.6377357e-004
 8.9686003e-004
 9.6726581e-004
 1.0553986e-003
 1.1417280e-003
 1.2066080e-003
 1.2304919e-003
 1.1973218e-003
 1.1166881e-003
 1.0093700e-003
 8.9631852e-004
 7.9835259e-004
 7.3637196e-004
 7.2794926e-004
 7.6663354e-004
 8.3535485e-004
 9.1705209e-004
 9.9456846e-004
 1.0508453e-003
 1.0711004e-003
 1.0576290e-003
 1.0202761e-003
 9.6895965e-004
 9.1354823e-004
 8.6394337e-004
 8.2892959e-004
 8.0914702e-004
 8.0160663e-004
 8.0330076e-004
 8.1122271e-004
 8.2236901e-004
 8.3389581e-004
 8.4416347e-004
 8.5207855e-004
 8.5653976e-004
 8.5645478e-004
 8.5072644e-004
 8.3877065e-004
 8.2380173e-004
 8.1074517e-004
 8.0452731e-004
 8.1008312e-004
 8.3234365e-004
 8.7501731e-004
 9.3267969e-004
 9.9577883e-004
 1.0547327e-003
 1.0999980e-003
 1.1219725e-003
 1.1126379e-003
 1.0754786e-003
 1.0192316e-003
 9.5261552e-004
 8.8442804e-004
 8.2338467e-004
 7.7738205e-004
 7.4775680e-004
 7.3285779e-004
 7.3101756e-004
 7.4057205e-004
 7.5984822e-004
 7.8711042e-004
 8.2002918e-004
 8.5600337e-004
 8.9245674e-004
 9.2676788e-004
 9.5636019e-004
 9.7900885e-004
 9.9537463e-004
 1.0074449e-003
 1.0172122e-003
 1.0266762e-003
 1.0378237e-003
 1.0525108e-003
 1.0714821e-003
 1.0949691e-003
 1.1232190e-003
 1.1564447e-003
 1.1949032e-003
 1.2383884e-003
 1.2835674e-003
 1.3256008e-003
 1.3596433e-003
 1.3808698e-003
 1.3844260e-003
 1.3664905e-003
 1.3310722e-003
 1.2858459e-003
 1.2385070e-003
 1.1967570e-003
 1.1682716e-003
 1.1596465e-003
 1.1687336e-003
 1.1893091e-003
 1.2151180e-003
 1.2399238e-003
 1.2574593e-003
 1.2622955e-003
 1.2553317e-003
 1.2404625e-003
 1.2216007e-003
 1.2026618e-003
 1.1875487e-003
 1.1796056e-003
 1.1776012e-003
 1.1781538e-003
 1.1778665e-003
 1.1733415e-003
 1.1611857e-003
 1.1386913e-003
 1.1086519e-003
 1.0764758e-003
 1.0475874e-003
 1.0274135e-003
 1.0213711e-003
 1.0338799e-003
 1.0613324e-003
 1.0962804e-003
 1.1312529e-003
 1.1587781e-003
 1.1713845e-003
 1.1629161e-003
 1.1377455e-003
 1.1052870e-003
 1.0750000e-003
 1.0563430e-003
 1.0587666e-003
 1.0900107e-003
 1.1440224e-003
 1.2080696e-003
 1.2693800e-003
 1.3151811e-003
 1.3327012e-003
 1.3110547e-003
 1.2546575e-003
 1.1753032e-003
 1.0848637e-003
 9.9521840e-004
 9.1818615e-004
 8.6466782e-004
 8.3719793e-004
 8.3432253e-004
 8.5454871e-004
 8.9638319e-004
 9.5832039e-004
 1.0381854e-003
 1.1278131e-003
 1.2162523e-003
 1.2924703e-003
 1.3454501e-003
 1.3643572e-003
 1.3470860e-003
 1.3038764e-003
 1.2459528e-003
 1.1844841e-003
 1.1302590e-003
 1.0868857e-003
 1.0518951e-003
 1.0226761e-003
 9.9657464e-004
 9.7126589e-004
 9.4696577e-004
 9.2515105e-004
 9.0731098e-004
 8.9492311e-004
 8.8937976e-004
 8.9160138e-004
 9.0238702e-004
 9.2252996e-004
 9.5283537e-004
 9.9197950e-004
 1.0334661e-003
 1.0699758e-003
 1.0941951e-003
 1.0989264e-003
 1.0827415e-003
 1.0525171e-003
 1.0158119e-003
 9.8014576e-004
 9.5274858e-004
 9.3526545e-004
 9.2454476e-004
 9.1729529e-004
 9.1021287e-004
 9.0042280e-004
 8.8864216e-004
 8.7740080e-004
 8.6924341e-004
 8.6671062e-004
 8.7146345e-004
 8.8112685e-004
 8.9217455e-004
 9.0107997e-004
 9.0432074e-004
 8.9995342e-004
 8.9003093e-004
 8.7724178e-004
 8.6426153e-004
 8.5374602e-004
 8.4686809e-004
 8.4261852e-004
 8.3982048e-004
 8.3729188e-004
 8.3392044e-004
 8.2982145e-004
 8.2618278e-004
 8.2422845e-004
 8.2518201e-004
 8.3006761e-004
 8.3818595e-004
 8.4794877e-004
 8.5775927e-004
 8.6602761e-004
 8.7155349e-004
 8.7501080e-004
 8.7761111e-004
 8.8056695e-004
 8.8509254e-004
 8.9303456e-004
 9.0788788e-004
 9.3339209e-004
 9.7330852e-004
 1.0312703e-003
 1.1046672e-003
 1.1815428e-003
 1.2491648e-003
 1.2948427e-003
 1.3064359e-003
 1.2833092e-003
 1.2349859e-003
 1.1713610e-003
 1.1022808e-003
 1.0368873e-003
 9.7724015e-004
 9.2178263e-004
 8.6891418e-004
 8.1703381e-004
 7.6590304e-004
 7.2167802e-004
 6.9247832e-004
 6.8637385e-004
 7.1146176e-004
 7.7516510e-004
 8.7251677e-004
 9.8725909e-004
 1.1028614e-003
 1.2027151e-003
 1.2702312e-003
 1.2896456e-003
 1.2610798e-003
 1.1989443e-003
 1.1182298e-003
 1.0338466e-003
 9.6075819e-004
 9.1335695e-004
 8.9510722e-004
 8.9962408e-004
 9.2014816e-004
 9.4992376e-004
 9.8219432e-004
 1.0103621e-003
 1.0309209e-003
 1.0431940e-003
 1.0465899e-003
 1.0405304e-003
 1.0244307e-003
 9.9788234e-004
 9.6389593e-004
 9.2861534e-004
 8.9827471e-004
 8.7914628e-004
 8.7746896e-004
 8.9910085e-004
 9.4198307e-004
 9.9683483e-004
 1.0540418e-003
 1.1040577e-003
 1.1372949e-003
 1.1446777e-003
 1.1271541e-003
 1.0949264e-003
 1.0585176e-003
 1.0284934e-003
 1.0153772e-003
 1.0292879e-003
 1.0716774e-003
 1.1360222e-003
 1.2154216e-003
 1.3030596e-003
 1.3920675e-003
 1.4756336e-003
 1.5478358e-003
 1.6035724e-003
 1.6378060e-003
 1.6454516e-003
 1.6214583e-003
 1.5612271e-003
 1.4696855e-003
 1.3606645e-003
 1.2483564e-003
 1.1468751e-003
 1.0704626e-003
 1.0325931e-003
 1.0334378e-003
 1.0605972e-003
 1.1012119e-003
 1.1423768e-003
 1.1712362e-003
 1.1753801e-003
 1.1522960e-003
 1.1087978e-003
 1.0520749e-003
 9.8927261e-004
 9.2761242e-004
 8.7406044e-004
 8.3190721e-004
 8.0091273e-004
 7.8067969e-004
 7.7083940e-004
 7.7100034e-004
 7.8069326e-004
 7.9758174e-004
 8.1755494e-004
 8.3642884e-004
 8.5003133e-004
 8.5417251e-004
 8.4489794e-004
 8.2294625e-004
 7.9355459e-004
 7.6211733e-004
 7.3406671e-004
 7.1479753e-004
 7.0948864e-004
 7.1823422e-004
 7.3625409e-004
 7.5856777e-004
 7.8021083e-004
 7.9619262e-004
 8.0175884e-004
 7.9670484e-004
 7.8522880e-004
 7.7170803e-004
 7.6052110e-004
 7.5604062e-004
 7.6246599e-004
 7.8008522e-004
 8.0540188e-004
 8.3475909e-004
 8.6452154e-004
 8.9101726e-004
 9.1071852e-004
 9.2244835e-004
 9.2734158e-004
 9.2662813e-004
 9.2153944e-004
 9.1330189e-004
 9.0315100e-004
 8.9231186e-004
 8.8178716e-004
 8.7168737e-004
 8.6189853e-004
 8.5231900e-004
 8.4283488e-004
 8.3333935e-004
 8.2372373e-004
 8.1387931e-004
 8.0369937e-004
 7.9329102e-004
 7.8364310e-004
 7.7594508e-004
 7.7139353e-004
 7.7118358e-004
 7.7650987e-004
 7.8856474e-004
 8.0855133e-004
 8.3765009e-004
 8.7641831e-004
 9.2282315e-004
 9.7419036e-004
 1.0278838e-003
 1.0812007e-003
 1.1315056e-003
 1.1761242e-003
 1.2123915e-003
 1.2376432e-003
 1.2500188e-003
 1.2508733e-003
 1.2423566e-003
 1.2266177e-003
 1.2058083e-003
 1.1820836e-003
 1.1575820e-003
 1.1344714e-003
 1.1148899e-003
 1.1004648e-003
 1.0906997e-003
 1.0845657e-003
 1.0810347e-003
 1.0790767e-003
 1.0776644e-003
 1.0757688e-003
 1.0723611e-003
 1.0664144e-003
 1.0572750e-003
 1.0458349e-003
 1.0333598e-003
 1.0211319e-003
 1.0104182e-003
 1.0024944e-003
 9.9863426e-004
 1.0001109e-003
 1.0081964e-003
 1.0236680e-003
 1.0452648e-003
 1.0712079e-003
 1.0997191e-003
 1.1290141e-003
 1.1573301e-003
 1.1828686e-003
 1.2038655e-003
 1.2185373e-003
 1.2255393e-003
 1.2253141e-003
 1.2187612e-003
 1.2067779e-003
 1.1902644e-003
 1.1701201e-003
 1.1472444e-003
 1.1225410e-003
 1.0968961e-003
 1.0713637e-003
 1.0475329e-003
 1.0271579e-003
 1.0119900e-003
 1.0037723e-003
 1.0042597e-003
 1.0151995e-003
 1.0383417e-003
 1.0754360e-003
 1.1270063e-003
 1.1884511e-003
 1.2538816e-003
 1.3173285e-003
 1.3729035e-003
 1.4146710e-003
 1.4367072e-003
 1.4330887e-003
 1.3979013e-003
 1.3290345e-003
 1.2405851e-003
 1.1507974e-003
 1.0779740e-003
 1.0404051e-003
 1.0551142e-003
 1.1189232e-003
 1.2123878e-003
 1.3155686e-003
 1.4085330e-003
 1.4713492e-003
 1.4852312e-003
 1.4499071e-003
 1.3801465e-003
 1.2910826e-003
 1.1979559e-003
 1.1159087e-003
 1.0593855e-003
 1.0312585e-003
 1.0248671e-003
 1.0333033e-003
 1.0496513e-003
 1.0670060e-003
 1.0786875e-003
 1.0820645e-003
 1.0777907e-003
 1.0666169e-003
 1.0493039e-003
 1.0266018e-003
 9.9929504e-004
 9.6889428e-004
 9.3744171e-004
 9.0703927e-004
 8.7975466e-004
 8.5766037e-004
 8.4268604e-004
 8.3397387e-004
 8.2840695e-004
 8.2278810e-004
 8.1393006e-004
 7.9864048e-004
 7.7398209e-004
 7.4147061e-004
 7.0625119e-004
 6.7362562e-004
 6.4885640e-004
 6.3721754e-004
 6.4361712e-004
 6.6660275e-004
 6.9941091e-004
 7.3515385e-004
 7.6689816e-004
 7.8775047e-004
 7.9124043e-004
 7.7834382e-004
 7.5626088e-004
 7.3240482e-004
 7.1415986e-004
 7.0893654e-004
 7.2364230e-004
 7.5698877e-004
 8.0074713e-004
 8.4652554e-004
 8.8587229e-004
 9.1038714e-004
 9.1220520e-004
 8.9304196e-004
 8.6268329e-004
 8.3119876e-004
 8.0861844e-004
 8.0500619e-004
 8.2973251e-004
 8.8066974e-004
 9.4586116e-004
 1.0131184e-003
 1.0701645e-003
 1.1047982e-003
 1.1054642e-003
 1.0724397e-003
 1.0160496e-003
 9.4699801e-004
 8.7590469e-004
 8.1348460e-004
 7.6991221e-004
 7.4727117e-004
 7.4073154e-004
 7.4521668e-004
 7.5565412e-004
 7.6697971e-004
 7.7432056e-004
 7.7644835e-004
 7.7524403e-004
 7.7269180e-004
 7.7077415e-004
 7.7147596e-004
 7.7671494e-004
 7.8727334e-004
 8.0293685e-004
 8.2347769e-004
 8.4864238e-004
 8.7820989e-004
 9.1186963e-004
 9.4843173e-004
 9.8592218e-004
 1.0223001e-003
 1.0555766e-003
 1.0837138e-003
 1.1047492e-003
 1.1174033e-003
 1.1209873e-003
 1.1148440e-003
 1.0983176e-003
 1.0707363e-003
 1.0316251e-003
 9.8348653e-004
 9.3143701e-004
 8.8073849e-004
 8.3658216e-004
 8.0422428e-004
 7.8857446e-004
 7.8910671e-004
 8.0050214e-004
 8.1728504e-004
 8.3396252e-004
 8.4506243e-004
 8.4546109e-004
 8.3680684e-004
 8.2669407e-004
 8.2293322e-004
 8.3332887e-004
 8.6567679e-004
 9.2718011e-004
 1.0132834e-003
 1.1091491e-003
 1.1995956e-003
 1.2693427e-003
 1.3032176e-003
 1.2869374e-003
 1.2242370e-003
 1.1347717e-003
 1.0388579e-003
 9.5668854e-004
 9.0857479e-004
 9.1378368e-004
 9.7344921e-004
 1.0724880e-003
 1.1953028e-003
 1.3261578e-003
 1.4494907e-003
 1.5495648e-003
 1.6107835e-003
 1.6221053e-003
 1.5887870e-003
 1.5196765e-003
 1.4236912e-003
 1.3096341e-003
 1.1864547e-003
 1.0629798e-003
 9.4803626e-004
 8.5057353e-004
 7.7722123e-004
 7.2698732e-004
 6.9706701e-004
 6.8471394e-004
 6.8714720e-004
 7.0160680e-004
 7.2531484e-004
 7.5551914e-004
 7.8943052e-004
 8.2458422e-004
 8.5956673e-004
 8.9316210e-004
 9.2420302e-004
 9.5147634e-004
 9.7381015e-004
 9.8999764e-004
 9.9885720e-004
 9.9919690e-004
 9.9043944e-004
 9.7422395e-004
 9.5270865e-004
 9.2803471e-004
 9.0233912e-004
 8.7778689e-004
 8.5650798e-004
 8.4066414e-004
 8.3239179e-004
 8.3312020e-004
 8.4163435e-004
 8.5613050e-004
 8.7478769e-004
 8.9580799e-004
 9.1736595e-004
 9.3765883e-004
 9.5488224e-004
 9.6721330e-004
 9.7345607e-004
 9.7462826e-004
 9.7226416e-004
 9.6789835e-004
 9.6306286e-004
 9.5928932e-004
 9.5811312e-004
 9.6106704e-004
 9.6968189e-004
 9.8484254e-004
 1.0049945e-003
 1.0280395e-003
 1.0518830e-003
 1.0744045e-003
 1.0935159e-003
 1.1070999e-003
 1.1130613e-003
 1.1092941e-003
 1.0945223e-003
 1.0705322e-003
 1.0398532e-003
 1.0049763e-003
 9.6843910e-004
 9.3274104e-004
 9.0038276e-004
 8.7389973e-004
 8.5578643e-004
 8.4771874e-004
 8.4816187e-004
 8.5484469e-004
 8.6548686e-004
 8.7781955e-004
 8.8955869e-004
 8.9843612e-004
 9.0217014e-004
 8.9848996e-004
 8.8587881e-004
 8.6572842e-004
 8.4009289e-004
 8.1105792e-004
 7.8067125e-004
 7.5102202e-004
 7.2416634e-004
 7.0216431e-004
 6.8709900e-004
 6.8102841e-004
 6.8593142e-004
 7.0180063e-004
 7.2674407e-004
 7.5876451e-004
 7.9590443e-004
 8.3615794e-004
 8.7757350e-004
 9.1814209e-004
 9.5589948e-004
 9.8887773e-004
 1.0150740e-003
 1.0325263e-003
 1.0393250e-003
 1.0353632e-003
 1.0222449e-003
 1.0016614e-003
 9.7528036e-004
 9.4480219e-004
 9.1188774e-004
 8.7824208e-004
 8.4553496e-004
 8.1543747e-004
 7.8965275e-004
 7.6984486e-004
 7.5764896e-004
 7.5333862e-004
 7.5589004e-004
 7.6422055e-004
 7.7725493e-004
 7.9390313e-004
 8.1309577e-004
 8.3373854e-004
 8.5475744e-004
 8.7507896e-004
 8.9360803e-004
 9.0927666e-004
 9.2102797e-004
 9.2861260e-004
 9.3254424e-004
 9.3337783e-004
 9.3166414e-004
 9.2795619e-004
 9.2280353e-004
 9.1676158e-004
 9.1038045e-004
 9.0420980e-004
 8.9880580e-004
 8.9471677e-004
 8.9248182e-004
 8.9228054e-004
 8.9394103e-004
 8.9727557e-004
 9.0209884e-004
 9.0822013e-004
 9.1545645e-004
 9.2361530e-004
 9.3718513e-004
 9.6679176e-004
 9.9552446e-004
 1.0202619e-003
 1.0397265e-003
 1.0527321e-003
 1.0580843e-003
 1.0546617e-003
 1.0428620e-003
 1.0245991e-003
 1.0018451e-003
 9.7658182e-004
 9.5077947e-004
 9.2641974e-004
 9.0547220e-004
 8.8991685e-004
 8.8172534e-004
 8.8277156e-004
 8.9263509e-004
 9.0864603e-004
 9.2804595e-004
 9.4806857e-004
 9.6595444e-004
 9.7978045e-004
 9.9086610e-004
 1.0013250e-003
 1.0132651e-003
 1.0288000e-003
 1.0500367e-003
 1.0782399e-003
 1.1113872e-003
 1.1466830e-003
 1.1813161e-003
 1.2124911e-003
 1.2373974e-003
 1.2532363e-003
 1.2583673e-003
 1.2555780e-003
 1.2487125e-003
 1.2416169e-003
 1.2381339e-003
 1.2421089e-003
 1.2573873e-003
 1.2878099e-003
 1.3357126e-003
 1.3976999e-003
 1.4690545e-003
 1.5450289e-003
 1.6209091e-003
 1.6919468e-003
 1.7534203e-003
 1.8006043e-003
 1.8301518e-003
 1.8439369e-003
 1.8450354e-003
 1.8365269e-003
 1.8214929e-003
 1.8030091e-003
 1.7841589e-003
 1.7680175e-003
 1.7569655e-003
 1.7507878e-003
 1.7486764e-003
 1.7498214e-003
 1.7534139e-003
 1.7586438e-003
 1.7647032e-003
 1.7707810e-003
 1.7760698e-003
 1.7797585e-003
 1.7810391e-003
 1.7791017e-003
 1.7734527e-003
 1.7647467e-003
 1.7538946e-003
 1.7418119e-003
 1.7294090e-003
 1.7176018e-003
 1.7073012e-003
 1.6994200e-003
 1.6948727e-003
 1.6945715e-003
 1.6994292e-003
 1.7103601e-003
 1.7276988e-003
 1.7497323e-003
 1.7742802e-003
 1.7991733e-003
 1.8222305e-003
 1.8412820e-003
 1.8541486e-003
 1.8586576e-003
 1.8526334e-003
 1.8339022e-003
 1.8002841e-003
 1.7507927e-003
 1.6885690e-003
 1.6176903e-003
 1.5422035e-003
 1.4661894e-003
 1.3936934e-003
 1.3287957e-003
 1.2755444e-003
 1.2380149e-003
 1.2202619e-003
 1.2247151e-003
 1.2481234e-003
 1.2860155e-003
 1.3339058e-003
 1.3873284e-003
 1.4417937e-003
 1.4928374e-003
 1.5359708e-003
 1.5667265e-003
 1.5806209e-003
 1.5748957e-003
 1.5526561e-003
 1.5182532e-003
 1.4760522e-003
 1.4303991e-003
 1.3856614e-003
 1.3461893e-003
 1.3163359e-003
 1.3004643e-003
 1.3029274e-003
 1.3260354e-003
 1.3652077e-003
 1.4143969e-003
 1.4675753e-003
 1.5186928e-003
 1.5617214e-003
 1.5906137e-003
 1.5993372e-003
 1.5818521e-003
 1.5348528e-003
 1.4641127e-003
 1.3773241e-003
 1.2821422e-003
 1.1862649e-003
 1.0973455e-003
 1.0230801e-003
 9.7112660e-004
 9.4643747e-004
 9.4493455e-004
 9.6069288e-004
 9.8779041e-004
 1.0202952e-003
 1.0522890e-003
 1.0778388e-003
 1.0910246e-003
 1.0882408e-003
 1.0734459e-003
 1.0521344e-003
 1.0298085e-003
 1.0119602e-003
 1.0040910e-003
 1.0116968e-003
 1.0402717e-003
 1.0921898e-003
 1.1597143e-003
 1.2331060e-003
 1.3025927e-003
 1.3584355e-003
 1.3908665e-003
 1.3901417e-003
 1.3512956e-003
 1.2846888e-003
 1.2037099e-003
 1.1217803e-003
 1.0522850e-003
 1.0086407e-003
 9.9929376e-004
 1.0170368e-003
 1.0515677e-003
 1.0925736e-003
 1.1297582e-003
 1.1528095e-003
 1.1553140e-003
 1.1430567e-003
 1.1242178e-003
 1.1069718e-003
 1.0995007e-003
 1.1099802e-003
 1.1424731e-003
 1.1882400e-003
 1.2360361e-003
 1.2746364e-003
 1.2927976e-003
 1.2792905e-003
 1.2285139e-003
 1.1522495e-003
 1.0656590e-003
 9.8387653e-004
 9.2203863e-004
 8.9529989e-004
 9.1230689e-004
 9.6180383e-004
 1.0287453e-003
 1.0980606e-003
 1.1547090e-003
 1.1836265e-003
 1.1759127e-003
 1.1413617e-003
 1.0932946e-003
 1.0450699e-003
 1.0100105e-003
 1.0014456e-003
 1.0266692e-003
 1.0747705e-003
 1.1313766e-003
 1.1821492e-003
 1.2127408e-003
 1.2088023e-003
 1.1626249e-003
 1.0863590e-003
 9.9584926e-004
 9.0693991e-004
 8.3546207e-004
 7.9729297e-004
 8.0260314e-004
 8.4480573e-004
 9.1421389e-004
 1.0011626e-003
 1.0959217e-003
 1.1890148e-003
 1.2737792e-003
 1.3457332e-003
 1.4003994e-003
 1.4333540e-003
 1.4404772e-003
 1.4223751e-003
 1.3832643e-003
 1.3274415e-003
 1.2592042e-003
 1.1829834e-003
 1.1051270e-003
 1.0335014e-003
 9.7595161e-004
 9.4034174e-004
 9.3404978e-004
 9.5742504e-004
 1.0055318e-003
 1.0733118e-003
 1.1557273e-003
 1.2474486e-003
 1.3399019e-003
 1.4220322e-003
 1.4827375e-003
 1.5108726e-003
 1.4962975e-003
 1.4423800e-003
 1.3625160e-003
 1.2703155e-003
 1.1794574e-003
 1.1029541e-003
 1.0454386e-003
 1.0053449e-003
 9.8098966e-004
 9.7065914e-004
 9.7251486e-004
 9.8283042e-004
 9.9648489e-004
 1.0083329e-003
 1.0132276e-003
 1.0064237e-003
 9.8870543e-004
 9.6490153e-004
 9.3991979e-004
 9.1867096e-004
 9.0586022e-004
 9.0341747e-004
 9.1124751e-004
 9.2921453e-004
 9.5719047e-004
 9.9472073e-004
 1.0372343e-003
 1.0771806e-003
 1.1069435e-003
 1.1189067e-003
 1.1063521e-003
 1.0747258e-003
 1.0381570e-003
 1.0109593e-003
 1.0074656e-003
 1.0406449e-003
 1.1056329e-003
 1.1849034e-003
 1.2605994e-003
 1.3149228e-003
 1.3314956e-003
 1.3129008e-003
 1.2751424e-003
 1.2344940e-003
 1.2072289e-003
 1.2084463e-003
 1.2378827e-003
 1.2844527e-003
 1.3368684e-003
 1.3838370e-003
 1.4145351e-003
 1.4241427e-003
 1.4120686e-003
 1.3777977e-003
 1.3207978e-003
 1.2411897e-003
 1.1468685e-003
 1.0511590e-003
 9.6749485e-004
 9.0929971e-004
 8.8886544e-004
 9.0350292e-004
 9.4024622e-004
 9.8593708e-004
 1.0273813e-003
 1.0522668e-003
 1.0589665e-003
 1.0531793e-003
 1.0407540e-003
 1.0275346e-003
 1.0190675e-003
 1.0171611e-003
 1.0210796e-003
 1.0300351e-003
 1.0432418e-003
 1.0596269e-003
 1.0745589e-003
 1.0809840e-003
 1.0718151e-003
 1.0399614e-003
 9.7949489e-004
 8.9908292e-004
 8.1713742e-004
 7.5226318e-004
 7.2306360e-004
 7.4633025e-004
 8.1648061e-004
 9.1300742e-004
 1.0151307e-003
 1.1020867e-003
 1.1545074e-003
 1.1707332e-003
 1.1608031e-003
 1.1349597e-003
 1.1034671e-003
 1.0760979e-003
 1.0569593e-003
 1.0464108e-003
 1.0447529e-003
 1.0522768e-003
 1.0688232e-003
 1.0888202e-003
 1.1031452e-003
 1.1026027e-003
 1.0780104e-003
 1.0214410e-003
 9.3981082e-004
 8.4980024e-004
 7.6819659e-004
 7.1180426e-004
 6.9603795e-004
 7.2002388e-004
 7.7230623e-004
 8.4126036e-004
 9.1526168e-004
 9.8326534e-004
 1.0407418e-003
 1.0874423e-003
 1.1231708e-003
 1.1477361e-003
 1.1612396e-003
 1.1673624e-003
 1.1720584e-003
 1.1813218e-003
 1.2011400e-003
 1.2365449e-003
 1.2815954e-003
 1.3233643e-003
 1.3488148e-003
 1.3448930e-003
 1.3003963e-003
 1.2248189e-003
 1.1407414e-003
 1.0710149e-003
 1.0384263e-003
 1.0632385e-003
 1.1371574e-003
 1.2338505e-003
 1.3267579e-003
 1.3893074e-003
 1.3973139e-003
 1.3532459e-003
 1.2762455e-003
 1.1856996e-003
 1.1009952e-003
 1.0399781e-003
 1.0036166e-003
 9.8232203e-004
 9.6636545e-004
 9.4601215e-004
 9.1254344e-004
 8.6821162e-004
 8.2205248e-004
 7.8319415e-004
 7.6079270e-004
 7.6299993e-004
 7.8739662e-004
 8.2507124e-004
 8.6702773e-004
 9.0423890e-004
 9.2855754e-004
 9.4097824e-004
 9.4807794e-004
 9.5650950e-004
 9.7293011e-004
 1.0030974e-003
 1.0431840e-003
 1.0835150e-003
 1.1143645e-003
 1.1259972e-003
 1.1099086e-003
 1.0706388e-003
 1.0206252e-003
 9.7238604e-004
 9.3844556e-004
 9.3016808e-004
 9.4668521e-004
 9.7979582e-004
 1.0212052e-003
 1.0626280e-003
 1.0962085e-003
 1.1189225e-003
 1.1305911e-003
 1.1310719e-003
 1.1202234e-003
 1.0982340e-003
 1.0686853e-003
 1.0371658e-003
 1.0092846e-003
 9.9067111e-004
 9.8613463e-004
 9.9229824e-004
 1.0009729e-003
 1.0039001e-003
 9.9282921e-004
 9.6089527e-004
 9.1535656e-004
 8.7176223e-004
 8.4573013e-004
 8.5288793e-004
 9.0659084e-004
 9.9724485e-004
 1.1018496e-003
 1.1973067e-003
 1.2604996e-003
 1.2708883e-003
 1.2338113e-003
 1.1695460e-003
 1.0985400e-003
 1.0412305e-003
 1.0160843e-003
 1.0215071e-003
 1.0444546e-003
 1.0717472e-003
 1.0902067e-003
 1.0880744e-003
 1.0677383e-003
 1.0396275e-003
 1.0142591e-003
 1.0021697e-003
 1.0125095e-003
 1.0410710e-003
 1.0760911e-003
 1.1056934e-003
 1.1180280e-003
 1.1027512e-003
 1.0642179e-003
 1.0150911e-003
 9.6809864e-004
 9.3597552e-004
 9.2979823e-004
 9.4465731e-004
 9.6668606e-004
 9.8193053e-004
 9.7643613e-004
 9.3818881e-004
 8.7390625e-004
 8.0067205e-004
 7.3568581e-004
 6.9614238e-004
 6.9725740e-004
 7.3517987e-004
 7.9556549e-004
 8.6395949e-004
 9.2592015e-004
 9.6843205e-004
 9.9238183e-004
 1.0062412e-003
 1.0185632e-003
 1.0378934e-003
 1.0714058e-003
 1.1133966e-003
 1.1511479e-003
 1.1718433e-003
 1.1626971e-003
 1.1129759e-003
 1.0310580e-003
 9.3565293e-004
 8.4564387e-004
 7.7984342e-004
 7.5496518e-004
 7.6823268e-004
 8.0635591e-004
 8.5595163e-004
 9.0363732e-004
 9.3745405e-004
 9.5835305e-004
 9.7423012e-004
 9.9303562e-004
 1.0227299e-003
 1.0699992e-003
 1.1302207e-003
 1.1927462e-003
 1.2468720e-003
 1.2818995e-003
 1.2882405e-003
 1.2665226e-003
 1.2227424e-003
 1.1629292e-003
 1.0931583e-003
 1.0195178e-003
 9.4860775e-004
 8.8727736e-004
 8.4242097e-004
 8.2088669e-004
 8.2838105e-004
 8.6037291e-004
 9.0700289e-004
 9.5832883e-004
 1.0044427e-003
 1.0363758e-003
 1.0534924e-003
 1.0594660e-003
 1.0580198e-003
 1.0528708e-003
 1.0471747e-003
 1.0392081e-003
 1.0247297e-003
 9.9947851e-004
 9.5919316e-004
 9.0092618e-004
 8.3326187e-004
 7.7062467e-004
 7.2749774e-004
 7.1836734e-004
 7.5584569e-004
 8.3642581e-004
 9.4841851e-004
 1.0801019e-003
 1.2196570e-003
 1.3553461e-003
 1.4752900e-003
 1.5675549e-003
 1.6202123e-003
 1.6212997e-003
 1.5618368e-003
 1.4576308e-003
 1.3369186e-003
 1.2281217e-003
 1.1595713e-003
 1.1556090e-003
 1.2069140e-003
 1.2873110e-003
 1.3705365e-003
 1.4303211e-003
 1.4439157e-003
 1.4178924e-003
 1.3733843e-003
 1.3316184e-003
 1.3138228e-003
 1.3380178e-003
 1.3956121e-003
 1.4649229e-003
 1.5241754e-003
 1.5515953e-003
 1.5288801e-003
 1.4663548e-003
 1.3883366e-003
 1.3192249e-003
 1.2834708e-003
 1.3019589e-003
 1.3670489e-003
 1.4572113e-003
 1.5508441e-003
 1.6262761e-003
 1.6640208e-003
 1.6616333e-003
 1.6249063e-003
 1.5597183e-003
 1.4719237e-003
 1.3681242e-003
 1.2608462e-003
 1.1655536e-003
 1.0976485e-003
 1.0725590e-003
 1.1024167e-003
 1.1731512e-003
 1.2581134e-003
 1.3306279e-003
 1.3640069e-003
 1.3358868e-003
 1.2581914e-003
 1.1590831e-003
 1.0668196e-003
 1.0096524e-003
 1.0116629e-003
 1.0639117e-003
 1.1419428e-003
 1.2212255e-003
 1.2771696e-003
 1.2888253e-003
 1.2630413e-003
 1.2196925e-003
 1.1787205e-003
 1.1600980e-003
 1.1806474e-003
 1.2331518e-003
 1.2992182e-003
 1.3603405e-003
 1.3980628e-003
 1.3965548e-003
 1.3602012e-003
 1.3027721e-003
 1.2380632e-003
 1.1798749e-003
 1.1405922e-003
 1.1218307e-003
 1.1202696e-003
 1.1325466e-003
 1.1553061e-003
 1.1850301e-003
 1.2168903e-003
 1.2454928e-003
 1.2654338e-003
 1.2713092e-003
 1.2587722e-003
 1.2314289e-003
 1.1964842e-003
 1.1611605e-003
 1.1326757e-003
 1.1172618e-003
 1.1136519e-003
 1.1172177e-003
 1.1233168e-003
 1.1273012e-003
 1.1250303e-003
 1.1160673e-003
 1.1016302e-003
 1.0829560e-003
 1.0612719e-003
 1.0380851e-003
 1.0169321e-003
 1.0022692e-003
 9.9854032e-004
 1.0101948e-003
 1.0403612e-003
 1.0825680e-003
 1.1260621e-003
 1.1601039e-003
 1.1739440e-003
 1.1592935e-003
 1.1256965e-003
 1.0905125e-003
 1.0711343e-003
 1.0849638e-003
 1.1454922e-003
 1.2382742e-003
 1.3366754e-003
 1.4140110e-003
 1.4435953e-003
 1.4039833e-003
 1.3111887e-003
 1.1974357e-003
 1.0949938e-003
 1.0362082e-003
 1.0478504e-003
 1.1179218e-003
 1.2177370e-003
 1.3184664e-003
 1.3913552e-003
 1.4119489e-003
 1.3861045e-003
 1.3326388e-003
 1.2704614e-003
 1.2184426e-003
 1.1931437e-003
 1.1949782e-003
 1.2174856e-003
 1.2541796e-003
 1.2985768e-003
 1.3445552e-003
 1.3883871e-003
 1.4274034e-003
 1.4589280e-003
 1.4802848e-003
 1.4891839e-003
 1.4859759e-003
 1.4721310e-003
 1.4491187e-003
 1.4184006e-003
 1.3820140e-003
 1.3457384e-003
 1.3169282e-003
 1.3029425e-003
 1.3111492e-003
 1.3471978e-003
 1.4052129e-003
 1.4745595e-003
 1.5445356e-003
 1.6044895e-003
 1.6446504e-003
 1.6612636e-003
 1.6530465e-003
 1.6187323e-003
 1.5570519e-003
 1.4683558e-003
 1.3637738e-003
 1.2589331e-003
 1.1693969e-003
 1.1107530e-003
 1.0955500e-003
 1.1162186e-003
 1.1570011e-003
 1.2021249e-003
 1.2358174e-003
 1.2424808e-003
 1.2168632e-003
 1.1695888e-003
 1.1126209e-003
 1.0579108e-003
 1.0174506e-003
 1.0030540e-003
 1.0188023e-003
 1.0569947e-003
 1.1089097e-003
 1.1658526e-003
 1.2191219e-003
 1.2600997e-003
 1.2848860e-003
 1.2966903e-003
 1.2993331e-003
 1.2966275e-003
 1.2923852e-003
 1.2903743e-003
 1.2917321e-003
 1.2936568e-003
 1.2930220e-003
 1.2867021e-003
 1.2715720e-003
 1.2445676e-003
 1.2059695e-003
 1.1610818e-003
 1.1155885e-003
 1.0751813e-003
 1.0455517e-003
 1.0323166e-003
 1.0371654e-003
 1.0559612e-003
 1.0841037e-003
 1.1170007e-003
 1.1500352e-003
 1.1786149e-003
 1.1986649e-003
 1.2093892e-003
 1.2112446e-003
 1.2046993e-003
 1.1902180e-003
 1.1682654e-003
 1.1392982e-003
 1.1039143e-003
 1.0634253e-003
 1.0194289e-003
 9.7351219e-004
 9.2729548e-004
 8.8236603e-004
 8.4032217e-004
 8.0288819e-004
 7.7263720e-004
 7.5242441e-004
 7.4511522e-004
 7.5357489e-004
 7.8067783e-004
 8.2927698e-004
 9.0096641e-004
 9.8962220e-004
 1.0862593e-003
 1.1818160e-003
 1.2673013e-003
 1.3337013e-003
 1.3720080e-003
 1.3750499e-003
 1.3468351e-003
 1.2954881e-003
 1.2291230e-003
 1.1559040e-003
 1.0839478e-003
 1.0213857e-003
 9.7532844e-004
 9.4683445e-004
 9.3476038e-004
 9.3793729e-004
 9.5520489e-004
 9.8541146e-004
 1.0273823e-003
 1.0795511e-003
 1.1379287e-003
 1.1976616e-003
 1.2538512e-003
 1.3016429e-003
 1.3361678e-003
 1.3525569e-003
 1.3470973e-003
 1.3228265e-003
 1.2852087e-003
 1.2397100e-003
 1.1917854e-003
 1.1469249e-003
 1.1105833e-003
 1.0872888e-003
 1.0761700e-003
 1.0744348e-003
 1.0792803e-003
 1.0879068e-003
 1.0975151e-003
 1.1053075e-003
 1.1088772e-003
 1.1080863e-003
 1.1035934e-003
 1.0960563e-003
 1.0861388e-003
 1.0744991e-003
 1.0617973e-003
 1.0486332e-003
 1.0352972e-003
 1.0219574e-003
 1.0087854e-003
 9.9595019e-004
 9.8362879e-004
 9.7198994e-004
 9.6146471e-004
 9.5393293e-004
 9.5177791e-004
 9.5738447e-004
 9.7313471e-004
 1.0014120e-003
 1.0446119e-003
 1.1039525e-003
 1.1743507e-003
 1.2485400e-003
 1.3192673e-003
 1.3792290e-003
 1.4211742e-003
 1.4378339e-003
 1.4237640e-003
 1.3835022e-003
 1.3250227e-003
 1.2562755e-003
 1.1852173e-003
 1.1197906e-003
 1.0679846e-003
 1.0363570e-003
 1.0239860e-003
 1.0274226e-003
 1.0432120e-003
 1.0679003e-003
 1.0980347e-003
 1.1301623e-003
 1.1608882e-003
 1.1887567e-003
 1.2148645e-003
 1.2404694e-003
 1.2668347e-003
 1.2952051e-003
 1.3268441e-003
 1.3630087e-003
 1.4049317e-003
 1.4524966e-003
 1.5039316e-003
 1.5573456e-003
 1.6108479e-003
 1.6625596e-003
 1.7105645e-003
 1.7529844e-003
 1.7879599e-003
 1.8148050e-003
 1.8342922e-003
 1.8473092e-003
 1.8547371e-003
 1.8574557e-003
 1.8563451e-003
 1.8522865e-003
 1.8461570e-003
 1.8386961e-003
 1.8304808e-003
 1.8220713e-003
 1.8140296e-003
 1.8069179e-003
 1.8012975e-003
 1.7977327e-003
 1.7967611e-003
 1.7980837e-003
 1.8003641e-003
 1.8021991e-003
 1.8021873e-003
 1.7989264e-003
 1.7910124e-003
 1.7770465e-003
 1.7556781e-003
 1.7273678e-003
 1.6948013e-003
 1.6607938e-003
 1.6281847e-003
 1.5997891e-003
 1.5784298e-003
 1.5669283e-003
 1.5680415e-003
 1.5820778e-003
 1.6063820e-003
 1.6381274e-003
 1.6744630e-003
 1.7125612e-003
 1.7495871e-003
 1.7827051e-003
 1.8091382e-003
 1.8278072e-003
 1.8397239e-003
 1.8460173e-003
 1.8478150e-003
 1.8462450e-003
 1.8424365e-003
 1.8375174e-003
 1.8326037e-003
 1.8284413e-003
 1.8253261e-003
 1.8235300e-003
 1.8233242e-003
 1.8249801e-003
 1.8287690e-003
 1.8349619e-003
 1.8437962e-003
 1.8544237e-003
 1.8646999e-003
 1.8724144e-003
 1.8753542e-003
 1.8713041e-003
 1.8580529e-003
 1.8333874e-003
 1.7951945e-003
 1.7444663e-003
 1.6858876e-003
 1.6243155e-003
 1.5646182e-003
 1.5116632e-003
 1.4703106e-003
 1.4454490e-003
 1.4417792e-003
 1.4592601e-003
 1.4923449e-003
 1.5351512e-003
 1.5818198e-003
 1.6264857e-003
 1.6632904e-003
 1.6863502e-003
 1.6899754e-003
 1.6734422e-003
 1.6417467e-003
 1.6001904e-003
 1.5541057e-003
 1.5087953e-003
 1.4695715e-003
 1.4417407e-003
 1.4304668e-003
 1.4361128e-003
 1.4536101e-003
 1.4776005e-003
 1.5027073e-003
 1.5235712e-003
 1.5348286e-003
 1.5311114e-003
 1.5072093e-003
 1.4623204e-003
 1.4006122e-003
 1.3265182e-003
 1.2444515e-003
 1.1588857e-003
 1.0742352e-003
 9.9493342e-004
 9.2531723e-004
 8.6745870e-004
 8.2079467e-004
 7.8464410e-004
 7.5832062e-004
 7.4115559e-004
 7.3246023e-004
 7.3155347e-004
 7.3775416e-004
 7.5038435e-004
 7.6874276e-004
 7.9212134e-004
 8.1980909e-004
 8.5110305e-004
 8.8527700e-004
 9.2162710e-004
 9.5944246e-004
 9.9802122e-004
 1.0366339e-003
 1.0745868e-003
 1.1113940e-003
 1.1468069e-003
 1.1805963e-003
 1.2125095e-003
 1.2423180e-003
 1.2697850e-003
 1.2946792e-003
 1.3167523e-003
 1.3357732e-003
 1.3515123e-003
 1.3639169e-003
 1.3731156e-003
 1.3792552e-003
 1.3824791e-003
 1.3829309e-003
 1.3807535e-003
 1.3760913e-003
 1.3690877e-003
 1.3598861e-003
 1.3486306e-003
 1.3355616e-003
 1.3210046e-003
 1.3052924e-003
 1.2887539e-003
 1.2717298e-003
 1.2545489e-003
 1.2375441e-003
 1.2210445e-003
 1.2053903e-003
 1.1908999e-003
 1.1776190e-003
 1.1653027e-003
 1.1536900e-003
 1.1425278e-003
 1.1315548e-003
 1.1205124e-003
 1.1091394e-003
 1.0971825e-003
 1.0843808e-003
 1.0704923e-003
 1.0556896e-003
 1.0405898e-003
 1.0258198e-003
 1.0120100e-003
 9.9979097e-004
 9.8979054e-004
 9.8264450e-004
 9.7898021e-004
 9.7942795e-004
 9.8459388e-004
 9.9444285e-004
 1.0082888e-003
 1.0254153e-003
 1.0451104e-003
 1.0666484e-003
 1.0893171e-003
 1.1123996e-003
 1.1351799e-003
 1.1569459e-003
 1.1769924e-003
 1.1951397e-003
 1.2117203e-003
 1.2270940e-003
 1.2416095e-003
 1.2556263e-003
 1.2695006e-003
 1.2835917e-003
 1.2982491e-003
 1.3138315e-003
 1.3306723e-003
 1.3485687e-003
 1.3667635e-003
 1.3844891e-003
 1.4009735e-003
 1.4154445e-003
 1.4271326e-003
 1.4352601e-003
 1.4390580e-003
 1.4377543e-003
 1.4306128e-003
 1.4177682e-003
 1.4002089e-003
 1.3789608e-003
 1.3550444e-003
 1.3294972e-003
 1.3033397e-003
 1.2775981e-003
 1.2532985e-003
 1.2314619e-003
 1.2130931e-003
 1.1984643e-003
 1.1871532e-003
 1.1787058e-003
 1.1726740e-003
 1.1686032e-003
 1.1660414e-003
 1.1645361e-003
 1.1636360e-003
 1.1628885e-003
 1.1618589e-003
 1.1605014e-003
 1.1591435e-003
 1.1581305e-003
 1.1578059e-003
 1.1585139e-003
 1.1605991e-003
 1.1644047e-003
 1.1702750e-003
 1.1785540e-003
 1.1895598e-003
 1.2029865e-003
 1.2179456e-003
 1.2335239e-003
 1.2488111e-003
 1.2628862e-003
 1.2748387e-003
 1.2837555e-003
 1.2887226e-003
 1.2888254e-003
 1.2831941e-003
 1.2718680e-003
 1.2557447e-003
 1.2357504e-003
 1.2128265e-003
 1.1878996e-003
 1.1619015e-003
 1.1357572e-003
 1.1104107e-003
 1.0867870e-003
 1.0657946e-003
 1.0478708e-003
 1.0330098e-003
 1.0211993e-003
 1.0124160e-003
 1.0066405e-003
 1.0038532e-003
 1.0040361e-003
 1.0071686e-003
 1.0132312e-003
 1.0222136e-003
 1.0342191e-003
 1.0494693e-003
 1.0681886e-003
 1.0906009e-003
 1.1169369e-003
 1.1474084e-003
 1.1822451e-003
 1.2216714e-003
 1.2659220e-003
 1.3151540e-003
 1.3686512e-003
 1.4248636e-003
 1.4822242e-003
 1.5391253e-003
 1.5940005e-003
 1.6452691e-003
 1.6913612e-003
 1.7306741e-003
 1.7616391e-003
 1.7827378e-003
 1.7936315e-003
 1.7950439e-003
 1.7877379e-003
 1.7724779e-003
 1.7500264e-003
 1.7211392e-003
 1.6865931e-003
 1.6471446e-003
 1.6035568e-003
 1.5565943e-003
 1.5073017e-003
 1.4569091e-003
 1.4066654e-003
 1.3578194e-003
 1.3116092e-003
 1.2693057e-003
 1.2321464e-003
 1.2013799e-003
 1.1782506e-003
 1.1639664e-003
 1.1587560e-003
 1.1620092e-003
 1.1730907e-003
 1.1913560e-003
 1.2161678e-003
 1.2468874e-003
 1.2828757e-003
 1.3235038e-003
 1.3681131e-003
 1.4160604e-003
 1.4664426e-003
 1.5181528e-003
 1.5700390e-003
 1.6209864e-003
 1.6698678e-003
 1.7155667e-003
 1.7569344e-003
 1.7928551e-003
 1.8222014e-003
 1.8439089e-003
 1.8580129e-003
 1.8654846e-003
 1.8673360e-003
 1.8645750e-003
 1.8582080e-003
 1.8492459e-003
 1.8386957e-003
 1.8275653e-003
 1.8168602e-003
 1.8075594e-003
 1.8000300e-003
 1.7941314e-003
 1.7897048e-003
 1.7865953e-003
 1.7846437e-003
 1.7836932e-003
 1.7835858e-003
 1.7841646e-003
 1.7852716e-003
 1.7867474e-003
 1.7883889e-003
 1.7899587e-003
 1.7912160e-003
 1.7919224e-003
 1.7918377e-003
 1.7907228e-003
 1.7883383e-003
 1.7844449e-003
 1.7788031e-003
 1.7711986e-003
 1.7618384e-003
 1.7512873e-003
 1.7401136e-003
 1.7288880e-003
 1.7181785e-003
 1.7085613e-003
 1.7006042e-003
 1.6948777e-003
 1.6919523e-003
 1.6923620e-003
 1.6960101e-003
 1.7022872e-003
 1.7105690e-003
 1.7202337e-003
 1.7306518e-003
 1.7412014e-003
 1.7512577e-003
 1.7601986e-003
 1.7673949e-003
 1.7722578e-003
 1.7747240e-003
 1.7751586e-003
 1.7739380e-003
 1.7714401e-003
 1.7680416e-003
 1.7641188e-003
 1.7600504e-003
 1.7562131e-003
 1.7529834e-003
 1.7507193e-003
 1.7494699e-003
 1.7490400e-003
 1.7492252e-003
 1.7498230e-003
 1.7506296e-003
 1.7514422e-003
 1.7520571e-003
 1.7522713e-003
 1.7518816e-003
 1.7506989e-003
 1.7487598e-003
 1.7462774e-003
 1.7434706e-003
 1.7405569e-003
 1.7377560e-003
 1.7352859e-003
 1.7333648e-003
 1.7322107e-003
 1.7320432e-003
 1.7330663e-003
 1.7352729e-003
 1.7384924e-003
 1.7425474e-003
 1.7472624e-003
 1.7524613e-003
 1.7579684e-003
 1.7636089e-003
 1.7692043e-003
 1.7745795e-003
 1.7795640e-003
 1.7840607e-003
 1.7880270e-003
 1.7914245e-003
 1.7942139e-003
 1.7963562e-003
 1.7978109e-003
 1.7985392e-003
 1.7985021e-003
 1.7976592e-003
 1.7959788e-003
 1.7935217e-003
 1.7904219e-003
 1.7868145e-003
 1.7828343e-003
 1.7786182e-003
 1.7743012e-003
 1.7700179e-003
 1.7659033e-003
 1.7620949e-003
 1.7587246e-003
 1.7558951e-003
 1.7536854e-003
 1.7521756e-003
 1.7514438e-003
 1.7515690e-003
 1.7526301e-003
 1.7547064e-003
 1.7578761e-003
 1.7622184e-003
 1.7677681e-003
 1.7739376e-003
 1.7796709e-003
 1.7839051e-003
 1.7855768e-003
 1.7836206e-003
 1.7769734e-003
 1.7645712e-003
 1.7453502e-003
 1.7182463e-003
 1.6823220e-003
 1.6385615e-003
 1.5893150e-003
 1.5369731e-003
 1.4839126e-003
 1.4325493e-003
 1.3852610e-003
 1.3444371e-003
 1.3124617e-003
 1.2917400e-003
 1.2844369e-003
 1.2897586e-003
 1.3047644e-003
 1.3264538e-003
 1.3518359e-003
 1.3779178e-003
 1.4017065e-003
 1.4202121e-003
 1.4304324e-003
 1.4293791e-003
 1.4143403e-003
 1.3863737e-003
 1.3492658e-003
 1.3068427e-003
 1.2629358e-003
 1.2213669e-003
 1.1859881e-003
 1.1606204e-003
 1.1490951e-003
 1.1552437e-003
 1.1825497e-003
 1.2297530e-003
 1.2922701e-003
 1.3654428e-003
 1.4446322e-003
 1.5251413e-003
 1.6023307e-003
 1.6715419e-003
 1.7281286e-003
 1.7674050e-003
 1.7850978e-003
 1.7817251e-003
 1.7611643e-003
 1.7273527e-003
 1.6842533e-003
 1.6358061e-003
 1.5859571e-003
 1.5386421e-003
 1.4978310e-003
 1.4674582e-003
 1.4511994e-003
 1.4492716e-003
 1.4595026e-003
 1.4796699e-003
 1.5075528e-003
 1.5409311e-003
 1.5775932e-003
 1.6153007e-003
 1.6518417e-003
 1.6849956e-003
 1.7126793e-003
 1.7344424e-003
 1.7509831e-003
 1.7630138e-003
 1.7712485e-003
 1.7763958e-003
 1.7791706e-003
 1.7802854e-003
 1.7804523e-003
 1.7803842e-003
 1.7807544e-003
 1.7817524e-003
 1.7832421e-003
 1.7850809e-003
 1.7871258e-003
 1.7892345e-003
 1.7912644e-003
 1.7930734e-003
 1.7945182e-003
 1.7954564e-003
 1.7957592e-003
 1.7954564e-003
 1.7946857e-003
 1.7935860e-003
 1.7922967e-003
 1.7909565e-003
 1.7897044e-003
 1.7886799e-003
 1.7880223e-003
 1.7878700e-003
 1.7883501e-003
 1.7894343e-003
 1.7909950e-003
 1.7929012e-003
 1.7950240e-003
 1.7972315e-003
 1.7993945e-003
 1.8013825e-003
 1.8030655e-003
 1.8043136e-003
 1.8050072e-003
 1.8051623e-003
 1.8048822e-003
 1.8042705e-003
 1.8034325e-003
 1.8024723e-003
 1.8014942e-003
 1.8006023e-003
 1.7999018e-003
 1.7994968e-003
 1.7994784e-003
 1.7997879e-003
 1.8002690e-003
 1.8007641e-003
 1.8011160e-003
 1.8011671e-003
 1.8007598e-003
 1.7997366e-003
 1.7979402e-003
 1.7952132e-003
 1.7914306e-003
 1.7868534e-003
 1.7819834e-003
 1.7773261e-003
 1.7733870e-003
 1.7706739e-003
 1.7696921e-003
 1.7709468e-003
 1.7749447e-003
 1.7821938e-003
 1.7932174e-003
 1.8087747e-003
 1.8297681e-003
 1.8571096e-003
 1.8916916e-003
 1.9344246e-003
 1.9862130e-003
 2.0479779e-003
 2.1205950e-003
 2.2049821e-003
 2.3017928e-003
 2.4089182e-003
 2.5225682e-003
 2.6388436e-003
 2.7539283e-003
 2.8639785e-003
 2.9651735e-003
 3.0536207e-003
 3.1255025e-003
 3.1769755e-003
 3.2045532e-003
 3.2085539e-003
 3.1916548e-003
 3.1565558e-003
 3.1059436e-003
 3.0425435e-003
 2.9690457e-003
 2.8881503e-003
 2.8025580e-003
 2.7149480e-003
 2.6279413e-003
 2.5428026e-003
 2.4600355e-003
 2.3801143e-003
 2.3035710e-003
 2.2308792e-003
 2.1625326e-003
 2.0990092e-003
 2.0408332e-003
 1.9884820e-003
 1.9424013e-003
 1.9025395e-003
 1.8685416e-003
 1.8400709e-003
 1.8167673e-003
 1.7982788e-003
 1.7842504e-003
 1.7743363e-003
 1.7681817e-003
 1.7654338e-003
 1.7657145e-003
 1.7683706e-003
 1.7725875e-003
 1.7775481e-003
 1.7824360e-003
 1.7864354e-003
 1.7887276e-003
 1.7884966e-003
 1.7849264e-003
 1.7771977e-003
 1.7646038e-003
 1.7475139e-003
 1.7269267e-003
 1.7038421e-003
 1.6792777e-003
 1.6542346e-003
 1.6297188e-003
 1.6067312e-003
 1.5862891e-003
 1.5693931e-003
 1.5569659e-003
 1.5490984e-003
 1.5454030e-003
 1.5454894e-003
 1.5489632e-003
 1.5554321e-003
 1.5645061e-003
 1.5757879e-003
 1.5888871e-003
 1.6034110e-003
 1.6189752e-003
 1.6352244e-003
 1.6518375e-003
 1.6684904e-003
 1.6848586e-003
 1.7006216e-003
 1.7154472e-003
 1.7290151e-003
 1.7410013e-003
 1.7510831e-003
 1.7589577e-003
 1.7645846e-003
 1.7680626e-003
 1.7694923e-003
 1.7689737e-003
 1.7666082e-003
 1.7624962e-003
 1.7567382e-003
 1.7494329e-003
 1.7406846e-003
 1.7305872e-003
 1.7191896e-003
 1.7065112e-003
 1.6925811e-003
 1.6774187e-003
 1.6610470e-003
 1.6434840e-003
 1.6247607e-003
 1.6048957e-003
 1.5839117e-003
 1.5618310e-003
 1.5386908e-003
 1.5147307e-003
 1.4902758e-003
 1.4656574e-003
 1.4412007e-003
 1.4172491e-003
 1.3941278e-003
 1.3721680e-003
 1.3516967e-003
 1.3330546e-003
 1.3165683e-003
 1.3025689e-003
 1.2913854e-003
 1.2833546e-003
 1.2787575e-003
 1.2774462e-003
 1.2790409e-003
 1.2831612e-003
 1.2894233e-003
 1.2974462e-003
 1.3068478e-003
 1.3172491e-003
 1.3282633e-003
 1.3395109e-003
 1.3506099e-003
 1.3611815e-003
 1.3708383e-003
 1.3792011e-003
 1.3858883e-003
 1.3905182e-003
 1.3927090e-003
 1.3920778e-003
 1.3882923e-003
 1.3814528e-003
 1.3718837e-003
 1.3599189e-003
 1.3458852e-003
 1.3301120e-003
 1.3129242e-003
 1.2946589e-003
 1.2756416e-003
 1.2562013e-003
 1.2366669e-003
 1.2173634e-003
 1.1986287e-003
 1.1807876e-003
 1.1641689e-003
 1.1490990e-003
 1.1359135e-003
 1.1249381e-003
 1.1165019e-003
 1.1109331e-003
 1.1085633e-003
 1.1097201e-003
 1.1146881e-003
 1.1233727e-003
 1.1354779e-003
 1.1507118e-003
 1.1687808e-003
 1.1893921e-003
 1.2122570e-003
 1.2370717e-003
 1.2635479e-003
 1.2913920e-003
 1.3203177e-003
 1.3500177e-003
 1.3802053e-003
 1.4105868e-003
 1.4408764e-003
 1.4707660e-003
 1.4999692e-003
 1.5281930e-003
 1.5551433e-003
 1.5805329e-003
 1.6040563e-003
 1.6254261e-003
 1.6443488e-003
 1.6605350e-003
 1.6736827e-003
 1.6835032e-003
 1.6897407e-003
 1.6924520e-003
 1.6918465e-003
 1.6881377e-003
 1.6815368e-003
 1.6722558e-003
 1.6605037e-003
 1.6464980e-003
 1.6304478e-003
 1.6125649e-003
 1.5930565e-003
 1.5721438e-003
 1.5500343e-003
 1.5269394e-003
 1.5030657e-003
 1.4786362e-003
 1.4538573e-003
 1.4289406e-003
 1.4040921e-003
 1.3795360e-003
 1.3554776e-003
 1.3321289e-003
 1.3097019e-003
 1.2884038e-003
 1.2684559e-003
 1.2500655e-003
 1.2334441e-003
 1.2188005e-003
 1.2063534e-003
 1.1963110e-003
 1.1888588e-003
 1.1839723e-003
 1.1815316e-003
 1.1814118e-003
 1.1834896e-003
 1.1876421e-003
 1.1937479e-003
 1.2016805e-003
 1.2113183e-003
 1.2225381e-003
 1.2352195e-003
 1.2492340e-003
 1.2644607e-003
 1.2807765e-003
 1.2980627e-003
 1.3161878e-003
 1.3350325e-003
 1.3544736e-003
 1.3743882e-003
 1.3946579e-003
 1.4151495e-003
 1.4357453e-003
 1.4563214e-003
 1.4767601e-003
 1.4969279e-003
 1.5167071e-003
 1.5359742e-003
 1.5546103e-003
 1.5724835e-003
 1.5894752e-003
 1.6054621e-003
 1.6203208e-003
 1.6339460e-003
 1.6463271e-003
 1.6575130e-003
 1.6675488e-003
 1.6764812e-003
 1.6843516e-003
 1.6912075e-003
 1.6970936e-003
 1.7020567e-003
 1.7061391e-003
 1.7093876e-003
 1.7118474e-003
 1.7135637e-003
 1.7145813e-003
 1.7149452e-003
 1.7147012e-003
 1.7138943e-003
 1.7125693e-003
 1.7107719e-003
 1.7085469e-003
 1.7059399e-003
 1.7029950e-003
 1.6997589e-003
 1.6962761e-003
 1.6925918e-003
 1.6887501e-003
 1.6847983e-003
 1.6807802e-003
 1.6767415e-003
 1.6727269e-003
 1.6687812e-003
 1.6649510e-003
 1.6612762e-003
 1.6577666e-003
 1.6544168e-003
 1.6512242e-003
 1.6481838e-003
 1.6452911e-003
 1.6425414e-003
 1.6399317e-003
 1.6374567e-003
 1.6351125e-003
 1.6328945e-003
 1.6307980e-003
 1.6288200e-003
 1.6269551e-003
 1.6251993e-003
 1.6235482e-003
 1.6219978e-003
 1.6205438e-003
 1.6191816e-003
 1.6179067e-003
 1.6167156e-003
 1.6156033e-003
 1.6145658e-003
 1.6135987e-003
 1.6126977e-003
 1.6118587e-003
 1.6110770e-003
 1.6103487e-003
 1.6096690e-003
 1.6090341e-003
 1.6084396e-003
 1.6078812e-003
 1.6073544e-003
 1.6068568e-003
 1.6063858e-003
 1.6059394e-003
 1.6055146e-003
 1.6051094e-003
 1.6047216e-003
 1.6043489e-003
 1.6039885e-003
 1.6036382e-003
 1.6032959e-003
 1.6029590e-003
 1.6026255e-003
 1.6022924e-003
 1.6019578e-003
 1.6016195e-003
 1.6012748e-003
 1.6009214e-003
 1.6005571e-003
 1.6001794e-003
 1.5997860e-003
 1.5993746e-003
 1.5989428e-003
 1.5984882e-003
 1.5980084e-003
 1.5975015e-003
 1.5969643e-003
 1.5963953e-003
 1.5957917e-003
 1.5951513e-003
 1.5944714e-003
 1.5937501e-003
 1.5929913e-003
 1.5922403e-003
 1.5915594e-003
 1.5910111e-003
 1.5906575e-003
 1.5905609e-003
 1.5907835e-003
 1.5913877e-003
 1.5924356e-003
 1.5939898e-003
 1.5961122e-003
 1.5988657e-003
 1.6023116e-003
 1.6065126e-003
 1.6115309e-003
 1.6174306e-003
 1.6242706e-003
 1.6321150e-003
 1.6410258e-003
 1.6510652e-003
 1.6622986e-003
 1.6747826e-003
 1.6885821e-003
 1.7037594e-003
 1.7203809e-003
 1.7385011e-003
 1.7581856e-003
 1.7794970e-003
 1.8025034e-003
 1.8272558e-003
 1.8538219e-003
 1.8822640e-003
 1.9126370e-003
 1.9449586e-003
 1.9792055e-003
 2.0153776e-003
 2.0534669e-003
 2.0934755e-003
 2.1353767e-003
 2.1791714e-003
 2.2248523e-003
 2.2724229e-003
 2.3218533e-003
 2.3731461e-003
 2.4262934e-003
 2.4813018e-003
 2.5381362e-003
 2.5968021e-003
 2.6572919e-003
 2.7195972e-003
 2.7837262e-003
 2.8496403e-003
 2.9173468e-003
 2.9868381e-003
 3.0581234e-003
 3.1311610e-003
 3.2059602e-003
 3.2825123e-003
 3.3608289e-003
 3.4408651e-003
 3.5226312e-003
 3.6061199e-003
 3.6913226e-003
 3.7782530e-003
 3.8668499e-003
 3.9570429e-003
 4.0487153e-003
 4.1417731e-003
 4.2360541e-003
 4.3314644e-003
 4.4278861e-003
 4.5252265e-003
 4.6233218e-003
 4.7220788e-003
 4.8213792e-003
 4.9211076e-003
 5.0211707e-003
 5.1214038e-003
 5.2217133e-003
 5.3219828e-003
 5.4221195e-003
 5.5219587e-003
 5.6214072e-003
 5.7203472e-003
 5.8186869e-003
 5.9162616e-003
 6.0129776e-003
 6.1087189e-003
 6.2033683e-003
 6.2968307e-003
 6.3889450e-003
 6.4796158e-003
 6.5687285e-003
 6.6561848e-003
 6.7418269e-003
 6.8255588e-003
 6.9072735e-003
 6.9869449e-003
 7.0645106e-003
 7.1399650e-003
 7.2132847e-003
 7.2844606e-003
 7.3534357e-003
 7.4202018e-003
 7.4847350e-003
 7.5470116e-003
 7.6070204e-003
 7.6647084e-003
 7.7200658e-003
 7.7730687e-003
 7.8237047e-003
 7.8719249e-003
 7.9177171e-003
 7.9610581e-003
 8.0019319e-003
 8.0402941e-003
 8.0761313e-003
 8.1094196e-003
 8.1401337e-003
 8.1682559e-003
 8.1937481e-003
 8.2165925e-003
 8.2367668e-003
 8.2542496e-003
 8.2690073e-003
 8.2810204e-003
 8.2902657e-003
 8.2967188e-003
 8.3003677e-003
 8.3013037e-003
 8.2996413e-003
 8.2954979e-003
 8.2889888e-003
 8.2802344e-003
 8.2693491e-003
 8.2564522e-003
 8.2416562e-003
 8.2250843e-003
 8.2068499e-003
 8.1870724e-003
 8.1658615e-003
 8.1433458e-003
 8.1196362e-003
 8.0948500e-003
 8.0690989e-003
 8.0425106e-003
 8.0151977e-003
 7.9872776e-003
 7.9588648e-003
 7.9300720e-003
 7.9010287e-003
 7.8718457e-003
 7.8426404e-003
 7.8135217e-003
 7.7846209e-003
 7.7560488e-003
 7.7279224e-003
 7.7003511e-003
 7.6734656e-003
 7.6473774e-003
 7.6221824e-003
 7.5978730e-003
 7.5744018e-003
 7.5517381e-003
 7.5298343e-003
 7.5086495e-003
 7.4881362e-003
 7.4682627e-003
 7.4489815e-003
 7.4302517e-003
 7.4120266e-003
 7.3942728e-003
 7.3769451e-003
 7.3600002e-003
 7.3433975e-003
 7.3270905e-003
 7.3110457e-003
 7.2952169e-003
 7.2795628e-003
 7.2640372e-003
 7.2486061e-003
 7.2332239e-003
 7.2178487e-003
 7.2024348e-003
 7.1869479e-003
 7.1713421e-003
 7.1555767e-003
 7.1396045e-003
 7.1233925e-003
 7.1068946e-003
 7.0900689e-003
 7.0728734e-003
 7.0552700e-003
 7.0372708e-003
 7.0188865e-003
 7.0001329e-003
 6.9810222e-003
 6.9615766e-003
 6.9418089e-003
 6.9217337e-003
 6.9013624e-003
 6.8807197e-003
 6.8598147e-003
 6.8386663e-003
 6.8172873e-003
 6.7956895e-003
 6.7738979e-003
 6.7519229e-003
 6.7297798e-003
 6.7074802e-003
 6.6850483e-003
 6.6624950e-003
 6.6398364e-003
 6.6170814e-003
 6.5942579e-003
 6.5713744e-003
 6.5484475e-003
 6.5254923e-003
 6.5025189e-003
 6.4795529e-003
 6.4566056e-003
 6.4336923e-003
 6.4108223e-003
 6.3880226e-003
 6.3653067e-003
 6.3427160e-003
 6.3202907e-003
 6.2980875e-003
 6.2761484e-003
 6.2545189e-003
 6.2332451e-003
 6.2123681e-003
 6.1919452e-003
 6.1720163e-003
 6.1526289e-003
 6.1338241e-003
 6.1156568e-003
 6.0981698e-003
 6.0814088e-003
 6.0654157e-003
 6.0502458e-003
 6.0359403e-003
 6.0225455e-003
 6.0101054e-003
 5.9986720e-003
 5.9882877e-003
 5.9790001e-003
 5.9708543e-003
 5.9638959e-003
 5.9581739e-003
 5.9537338e-003
 5.9506204e-003
 5.9488802e-003
 5.9485603e-003
 5.9497072e-003
 5.9523666e-003
 5.9565650e-003
 5.9622382e-003
 5.9692976e-003
 5.9776534e-003
 5.9872167e-003
 5.9979004e-003
 6.0096099e-003
 6.0222587e-003
 6.0357573e-003
 6.0500200e-003
 6.0649505e-003
 6.0804631e-003
 6.0964678e-003
 6.1128805e-003
 6.1296020e-003
 6.1465483e-003
 6.1636306e-003
 6.1807577e-003
 6.1978451e-003
 6.2147961e-003
 6.2315245e-003
 6.2479409e-003
 6.2639611e-003
 6.2794858e-003
 6.2944321e-003
 6.3087088e-003
 6.3222307e-003
 6.3349013e-003
 6.3466351e-003
 6.3573425e-003
 6.3669360e-003
 6.3753226e-003
 6.3824509e-003
 6.3884263e-003
 6.3933986e-003
 6.3975160e-003
 6.4009265e-003
 6.4037787e-003
 6.4062229e-003
 6.4084074e-003
 6.4104805e-003
 6.4125918e-003
 6.4148889e-003
 6.4175222e-003
 6.4206393e-003
 6.4243888e-003
 6.4289202e-003
 6.4343824e-003
 6.4409259e-003
 6.4486950e-003
 6.4578420e-003
 6.4685144e-003
 6.4808638e-003
 6.4950343e-003
 6.5111760e-003
 6.5294402e-003
 6.5499777e-003
 6.5729297e-003
 6.5984488e-003
 6.6266842e-003
 6.6577839e-003
 6.6919057e-003
 6.7291828e-003
 6.7697712e-003
 6.8137781e-003
 6.8611521e-003
 6.9117630e-003
 6.9655129e-003
 7.0222933e-003
 7.0820111e-003
 7.1445289e-003
 7.2097532e-003
 7.2775753e-003
 7.3479041e-003
 7.4205981e-003
 7.4955649e-003
 7.5726961e-003
 7.6518841e-003
 7.7330405e-003
 7.8160176e-003
 7.9007270e-003
 7.9870597e-003
 8.0749299e-003
 8.1641851e-003
 8.2547404e-003
 8.3464850e-003
 8.4393360e-003
 8.5331379e-003
 8.6278049e-003
 8.7232320e-003
 8.8193072e-003
 8.9159468e-003
 9.0129972e-003
 9.1103716e-003
 9.2079621e-003
 9.3056848e-003
