splib07b Record=3199:  error bars to preceding                
 7.2864220e-003
 7.2864220e-003
 1.7669823e-002
 2.7986959e-002
 3.8199302e-002
 4.8266958e-002
 5.8151409e-002
 6.7814097e-002
 7.7215165e-002
 8.6316496e-002
 9.5078267e-002
 1.0346194e-001
 1.1142884e-001
 1.1893931e-001
 1.2595473e-001
 1.3243636e-001
 1.3834471e-001
 1.4364102e-001
 1.4828655e-001
 1.5224192e-001
 1.5546830e-001
 1.5792687e-001
 1.5957840e-001
 1.6038404e-001
 1.6030480e-001
 1.5930742e-001
 1.5741931e-001
 1.5470421e-001
 1.5122671e-001
 1.4705087e-001
 1.4224139e-001
 1.3686244e-001
 1.3097812e-001
 1.2465328e-001
 1.1795205e-001
 1.1093843e-001
 1.0367742e-001
 9.6233040e-002
 8.8669345e-002
 8.1051297e-002
 7.3442966e-002
 6.5908343e-002
 5.8512446e-002
 5.1318981e-002
 4.4392940e-002
 3.7798349e-002
 3.1599287e-002
 2.5860658e-002
 2.0646526e-002
 1.6015861e-002
 1.1972148e-002
 8.4839091e-003
 5.5192476e-003
 3.0466877e-003
 1.0343241e-003
-5.4966658e-004
-1.7369017e-003
-2.5592092e-003
-3.0483641e-003
-3.2360852e-003
-3.1541521e-003
-2.8343070e-003
-2.3083342e-003
-1.6079778e-003
-7.6496322e-004
 1.8888433e-004
 1.2218384e-003
 2.3021963e-003
 3.3980971e-003
 4.4778832e-003
 5.5096997e-003
 6.4618373e-003
 7.3025748e-003
 8.0022514e-003
 8.5553825e-003
 8.9714602e-003
 9.2601441e-003
 9.4311582e-003
 9.4942003e-003
 9.4589675e-003
 9.3351537e-003
 9.1324728e-003
 8.8606188e-003
 8.5292766e-003
 8.1481747e-003
 7.7269999e-003
 7.2754305e-003
 6.8032066e-003
 6.3200085e-003
 5.8355150e-003
 5.3594681e-003
 4.9015456e-003
 4.4714296e-003
 4.0788581e-003
 3.7328533e-003
 3.4350117e-003
 3.1822589e-003
 2.9714068e-003
 2.7992751e-003
 2.6627050e-003
 2.5585138e-003
 2.4835251e-003
 2.4345710e-003
 2.4084747e-003
 2.4020611e-003
 2.4121576e-003
 2.4355894e-003
 2.4691841e-003
 2.5097649e-003
 2.5541605e-003
 2.5991939e-003
 2.6416944e-003
 2.6786521e-003
 2.7090008e-003
 2.7329165e-003
 2.7505921e-003
 2.7622250e-003
 2.7680097e-003
 2.7681417e-003
 2.7628168e-003
 2.7522293e-003
 2.7365759e-003
 2.7160519e-003
 2.6908505e-003
 2.6611700e-003
 2.6272046e-003
 2.5891482e-003
 2.5471994e-003
 2.5015511e-003
 2.4523980e-003
 2.3999549e-003
 2.3446258e-003
 2.2869385e-003
 2.2274316e-003
 2.1666361e-003
 2.1050817e-003
 2.0433045e-003
 1.9818428e-003
 1.9212198e-003
 1.8619732e-003
 1.8046418e-003
 1.7497482e-003
 1.6978311e-003
 1.6494277e-003
 1.6050624e-003
 1.5652730e-003
 1.5305951e-003
 1.5012880e-003
 1.4769534e-003
 1.4570879e-003
 1.4411836e-003
 1.4287375e-003
 1.4192457e-003
 1.4122019e-003
 1.4071022e-003
 1.4034424e-003
 1.4007167e-003
 1.3984214e-003
 1.3960511e-003
 1.3931018e-003
 1.3890682e-003
 1.3834469e-003
 1.3759135e-003
 1.3666039e-003
 1.3557255e-003
 1.3434864e-003
 1.3300916e-003
 1.3157504e-003
 1.3006678e-003
 1.2850518e-003
 1.2691098e-003
 1.2530502e-003
 1.2370772e-003
 1.2213994e-003
 1.2062257e-003
 1.1917598e-003
 1.1782106e-003
 1.1657432e-003
 1.1544083e-003
 1.1442435e-003
 1.1352851e-003
 1.1275676e-003
 1.1211275e-003
 1.1160015e-003
 1.1122244e-003
 1.1098327e-003
 1.1088622e-003
 1.1093490e-003
 1.1113287e-003
 1.1148376e-003
 1.1199110e-003
 1.1265853e-003
 1.1347953e-003
 1.1442185e-003
 1.1544888e-003
 1.1652409e-003
 1.1761081e-003
 1.1867272e-003
 1.1967308e-003
 1.2057552e-003
 1.2134339e-003
 1.2194017e-003
 1.2232929e-003
 1.2247426e-003
 1.2233855e-003
 1.2188928e-003
 1.2114135e-003
 1.2014230e-003
 1.1894046e-003
 1.1758388e-003
 1.1612098e-003
 1.1459972e-003
 1.1306847e-003
 1.1157544e-003
 1.1016896e-003
 1.0889703e-003
 1.0780800e-003
 1.0694701e-003
 1.0631867e-003
 1.0589994e-003
 1.0566707e-003
 1.0559629e-003
 1.0566390e-003
 1.0584615e-003
 1.0611931e-003
 1.0645963e-003
 1.0684343e-003
 1.0724688e-003
 1.0764634e-003
 1.0801919e-003
 1.0835861e-003
 1.0866848e-003
 1.0895304e-003
 1.0921648e-003
 1.0946303e-003
 1.0969688e-003
 1.0992226e-003
 1.1014335e-003
 1.1036438e-003
 1.1058951e-003
 1.1082300e-003
 1.1106879e-003
 1.1132788e-003
 1.1159910e-003
 1.1188126e-003
 1.1217316e-003
 1.1247363e-003
 1.1278141e-003
 1.1309539e-003
 1.1341434e-003
 1.1373706e-003
 1.1406232e-003
 1.1438899e-003
 1.1471589e-003
 1.1504261e-003
 1.1536932e-003
 1.1569613e-003
 1.1602313e-003
 1.1635056e-003
 1.1667848e-003
 1.1700703e-003
 1.1733639e-003
 1.1766666e-003
 1.1799799e-003
 1.1833047e-003
 1.1866437e-003
 1.1900028e-003
 1.1933935e-003
 1.1968263e-003
 1.2003119e-003
 1.2038606e-003
 1.2074840e-003
 1.2111920e-003
 1.2149962e-003
 1.2189070e-003
 1.2229349e-003
 1.2270905e-003
 1.2313836e-003
 1.2358007e-003
 1.2403129e-003
 1.2448911e-003
 1.2495054e-003
 1.2541263e-003
 1.2587251e-003
 1.2632713e-003
 1.2677368e-003
 1.2720915e-003
 1.2763059e-003
 1.2803501e-003
 1.2841979e-003
 1.2878485e-003
 1.2913209e-003
 1.2946366e-003
 1.2978155e-003
 1.3008770e-003
 1.3038421e-003
 1.3067308e-003
 1.3095632e-003
 1.3123599e-003
 1.3151407e-003
 1.3179261e-003
 1.3207343e-003
 1.3235610e-003
 1.3263837e-003
 1.3291809e-003
 1.3319298e-003
 1.3346081e-003
 1.3371931e-003
 1.3396631e-003
 1.3419954e-003
 1.3441679e-003
 1.3461581e-003
 1.3479436e-003
 1.3495047e-003
 1.3508559e-003
 1.3520378e-003
 1.3530919e-003
 1.3540586e-003
 1.3549796e-003
 1.3558954e-003
 1.3568479e-003
 1.3578775e-003
 1.3590257e-003
 1.3603338e-003
 1.3618424e-003
 1.3635897e-003
 1.3655702e-003
 1.3677446e-003
 1.3700734e-003
 1.3725170e-003
 1.3750355e-003
 1.3775891e-003
 1.3801386e-003
 1.3826441e-003
 1.3850654e-003
 1.3873635e-003
 1.3894986e-003
 1.3914331e-003
 1.3931657e-003
 1.3947223e-003
 1.3961291e-003
 1.3974127e-003
 1.3985994e-003
 1.3997154e-003
 1.4007870e-003
 1.4018412e-003
 1.4029038e-003
 1.4040014e-003
 1.4051603e-003
 1.4064049e-003
 1.4077272e-003
 1.4090956e-003
 1.4104767e-003
 1.4118386e-003
 1.4131480e-003
 1.4143725e-003
 1.4154790e-003
 1.4164352e-003
 1.4172081e-003
 1.4177652e-003
 1.4180735e-003
 1.4181038e-003
 1.4178724e-003
 1.4174315e-003
 1.4168348e-003
 1.4161355e-003
 1.4153862e-003
 1.4146408e-003
 1.4139527e-003
 1.4133747e-003
 1.4129601e-003
 1.4127624e-003
 1.4128347e-003
 1.4132267e-003
 1.4139314e-003
 1.4148974e-003
 1.4160726e-003
 1.4174049e-003
 1.4188418e-003
 1.4203312e-003
 1.4218210e-003
 1.4232582e-003
 1.4245914e-003
 1.4257680e-003
 1.4267359e-003
 1.4274464e-003
 1.4279078e-003
 1.4281730e-003
 1.4282966e-003
 1.4283324e-003
 1.4283346e-003
 1.4283579e-003
 1.4284560e-003
 1.4286833e-003
 1.4290941e-003
 1.4297423e-003
 1.4306824e-003
 1.4319626e-003
 1.4335371e-003
 1.4352859e-003
 1.4370867e-003
 1.4388175e-003
 1.4403564e-003
 1.4415809e-003
 1.4423693e-003
 1.4425989e-003
 1.4421481e-003
 1.4408946e-003
 1.4387162e-003
 1.4355073e-003
 1.4314235e-003
 1.4268296e-003
 1.4220967e-003
 1.4175946e-003
 1.4136946e-003
 1.4107662e-003
 1.4091808e-003
 1.4093088e-003
 1.4115204e-003
 1.4161869e-003
 1.4236775e-003
 1.4343128e-003
 1.4475774e-003
 1.4622855e-003
 1.4772307e-003
 1.4912097e-003
 1.5030152e-003
 1.5114438e-003
 1.5152893e-003
 1.5133460e-003
 1.5044088e-003
 1.4872741e-003
 1.4607362e-003
 1.4236894e-003
 1.3767130e-003
 1.3217514e-003
 1.2607883e-003
 1.1958141e-003
 1.1288067e-003
 1.0617438e-003
 9.9661550e-004
 9.3540567e-004
 8.8009855e-004
 8.3268178e-004
 7.9513370e-004
 7.6932798e-004
 7.5535453e-004
 7.5183023e-004
 7.5732835e-004
 7.7042071e-004
 7.8968296e-004
 8.1368524e-004
 8.4100547e-004
 8.7021460e-004
 8.9988601e-004
 9.2859054e-004
 9.5490669e-004
 9.7748020e-004
 9.9625241e-004
 1.0122252e-003
 1.0264346e-003
 1.0399157e-003
 1.0537069e-003
 1.0688415e-003
 1.0863588e-003
 1.1072929e-003
 1.1326806e-003
 1.1635573e-003
 1.2002243e-003
 1.2406080e-003
 1.2821527e-003
 1.3222954e-003
 1.3584759e-003
 1.3881344e-003
 1.4087098e-003
 1.4176456e-003
 1.4123820e-003
 1.3915933e-003
 1.3580066e-003
 1.3151779e-003
 1.2666680e-003
 1.2160285e-003
 1.1668104e-003
 1.1225742e-003
 1.0868763e-003
 1.0632721e-003
 1.0539645e-003
 1.0566826e-003
 1.0682344e-003
 1.0854314e-003
 1.1050807e-003
 1.1239911e-003
 1.1389697e-003
 1.1468281e-003
 1.1443737e-003
 1.1294775e-003
 1.1035450e-003
 1.0687176e-003
 1.0271402e-003
 9.8094612e-004
 9.3228451e-004
 8.8328758e-004
 8.3610055e-004
 7.9286448e-004
 7.5527624e-004
 7.2354602e-004
 6.9756620e-004
 6.7723106e-004
 6.6243933e-004
 6.5308658e-004
 6.4906891e-004
 6.5028184e-004
 6.5662077e-004
 6.6795468e-004
 6.8405602e-004
 7.0467719e-004
 7.2957092e-004
 7.5848709e-004
 7.9118047e-004
 8.2740712e-004
 8.6691679e-004
 9.0946211e-004
 9.5436280e-004
 9.9946151e-004
 1.0423003e-003
 1.0804050e-003
 1.1113161e-003
 1.1325639e-003
 1.1416818e-003
 1.1363605e-003
 1.1171325e-003
 1.0870176e-003
 1.0491107e-003
 1.0065137e-003
 9.6232735e-004
 9.1962091e-004
 8.8082528e-004
 8.4783480e-004
 8.2251296e-004
 8.0673222e-004
 8.0236222e-004
 8.1109424e-004
 8.3133142e-004
 8.5858582e-004
 8.8827318e-004
 9.1580290e-004
 9.3658693e-004
 9.4621215e-004
 9.4353012e-004
 9.3027961e-004
 9.0829557e-004
 8.7941618e-004
 8.4547914e-004
 8.0842606e-004
 7.7216071e-004
 7.4231875e-004
 7.2459900e-004
 7.2470563e-004
 7.4833975e-004
 8.0071518e-004
 8.7782647e-004
 9.6746901e-004
 1.0571214e-003
 1.1342925e-003
 1.1864662e-003
 1.2017650e-003
 1.1803189e-003
 1.1330113e-003
 1.0711187e-003
 1.0058986e-003
 9.4862591e-004
 9.1010582e-004
 8.9224504e-004
 8.8893098e-004
 8.9376990e-004
 9.0036733e-004
 9.0232730e-004
 8.9353533e-004
 8.7331265e-004
 8.4589969e-004
 8.1570912e-004
 7.8715221e-004
 7.6464674e-004
 7.5241813e-004
 7.5100316e-004
 7.5758633e-004
 7.6923106e-004
 7.8300305e-004
 7.9596491e-004
 8.0525735e-004
 8.0954144e-004
 8.0886454e-004
 8.0332562e-004
 7.9302152e-004
 7.7805069e-004
 7.5855461e-004
 7.3553051e-004
 7.1076170e-004
 6.8605400e-004
 6.6322164e-004
 6.4407074e-004
 6.3034712e-004
 6.2247308e-004
 6.1965408e-004
 6.2104996e-004
 6.2582083e-004
 6.3312781e-004
 6.4214232e-004
 6.5226620e-004
 6.6311326e-004
 6.7430851e-004
 6.8547268e-004
 6.9623062e-004
 7.0628140e-004
 7.1688253e-004
 7.3073851e-004
 7.5060647e-004
 7.7924586e-004
 8.1941969e-004
 8.7361585e-004
 9.3885337e-004
 1.0070481e-003
 1.0699156e-003
 1.1191856e-003
 1.1467458e-003
 1.1499902e-003
 1.1330240e-003
 1.1003567e-003
 1.0565023e-003
 1.0059669e-003
 9.5325446e-004
 9.0287899e-004
 8.5935032e-004
 8.2709157e-004
 8.0758578e-004
 7.9871051e-004
 7.9812930e-004
 8.0350385e-004
 8.1249594e-004
 8.2276715e-004
 8.3197828e-004
 8.3779264e-004
 8.3791965e-004
 8.3174621e-004
 8.2072464e-004
 8.0643501e-004
 7.9045870e-004
 7.7437278e-004
 7.5975986e-004
 7.4819720e-004
 7.4126612e-004
 7.4050901e-004
 7.4614130e-004
 7.5673230e-004
 7.7075046e-004
 7.8666548e-004
 8.0294418e-004
 8.1805425e-004
 8.3046377e-004
 8.3863997e-004
 8.4108073e-004
 8.3729008e-004
 8.2803139e-004
 8.1414788e-004
 7.9648255e-004
 7.7588070e-004
 7.5318367e-004
 7.2923215e-004
 7.0487143e-004
 6.8094407e-004
 6.5827678e-004
 6.3767773e-004
 6.1994849e-004
 6.0589716e-004
 5.9632648e-004
 5.9204298e-004
 5.9385196e-004
 6.0255761e-004
 6.1893417e-004
 6.4256933e-004
 6.7156134e-004
 7.0390641e-004
 7.3760259e-004
 7.7064475e-004
 8.0103718e-004
 8.2677259e-004
 8.4585382e-004
 8.5631519e-004
 8.5764570e-004
 8.5118326e-004
 8.3838712e-004
 8.2071457e-004
 7.9962105e-004
 7.7656587e-004
 7.5300684e-004
 7.3040195e-004
 7.1018952e-004
 6.9300790e-004
 6.7847560e-004
 6.6614710e-004
 6.5557513e-004
 6.4631226e-004
 6.3791202e-004
 6.2992587e-004
 6.2190782e-004
 6.1342033e-004
 6.0445181e-004
 5.9553690e-004
 5.8724737e-004
 5.8015267e-004
 5.7482487e-004
 5.7183404e-004
 5.7175150e-004
 5.7514844e-004
 5.8257242e-004
 5.9370534e-004
 6.0709770e-004
 6.2122877e-004
 6.3457439e-004
 6.4561132e-004
 6.5281603e-004
 6.5466692e-004
 6.4964069e-004
 6.3627586e-004
 6.1557564e-004
 5.9176539e-004
 5.6928798e-004
 5.5258744e-004
 5.4610352e-004
 5.5427919e-004
 5.8155874e-004
 6.3238485e-004
 7.1104622e-004
 8.1564108e-004
 9.3615131e-004
 1.0620103e-003
 1.1826274e-003
 1.2874217e-003
 1.3658125e-003
 1.4072172e-003
 1.4037224e-003
 1.3621007e-003
 1.2941669e-003
 1.2117517e-003
 1.1266827e-003
 1.0507944e-003
 9.9400722e-004
 9.5574820e-004
 9.3179586e-004
 9.1793557e-004
 9.0994849e-004
 9.0361660e-004
 8.9558575e-004
 8.8733813e-004
 8.8203291e-004
 8.8283024e-004
 8.9289155e-004
 9.1537519e-004
 9.5231581e-004
 9.9939806e-004
 1.0500903e-003
 1.0978731e-003
 1.1362124e-003
 1.1585777e-003
 1.1597589e-003
 1.1419553e-003
 1.1099731e-003
 1.0686113e-003
 1.0226781e-003
 9.7698241e-004
 9.3585590e-004
 9.0100343e-004
 8.7319833e-004
 8.5320568e-004
 8.4179849e-004
 8.3974662e-004
 8.4744592e-004
 8.6316140e-004
 8.8440091e-004
 9.0867776e-004
 9.3349925e-004
 9.5637265e-004
 9.7502070e-004
 9.8836096e-004
 9.9573971e-004
 9.9650561e-004
 9.9000486e-004
 9.7558467e-004
 9.5312920e-004
 9.2559675e-004
 8.9705177e-004
 8.7156112e-004
 8.5318403e-004
 8.4598758e-004
 8.5294596e-004
 8.7073050e-004
 8.9374656e-004
 9.1639470e-004
 9.3308161e-004
 9.3820767e-004
 9.2773204e-004
 9.0665993e-004
 8.8326418e-004
 8.6582312e-004
 8.6261000e-004
 8.8190398e-004
 9.2959317e-004
 9.9763798e-004
 1.0729313e-003
 1.1423565e-003
 1.1928158e-003
 1.2111916e-003
 1.1874606e-003
 1.1297276e-003
 1.0527106e-003
 9.7114412e-004
 8.9973956e-004
 8.5323199e-004
 8.4336917e-004
 8.6429081e-004
 9.0369309e-004
 9.4925612e-004
 9.8867284e-004
 1.0096234e-003
 1.0021341e-003
 9.7015518e-004
 9.2274812e-004
 8.6899119e-004
 8.1796414e-004
 7.7873346e-004
 7.5897720e-004
 7.5798924e-004
 7.7196618e-004
 7.9710042e-004
 8.2958030e-004
 8.6560356e-004
 9.0162805e-004
 9.3572703e-004
 9.6658326e-004
 9.9287124e-004
 1.0132670e-003
 1.0264516e-003
 1.0312471e-003
 1.0273604e-003
 1.0148268e-003
 9.9368277e-004
 9.6396770e-004
 9.2571299e-004
 8.7976904e-004
 8.3191443e-004
 7.8976277e-004
 7.6094444e-004
 7.5308490e-004
 7.7380834e-004
 8.2836463e-004
 9.0748799e-004
 9.9646556e-004
 1.0805533e-003
 1.1450087e-003
 1.1751065e-003
 1.1592108e-003
 1.1047528e-003
 1.0263916e-003
 9.3877793e-004
 8.5658289e-004
 7.9447613e-004
 7.6470349e-004
 7.6469174e-004
 7.8620994e-004
 8.2102348e-004
 8.6089195e-004
 8.9757337e-004
 9.2381577e-004
 9.3843066e-004
 9.4255625e-004
 9.3733642e-004
 9.2391309e-004
 9.0343162e-004
 8.7719620e-004
 8.4754528e-004
 8.1721350e-004
 7.8892830e-004
 7.6542539e-004
 7.4943865e-004
 7.4314635e-004
 7.4527663e-004
 7.5322122e-004
 7.6436700e-004
 7.7610923e-004
 7.8582898e-004
 7.9125079e-004
 7.9216546e-004
 7.8917167e-004
 7.8286632e-004
 7.7385339e-004
 7.6272612e-004
 7.5016881e-004
 7.3733972e-004
 7.2559563e-004
 7.1629335e-004
 7.1078382e-004
 7.1042590e-004
 7.1627897e-004
 7.2753365e-004
 7.4264710e-004
 7.6007418e-004
 7.7826704e-004
 7.9569028e-004
 8.1086572e-004
 8.2283583e-004
 8.3082879e-004
 8.3407626e-004
 8.3181012e-004
 8.2326384e-004
 8.0828770e-004
 7.9073303e-004
 7.7603135e-004
 7.6961808e-004
 7.7692617e-004
 8.0339954e-004
 8.5308391e-004
 9.2121441e-004
 9.9948142e-004
 1.0795590e-003
 1.1531770e-003
 1.2119729e-003
 1.2490459e-003
 1.2663821e-003
 1.2695490e-003
 1.2641235e-003
 1.2556844e-003
 1.2498042e-003
 1.2509471e-003
 1.2562848e-003
 1.2600663e-003
 1.2565322e-003
 1.2399229e-003
 1.2044874e-003
 1.1459657e-003
 1.0701681e-003
 9.8686304e-004
 9.0587954e-004
 8.3704473e-004
 7.9014327e-004
 7.7322312e-004
 7.8240462e-004
 8.0901658e-004
 8.4436865e-004
 8.7977038e-004
 9.0652780e-004
 9.1718888e-004
 9.1242354e-004
 8.9622429e-004
 8.7259157e-004
 8.4553147e-004
 8.1902998e-004
 7.9699192e-004
 7.8252802e-004
 7.7845517e-004
 7.8758440e-004
 8.1272720e-004
 8.5668493e-004
 9.2109019e-004
 9.9940866e-004
 1.0818630e-003
 1.1586134e-003
 1.2198242e-003
 1.2556959e-003
 1.2581146e-003
 1.2307002e-003
 1.1819239e-003
 1.1202334e-003
 1.0541045e-003
 9.9201640e-004
 9.4143715e-004
 9.0333231e-004
 8.7588181e-004
 8.5728790e-004
 8.4574544e-004
 8.3944877e-004
 8.3675957e-004
 8.3717424e-004
 8.4066257e-004
 8.4719737e-004
 8.5675006e-004
 8.6928997e-004
 8.8466174e-004
 9.0177089e-004
 9.1915659e-004
 9.3534496e-004
 9.4886479e-004
 9.5824513e-004
 9.6214248e-004
 9.6009183e-004
 9.5199893e-004
 9.3776610e-004
 9.1729977e-004
 8.9051056e-004
 8.5796631e-004
 8.2496932e-004
 7.9876790e-004
 7.8664208e-004
 7.9586572e-004
 8.3371281e-004
 9.0536423e-004
 1.0016116e-003
 1.1069949e-003
 1.2061526e-003
 1.2836495e-003
 1.3240682e-003
 1.3147986e-003
 1.2628802e-003
 1.1836888e-003
 1.0927215e-003
 1.0053752e-003
 9.3710929e-004
 9.0107118e-004
 8.9420989e-004
 9.0654648e-004
 9.2807045e-004
 9.4876840e-004
 9.5862726e-004
 9.4932696e-004
 9.2452206e-004
 8.9300651e-004
 8.6363091e-004
 8.4520795e-004
 8.4657379e-004
 8.7477546e-004
 9.2426076e-004
 9.8395126e-004
 1.0428092e-003
 1.0897564e-003
 1.1137250e-003
 1.1053506e-003
 1.0674549e-003
 1.0081243e-003
 9.3553466e-004
 8.5778494e-004
 7.8302243e-004
 7.1874022e-004
 6.6770334e-004
 6.3069462e-004
 6.0842582e-004
 6.0165039e-004
 6.1109860e-004
 6.3692592e-004
 6.7505008e-004
 7.1956136e-004
 7.6448877e-004
 8.0391619e-004
 8.3189516e-004
 8.4345002e-004
 8.4061414e-004
 8.2851812e-004
 8.1229489e-004
 7.9709641e-004
 7.8805489e-004
 7.8968360e-004
 8.0187939e-004
 8.2250568e-004
 8.4939320e-004
 8.8040018e-004
 9.1336726e-004
 9.4602059e-004
 9.7521162e-004
 9.9739875e-004
 1.0090512e-003
 1.0066213e-003
 9.8657177e-004
 9.4634236e-004
 8.9062745e-004
 8.2731975e-004
 7.6440338e-004
 7.0978457e-004
 6.7141559e-004
 6.5605959e-004
 6.6173798e-004
 6.8253384e-004
 7.1253051e-004
 7.4577681e-004
 7.7635923e-004
 7.9904153e-004
 8.1382127e-004
 8.2305889e-004
 8.2912552e-004
 8.3439628e-004
 8.4123871e-004
 8.5165689e-004
 8.6486543e-004
 8.7881205e-004
 8.9144806e-004
 9.0070872e-004
 9.0454408e-004
 9.0149086e-004
 8.9457672e-004
 8.8887743e-004
 8.8947819e-004
 9.0146798e-004
 9.2992326e-004
 9.7874668e-004
 1.0427722e-003
 1.1126744e-003
 1.1791560e-003
 1.2328367e-003
 1.2644156e-003
 1.2659649e-003
 1.2403879e-003
 1.1955715e-003
 1.1394399e-003
 1.0798752e-003
 1.0248317e-003
 9.8169548e-004
 9.5409178e-004
 9.4387599e-004
 9.5289317e-004
 9.8298176e-004
 1.0360094e-003
 1.1126626e-003
 1.2050588e-003
 1.3012498e-003
 1.3892625e-003
 1.4571811e-003
 1.4930010e-003
 1.4867788e-003
 1.4439374e-003
 1.3771035e-003
 1.2989455e-003
 1.2221445e-003
 1.1593295e-003
 1.1215766e-003
 1.1071555e-003
 1.1083958e-003
 1.1175817e-003
 1.1270058e-003
 1.1289489e-003
 1.1167801e-003
 1.0923161e-003
 1.0613627e-003
 1.0297480e-003
 1.0033050e-003
 9.8785001e-004
 9.8843942e-004
 1.0039482e-003
 1.0303365e-003
 1.0635393e-003
 1.0995168e-003
 1.1341851e-003
 1.1636759e-003
 1.1854493e-003
 1.1976169e-003
 1.1982940e-003
 1.1855997e-003
 1.1576388e-003
 1.1132653e-003
 1.0570150e-003
 9.9618570e-004
 9.3808584e-004
 8.9002372e-004
 8.5931120e-004
 8.5212942e-004
 8.6573395e-004
 8.9308026e-004
 9.2709344e-004
 9.6069387e-004
 9.8682404e-004
 9.9936977e-004
 1.0001204e-003
 9.9465472e-004
 9.8857947e-004
 9.8750147e-004
 9.9702482e-004
 1.0217929e-003
 1.0585506e-003
 1.1002582e-003
 1.1398281e-003
 1.1701739e-003
 1.1842262e-003
 1.1759573e-003
 1.1480094e-003
 1.1072453e-003
 1.0605563e-003
 1.0148337e-003
 9.7697461e-004
 9.5316669e-004
 9.4400760e-004
 9.4731618e-004
 9.6090382e-004
 9.8257884e-004
 1.0101278e-003
 1.0402780e-003
 1.0682838e-003
 1.0892509e-003
 1.0983174e-003
 1.0908629e-003
 1.0667300e-003
 1.0294925e-003
 9.8288420e-004
 9.3059003e-004
 8.7680056e-004
 8.2964398e-004
 7.9920288e-004
 7.9557172e-004
 8.2885381e-004
 9.0398727e-004
 1.0030096e-003
 1.1015035e-003
 1.1750519e-003
 1.1993080e-003
 1.1619121e-003
 1.0804612e-003
 9.7714213e-004
 8.7414007e-004
 7.9342409e-004
 7.4618624e-004
 7.2802970e-004
 7.3337537e-004
 7.5662701e-004
 7.9215359e-004
 8.3363353e-004
 8.7419030e-004
 9.0687809e-004
 9.2479889e-004
 9.2234107e-004
 9.0505078e-004
 8.8409916e-004
 8.7070127e-004
 8.7606825e-004
 9.0748444e-004
 9.5434143e-004
 1.0009098e-003
 1.0314633e-003
 1.0302963e-003
 9.9049695e-004
 9.2739105e-004
 8.5985335e-004
 8.0668111e-004
 7.8647723e-004
 8.0511387e-004
 8.4980100e-004
 9.0620795e-004
 9.6006092e-004
 9.9755556e-004
 1.0141447e-003
 1.0133559e-003
 9.9899189e-004
 9.7484072e-004
 9.4476715e-004
 9.1303390e-004
 8.8414410e-004
 8.6260086e-004
 8.5289532e-004
 8.5790647e-004
 8.7292929e-004
 8.9105667e-004
 9.0538058e-004
 9.0900064e-004
 8.9840917e-004
 8.7885401e-004
 8.5700274e-004
 8.3949871e-004
 8.3293207e-004
 8.4013370e-004
 8.5831585e-004
 8.8422530e-004
 9.1462920e-004
 9.4621984e-004
 9.7499817e-004
 9.9629513e-004
 1.0054247e-003
 9.9770119e-004
 9.6968439e-004
 9.2892151e-004
 8.8873442e-004
 8.6249260e-004
 8.6356548e-004
 9.0112409e-004
 9.6447801e-004
 1.0369635e-003
 1.1019950e-003
 1.1429364e-003
 1.1439624e-003
 1.1043965e-003
 1.0372159e-003
 9.5582654e-004
 8.7367411e-004
 8.0419431e-004
 7.6029729e-004
 7.4477872e-004
 7.5130636e-004
 7.7321945e-004
 8.0386834e-004
 8.3659287e-004
 8.6493156e-004
 8.8633271e-004
 9.0174138e-004
 9.1225555e-004
 9.1895997e-004
 9.2294306e-004
 9.2525361e-004
 9.2617457e-004
 9.2529139e-004
 9.2216529e-004
 9.1635529e-004
 9.0742204e-004
 8.9498417e-004
 8.7981357e-004
 8.6373859e-004
 8.4861543e-004
 8.3631842e-004
 8.2870474e-004
 8.2755025e-004
 8.3282520e-004
 8.4285025e-004
 8.5587398e-004
 8.7015796e-004
 8.8395510e-004
 8.9558336e-004
 9.0460898e-004
 9.1174932e-004
 9.1776939e-004
 9.2342647e-004
 9.2948525e-004
 9.3667791e-004
 9.4516639e-004
 9.5459074e-004
 9.6455961e-004
 9.7469386e-004
 9.8460692e-004
 9.9392037e-004
 1.0023771e-003
 1.0098320e-003
 1.0161493e-003
 1.0211846e-003
 1.0248019e-003
 1.0268879e-003
 1.0278965e-003
 1.0288104e-003
 1.0306322e-003
 1.0343660e-003
 1.0410119e-003
 1.0514446e-003
 1.0638385e-003
 1.0738366e-003
 1.0769895e-003
 1.0688421e-003
 1.0449401e-003
 1.0011562e-003
 9.4013143e-004
 8.7089039e-004
 8.0271816e-004
 7.4485369e-004
 7.0660975e-004
 6.9676607e-004
 7.1437133e-004
 7.4920908e-004
 7.9072738e-004
 8.2832586e-004
 8.5145299e-004
 8.4998738e-004
 8.2348665e-004
 7.8071165e-004
 7.3079724e-004
 6.8284245e-004
 6.4600533e-004
 6.2907825e-004
 6.3430809e-004
 6.5764319e-004
 6.9480267e-004
 7.4146362e-004
 7.9335150e-004
 8.4616686e-004
 8.9573895e-004
 9.3801244e-004
 9.6893281e-004
 9.8446233e-004
 9.8054064e-004
 9.5345377e-004
 9.0666331e-004
 8.5055339e-004
 7.9578953e-004
 7.5304339e-004
 7.3296297e-004
 7.4573769e-004
 7.9094828e-004
 8.5792306e-004
 9.3555514e-004
 1.0127940e-003
 1.0784944e-003
 1.1219437e-003
 1.1398491e-003
 1.1361976e-003
 1.1152766e-003
 1.0813804e-003
 1.0387755e-003
 9.9177891e-004
 9.4465347e-004
 9.0102269e-004
 8.6188968e-004
 8.2759385e-004
 7.9851854e-004
 7.7500561e-004
 7.5741991e-004
 7.4612017e-004
 7.4146560e-004
 7.4381393e-004
 7.5324852e-004
 7.6874794e-004
 7.8903552e-004
 8.1282551e-004
 8.3883427e-004
 8.6577830e-004
 8.9236948e-004
 9.1733818e-004
 9.3938329e-004
 9.5755298e-004
 9.7214023e-004
 9.8375208e-004
 9.9300337e-004
 1.0004957e-003
 1.0068433e-003
 1.0126533e-003
 1.0185348e-003
 1.0250967e-003
 1.0327179e-003
 1.0408710e-003
 1.0487922e-003
 1.0557267e-003
 1.0609149e-003
 1.0635981e-003
 1.0630179e-003
 1.0584164e-003
 1.0490341e-003
 1.0345264e-003
 1.0162111e-003
 9.9582307e-004
 9.7510073e-004
 9.5576787e-004
 9.3957287e-004
 9.2824060e-004
 9.2350919e-004
 9.2711201e-004
 9.4008585e-004
 9.6061372e-004
 9.8618248e-004
 1.0142479e-003
 1.0422976e-003
 1.0677997e-003
 1.0882245e-003
 1.1010541e-003
 1.1037532e-003
 1.0948236e-003
 1.0769372e-003
 1.0538325e-003
 1.0292478e-003
 1.0069249e-003
 9.9059148e-004
 9.8399643e-004
 9.9087157e-004
 1.0149573e-003
 1.0585351e-003
 1.1179749e-003
 1.1880500e-003
 1.2636102e-003
 1.3394585e-003
 1.4104093e-003
 1.4712774e-003
 1.5168706e-003
 1.5420232e-003
 1.5431801e-003
 1.5236341e-003
 1.4884343e-003
 1.4426411e-003
 1.3912804e-003
 1.3394390e-003
 1.2921403e-003
 1.2544458e-003
 1.2314070e-003
 1.2264658e-003
 1.2363408e-003
 1.2560103e-003
 1.2804300e-003
 1.3045819e-003
 1.3234310e-003
 1.3319466e-003
 1.3250979e-003
 1.2978612e-003
 1.2475920e-003
 1.1818095e-003
 1.1106217e-003
 1.0441795e-003
 9.9262991e-004
 9.6550636e-004
 9.6298871e-004
 9.7764935e-004
 1.0018545e-003
 1.0279675e-003
 1.0483516e-003
 1.0557760e-003
 1.0495713e-003
 1.0343906e-003
 1.0150267e-003
 9.9629513e-004
 9.8298956e-004
 9.7962818e-004
 9.8611787e-004
 9.9860970e-004
 1.0131338e-003
 1.0257338e-003
 1.0324508e-003
 1.0296869e-003
 1.0198872e-003
 1.0104452e-003
 1.0088893e-003
 1.0227514e-003
 1.0595585e-003
 1.1261042e-003
 1.2164554e-003
 1.3143923e-003
 1.4032599e-003
 1.4665129e-003
 1.4875692e-003
 1.4509542e-003
 1.3599145e-003
 1.2332366e-003
 1.0900218e-003
 9.4955572e-004
 8.3096622e-004
 7.5249199e-004
 7.1703142e-004
 7.1461650e-004
 7.3492556e-004
 7.6763163e-004
 8.0242578e-004
 8.2935276e-004
 8.4513851e-004
 8.5200515e-004
 8.5236010e-004
 8.4860448e-004
 8.4314041e-004
 8.3823752e-004
 8.3396630e-004
 8.2854665e-004
 8.2014926e-004
 8.0693432e-004
 7.8707823e-004
 7.5900694e-004
 7.2562706e-004
 6.9365220e-004
 6.6986965e-004
 6.6110317e-004
 6.7414722e-004
 7.1527372e-004
 7.8117166e-004
 8.6056179e-004
 9.4181427e-004
 1.0134088e-003
 1.0637209e-003
 1.0818345e-003
 1.0676502e-003
 1.0302863e-003
 9.7911991e-004
 9.2358678e-004
 8.7306707e-004
 8.3657959e-004
 8.1675116e-004
 8.1069639e-004
 8.1537513e-004
 8.2774495e-004
 8.4475236e-004
 8.6333463e-004
 8.8003447e-004
 8.9103717e-004
 8.9253532e-004
 8.8071433e-004
 8.5175037e-004
 8.0227054e-004
 7.3631539e-004
 6.6428998e-004
 5.9688662e-004
 5.4470287e-004
 5.1841699e-004
 5.2803929e-004
 5.7281938e-004
 6.4263784e-004
 7.2714739e-004
 8.1589533e-004
 8.9854799e-004
 9.6502347e-004
 1.0119746e-003
 1.0417795e-003
 1.0569777e-003
 1.0601419e-003
 1.0538310e-003
 1.0405732e-003
 1.0222624e-003
 1.0002694e-003
 9.7591896e-004
 9.5056836e-004
 9.2553964e-004
 9.0221770e-004
 8.8245102e-004
 8.6852297e-004
 8.6274539e-004
 8.6741726e-004
 8.8483712e-004
 9.1704604e-004
 9.6131966e-004
 1.0106844e-003
 1.0580877e-003
 1.0964111e-003
 1.1185942e-003
 1.1179396e-003
 1.0952331e-003
 1.0578033e-003
 1.0132466e-003
 9.6910534e-004
 9.3298120e-004
 9.1204216e-004
 9.0640940e-004
 9.0990943e-004
 9.1616513e-004
 9.1879041e-004
 9.1140327e-004
 8.8804326e-004
 8.5055223e-004
 8.0769655e-004
 7.6853245e-004
 7.4206240e-004
 7.3733099e-004
 7.6287048e-004
 8.1784569e-004
 8.9309481e-004
 9.7919151e-004
 1.0666135e-003
 1.1459579e-003
 1.2077069e-003
 1.2424337e-003
 1.2437219e-003
 1.2159436e-003
 1.1658380e-003
 1.1001972e-003
 1.0257331e-003
 9.4925554e-004
 8.7749265e-004
 8.1717997e-004
 7.7511644e-004
 7.5595966e-004
 7.5702975e-004
 7.7398872e-004
 8.0248754e-004
 8.3819457e-004
 8.7678811e-004
 9.1390358e-004
 9.4522920e-004
 9.6640555e-004
 9.7437657e-004
 9.7061665e-004
 9.5762633e-004
 9.3789567e-004
 9.1393670e-004
 8.8823173e-004
 8.6329703e-004
 8.4162084e-004
 8.2569622e-004
 8.1732695e-004
 8.1574731e-004
 8.1962219e-004
 8.2761375e-004
 8.3839026e-004
 8.5060770e-004
 8.6293789e-004
 8.7403541e-004
 8.8257145e-004
 8.8758132e-004
 8.8948692e-004
 8.8901928e-004
 8.8691019e-004
 8.8389037e-004
 8.8069355e-004
 8.7805028e-004
 8.7669172e-004
 8.7735074e-004
 8.8044454e-004
 8.8523066e-004
 8.9070637e-004
 8.9586223e-004
 8.9969469e-004
 9.0119836e-004
 8.9936663e-004
 8.9319202e-004
 8.8167319e-004
 8.6424605e-004
 8.4203249e-004
 8.1652118e-004
 7.8919594e-004
 7.6157087e-004
 7.3512108e-004
 7.1135978e-004
 6.9177122e-004
 6.7784538e-004
 6.7059632e-004
 6.6919508e-004
 6.7239359e-004
 6.7894434e-004
 6.8759359e-004
 6.9709431e-004
 7.0620090e-004
 7.1365765e-004
 7.1822031e-004
 7.1905588e-004
 7.1691262e-004
 7.1290450e-004
 7.0815044e-004
 7.0376345e-004
 7.0086261e-004
 7.0056244e-004
 7.0397893e-004
 7.1222731e-004
 7.2597171e-004
 7.4412965e-004
 7.6523097e-004
 7.8777812e-004
 8.1030425e-004
 8.3131058e-004
 8.4932346e-004
 8.6286466e-004
 8.7044219e-004
 8.7057828e-004
 8.6186826e-004
 8.4457599e-004
 8.2055357e-004
 7.9174474e-004
 7.6005666e-004
 7.2743854e-004
 6.9579470e-004
 6.6707452e-004
 6.4319256e-004
 6.2607013e-004
 6.1764620e-004
 6.1984244e-004
 6.3449319e-004
 6.6146156e-004
 6.9871830e-004
 7.4411370e-004
 7.9555617e-004
 8.5088593e-004
 9.0801844e-004
 9.6478953e-004
 1.0190973e-003
 1.0688361e-003
 1.1118470e-003
 1.1460368e-003
 1.1693317e-003
 1.1813209e-003
 1.1831647e-003
 1.1760901e-003
 1.1613211e-003
 1.1400960e-003
 1.1136286e-003
 1.0831659e-003
 1.0499272e-003
 1.0151278e-003
 9.8002050e-004
 9.4580912e-004
 9.1371650e-004
 8.8425062e-004
 8.5730513e-004
 8.3271367e-004
 8.1031345e-004
 7.8996515e-004
 7.7149889e-004
 7.5477239e-004
 7.3962373e-004
 7.2589284e-004
 7.1343419e-004
 7.0208363e-004
 6.9169659e-004
 6.8217196e-004
 6.7348202e-004
 6.6559127e-004
 6.5846520e-004
 6.5207685e-004
 6.4638967e-004
 6.4137555e-004
 6.3503982e-004
 6.2624941e-004
 6.2194583e-004
 6.2188198e-004
 6.2640483e-004
 6.3588837e-004
 6.5070332e-004
 6.7115208e-004
 6.9592131e-004
 7.2208332e-004
 7.4665312e-004
 7.6663413e-004
 7.7913422e-004
 7.8336743e-004
 7.8063674e-004
 7.7233289e-004
 7.5984420e-004
 7.4458704e-004
 7.2848523e-004
 7.1397395e-004
 7.0350227e-004
 6.9952512e-004
 7.0449308e-004
 7.1991095e-004
 7.4359274e-004
 7.7246741e-004
 8.0345210e-004
 8.3347777e-004
 8.5946126e-004
 8.7903964e-004
 8.9256244e-004
 9.0104138e-004
 9.0548350e-004
 9.0689835e-004
 9.0629462e-004
 9.0468099e-004
 9.0332737e-004
 9.0450019e-004
 9.1070303e-004
 9.2443789e-004
 9.4821141e-004
 9.8452147e-004
 1.0358799e-003
 1.1047783e-003
 1.1922258e-003
 1.2935034e-003
 1.4025943e-003
 1.5134325e-003
 1.6200035e-003
 1.7162425e-003
 1.7961228e-003
 1.8536107e-003
 1.8845745e-003
 1.8920696e-003
 1.8808118e-003
 1.8555162e-003
 1.8209065e-003
 1.7816926e-003
 1.7426012e-003
 1.7083409e-003
 1.6826016e-003
 1.6652389e-003
 1.6552375e-003
 1.6515768e-003
 1.6532389e-003
 1.6592041e-003
 1.6684553e-003
 1.6799712e-003
 1.6927363e-003
 1.7057282e-003
 1.7179317e-003
 1.7283246e-003
 1.7361256e-003
 1.7413991e-003
 1.7444054e-003
 1.7454028e-003
 1.7446511e-003
 1.7424098e-003
 1.7389375e-003
 1.7344931e-003
 1.7293369e-003
 1.7237266e-003
 1.7179229e-003
 1.7121836e-003
 1.7067671e-003
 1.7019211e-003
 1.6978942e-003
 1.6949327e-003
 1.6932850e-003
 1.6931978e-003
 1.6949184e-003
 1.6986947e-003
 1.7047735e-003
 1.7134019e-003
 1.7248290e-003
 1.7388636e-003
 1.7537896e-003
 1.7675478e-003
 1.7780855e-003
 1.7833444e-003
 1.7812703e-003
 1.7698077e-003
 1.7468979e-003
 1.7104911e-003
 1.6585228e-003
 1.5900821e-003
 1.5081661e-003
 1.4166151e-003
 1.3193031e-003
 1.2200597e-003
 1.1227607e-003
 1.0312357e-003
 9.4935892e-004
 8.8096323e-004
 8.2991732e-004
 7.9890143e-004
 7.8665058e-004
 7.9104170e-004
 8.0995460e-004
 8.4127381e-004
 8.8287244e-004
 9.3263452e-004
 9.8844757e-004
 1.0481788e-003
 1.1097229e-003
 1.1710632e-003
 1.2306096e-003
 1.2868264e-003
 1.3382062e-003
 1.3832154e-003
 1.4203434e-003
 1.4480602e-003
 1.4648511e-003
 1.4691909e-003
 1.4602835e-003
 1.4397299e-003
 1.4096402e-003
 1.3721118e-003
 1.3292588e-003
 1.2831760e-003
 1.2359790e-003
 1.1897614e-003
 1.1461806e-003
 1.1053601e-003
 1.0671336e-003
 1.0313151e-003
 9.9773658e-004
 9.6621359e-004
 9.3657710e-004
 9.0864662e-004
 8.8269555e-004
 8.6048158e-004
 8.4405171e-004
 8.3546183e-004
 8.3676173e-004
 8.5000345e-004
 8.7724207e-004
 9.2052243e-004
 9.8015089e-004
 1.0507477e-003
 1.1258246e-003
 1.1988592e-003
 1.2633639e-003
 1.3128185e-003
 1.3407293e-003
 1.3435305e-003
 1.3270450e-003
 1.2989632e-003
 1.2669860e-003
 1.2388000e-003
 1.2221045e-003
 1.2218003e-003
 1.2339564e-003
 1.2528982e-003
 1.2729453e-003
 1.2884253e-003
 1.2936589e-003
 1.2852056e-003
 1.2666342e-003
 1.2428947e-003
 1.2189276e-003
 1.1996846e-003
 1.1901062e-003
 1.1927419e-003
 1.2026668e-003
 1.2135021e-003
 1.2188728e-003
 1.2124014e-003
 1.1877107e-003
 1.1420642e-003
 1.0839411e-003
 1.0240067e-003
 9.7290566e-004
 9.4128656e-004
 9.3980576e-004
 9.7372243e-004
 1.0317524e-003
 1.0994718e-003
 1.1624291e-003
 1.2062012e-003
 1.2163456e-003
 1.1846256e-003
 1.1216289e-003
 1.0414880e-003
 9.5839682e-004
 8.8649028e-004
 8.3991804e-004
 8.2803430e-004
 8.4572512e-004
 8.8513870e-004
 9.3843462e-004
 9.9777128e-004
 1.0553212e-003
 1.1053379e-003
 1.1484694e-003
 1.1865326e-003
 1.2213445e-003
 1.2547296e-003
 1.2884877e-003
 1.3226013e-003
 1.3515769e-003
 1.3689105e-003
 1.3680956e-003
 1.3426277e-003
 1.2869587e-003
 1.2096545e-003
 1.1300519e-003
 1.0678207e-003
 1.0425692e-003
 1.0720777e-003
 1.1470394e-003
 1.2374891e-003
 1.3130023e-003
 1.3431415e-003
 1.3000382e-003
 1.1931545e-003
 1.0602587e-003
 9.3973632e-004
 8.6999219e-004
 8.8658341e-004
 9.8377676e-004
 1.1248676e-003
 1.2724077e-003
 1.3889703e-003
 1.4393699e-003
 1.4217211e-003
 1.3588688e-003
 1.2742301e-003
 1.1912878e-003
 1.1322633e-003
 1.1024498e-003
 1.0945747e-003
 1.1010726e-003
 1.1143703e-003
 1.1270366e-003
 1.1335685e-003
 1.1298801e-003
 1.1119234e-003
 1.0756485e-003
 1.0177718e-003
 9.4564160e-004
 8.7446335e-004
 8.1956771e-004
 7.9630164e-004
 8.1857463e-004
 8.8050461e-004
 9.6173229e-004
 1.0416165e-003
 1.0995051e-003
 1.1161880e-003
 1.0921735e-003
 1.0422614e-003
 9.8155951e-004
 9.2516415e-004
 8.8756101e-004
 8.7435986e-004
 8.8483229e-004
 9.1811054e-004
 9.7334204e-004
 1.0488903e-003
 1.1331879e-003
 1.2075313e-003
 1.2530675e-003
 1.2509130e-003
 1.1844564e-003
 1.0667740e-003
 9.3202351e-004
 8.1491488e-004
 7.5005600e-004
 7.6896296e-004
 8.6197571e-004
 9.9024328e-004
 1.1143686e-003
 1.1949404e-003
 1.1957020e-003
 1.1216463e-003
 1.0068173e-003
 8.8580872e-004
 7.9322304e-004
 7.6122175e-004
 7.9030124e-004
 8.5881748e-004
 9.4469177e-004
 1.0258622e-003
 1.0813525e-003
 1.1049686e-003
 1.1007026e-003
 1.0727516e-003
 1.0252995e-003
 9.6279924e-004
 8.9263194e-004
 8.2422863e-004
 7.6704938e-004
 7.3059450e-004
 7.2333857e-004
 7.4136880e-004
 7.7228219e-004
 8.0348534e-004
 8.2240818e-004
 8.1755297e-004
 7.9093705e-004
 7.5377285e-004
 7.1747898e-004
 6.9344550e-004
 6.9227215e-004
 7.1464188e-004
 7.5449899e-004
 8.0567593e-004
 8.6200197e-004
 9.1735774e-004
 9.6605811e-004
 1.0027779e-003
 1.0221851e-003
 1.0189427e-003
 9.8851603e-004
 9.3609939e-004
 8.7338762e-004
 8.1219472e-004
 7.6432573e-004
 7.4083422e-004
 7.4322859e-004
 7.6671416e-004
 8.0639328e-004
 8.5733738e-004
 9.1455277e-004
 9.7192172e-004
 1.0226001e-003
 1.0596946e-003
 1.0763505e-003
 1.0665199e-003
 1.0339173e-003
 9.8865398e-004
 9.4098860e-004
 9.0114633e-004
 8.7871181e-004
 8.7559497e-004
 8.8869611e-004
 9.1482612e-004
 9.5079833e-004
 9.9323085e-004
 1.0362946e-003
 1.0726257e-003
 1.0948249e-003
 1.0954919e-003
 1.0683574e-003
 1.0204143e-003
 9.6717011e-004
 9.2427706e-004
 9.0738776e-004
 9.3041291e-004
 9.8707131e-004
 1.0581720e-003
 1.1243259e-003
 1.1660955e-003
 1.1658052e-003
 1.1252894e-003
 1.0588150e-003
 9.8083063e-004
 9.0584316e-004
 8.4754248e-004
 8.1103377e-004
 7.9597667e-004
 8.0195296e-004
 8.2853128e-004
 8.7472302e-004
 9.3322567e-004
 9.9271128e-004
 1.0418328e-003
 1.0692308e-003
 1.0648005e-003
 1.0324924e-003
 9.8503614e-004
 9.3529350e-004
 8.9612545e-004
 8.7923155e-004
 8.8348775e-004
 8.9978287e-004
 9.1889279e-004
 9.3159534e-004
 9.2955364e-004
 9.1424806e-004
 8.9320767e-004
 8.7404699e-004
 8.6439523e-004
 8.7105751e-004
 8.9206191e-004
 9.2004827e-004
 9.4758417e-004
 9.6721656e-004
 9.7214855e-004
 9.6241612e-004
 9.4222085e-004
 9.1584033e-004
 8.8753761e-004
 8.6162239e-004
 8.4285915e-004
 8.3630311e-004
 8.4699783e-004
 8.7999261e-004
 9.3904912e-004
 1.0142883e-003
 1.0875439e-003
 1.1405924e-003
 1.1551940e-003
 1.1157175e-003
 1.0341947e-003
 9.3917223e-004
 8.5942209e-004
 8.2371529e-004
 8.5730024e-004
 9.4838737e-004
 1.0631946e-003
 1.1676694e-003
 1.2276821e-003
 1.2129938e-003
 1.1327469e-003
 1.0193811e-003
 9.0561435e-004
 8.2424982e-004
 8.0470298e-004
 8.4254099e-004
 9.1344555e-004
 9.9278637e-004
 1.0559860e-003
 1.0805619e-003
 1.0655065e-003
 1.0223760e-003
 9.6287462e-004
 8.9870580e-004
 8.4087835e-004
 7.9336588e-004
 7.5609743e-004
 7.2891684e-004
 7.1168033e-004
 7.0421788e-004
 7.0610619e-004
 7.1676692e-004
 7.3562295e-004
 7.6210429e-004
 7.9519261e-004
 8.2962721e-004
 8.5770024e-004
 8.7167544e-004
 8.6381141e-004
 8.2767673e-004
 7.6969282e-004
 7.0359989e-004
 6.4321060e-004
 6.0238171e-004
 5.9341424e-004
 6.1385782e-004
 6.5291475e-004
 6.9966103e-004
 7.4320048e-004
 7.7375863e-004
 7.9253357e-004
 8.0688403e-004
 8.2425121e-004
 8.5207069e-004
 8.9662021e-004
 9.5303002e-004
 1.0101452e-003
 1.0567837e-003
 1.0817515e-003
 1.0751996e-003
 1.0402113e-003
 9.8705001e-004
 9.2605362e-004
 8.6754706e-004
 8.2108745e-004
 7.8849751e-004
 7.6736952e-004
 7.5525104e-004
 7.4968894e-004
 7.4837217e-004
 7.5029425e-004
 7.5516879e-004
 7.6271885e-004
 7.7266194e-004
 7.8473130e-004
 7.9876074e-004
 8.1464299e-004
 8.3226030e-004
 8.5150573e-004
 8.7216502e-004
 8.9306216e-004
 9.1250479e-004
 9.2878088e-004
 9.4019348e-004
 9.4543997e-004
 9.4689248e-004
 9.4890129e-004
 9.5583632e-004
 9.7206683e-004
 1.0009910e-003
 1.0370469e-003
 1.0699125e-003
 1.0892146e-003
 1.0845761e-003
 1.0473437e-003
 9.8442624e-004
 9.1099920e-004
 8.4231485e-004
 7.9361728e-004
 7.7828957e-004
 7.9265650e-004
 8.2406926e-004
 8.5980544e-004
 8.8711543e-004
 8.9465105e-004
 8.8329514e-004
 8.6034962e-004
 8.3319144e-004
 8.0918107e-004
 7.9488166e-004
 7.8976696e-004
 7.8961311e-004
 7.9016294e-004
 7.8715960e-004
 7.7724602e-004
 7.6495553e-004
 7.5892382e-004
 7.6781033e-004
 8.0027763e-004
 8.6332671e-004
 9.4927300e-004
 1.0429361e-003
 1.1290621e-003
 1.1923973e-003
 1.2195809e-003
 1.2135890e-003
 1.1857913e-003
 1.1476140e-003
 1.1104753e-003
 1.0846773e-003
 1.0706850e-003
 1.0639849e-003
 1.0600239e-003
 1.0542499e-003
 1.0428388e-003
 1.0281720e-003
 1.0157668e-003
 1.0111652e-003
 1.0199121e-003
 1.0465109e-003
 1.0867191e-003
 1.1319115e-003
 1.1733955e-003
 1.2025126e-003
 1.2119371e-003
 1.2056035e-003
 1.1930749e-003
 1.1839509e-003
 1.1878312e-003
 1.2126763e-003
 1.2527130e-003
 1.2953832e-003
 1.3280762e-003
 1.3381818e-003
 1.3150689e-003
 1.2645626e-003
 1.2005750e-003
 1.1370764e-003
 1.0880281e-003
 1.0660625e-003
 1.0725941e-003
 1.1035786e-003
 1.1549484e-003
 1.2225960e-003
 1.3020264e-003
 1.3852888e-003
 1.4627568e-003
 1.5248042e-003
 1.5617622e-003
 1.5655468e-003
 1.5404661e-003
 1.4968172e-003
 1.4449707e-003
 1.3952659e-003
 1.3571200e-003
 1.3324881e-003
 1.3197579e-003
 1.3172753e-003
 1.3233939e-003
 1.3358952e-003
 1.3480156e-003
 1.3508114e-003
 1.3353354e-003
 1.2926372e-003
 1.2158046e-003
 1.1142483e-003
 1.0050425e-003
 9.0532145e-004
 8.3220669e-004
 8.0034521e-004
 8.0454262e-004
 8.3030429e-004
 8.6308812e-004
 8.8832615e-004
 8.9344959e-004
 8.8122149e-004
 8.6158788e-004
 8.4453280e-004
 8.4005343e-004
 8.5685711e-004
 8.9381670e-004
 9.4523985e-004
 1.0053696e-003
 1.0684852e-003
 1.1292524e-003
 1.1853877e-003
 1.2359734e-003
 1.2801405e-003
 1.3170051e-003
 1.3457329e-003
 1.3658605e-003
 1.3770802e-003
 1.3791006e-003
 1.3716245e-003
 1.3544196e-003
 1.3277943e-003
 1.2922871e-003
 1.2484401e-003
 1.1967829e-003
 1.1388379e-003
 1.0832482e-003
 1.0419124e-003
 1.0267457e-003
 1.0496739e-003
 1.1193281e-003
 1.2199940e-003
 1.3249845e-003
 1.4075739e-003
 1.4409777e-003
 1.4028089e-003
 1.3026182e-003
 1.1642284e-003
 1.0116360e-003
 8.6873752e-004
 7.5744378e-004
 6.8488653e-004
 6.5167621e-004
 6.5833644e-004
 7.0541288e-004
 7.9158397e-004
 9.0197171e-004
 1.0156090e-003
 1.1115834e-003
 1.1689583e-003
 1.1711878e-003
 1.1334890e-003
 1.0850285e-003
 1.0550254e-003
 1.0727108e-003
 1.1613442e-003
 1.3014874e-003
 1.4550755e-003
 1.5839667e-003
 1.6500241e-003
 1.6215445e-003
 1.5129859e-003
 1.3587652e-003
 1.1933423e-003
 1.0513006e-003
 9.6295145e-004
 9.2934666e-004
 9.3892362e-004
 9.8005671e-004
 1.0411255e-003
 1.1108748e-003
 1.1806024e-003
 1.2427114e-003
 1.2895651e-003
 1.3135734e-003
 1.3086447e-003
 1.2792209e-003
 1.2342541e-003
 1.1826919e-003
 1.1334864e-003
 1.0947899e-003
 1.0693035e-003
 1.0573836e-003
 1.0593897e-003
 1.0756808e-003
 1.1057033e-003
 1.1425508e-003
 1.1766818e-003
 1.1985408e-003
 1.1985681e-003
 1.1700608e-003
 1.1257614e-003
 1.0865150e-003
 1.0731954e-003
 1.1066847e-003
 1.2024277e-003
 1.3392227e-003
 1.4807151e-003
 1.5903966e-003
 1.6318676e-003
 1.5761689e-003
 1.4445294e-003
 1.2787948e-003
 1.1210022e-003
 1.0130646e-003
 9.8976446e-004
 1.0381232e-003
 1.1255754e-003
 1.2195313e-003
 1.2873968e-003
 1.3017725e-003
 1.2696658e-003
 1.2120771e-003
 1.1500365e-003
 1.1045744e-003
 1.0964780e-003
 1.1321104e-003
 1.1957042e-003
 1.2696250e-003
 1.3362517e-003
 1.3779148e-003
 1.3772084e-003
 1.3288083e-003
 1.2457856e-003
 1.1428223e-003
 1.0345418e-003
 9.3558390e-004
 8.6045626e-004
 8.1626215e-004
 7.9894869e-004
 8.0349925e-004
 8.2491140e-004
 8.5819169e-004
 8.9833286e-004
 9.4101846e-004
 9.8292646e-004
 1.0208252e-003
 1.0514560e-003
 1.0715885e-003
 1.0780379e-003
 1.0705914e-003
 1.0534737e-003
 1.0312668e-003
 1.0085516e-003
 9.8990998e-004
 9.7985787e-004
 9.7950269e-004
 9.8489586e-004
 9.9168578e-004
 9.9552132e-004
 9.9204842e-004
 9.7691698e-004
 9.4686035e-004
 9.0535788e-004
 8.5851987e-004
 8.1243180e-004
 7.7318813e-004
 7.4688310e-004
 7.3961238e-004
 7.5608527e-004
 7.9243316e-004
 8.4152794e-004
 8.9624821e-004
 9.4943185e-004
 9.9395716e-004
 1.0226893e-003
 1.0297096e-003
 1.0165254e-003
 9.8745583e-004
 9.4682071e-004
 8.9893950e-004
 8.4812002e-004
 7.9870690e-004
 7.5460272e-004
 7.1727100e-004
 6.8725267e-004
 6.6510757e-004
 6.5137306e-004
 6.4659462e-004
 6.5132004e-004
 6.6568441e-004
 6.8738114e-004
 7.1319885e-004
 7.3993078e-004
 7.6435047e-004
 7.8325131e-004
 7.9342036e-004
 7.9246378e-004
 7.8284170e-004
 7.6880550e-004
 7.5460237e-004
 7.4448111e-004
 7.4269122e-004
 7.5348321e-004
 7.7995146e-004
 8.1842899e-004
 8.6280040e-004
 9.0691372e-004
 9.4464957e-004
 9.6987828e-004
 9.7647030e-004
 9.6011342e-004
 9.2711084e-004
 8.8757410e-004
 8.5162086e-004
 8.2936592e-004
 8.3093980e-004
 8.6645264e-004
 9.4313285e-004
 1.0516100e-003
 1.1764941e-003
 1.3024660e-003
 1.4141834e-003
 1.4963039e-003
 1.5334877e-003
 1.5137503e-003
 1.4443861e-003
 1.3394787e-003
 1.2130869e-003
 1.0793653e-003
 9.5237646e-004
 8.4621145e-004
 7.7287731e-004
 7.3274691e-004
 7.2204386e-004
 7.3700905e-004
 7.7389483e-004
 8.2892377e-004
 8.9834328e-004
 9.7832875e-004
 1.0646885e-003
 1.1531250e-003
 1.2392757e-003
 1.3188432e-003
 1.3875082e-003
 1.4409625e-003
 1.4753893e-003
 1.4899358e-003
 1.4847385e-003
 1.4599268e-003
 1.4156500e-003
 1.3520421e-003
 1.2692404e-003
 1.1684719e-003
 1.0569025e-003
 9.4381353e-004
 8.3840662e-004
 7.4990955e-004
 6.8753888e-004
 6.6055381e-004
 6.7587651e-004
 7.2804745e-004
 8.0744509e-004
 9.0438360e-004
 1.0092331e-003
 1.1123471e-003
 1.2040801e-003
 1.2749463e-003
 1.3210420e-003
 1.3457857e-003
 1.3530568e-003
 1.3467317e-003
 1.3306937e-003
 1.3088221e-003
 1.2849962e-003
 1.2630568e-003
 1.2455864e-003
 1.2335236e-003
 1.2277062e-003
 1.2289721e-003
 1.2381626e-003
 1.2561113e-003
 1.2836574e-003
 1.3215764e-003
 1.3683673e-003
 1.4195971e-003
 1.4706790e-003
 1.5170171e-003
 1.5540225e-003
 1.5770800e-003
 1.5816035e-003
 1.5631261e-003
 1.5218135e-003
 1.4636895e-003
 1.3951182e-003
 1.3224710e-003
 1.2521191e-003
 1.1904209e-003
 1.1437784e-003
 1.1183986e-003
 1.1152710e-003
 1.1288926e-003
 1.1533427e-003
 1.1827092e-003
 1.2110791e-003
 1.2325430e-003
 1.2411763e-003
 1.2312232e-003
 1.2021359e-003
 1.1597786e-003
 1.1103969e-003
 1.0602742e-003
 1.0156573e-003
 9.8280434e-004
 9.6797239e-004
 9.7728043e-004
 1.0118494e-003
 1.0667386e-003
 1.1366592e-003
 1.2162684e-003
 1.3002746e-003
 1.3833700e-003
 1.4602469e-003
 1.5257018e-003
 1.5774623e-003
 1.6168951e-003
 1.6455640e-003
 1.6650357e-003
 1.6768652e-003
 1.6826214e-003
 1.6838679e-003
 1.6821619e-003
 1.6788701e-003
 1.6751289e-003
 1.6720621e-003
 1.6707922e-003
 1.6724441e-003
 1.6781399e-003
 1.6890030e-003
 1.7060926e-003
 1.7284347e-003
 1.7526250e-003
 1.7751363e-003
 1.7924361e-003
 1.8009931e-003
 1.7972701e-003
 1.7777383e-003
 1.7389882e-003
 1.6814290e-003
 1.6100071e-003
 1.5298850e-003
 1.4462366e-003
 1.3642358e-003
 1.2890400e-003
 1.2258599e-003
 1.1797446e-003
 1.1525234e-003
 1.1422675e-003
 1.1468420e-003
 1.1641040e-003
 1.1919140e-003
 1.2281423e-003
 1.2706328e-003
 1.3172689e-003
 1.3663879e-003
 1.4168560e-003
 1.4675809e-003
 1.5174333e-003
 1.5653212e-003
 1.6101402e-003
 1.6507945e-003
 1.6861620e-003
 1.7151912e-003
 1.7368689e-003
 1.7501863e-003
 1.7541258e-003
 1.7476805e-003
 1.7298395e-003
 1.6995831e-003
 1.6559780e-003
 1.5998934e-003
 1.5342595e-003
 1.4621170e-003
 1.3864874e-003
 1.3104480e-003
 1.2370215e-003
 1.1692478e-003
 1.1100941e-003
 1.0608551e-003
 1.0208675e-003
 9.8938297e-004
 9.6564769e-004
 9.4892451e-004
 9.3845814e-004
 9.3350001e-004
 9.3330152e-004
 9.3710877e-004
 9.4398792e-004
 9.5281162e-004
 9.6244214e-004
 9.7174372e-004
 9.7957393e-004
 9.8479714e-004
 9.8627585e-004
 9.8287058e-004
 9.7344478e-004
 9.5693371e-004
 9.3424332e-004
 9.0843090e-004
 8.8265707e-004
 8.6010096e-004
 8.4392243e-004
 8.3728787e-004
 8.4336684e-004
 8.6532324e-004
 9.0632308e-004
 9.6936949e-004
 1.0531633e-003
 1.1516798e-003
 1.2587211e-003
 1.3680721e-003
 1.4735176e-003
 1.5688631e-003
 1.6478469e-003
 1.7042777e-003
 1.7319403e-003
 1.7248648e-003
 1.6836009e-003
 1.6156327e-003
 1.5287793e-003
 1.4308350e-003
 1.3296667e-003
 1.2330709e-003
 1.1488660e-003
 1.0848586e-003
 1.0488993e-003
 1.0485029e-003
 1.0839761e-003
 1.1480188e-003
 1.2329912e-003
 1.3311894e-003
 1.4349695e-003
 1.5366693e-003
 1.6286471e-003
 1.7031956e-003
 1.7526761e-003
 1.7696917e-003
 1.7533936e-003
 1.7097674e-003
 1.6451086e-003
 1.5657123e-003
 1.4778733e-003
 1.3878657e-003
 1.3020292e-003
 1.2266370e-003
 1.1679844e-003
 1.1321449e-003
 1.1199848e-003
 1.1269667e-003
 1.1483193e-003
 1.1792799e-003
 1.2150615e-003
 1.2508997e-003
 1.2820234e-003
 1.3036611e-003
 1.3110418e-003
 1.2995666e-003
 1.2688286e-003
 1.2226662e-003
 1.1650932e-003
 1.1001664e-003
 1.0319016e-003
 9.6432713e-004
 9.0145768e-004
 8.4735238e-004
 8.0602372e-004
 7.8136212e-004
 7.7405391e-004
 7.8157271e-004
 8.0124469e-004
 8.3039980e-004
 8.6636789e-004
 9.0648851e-004
 9.4807218e-004
 9.8845782e-004
 1.0249752e-003
 1.0550449e-003
 1.0779783e-003
 1.0950045e-003
 1.1074260e-003
 1.1165473e-003
 1.1236668e-003
 1.1300890e-003
 1.1371168e-003
 1.1460526e-003
 1.1582017e-003
 1.1748141e-003
 1.1960933e-003
 1.2212081e-003
 1.2492916e-003
 1.2794558e-003
 1.3108331e-003
 1.3425490e-003
 1.3737367e-003
 1.4035071e-003
 1.4309931e-003
 1.4553483e-003
 1.4763224e-003
 1.4942460e-003
 1.5094614e-003
 1.5223242e-003
 1.5331848e-003
 1.5423959e-003
 1.5503042e-003
 1.5572624e-003
 1.5636211e-003
 1.5697042e-003
 1.5752190e-003
 1.5792932e-003
 1.5810296e-003
 1.5795298e-003
 1.5738973e-003
 1.5632347e-003
 1.5466447e-003
 1.5232300e-003
 1.4920848e-003
 1.4524155e-003
 1.4052594e-003
 1.3534098e-003
 1.2997171e-003
 1.2470693e-003
 1.1983165e-003
 1.1563209e-003
 1.1239385e-003
 1.1040480e-003
 1.0995023e-003
 1.1129973e-003
 1.1438162e-003
 1.1880689e-003
 1.2417092e-003
 1.3007224e-003
 1.3610841e-003
 1.4187833e-003
 1.4697675e-003
 1.5100267e-003
 1.5355368e-003
 1.5424711e-003
 1.5309578e-003
 1.5047844e-003
 1.4678710e-003
 1.4241377e-003
 1.3774934e-003
 1.3318810e-003
 1.2912099e-003
 1.2594002e-003
 1.2403687e-003
 1.2378581e-003
 1.2519128e-003
 1.2792294e-003
 1.3163910e-003
 1.3599528e-003
 1.4064963e-003
 1.4525950e-003
 1.4948313e-003
 1.5297587e-003
 1.5539610e-003
 1.5641805e-003
 1.5603998e-003
 1.5455163e-003
 1.5225445e-003
 1.4944886e-003
 1.4643550e-003
 1.4351439e-003
 1.4098764e-003
 1.3915519e-003
 1.3831769e-003
 1.3876171e-003
 1.4050299e-003
 1.4331666e-003
 1.4696958e-003
 1.5122861e-003
 1.5586170e-003
 1.6063341e-003
 1.6531168e-003
 1.6966333e-003
 1.7345600e-003
 1.7646332e-003
 1.7862057e-003
 1.8000177e-003
 1.8068580e-003
 1.8075120e-003
 1.8027694e-003
 1.7934184e-003
 1.7802470e-003
 1.7640388e-003
 1.7455900e-003
 1.7256668e-003
 1.7047165e-003
 1.6828998e-003
 1.6603841e-003
 1.6373215e-003
 1.6138684e-003
 1.5901761e-003
 1.5664131e-003
 1.5427303e-003
 1.5192847e-003
 1.4962479e-003
 1.4740509e-003
 1.4533661e-003
 1.4348583e-003
 1.4191972e-003
 1.4070498e-003
 1.3990920e-003
 1.3959903e-003
 1.3984143e-003
 1.4070363e-003
 1.4224605e-003
 1.4442159e-003
 1.4709145e-003
 1.5011455e-003
 1.5334779e-003
 1.5665005e-003
 1.5987962e-003
 1.6289474e-003
 1.6555429e-003
 1.6771520e-003
 1.6924428e-003
 1.7014168e-003
 1.7051990e-003
 1.7049478e-003
 1.7018244e-003
 1.6969884e-003
 1.6915983e-003
 1.6868168e-003
 1.6838023e-003
 1.6837146e-003
 1.6876383e-003
 1.6954027e-003
 1.7057884e-003
 1.7175502e-003
 1.7294413e-003
 1.7402176e-003
 1.7486265e-003
 1.7534243e-003
 1.7533642e-003
 1.7471972e-003
 1.7337765e-003
 1.7135491e-003
 1.6882699e-003
 1.6597320e-003
 1.6297215e-003
 1.6000461e-003
 1.5724922e-003
 1.5488527e-003
 1.5309176e-003
 1.5204888e-003
 1.5192346e-003
 1.5268874e-003
 1.5416160e-003
 1.5615318e-003
 1.5847569e-003
 1.6094102e-003
 1.6336169e-003
 1.6554836e-003
 1.6731358e-003
 1.6846926e-003
 1.6883899e-003
 1.6843153e-003
 1.6740406e-003
 1.6591764e-003
 1.6413339e-003
 1.6221197e-003
 1.6031541e-003
 1.5860433e-003
 1.5723987e-003
 1.5638298e-003
 1.5618557e-003
 1.5664893e-003
 1.5765645e-003
 1.5908820e-003
 1.6082476e-003
 1.6274537e-003
 1.6473057e-003
 1.6666045e-003
 1.6841554e-003
 1.6987507e-003
 1.7092626e-003
 1.7155684e-003
 1.7183340e-003
 1.7182446e-003
 1.7159875e-003
 1.7122488e-003
 1.7077149e-003
 1.7030708e-003
 1.6990060e-003
 1.6962045e-003
 1.6953150e-003
 1.6964095e-003
 1.6991153e-003
 1.7030487e-003
 1.7078267e-003
 1.7130664e-003
 1.7183820e-003
 1.7233910e-003
 1.7277101e-003
 1.7309560e-003
 1.7327664e-003
 1.7331089e-003
 1.7322007e-003
 1.7302649e-003
 1.7275241e-003
 1.7242027e-003
 1.7205235e-003
 1.7167097e-003
 1.7129839e-003
 1.7095709e-003
 1.7066891e-003
 1.7044985e-003
 1.7031147e-003
 1.7026529e-003
 1.7032274e-003
 1.7049528e-003
 1.7079437e-003
 1.7123159e-003
 1.7181822e-003
 1.7256578e-003
 1.7348129e-003
 1.7450817e-003
 1.7554186e-003
 1.7647729e-003
 1.7720925e-003
 1.7763254e-003
 1.7764173e-003
 1.7713164e-003
 1.7599710e-003
 1.7413284e-003
 1.7144576e-003
 1.6802464e-003
 1.6408841e-003
 1.5985955e-003
 1.5555959e-003
 1.5141305e-003
 1.4764146e-003
 1.4446730e-003
 1.4211265e-003
 1.4080114e-003
 1.4073550e-003
 1.4185696e-003
 1.4391736e-003
 1.4666265e-003
 1.4984023e-003
 1.5319705e-003
 1.5648013e-003
 1.5943707e-003
 1.6181343e-003
 1.6335694e-003
 1.6383408e-003
 1.6327355e-003
 1.6189268e-003
 1.5991247e-003
 1.5755404e-003
 1.5503780e-003
 1.5258610e-003
 1.5041941e-003
 1.4875879e-003
 1.4782530e-003
 1.4782402e-003
 1.4874619e-003
 1.5043173e-003
 1.5271758e-003
 1.5544130e-003
 1.5843841e-003
 1.6154647e-003
 1.6460229e-003
 1.6744344e-003
 1.6990540e-003
 1.7183594e-003
 1.7321380e-003
 1.7410987e-003
 1.7459702e-003
 1.7474777e-003
 1.7463503e-003
 1.7433161e-003
 1.7391016e-003
 1.7344364e-003
 1.7300472e-003
 1.7266246e-003
 1.7243780e-003
 1.7231875e-003
 1.7229251e-003
 1.7234628e-003
 1.7246734e-003
 1.7264294e-003
 1.7286023e-003
 1.7310652e-003
 1.7336902e-003
 1.7363519e-003
 1.7389457e-003
 1.7413839e-003
 1.7435786e-003
 1.7454419e-003
 1.7468849e-003
 1.7478206e-003
 1.7481603e-003
 1.7478162e-003
 1.7467005e-003
 1.7447389e-003
 1.7420319e-003
 1.7387968e-003
 1.7352526e-003
 1.7316206e-003
 1.7281196e-003
 1.7249697e-003
 1.7223897e-003
 1.7206006e-003
 1.7198215e-003
 1.7202530e-003
 1.7218621e-003
 1.7244590e-003
 1.7278523e-003
 1.7318500e-003
 1.7362601e-003
 1.7408923e-003
 1.7455522e-003
 1.7500492e-003
 1.7541914e-003
 1.7577993e-003
 1.7608303e-003
 1.7633355e-003
 1.7653670e-003
 1.7669772e-003
 1.7682172e-003
 1.7691393e-003
 1.7697955e-003
 1.7702383e-003
 1.7705188e-003
 1.7706880e-003
 1.7707723e-003
 1.7707837e-003
 1.7707343e-003
 1.7706357e-003
 1.7704997e-003
 1.7703383e-003
 1.7701630e-003
 1.7699859e-003
 1.7698182e-003
 1.7696717e-003
 1.7695470e-003
 1.7694398e-003
 1.7693448e-003
 1.7692572e-003
 1.7691719e-003
 1.7690841e-003
 1.7689887e-003
 1.7688810e-003
 1.7687557e-003
 1.7686444e-003
 1.7689874e-003
 1.7704853e-003
 1.7738425e-003
 1.7797652e-003
 1.7889553e-003
 1.8021183e-003
 1.8199586e-003
 1.8431809e-003
 1.8724971e-003
 1.9085505e-003
 1.9514688e-003
 2.0010399e-003
 2.0570597e-003
 2.1192841e-003
 2.1875072e-003
 2.2615120e-003
 2.3410995e-003
 2.4260147e-003
 2.5160571e-003
 2.6108902e-003
 2.7088590e-003
 2.8075187e-003
 2.9043399e-003
 2.9968664e-003
 3.0826160e-003
 3.1591256e-003
 3.2238772e-003
 3.2744091e-003
 3.3082403e-003
 3.3231413e-003
 3.3195738e-003
 3.2996631e-003
 3.2655518e-003
 3.2193705e-003
 3.1632849e-003
 3.0994278e-003
 3.0299413e-003
 2.9569697e-003
 2.8826371e-003
 2.8090053e-003
 2.7368378e-003
 2.6661663e-003
 2.5969928e-003
 2.5293720e-003
 2.4633065e-003
 2.3988171e-003
 2.3359086e-003
 2.2746313e-003
 2.2149901e-003
 2.1570304e-003
 2.1010556e-003
 2.0475127e-003
 1.9968874e-003
 1.9496286e-003
 1.9061962e-003
 1.8670425e-003
 1.8326472e-003
 1.8034613e-003
 1.7799455e-003
 1.7624635e-003
 1.7504266e-003
 1.7426650e-003
 1.7380062e-003
 1.7352788e-003
 1.7333094e-003
 1.7309271e-003
 1.7269590e-003
 1.7202332e-003
 1.7095744e-003
 1.6939662e-003
 1.6739169e-003
 1.6508268e-003
 1.6261009e-003
 1.6011627e-003
 1.5774177e-003
 1.5562769e-003
 1.5391482e-003
 1.5274510e-003
 1.5225923e-003
 1.5258123e-003
 1.5366507e-003
 1.5536745e-003
 1.5754258e-003
 1.6004593e-003
 1.6273255e-003
 1.6545816e-003
 1.6807651e-003
 1.7044335e-003
 1.7241373e-003
 1.7385788e-003
 1.7479116e-003
 1.7531276e-003
 1.7552243e-003
 1.7551999e-003
 1.7540514e-003
 1.7527777e-003
 1.7523755e-003
 1.7538433e-003
 1.7581796e-003
 1.7662111e-003
 1.7771315e-003
 1.7892175e-003
 1.8007385e-003
 1.8099557e-003
 1.8151391e-003
 1.8145553e-003
 1.8064709e-003
 1.7891481e-003
 1.7608615e-003
 1.7201414e-003
 1.6680597e-003
 1.6070753e-003
 1.5397075e-003
 1.4684321e-003
 1.3957390e-003
 1.3241009e-003
 1.2560420e-003
 1.1940346e-003
 1.1405682e-003
 1.0981323e-003
 1.0689590e-003
 1.0529406e-003
 1.0486600e-003
 1.0546962e-003
 1.0696321e-003
 1.0920393e-003
 1.1204988e-003
 1.1535893e-003
 1.1898985e-003
 1.2279876e-003
 1.2664434e-003
 1.3038449e-003
 1.3387785e-003
 1.3698059e-003
 1.3956304e-003
 1.4160043e-003
 1.4312473e-003
 1.4416862e-003
 1.4476414e-003
 1.4494408e-003
 1.4474097e-003
 1.4418714e-003
 1.4331536e-003
 1.4215806e-003
 1.4074772e-003
 1.3911645e-003
 1.3729754e-003
 1.3532314e-003
 1.3322575e-003
 1.3103789e-003
 1.2879149e-003
 1.2652017e-003
 1.2425429e-003
 1.2201027e-003
 1.1979647e-003
 1.1762278e-003
 1.1549748e-003
 1.1342936e-003
 1.1142680e-003
 1.0949954e-003
 1.0765593e-003
 1.0590479e-003
 1.0425491e-003
 1.0271478e-003
 1.0129393e-003
 1.0000080e-003
 9.8844199e-004
 9.7832736e-004
 9.6975686e-004
 9.6281630e-004
 9.5759373e-004
 9.5417647e-004
 9.5265463e-004
 9.5311529e-004
 9.5563073e-004
 9.6013956e-004
 9.6650794e-004
 9.7460445e-004
 9.8429690e-004
 9.9545298e-004
 1.0079438e-003
 1.0216307e-003
 1.0363847e-003
 1.0520734e-003
 1.0685686e-003
 1.0857303e-003
 1.1034298e-003
 1.1215351e-003
 1.1399183e-003
 1.1584384e-003
 1.1769675e-003
 1.1953735e-003
 1.2135239e-003
 1.2312909e-003
 1.2485336e-003
 1.2651240e-003
 1.2809300e-003
 1.2958231e-003
 1.3096634e-003
 1.3223225e-003
 1.3336823e-003
 1.3437445e-003
 1.3525606e-003
 1.3601908e-003
 1.3666924e-003
 1.3721224e-003
 1.3765390e-003
 1.3799977e-003
 1.3825569e-003
 1.3842734e-003
 1.3852053e-003
 1.3854090e-003
 1.3849421e-003
 1.3838619e-003
 1.3822253e-003
 1.3800903e-003
 1.3775139e-003
 1.3745532e-003
 1.3712649e-003
 1.3677079e-003
 1.3639383e-003
 1.3600136e-003
 1.3559912e-003
 1.3519274e-003
 1.3478813e-003
 1.3439093e-003
 1.3400685e-003
 1.3364154e-003
 1.3330089e-003
 1.3299058e-003
 1.3271584e-003
 1.3247809e-003
 1.3227719e-003
 1.3211276e-003
 1.3198453e-003
 1.3189223e-003
 1.3183551e-003
 1.3181410e-003
 1.3182772e-003
 1.3187607e-003
 1.3195887e-003
 1.3207580e-003
 1.3222657e-003
 1.3241089e-003
 1.3262852e-003
 1.3287907e-003
 1.3316227e-003
 1.3347785e-003
 1.3382551e-003
 1.3420506e-003
 1.3461602e-003
 1.3505818e-003
 1.3553123e-003
 1.3603503e-003
 1.3656900e-003
 1.3713303e-003
 1.3772678e-003
 1.3835012e-003
 1.3900247e-003
 1.3968364e-003
 1.4039339e-003
 1.4113138e-003
 1.4189736e-003
 1.4268899e-003
 1.4350393e-003
 1.4433957e-003
 1.4519357e-003
 1.4606295e-003
 1.4694531e-003
 1.4783811e-003
 1.4873896e-003
 1.4964486e-003
 1.5055347e-003
 1.5146222e-003
 1.5236874e-003
 1.5327001e-003
 1.5416370e-003
 1.5504721e-003
 1.5591800e-003
 1.5677367e-003
 1.5761124e-003
 1.5842835e-003
 1.5922243e-003
 1.5999110e-003
 1.6073139e-003
 1.6144093e-003
 1.6211714e-003
 1.6275758e-003
 1.6335943e-003
 1.6392018e-003
 1.6443735e-003
 1.6490830e-003
 1.6533060e-003
 1.6570144e-003
 1.6601881e-003
 1.6628389e-003
 1.6649924e-003
 1.6666739e-003
 1.6679098e-003
 1.6687254e-003
 1.6691472e-003
 1.6692004e-003
 1.6689110e-003
 1.6683048e-003
 1.6674078e-003
 1.6662453e-003
 1.6648438e-003
 1.6632287e-003
 1.6614259e-003
 1.6594605e-003
 1.6573597e-003
 1.6551486e-003
 1.6528529e-003
 1.6504979e-003
 1.6481107e-003
 1.6457164e-003
 1.6433409e-003
 1.6410094e-003
 1.6387487e-003
 1.6365842e-003
 1.6345417e-003
 1.6326469e-003
 1.6309253e-003
 1.6294036e-003
 1.6281069e-003
 1.6270615e-003
 1.6262878e-003
 1.6257748e-003
 1.6254969e-003
 1.6254288e-003
 1.6255452e-003
 1.6258206e-003
 1.6262300e-003
 1.6267475e-003
 1.6273482e-003
 1.6280067e-003
 1.6286975e-003
 1.6293952e-003
 1.6300748e-003
 1.6307107e-003
 1.6312774e-003
 1.6317497e-003
 1.6321024e-003
 1.6323100e-003
 1.6323470e-003
 1.6321883e-003
 1.6318086e-003
 1.6311823e-003
 1.6302840e-003
 1.6290885e-003
 1.6275709e-003
 1.6257053e-003
 1.6234658e-003
 1.6208284e-003
 1.6177670e-003
 1.6142563e-003
 1.6102702e-003
 1.6057849e-003
 1.6007888e-003
 1.5953655e-003
 1.5896349e-003
 1.5837217e-003
 1.5777461e-003
 1.5718298e-003
 1.5660943e-003
 1.5606601e-003
 1.5556517e-003
 1.5511889e-003
 1.5473941e-003
 1.5443874e-003
 1.5422925e-003
 1.5412302e-003
 1.5413221e-003
 1.5426904e-003
 1.5454560e-003
 1.5497407e-003
 1.5556662e-003
 1.5633542e-003
 1.5729291e-003
 1.5845073e-003
 1.5982133e-003
 1.6141685e-003
 1.6324988e-003
 1.6533177e-003
 1.6767505e-003
 1.7029193e-003
 1.7319525e-003
 1.7639584e-003
 1.7990650e-003
 1.8373941e-003
 1.8790441e-003
 1.9239805e-003
 1.9720807e-003
 2.0232536e-003
 2.0773974e-003
 2.1344253e-003
 2.1942086e-003
 2.2566586e-003
 2.3216745e-003
 2.3891712e-003
 2.4590148e-003
 2.5311201e-003
 2.6053856e-003
 2.6817282e-003
 2.7600103e-003
 2.8401481e-003
 2.9220406e-003
 3.0055863e-003
 3.0907043e-003
 3.1772524e-003
 3.2651499e-003
 3.3542949e-003
 3.4446078e-003
 3.5359440e-003
 3.6282237e-003
 3.7213454e-003
 3.8152300e-003
 3.9097322e-003
 4.0047718e-003
 4.1002482e-003
 4.1960594e-003
 4.2921272e-003
 4.3883086e-003
 4.4845534e-003
 4.5807976e-003
 4.6770000e-003
 4.7730501e-003
 4.8689083e-003
 4.9645090e-003
 5.0598118e-003
 5.1547070e-003
 5.2491529e-003
 5.3430856e-003
 5.4364414e-003
 5.5291778e-003
 5.6211879e-003
 5.7124277e-003
 5.8028353e-003
 5.8923657e-003
 5.9809140e-003
 6.0684364e-003
 6.1548701e-003
 6.2401700e-003
 6.3242316e-003
 6.4070127e-003
 6.4884480e-003
 6.5684733e-003
 6.6470439e-003
 6.7240573e-003
 6.7994692e-003
 6.8732151e-003
 6.9452487e-003
 7.0154713e-003
 7.0838351e-003
 7.1502859e-003
 7.2148340e-003
 7.2774612e-003
 7.3381965e-003
 7.3970524e-003
 7.4540554e-003
 7.5091911e-003
 7.5624865e-003
 7.6139537e-003
 7.6636071e-003
 7.7114701e-003
 7.7575324e-003
 7.8018191e-003
 7.8443429e-003
 7.8851264e-003
 7.9241628e-003
 7.9614753e-003
 7.9970760e-003
 8.0309873e-003
 8.0632055e-003
 8.0937510e-003
 8.1226379e-003
 8.1498772e-003
 8.1754895e-003
 8.1994738e-003
 8.2218517e-003
 8.2426341e-003
 8.2618399e-003
 8.2794717e-003
 8.2955491e-003
 8.3100824e-003
 8.3230883e-003
 8.3345724e-003
 8.3445404e-003
 8.3529903e-003
 8.3599221e-003
 8.3653359e-003
 8.3692288e-003
 8.3715990e-003
 8.3724484e-003
 8.3717732e-003
 8.3695734e-003
 8.3658509e-003
 8.3606010e-003
 8.3538210e-003
 8.3455164e-003
 8.3356835e-003
 8.3243204e-003
 8.3114235e-003
 8.2969973e-003
 8.2810391e-003
 8.2635479e-003
 8.2445219e-003
 8.2239555e-003
 8.2018571e-003
 8.1782220e-003
 8.1530493e-003
 8.1263306e-003
 8.0980780e-003
 8.0682840e-003
 8.0369487e-003
 8.0040628e-003
 7.9696402e-003
 7.9336734e-003
 7.8961765e-003
 7.8572445e-003
 7.8169899e-003
 7.7755526e-003
 7.7330456e-003
 7.6895896e-003
 7.6452973e-003
 7.6003093e-003
 7.5547379e-003
 7.5087044e-003
 7.4623190e-003
 7.4157263e-003
 7.3690354e-003
 7.3223696e-003
 7.2758491e-003
 7.2295852e-003
 7.1837218e-003
 7.1383687e-003
 7.0936480e-003
 7.0496704e-003
 7.0065791e-003
 6.9644852e-003
 6.9235098e-003
 6.8837646e-003
 6.8453914e-003
 6.8085007e-003
 6.7732153e-003
 6.7396495e-003
 6.7079393e-003
 6.6781989e-003
 6.6505503e-003
 6.6251140e-003
 6.6019748e-003
 6.5810704e-003
 6.5622688e-003
 6.5454473e-003
 6.5304781e-003
 6.5172436e-003
 6.5056165e-003
 6.4954716e-003
 6.4866845e-003
 6.4791325e-003
 6.4726905e-003
 6.4672343e-003
 6.4626401e-003
 6.4587812e-003
 6.4555369e-003
 6.4527807e-003
 6.4503886e-003
 6.4482363e-003
 6.4462004e-003
 6.4441562e-003
 6.4419783e-003
 6.4395429e-003
 6.4367275e-003
 6.4334059e-003
 6.4294548e-003
 6.4247488e-003
 6.4191637e-003
 6.4125760e-003
 6.4048627e-003
 6.3958974e-003
 6.3855541e-003
 6.3737137e-003
 6.3602845e-003
 6.3453512e-003
 6.3290438e-003
 6.3115046e-003
 6.2928651e-003
 6.2732589e-003
 6.2528220e-003
 6.2316819e-003
 6.2099858e-003
 6.1878609e-003
 6.1654430e-003
 6.1428617e-003
 6.1202617e-003
 6.0977726e-003
 6.0755289e-003
 6.0536601e-003
 6.0323114e-003
 6.0116118e-003
 5.9916959e-003
 5.9726941e-003
 5.9547503e-003
 5.9379945e-003
 5.9225606e-003
 5.9085842e-003
 5.8961953e-003
 5.8855368e-003
 5.8767386e-003
 5.8699362e-003
 5.8652628e-003
 5.8628563e-003
 5.8628479e-003
 5.8653741e-003
 5.8705318e-003
 5.8782375e-003
 5.8883624e-003
 5.9007746e-003
 5.9153447e-003
 5.9319460e-003
 5.9504383e-003
 5.9706960e-003
 5.9925881e-003
 6.0159895e-003
 6.0407585e-003
 6.0667703e-003
 6.0938923e-003
 6.1220024e-003
 6.1509553e-003
 6.1806287e-003
 6.2108901e-003
 6.2416089e-003
 6.2726624e-003
 6.3039050e-003
 6.3352128e-003
 6.3664550e-003
 6.3975095e-003
 6.4282292e-003
 6.4584920e-003
 6.4881667e-003
 6.5171295e-003
 6.5452354e-003
 6.5723616e-003
 6.5983767e-003
 6.6231554e-003
 6.6465558e-003
 6.6684936e-003
 6.6890605e-003
 6.7083947e-003
 6.7266407e-003
 6.7439289e-003
 6.7604030e-003
 6.7762029e-003
 6.7914720e-003
 6.8063419e-003
 6.8209572e-003
 6.8354541e-003
 6.8499795e-003
 6.8646627e-003
 6.8796487e-003
 6.8950765e-003
 6.9110864e-003
 6.9278199e-003
 6.9454103e-003
 6.9639999e-003
 6.9837291e-003
 7.0047425e-003
 7.0271683e-003
 7.0511517e-003
 7.0768329e-003
 7.1043577e-003
 7.1338518e-003
 7.1654618e-003
 7.1993270e-003
 7.2355862e-003
 7.2743897e-003
 7.3158583e-003
 7.3601389e-003
 7.4073356e-003
 7.4574086e-003
 7.5102411e-003
 7.5657517e-003
 7.6238494e-003
 7.6844567e-003
 7.7474504e-003
 7.8127543e-003
 7.8802761e-003
 7.9499381e-003
 8.0216154e-003
 8.0952337e-003
 8.1706997e-003
 8.2479194e-003
 8.3268220e-003
 8.4072761e-003
 8.4892092e-003
 8.5725263e-003
 8.6571574e-003
 8.7429695e-003
 8.8298908e-003
 8.9178290e-003
 9.0067107e-003
 9.0964027e-003
 9.1868332e-003
 9.2779119e-003
 9.3695447e-003
 9.4616590e-003
 9.5541235e-003
 9.6468646e-003
 9.7397901e-003
 9.8328302e-003
