splib07b Record=7377:  error bars to preceding                
 3.1451860e-001
 3.1451860e-001
 2.9940039e-001
 2.8433418e-001
 2.6934981e-001
 2.5447914e-001
 2.3975217e-001
 2.2519872e-001
 2.1085070e-001
 1.9673735e-001
 1.8289055e-001
 1.6934018e-001
 1.5611622e-001
 1.4325044e-001
 1.3077278e-001
 1.1871328e-001
 1.0710359e-001
 9.5973693e-002
 8.5353717e-002
 7.5275175e-002
 6.5768115e-002
 5.6862723e-002
 4.8590373e-002
 4.0981196e-002
 3.4065485e-002
 2.7870663e-002
 2.2383917e-002
 1.7568868e-002
 1.3389462e-002
 9.8088328e-003
 6.7908037e-003
 4.2987242e-003
 2.2960268e-003
 7.4639358e-004
-3.8676523e-004
-1.1399500e-003
-1.5495978e-003
-1.6522277e-003
-1.4843270e-003
-1.0823868e-003
-4.8289821e-004
 2.7768221e-004
 1.1628009e-003
 2.1360479e-003
 3.1608418e-003
 4.2007384e-003
 5.2192952e-003
 6.1799297e-003
 7.0462013e-003
 7.7840518e-003
 8.3853146e-003
 8.8578211e-003
 9.2096189e-003
 9.4487006e-003
 9.5831137e-003
 9.6208882e-003
 9.5700473e-003
 9.4386209e-003
 9.2346314e-003
 8.9661228e-003
 8.6411154e-003
 8.2676206e-003
 7.8536998e-003
 7.4073663e-003
 6.9366260e-003
 6.4495485e-003
 5.9541450e-003
 5.4584183e-003
 4.9704416e-003
 4.4982024e-003
 4.0497691e-003
 3.6331497e-003
 3.2563561e-003
 2.9268626e-003
 2.6455885e-003
 2.4094048e-003
 2.2151524e-003
 2.0596406e-003
 1.9396839e-003
 1.8521139e-003
 1.7937418e-003
 1.7613940e-003
 1.7518861e-003
 1.7620395e-003
 1.7886739e-003
 1.8286090e-003
 1.8786674e-003
 1.9356643e-003
 1.9964227e-003
 2.0577647e-003
 2.1165051e-003
 2.1694666e-003
 2.2134713e-003
 2.2453354e-003
 2.2621125e-003
 2.2634759e-003
 2.2507603e-003
 2.2253259e-003
 2.1885303e-003
 2.1417371e-003
 2.0863055e-003
 2.0235924e-003
 1.9549632e-003
 1.8817757e-003
 1.8053860e-003
 1.7271615e-003
 1.6484588e-003
 1.5706342e-003
 1.4950554e-003
 1.4230752e-003
 1.3560605e-003
 1.2953655e-003
 1.2422611e-003
 1.1969189e-003
 1.1588117e-003
 1.1274064e-003
 1.1021636e-003
 1.0825460e-003
 1.0680181e-003
 1.0580423e-003
 1.0520810e-003
 1.0495982e-003
 1.0500562e-003
 1.0529185e-003
 1.0576478e-003
 1.0637071e-003
 1.0705598e-003
 1.0776685e-003
 1.0844963e-003
 1.0905066e-003
 1.0951943e-003
 1.0984346e-003
 1.1003501e-003
 1.1010669e-003
 1.1007119e-003
 1.0994112e-003
 1.0972912e-003
 1.0944786e-003
 1.0910998e-003
 1.0872812e-003
 1.0831495e-003
 1.0788307e-003
 1.0744513e-003
 1.0701384e-003
 1.0660177e-003
 1.0622160e-003
 1.0588599e-003
 1.0560312e-003
 1.0537035e-003
 1.0518328e-003
 1.0503748e-003
 1.0492855e-003
 1.0485216e-003
 1.0480384e-003
 1.0477921e-003
 1.0477391e-003
 1.0478348e-003
 1.0480358e-003
 1.0482979e-003
 1.0485771e-003
 1.0488296e-003
 1.0490114e-003
 1.0490947e-003
 1.0490929e-003
 1.0490257e-003
 1.0489130e-003
 1.0487745e-003
 1.0486298e-003
 1.0484988e-003
 1.0484015e-003
 1.0483572e-003
 1.0483860e-003
 1.0485075e-003
 1.0487416e-003
 1.0491079e-003
 1.0496262e-003
 1.0503164e-003
 1.0511886e-003
 1.0522289e-003
 1.0534195e-003
 1.0547427e-003
 1.0561807e-003
 1.0577157e-003
 1.0593298e-003
 1.0610056e-003
 1.0627251e-003
 1.0644703e-003
 1.0662236e-003
 1.0679674e-003
 1.0696837e-003
 1.0713546e-003
 1.0729628e-003
 1.0744969e-003
 1.0759641e-003
 1.0773741e-003
 1.0787366e-003
 1.0800612e-003
 1.0813579e-003
 1.0826363e-003
 1.0839064e-003
 1.0851776e-003
 1.0864598e-003
 1.0877628e-003
 1.0890962e-003
 1.0904698e-003
 1.0918933e-003
 1.0933715e-003
 1.0949068e-003
 1.0965017e-003
 1.0981584e-003
 1.0998790e-003
 1.1016659e-003
 1.1035214e-003
 1.1054480e-003
 1.1074474e-003
 1.1095222e-003
 1.1116748e-003
 1.1139062e-003
 1.1162075e-003
 1.1185611e-003
 1.1209500e-003
 1.1233571e-003
 1.1257651e-003
 1.1281564e-003
 1.1305147e-003
 1.1328220e-003
 1.1350613e-003
 1.1372151e-003
 1.1392668e-003
 1.1412017e-003
 1.1430437e-003
 1.1448436e-003
 1.1466527e-003
 1.1485219e-003
 1.1505026e-003
 1.1526458e-003
 1.1550030e-003
 1.1576253e-003
 1.1605639e-003
 1.1638695e-003
 1.1675941e-003
 1.1717830e-003
 1.1764140e-003
 1.1814150e-003
 1.1867139e-003
 1.1922374e-003
 1.1979139e-003
 1.2036699e-003
 1.2094340e-003
 1.2151331e-003
 1.2206946e-003
 1.2260453e-003
 1.2311139e-003
 1.2358329e-003
 1.2402077e-003
 1.2442978e-003
 1.2481620e-003
 1.2518596e-003
 1.2554503e-003
 1.2589939e-003
 1.2625488e-003
 1.2661755e-003
 1.2699331e-003
 1.2738809e-003
 1.2780780e-003
 1.2825795e-003
 1.2873679e-003
 1.2923774e-003
 1.2975393e-003
 1.3027855e-003
 1.3080473e-003
 1.3132573e-003
 1.3183466e-003
 1.3232480e-003
 1.3278928e-003
 1.3322127e-003
 1.3361393e-003
 1.3396119e-003
 1.3426605e-003
 1.3453835e-003
 1.3478795e-003
 1.3502478e-003
 1.3525872e-003
 1.3549974e-003
 1.3575770e-003
 1.3604255e-003
 1.3636420e-003
 1.3673255e-003
 1.3715747e-003
 1.3764802e-003
 1.3820005e-003
 1.3879980e-003
 1.3943349e-003
 1.4008719e-003
 1.4074690e-003
 1.4139885e-003
 1.4202909e-003
 1.4262368e-003
 1.4316877e-003
 1.4365043e-003
 1.4405478e-003
 1.4436900e-003
 1.4459657e-003
 1.4475266e-003
 1.4485294e-003
 1.4491291e-003
 1.4494811e-003
 1.4497415e-003
 1.4500656e-003
 1.4506092e-003
 1.4515278e-003
 1.4529771e-003
 1.4551125e-003
 1.4580783e-003
 1.4618590e-003
 1.4663183e-003
 1.4713189e-003
 1.4767220e-003
 1.4823891e-003
 1.4881815e-003
 1.4939622e-003
 1.4995913e-003
 1.5049319e-003
 1.5098449e-003
 1.5141922e-003
 1.5178444e-003
 1.5208067e-003
 1.5231840e-003
 1.5250841e-003
 1.5266148e-003
 1.5278836e-003
 1.5289984e-003
 1.5300666e-003
 1.5311962e-003
 1.5324947e-003
 1.5340698e-003
 1.5360292e-003
 1.5384736e-003
 1.5413988e-003
 1.5447221e-003
 1.5483581e-003
 1.5522224e-003
 1.5562297e-003
 1.5602948e-003
 1.5643324e-003
 1.5682585e-003
 1.5719871e-003
 1.5754339e-003
 1.5785134e-003
 1.5811464e-003
 1.5833345e-003
 1.5851427e-003
 1.5866364e-003
 1.5878818e-003
 1.5889447e-003
 1.5898913e-003
 1.5907872e-003
 1.5916987e-003
 1.5926914e-003
 1.5938315e-003
 1.5951847e-003
 1.5968131e-003
 1.5987138e-003
 1.6008356e-003
 1.6031255e-003
 1.6055299e-003
 1.6079966e-003
 1.6104722e-003
 1.6129038e-003
 1.6152387e-003
 1.6174235e-003
 1.6194050e-003
 1.6211309e-003
 1.6225509e-003
 1.6236616e-003
 1.6244955e-003
 1.6250866e-003
 1.6254686e-003
 1.6256749e-003
 1.6257390e-003
 1.6256954e-003
 1.6255769e-003
 1.6254176e-003
 1.6252510e-003
 1.6251111e-003
 1.6250301e-003
 1.6250260e-003
 1.6251036e-003
 1.6252686e-003
 1.6255259e-003
 1.6258808e-003
 1.6263380e-003
 1.6269032e-003
 1.6275812e-003
 1.6283771e-003
 1.6292962e-003
 1.6303435e-003
 1.6315232e-003
 1.6328221e-003
 1.6342128e-003
 1.6356682e-003
 1.6371609e-003
 1.6386637e-003
 1.6401489e-003
 1.6415898e-003
 1.6429581e-003
 1.6442272e-003
 1.6453692e-003
 1.6463571e-003
 1.6471670e-003
 1.6478255e-003
 1.6484017e-003
 1.6489649e-003
 1.6495851e-003
 1.6503314e-003
 1.6512740e-003
 1.6524823e-003
 1.6540257e-003
 1.6559738e-003
 1.6583968e-003
 1.6613635e-003
 1.6649287e-003
 1.6688950e-003
 1.6728626e-003
 1.6764256e-003
 1.6791791e-003
 1.6807172e-003
 1.6806346e-003
 1.6785258e-003
 1.6739852e-003
 1.6666068e-003
 1.6559865e-003
 1.6417186e-003
 1.6234270e-003
 1.6012542e-003
 1.5757611e-003
 1.5475204e-003
 1.5171076e-003
 1.4850931e-003
 1.4520464e-003
 1.4185435e-003
 1.3851569e-003
 1.3524593e-003
 1.3210267e-003
 1.2914285e-003
 1.2642138e-003
 1.2395849e-003
 1.2174522e-003
 1.1977174e-003
 1.1802837e-003
 1.1650500e-003
 1.1519206e-003
 1.1407954e-003
 1.1315770e-003
 1.1241672e-003
 1.1184686e-003
 1.1143817e-003
 1.1118276e-003
 1.1110295e-003
 1.1124649e-003
 1.1166176e-003
 1.1239710e-003
 1.1350106e-003
 1.1502183e-003
 1.1700811e-003
 1.1950820e-003
 1.2257049e-003
 1.2624341e-003
 1.3052555e-003
 1.3525558e-003
 1.4023974e-003
 1.4528329e-003
 1.5019197e-003
 1.5477145e-003
 1.5882711e-003
 1.6216511e-003
 1.6459143e-003
 1.6599066e-003
 1.6650746e-003
 1.6633968e-003
 1.6568524e-003
 1.6474192e-003
 1.6370745e-003
 1.6277968e-003
 1.6215650e-003
 1.6203573e-003
 1.6253466e-003
 1.6350517e-003
 1.6474404e-003
 1.6604848e-003
 1.6721531e-003
 1.6804149e-003
 1.6832398e-003
 1.6785976e-003
 1.6644596e-003
 1.6395067e-003
 1.6048014e-003
 1.5618996e-003
 1.5123615e-003
 1.4577337e-003
 1.3995816e-003
 1.3394499e-003
 1.2789000e-003
 1.2194868e-003
 1.1628534e-003
 1.1109365e-003
 1.0657243e-003
 1.0292071e-003
 1.0033830e-003
 9.9024549e-004
 9.9178834e-004
 1.0100029e-003
 1.0468818e-003
 1.1030482e-003
 1.1744709e-003
 1.2561404e-003
 1.3430469e-003
 1.4301732e-003
 1.5125187e-003
 1.5850810e-003
 1.6428427e-003
 1.6807944e-003
 1.6959707e-003
 1.6923600e-003
 1.6754282e-003
 1.6506434e-003
 1.6234671e-003
 1.5993675e-003
 1.5838108e-003
 1.5819840e-003
 1.5939869e-003
 1.6154771e-003
 1.6419692e-003
 1.6689715e-003
 1.6919943e-003
 1.7067192e-003
 1.7120088e-003
 1.7095071e-003
 1.7009526e-003
 1.6880851e-003
 1.6726438e-003
 1.6563494e-003
 1.6405784e-003
 1.6263989e-003
 1.6148698e-003
 1.6070519e-003
 1.6040052e-003
 1.6067207e-003
 1.6149131e-003
 1.6271686e-003
 1.6420370e-003
 1.6580645e-003
 1.6737990e-003
 1.6878166e-003
 1.6992333e-003
 1.7076477e-003
 1.7126744e-003
 1.7139261e-003
 1.7110171e-003
 1.7036198e-003
 1.6925198e-003
 1.6794900e-003
 1.6663437e-003
 1.6548883e-003
 1.6469357e-003
 1.6442015e-003
 1.6465875e-003
 1.6523709e-003
 1.6597706e-003
 1.6670072e-003
 1.6722996e-003
 1.6739239e-003
 1.6712537e-003
 1.6646486e-003
 1.6545050e-003
 1.6412167e-003
 1.6251799e-003
 1.6068821e-003
 1.5885956e-003
 1.5742072e-003
 1.5676589e-003
 1.5728943e-003
 1.5938589e-003
 1.6341304e-003
 1.6901529e-003
 1.7518841e-003
 1.8090588e-003
 1.8514099e-003
 1.8686596e-003
 1.8511207e-003
 1.8005790e-003
 1.7292947e-003
 1.6498982e-003
 1.5750171e-003
 1.5172954e-003
 1.4887988e-003
 1.4903118e-003
 1.5122776e-003
 1.5447651e-003
 1.5778338e-003
 1.6015545e-003
 1.6064374e-003
 1.5919430e-003
 1.5657707e-003
 1.5359190e-003
 1.5103952e-003
 1.4971975e-003
 1.5038792e-003
 1.5289079e-003
 1.5623487e-003
 1.5939617e-003
 1.6134963e-003
 1.6107097e-003
 1.5759761e-003
 1.5122725e-003
 1.4342783e-003
 1.3571222e-003
 1.2959166e-003
 1.2657793e-003
 1.2810915e-003
 1.3410061e-003
 1.4304803e-003
 1.5339192e-003
 1.6357488e-003
 1.7206222e-003
 1.7808388e-003
 1.8180308e-003
 1.8343935e-003
 1.8321229e-003
 1.8134160e-003
 1.7804637e-003
 1.7354621e-003
 1.6806064e-003
 1.6181064e-003
 1.5506815e-003
 1.4816487e-003
 1.4143864e-003
 1.3522493e-003
 1.2986101e-003
 1.2568358e-003
 1.2302947e-003
 1.2223488e-003
 1.2362467e-003
 1.2711409e-003
 1.3211296e-003
 1.3800010e-003
 1.4415371e-003
 1.4995376e-003
 1.5477807e-003
 1.5800637e-003
 1.5901692e-003
 1.5720581e-003
 1.5257674e-003
 1.4588757e-003
 1.3794188e-003
 1.2954287e-003
 1.2149531e-003
 1.1460334e-003
 1.0967108e-003
 1.0750268e-003
 1.0888086e-003
 1.1385200e-003
 1.2154081e-003
 1.3101397e-003
 1.4133820e-003
 1.5157931e-003
 1.6080512e-003
 1.6808313e-003
 1.7247911e-003
 1.7308178e-003
 1.6977529e-003
 1.6344418e-003
 1.5503468e-003
 1.4549561e-003
 1.3577264e-003
 1.2681402e-003
 1.1956719e-003
 1.1497992e-003
 1.1397789e-003
 1.1672454e-003
 1.2241777e-003
 1.3019287e-003
 1.3918518e-003
 1.4852926e-003
 1.5736219e-003
 1.6481791e-003
 1.7003319e-003
 1.7216033e-003
 1.7101049e-003
 1.6723288e-003
 1.6153171e-003
 1.5461018e-003
 1.4717103e-003
 1.3991842e-003
 1.3355602e-003
 1.2878741e-003
 1.2630313e-003
 1.2629621e-003
 1.2832363e-003
 1.3190027e-003
 1.3654098e-003
 1.4176058e-003
 1.4707339e-003
 1.5199526e-003
 1.5604018e-003
 1.5873247e-003
 1.5992944e-003
 1.5992018e-003
 1.5902242e-003
 1.5755361e-003
 1.5583157e-003
 1.5417360e-003
 1.5289747e-003
 1.5232082e-003
 1.5275441e-003
 1.5424649e-003
 1.5650362e-003
 1.5921028e-003
 1.6205028e-003
 1.6470759e-003
 1.6686609e-003
 1.6821021e-003
 1.6842374e-003
 1.6719855e-003
 1.6453435e-003
 1.6083368e-003
 1.5652626e-003
 1.5204221e-003
 1.4781081e-003
 1.4426138e-003
 1.4182407e-003
 1.4092861e-003
 1.4199478e-003
 1.4504553e-003
 1.4958212e-003
 1.5507083e-003
 1.6097694e-003
 1.6676605e-003
 1.7190375e-003
 1.7585538e-003
 1.7819816e-003
 1.7912108e-003
 1.7902437e-003
 1.7830812e-003
 1.7737262e-003
 1.7661814e-003
 1.7637792e-003
 1.7661378e-003
 1.7715909e-003
 1.7784721e-003
 1.7851136e-003
 1.7898483e-003
 1.7913922e-003
 1.7905992e-003
 1.7890650e-003
 1.7883860e-003
 1.7901588e-003
 1.7959797e-003
 1.8066561e-003
 1.8185608e-003
 1.8265188e-003
 1.8253570e-003
 1.8098984e-003
 1.7749718e-003
 1.7173563e-003
 1.6449060e-003
 1.5693587e-003
 1.5024352e-003
 1.4558773e-003
 1.4414197e-003
 1.4677288e-003
 1.5260887e-003
 1.6016503e-003
 1.6795796e-003
 1.7450216e-003
 1.7831256e-003
 1.7817469e-003
 1.7441033e-003
 1.6788645e-003
 1.5946885e-003
 1.5002497e-003
 1.4042262e-003
 1.3148350e-003
 1.2378278e-003
 1.1780652e-003
 1.1403919e-003
 1.1296695e-003
 1.1507533e-003
 1.2066902e-003
 1.2901637e-003
 1.3901335e-003
 1.4955493e-003
 1.5953892e-003
 1.6786028e-003
 1.7361098e-003
 1.7702255e-003
 1.7873349e-003
 1.7938346e-003
 1.7961218e-003
 1.8005930e-003
 1.8121735e-003
 1.8272399e-003
 1.8390792e-003
 1.8409761e-003
 1.8262145e-003
 1.7880785e-003
 1.7221048e-003
 1.6369562e-003
 1.5460767e-003
 1.4629199e-003
 1.4009161e-003
 1.3735204e-003
 1.3912513e-003
 1.4474436e-003
 1.5291631e-003
 1.6234580e-003
 1.7174028e-003
 1.7980465e-003
 1.8541610e-003
 1.8846963e-003
 1.8923068e-003
 1.8796612e-003
 1.8494234e-003
 1.8042608e-003
 1.7470459e-003
 1.6818844e-003
 1.6133161e-003
 1.5458983e-003
 1.4841880e-003
 1.4327258e-003
 1.3953156e-003
 1.3712522e-003
 1.3581597e-003
 1.3536662e-003
 1.3553962e-003
 1.3609763e-003
 1.3685137e-003
 1.3790124e-003
 1.3945553e-003
 1.4172249e-003
 1.4491008e-003
 1.4922717e-003
 1.5478634e-003
 1.6112344e-003
 1.6756088e-003
 1.7341895e-003
 1.7801817e-003
 1.8068023e-003
 1.8089118e-003
 1.7914309e-003
 1.7630463e-003
 1.7324560e-003
 1.7083593e-003
 1.6994486e-003
 1.7121850e-003
 1.7393673e-003
 1.7686529e-003
 1.7876823e-003
 1.7840993e-003
 1.7455468e-003
 1.6631109e-003
 1.5489979e-003
 1.4234257e-003
 1.3065927e-003
 1.2187316e-003
 1.1800653e-003
 1.2065589e-003
 1.2880071e-003
 1.4042194e-003
 1.5350198e-003
 1.6602005e-003
 1.7595560e-003
 1.8162901e-003
 1.8345382e-003
 1.8264664e-003
 1.8042532e-003
 1.7800790e-003
 1.7661250e-003
 1.7722013e-003
 1.7933813e-003
 1.8190667e-003
 1.8386552e-003
 1.8415372e-003
 1.8171081e-003
 1.7575354e-003
 1.6723876e-003
 1.5779529e-003
 1.4905481e-003
 1.4264334e-003
 1.4019536e-003
 1.4296131e-003
 1.4982051e-003
 1.5872827e-003
 1.6764454e-003
 1.7451838e-003
 1.7730921e-003
 1.7439508e-003
 1.6684275e-003
 1.5676712e-003
 1.4628726e-003
 1.3751510e-003
 1.3257369e-003
 1.3319802e-003
 1.3872131e-003
 1.4753225e-003
 1.5801737e-003
 1.6856135e-003
 1.7755609e-003
 1.8360369e-003
 1.8673395e-003
 1.8752959e-003
 1.8657628e-003
 1.8445858e-003
 1.8176327e-003
 1.7900254e-003
 1.7622822e-003
 1.7330894e-003
 1.7011283e-003
 1.6650872e-003
 1.6236264e-003
 1.5762068e-003
 1.5270738e-003
 1.4824297e-003
 1.4484774e-003
 1.4314016e-003
 1.4374116e-003
 1.4712091e-003
 1.5277970e-003
 1.5982999e-003
 1.6738329e-003
 1.7454983e-003
 1.8044465e-003
 1.8430040e-003
 1.8617396e-003
 1.8644670e-003
 1.8550185e-003
 1.8372260e-003
 1.8149255e-003
 1.7916254e-003
 1.7688216e-003
 1.7471584e-003
 1.7272936e-003
 1.7098845e-003
 1.6955760e-003
 1.6849692e-003
 1.6782243e-003
 1.6753407e-003
 1.6763145e-003
 1.6811420e-003
 1.6898175e-003
 1.7022400e-003
 1.7176118e-003
 1.7348736e-003
 1.7529556e-003
 1.7707864e-003
 1.7873085e-003
 1.8015591e-003
 1.8133757e-003
 1.8229031e-003
 1.8302898e-003
 1.8356851e-003
 1.8392367e-003
 1.8411495e-003
 1.8419905e-003
 1.8424783e-003
 1.8433315e-003
 1.8452684e-003
 1.8490097e-003
 1.8549614e-003
 1.8614522e-003
 1.8659406e-003
 1.8658905e-003
 1.8587604e-003
 1.8420150e-003
 1.8136492e-003
 1.7753954e-003
 1.7304854e-003
 1.6821799e-003
 1.6337337e-003
 1.5884020e-003
 1.5491000e-003
 1.5163630e-003
 1.4897876e-003
 1.4689281e-003
 1.4533595e-003
 1.4426532e-003
 1.4365390e-003
 1.4358788e-003
 1.4419989e-003
 1.4562304e-003
 1.4799031e-003
 1.5143473e-003
 1.5602992e-003
 1.6145081e-003
 1.6719650e-003
 1.7277225e-003
 1.7767939e-003
 1.8141961e-003
 1.8357883e-003
 1.8430742e-003
 1.8399818e-003
 1.8304384e-003
 1.8183733e-003
 1.8077162e-003
 1.8018809e-003
 1.8006896e-003
 1.8024427e-003
 1.8054338e-003
 1.8079558e-003
 1.8083026e-003
 1.8051505e-003
 1.7998613e-003
 1.7949385e-003
 1.7928955e-003
 1.7962412e-003
 1.8074868e-003
 1.8282273e-003
 1.8536636e-003
 1.8762156e-003
 1.8883219e-003
 1.8824041e-003
 1.8508874e-003
 1.7880099e-003
 1.7008430e-003
 1.6019158e-003
 1.5038984e-003
 1.4193384e-003
 1.3608561e-003
 1.3392167e-003
 1.3521200e-003
 1.3915990e-003
 1.4496859e-003
 1.5183933e-003
 1.5897391e-003
 1.6562036e-003
 1.7135695e-003
 1.7590967e-003
 1.7899923e-003
 1.8035154e-003
 1.7968976e-003
 1.7680214e-003
 1.7193162e-003
 1.6552672e-003
 1.5802896e-003
 1.4988958e-003
 1.4155033e-003
 1.3347713e-003
 1.2626908e-003
 1.2057937e-003
 1.1706885e-003
 1.1639193e-003
 1.1920641e-003
 1.2599647e-003
 1.3599159e-003
 1.4786515e-003
 1.6029695e-003
 1.7195154e-003
 1.8150865e-003
 1.8780895e-003
 1.9093477e-003
 1.9151975e-003
 1.9019853e-003
 1.8760603e-003
 1.8437753e-003
 1.8110615e-003
 1.7807614e-003
 1.7543446e-003
 1.7332572e-003
 1.7189739e-003
 1.7129434e-003
 1.7163057e-003
 1.7278129e-003
 1.7451607e-003
 1.7660205e-003
 1.7880857e-003
 1.8090361e-003
 1.8267577e-003
 1.8406464e-003
 1.8507753e-003
 1.8572268e-003
 1.8600742e-003
 1.8593981e-003
 1.8553773e-003
 1.8489546e-003
 1.8414169e-003
 1.8340545e-003
 1.8281519e-003
 1.8250018e-003
 1.8256566e-003
 1.8294168e-003
 1.8347837e-003
 1.8402584e-003
 1.8443355e-003
 1.8455159e-003
 1.8426799e-003
 1.8375963e-003
 1.8333512e-003
 1.8330378e-003
 1.8397502e-003
 1.8565763e-003
 1.8853394e-003
 1.9181783e-003
 1.9427956e-003
 1.9468826e-003
 1.9181212e-003
 1.8441888e-003
 1.7157784e-003
 1.5465325e-003
 1.3606661e-003
 1.1824808e-003
 1.0361588e-003
 9.4607059e-004
 9.3261467e-004
 9.8708202e-004
 1.0872119e-003
 1.2107530e-003
 1.3353087e-003
 1.4386491e-003
 1.5010533e-003
 1.5234345e-003
 1.5161876e-003
 1.4897818e-003
 1.4546632e-003
 1.4213177e-003
 1.3991891e-003
 1.3899953e-003
 1.3918262e-003
 1.4027508e-003
 1.4208348e-003
 1.4441590e-003
 1.4704742e-003
 1.4952088e-003
 1.5126687e-003
 1.5171587e-003
 1.5029806e-003
 1.4644503e-003
 1.3975701e-003
 1.3117812e-003
 1.2228491e-003
 1.1465759e-003
 1.0987691e-003
 1.0952165e-003
 1.1489922e-003
 1.2517002e-003
 1.3847492e-003
 1.5294661e-003
 1.6672809e-003
 1.7794515e-003
 1.8496993e-003
 1.8798824e-003
 1.8805600e-003
 1.8623435e-003
 1.8358505e-003
 1.8116785e-003
 1.7993479e-003
 1.7995394e-003
 1.8087330e-003
 1.8233791e-003
 1.8399275e-003
 1.8548262e-003
 1.8648932e-003
 1.8698259e-003
 1.8707219e-003
 1.8686830e-003
 1.8648132e-003
 1.8602127e-003
 1.8558704e-003
 1.8518295e-003
 1.8476815e-003
 1.8430141e-003
 1.8374150e-003
 1.8304735e-003
 1.8219521e-003
 1.8130713e-003
 1.8057443e-003
 1.8018942e-003
 1.8034423e-003
 1.8123136e-003
 1.8298501e-003
 1.8527386e-003
 1.8753794e-003
 1.8921599e-003
 1.8974676e-003
 1.8856939e-003
 1.8524164e-003
 1.8030920e-003
 1.7479513e-003
 1.6972891e-003
 1.6613923e-003
 1.6503979e-003
 1.6672766e-003
 1.7048669e-003
 1.7551947e-003
 1.8103360e-003
 1.8623478e-003
 1.9035300e-003
 1.9264078e-003
 1.9234812e-003
 1.8872702e-003
 1.8123245e-003
 1.7101213e-003
 1.6005196e-003
 1.5034548e-003
 1.4388012e-003
 1.4219516e-003
 1.4478014e-003
 1.5055656e-003
 1.5844360e-003
 1.6736642e-003
 1.7617387e-003
 1.8356256e-003
 1.8819764e-003
 1.8874587e-003
 1.8390776e-003
 1.7406838e-003
 1.6203373e-003
 1.5081312e-003
 1.4340144e-003
 1.4263918e-003
 1.4847368e-003
 1.5837975e-003
 1.6974087e-003
 1.7995300e-003
 1.8666304e-003
 1.8971787e-003
 1.9007307e-003
 1.8869310e-003
 1.8654105e-003
 1.8446740e-003
 1.8279566e-003
 1.8170134e-003
 1.8135953e-003
 1.8194484e-003
 1.8343171e-003
 1.8528897e-003
 1.8690416e-003
 1.8766697e-003
 1.8697619e-003
 1.8477323e-003
 1.8179413e-003
 1.7884190e-003
 1.7671608e-003
 1.7617637e-003
 1.7721721e-003
 1.7916529e-003
 1.8132451e-003
 1.8300025e-003
 1.8358566e-003
 1.8325659e-003
 1.8258947e-003
 1.8216429e-003
 1.8256089e-003
 1.8412628e-003
 1.8612555e-003
 1.8750812e-003
 1.8722350e-003
 1.8422285e-003
 1.7818381e-003
 1.7065464e-003
 1.6349156e-003
 1.5854170e-003
 1.5763317e-003
 1.6125392e-003
 1.6788889e-003
 1.7585747e-003
 1.8348482e-003
 1.8913690e-003
 1.9212958e-003
 1.9260991e-003
 1.9075575e-003
 1.8674287e-003
 1.8078291e-003
 1.7336184e-003
 1.6511567e-003
 1.5668084e-003
 1.4869376e-003
 1.4176239e-003
 1.3634963e-003
 1.3288378e-003
 1.3178695e-003
 1.3348449e-003
 1.3835757e-003
 1.4598633e-003
 1.5521881e-003
 1.6488709e-003
 1.7381720e-003
 1.8083657e-003
 1.8482715e-003
 1.8571736e-003
 1.8437958e-003
 1.8172088e-003
 1.7864660e-003
 1.7606346e-003
 1.7484339e-003
 1.7518874e-003
 1.7669555e-003
 1.7893857e-003
 1.8149187e-003
 1.8392972e-003
 1.8583701e-003
 1.8700709e-003
 1.8742366e-003
 1.8707663e-003
 1.8595622e-003
 1.8405265e-003
 1.8135643e-003
 1.7786439e-003
 1.7357984e-003
 1.6850308e-003
 1.6264045e-003
 1.5599177e-003
 1.4857509e-003
 1.4069247e-003
 1.3290076e-003
 1.2577617e-003
 1.1988548e-003
 1.1580074e-003
 1.1406069e-003
 1.1456251e-003
 1.1661113e-003
 1.1949117e-003
 1.2248394e-003
 1.2487433e-003
 1.2597750e-003
 1.2576360e-003
 1.2480847e-003
 1.2371173e-003
 1.2307187e-003
 1.2348817e-003
 1.2552291e-003
 1.2899128e-003
 1.3301240e-003
 1.3668172e-003
 1.3909019e-003
 1.3933281e-003
 1.3655731e-003
 1.3103508e-003
 1.2408732e-003
 1.1707669e-003
 1.1136116e-003
 1.0830599e-003
 1.0920203e-003
 1.1394040e-003
 1.2109291e-003
 1.2918611e-003
 1.3673675e-003
 1.4227149e-003
 1.4437316e-003
 1.4291275e-003
 1.3897473e-003
 1.3369194e-003
 1.2819321e-003
 1.2361407e-003
 1.2103780e-003
 1.2059549e-003
 1.2151173e-003
 1.2297644e-003
 1.2417797e-003
 1.2430626e-003
 1.2259099e-003
 1.1911974e-003
 1.1479619e-003
 1.1055710e-003
 1.0733643e-003
 1.0607236e-003
 1.0765584e-003
 1.1205032e-003
 1.1832957e-003
 1.2553682e-003
 1.3270666e-003
 1.3888250e-003
 1.4312903e-003
 1.4507804e-003
 1.4490422e-003
 1.4280472e-003
 1.3897448e-003
 1.3361283e-003
 1.2693525e-003
 1.1962237e-003
 1.1279907e-003
 1.0760834e-003
 1.0519332e-003
 1.0669667e-003
 1.1319261e-003
 1.2429501e-003
 1.3819785e-003
 1.5303516e-003
 1.6695145e-003
 1.7807384e-003
 1.8461219e-003
 1.8621928e-003
 1.8396262e-003
 1.7896808e-003
 1.7236283e-003
 1.6526891e-003
 1.5881703e-003
 1.5412932e-003
 1.5206599e-003
 1.5244565e-003
 1.5483482e-003
 1.5879748e-003
 1.6390111e-003
 1.6971075e-003
 1.7579207e-003
 1.8171074e-003
 1.8703156e-003
 1.9139488e-003
 1.9471818e-003
 1.9699358e-003
 1.9821043e-003
 1.9835874e-003
 1.9742856e-003
 1.9541036e-003
 1.9229283e-003
 1.8806820e-003
 1.8278902e-003
 1.7676536e-003
 1.7037083e-003
 1.6397443e-003
 1.5795310e-003
 1.5267592e-003
 1.4851650e-003
 1.4584726e-003
 1.4504065e-003
 1.4632901e-003
 1.4938946e-003
 1.5375717e-003
 1.5897134e-003
 1.6456859e-003
 1.7008516e-003
 1.7506112e-003
 1.7903028e-003
 1.8153231e-003
 1.8222464e-003
 1.8125151e-003
 1.7887910e-003
 1.7537430e-003
 1.7100114e-003
 1.6602888e-003
 1.6072114e-003
 1.5534495e-003
 1.5016741e-003
 1.4539845e-003
 1.4103776e-003
 1.3702360e-003
 1.3330037e-003
 1.2980746e-003
 1.2648702e-003
 1.2328108e-003
 1.2012940e-003
 1.1697571e-003
 1.1380105e-003
 1.1075692e-003
 1.0803706e-003
 1.0583529e-003
 1.0434559e-003
 1.0376117e-003
 1.0427618e-003
 1.0608440e-003
 1.0937961e-003
 1.1425634e-003
 1.2040929e-003
 1.2742218e-003
 1.3488663e-003
 1.4238945e-003
 1.4951867e-003
 1.5586234e-003
 1.6100768e-003
 1.6454505e-003
 1.6619236e-003
 1.6621907e-003
 1.6503468e-003
 1.6304948e-003
 1.6067220e-003
 1.5831437e-003
 1.5638465e-003
 1.5529332e-003
 1.5545039e-003
 1.5711342e-003
 1.5990388e-003
 1.6327974e-003
 1.6669491e-003
 1.6960753e-003
 1.7147320e-003
 1.7174819e-003
 1.6988869e-003
 1.6535206e-003
 1.5792326e-003
 1.4878992e-003
 1.3949613e-003
 1.3159212e-003
 1.2662712e-003
 1.2605600e-003
 1.2985247e-003
 1.3679424e-003
 1.4562353e-003
 1.5508293e-003
 1.6391496e-003
 1.7090885e-003
 1.7563074e-003
 1.7826647e-003
 1.7902529e-003
 1.7811389e-003
 1.7574005e-003
 1.7210328e-003
 1.6730642e-003
 1.6136416e-003
 1.5429654e-003
 1.4611734e-003
 1.3683885e-003
 1.2652383e-003
 1.1588496e-003
 1.0619231e-003
 9.8717969e-004
 9.4745687e-004
 9.5550349e-004
 1.0229704e-003
 1.1421669e-003
 1.2897034e-003
 1.4415415e-003
 1.5738049e-003
 1.6625890e-003
 1.6853956e-003
 1.6447379e-003
 1.5637053e-003
 1.4659252e-003
 1.3751424e-003
 1.3149910e-003
 1.3077509e-003
 1.3522856e-003
 1.4280658e-003
 1.5139012e-003
 1.5886832e-003
 1.6312889e-003
 1.6217419e-003
 1.5602027e-003
 1.4636202e-003
 1.3493480e-003
 1.2348827e-003
 1.1375949e-003
 1.0741001e-003
 1.0478289e-003
 1.0510652e-003
 1.0757725e-003
 1.1139301e-003
 1.1574765e-003
 1.1986069e-003
 1.2332107e-003
 1.2602427e-003
 1.2787977e-003
 1.2879384e-003
 1.2867493e-003
 1.2745328e-003
 1.2546151e-003
 1.2336839e-003
 1.2185584e-003
 1.2160352e-003
 1.2329204e-003
 1.2754363e-003
 1.3398273e-003
 1.4137855e-003
 1.4848275e-003
 1.5403727e-003
 1.5679215e-003
 1.5558067e-003
 1.5076157e-003
 1.4398637e-003
 1.3695549e-003
 1.3136020e-003
 1.2890005e-003
 1.3117036e-003
 1.3805786e-003
 1.4797569e-003
 1.5930108e-003
 1.7039687e-003
 1.7964111e-003
 1.8547061e-003
 1.8761745e-003
 1.8691121e-003
 1.8421876e-003
 1.8040482e-003
 1.7633842e-003
 1.7284160e-003
 1.6997256e-003
 1.6713392e-003
 1.6370229e-003
 1.5905907e-003
 1.5257963e-003
 1.4371177e-003
 1.3305183e-003
 1.2219395e-003
 1.1277727e-003
 1.0642727e-003
 1.0477983e-003
 1.0936034e-003
 1.1984356e-003
 1.3427555e-003
 1.5066543e-003
 1.6700126e-003
 1.8129343e-003
 1.9160020e-003
 1.9724884e-003
 1.9865476e-003
 1.9626950e-003
 1.9054415e-003
 1.8193530e-003
 1.7092290e-003
 1.5851613e-003
 1.4620535e-003
 1.3547987e-003
 1.2784466e-003
 1.2479241e-003
 1.2772490e-003
 1.3623077e-003
 1.4831198e-003
 1.6190184e-003
 1.7495117e-003
 1.8539260e-003
 1.9125413e-003
 1.9203321e-003
 1.8854465e-003
 1.8164255e-003
 1.7218910e-003
 1.6103525e-003
 1.4904075e-003
 1.3695006e-003
 1.2541547e-003
 1.1509851e-003
 1.0664539e-003
 1.0071539e-003
 9.7922515e-004
 9.8217709e-004
 1.0095111e-003
 1.0545527e-003
 1.1105754e-003
 1.1709209e-003
 1.2288514e-003
 1.2776955e-003
 1.3124723e-003
 1.3341866e-003
 1.3452161e-003
 1.3479136e-003
 1.3446431e-003
 1.3377678e-003
 1.3296474e-003
 1.3226402e-003
 1.3191120e-003
 1.3207264e-003
 1.3266688e-003
 1.3355779e-003
 1.3460820e-003
 1.3568193e-003
 1.3664278e-003
 1.3735356e-003
 1.3767818e-003
 1.3747995e-003
 1.3669680e-003
 1.3553259e-003
 1.3425230e-003
 1.3311930e-003
 1.3239858e-003
 1.3235388e-003
 1.3324942e-003
 1.3534910e-003
 1.3891859e-003
 1.4406955e-003
 1.5037722e-003
 1.5728633e-003
 1.6424822e-003
 1.7071442e-003
 1.7612947e-003
 1.7994615e-003
 1.8161089e-003
 1.8057378e-003
 1.7652265e-003
 1.7001104e-003
 1.6178646e-003
 1.5260554e-003
 1.4321293e-003
 1.3436617e-003
 1.2681247e-003
 1.2130092e-003
 1.1858629e-003
 1.1914662e-003
 1.2246601e-003
 1.2780253e-003
 1.3440847e-003
 1.4154169e-003
 1.4846089e-003
 1.5441717e-003
 1.5867050e-003
 1.6047397e-003
 1.5933011e-003
 1.5564942e-003
 1.5005136e-003
 1.4315275e-003
 1.3557812e-003
 1.2794188e-003
 1.2086914e-003
 1.1497651e-003
 1.1088231e-003
 1.0901638e-003
 1.0908578e-003
 1.1063165e-003
 1.1319604e-003
 1.1631838e-003
 1.1954069e-003
 1.2240525e-003
 1.2445119e-003
 1.2522093e-003
 1.2440464e-003
 1.2225489e-003
 1.1915429e-003
 1.1548897e-003
 1.1164037e-003
 1.0799516e-003
 1.0493486e-003
 1.0284553e-003
 1.0210980e-003
 1.0299583e-003
 1.0533072e-003
 1.0883955e-003
 1.1324339e-003
 1.1826881e-003
 1.2363580e-003
 1.2906969e-003
 1.3429594e-003
 1.3903436e-003
 1.4301182e-003
 1.4595928e-003
 1.4783259e-003
 1.4879755e-003
 1.4902768e-003
 1.4869742e-003
 1.4798121e-003
 1.4705283e-003
 1.4608717e-003
 1.4525802e-003
 1.4473947e-003
 1.4470610e-003
 1.4533212e-003
 1.4678398e-003
 1.4906899e-003
 1.5204096e-003
 1.5554401e-003
 1.5942692e-003
 1.6353315e-003
 1.6771187e-003
 1.7180633e-003
 1.7566439e-003
 1.7913351e-003
 1.8205749e-003
 1.8428463e-003
 1.8566529e-003
 1.8617803e-003
 1.8592286e-003
 1.8500541e-003
 1.8353045e-003
 1.8160448e-003
 1.7933153e-003
 1.7681866e-003
 1.7417048e-003
 1.7149143e-003
 1.6888885e-003
 1.6646632e-003
 1.6432786e-003
 1.6250493e-003
 1.6096333e-003
 1.5966400e-003
 1.5856820e-003
 1.5763837e-003
 1.5683545e-003
 1.5612168e-003
 1.5545832e-003
 1.5480684e-003
 1.5412930e-003
 1.5338686e-003
 1.5254334e-003
 1.5159986e-003
 1.5059700e-003
 1.4957598e-003
 1.4857796e-003
 1.4764521e-003
 1.4681865e-003
 1.4614036e-003
 1.4549110e-003
 1.4603548e-003
 1.4990908e-003
 1.5666797e-003
 1.6436514e-003
 1.7099167e-003
 1.7453552e-003
 1.7308274e-003
 1.6688174e-003
 1.5833091e-003
 1.4991764e-003
 1.4413293e-003
 1.4335955e-003
 1.4762154e-003
 1.5461573e-003
 1.6193793e-003
 1.6718699e-003
 1.6804951e-003
 1.6421883e-003
 1.5735495e-003
 1.4919797e-003
 1.4149137e-003
 1.3597553e-003
 1.3397904e-003
 1.3522938e-003
 1.3906544e-003
 1.4482494e-003
 1.5184784e-003
 1.5947107e-003
 1.6697450e-003
 1.7340149e-003
 1.7774253e-003
 1.7898574e-003
 1.7612040e-003
 1.6813630e-003
 1.5402262e-003
 1.3337873e-003
 1.0814808e-003
 8.0820092e-004
 5.3896318e-004
 2.9865789e-004
 1.1229291e-004
 4.7781359e-006
 1.0898457e-006
 1.1690242e-004
 3.3288705e-004
 6.2154891e-004
 9.5527701e-004
 1.3066048e-003
 1.6479067e-003
 1.9516845e-003
 2.1904227e-003
 2.3440074e-003
 2.4203255e-003
 2.4337110e-003
 2.3985214e-003
 2.3291179e-003
 2.2398373e-003
 2.1450541e-003
 2.0590993e-003
 1.9933186e-003
 1.9478608e-003
 1.9203268e-003
 1.9083024e-003
 1.9093796e-003
 1.9211497e-003
 1.9412063e-003
 1.9671356e-003
 1.9965356e-003
 2.0269898e-003
 2.0560964e-003
 2.0814403e-003
 2.1011687e-003
 2.1154145e-003
 2.1247715e-003
 2.1298274e-003
 2.1311736e-003
 2.1294006e-003
 2.1250979e-003
 2.1188555e-003
 2.1112647e-003
 2.1029138e-003
 2.0943952e-003
 2.0862967e-003
 2.0791001e-003
 2.0728868e-003
 2.0676542e-003
 2.0633969e-003
 2.0601107e-003
 2.0577910e-003
 2.0564336e-003
 2.0560340e-003
 2.0565880e-003
 2.0580904e-003
 2.0605379e-003
 2.0637056e-003
 2.0666004e-003
 2.0680572e-003
 2.0669138e-003
 2.0620059e-003
 2.0521695e-003
 2.0362427e-003
 2.0130586e-003
 1.9814591e-003
 1.9402731e-003
 1.8892158e-003
 1.8310006e-003
 1.7689890e-003
 1.7065662e-003
 1.6470870e-003
 1.5939359e-003
 1.5504700e-003
 1.5200702e-003
 1.5060989e-003
 1.5119293e-003
 1.5393114e-003
 1.5844447e-003
 1.6423607e-003
 1.7080680e-003
 1.7766031e-003
 1.8429724e-003
 1.9022056e-003
 1.9493309e-003
 1.9793585e-003
 1.9873176e-003
 1.9702041e-003
 1.9316791e-003
 1.8768189e-003
 1.8106787e-003
 1.7383425e-003
 1.6648606e-003
 1.5953187e-003
 1.5347683e-003
 1.4882910e-003
 1.4591718e-003
 1.4447900e-003
 1.4413007e-003
 1.4448536e-003
 1.4515986e-003
 1.4576882e-003
 1.4592721e-003
 1.4525014e-003
 1.4348893e-003
 1.4084256e-003
 1.3760327e-003
 1.3406194e-003
 1.3051096e-003
 1.2724117e-003
 1.2454491e-003
 1.2271331e-003
 1.2197915e-003
 1.2238367e-003
 1.2392905e-003
 1.2661706e-003
 1.3045041e-003
 1.3543031e-003
 1.4156002e-003
 1.4884016e-003
 1.5716970e-003
 1.6610597e-003
 1.7514230e-003
 1.8376786e-003
 1.9147592e-003
 1.9775594e-003
 2.0210037e-003
 2.0423064e-003
 2.0460226e-003
 2.0381769e-003
 2.0247942e-003
 2.0118954e-003
 2.0055056e-003
 2.0084023e-003
 2.0130898e-003
 2.0100432e-003
 1.9897383e-003
 1.9426441e-003
 1.8592500e-003
 1.7366207e-003
 1.5925132e-003
 1.4487949e-003
 1.3272682e-003
 1.2497951e-003
 1.2381887e-003
 1.3034930e-003
 1.4231405e-003
 1.5679924e-003
 1.7089683e-003
 1.8169237e-003
 1.8627755e-003
 1.8293529e-003
 1.7364210e-003
 1.6108864e-003
 1.4796229e-003
 1.3695016e-003
 1.3074274e-003
 1.3098546e-003
 1.3613094e-003
 1.4402247e-003
 1.5250051e-003
 1.5940915e-003
 1.6258961e-003
 1.6067879e-003
 1.5472681e-003
 1.4623844e-003
 1.3672503e-003
 1.2769185e-003
 1.2064554e-003
 1.1661043e-003
 1.1515458e-003
 1.1557303e-003
 1.1715968e-003
 1.1920901e-003
 1.2101608e-003
 1.2217106e-003
 1.2315268e-003
 1.2460450e-003
 1.2716999e-003
 1.3149397e-003
 1.3821768e-003
 1.4757803e-003
 1.5860249e-003
 1.7009509e-003
 1.8086227e-003
 1.8970273e-003
 1.9549893e-003
 1.9825115e-003
 1.9881602e-003
 1.9807185e-003
 1.9689735e-003
 1.9612093e-003
 1.9583807e-003
 1.9558738e-003
 1.9489352e-003
 1.9328115e-003
 1.9028797e-003
 1.8563904e-003
 1.7920539e-003
 1.7085851e-003
 1.6047073e-003
 1.4800901e-003
 1.3485801e-003
 1.2345052e-003
 1.1624770e-003
 1.1571157e-003
 1.2402941e-003
 1.3946643e-003
 1.5736512e-003
 1.7300097e-003
 1.8163807e-003
 1.7892603e-003
 1.6578753e-003
 1.4705765e-003
 1.2765960e-003
 1.1253105e-003
 1.0628157e-003
 1.0913288e-003
 1.1807225e-003
 1.3000405e-003
 1.4183908e-003
 1.5064751e-003
 1.5573750e-003
 1.5805293e-003
 1.5857924e-003
 1.5830018e-003
 1.5814486e-003
 1.5828869e-003
 1.5835812e-003
 1.5796730e-003
 1.5673036e-003
 1.5428991e-003
 1.5069001e-003
 1.4626207e-003
 1.4134448e-003
 1.3627434e-003
 1.3139539e-003
 1.2708660e-003
 1.2375623e-003
 1.2181315e-003
 1.2166639e-003
 1.2366321e-003
 1.2732117e-003
 1.3156511e-003
 1.3530778e-003
 1.3745922e-003
 1.3701859e-003
 1.3413032e-003
 1.2975247e-003
 1.2486388e-003
 1.2044027e-003
 1.1740617e-003
 1.1599959e-003
 1.1597440e-003
 1.1707309e-003
 1.1903868e-003
 1.2161477e-003
 1.2455271e-003
 1.2760662e-003
 1.3053295e-003
 1.3308736e-003
 1.3504174e-003
 1.3637146e-003
 1.3719617e-003
 1.3763796e-003
 1.3781897e-003
 1.3785083e-003
 1.3771279e-003
 1.3729207e-003
 1.3647402e-003
 1.3514359e-003
 1.3323000e-003
 1.3121265e-003
 1.2995098e-003
 1.3031231e-003
 1.3316360e-003
 1.3923581e-003
 1.4754330e-003
 1.5592604e-003
 1.6219482e-003
 1.6416686e-003
 1.5989828e-003
 1.5046293e-003
 1.3898723e-003
 1.2864594e-003
 1.2260504e-003
 1.2374065e-003
 1.3129719e-003
 1.4205233e-003
 1.5274270e-003
 1.6010372e-003
 1.6112727e-003
 1.5597200e-003
 1.4692842e-003
 1.3632561e-003
 1.2649044e-003
 1.1962821e-003
 1.1636312e-003
 1.1627006e-003
 1.1890478e-003
 1.2382437e-003
 1.3053005e-003
 1.3789688e-003
 1.4438062e-003
 1.4843006e-003
 1.4849119e-003
 1.4320858e-003
 1.3356617e-003
 1.2209102e-003
 1.1134638e-003
 1.0388683e-003
 1.0204627e-003
 1.0549914e-003
 1.1217586e-003
 1.1997097e-003
 1.2678391e-003
 1.3067290e-003
 1.3158629e-003
 1.3070557e-003
 1.2923416e-003
 1.2837496e-003
 1.2920846e-003
 1.3137574e-003
 1.3358560e-003
 1.3453112e-003
 1.3290544e-003
 1.2757547e-003
 1.1945158e-003
 1.1075474e-003
 1.0372853e-003
 1.0061640e-003
 1.0341551e-003
 1.1126188e-003
 1.2146255e-003
 1.3129680e-003
 1.3803655e-003
 1.3921915e-003
 1.3532166e-003
 1.2869457e-003
 1.2171693e-003
 1.1677319e-003
 1.1603605e-003
 1.1934469e-003
 1.2506190e-003
 1.3152248e-003
 1.3706550e-003
 1.4015508e-003
 1.4067334e-003
 1.3939461e-003
 1.3710754e-003
 1.3460040e-003
 1.3262605e-003
 1.3154864e-003
 1.3148674e-003
 1.3255585e-003
 1.3487142e-003
 1.3850270e-003
 1.4299393e-003
 1.4756746e-003
 1.5144009e-003
 1.5382895e-003
 1.5403103e-003
 1.5223830e-003
 1.4919315e-003
 1.4564528e-003
 1.4234700e-003
 1.3997346e-003
 1.3838926e-003
 1.3696131e-003
 1.3504873e-003
 1.3201201e-003
 1.2734063e-003
 1.2192825e-003
 1.1752372e-003
 1.1589142e-003
 1.1879195e-003
 1.2771359e-003
 1.4122189e-003
 1.5609806e-003
 1.6910830e-003
 1.7701610e-003
 1.7690357e-003
 1.6923135e-003
 1.5650371e-003
 1.4124778e-003
 1.2599174e-003
 1.1310760e-003
 1.0336125e-003
 9.6541946e-004
 9.2429371e-004
 9.0803107e-004
 9.1410853e-004
 9.3657937e-004
 9.6747547e-004
 9.9880865e-004
 1.0225676e-003
 1.0315509e-003
 1.0266860e-003
 1.0137103e-003
 9.9842018e-004
 9.8662404e-004
 9.8352064e-004
 9.8817528e-004
 9.9604914e-004
 1.0025513e-003
 1.0030965e-003
 9.9396217e-004
 9.8022446e-004
 9.7211188e-004
 9.7990502e-004
 1.0138880e-003
 1.0825963e-003
 1.1769144e-003
 1.2773959e-003
 1.3645365e-003
 1.4188120e-003
 1.4232607e-003
 1.3866758e-003
 1.3327086e-003
 1.2851823e-003
 1.2679216e-003
 1.3016138e-003
 1.3756166e-003
 1.4613585e-003
 1.5300554e-003
 1.5529210e-003
 1.5048643e-003
 1.3974180e-003
 1.2629438e-003
 1.1340169e-003
 1.0433088e-003
 1.0199628e-003
 1.0596128e-003
 1.1389293e-003
 1.2343022e-003
 1.3221793e-003
 1.3807496e-003
 1.4052698e-003
 1.4005867e-003
 1.3716745e-003
 1.3234980e-003
 1.2611299e-003
 1.1906680e-003
 1.1188452e-003
 1.0523492e-003
 9.9788443e-004
 9.6174789e-004
 9.4642135e-004
 9.5222559e-004
 9.7946881e-004
 1.0284741e-003
 1.0984971e-003
 1.1790588e-003
 1.2542793e-003
 1.3082220e-003
 1.3249487e-003
 1.2909708e-003
 1.2159678e-003
 1.1223112e-003
 1.0324836e-003
 9.6903421e-004
 9.5176895e-004
 9.7554940e-004
 1.0216340e-003
 1.0711065e-003
 1.1050852e-003
 1.1070505e-003
 1.0824497e-003
 1.0486249e-003
 1.0230617e-003
 1.0232193e-003
 1.0639863e-003
 1.1365677e-003
 1.2193478e-003
 1.2906413e-003
 1.3287477e-003
 1.3147687e-003
 1.2554734e-003
 1.1713483e-003
 1.0830064e-003
 1.0110467e-003
 9.7403966e-004
 9.7167335e-004
 9.9365111e-004
 1.0295837e-003
 1.0690911e-003
 1.1025879e-003
 1.1279210e-003
 1.1468384e-003
 1.1611257e-003
 1.1725598e-003
 1.1828173e-003
 1.1925873e-003
 1.2020457e-003
 1.2113565e-003
 1.2206908e-003
 1.2301041e-003
 1.2386491e-003
 1.2448571e-003
 1.2472502e-003
 1.2443562e-003
 1.2351971e-003
 1.2231568e-003
 1.2138905e-003
 1.2130631e-003
 1.2263427e-003
 1.2583089e-003
 1.3039572e-003
 1.3533809e-003
 1.3966267e-003
 1.4237424e-003
 1.4260724e-003
 1.4062016e-003
 1.3724732e-003
 1.3332722e-003
 1.2969763e-003
 1.2712132e-003
 1.2569192e-003
 1.2516531e-003
 1.2529473e-003
 1.2583320e-003
 1.2655931e-003
 1.2746814e-003
 1.2866420e-003
 1.3025327e-003
 1.3233996e-003
 1.3499511e-003
 1.3799500e-003
 1.4096885e-003
 1.4354257e-003
 1.4534433e-003
 1.4606434e-003
 1.4591931e-003
 1.4538902e-003
 1.4495505e-003
 1.4509895e-003
 1.4625069e-003
 1.4840621e-003
 1.5134745e-003
 1.5485459e-003
 1.5870787e-003
 1.6265287e-003
 1.6613844e-003
 1.6847155e-003
 1.6895722e-003
 1.6689958e-003
 1.6177255e-003
 1.5442565e-003
 1.4638279e-003
 1.3917093e-003
 1.3432230e-003
 1.3317260e-003
 1.3550655e-003
 1.4035339e-003
 1.4673887e-003
 1.5368388e-003
 1.6024129e-003
 1.6568314e-003
 1.6938879e-003
 1.7073578e-003
 1.6910462e-003
 1.6401573e-003
 1.5611692e-003
 1.4660497e-003
 1.3667449e-003
 1.2752166e-003
 1.2027478e-003
 1.1552027e-003
 1.1358960e-003
 1.1480873e-003
 1.1950512e-003
 1.2781553e-003
 1.3834579e-003
 1.4898441e-003
 1.5761398e-003
 1.6211750e-003
 1.6073664e-003
 1.5454954e-003
 1.4596734e-003
 1.3740718e-003
 1.3129261e-003
 1.2970896e-003
 1.3216625e-003
 1.3696757e-003
 1.4241037e-003
 1.4678788e-003
 1.4863523e-003
 1.4831993e-003
 1.4706254e-003
 1.4608946e-003
 1.4662603e-003
 1.4967369e-003
 1.5451765e-003
 1.5964510e-003
 1.6354258e-003
 1.6469562e-003
 1.6185723e-003
 1.5581333e-003
 1.4828953e-003
 1.4101210e-003
 1.3570834e-003
 1.3391050e-003
 1.3567794e-003
 1.4039562e-003
 1.4744592e-003
 1.5621351e-003
 1.6598797e-003
 1.7540237e-003
 1.8278733e-003
 1.8647198e-003
 1.8478428e-003
 1.7650307e-003
 1.6374678e-003
 1.5013823e-003
 1.3930567e-003
 1.3488509e-003
 1.3982948e-003
 1.5211949e-003
 1.6751195e-003
 1.8174138e-003
 1.9055398e-003
 1.9036432e-003
 1.8250793e-003
 1.7051749e-003
 1.5793013e-003
 1.4828405e-003
 1.4461656e-003
 1.4632163e-003
 1.5118018e-003
 1.5696719e-003
 1.6145773e-003
 1.6278776e-003
 1.6169966e-003
 1.6008187e-003
 1.5982689e-003
 1.6282852e-003
 1.7055601e-003
 1.8145387e-003
 1.9264590e-003
 2.0125054e-003
 2.0438600e-003
 1.9973954e-003
 1.8906470e-003
 1.7587475e-003
 1.6368761e-003
 1.5603019e-003
 1.5584119e-003
 1.6197520e-003
 1.7152856e-003
 1.8158315e-003
 1.8922799e-003
 1.9198076e-003
 1.9037981e-003
 1.8625527e-003
 1.8144575e-003
 1.7778662e-003
 1.7684735e-003
 1.7834044e-003
 1.8118686e-003
 1.8430569e-003
 1.8661597e-003
 1.8721553e-003
 1.8643925e-003
 1.8514526e-003
 1.8419311e-003
 1.8444244e-003
 1.8658261e-003
 1.9012755e-003
 1.9409988e-003
 1.9752041e-003
 1.9941002e-003
 1.9898410e-003
 1.9679349e-003
 1.9394443e-003
 1.9154439e-003
 1.9070281e-003
 1.9227501e-003
 1.9541306e-003
 1.9856375e-003
 2.0016921e-003
 1.9867411e-003
 1.9284700e-003
 1.8363534e-003
 1.7288099e-003
 1.6243658e-003
 1.5414687e-003
 1.4957050e-003
 1.4834298e-003
 1.4931357e-003
 1.5132816e-003
 1.5323336e-003
 1.5399428e-003
 1.5336053e-003
 1.5140121e-003
 1.4818606e-003
 1.4378481e-003
 1.3827046e-003
 1.3199665e-003
 1.2573709e-003
 1.2030262e-003
 1.1650340e-003
 1.1515226e-003
 1.1704330e-003
 1.2208070e-003
 1.2881382e-003
 1.3567301e-003
 1.4109358e-003
 1.4350936e-003
 1.4137909e-003
 1.3455704e-003
 1.2501591e-003
 1.1489919e-003
 1.0635154e-003
 1.0151707e-003
 1.0251265e-003
 1.0977308e-003
 1.2121873e-003
 1.3456633e-003
 1.4752256e-003
 1.5780396e-003
 1.6315101e-003
 1.6276021e-003
 1.5799885e-003
 1.5041090e-003
 1.4153977e-003
 1.3292891e-003
 1.2610485e-003
 1.2177116e-003
 1.1940299e-003
 1.1837883e-003
 1.1807716e-003
 1.1787652e-003
 1.1715528e-003
 1.1539561e-003
 1.1272512e-003
 1.0952184e-003
 1.0616248e-003
 1.0302427e-003
 1.0048444e-003
 9.8920020e-004
 9.8653568e-004
 9.9664263e-004
 1.0180145e-003
 1.0491512e-003
 1.0885284e-003
 1.1346438e-003
 1.1859884e-003
 1.2408402e-003
 1.2960526e-003
 1.3479966e-003
 1.3930298e-003
 1.4275089e-003
 1.4477943e-003
 1.4502326e-003
 1.4321508e-003
 1.3966929e-003
 1.3491685e-003
 1.2949273e-003
 1.2392848e-003
 1.1875669e-003
 1.1450907e-003
 1.1162171e-003
 1.0993694e-003
 1.0907956e-003
 1.0867396e-003
 1.0834467e-003
 1.0771598e-003
 1.0641235e-003
 1.0416784e-003
 1.0136551e-003
 9.8629168e-004
 9.6580863e-004
 9.5843303e-004
 9.7039709e-004
 1.0079234e-003
 1.0752075e-003
 1.1645267e-003
 1.2638477e-003
 1.3610580e-003
 1.4441180e-003
 1.5009646e-003
 1.5195350e-003
 1.4906074e-003
 1.4215725e-003
 1.3257789e-003
 1.2165841e-003
 1.1073209e-003
 1.0114019e-003
 9.4215776e-004
 9.1060612e-004
 9.1430091e-004
 9.4598043e-004
 9.9837733e-004
 1.0642272e-003
 1.1362657e-003
 1.2072445e-003
 1.2708820e-003
 1.3267454e-003
 1.3764352e-003
 1.4215631e-003
 1.4637110e-003
 1.5044918e-003
 1.5455080e-003
 1.5877964e-003
 1.6291189e-003
 1.6661306e-003
 1.6954755e-003
 1.7138009e-003
 1.7177414e-003
 1.7039467e-003
 1.6701515e-003
 1.6201778e-003
 1.5599449e-003
 1.4954199e-003
 1.4325257e-003
 1.3771990e-003
 1.3353686e-003
 1.3118493e-003
 1.3051038e-003
 1.3114354e-003
 1.3271495e-003
 1.3485391e-003
 1.3719082e-003
 1.3935582e-003
 1.4101787e-003
 1.4205889e-003
 1.4243274e-003
 1.4209405e-003
 1.4099721e-003
 1.3909600e-003
 1.3634569e-003
 1.3275000e-003
 1.2858264e-003
 1.2420723e-003
 1.1999067e-003
 1.1629666e-003
 1.1348992e-003
 1.1193519e-003
 1.1199123e-003
 1.1377818e-003
 1.1710839e-003
 1.2177401e-003
 1.2756874e-003
 1.3428190e-003
 1.4170693e-003
 1.4963599e-003
 1.5786355e-003
 1.6618981e-003
 1.7443580e-003
 1.8242161e-003
 1.8996734e-003
 1.9689461e-003
 2.0302017e-003
 2.0816585e-003
 2.1215577e-003
 2.1496336e-003
 2.1674859e-003
 2.1768559e-003
 2.1794781e-003
 2.1770843e-003
 2.1714098e-003
 2.1641881e-003
 2.1571310e-003
 2.1511707e-003
 2.1462664e-003
 2.1423115e-003
 2.1392005e-003
 2.1368284e-003
 2.1350896e-003
 2.1338798e-003
 2.1330952e-003
 2.1327045e-003
 2.1327653e-003
 2.1333408e-003
 2.1344936e-003
 2.1362873e-003
 2.1387856e-003
 2.1420505e-003
 2.1461248e-003
 2.1503388e-003
 2.1531468e-003
 2.1529477e-003
 2.1481419e-003
 2.1371306e-003
 2.1183130e-003
 2.0900825e-003
 2.0509283e-003
 2.0019123e-003
 1.9472541e-003
 1.8913524e-003
 1.8386450e-003
 1.7935297e-003
 1.7604176e-003
 1.7437194e-003
 1.7477296e-003
 1.7727533e-003
 1.8142913e-003
 1.8675602e-003
 1.9277905e-003
 1.9901691e-003
 2.0499257e-003
 2.1022768e-003
 2.1425413e-003
 2.1690715e-003
 2.1839091e-003
 2.1892989e-003
 2.1874846e-003
 2.1807121e-003
 2.1712270e-003
 2.1612730e-003
 2.1530439e-003
 2.1470683e-003
 2.1419122e-003
 2.1360246e-003
 2.1278551e-003
 2.1158499e-003
 2.0984649e-003
 2.0741476e-003
 2.0414216e-003
 2.0010867e-003
 1.9566554e-003
 1.9117624e-003
 1.8700524e-003
 1.8351700e-003
 1.8107549e-003
 1.8004640e-003
 1.8078194e-003
 1.8328426e-003
 1.8714957e-003
 1.9194825e-003
 1.9725338e-003
 2.0263726e-003
 2.0767334e-003
 2.1193146e-003
 2.1499486e-003
 2.1673692e-003
 2.1736596e-003
 2.1710857e-003
 2.1619161e-003
 2.1484196e-003
 2.1328635e-003
 2.1175116e-003
 2.1045769e-003
 2.0944052e-003
 2.0852375e-003
 2.0751965e-003
 2.0624110e-003
 2.0450053e-003
 2.0211043e-003
 1.9888247e-003
 1.9463919e-003
 1.8944729e-003
 1.8365179e-003
 1.7761260e-003
 1.7168818e-003
 1.6624131e-003
 1.6163045e-003
 1.5821545e-003
 1.5634361e-003
 1.5601368e-003
 1.5683225e-003
 1.5838604e-003
 1.6026215e-003
 1.6204634e-003
 1.6332569e-003
 1.6368692e-003
 1.6271671e-003
 1.6001336e-003
 1.5552441e-003
 1.4957883e-003
 1.4252595e-003
 1.3471311e-003
 1.2649336e-003
 1.1821418e-003
 1.1022487e-003
 1.0287302e-003
 9.6511480e-004
 9.1480091e-004
 8.7914820e-004
 8.5727160e-004
 8.4817153e-004
 8.5085351e-004
 8.6431514e-004
 8.8755757e-004
 9.1959082e-004
 9.5940061e-004
 1.0059947e-003
 1.0583682e-003
 1.1153668e-003
 1.1756184e-003
 1.2377823e-003
 1.3005054e-003
 1.3624338e-003
 1.4222282e-003
 1.4785063e-003
 1.5299290e-003
 1.5751428e-003
 1.6128502e-003
 1.6429594e-003
 1.6667197e-003
 1.6854345e-003
 1.7004098e-003
 1.7129424e-003
 1.7243391e-003
 1.7359033e-003
 1.7489417e-003
 1.7647510e-003
 1.7845782e-003
 1.8081658e-003
 1.8336757e-003
 1.8592005e-003
 1.8828148e-003
 1.9026110e-003
 1.9166763e-003
 1.9230979e-003
 1.9199590e-003
 1.9053489e-003
 1.8774422e-003
 1.8365727e-003
 1.7853625e-003
 1.7265108e-003
 1.6627253e-003
 1.5967134e-003
 1.5311674e-003
 1.4688266e-003
 1.4123827e-003
 1.3645430e-003
 1.3279284e-003
 1.3032528e-003
 1.2892180e-003
 1.2844449e-003
 1.2875568e-003
 1.2971731e-003
 1.3119148e-003
 1.3304030e-003
 1.3512594e-003
 1.3731105e-003
 1.3945876e-003
 1.4148360e-003
 1.4335009e-003
 1.4502540e-003
 1.4647553e-003
 1.4766769e-003
 1.4856864e-003
 1.4914531e-003
 1.4936420e-003
 1.4919227e-003
 1.4860024e-003
 1.4764908e-003
 1.4649137e-003
 1.4528304e-003
 1.4418019e-003
 1.4333890e-003
 1.4291521e-003
 1.4306548e-003
 1.4394564e-003
 1.4571175e-003
 1.4851104e-003
 1.5226899e-003
 1.5669523e-003
 1.6148953e-003
 1.6635283e-003
 1.7098251e-003
 1.7507948e-003
 1.7834358e-003
 1.8047454e-003
 1.8117211e-003
 1.8015020e-003
 1.7744504e-003
 1.7340761e-003
 1.6840079e-003
 1.6279127e-003
 1.5694211e-003
 1.5121748e-003
 1.4598042e-003
 1.4159768e-003
 1.3843207e-003
 1.3683239e-003
 1.3681173e-003
 1.3805873e-003
 1.4024769e-003
 1.4305362e-003
 1.4615145e-003
 1.4921678e-003
 1.5192302e-003
 1.5394579e-003
 1.5496000e-003
 1.5465587e-003
 1.5305441e-003
 1.5049267e-003
 1.4732025e-003
 1.4388596e-003
 1.4054112e-003
 1.3763449e-003
 1.3551575e-003
 1.3453445e-003
 1.3504055e-003
 1.3736542e-003
 1.4146441e-003
 1.4693744e-003
 1.5337218e-003
 1.6035154e-003
 1.6746296e-003
 1.7429250e-003
 1.8042753e-003
 1.8545109e-003
 1.8895075e-003
 1.9053061e-003
 1.9016260e-003
 1.8816158e-003
 1.8485719e-003
 1.8057784e-003
 1.7565213e-003
 1.7040749e-003
 1.6517513e-003
 1.6028249e-003
 1.5605821e-003
 1.5281989e-003
 1.5067905e-003
 1.4955251e-003
 1.4935079e-003
 1.4998452e-003
 1.5136460e-003
 1.5340091e-003
 1.5600428e-003
 1.5908526e-003
 1.6255522e-003
 1.6632192e-003
 1.7027215e-003
 1.7427086e-003
 1.7818300e-003
 1.8187080e-003
 1.8519928e-003
 1.8803257e-003
 1.9023516e-003
 1.9167009e-003
 1.9220203e-003
 1.9170427e-003
 1.9022552e-003
 1.8797213e-003
 1.8515780e-003
 1.8199468e-003
 1.7869532e-003
 1.7547160e-003
 1.7253767e-003
 1.7010533e-003
 1.6838716e-003
 1.6758397e-003
 1.6767563e-003
 1.6844437e-003
 1.6966588e-003
 1.7111583e-003
 1.7257021e-003
 1.7380393e-003
 1.7459304e-003
 1.7471320e-003
 1.7393978e-003
 1.7206267e-003
 1.6912817e-003
 1.6540844e-003
 1.6118231e-003
 1.5673169e-003
 1.5233550e-003
 1.4827359e-003
 1.4482584e-003
 1.4227163e-003
 1.4089205e-003
 1.4095258e-003
 1.4247075e-003
 1.4524889e-003
 1.4907995e-003
 1.5375877e-003
 1.5907967e-003
 1.6483837e-003
 1.7082642e-003
 1.7683945e-003
 1.8267178e-003
 1.8812177e-003
 1.9306056e-003
 1.9741738e-003
 2.0112707e-003
 2.0412330e-003
 2.0634006e-003
 2.0770989e-003
 2.0816703e-003
 2.0764517e-003
 2.0607726e-003
 2.0340849e-003
 1.9976853e-003
 1.9544507e-003
 1.9072967e-003
 1.8591725e-003
 1.8129934e-003
 1.7716862e-003
 1.7381777e-003
 1.7153901e-003
 1.7062614e-003
 1.7135206e-003
 1.7366370e-003
 1.7723526e-003
 1.8172974e-003
 1.8681256e-003
 1.9214845e-003
 1.9740337e-003
 2.0223949e-003
 2.0632281e-003
 2.0931803e-003
 2.1090645e-003
 2.1104449e-003
 2.0991722e-003
 2.0771672e-003
 2.0463488e-003
 2.0086260e-003
 1.9659360e-003
 1.9201898e-003
 1.8733061e-003
 1.8271931e-003
 1.7837569e-003
 1.7442888e-003
 1.7096167e-003
 1.6805538e-003
 1.6579092e-003
 1.6425077e-003
 1.6351563e-003
 1.6366687e-003
 1.6478624e-003
 1.6695454e-003
 1.7024231e-003
 1.7454160e-003
 1.7960175e-003
 1.8516423e-003
 1.9097406e-003
 1.9677514e-003
 2.0231269e-003
 2.0732787e-003
 2.1156599e-003
 2.1477095e-003
 2.1670265e-003
 2.1737332e-003
 2.1699669e-003
 2.1579273e-003
 2.1398098e-003
 2.1178054e-003
 2.0941214e-003
 2.0709487e-003
 2.0504841e-003
 2.0349200e-003
 2.0263456e-003
 2.0250359e-003
 2.0298511e-003
 2.0396118e-003
 2.0531432e-003
 2.0692591e-003
 2.0867838e-003
 2.1045380e-003
 2.1213472e-003
 2.1360235e-003
 2.1474492e-003
 2.1553561e-003
 2.1601461e-003
 2.1622351e-003
 2.1620430e-003
 2.1599873e-003
 2.1564865e-003
 2.1519577e-003
 2.1468208e-003
 2.1414936e-003
 2.1363802e-003
 2.1316826e-003
 2.1274507e-003
 2.1237263e-003
 2.1205535e-003
 2.1179745e-003
 2.1160343e-003
 2.1147756e-003
 2.1142424e-003
 2.1144771e-003
 2.1155116e-003
 2.1171910e-003
 2.1192208e-003
 2.1213025e-003
 2.1231384e-003
 2.1244285e-003
 2.1248760e-003
 2.1241813e-003
 2.1220462e-003
 2.1181726e-003
 2.1122538e-003
 2.1038575e-003
 2.0924564e-003
 2.0775271e-003
 2.0585407e-003
 2.0349687e-003
 2.0062844e-003
 1.9719510e-003
 1.9314572e-003
 1.8842680e-003
 1.8299870e-003
 1.7700610e-003
 1.7073618e-003
 1.6447509e-003
 1.5851040e-003
 1.5312842e-003
 1.4861934e-003
 1.4526931e-003
 1.4336588e-003
 1.4319656e-003
 1.4502105e-003
 1.4869908e-003
 1.5379929e-003
 1.5988324e-003
 1.6651419e-003
 1.7325050e-003
 1.7965534e-003
 1.8529034e-003
 1.8971799e-003
 1.9249772e-003
 1.9322759e-003
 1.9198669e-003
 1.8920290e-003
 1.8531417e-003
 1.8075653e-003
 1.7596656e-003
 1.7138076e-003
 1.6743484e-003
 1.6456732e-003
 1.6321365e-003
 1.6377651e-003
 1.6620224e-003
 1.7010800e-003
 1.7510529e-003
 1.8080536e-003
 1.8682079e-003
 1.9275990e-003
 1.9823522e-003
 2.0285803e-003
 2.0623945e-003
 2.0801963e-003
 2.0821723e-003
 2.0712109e-003
 2.0502496e-003
 2.0222201e-003
 1.9900736e-003
 1.9567434e-003
 1.9251675e-003
 1.8982786e-003
 1.8790279e-003
 1.8701485e-003
 1.8717935e-003
 1.8823106e-003
 1.9000142e-003
 1.9232060e-003
 1.9501984e-003
 1.9793021e-003
 2.0088337e-003
 2.0370889e-003
 2.0623845e-003
 2.0831309e-003
 2.0990216e-003
 2.1106240e-003
 2.1185353e-003
 2.1233479e-003
 2.1256541e-003
 2.1260465e-003
 2.1251172e-003
 2.1234592e-003
 2.1216650e-003
 2.1202962e-003
 2.1195309e-003
 2.1192853e-003
 2.1194690e-003
 2.1199929e-003
 2.1207673e-003
 2.1217030e-003
 2.1227105e-003
 2.1237002e-003
 2.1245824e-003
 2.1252732e-003
 2.1257529e-003
 2.1260451e-003
 2.1261745e-003
 2.1261661e-003
 2.1260444e-003
 2.1258341e-003
 2.1255598e-003
 2.1252465e-003
 2.1249182e-003
 2.1245996e-003
 2.1243040e-003
 2.1240388e-003
 2.1238108e-003
 2.1236276e-003
 2.1234956e-003
 2.1234225e-003
 2.1234148e-003
 2.1234800e-003
 2.1236248e-003
 2.1238565e-003
 2.1241806e-003
 2.1246017e-003
 2.1251249e-003
 2.1257552e-003
 2.1264965e-003
 2.1273540e-003
 2.1283326e-003
 2.1294372e-003
 2.1306726e-003
 2.1320393e-003
 2.1334935e-003
 2.1349634e-003
 2.1363758e-003
 2.1376566e-003
 2.1387334e-003
 2.1395329e-003
 2.1399821e-003
 2.1400074e-003
 2.1395360e-003
 2.1385113e-003
 2.1370607e-003
 2.1354333e-003
 2.1338782e-003
 2.1326456e-003
 2.1319848e-003
 2.1321462e-003
 2.1333792e-003
 2.1359338e-003
 2.1400594e-003
 2.1459947e-003
 2.1538229e-003
 2.1635368e-003
 2.1751262e-003
 2.1885848e-003
 2.2038955e-003
 2.2210514e-003
 2.2400424e-003
 2.2608582e-003
 2.2834945e-003
 2.3080029e-003
 2.3352613e-003
 2.3666513e-003
 2.4035699e-003
 2.4473891e-003
 2.4995052e-003
 2.5613068e-003
 2.6342007e-003
 2.7195420e-003
 2.8187339e-003
 2.9328503e-003
 3.0594924e-003
 3.1941489e-003
 3.3321769e-003
 3.4690318e-003
 3.6001361e-003
 3.7209406e-003
 3.8268093e-003
 3.9131967e-003
 3.9755250e-003
 4.0096319e-003
 4.0157516e-003
 3.9968495e-003
 3.9559165e-003
 3.8959277e-003
 3.8199043e-003
 3.7308247e-003
 3.6316810e-003
 3.5254641e-003
 3.4151392e-003
 3.3036363e-003
 3.1925947e-003
 3.0829485e-003
 2.9755947e-003
 2.8715085e-003
 2.7715873e-003
 2.6767543e-003
 2.5879121e-003
 2.5060272e-003
 2.4320004e-003
 2.3666639e-003
 2.3098954e-003
 2.2609932e-003
 2.2192807e-003
 2.1840474e-003
 2.1545938e-003
 2.1302165e-003
 2.1102270e-003
 2.0939209e-003
 2.0805993e-003
 2.0695878e-003
 2.0605077e-003
 2.0531393e-003
 2.0472677e-003
 2.0426789e-003
 2.0391576e-003
 2.0364912e-003
 2.0344639e-003
 2.0328620e-003
 2.0314704e-003
 2.0300916e-003
 2.0286955e-003
 2.0273493e-003
 2.0261211e-003
 2.0250808e-003
 2.0242957e-003
 2.0238354e-003
 2.0237677e-003
 2.0241616e-003
 2.0250855e-003
 2.0265973e-003
 2.0286450e-003
 2.0311165e-003
 2.0338953e-003
 2.0368679e-003
 2.0399194e-003
 2.0429362e-003
 2.0458021e-003
 2.0484035e-003
 2.0506259e-003
 2.0523607e-003
 2.0535567e-003
 2.0541963e-003
 2.0542624e-003
 2.0537372e-003
 2.0526031e-003
 2.0508431e-003
 2.0484391e-003
 2.0453744e-003
 2.0416304e-003
 2.0372104e-003
 2.0323051e-003
 2.0272119e-003
 2.0222273e-003
 2.0176522e-003
 2.0137834e-003
 2.0109192e-003
 2.0093576e-003
 2.0093971e-003
 2.0113364e-003
 2.0153928e-003
 2.0210259e-003
 2.0272755e-003
 2.0331736e-003
 2.0377554e-003
 2.0400563e-003
 2.0391089e-003
 2.0339489e-003
 2.0236105e-003
 2.0071282e-003
 1.9835366e-003
 1.9519975e-003
 1.9129659e-003
 1.8675677e-003
 1.8169424e-003
 1.7622161e-003
 1.7045547e-003
 1.6450847e-003
 1.5849457e-003
 1.5252637e-003
 1.4672060e-003
 1.4118983e-003
 1.3604800e-003
 1.3140799e-003
 1.2738602e-003
 1.2408346e-003
 1.2149877e-003
 1.1957454e-003
 1.1825262e-003
 1.1747569e-003
 1.1718546e-003
 1.1732397e-003
 1.1783349e-003
 1.1865585e-003
 1.1973318e-003
 1.2100758e-003
 1.2242148e-003
 1.2391624e-003
 1.2543430e-003
 1.2691771e-003
 1.2830858e-003
 1.2954922e-003
 1.3058113e-003
 1.3135218e-003
 1.3185863e-003
 1.3212232e-003
 1.3216515e-003
 1.3200921e-003
 1.3167657e-003
 1.3118908e-003
 1.3056899e-003
 1.2983826e-003
 1.2901890e-003
 1.2813292e-003
 1.2720212e-003
 1.2624896e-003
 1.2529527e-003
 1.2436304e-003
 1.2347412e-003
 1.2265092e-003
 1.2191528e-003
 1.2128921e-003
 1.2079463e-003
 1.2045380e-003
 1.2028860e-003
 1.2031877e-003
 1.2054440e-003
 1.2095532e-003
 1.2154145e-003
 1.2229267e-003
 1.2319885e-003
 1.2425013e-003
 1.2543589e-003
 1.2674625e-003
 1.2817106e-003
 1.2970058e-003
 1.3132398e-003
 1.3303147e-003
 1.3481291e-003
 1.3665867e-003
 1.3855770e-003
 1.4050034e-003
 1.4247644e-003
 1.4447590e-003
 1.4648904e-003
 1.4850482e-003
 1.5051358e-003
 1.5250519e-003
 1.5446999e-003
 1.5639694e-003
 1.5827635e-003
 1.6009869e-003
 1.6185968e-003
 1.6355613e-003
 1.6518615e-003
 1.6674742e-003
 1.6823759e-003
 1.6965471e-003
 1.7099575e-003
 1.7225877e-003
 1.7344143e-003
 1.7454164e-003
 1.7555661e-003
 1.7648424e-003
 1.7732223e-003
 1.7806843e-003
 1.7872015e-003
 1.7927529e-003
 1.7973148e-003
 1.8008651e-003
 1.8033789e-003
 1.8048336e-003
 1.8052064e-003
 1.8044738e-003
 1.8026123e-003
 1.7995993e-003
 1.7954115e-003
 1.7900255e-003
 1.7834166e-003
 1.7755646e-003
 1.7664448e-003
 1.7560441e-003
 1.7444249e-003
 1.7316958e-003
 1.7179569e-003
 1.7033113e-003
 1.6878622e-003
 1.6717087e-003
 1.6549611e-003
 1.6377192e-003
 1.6200857e-003
 1.6021593e-003
 1.5840519e-003
 1.5658622e-003
 1.5476928e-003
 1.5296430e-003
 1.5118242e-003
 1.4943351e-003
 1.4772787e-003
 1.4607579e-003
 1.4448724e-003
 1.4297325e-003
 1.4154377e-003
 1.4020905e-003
 1.3897915e-003
 1.3786496e-003
 1.3687648e-003
 1.3602398e-003
 1.3531763e-003
 1.3476809e-003
 1.3438547e-003
 1.3418006e-003
 1.3416214e-003
 1.3434043e-003
 1.3471062e-003
 1.3526274e-003
 1.3598674e-003
 1.3687283e-003
 1.3791053e-003
 1.3908996e-003
 1.4040115e-003
 1.4183435e-003
 1.4337887e-003
 1.4502499e-003
 1.4676268e-003
 1.4858231e-003
 1.5047301e-003
 1.5242512e-003
 1.5442863e-003
 1.5647350e-003
 1.5855017e-003
 1.6064764e-003
 1.6275633e-003
 1.6486620e-003
 1.6696773e-003
 1.6904987e-003
 1.7110307e-003
 1.7311730e-003
 1.7508299e-003
 1.7698914e-003
 1.7882617e-003
 1.8058409e-003
 1.8225283e-003
 1.8382272e-003
 1.8528297e-003
 1.8662519e-003
 1.8784991e-003
 1.8896190e-003
 1.8996523e-003
 1.9086471e-003
 1.9166489e-003
 1.9237052e-003
 1.9298580e-003
 1.9351549e-003
 1.9396414e-003
 1.9433632e-003
 1.9463666e-003
 1.9486956e-003
 1.9503967e-003
 1.9515156e-003
 1.9520976e-003
 1.9521887e-003
 1.9518342e-003
 1.9510798e-003
 1.9499708e-003
 1.9485538e-003
 1.9468737e-003
 1.9449762e-003
 1.9429064e-003
 1.9407109e-003
 1.9384351e-003
 1.9361242e-003
 1.9338240e-003
 1.9315798e-003
 1.9294380e-003
 1.9274439e-003
 1.9256426e-003
 1.9240744e-003
 1.9227386e-003
 1.9216180e-003
 1.9206953e-003
 1.9199525e-003
 1.9193727e-003
 1.9189386e-003
 1.9186321e-003
 1.9184364e-003
 1.9183337e-003
 1.9183069e-003
 1.9183385e-003
 1.9184109e-003
 1.9185069e-003
 1.9186088e-003
 1.9186995e-003
 1.9187614e-003
 1.9187770e-003
 1.9187290e-003
 1.9186001e-003
 1.9183726e-003
 1.9180295e-003
 1.9175528e-003
 1.9169254e-003
 1.9161302e-003
 1.9151493e-003
 1.9139651e-003
 1.9125609e-003
 1.9109189e-003
 1.9090215e-003
 1.9068513e-003
 1.9043912e-003
 1.9016291e-003
 1.8985874e-003
 1.8953019e-003
 1.8918103e-003
 1.8881490e-003
 1.8843540e-003
 1.8804620e-003
 1.8765087e-003
 1.8725327e-003
 1.8685691e-003
 1.8646548e-003
 1.8608252e-003
 1.8571189e-003
 1.8535714e-003
 1.8502191e-003
 1.8470980e-003
 1.8442463e-003
 1.8416992e-003
 1.8394939e-003
 1.8376666e-003
 1.8362534e-003
 1.8352919e-003
 1.8348179e-003
 1.8348680e-003
 1.8354792e-003
 1.8366874e-003
 1.8385294e-003
 1.8410416e-003
 1.8442618e-003
 1.8482247e-003
 1.8529673e-003
 1.8585265e-003
 1.8649396e-003
 1.8722512e-003
 1.8805029e-003
 1.8897414e-003
 1.9000118e-003
 1.9113615e-003
 1.9238304e-003
 1.9374662e-003
 1.9523135e-003
 1.9684215e-003
 1.9858277e-003
 2.0045801e-003
 2.0247248e-003
 2.0463115e-003
 2.0693748e-003
 2.0939643e-003
 2.1201260e-003
 2.1479041e-003
 2.1773509e-003
 2.2084978e-003
 2.2413961e-003
 2.2760914e-003
 2.3126372e-003
 2.3510610e-003
 2.3914163e-003
 2.4337485e-003
 2.4781127e-003
 2.5245335e-003
 2.5730659e-003
 2.6237548e-003
 2.6766453e-003
 2.7317959e-003
 2.7892042e-003
 2.8487854e-003
 2.9103959e-003
 2.9739072e-003
 3.0391449e-003
 3.1059810e-003
 3.1742712e-003
 3.2438885e-003
 3.3146569e-003
 3.3864479e-003
 3.4591188e-003
 3.5325252e-003
 3.6065413e-003
 3.6809887e-003
 3.7557404e-003
 3.8306536e-003
 3.9056013e-003
 3.9804052e-003
 4.0549389e-003
 4.1290587e-003
 4.2026388e-003
 4.2755003e-003
 4.3475158e-003
 4.4185440e-003
 4.4884388e-003
 4.5570740e-003
 4.6242741e-003
 4.6899100e-003
 4.7538388e-003
 4.8159314e-003
 4.8760152e-003
 4.9339603e-003
 4.9896450e-003
 5.0430861e-003
 5.0943047e-003
 5.1433621e-003
 5.1903059e-003
 5.2351942e-003
 5.2780528e-003
 5.3189406e-003
 5.3579053e-003
 5.3949947e-003
 5.4302649e-003
 5.4637459e-003
 5.4954947e-003
 5.5255583e-003
 5.5539920e-003
 5.5808295e-003
 5.6061242e-003
 5.6299255e-003
 5.6522852e-003
 5.6732409e-003
 5.6928457e-003
 5.7111466e-003
 5.7281922e-003
 5.7440326e-003
 5.7587088e-003
 5.7722721e-003
 5.7847705e-003
 5.7962537e-003
 5.8067651e-003
 5.8163535e-003
 5.8250679e-003
 5.8329571e-003
 5.8400617e-003
 5.8464059e-003
 5.8520068e-003
 5.8568809e-003
 5.8610449e-003
 5.8645122e-003
 5.8673020e-003
 5.8694296e-003
 5.8709108e-003
 5.8717616e-003
 5.8719995e-003
 5.8716401e-003
 5.8706980e-003
 5.8691921e-003
 5.8671376e-003
 5.8645504e-003
 5.8614458e-003
 5.8578420e-003
 5.8537549e-003
 5.8492003e-003
 5.8441940e-003
 5.8387513e-003
 5.8328914e-003
 5.8266292e-003
 5.8199801e-003
 5.8129588e-003
 5.8055855e-003
 5.7978746e-003
 5.7898425e-003
 5.7815029e-003
 5.7728766e-003
 5.7639773e-003
 5.7548257e-003
 5.7454687e-003
 5.7359580e-003
 5.7263505e-003
 5.7167001e-003
 5.7070595e-003
 5.6974809e-003
 5.6880224e-003
 5.6787361e-003
 5.6696758e-003
 5.6608934e-003
 5.6524477e-003
 5.6443890e-003
 5.6367726e-003
 5.6296526e-003
 5.6230808e-003
 5.6171142e-003
 5.6118066e-003
 5.6072096e-003
 5.6033786e-003
 5.6003681e-003
 5.5982317e-003
 5.5970228e-003
 5.5967965e-003
 5.5976054e-003
 5.5995043e-003
 5.6025479e-003
 5.6067891e-003
 5.6122821e-003
 5.6190807e-003
 5.6272387e-003
 5.6368113e-003
 5.6478293e-003
 5.6601935e-003
 5.6737745e-003
 5.6884387e-003
 5.7040583e-003
 5.7204934e-003
 5.7376139e-003
 5.7552885e-003
 5.7733888e-003
 5.7917726e-003
 5.8103134e-003
 5.8288770e-003
 5.8473316e-003
 5.8655487e-003
 5.8833882e-003
 5.9007197e-003
 5.9174122e-003
 5.9333369e-003
 5.9483536e-003
 5.9623327e-003
 5.9751426e-003
 5.9866533e-003
 5.9967265e-003
 6.0052318e-003
 6.0120383e-003
 6.0170125e-003
 6.0200226e-003
 6.0209334e-003
 6.0196156e-003
 6.0159350e-003
 6.0097585e-003
 6.0009547e-003
 5.9894361e-003
 5.9753330e-003
 5.9588351e-003
 5.9401453e-003
 5.9194528e-003
 5.8969529e-003
 5.8728401e-003
 5.8473018e-003
 5.8205454e-003
 5.7927584e-003
 5.7641356e-003
 5.7348642e-003
 5.7051517e-003
 5.6751869e-003
 5.6451624e-003
 5.6152679e-003
 5.5857105e-003
 5.5566765e-003
 5.5283615e-003
 5.5009536e-003
 5.4746591e-003
 5.4496666e-003
 5.4261698e-003
 5.4043639e-003
 5.3844368e-003
 5.3665945e-003
 5.3510251e-003
 5.3379238e-003
 5.3274818e-003
 5.3198994e-003
 5.3153667e-003
 5.3140796e-003
 5.3161774e-003
 5.3215474e-003
 5.3300057e-003
 5.3413692e-003
 5.3554536e-003
 5.3720805e-003
 5.3910576e-003
 5.4122051e-003
 5.4353401e-003
 5.4602837e-003
 5.4868413e-003
 5.5148355e-003
 5.5440813e-003
 5.5744038e-003
 5.6056040e-003
 5.6375056e-003
 5.6699258e-003
 5.7026795e-003
 5.7355920e-003
 5.7684639e-003
 5.8011184e-003
 5.8333734e-003
 5.8650519e-003
 5.8959546e-003
 5.9259064e-003
 5.9547247e-003
 5.9822295e-003
 6.0082260e-003
 6.0325377e-003
 6.0549797e-003
 6.0753734e-003
 6.0935253e-003
 6.1093201e-003
 6.1229100e-003
 6.1345235e-003
 6.1443890e-003
 6.1527314e-003
 6.1597796e-003
 6.1657606e-003
 6.1709052e-003
 6.1754370e-003
 6.1795856e-003
 6.1835796e-003
 6.1876448e-003
 6.1920104e-003
 6.1969026e-003
 6.2025506e-003
 6.2091812e-003
 6.2170238e-003
 6.2263035e-003
 6.2372480e-003
 6.2500867e-003
 6.2650503e-003
 6.2823594e-003
 6.3022440e-003
 6.3249334e-003
 6.3506612e-003
 6.3796425e-003
 6.4121112e-003
 6.4482950e-003
 6.4884201e-003
 6.5327273e-003
 6.5814219e-003
 6.6347420e-003
 6.6928547e-003
 6.7556901e-003
 6.8230657e-003
 6.8948450e-003
 6.9708754e-003
 7.0510251e-003
 7.1351035e-003
 7.2229779e-003
 7.3144976e-003
 7.4095307e-003
 7.5078830e-003
 7.6094232e-003
 7.7139996e-003
 7.8214630e-003
 7.9316841e-003
 8.0444608e-003
 8.1596673e-003
 8.2771508e-003
 8.3967894e-003
 8.5183736e-003
 8.6417794e-003
 8.7668560e-003
 8.8934805e-003
 9.0214424e-003
 9.1506187e-003
 9.2808567e-003
 9.4120065e-003
 9.5439469e-003
 9.6764648e-003
 9.8094372e-003
 9.9427113e-003
 1.0076172e-002
