splib07b Record=31115:  error bars to preceding                
 3.1484659e-003
 3.1116118e-003
 3.1086928e-003
 3.0922098e-003
 3.0659907e-003
 3.1185118e-003
 3.1125415e-003
 3.0890645e-003
 3.1784282e-003
 3.1365335e-003
 3.0945563e-003
 3.1482626e-003
 3.1372472e-003
 3.1258389e-003
 3.1409746e-003
 3.1307824e-003
 3.1309847e-003
 3.1414051e-003
 3.1423534e-003
 3.1497958e-003
 3.1512855e-003
 3.1429306e-003
 3.1281381e-003
 3.1597717e-003
 3.2101073e-003
 3.1767427e-003
 3.1668835e-003
 3.1921088e-003
 3.2307245e-003
 3.2195612e-003
 3.2128619e-003
 3.2418889e-003
 3.2268071e-003
 3.2106033e-003
 3.2148466e-003
 3.2383311e-003
 3.2566388e-003
 3.2696666e-003
 3.2928558e-003
 3.2990153e-003
 3.2949273e-003
 3.2915333e-003
 3.3016896e-003
 3.3294542e-003
 3.3605839e-003
 3.3748113e-003
 3.3909681e-003
 3.4025135e-003
 3.3925155e-003
 3.3996247e-003
 3.4205727e-003
 3.4447249e-003
 3.4598864e-003
 3.4814649e-003
 3.5087622e-003
 3.5339012e-003
 3.5390966e-003
 3.5460750e-003
 3.5713911e-003
 3.5996309e-003
 3.6246423e-003
 3.6476334e-003
 3.6450692e-003
 3.6676561e-003
 3.7091982e-003
 3.7340512e-003
 3.7580582e-003
 3.7846223e-003
 3.8126034e-003
 3.8283011e-003
 3.8571516e-003
 3.9026053e-003
 3.9220159e-003
 3.9488738e-003
 3.9871200e-003
 4.0227710e-003
 4.0462515e-003
 4.0642382e-003
 4.0804371e-003
 4.1119033e-003
 4.1390192e-003
 4.1549481e-003
 4.1742921e-003
 4.1918289e-003
 4.2067841e-003
 4.2225225e-003
 4.2371466e-003
 4.2554028e-003
 4.2824051e-003
 4.2879577e-003
 4.2950590e-003
 4.3127644e-003
 4.3204105e-003
 4.3343627e-003
 4.3522497e-003
 4.3609901e-003
 4.3743956e-003
 4.3916469e-003
 4.4090305e-003
 4.4236220e-003
 4.4370857e-003
 4.4507766e-003
 4.4641062e-003
 4.4765440e-003
 4.4877026e-003
 4.4961325e-003
 4.5074066e-003
 4.5175841e-003
 4.5236712e-003
 4.5285639e-003
 4.5315661e-003
 4.5333821e-003
 4.5364727e-003
 4.5417878e-003
 4.5464355e-003
 4.5457226e-003
 4.5500523e-003
 4.5533390e-003
 4.5503583e-003
 4.5530503e-003
 4.5552403e-003
 4.5546913e-003
 4.5574983e-003
 4.5596953e-003
 4.5623779e-003
 4.5715431e-003
 4.5725554e-003
 4.5725727e-003
 4.5774225e-003
 4.5830496e-003
 4.5873132e-003
 4.5909574e-003
 4.5958241e-003
 4.6033463e-003
 4.6106721e-003
 4.6137571e-003
 4.6221628e-003
 4.6321815e-003
 4.6399748e-003
 4.6559758e-003
 4.6714470e-003
 4.6855197e-003
 4.7097658e-003
 4.7336644e-003
 4.7572134e-003
 4.7845463e-003
 4.8168185e-003
 4.8514665e-003
 4.8871636e-003
 4.9275574e-003
 4.9730125e-003
 5.0223041e-003
 5.0761974e-003
 5.1369872e-003
 5.2035674e-003
 5.2758413e-003
 5.3510736e-003
 5.4324674e-003
 5.5206283e-003
 5.6127659e-003
 5.7136631e-003
 5.8224020e-003
 5.9388001e-003
 6.0606254e-003
 6.1878092e-003
 6.3214344e-003
 6.4632040e-003
 6.6106194e-003
 6.7616142e-003
 6.9195330e-003
 7.0802364e-003
 7.2398540e-003
 7.3967697e-003
 7.5539090e-003
 7.7080941e-003
 7.8568980e-003
 7.9981796e-003
 8.1319558e-003
 8.2591381e-003
 8.3769215e-003
 8.4852930e-003
 8.5856533e-003
 8.6780777e-003
 8.7560890e-003
 8.8260761e-003
 8.8940263e-003
 8.9494968e-003
 8.9975214e-003
 9.0424251e-003
 9.0815537e-003
 9.1157351e-003
 9.1464706e-003
 9.1721173e-003
 9.1996435e-003
 9.2265615e-003
 9.2490995e-003
 9.2740823e-003
 9.2974165e-003
 9.3173953e-003
 9.3382969e-003
 9.3563208e-003
 9.3707833e-003
 9.3834680e-003
 9.3901036e-003
 9.3900692e-003
 9.3843797e-003
 9.3716178e-003
 9.3511362e-003
 9.3246177e-003
 9.2914598e-003
 9.2511931e-003
 9.2042582e-003
 9.1486098e-003
 9.0865521e-003
 9.0215076e-003
 8.9543434e-003
 8.8823820e-003
 8.8042794e-003
 8.7221451e-003
 8.6377542e-003
 8.5491063e-003
 8.4584728e-003
 8.3672963e-003
 8.2770763e-003
 8.1909234e-003
 8.1090862e-003
 8.0331853e-003
 7.9607591e-003
 7.8909481e-003
 7.8266356e-003
 7.7675977e-003
 7.7117365e-003
 7.6580429e-003
 7.6086051e-003
 7.5632101e-003
 7.5208968e-003
 7.4825501e-003
 7.4470933e-003
 7.4136960e-003
 7.3836157e-003
 7.3565859e-003
 7.3317518e-003
 7.3090023e-003
 7.2889961e-003
 7.2725671e-003
 7.2595542e-003
 7.2486885e-003
 7.2386046e-003
 7.2291037e-003
 7.2230222e-003
 7.2126375e-003
 7.1979146e-003
 7.1827536e-003
 7.1602566e-003
 7.1314480e-003
 7.0982641e-003
 7.0647798e-003
 7.0263422e-003
 6.9823596e-003
 6.9331806e-003
 6.8854350e-003
 6.8393736e-003
 6.7915283e-003
 6.7499555e-003
 6.7135133e-003
 6.6796150e-003
 6.6466816e-003
 6.6159628e-003
 6.5865722e-003
 6.5585235e-003
 6.5225023e-003
 6.4862948e-003
 6.4576883e-003
 6.4338585e-003
 6.4110877e-003
 6.3887583e-003
 6.3670282e-003
 6.3508707e-003
 6.3397852e-003
 6.3323765e-003
 6.3281972e-003
 6.3268002e-003
 6.3287341e-003
 6.3303891e-003
 6.3278447e-003
 6.3210633e-003
 6.3061723e-003
 6.2855086e-003
 6.2618689e-003
 6.2346752e-003
 6.2024221e-003
 6.1648916e-003
 6.1224941e-003
 6.0743848e-003
 6.0234093e-003
 5.9714937e-003
 5.9165624e-003
 5.8662468e-003
 5.8202660e-003
 5.7729431e-003
 5.7332022e-003
 5.6982087e-003
 5.6636515e-003
 5.6324773e-003
 5.6004883e-003
 5.5663926e-003
 5.5356054e-003
 5.5012060e-003
 5.4624151e-003
 5.4222904e-003
 5.3784330e-003
 5.3321938e-003
 5.2846242e-003
 5.2382108e-003
 5.1947874e-003
 5.1541268e-003
 5.1181433e-003
 5.0858497e-003
 5.0569386e-003
 5.0321328e-003
 5.0142198e-003
 4.9999868e-003
 4.9872836e-003
 4.9786628e-003
 4.9758898e-003
 4.9775131e-003
 4.9818414e-003
 4.9884310e-003
 4.9976078e-003
 5.0089620e-003
 5.0289035e-003
 5.0564203e-003
 5.0887675e-003
 5.1367194e-003
 5.1999898e-003
 5.2759899e-003
 5.3714616e-003
 5.4930993e-003
 5.6377552e-003
 5.8031050e-003
 6.0072788e-003
 6.2420857e-003
 6.4989249e-003
 6.7911339e-003
 7.1081636e-003
 7.4405731e-003
 7.7909869e-003
 8.1546754e-003
 8.5265525e-003
 8.9063887e-003
 9.2861773e-003
 9.6630603e-003
 1.0037886e-002
 1.0407069e-002
 1.0764544e-002
 1.1112977e-002
 1.1454194e-002
 1.1784877e-002
 1.2106624e-002
 1.2421301e-002
 1.2720683e-002
 1.3006194e-002
 1.3280691e-002
 1.3542307e-002
 1.3787245e-002
 1.4018179e-002
 1.4232973e-002
 1.4430053e-002
 1.4609111e-002
 1.4768513e-002
 1.4904968e-002
 1.5030124e-002
 1.5149354e-002
 1.5252070e-002
 1.5338649e-002
 1.5414220e-002
 1.5477402e-002
 1.5525928e-002
 1.5565982e-002
 1.5602676e-002
 1.5624408e-002
 1.5638495e-002
 1.5650364e-002
 1.5653955e-002
 1.5649771e-002
 1.5641896e-002
 1.5635394e-002
 1.5619482e-002
 1.5600060e-002
 1.5583438e-002
 1.5570495e-002
 1.5555893e-002
 1.5537919e-002
 1.5515977e-002
 1.5495024e-002
 1.5476653e-002
 1.5462857e-002
 1.5442999e-002
 1.5421605e-002
 1.5404868e-002
 1.5388809e-002
 1.5371529e-002
 1.5353841e-002
 1.5339930e-002
 1.5331817e-002
 1.5325114e-002
 1.5315513e-002
 1.5300439e-002
 1.5287308e-002
 1.5281391e-002
 1.5272969e-002
 1.5264178e-002
 1.5257468e-002
 1.5247388e-002
 1.5241064e-002
 1.5237349e-002
 1.5229673e-002
 1.5223374e-002
 1.5219280e-002
 1.5217016e-002
 1.5210046e-002
 1.5205450e-002
 1.5205371e-002
 1.5204047e-002
 1.5198630e-002
 1.5191735e-002
 1.5186924e-002
 1.5181762e-002
 1.5178042e-002
 1.5177558e-002
 1.5177539e-002
 1.5174848e-002
 1.5170160e-002
 1.5166017e-002
 1.5165238e-002
 1.5166118e-002
 1.5167256e-002
 1.5166105e-002
 1.5163016e-002
 1.5158042e-002
 1.5158975e-002
 1.5159637e-002
 1.5157155e-002
 1.5152119e-002
 1.5151218e-002
 1.5152457e-002
 1.5149869e-002
 1.5150000e-002
 1.5149836e-002
 1.5145736e-002
 1.5146550e-002
 1.5145754e-002
 1.5141395e-002
 1.5137771e-002
 1.5136965e-002
 1.5137274e-002
 1.5137233e-002
 1.5135928e-002
 1.5133787e-002
 1.5131568e-002
 1.5127597e-002
 1.5128373e-002
 1.5132616e-002
 1.5130576e-002
 1.5125121e-002
 1.5120740e-002
 1.5118347e-002
 1.5118735e-002
 1.5119976e-002
 1.5121421e-002
 1.5119829e-002
 1.5118137e-002
 1.5116544e-002
 1.5107936e-002
 1.5100783e-002
 1.5097577e-002
 1.5097399e-002
 1.5096567e-002
 1.5093062e-002
 1.5087708e-002
 1.5079226e-002
 1.5074027e-002
 1.5071173e-002
 1.5062539e-002
 1.5053904e-002
 1.5047277e-002
 1.5039008e-002
 1.5040478e-002
 1.5039098e-002
 1.5028683e-002
 1.5024180e-002
 1.5022340e-002
 1.5019716e-002
 1.5018037e-002
 1.5014830e-002
 1.5009685e-002
 1.5003083e-002
 1.4994687e-002
 1.4990361e-002
 1.4991569e-002
 1.4983550e-002
 1.4977617e-002
 1.4975609e-002
 1.4966760e-002
 1.4960093e-002
 1.4957963e-002
 1.4961194e-002
 1.4954469e-002
 1.4944885e-002
 1.4938441e-002
 1.4934448e-002
 1.4929651e-002
 1.4923836e-002
 1.4921872e-002
 1.4914221e-002
 1.4906256e-002
 1.4903906e-002
 1.4905374e-002
 1.4901880e-002
 1.4892449e-002
 1.4877102e-002
 1.4870481e-002
 1.4869086e-002
 1.4859478e-002
 1.4849429e-002
 1.4841129e-002
 1.4833563e-002
 1.4821346e-002
 1.4806771e-002
 1.4792463e-002
 1.4773905e-002
 1.4763473e-002
 1.4757206e-002
 1.4739892e-002
 1.4729489e-002
 1.4720524e-002
 1.4705114e-002
 1.4683772e-002
 1.4669869e-002
 1.4664768e-002
 1.4648890e-002
 1.4637810e-002
 1.4631164e-002
 1.4616753e-002
 1.4601378e-002
 1.4589603e-002
 1.4582425e-002
 1.4570561e-002
 1.4560265e-002
 1.4553438e-002
 1.4542772e-002
 1.4524858e-002
 1.4507920e-002
 1.4504599e-002
 1.4498856e-002
 1.4491192e-002
 1.4488131e-002
 1.4474997e-002
 1.4464422e-002
 1.4460174e-002
 1.4450073e-002
 1.4439908e-002
 1.4431776e-002
 1.4423343e-002
 1.4417363e-002
 1.4412344e-002
 1.4407159e-002
 1.4400259e-002
 1.4391715e-002
 1.4382612e-002
 1.4378441e-002
 1.4367529e-002
 1.4352078e-002
 1.4335468e-002
 1.4331812e-002
 1.4327909e-002
 1.4315213e-002
 1.4295232e-002
 1.4274560e-002
 1.4256391e-002
 1.4250763e-002
 1.4235505e-002
 1.4212939e-002
 1.4195097e-002
 1.4176519e-002
 1.4159180e-002
 1.4144012e-002
 1.4139459e-002
 1.4130818e-002
 1.4112489e-002
 1.4083638e-002
 1.4052068e-002
 1.4011400e-002
 1.3942215e-002
 1.3882047e-002
 1.3832987e-002
 1.3786956e-002
 1.3757295e-002
 1.3739256e-002
 1.3720593e-002
 1.3673611e-002
 1.3640654e-002
 1.3621777e-002
 1.3605536e-002
 1.3570777e-002
 1.3545212e-002
 1.3541051e-002
 1.3517868e-002
 1.3486917e-002
 1.3461388e-002
 1.3456990e-002
 1.3427390e-002
 1.3391354e-002
 1.3379890e-002
 1.3368695e-002
 1.3357855e-002
 1.3351246e-002
 1.3334729e-002
 1.3314080e-002
 1.3295971e-002
 1.3276624e-002
 1.3281147e-002
 1.3288741e-002
 1.3279186e-002
 1.3264121e-002
 1.3251991e-002
 1.3244264e-002
 1.3238704e-002
 1.3252953e-002
 1.3272922e-002
 1.3261822e-002
 1.3251350e-002
 1.3246571e-002
 1.3233165e-002
 1.3243361e-002
 1.3250591e-002
 1.3242142e-002
 1.3244036e-002
 1.3242679e-002
 1.3238432e-002
 1.3249039e-002
 1.3254364e-002
 1.3255458e-002
 1.3263839e-002
 1.3251511e-002
 1.3250182e-002
 1.3269940e-002
 1.3283455e-002
 1.3282205e-002
 1.3267634e-002
 1.3271403e-002
 1.3303638e-002
 1.3349458e-002
 1.3393662e-002
 1.3428539e-002
 1.3456811e-002
 1.3437693e-002
 1.3415832e-002
 1.3428618e-002
 1.3440618e-002
 1.3442558e-002
 1.3443739e-002
 1.3446147e-002
 1.3452009e-002
 1.3459063e-002
 1.3463208e-002
 1.3467517e-002
 1.3474242e-002
 1.3480614e-002
 1.3480472e-002
 1.3479316e-002
 1.3488142e-002
 1.3500319e-002
 1.3499399e-002
 1.3504243e-002
 1.3521005e-002
 1.3541759e-002
 1.3556371e-002
 1.3530518e-002
 1.3512839e-002
 1.3531195e-002
 1.3550369e-002
 1.3545518e-002
 1.3528347e-002
 1.3507487e-002
 1.3496228e-002
 1.3498760e-002
 1.3500669e-002
 1.3503400e-002
 1.3505425e-002
 1.3505131e-002
 1.3519755e-002
 1.3533728e-002
 1.3529363e-002
 1.3528167e-002
 1.3533074e-002
 1.3533895e-002
 1.3531957e-002
 1.3532342e-002
 1.3529642e-002
 1.3525423e-002
 1.3515621e-002
 1.3507940e-002
 1.3524765e-002
 1.3529102e-002
 1.3521041e-002
 1.3515770e-002
 1.3504572e-002
 1.3491811e-002
 1.3483146e-002
 1.3476412e-002
 1.3474650e-002
 1.3478114e-002
 1.3475255e-002
 1.3465396e-002
 1.3463273e-002
 1.3464059e-002
 1.3466486e-002
 1.3482944e-002
 1.3488833e-002
 1.3475316e-002
 1.3470055e-002
 1.3471800e-002
 1.3468103e-002
 1.3456292e-002
 1.3446974e-002
 1.3442546e-002
 1.3432794e-002
 1.3421625e-002
 1.3428116e-002
 1.3439826e-002
 1.3437808e-002
 1.3422634e-002
 1.3411948e-002
 1.3408585e-002
 1.3388856e-002
 1.3375278e-002
 1.3373225e-002
 1.3363364e-002
 1.3347961e-002
 1.3334175e-002
 1.3319607e-002
 1.3304549e-002
 1.3289786e-002
 1.3274052e-002
 1.3266084e-002
 1.3261116e-002
 1.3247459e-002
 1.3231202e-002
 1.3220627e-002
 1.3207846e-002
 1.3189909e-002
 1.3178565e-002
 1.3168331e-002
 1.3154032e-002
 1.3138562e-002
 1.3117525e-002
 1.3095296e-002
 1.3076602e-002
 1.3055486e-002
 1.3032059e-002
 1.3016010e-002
 1.3007795e-002
 1.3000007e-002
 1.2985959e-002
 1.2966976e-002
 1.2949226e-002
 1.2933448e-002
 1.2918645e-002
 1.2905957e-002
 1.2892799e-002
 1.2874639e-002
 1.2854827e-002
 1.2835180e-002
 1.2817900e-002
 1.2798240e-002
 1.2778626e-002
 1.2769830e-002
 1.2757222e-002
 1.2732089e-002
 1.2697477e-002
 1.2659694e-002
 1.2627049e-002
 1.2598615e-002
 1.2579908e-002
 1.2557762e-002
 1.2517320e-002
 1.2476881e-002
 1.2440355e-002
 1.2403785e-002
 1.2353240e-002
 1.2301115e-002
 1.2265052e-002
 1.2235046e-002
 1.2201290e-002
 1.2164320e-002
 1.2126613e-002
 1.2092965e-002
 1.2066104e-002
 1.2040203e-002
 1.2013201e-002
 1.1989534e-002
 1.1966091e-002
 1.1946844e-002
 1.1928986e-002
 1.1918159e-002
 1.1908204e-002
 1.1906490e-002
 1.1906466e-002
 1.1908326e-002
 1.1909553e-002
 1.1902900e-002
 1.1891862e-002
 1.1888015e-002
 1.1894342e-002
 1.1900488e-002
 1.1906018e-002
 1.1912563e-002
 1.1917430e-002
 1.1920433e-002
 1.1919390e-002
 1.1919007e-002
 1.1920152e-002
 1.1920786e-002
 1.1925062e-002
 1.1929800e-002
 1.1932238e-002
 1.1931687e-002
 1.1934291e-002
 1.1941526e-002
 1.1947406e-002
 1.1952000e-002
 1.1957436e-002
 1.1964761e-002
 1.1972242e-002
 1.1980501e-002
 1.1987594e-002
 1.1981199e-002
 1.1974941e-002
 1.1975378e-002
 1.1976157e-002
 1.1974486e-002
 1.1972048e-002
 1.1970237e-002
 1.1968841e-002
 1.1976335e-002
 1.1989595e-002
 1.1991821e-002
 1.1981985e-002
 1.1978782e-002
 1.1987780e-002
 1.1996123e-002
 1.2002633e-002
 1.2008503e-002
 1.2009668e-002
 1.2010850e-002
 1.2011692e-002
 1.2012562e-002
 1.2018378e-002
 1.2024749e-002
 1.2029327e-002
 1.2033426e-002
 1.2035727e-002
 1.2037046e-002
 1.2035072e-002
 1.2030305e-002
 1.2026364e-002
 1.2023263e-002
 1.2022291e-002
 1.2026045e-002
 1.2029379e-002
 1.2031876e-002
 1.2033918e-002
 1.2029408e-002
 1.2024986e-002
 1.2021641e-002
 1.2018223e-002
 1.2015657e-002
 1.2013542e-002
 1.2009471e-002
 1.2004734e-002
 1.2003925e-002
 1.2005524e-002
 1.2003519e-002
 1.1997921e-002
 1.1992164e-002
 1.1986457e-002
 1.1981999e-002
 1.1979569e-002
 1.1976961e-002
 1.1974137e-002
 1.1971753e-002
 1.1972464e-002
 1.1972799e-002
 1.1964233e-002
 1.1955603e-002
 1.1953964e-002
 1.1952345e-002
 1.1947321e-002
 1.1942483e-002
 1.1945237e-002
 1.1951619e-002
 1.1951344e-002
 1.1945116e-002
 1.1941805e-002
 1.1942294e-002
 1.1940510e-002
 1.1934349e-002
 1.1930580e-002
 1.1932329e-002
 1.1932957e-002
 1.1927418e-002
 1.1921363e-002
 1.1917898e-002
 1.1914860e-002
 1.1906555e-002
 1.1897764e-002
 1.1895616e-002
 1.1893832e-002
 1.1889723e-002
 1.1884203e-002
 1.1877854e-002
 1.1872025e-002
 1.1867888e-002
 1.1864554e-002
 1.1856168e-002
 1.1842284e-002
 1.1833597e-002
 1.1833632e-002
 1.1831623e-002
 1.1822142e-002
 1.1811743e-002
 1.1805278e-002
 1.1799633e-002
 1.1788399e-002
 1.1775767e-002
 1.1768899e-002
 1.1764228e-002
 1.1752504e-002
 1.1739233e-002
 1.1730169e-002
 1.1720982e-002
 1.1710101e-002
 1.1698597e-002
 1.1686556e-002
 1.1677578e-002
 1.1669901e-002
 1.1660319e-002
 1.1652160e-002
 1.1645997e-002
 1.1637017e-002
 1.1620276e-002
 1.1605878e-002
 1.1593741e-002
 1.1579031e-002
 1.1561373e-002
 1.1544957e-002
 1.1528428e-002
 1.1511359e-002
 1.1504572e-002
 1.1499300e-002
 1.1478503e-002
 1.1454170e-002
 1.1436012e-002
 1.1421646e-002
 1.1405201e-002
 1.1384815e-002
 1.1361127e-002
 1.1336086e-002
 1.1313127e-002
 1.1291082e-002
 1.1267260e-002
 1.1242210e-002
 1.1216132e-002
 1.1189044e-002
 1.1161855e-002
 1.1128739e-002
 1.1096030e-002
 1.1068566e-002
 1.1041084e-002
 1.1005064e-002
 1.0967508e-002
 1.0925487e-002
 1.0883011e-002
 1.0843384e-002
 1.0804067e-002
 1.0769454e-002
 1.0738486e-002
 1.0706094e-002
 1.0671373e-002
 1.0634049e-002
 1.0597887e-002
 1.0564945e-002
 1.0532321e-002
 1.0493978e-002
 1.0447659e-002
 1.0405309e-002
 1.0374805e-002
 1.0346605e-002
 1.0315666e-002
 1.0285058e-002
 1.0259983e-002
 1.0235289e-002
 1.0208379e-002
 1.0181544e-002
 1.0155922e-002
 1.0131195e-002
 1.0110815e-002
 1.0091378e-002
 1.0070664e-002
 1.0049356e-002
 1.0026305e-002
 1.0001690e-002
 9.9738119e-003
 9.9457195e-003
 9.9178730e-003
 9.8895757e-003
 9.8563507e-003
 9.8190112e-003
 9.7793955e-003
 9.7374367e-003
 9.6952701e-003
 9.6527720e-003
 9.6107898e-003
 9.5609371e-003
 9.5107248e-003
 9.4568292e-003
 9.4007580e-003
 9.3413489e-003
 9.2813671e-003
 9.2131952e-003
 9.1442410e-003
 9.0713240e-003
 8.9971460e-003
 8.9136632e-003
 8.8283699e-003
 8.7383725e-003
 8.6502098e-003
 8.5611222e-003
 8.4735658e-003
 8.3857216e-003
 8.2959039e-003
 8.2072569e-003
 8.1196753e-003
 8.0291322e-003
 7.9407757e-003
 7.8556528e-003
 7.7710096e-003
 7.6877852e-003
 7.6083285e-003
 7.5310199e-003
 7.4549229e-003
 7.3837438e-003
 7.3196562e-003
 7.2568832e-003
 7.2007719e-003
 7.1451226e-003
 7.0855687e-003
 7.0279981e-003
 6.9789141e-003
 6.9314842e-003
 6.8863556e-003
 6.8434509e-003
 6.8067815e-003
 6.7718858e-003
 6.7428467e-003
 6.7158639e-003
 6.6878223e-003
 6.6602752e-003
 6.6401381e-003
 6.6202283e-003
 6.6010677e-003
 6.5854113e-003
 6.5699797e-003
 6.5546115e-003
 6.5430491e-003
 6.5317508e-003
 6.5212785e-003
 6.5125707e-003
 6.5025347e-003
 6.4941030e-003
 6.4860601e-003
 6.4775986e-003
 6.4719883e-003
 6.4710560e-003
 6.4690057e-003
 6.4623579e-003
 6.4572082e-003
 6.4595887e-003
 6.4612953e-003
 6.4580864e-003
 6.4550857e-003
 6.4540659e-003
 6.4528026e-003
 6.4531751e-003
 6.4553167e-003
 6.4605461e-003
 6.4661601e-003
 6.4703994e-003
 6.4738519e-003
 6.4835413e-003
 6.4939708e-003
 6.4996509e-003
 6.5036975e-003
 6.5043163e-003
 6.5054502e-003
 6.5085329e-003
 6.5114331e-003
 6.5189372e-003
 6.5304316e-003
 6.5386831e-003
 6.5468727e-003
 6.5562851e-003
 6.5656384e-003
 6.5768100e-003
 6.5876772e-003
 6.5973583e-003
 6.6037704e-003
 6.6126063e-003
 6.6325325e-003
 6.6520907e-003
 6.6662277e-003
 6.6790152e-003
 6.6894540e-003
 6.7011928e-003
 6.7159072e-003
 6.7317570e-003
 6.7508542e-003
 6.7707626e-003
 6.7907940e-003
 6.8101138e-003
 6.8292152e-003
 6.8486426e-003
 6.8721753e-003
 6.8975477e-003
 6.9153584e-003
 6.9304761e-003
 6.9538811e-003
 6.9788257e-003
 6.9973087e-003
 7.0156916e-003
 7.0331227e-003
 7.0492518e-003
 7.0729335e-003
 7.0991097e-003
 7.1199303e-003
 7.1386066e-003
 7.1595567e-003
 7.1824845e-003
 7.2013442e-003
 7.2175791e-003
 7.2393399e-003
 7.2638392e-003
 7.2877556e-003
 7.3129740e-003
 7.3383604e-003
 7.3618293e-003
 7.3824096e-003
 7.4000652e-003
 7.4182814e-003
 7.4433391e-003
 7.4707381e-003
 7.4938657e-003
 7.5169313e-003
 7.5389021e-003
 7.5591323e-003
 7.5757578e-003
 7.5927987e-003
 7.6112133e-003
 7.6291086e-003
 7.6526576e-003
 7.6780631e-003
 7.7005699e-003
 7.7194120e-003
 7.7367388e-003
 7.7568521e-003
 7.7782450e-003
 7.7987947e-003
 7.8144446e-003
 7.8287032e-003
 7.8405896e-003
 7.8530814e-003
 7.8713037e-003
 7.8904489e-003
 7.9111913e-003
 7.9328855e-003
 7.9520270e-003
 7.9699997e-003
 7.9854047e-003
 8.0014616e-003
 8.0180001e-003
 8.0330148e-003
 8.0501493e-003
 8.0676833e-003
 8.0828024e-003
 8.0981981e-003
 8.1160832e-003
 8.1351018e-003
 8.1526777e-003
 8.1691137e-003
 8.1871003e-003
 8.2065789e-003
 8.2222121e-003
 8.2350131e-003
 8.2468111e-003
 8.2592620e-003
 8.2744416e-003
 8.2911914e-003
 8.3051892e-003
 8.3190277e-003
 8.3333580e-003
 8.3467783e-003
 8.3628027e-003
 8.3793579e-003
 8.3913999e-003
 8.4022032e-003
 8.4143179e-003
 8.4246071e-003
 8.4339986e-003
 8.4444089e-003
 8.4562879e-003
 8.4671993e-003
 8.4779002e-003
 8.4908102e-003
 8.5033206e-003
 8.5132029e-003
 8.5221268e-003
 8.5325958e-003
 8.5449805e-003
 8.5611362e-003
 8.5771503e-003
 8.5904114e-003
 8.6013330e-003
 8.6106528e-003
 8.6228680e-003
 8.6367996e-003
 8.6502694e-003
 8.6640846e-003
 8.6785983e-003
 8.6856810e-003
 8.6927572e-003
 8.7093711e-003
 8.7242275e-003
 8.7346463e-003
 8.7455241e-003
 8.7584127e-003
 8.7711997e-003
 8.7812841e-003
 8.7913983e-003
 8.8018002e-003
 8.8128485e-003
 8.8238791e-003
 8.8348752e-003
 8.8454876e-003
 8.8554965e-003
 8.8664740e-003
 8.8766599e-003
 8.8827172e-003
 8.8893417e-003
 8.8950517e-003
 8.9024641e-003
 8.9160409e-003
 8.9280261e-003
 8.9406511e-003
 8.9544244e-003
 8.9676753e-003
 8.9808889e-003
 8.9895437e-003
 8.9985337e-003
 9.0106875e-003
 9.0227444e-003
 9.0377424e-003
 9.0525858e-003
 9.0583647e-003
 9.0618534e-003
 9.0617528e-003
 9.0619391e-003
 9.0660360e-003
 9.0711936e-003
 9.0753576e-003
 9.0794200e-003
 9.0850061e-003
 9.0901377e-003
 9.0992441e-003
 9.1099786e-003
 9.1193337e-003
 9.1287820e-003
 9.1387397e-003
 9.1485623e-003
 9.1553284e-003
 9.1611361e-003
 9.1665424e-003
 9.1707380e-003
 9.1706067e-003
 9.1714580e-003
 9.1782687e-003
 9.1861999e-003
 9.1967154e-003
 9.2070950e-003
 9.2070755e-003
 9.2047956e-003
 9.2039658e-003
 9.2050415e-003
 9.2135705e-003
 9.2213880e-003
 9.2224572e-003
 9.2241261e-003
 9.2310291e-003
 9.2373434e-003
 9.2388345e-003
 9.2411311e-003
 9.2460485e-003
 9.2497775e-003
 9.2485109e-003
 9.2480173e-003
 9.2521785e-003
 9.2562856e-003
 9.2580933e-003
 9.2604617e-003
 9.2689842e-003
 9.2779351e-003
 9.2860740e-003
 9.2941718e-003
 9.2919506e-003
 9.2873257e-003
 9.2809293e-003
 9.2733288e-003
 9.2690419e-003
 9.2668468e-003
 9.2625897e-003
 9.2594326e-003
 9.2627695e-003
 9.2642149e-003
 9.2614023e-003
 9.2616640e-003
 9.2729693e-003
 9.2811985e-003
 9.2726536e-003
 9.2658764e-003
 9.2675602e-003
 9.2699165e-003
 9.2756189e-003
 9.2786010e-003
 9.2750480e-003
 9.2705172e-003
 9.2565631e-003
 9.2468606e-003
 9.2459144e-003
 9.2434864e-003
 9.2460755e-003
 9.2456173e-003
 9.2296749e-003
 9.2155971e-003
 9.2127426e-003
 9.2141498e-003
 9.2200078e-003
 9.2206234e-003
 9.2144571e-003
 9.2084184e-003
 9.1996631e-003
 9.1934474e-003
 9.1930740e-003
 9.1924416e-003
 9.1884248e-003
 9.1838809e-003
 9.1798566e-003
 9.1732759e-003
 9.1652246e-003
 9.1600940e-003
 9.1552418e-003
 9.1511579e-003
 9.1507966e-003
 9.1508105e-003
 9.1490261e-003
 9.1448100e-003
 9.1387080e-003
 9.1357036e-003
 9.1360481e-003
 9.1275154e-003
 9.1122128e-003
 9.1014979e-003
 9.0940837e-003
 9.0874266e-003
 9.0793250e-003
 9.0609677e-003
 9.0369731e-003
 9.0103224e-003
 8.9813480e-003
 8.9663314e-003
 8.9584971e-003
 8.9481045e-003
 8.9366641e-003
 8.9233564e-003
 8.9110974e-003
 8.9024231e-003
 8.8926936e-003
 8.8756429e-003
 8.8584293e-003
 8.8426368e-003
 8.8263135e-003
 8.8172443e-003
 8.8096345e-003
 8.7909224e-003
 8.7693678e-003
 8.7504284e-003
 8.7320097e-003
 8.7215649e-003
 8.7127304e-003
 8.6987643e-003
 8.6846687e-003
 8.6763017e-003
 8.6680707e-003
 8.6640529e-003
 8.6612562e-003
 8.6561590e-003
 8.6501939e-003
 8.6394260e-003
 8.6274929e-003
 8.6159809e-003
 8.6040841e-003
 8.5913325e-003
 8.5796621e-003
 8.5690878e-003
 8.5614659e-003
 8.5600317e-003
 8.5542137e-003
 8.5448539e-003
 8.5373288e-003
 8.5296743e-003
 8.5231559e-003
 8.5198395e-003
 8.5159773e-003
 8.5109696e-003
 8.5045891e-003
 8.4958673e-003
 8.4915441e-003
 8.4907738e-003
 8.4902942e-003
 8.4923618e-003
 8.4877703e-003
 8.4761912e-003
 8.4703667e-003
 8.4669990e-003
 8.4677730e-003
 8.4746666e-003
 8.4817195e-003
 8.4872618e-003
 8.4807221e-003
 8.4687183e-003
 8.4650377e-003
 8.4642302e-003
 8.4695891e-003
 8.4773945e-003
 8.4857391e-003
 8.4906090e-003
 8.4964773e-003
 8.5020736e-003
 8.5047688e-003
 8.5041318e-003
 8.5012596e-003
 8.5022328e-003
 8.5195489e-003
 8.5374415e-003
 8.5452413e-003
 8.5430937e-003
 8.5276663e-003
 8.5062319e-003
 8.4905326e-003
 8.4835300e-003
 8.4875328e-003
 8.4924540e-003
 8.4924549e-003
 8.5032592e-003
 8.5146679e-003
 8.5138865e-003
 8.5104397e-003
 8.5104629e-003
 8.5049709e-003
 8.4921680e-003
 8.4855091e-003
 8.4853340e-003
 8.4870029e-003
 8.4847771e-003
 8.4821172e-003
 8.4829861e-003
 8.4847929e-003
 8.4852818e-003
 8.4813200e-003
 8.4653953e-003
 8.4474050e-003
 8.4297964e-003
 8.4071523e-003
 8.3884317e-003
 8.3775185e-003
 8.3702644e-003
 8.3597554e-003
 8.3500361e-003
 8.3398037e-003
 8.3274022e-003
 8.3130123e-003
 8.2921442e-003
 8.2598925e-003
 8.2237814e-003
 8.1843147e-003
 8.1389556e-003
 8.1040021e-003
 8.0835279e-003
 8.0566518e-003
 8.0176005e-003
 7.9773497e-003
 7.9289619e-003
 7.8753531e-003
 7.8276154e-003
 7.7855675e-003
 7.7426280e-003
 7.6977951e-003
 7.6480340e-003
 7.5906343e-003
 7.5299130e-003
 7.4677877e-003
 7.4065165e-003
 7.3437211e-003
 7.2797304e-003
 7.2127292e-003
 7.1418690e-003
 7.0657791e-003
 6.9915866e-003
 6.9200695e-003
 6.8473555e-003
 6.7756269e-003
 6.7067887e-003
 6.6405572e-003
 6.5752217e-003
 6.5061785e-003
 6.4342981e-003
 6.3674273e-003
 6.3050515e-003
 6.2445346e-003
 6.1849239e-003
 6.1249724e-003
 6.0650916e-003
 6.0202684e-003
 5.9859031e-003
 5.9402962e-003
 5.8889566e-003
 5.8463332e-003
 5.8065886e-003
 5.7635377e-003
 5.7229614e-003
 5.6855734e-003
 5.6530437e-003
 5.6212763e-003
 5.5908826e-003
 5.5676294e-003
 5.5471906e-003
 5.5258158e-003
 5.5071963e-003
 5.4842518e-003
 5.4590763e-003
 5.4433933e-003
 5.4317801e-003
 5.4251109e-003
 5.4242304e-003
 5.4106675e-003
 5.3863446e-003
 5.3667398e-003
 5.3550699e-003
 5.3467662e-003
 5.3422698e-003
 5.3383396e-003
 5.3402265e-003
 5.3474805e-003
 5.3499476e-003
 5.3498014e-003
 5.3480570e-003
 5.3417599e-003
 5.3324173e-003
 5.3320755e-003
 5.3371363e-003
 5.3461934e-003
 5.3572548e-003
 5.3601586e-003
 5.3606951e-003
 5.3628506e-003
 5.3600236e-003
 5.3564482e-003
 5.3579942e-003
 5.3599253e-003
 5.3700400e-003
 5.3841826e-003
 5.3911791e-003
 5.3952639e-003
 5.3989706e-003
 5.4023559e-003
 5.4096268e-003
 5.4219463e-003
 5.4360256e-003
 5.4498962e-003
 5.4632206e-003
 5.4643266e-003
 5.4593696e-003
 5.4674395e-003
 5.4818983e-003
 5.4914039e-003
 5.4968041e-003
 5.5037667e-003
 5.5139526e-003
 5.5240635e-003
 5.5334051e-003
 5.5438508e-003
 5.5470690e-003
 5.5467272e-003
 5.5478672e-003
 5.5484334e-003
 5.5588577e-003
 5.5797757e-003
 5.5986498e-003
 5.6091892e-003
 5.6181452e-003
 5.6314040e-003
 5.6456076e-003
 5.6591481e-003
 5.6730728e-003
 5.6855092e-003
 5.6968704e-003
 5.7085883e-003
 5.7212706e-003
 5.7320776e-003
 5.7390160e-003
 5.7458654e-003
 5.7524201e-003
 5.7586306e-003
 5.7648914e-003
 5.7706349e-003
 5.7789953e-003
 5.7876622e-003
 5.8019646e-003
 5.8239847e-003
 5.8429646e-003
 5.8531049e-003
 5.8624172e-003
 5.8719092e-003
 5.8789235e-003
 5.8925254e-003
 5.9084478e-003
 5.9273141e-003
 5.9488215e-003
 5.9639150e-003
 5.9755016e-003
 5.9842733e-003
 5.9883306e-003
 5.9936517e-003
 6.0033379e-003
 6.0136216e-003
 6.0275509e-003
 6.0439492e-003
 6.0548242e-003
 6.0635866e-003
 6.0739387e-003
 6.0844058e-003
 6.0934382e-003
 6.1015603e-003
 6.1101327e-003
 6.1193225e-003
 6.1284662e-003
 6.1353506e-003
 6.1414945e-003
 6.1467900e-003
 6.1493088e-003
 6.1664837e-003
 6.1945030e-003
 6.2118359e-003
 6.2190010e-003
 6.2250406e-003
 6.2304898e-003
 6.2361639e-003
 6.2452783e-003
 6.2553952e-003
 6.2662521e-003
 6.2778564e-003
 6.2882835e-003
 6.2991460e-003
 6.3054916e-003
 6.3090157e-003
 6.3087139e-003
 6.3035381e-003
 6.2999213e-003
 6.3015362e-003
 6.3042757e-003
 6.3072382e-003
 6.3087638e-003
 6.3238041e-003
 6.3452879e-003
 6.3608293e-003
 6.3750208e-003
 6.3858437e-003
 6.3934433e-003
 6.4004343e-003
 6.4072055e-003
 6.4119101e-003
 6.4111734e-003
 6.4091333e-003
 6.4100814e-003
 6.4105140e-003
 6.4205029e-003
 6.4355484e-003
 6.4415159e-003
 6.4426498e-003
 6.4469953e-003
 6.4544091e-003
 6.4605349e-003
 6.4636520e-003
 6.4684902e-003
 6.4804908e-003
 6.4936043e-003
 6.4930674e-003
 6.4867656e-003
 6.4904848e-003
 6.4965151e-003
 6.5077622e-003
 6.5235966e-003
 6.5349629e-003
 6.5435981e-003
 6.5467563e-003
 6.5418906e-003
 6.5384433e-003
 6.5429099e-003
 6.5492122e-003
 6.5569244e-003
 6.5652868e-003
 6.5752445e-003
 6.5865438e-003
 6.5941541e-003
 6.5994882e-003
 6.6051586e-003
 6.6115055e-003
 6.6195708e-003
 6.6300919e-003
 6.6367844e-003
 6.6331569e-003
 6.6283201e-003
 6.6327425e-003
 6.6399155e-003
 6.6509978e-003
 6.6648824e-003
 6.6735744e-003
 6.6811643e-003
 6.6859270e-003
 6.6869808e-003
 6.6917660e-003
 6.7025428e-003
 6.7073000e-003
 6.6997828e-003
 6.6924300e-003
 6.6958540e-003
 6.7029502e-003
 6.7101181e-003
 6.7179659e-003
 6.7182151e-003
 6.7121969e-003
 6.7269299e-003
 6.7530889e-003
 6.7733494e-003
 6.7913714e-003
 6.8029631e-003
 6.8076458e-003
 6.8051112e-003
 6.7908871e-003
 6.7790332e-003
 6.7873960e-003
 6.8019936e-003
 6.8115969e-003
 6.8200221e-003
 6.8267803e-003
 6.8337950e-003
 6.8376358e-003
 6.8388986e-003
 6.8457755e-003
 6.8586227e-003
 6.8660011e-003
 6.8646418e-003
 6.8650497e-003
 6.8736710e-003
 6.8842862e-003
 6.8874103e-003
 6.8874066e-003
 6.8881209e-003
 6.8886937e-003
 6.8953168e-003
 6.9031469e-003
 6.9178534e-003
 6.9400156e-003
 6.9445181e-003
 6.9360374e-003
 6.9354409e-003
 6.9440864e-003
 6.9507165e-003
 6.9503104e-003
 6.9504539e-003
 6.9545140e-003
 6.9578611e-003
 6.9603622e-003
 6.9635222e-003
 6.9696121e-003
 6.9773328e-003
 6.9870888e-003
 6.9979462e-003
 7.0035527e-003
 7.0091086e-003
 7.0121470e-003
 7.0114615e-003
 7.0144460e-003
 7.0191533e-003
 7.0274663e-003
 7.0445864e-003
 7.0597907e-003
 7.0658475e-003
 7.0704203e-003
 7.0744548e-003
 7.0783780e-003
 7.0816334e-003
 7.0833056e-003
 7.0929197e-003
 7.1068779e-003
 7.1139704e-003
 7.1187969e-003
 7.1196039e-003
 7.1175150e-003
 7.1146106e-003
 7.1087885e-003
 7.1069351e-003
 7.1171857e-003
 7.1309479e-003
 7.1405200e-003
 7.1485210e-003
 7.1580089e-003
 7.1690222e-003
 7.1763997e-003
 7.1839346e-003
 7.1809976e-003
 7.1712239e-003
 7.1710525e-003
 7.1744164e-003
 7.1775187e-003
 7.1830326e-003
 7.1902159e-003
 7.1956534e-003
 7.2006341e-003
 7.2095683e-003
 7.2176224e-003
 7.2206473e-003
 7.2248848e-003
 7.2323759e-003
 7.2384453e-003
 7.2422572e-003
 7.2463374e-003
 7.2454656e-003
 7.2424961e-003
 7.2458806e-003
 7.2514280e-003
 7.2536981e-003
 7.2553842e-003
 7.2538969e-003
 7.2516212e-003
 7.2551239e-003
 7.2636730e-003
 7.2657224e-003
 7.2564082e-003
 7.2487169e-003
 7.2480999e-003
 7.2469702e-003
 7.2383746e-003
 7.2264182e-003
 7.2058206e-003
 7.1807327e-003
 7.1851416e-003
 7.1998867e-003
 7.2077336e-003
 7.2159609e-003
 7.2207279e-003
 7.2226836e-003
 7.2180876e-003
 7.2099166e-003
 7.2041079e-003
 7.2018132e-003
 7.1903085e-003
 7.1674907e-003
 7.1498319e-003
 7.1402406e-003
 7.1361577e-003
 7.1463450e-003
 7.1566873e-003
 7.1574324e-003
 7.1583823e-003
 7.1438756e-003
 7.1221250e-003
 7.1112933e-003
 7.1048383e-003
 7.1002040e-003
 7.0956266e-003
 7.0927083e-003
 7.0954189e-003
 7.0801475e-003
 7.0529380e-003
 7.0435004e-003
 7.0451391e-003
 7.0442585e-003
 7.0403307e-003
 7.0318785e-003
 7.0217769e-003
 7.0112711e-003
 7.0001921e-003
 6.9907475e-003
 6.9788955e-003
 6.9662705e-003
 6.9605736e-003
 6.9598923e-003
 6.9616619e-003
 6.9633564e-003
 6.9517959e-003
 6.9345795e-003
 6.9243643e-003
 6.9155837e-003
 6.9057262e-003
 6.8972092e-003
 6.8930504e-003
 6.8878061e-003
 6.8925950e-003
 6.9028358e-003
 6.9016623e-003
 6.8926676e-003
 6.8879379e-003
 6.8899933e-003
 6.8891458e-003
 6.8818941e-003
 6.8743317e-003
 6.8717529e-003
 6.8629221e-003
 6.8392879e-003
 6.8172528e-003
 6.7999484e-003
 6.7822523e-003
 6.7685680e-003
 6.7581027e-003
 6.7712027e-003
 6.7908657e-003
 6.8023587e-003
 6.8150624e-003
 6.8021333e-003
 6.7763496e-003
 6.7641321e-003
 6.7541730e-003
 6.7620901e-003
 6.7799762e-003
 6.7986753e-003
 6.8197371e-003
 6.8152738e-003
 6.7919884e-003
 6.7764651e-003
 6.7762989e-003
 6.7760958e-003
 6.7689531e-003
 6.7635430e-003
 6.7576659e-003
 6.7526498e-003
 6.7497115e-003
 6.7399354e-003
 6.7245876e-003
 6.7135240e-003
 6.7137280e-003
 6.7156665e-003
 6.7020245e-003
 6.6835848e-003
 6.6689141e-003
 6.6564963e-003
 6.6433260e-003
 6.6249697e-003
 6.6184397e-003
 6.6221226e-003
 6.6265771e-003
 6.6280183e-003
 6.6265338e-003
 6.6262339e-003
 6.6280975e-003
 6.6353045e-003
 6.6235405e-003
 6.5990970e-003
 6.5783053e-003
 6.5560462e-003
 6.5476699e-003
 6.5522576e-003
 6.5593286e-003
 6.5708160e-003
 6.5743783e-003
 6.5675988e-003
 6.5568476e-003
 6.5374165e-003
 6.5207770e-003
 6.5119569e-003
 6.5053725e-003
 6.5014148e-003
 6.4989403e-003
 6.5029263e-003
 6.5014930e-003
 6.4767525e-003
 6.4498601e-003
 6.4466833e-003
 6.4532626e-003
 6.4717764e-003
 6.4977813e-003
 6.4891148e-003
 6.4621419e-003
 6.4625810e-003
 6.4746337e-003
 6.4719017e-003
 6.4657410e-003
 6.4719161e-003
 6.4842515e-003
 6.4776987e-003
 6.4608273e-003
 6.4385757e-003
 6.4180540e-003
 6.3920240e-003
 6.3579502e-003
 6.3506938e-003
 6.3539902e-003
 6.3608801e-003
 6.3709468e-003
 6.3902242e-003
 6.4215246e-003
 6.4204978e-003
 6.3951286e-003
 6.3727917e-003
 6.3521075e-003
 6.3553038e-003
 6.3849003e-003
 6.3864402e-003
 6.3548260e-003
 6.3425684e-003
 6.3677412e-003
 6.3719479e-003
 6.3321656e-003
 6.3132183e-003
 6.3286428e-003
 6.3319346e-003
 6.3068522e-003
 6.2853405e-003
 6.2859156e-003
 6.2922128e-003
 6.2930919e-003
 6.2921350e-003
 6.2992196e-003
 6.2948703e-003
 6.2719164e-003
 6.2585864e-003
 6.2538330e-003
 6.2493160e-003
 6.2307287e-003
 6.2099444e-003
 6.2133959e-003
 6.2278020e-003
 6.2398170e-003
 6.2469323e-003
 6.2553533e-003
 6.2708370e-003
 6.2484341e-003
 6.2093260e-003
 6.1832718e-003
 6.1566541e-003
 6.1627035e-003
 6.1887670e-003
 6.1653750e-003
 6.1182119e-003
 6.1055175e-003
 6.1088246e-003
 6.1250268e-003
 6.1531435e-003
 6.1173285e-003
 6.0516829e-003
 6.0375547e-003
 6.0394919e-003
 6.0146092e-003
 5.9872507e-003
 5.9823375e-003
 5.9857266e-003
 5.9650098e-003
 5.9310528e-003
 5.9435670e-003
 5.9742057e-003
 5.9786686e-003
 5.9846835e-003
 5.9932903e-003
 6.0032615e-003
 6.0088285e-003
 6.0085566e-003
 6.0297349e-003
 6.0673789e-003
 6.0522757e-003
 6.0069878e-003
 6.0000499e-003
 6.0277600e-003
 6.0361791e-003
 6.0194735e-003
 6.0167830e-003
 6.0390546e-003
 6.0497774e-003
 6.0310317e-003
 5.9897737e-003
 5.9489347e-003
 5.9038405e-003
 5.8610188e-003
 5.8462378e-003
 5.8866274e-003
 5.9221885e-003
 5.9731845e-003
 5.9340913e-003
 5.7664597e-003
 5.6744195e-003
 5.6830682e-003
 5.7315207e-003
 5.7956809e-003
 5.7636970e-003
 5.6601404e-003
 5.6542614e-003
 5.8200341e-003
 5.9166672e-003
 5.9377626e-003
 6.0510677e-003
 6.1923647e-003
 6.3038496e-003
 6.4351782e-003
 6.3497969e-003
 6.1284117e-003
 6.0856552e-003
 6.1435327e-003
 6.2544434e-003
 6.5842005e-003
 6.6027907e-003
 6.4529297e-003
 6.4835083e-003
 6.4980532e-003
 6.3251085e-003
 6.1794701e-003
 5.8889035e-003
 5.7112118e-003
 5.8978321e-003
 6.1741667e-003
 6.3113729e-003
 6.3883443e-003
 6.0204584e-003
 5.6820484e-003
