splib07b Record=9914:  error bars to preceding                
 4.1010813e-003
 4.1010813e-003
 9.9464078e-003
 1.5757300e-002
 2.1513762e-002
 2.7195018e-002
 3.2781079e-002
 3.8251922e-002
 4.3586805e-002
 4.8765950e-002
 5.3768642e-002
 5.8574852e-002
 6.3164532e-002
 6.7516997e-002
 7.1612231e-002
 7.5430125e-002
 7.8950092e-002
 8.2152039e-002
 8.5015833e-002
 8.7520979e-002
 8.9647345e-002
 9.1374740e-002
 9.2682756e-002
 9.3551233e-002
 9.3959913e-002
 9.3891375e-002
 9.3358576e-002
 9.2392646e-002
 9.1025077e-002
 8.9287154e-002
 8.7210454e-002
 8.4826306e-002
 8.2165994e-002
 7.9261191e-002
 7.6143175e-002
 7.2843209e-002
 6.9393009e-002
 6.5823838e-002
 6.2166937e-002
 5.8454052e-002
 5.4716423e-002
 5.0985310e-002
 4.7292449e-002
 4.3668922e-002
 4.0146470e-002
 3.6756348e-002
 3.3529807e-002
 3.0498562e-002
 2.7693873e-002
 2.5144648e-002
 2.2854228e-002
 2.0809751e-002
 1.8998165e-002
 1.7406661e-002
 1.6022189e-002
 1.4831717e-002
 1.3822388e-002
 1.2981174e-002
 1.2295072e-002
 1.1751174e-002
 1.1336473e-002
 1.1037990e-002
 1.0842780e-002
 1.0737851e-002
 1.0710239e-002
 1.0746969e-002
 1.0835072e-002
 1.0961581e-002
 1.1113512e-002
 1.1277908e-002
 1.1441782e-002
 1.1592169e-002
 1.1716104e-002
 1.1801422e-002
 1.1845036e-002
 1.1849504e-002
 1.1817465e-002
 1.1751560e-002
 1.1654425e-002
 1.1528714e-002
 1.1377050e-002
 1.1202092e-002
 1.1006475e-002
 1.0792828e-002
 1.0563812e-002
 1.0322059e-002
 1.0070198e-002
 9.8108938e-003
 9.5467735e-003
 9.2804674e-003
 9.0146419e-003
 8.7519251e-003
 8.4949452e-003
 8.2463678e-003
 8.0086663e-003
 7.7825589e-003
 7.5676846e-003
 7.3636291e-003
 7.1699833e-003
 6.9863633e-003
 6.8123597e-003
 6.6475631e-003
 6.4915875e-003
 6.3440246e-003
 6.2044654e-003
 6.0725217e-003
 5.9477868e-003
 5.8298530e-003
 5.7183304e-003
 5.6128078e-003
 5.5128927e-003
 5.4181754e-003
 5.3282725e-003
 5.2428972e-003
 5.1618372e-003
 5.0848890e-003
 5.0118398e-003
 4.9424772e-003
 4.8765978e-003
 4.8139887e-003
 4.7544390e-003
 4.6977429e-003
 4.6436894e-003
 4.5920662e-003
 4.5426688e-003
 4.4952845e-003
 4.4497028e-003
 4.4057183e-003
 4.3631182e-003
 4.3216934e-003
 4.2812452e-003
 4.2416849e-003
 4.2029913e-003
 4.1651535e-003
 4.1281530e-003
 4.0919725e-003
 4.0565967e-003
 4.0220143e-003
 3.9882031e-003
 3.9551491e-003
 3.9228392e-003
 3.8912524e-003
 3.8603754e-003
 3.8301949e-003
 3.8006897e-003
 3.7718464e-003
 3.7436513e-003
 3.7161023e-003
 3.6892507e-003
 3.6631541e-003
 3.6378645e-003
 3.6134396e-003
 3.5899377e-003
 3.5674104e-003
 3.5459162e-003
 3.5255116e-003
 3.5062500e-003
 3.4881886e-003
 3.4713834e-003
 3.4558913e-003
 3.4417659e-003
 3.4290655e-003
 3.4178279e-003
 3.4080546e-003
 3.3997397e-003
 3.3928785e-003
 3.3874626e-003
 3.3834882e-003
 3.3809487e-003
 3.3798385e-003
 3.3801515e-003
 3.3818819e-003
 3.3850239e-003
 3.3895716e-003
 3.3955188e-003
 3.4028604e-003
 3.4115908e-003
 3.4216791e-003
 3.4330410e-003
 3.4455801e-003
 3.4591977e-003
 3.4738008e-003
 3.4892922e-003
 3.5055741e-003
 3.5225537e-003
 3.5401331e-003
 3.5582145e-003
 3.5767045e-003
 3.5955065e-003
 3.6145239e-003
 3.6336586e-003
 3.6528183e-003
 3.6719684e-003
 3.6912498e-003
 3.7108245e-003
 3.7308568e-003
 3.7515096e-003
 3.7729503e-003
 3.7953395e-003
 3.8188449e-003
 3.8436295e-003
 3.8698567e-003
 3.8976884e-003
 3.9272946e-003
 3.9588329e-003
 3.9924225e-003
 4.0275129e-003
 4.0631033e-003
 4.0981835e-003
 4.1317493e-003
 4.1627851e-003
 4.1902894e-003
 4.2132488e-003
 4.2306548e-003
 4.2414963e-003
 4.2447681e-003
 4.2394581e-003
 4.2246953e-003
 4.2013298e-003
 4.1714171e-003
 4.1370387e-003
 4.1002664e-003
 4.0631802e-003
 4.0278626e-003
 3.9963848e-003
 3.9708274e-003
 3.9532692e-003
 3.9457893e-003
 3.9504627e-003
 3.9691823e-003
 4.0014372e-003
 4.0450292e-003
 4.0977239e-003
 4.1572843e-003
 4.2214883e-003
 4.2880904e-003
 4.3548718e-003
 4.4195931e-003
 4.4800201e-003
 4.5339172e-003
 4.5790607e-003
 4.6133278e-003
 4.6361596e-003
 4.6480820e-003
 4.6496489e-003
 4.6414146e-003
 4.6239295e-003
 4.5977500e-003
 4.5634252e-003
 4.5215092e-003
 4.4725551e-003
 4.4171214e-003
 4.3557510e-003
 4.2890185e-003
 4.2177243e-003
 4.1428092e-003
 4.0652370e-003
 3.9859721e-003
 3.9059571e-003
 3.8261565e-003
 3.7475345e-003
 3.6710342e-003
 3.5976197e-003
 3.5282483e-003
 3.4638830e-003
 3.4054415e-003
 3.3534875e-003
 3.3082953e-003
 3.2701469e-003
 3.2393201e-003
 3.2160939e-003
 3.2007417e-003
 3.1935424e-003
 3.1947740e-003
 3.2047133e-003
 3.2236381e-003
 3.2518231e-003
 3.2894809e-003
 3.3358547e-003
 3.3895075e-003
 3.4489762e-003
 3.5127983e-003
 3.5795090e-003
 3.6476590e-003
 3.7157766e-003
 3.7824127e-003
 3.8461012e-003
 3.9053818e-003
 3.9587892e-003
 4.0049595e-003
 4.0437127e-003
 4.0757516e-003
 4.1018077e-003
 4.1226023e-003
 4.1388581e-003
 4.1513029e-003
 4.1606608e-003
 4.1676555e-003
 4.1730125e-003
 4.1774577e-003
 4.1817138e-003
 4.1864370e-003
 4.1913050e-003
 4.1952715e-003
 4.1972757e-003
 4.1962559e-003
 4.1911490e-003
 4.1808952e-003
 4.1644303e-003
 4.1406960e-003
 4.1086255e-003
 4.0671583e-003
 4.0152338e-003
 3.9519384e-003
 3.8783739e-003
 3.7971821e-003
 3.7110134e-003
 3.6225384e-003
 3.5344223e-003
 3.4493376e-003
 3.3699332e-003
 3.2988871e-003
 3.2388514e-003
 3.1924981e-003
 3.1624911e-003
 3.1513250e-003
 3.1590308e-003
 3.1837947e-003
 3.2237507e-003
 3.2770457e-003
 3.3418150e-003
 3.4161904e-003
 3.4983240e-003
 3.5863493e-003
 3.6783956e-003
 3.7726189e-003
 3.8671503e-003
 3.9601303e-003
 4.0497300e-003
 4.1341726e-003
 4.2116512e-003
 4.2803860e-003
 4.3385783e-003
 4.3844348e-003
 4.4161617e-003
 4.4319723e-003
 4.4300705e-003
 4.4086641e-003
 4.3659601e-003
 4.3004006e-003
 4.2139124e-003
 4.1110585e-003
 3.9965017e-003
 3.8748668e-003
 3.7508088e-003
 3.6289736e-003
 3.5140165e-003
 3.4105631e-003
 3.3232756e-003
 3.2567841e-003
 3.2157423e-003
 3.2044540e-003
 3.2220681e-003
 3.2637673e-003
 3.3246272e-003
 3.3997144e-003
 3.4841192e-003
 3.5729103e-003
 3.6611557e-003
 3.7439470e-003
 3.8163511e-003
 3.8734393e-003
 3.9102980e-003
 3.9222892e-003
 3.9092535e-003
 3.8745143e-003
 3.8214785e-003
 3.7535662e-003
 3.6741786e-003
 3.5867330e-003
 3.4946417e-003
 3.4013255e-003
 3.3101803e-003
 3.2246336e-003
 3.1480826e-003
 3.0837823e-003
 3.0324298e-003
 2.9927213e-003
 2.9632901e-003
 2.9427810e-003
 2.9298302e-003
 2.9230798e-003
 2.9211687e-003
 2.9227380e-003
 2.9264258e-003
 2.9308721e-003
 2.9347183e-003
 2.9366855e-003
 2.9367898e-003
 2.9360715e-003
 2.9356007e-003
 2.9364449e-003
 2.9396741e-003
 2.9463570e-003
 2.9575629e-003
 2.9743602e-003
 2.9978163e-003
 3.0290002e-003
 3.0689857e-003
 3.1187369e-003
 3.1776046e-003
 3.2436480e-003
 3.3148830e-003
 3.3893452e-003
 3.4650448e-003
 3.5400176e-003
 3.6122804e-003
 3.6798550e-003
 3.7407593e-003
 3.7930273e-003
 3.8346725e-003
 3.8637845e-003
 3.8793897e-003
 3.8812843e-003
 3.8692879e-003
 3.8432165e-003
 3.8028930e-003
 3.7481277e-003
 3.6787423e-003
 3.5945547e-003
 3.4953826e-003
 3.3810551e-003
 3.2513821e-003
 3.1062816e-003
 2.9475444e-003
 2.7784563e-003
 2.6023448e-003
 2.4225560e-003
 2.2424017e-003
 2.0651936e-003
 1.8942772e-003
 1.7329813e-003
 1.5846342e-003
 1.4525758e-003
 1.3401201e-003
 1.2504195e-003
 1.1838649e-003
 1.1385517e-003
 1.1125086e-003
 1.1037635e-003
 1.1103434e-003
 1.1302755e-003
 1.1615920e-003
 1.2023195e-003
 1.2504866e-003
 1.3041162e-003
 1.3612466e-003
 1.4199315e-003
 1.4788408e-003
 1.5371217e-003
 1.5939421e-003
 1.6484644e-003
 1.6998659e-003
 1.7473053e-003
 1.7899584e-003
 1.8269888e-003
 1.8575630e-003
 1.8808495e-003
 1.8963884e-003
 1.9049401e-003
 1.9075099e-003
 1.9051020e-003
 1.8987221e-003
 1.8893754e-003
 1.8780682e-003
 1.8658049e-003
 1.8535899e-003
 1.8423238e-003
 1.8325611e-003
 1.8247851e-003
 1.8194795e-003
 1.8171273e-003
 1.8182116e-003
 1.8232164e-003
 1.8326252e-003
 1.8469213e-003
 1.8658808e-003
 1.8869550e-003
 1.9071084e-003
 1.9233115e-003
 1.9325303e-003
 1.9317318e-003
 1.9178853e-003
 1.8879557e-003
 1.8389168e-003
 1.7692528e-003
 1.6825381e-003
 1.5833989e-003
 1.4764713e-003
 1.3663619e-003
 1.2577160e-003
 1.1551399e-003
 1.0632696e-003
 9.8673138e-004
 9.2911319e-004
 8.9052535e-004
 8.7034126e-004
 8.6794054e-004
 8.8270532e-004
 9.1401424e-004
 9.6124655e-004
 1.0237752e-003
 1.1009829e-003
 1.1913297e-003
 1.2901254e-003
 1.3920253e-003
 1.4916835e-003
 1.5837479e-003
 1.6628832e-003
 1.7237505e-003
 1.7609966e-003
 1.7692769e-003
 1.7464437e-003
 1.7012353e-003
 1.6446890e-003
 1.5878590e-003
 1.5417802e-003
 1.5175039e-003
 1.5260765e-003
 1.5775899e-003
 1.6648843e-003
 1.7657024e-003
 1.8573122e-003
 1.9169524e-003
 1.9218712e-003
 1.8508481e-003
 1.7105674e-003
 1.5322374e-003
 1.3478432e-003
 1.1894188e-003
 1.0889834e-003
 1.0769113e-003
 1.1531572e-003
 1.2909030e-003
 1.4624372e-003
 1.6400150e-003
 1.7959013e-003
 1.9035202e-003
 1.9578713e-003
 1.9730562e-003
 1.9638215e-003
 1.9449157e-003
 1.9310905e-003
 1.9363072e-003
 1.9597020e-003
 1.9872449e-003
 2.0044493e-003
 1.9968208e-003
 1.9498686e-003
 1.8501490e-003
 1.7040446e-003
 1.5355769e-003
 1.3694420e-003
 1.2302788e-003
 1.1427734e-003
 1.1303405e-003
 1.1924836e-003
 1.3072965e-003
 1.4520849e-003
 1.6041988e-003
 1.7409490e-003
 1.8404837e-003
 1.8968030e-003
 1.9181971e-003
 1.9134514e-003
 1.8913543e-003
 1.8606966e-003
 1.8300652e-003
 1.8041222e-003
 1.7839805e-003
 1.7706210e-003
 1.7650262e-003
 1.7681814e-003
 1.7809436e-003
 1.8017130e-003
 1.8266547e-003
 1.8518574e-003
 1.8734112e-003
 1.8873994e-003
 1.8900669e-003
 1.8807589e-003
 1.8616507e-003
 1.8350192e-003
 1.8031382e-003
 1.7682870e-003
 1.7325447e-003
 1.6940745e-003
 1.6474546e-003
 1.5871188e-003
 1.5075202e-003
 1.4030864e-003
 1.2689299e-003
 1.1133978e-003
 9.5703709e-004
 8.2080730e-004
 7.2571699e-004
 6.9273601e-004
 7.4172497e-004
 8.6970371e-004
 1.0525651e-003
 1.2654612e-003
 1.4834763e-003
 1.6817687e-003
 1.8362331e-003
 1.9388773e-003
 1.9966559e-003
 2.0170901e-003
 2.0077054e-003
 1.9760178e-003
 1.9293688e-003
 1.8714541e-003
 1.8025682e-003
 1.7228834e-003
 1.6325593e-003
 1.5318225e-003
 1.4233148e-003
 1.3125875e-003
 1.2053683e-003
 1.1073926e-003
 1.0243765e-003
 9.6204114e-004
 9.2612230e-004
 9.2234742e-004
 9.5626118e-004
 1.0271776e-003
 1.1268142e-003
 1.2463955e-003
 1.3771841e-003
 1.5104102e-003
 1.6373147e-003
 1.7491283e-003
 1.8371126e-003
 1.8926788e-003
 1.9136769e-003
 1.9058408e-003
 1.8753991e-003
 1.8285846e-003
 1.7716162e-003
 1.7107308e-003
 1.6521458e-003
 1.6020936e-003
 1.5666678e-003
 1.5472077e-003
 1.5391594e-003
 1.5375997e-003
 1.5376082e-003
 1.5342635e-003
 1.5226438e-003
 1.4978279e-003
 1.4548984e-003
 1.3890812e-003
 1.3008718e-003
 1.1973705e-003
 1.0860866e-003
 9.7453076e-004
 8.7022153e-004
 7.8065699e-004
 7.1334018e-004
 6.7579019e-004
 6.7533564e-004
 7.1275013e-004
 7.8056142e-004
 8.7079301e-004
 9.7544125e-004
 1.0865366e-003
 1.1960809e-003
 1.2960854e-003
 1.3785547e-003
 1.4356631e-003
 1.4649882e-003
 1.4709902e-003
 1.4585617e-003
 1.4325992e-003
 1.3980021e-003
 1.3596606e-003
 1.3224768e-003
 1.2913396e-003
 1.2710624e-003
 1.2632067e-003
 1.2651990e-003
 1.2741969e-003
 1.2873595e-003
 1.3018469e-003
 1.3148166e-003
 1.3234272e-003
 1.3248369e-003
 1.3162758e-003
 1.2976282e-003
 1.2721787e-003
 1.2434399e-003
 1.2149226e-003
 1.1901380e-003
 1.1725983e-003
 1.1658116e-003
 1.1732887e-003
 1.1984498e-003
 1.2411677e-003
 1.2967379e-003
 1.3601478e-003
 1.4264022e-003
 1.4904832e-003
 1.5473954e-003
 1.5921261e-003
 1.6196681e-003
 1.6251291e-003
 1.6080397e-003
 1.5736776e-003
 1.5276960e-003
 1.4757572e-003
 1.4235210e-003
 1.3766506e-003
 1.3407976e-003
 1.3216269e-003
 1.3246869e-003
 1.3512940e-003
 1.3972176e-003
 1.4578537e-003
 1.5285908e-003
 1.6048304e-003
 1.6819763e-003
 1.7554172e-003
 1.8205484e-003
 1.8728311e-003
 1.9103421e-003
 1.9346126e-003
 1.9474041e-003
 1.9504752e-003
 1.9455872e-003
 1.9345013e-003
 1.9189804e-003
 1.9007636e-003
 1.8814898e-003
 1.8627543e-003
 1.8461588e-003
 1.8333017e-003
 1.8257834e-003
 1.8247620e-003
 1.8289571e-003
 1.8362452e-003
 1.8445017e-003
 1.8516012e-003
 1.8554195e-003
 1.8543345e-003
 1.8495308e-003
 1.8431679e-003
 1.8374050e-003
 1.8344021e-003
 1.8363193e-003
 1.8446840e-003
 1.8574730e-003
 1.8714232e-003
 1.8832739e-003
 1.8897606e-003
 1.8876207e-003
 1.8744239e-003
 1.8524426e-003
 1.8256009e-003
 1.7978158e-003
 1.7730132e-003
 1.7551165e-003
 1.7472936e-003
 1.7484520e-003
 1.7559940e-003
 1.7673235e-003
 1.7798410e-003
 1.7909484e-003
 1.7976534e-003
 1.7947062e-003
 1.7760623e-003
 1.7356708e-003
 1.6674842e-003
 1.5654657e-003
 1.4267211e-003
 1.2665640e-003
 1.1067797e-003
 9.6911809e-004
 8.7537360e-004
 8.4732595e-004
 9.0128509e-004
 1.0221208e-003
 1.1834487e-003
 1.3588556e-003
 1.5219778e-003
 1.6464023e-003
 1.7105279e-003
 1.7205575e-003
 1.6926534e-003
 1.6430056e-003
 1.5877879e-003
 1.5431887e-003
 1.5227677e-003
 1.5248043e-003
 1.5420729e-003
 1.5673344e-003
 1.5933580e-003
 1.6129053e-003
 1.6199218e-003
 1.6152682e-003
 1.6023093e-003
 1.5844166e-003
 1.5649560e-003
 1.5472992e-003
 1.5345988e-003
 1.5287253e-003
 1.5310873e-003
 1.5430900e-003
 1.5661413e-003
 1.6016471e-003
 1.6500378e-003
 1.7060165e-003
 1.7621702e-003
 1.8110841e-003
 1.8453555e-003
 1.8575683e-003
 1.8422530e-003
 1.8054894e-003
 1.7575930e-003
 1.7088960e-003
 1.6697308e-003
 1.6504192e-003
 1.6591676e-003
 1.6914690e-003
 1.7381278e-003
 1.7899330e-003
 1.8376714e-003
 1.8721431e-003
 1.8857389e-003
 1.8804939e-003
 1.8620214e-003
 1.8359417e-003
 1.8078781e-003
 1.7834458e-003
 1.7671842e-003
 1.7570871e-003
 1.7487030e-003
 1.7375784e-003
 1.7192613e-003
 1.6892947e-003
 1.6447871e-003
 1.5923318e-003
 1.5420637e-003
 1.5041386e-003
 1.4887081e-003
 1.5059203e-003
 1.5627443e-003
 1.6467082e-003
 1.7380398e-003
 1.8169286e-003
 1.8635698e-003
 1.8581703e-003
 1.7858071e-003
 1.6615213e-003
 1.5117167e-003
 1.3627756e-003
 1.2411214e-003
 1.1731687e-003
 1.1804324e-003
 1.2543637e-003
 1.3749386e-003
 1.5221465e-003
 1.6759444e-003
 1.8162874e-003
 1.9250518e-003
 1.9957465e-003
 2.0263582e-003
 2.0148885e-003
 1.9593292e-003
 1.8576884e-003
 1.7102780e-003
 1.5319751e-003
 1.3432554e-003
 1.1645545e-003
 1.0163595e-003
 9.1914705e-004
 8.8951539e-004
 9.1996416e-004
 9.9366123e-004
 1.0937348e-003
 1.2033904e-003
 1.3057012e-003
 1.3855433e-003
 1.4382242e-003
 1.4631472e-003
 1.4597324e-003
 1.4273965e-003
 1.3655310e-003
 1.2753003e-003
 1.1685839e-003
 1.0615278e-003
 9.7028818e-004
 9.1096555e-004
 8.9974049e-004
 9.4931963e-004
 1.0507146e-003
 1.1864183e-003
 1.3389031e-003
 1.4906160e-003
 1.6241076e-003
 1.7234879e-003
 1.7840770e-003
 1.8054647e-003
 1.7872795e-003
 1.7291222e-003
 1.6306562e-003
 1.4937061e-003
 1.3345849e-003
 1.1753022e-003
 1.0378823e-003
 9.4436057e-004
 9.1672648e-004
 9.7234489e-004
 1.0983753e-003
 1.2699645e-003
 1.4621965e-003
 1.6502937e-003
 1.8092464e-003
 1.9177058e-003
 1.9765324e-003
 1.9955435e-003
 1.9845783e-003
 1.9534840e-003
 1.9120804e-003
 1.8688653e-003
 1.8233452e-003
 1.7714687e-003
 1.7091669e-003
 1.6323709e-003
 1.5370310e-003
 1.4210540e-003
 1.2958237e-003
 1.1779580e-003
 1.0841780e-003
 1.0311876e-003
 1.0356711e-003
 1.1103147e-003
 1.2413942e-003
 1.4044419e-003
 1.5749676e-003
 1.7284803e-003
 1.8404741e-003
 1.8905681e-003
 1.8852474e-003
 1.8420146e-003
 1.7783908e-003
 1.7119109e-003
 1.6600664e-003
 1.6376716e-003
 1.6411941e-003
 1.6596416e-003
 1.6819936e-003
 1.6972286e-003
 1.6943284e-003
 1.6645155e-003
 1.6141293e-003
 1.5556684e-003
 1.5016813e-003
 1.4647123e-003
 1.4572893e-003
 1.4893183e-003
 1.5529452e-003
 1.6329078e-003
 1.7140035e-003
 1.7809758e-003
 1.8185788e-003
 1.8146321e-003
 1.7776230e-003
 1.7246065e-003
 1.6726820e-003
 1.6389445e-003
 1.6404897e-003
 1.6903538e-003
 1.7740796e-003
 1.8656387e-003
 1.9390663e-003
 1.9683335e-003
 1.9274423e-003
 1.7963150e-003
 1.5959539e-003
 1.3643377e-003
 1.1396263e-003
 9.5994864e-004
 8.6343376e-004
 8.8101788e-004
 9.9427893e-004
 1.1638926e-003
 1.3506133e-003
 1.5150897e-003
 1.6179865e-003
 1.6267281e-003
 1.5551865e-003
 1.4368901e-003
 1.3054649e-003
 1.1945292e-003
 1.1377025e-003
 1.1630557e-003
 1.2601975e-003
 1.4022770e-003
 1.5625132e-003
 1.7140366e-003
 1.8299993e-003
 1.8873260e-003
 1.8893352e-003
 1.8505991e-003
 1.7857675e-003
 1.7094369e-003
 1.6362427e-003
 1.5793775e-003
 1.5418588e-003
 1.5224037e-003
 1.5196705e-003
 1.5323377e-003
 1.5590789e-003
 1.5983044e-003
 1.6465537e-003
 1.6996016e-003
 1.7531548e-003
 1.8029858e-003
 1.8448288e-003
 1.8747215e-003
 1.8908398e-003
 1.8922553e-003
 1.8780592e-003
 1.8473364e-003
 1.7991737e-003
 1.7332084e-003
 1.6530358e-003
 1.5639055e-003
 1.4711824e-003
 1.3801196e-003
 1.2960361e-003
 1.2236283e-003
 1.1631070e-003
 1.1128208e-003
 1.0710305e-003
 1.0360634e-003
 1.0061961e-003
 9.8020886e-004
 9.6032134e-004
 9.5025537e-004
 9.5375383e-004
 9.7455108e-004
 1.0163846e-003
 1.0817735e-003
 1.1643959e-003
 1.2540101e-003
 1.3404216e-003
 1.4133282e-003
 1.4625310e-003
 1.4799363e-003
 1.4732712e-003
 1.4572656e-003
 1.4466959e-003
 1.4563225e-003
 1.5009168e-003
 1.5915730e-003
 1.7124037e-003
 1.8354752e-003
 1.9328812e-003
 1.9765901e-003
 1.9386744e-003
 1.7971661e-003
 1.5745503e-003
 1.3130084e-003
 1.0551262e-003
 8.4316934e-004
 7.1959425e-004
 7.2033174e-004
 8.3322317e-004
 1.0244320e-003
 1.2601746e-003
 1.5063891e-003
 1.7293063e-003
 1.8980637e-003
 2.0048425e-003
 2.0522207e-003
 2.0428335e-003
 1.9792900e-003
 1.8642637e-003
 1.7020396e-003
 1.5097617e-003
 1.3104047e-003
 1.1268328e-003
 9.8214054e-004
 8.9920679e-004
 8.9740823e-004
 9.6876576e-004
 1.0928302e-003
 1.2490596e-003
 1.4170300e-003
 1.5761137e-003
 1.7077795e-003
 1.8077242e-003
 1.8782406e-003
 1.9216961e-003
 1.9403963e-003
 1.9366947e-003
 1.9132532e-003
 1.8752576e-003
 1.8290534e-003
 1.7810008e-003
 1.7374270e-003
 1.7047133e-003
 1.6883936e-003
 1.6879173e-003
 1.6998954e-003
 1.7209363e-003
 1.7476240e-003
 1.7765763e-003
 1.8046922e-003
 1.8313762e-003
 1.8571620e-003
 1.8825890e-003
 1.9082158e-003
 1.9345684e-003
 1.9615968e-003
 1.9845166e-003
 1.9963447e-003
 1.9900855e-003
 1.9587516e-003
 1.8953232e-003
 1.7944842e-003
 1.6635559e-003
 1.5158891e-003
 1.3648814e-003
 1.2238241e-003
 1.1061861e-003
 1.0240393e-003
 9.7992318e-004
 9.7181398e-004
 9.9766115e-004
 1.0554006e-003
 1.1430214e-003
 1.2577736e-003
 1.3920078e-003
 1.5356243e-003
 1.6785034e-003
 1.8106246e-003
 1.9218001e-003
 2.0028048e-003
 2.0506915e-003
 2.0655671e-003
 2.0475565e-003
 1.9967970e-003
 1.9133774e-003
 1.7982920e-003
 1.6588705e-003
 1.5055970e-003
 1.3489578e-003
 1.1994384e-003
 1.0675462e-003
 9.6308568e-004
 8.9105777e-004
 8.5396745e-004
 8.5436850e-004
 8.9478749e-004
 9.7779522e-004
 1.1041092e-003
 1.2603782e-003
 1.4263237e-003
 1.5816415e-003
 1.7060278e-003
 1.7791714e-003
 1.7837913e-003
 1.7268857e-003
 1.6272299e-003
 1.5036979e-003
 1.3751809e-003
 1.2604813e-003
 1.1768641e-003
 1.1277572e-003
 1.1099799e-003
 1.1202878e-003
 1.1554369e-003
 1.2121710e-003
 1.2869765e-003
 1.3737505e-003
 1.4652616e-003
 1.5542115e-003
 1.6333164e-003
 1.6953240e-003
 1.7344711e-003
 1.7471318e-003
 1.7298189e-003
 1.6790519e-003
 1.5919281e-003
 1.4754804e-003
 1.3450048e-003
 1.2162157e-003
 1.1046670e-003
 1.0240852e-003
 9.7220868e-004
 9.3886873e-004
 9.1384409e-004
 8.8689645e-004
 8.5226755e-004
 8.2404481e-004
 8.2189491e-004
 8.6546619e-004
 9.7442057e-004
 1.1540946e-003
 1.3746162e-003
 1.6005939e-003
 1.7966628e-003
 1.9278718e-003
 1.9799022e-003
 1.9682369e-003
 1.9106767e-003
 1.8249975e-003
 1.7288092e-003
 1.6363121e-003
 1.5587119e-003
 1.5072180e-003
 1.4929520e-003
 1.5250107e-003
 1.5948850e-003
 1.6851916e-003
 1.7784633e-003
 1.8572953e-003
 1.9069384e-003
 1.9253017e-003
 1.9138326e-003
 1.8739912e-003
 1.8072461e-003
 1.7189095e-003
 1.6239306e-003
 1.5388895e-003
 1.4802513e-003
 1.4642095e-003
 1.4892417e-003
 1.5278443e-003
 1.5503947e-003
 1.5273094e-003
 1.4311267e-003
 1.2735273e-003
 1.1003630e-003
 9.5865439e-004
 8.9534250e-004
 9.5050136e-004
 1.1037180e-003
 1.3035181e-003
 1.4981400e-003
 1.6359473e-003
 1.6777089e-003
 1.6429459e-003
 1.5681622e-003
 1.4898807e-003
 1.4445938e-003
 1.4547345e-003
 1.5064167e-003
 1.5799068e-003
 1.6555380e-003
 1.7138015e-003
 1.7463854e-003
 1.7617092e-003
 1.7695626e-003
 1.7797404e-003
 1.8015072e-003
 1.8344551e-003
 1.8695574e-003
 1.8974870e-003
 1.9089313e-003
 1.8959597e-003
 1.8630733e-003
 1.8212791e-003
 1.7816413e-003
 1.7552245e-003
 1.7498011e-003
 1.7575114e-003
 1.7658526e-003
 1.7623291e-003
 1.7344385e-003
 1.6703870e-003
 1.5715412e-003
 1.4512510e-003
 1.3231604e-003
 1.2009934e-003
 1.0984542e-003
 1.0286764e-003
 9.9381781e-004
 9.8611694e-004
 9.9747546e-004
 1.0197893e-003
 1.0449517e-003
 1.0650806e-003
 1.0766899e-003
 1.0802498e-003
 1.0763862e-003
 1.0657202e-003
 1.0488739e-003
 1.0266649e-003
 1.0037365e-003
 9.8819565e-004
 9.8829612e-004
 1.0122781e-003
 1.0683882e-003
 1.1640999e-003
 1.2917145e-003
 1.4296414e-003
 1.5558773e-003
 1.6482603e-003
 1.6847751e-003
 1.6446110e-003
 1.5325003e-003
 1.3764919e-003
 1.2056821e-003
 1.0489732e-003
 9.3538716e-004
 8.9268078e-004
 9.2392339e-004
 1.0093877e-003
 1.1285701e-003
 1.2608289e-003
 1.3856728e-003
 1.4832460e-003
 1.5483634e-003
 1.5894568e-003
 1.6154116e-003
 1.6351617e-003
 1.6576177e-003
 1.6912919e-003
 1.7364832e-003
 1.7858372e-003
 1.8317433e-003
 1.8665334e-003
 1.8825933e-003
 1.8727354e-003
 1.8391202e-003
 1.7926382e-003
 1.7445236e-003
 1.7059781e-003
 1.6882526e-003
 1.7018309e-003
 1.7422746e-003
 1.7911043e-003
 1.8293310e-003
 1.8379181e-003
 1.7978656e-003
 1.6913647e-003
 1.5257137e-003
 1.3318839e-003
 1.1418037e-003
 9.8727341e-004
 9.0029195e-004
 9.1120042e-004
 1.0193484e-003
 1.1945916e-003
 1.4057690e-003
 1.6214693e-003
 1.8105425e-003
 1.9427671e-003
 2.0108165e-003
 2.0291128e-003
 2.0129457e-003
 1.9775853e-003
 1.9383377e-003
 1.9100105e-003
 1.8977593e-003
 1.8974819e-003
 1.9047094e-003
 1.9149656e-003
 1.9237850e-003
 1.9268432e-003
 1.9230123e-003
 1.9142275e-003
 1.9025507e-003
 1.8900338e-003
 1.8787454e-003
 1.8706401e-003
 1.8655915e-003
 1.8614538e-003
 1.8559995e-003
 1.8470031e-003
 1.8322309e-003
 1.8095745e-003
 1.7792491e-003
 1.7437523e-003
 1.7056789e-003
 1.6675957e-003
 1.6321172e-003
 1.6017403e-003
 1.5774394e-003
 1.5586760e-003
 1.5448495e-003
 1.5353602e-003
 1.5296035e-003
 1.5269824e-003
 1.5268939e-003
 1.5286909e-003
 1.5315404e-003
 1.5345669e-003
 1.5368912e-003
 1.5376377e-003
 1.5359287e-003
 1.5308870e-003
 1.5216353e-003
 1.5073000e-003
 1.4875984e-003
 1.4646430e-003
 1.4411035e-003
 1.4196644e-003
 1.4030070e-003
 1.3938117e-003
 1.3947589e-003
 1.4085328e-003
 1.4378042e-003
 1.4838449e-003
 1.5422944e-003
 1.6073951e-003
 1.6734374e-003
 1.7346296e-003
 1.7852609e-003
 1.8195743e-003
 1.8318242e-003
 1.8162649e-003
 1.7692503e-003
 1.6954098e-003
 1.6015300e-003
 1.4943004e-003
 1.3804714e-003
 1.2667982e-003
 1.1599562e-003
 1.0667554e-003
 9.9387683e-004
 9.4645668e-004
 9.2312280e-004
 9.2087331e-004
 9.3670259e-004
 9.6762180e-004
 1.0106082e-003
 1.0626800e-003
 1.1208289e-003
 1.1820429e-003
 1.2438053e-003
 1.3053520e-003
 1.3664697e-003
 1.4268567e-003
 1.4862884e-003
 1.5444963e-003
 1.6012129e-003
 1.6562104e-003
 1.7091924e-003
 1.7597525e-003
 1.8067230e-003
 1.8487609e-003
 1.8845233e-003
 1.9126636e-003
 1.9318517e-003
 1.9407313e-003
 1.9379674e-003
 1.9222146e-003
 1.8931755e-003
 1.8547982e-003
 1.8121719e-003
 1.7703372e-003
 1.7343644e-003
 1.7093170e-003
 1.7002575e-003
 1.7122445e-003
 1.7503542e-003
 1.8166399e-003
 1.9008634e-003
 1.9895523e-003
 2.0692309e-003
 2.1264742e-003
 2.1477812e-003
 2.1197114e-003
 2.0287943e-003
 1.8615671e-003
 1.6140027e-003
 1.3215067e-003
 1.0295419e-003
 7.8392890e-004
 6.3014263e-004
 6.1385660e-004
 7.8069256e-004
 1.1762748e-003
 1.8460787e-003
 2.8008609e-003
 3.9019894e-003
 4.9731117e-003
 5.8371183e-003
 6.3170465e-003
 6.2475931e-003
 5.6480723e-003
 4.6865898e-003
 3.5357627e-003
 2.3681449e-003
 1.3562891e-003
 6.6457002e-004
 3.2313127e-004
 2.5415194e-004
 3.7635438e-004
 6.0846121e-004
 8.6932152e-004
 1.0810994e-003
 1.2190663e-003
 1.3021770e-003
 1.3504822e-003
 1.3841240e-003
 1.4232247e-003
 1.4867469e-003
 1.5753518e-003
 1.6745600e-003
 1.7695789e-003
 1.8454829e-003
 1.8874555e-003
 1.8815331e-003
 1.8286654e-003
 1.7420056e-003
 1.6351631e-003
 1.5216555e-003
 1.4149908e-003
 1.3282237e-003
 1.2648060e-003
 1.2204852e-003
 1.1906963e-003
 1.1709296e-003
 1.1566426e-003
 1.1434432e-003
 1.1293424e-003
 1.1143119e-003
 1.0984042e-003
 1.0816557e-003
 1.0641020e-003
 1.0458999e-003
 1.0289147e-003
 1.0164777e-003
 1.0119451e-003
 1.0186833e-003
 1.0400512e-003
 1.0792284e-003
 1.1359405e-003
 1.2071300e-003
 1.2895615e-003
 1.3801083e-003
 1.4755211e-003
 1.5725844e-003
 1.6670001e-003
 1.7534586e-003
 1.8267487e-003
 1.8815474e-003
 1.9126148e-003
 1.9149891e-003
 1.8890862e-003
 1.8398407e-003
 1.7723807e-003
 1.6917534e-003
 1.6031091e-003
 1.5114252e-003
 1.4201625e-003
 1.3315992e-003
 1.2478458e-003
 1.1711349e-003
 1.1036077e-003
 1.0474632e-003
 1.0057412e-003
 9.8207931e-004
 9.8018080e-004
 1.0037329e-003
 1.0564052e-003
 1.1413071e-003
 1.2513769e-003
 1.3707008e-003
 1.4832403e-003
 1.5727994e-003
 1.6233179e-003
 1.6197882e-003
 1.5675345e-003
 1.4892125e-003
 1.4081338e-003
 1.3475083e-003
 1.3306350e-003
 1.3792275e-003
 1.4881348e-003
 1.6288529e-003
 1.7722824e-003
 1.8891352e-003
 1.9502946e-003
 1.9283135e-003
 1.8278689e-003
 1.6812793e-003
 1.5219509e-003
 1.3830866e-003
 1.2980871e-003
 1.2982873e-003
 1.3806954e-003
 1.5122738e-003
 1.6591238e-003
 1.7871640e-003
 1.8624932e-003
 1.8529783e-003
 1.7611898e-003
 1.6198232e-003
 1.4627557e-003
 1.3236675e-003
 1.2364341e-003
 1.2330419e-003
 1.3138455e-003
 1.4512416e-003
 1.6168237e-003
 1.7819818e-003
 1.9183290e-003
 1.9985139e-003
 2.0182484e-003
 1.9933525e-003
 1.9403745e-003
 1.8758145e-003
 1.8162492e-003
 1.7775747e-003
 1.7645741e-003
 1.7720936e-003
 1.7946655e-003
 1.8267951e-003
 1.8630235e-003
 1.8979391e-003
 1.9279082e-003
 1.9508372e-003
 1.9646629e-003
 1.9673475e-003
 1.9568417e-003
 1.9312046e-003
 1.8906915e-003
 1.8374693e-003
 1.7737546e-003
 1.7018354e-003
 1.6239029e-003
 1.5422547e-003
 1.4591053e-003
 1.3767569e-003
 1.2979183e-003
 1.2252543e-003
 1.1615370e-003
 1.1094421e-003
 1.0717273e-003
 1.0510908e-003
 1.0502555e-003
 1.0719419e-003
 1.1171646e-003
 1.1807545e-003
 1.2562509e-003
 1.3370970e-003
 1.4168171e-003
 1.4889335e-003
 1.5468920e-003
 1.5842279e-003
 1.5944117e-003
 1.5736137e-003
 1.5274921e-003
 1.4638972e-003
 1.3906042e-003
 1.3154832e-003
 1.2463012e-003
 1.1909252e-003
 1.1571436e-003
 1.1527762e-003
 1.1828758e-003
 1.2425018e-003
 1.3243884e-003
 1.4213312e-003
 1.5261470e-003
 1.6315382e-003
 1.7303531e-003
 1.8152986e-003
 1.8792085e-003
 1.9166614e-003
 1.9290382e-003
 1.9192166e-003
 1.8900887e-003
 1.8445211e-003
 1.7854319e-003
 1.7156922e-003
 1.6381579e-003
 1.5557704e-003
 1.4714685e-003
 1.3887176e-003
 1.3109585e-003
 1.2417455e-003
 1.1845471e-003
 1.1428490e-003
 1.1201795e-003
 1.1200227e-003
 1.1458772e-003
 1.1995846e-003
 1.2767265e-003
 1.3715053e-003
 1.4781487e-003
 1.5907667e-003
 1.7036236e-003
 1.8108243e-003
 1.9065983e-003
 1.9851571e-003
 2.0420116e-003
 2.0779117e-003
 2.0947391e-003
 2.0944148e-003
 2.0788466e-003
 2.0499441e-003
 2.0095985e-003
 1.9597462e-003
 1.9022604e-003
 1.8391239e-003
 1.7723900e-003
 1.7041371e-003
 1.6365175e-003
 1.5715872e-003
 1.5114958e-003
 1.4583052e-003
 1.4141564e-003
 1.3811323e-003
 1.3605574e-003
 1.3508508e-003
 1.3497155e-003
 1.3548641e-003
 1.3640105e-003
 1.3748598e-003
 1.3851266e-003
 1.3925249e-003
 1.3947613e-003
 1.3895474e-003
 1.3747006e-003
 1.3502175e-003
 1.3181774e-003
 1.2807804e-003
 1.2401780e-003
 1.1985762e-003
 1.1581233e-003
 1.1210253e-003
 1.0894439e-003
 1.0655489e-003
 1.0515341e-003
 1.0495677e-003
 1.0617394e-003
 1.0882079e-003
 1.1272851e-003
 1.1771613e-003
 1.2360908e-003
 1.3022503e-003
 1.3739048e-003
 1.4492222e-003
 1.5264468e-003
 1.6038253e-003
 1.6795212e-003
 1.7518069e-003
 1.8188774e-003
 1.8796228e-003
 1.9335267e-003
 1.9800409e-003
 2.0186887e-003
 2.0489336e-003
 2.0702868e-003
 2.0822235e-003
 2.0842440e-003
 2.0758335e-003
 2.0564890e-003
 2.0256864e-003
 1.9829900e-003
 1.9290647e-003
 1.8657821e-003
 1.7950047e-003
 1.7185846e-003
 1.6384573e-003
 1.5564468e-003
 1.4744925e-003
 1.3944457e-003
 1.3181601e-003
 1.2475710e-003
 1.1845091e-003
 1.1308541e-003
 1.0873361e-003
 1.0536955e-003
 1.0295787e-003
 1.0146458e-003
 1.0085707e-003
 1.0110129e-003
 1.0216341e-003
 1.0521832e-003
 1.1617859e-003
 1.3278296e-003
 1.5270652e-003
 1.7225981e-003
 1.8770339e-003
 1.9529002e-003
 1.9147967e-003
 1.7728483e-003
 1.5824570e-003
 1.4008920e-003
 1.2855032e-003
 1.2911841e-003
 1.4191458e-003
 1.6176602e-003
 1.8326833e-003
 2.0102619e-003
 2.0979191e-003
 2.0779178e-003
 1.9665030e-003
 1.7813165e-003
 1.5400685e-003
 1.2604048e-003
 9.6853694e-004
 7.2407996e-004
 5.9460738e-004
 6.4777053e-004
 9.5121318e-004
 1.5724839e-003
 2.5479284e-003
 3.7925639e-003
 5.1928316e-003
 6.6345604e-003
 8.0042379e-003
 9.1877002e-003
 1.0071291e-002
 1.0570735e-002
 1.0714090e-002
 1.0556382e-002
 1.0152623e-002
 9.5577054e-003
 8.8267475e-003
 8.0145635e-003
 7.1763233e-003
 6.3588768e-003
 5.5795424e-003
 4.8482087e-003
 4.1751233e-003
 3.5702009e-003
 3.0436602e-003
 2.6054964e-003
 2.2657481e-003
 2.0298958e-003
 1.8858563e-003
 1.8175771e-003
 1.8089534e-003
 1.8439005e-003
 1.9063385e-003
 1.9801660e-003
 2.0493118e-003
 2.1009902e-003
 2.1346742e-003
 2.1526369e-003
 2.1571626e-003
 2.1505298e-003
 2.1350200e-003
 2.1129104e-003
 2.0864857e-003
 2.0580203e-003
 2.0298015e-003
 2.0041019e-003
 1.9832086e-003
 1.9688052e-003
 1.9604394e-003
 1.9571665e-003
 1.9580449e-003
 1.9621328e-003
 1.9684872e-003
 1.9761657e-003
 1.9842277e-003
 1.9917288e-003
 1.9977284e-003
 2.0012830e-003
 2.0014513e-003
 1.9975584e-003
 1.9898834e-003
 1.9789215e-003
 1.9651628e-003
 1.9491033e-003
 1.9312326e-003
 1.9120477e-003
 1.8920372e-003
 1.8716988e-003
 1.8515228e-003
 1.8320000e-003
 1.8135506e-003
 1.7963151e-003
 1.7803821e-003
 1.7658328e-003
 1.7527555e-003
 1.7412322e-003
 1.7313501e-003
 1.7231923e-003
 1.7168451e-003
 1.7123922e-003
 1.7098264e-003
 1.7088174e-003
 1.7089654e-003
 1.7098706e-003
 1.7111335e-003
 1.7123544e-003
 1.7131332e-003
 1.7130706e-003
 1.7117664e-003
 1.7088214e-003
 1.7039368e-003
 1.6971633e-003
 1.6886226e-003
 1.6784410e-003
 1.6667389e-003
 1.6536431e-003
 1.6392760e-003
 1.6237593e-003
 1.6072203e-003
 1.5897786e-003
 1.5717500e-003
 1.5540769e-003
 1.5378431e-003
 1.5241246e-003
 1.5140048e-003
 1.5085606e-003
 1.5088738e-003
 1.5160240e-003
 1.5310891e-003
 1.5542469e-003
 1.5826700e-003
 1.6128963e-003
 1.6414765e-003
 1.6649473e-003
 1.6798583e-003
 1.6827498e-003
 1.6701664e-003
 1.6401100e-003
 1.5953662e-003
 1.5397242e-003
 1.4769497e-003
 1.4108360e-003
 1.3451466e-003
 1.2836757e-003
 1.2301928e-003
 1.1878434e-003
 1.1577371e-003
 1.1405495e-003
 1.1369678e-003
 1.1476732e-003
 1.1733468e-003
 1.2146770e-003
 1.2723363e-003
 1.3456142e-003
 1.4292325e-003
 1.5170372e-003
 1.6028339e-003
 1.6804693e-003
 1.7437512e-003
 1.7865184e-003
 1.8047503e-003
 1.8012940e-003
 1.7803692e-003
 1.7462017e-003
 1.7030041e-003
 1.6550068e-003
 1.6057898e-003
 1.5569621e-003
 1.5097162e-003
 1.4652665e-003
 1.4248062e-003
 1.3895491e-003
 1.3610739e-003
 1.3421585e-003
 1.3358208e-003
 1.3450739e-003
 1.3729291e-003
 1.4224056e-003
 1.4925844e-003
 1.5703582e-003
 1.6402137e-003
 1.6866699e-003
 1.6942210e-003
 1.6473762e-003
 1.5394780e-003
 1.3911115e-003
 1.2281741e-003
 1.0765095e-003
 9.6196675e-004
 9.1042952e-004
 9.3709695e-004
 1.0245116e-003
 1.1489990e-003
 1.2868377e-003
 1.4143653e-003
 1.5078677e-003
 1.5510094e-003
 1.5497990e-003
 1.5144597e-003
 1.4552458e-003
 1.3823875e-003
 1.3061187e-003
 1.2354091e-003
 1.1753975e-003
 1.1305474e-003
 1.1052769e-003
 1.1040202e-003
 1.1312192e-003
 1.1881267e-003
 1.2665347e-003
 1.3564667e-003
 1.4479469e-003
 1.5310168e-003
 1.5956608e-003
 1.6344321e-003
 1.6473043e-003
 1.6356267e-003
 1.6007365e-003
 1.5439999e-003
 1.4670634e-003
 1.3760708e-003
 1.2805754e-003
 1.1902880e-003
 1.1148489e-003
 1.0634527e-003
 1.0384136e-003
 1.0368355e-003
 1.0556709e-003
 1.0918819e-003
 1.1420484e-003
 1.1972118e-003
 1.2441792e-003
 1.2696963e-003
 1.2604954e-003
 1.2048729e-003
 1.1139826e-003
 1.0160619e-003
 9.3977095e-004
 9.1377209e-004
 9.6447277e-004
 1.0858381e-003
 1.2476729e-003
 1.4192434e-003
 1.5696882e-003
 1.6698743e-003
 1.7132622e-003
 1.7100932e-003
 1.6709917e-003
 1.6066155e-003
 1.5274741e-003
 1.4423690e-003
 1.3588185e-003
 1.2843725e-003
 1.2265192e-003
 1.1925519e-003
 1.1867771e-003
 1.2113124e-003
 1.2682172e-003
 1.3595556e-003
 1.4860837e-003
 1.6305631e-003
 1.7625163e-003
 1.8512788e-003
 1.8661511e-003
 1.7794438e-003
 1.6051080e-003
 1.3871226e-003
 1.1701437e-003
 9.9879585e-004
 9.1479404e-004
 9.1867312e-004
 9.8149292e-004
 1.0736648e-003
 1.1656190e-003
 1.2291580e-003
 1.2554945e-003
 1.2496450e-003
 1.2169153e-003
 1.1626380e-003
 1.0924409e-003
 1.0161691e-003
 9.4664644e-004
 8.9681172e-004
 8.7954954e-004
 9.0653548e-004
 9.7327231e-004
 1.0637685e-003
 1.1618388e-003
 1.2512857e-003
 1.3167290e-003
 1.3534804e-003
 1.3643346e-003
 1.3522701e-003
 1.3202539e-003
 1.2715776e-003
 1.2139520e-003
 1.1581117e-003
 1.1148637e-003
 1.0950132e-003
 1.1085045e-003
 1.1540304e-003
 1.2225029e-003
 1.3046777e-003
 1.3913303e-003
 1.4732491e-003
 1.5422506e-003
 1.5907969e-003
 1.6113635e-003
 1.5964139e-003
 1.5394130e-003
 1.4462158e-003
 1.3311432e-003
 1.2087693e-003
 1.0935841e-003
 9.9953113e-004
 9.3338283e-004
 8.9702301e-004
 8.9226424e-004
 9.2088885e-004
 9.8383182e-004
 1.0713661e-003
 1.1664644e-003
 1.2520263e-003
 1.3109327e-003
 1.3274126e-003
 1.3023167e-003
 1.2476990e-003
 1.1758126e-003
 1.0988914e-003
 1.0288547e-003
 9.7301730e-004
 9.3567267e-004
 9.2105853e-004
 9.3341910e-004
 9.7603258e-004
 1.0406257e-003
 1.1112480e-003
 1.1718223e-003
 1.2062275e-003
 1.1998175e-003
 1.1550564e-003
 1.0857000e-003
 1.0057600e-003
 9.2919718e-004
 8.6934888e-004
 8.3195727e-004
 8.1777811e-004
 8.2748721e-004
 8.6174754e-004
 9.2045305e-004
 9.9436380e-004
 1.0682113e-003
 1.1266792e-003
 1.1544349e-003
 1.1380080e-003
 1.0858633e-003
 1.0206695e-003
 9.6533290e-004
 9.4275945e-004
 9.7347185e-004
 1.0501130e-003
 1.1473934e-003
 1.2397249e-003
 1.3015291e-003
 1.3096230e-003
 1.2689531e-003
 1.2024257e-003
 1.1332255e-003
 1.0845902e-003
 1.0774798e-003
 1.1074896e-003
 1.1540536e-003
 1.1963536e-003
 1.2135394e-003
 1.1870906e-003
 1.1244579e-003
 1.0495191e-003
 9.8646933e-004
 9.5944630e-004
 9.8974921e-004
 1.0666115e-003
 1.1590172e-003
 1.2356942e-003
 1.2653554e-003
 1.2204772e-003
 1.1157308e-003
 9.9211046e-004
 8.9101301e-004
 8.5383607e-004
 9.1734435e-004
 1.0667299e-003
 1.2552151e-003
 1.4355407e-003
 1.5604665e-003
 1.5870105e-003
 1.5199224e-003
 1.3933119e-003
 1.2416859e-003
 1.0996675e-003
 9.9939457e-004
 9.4727607e-004
 9.3391235e-004
 9.4968139e-004
 9.8494522e-004
 1.0302768e-003
 1.0784169e-003
 1.1234387e-003
 1.1594011e-003
 1.1803978e-003
 1.1814857e-003
 1.1681493e-003
 1.1522074e-003
 1.1455577e-003
 1.1600994e-003
 1.2061850e-003
 1.2777768e-003
 1.3588944e-003
 1.4334740e-003
 1.4854367e-003
 1.5000766e-003
 1.4771466e-003
 1.4250738e-003
 1.3523942e-003
 1.2676221e-003
 1.1792665e-003
 1.0950508e-003
 1.0222875e-003
 9.6827326e-004
 9.4034243e-004
 9.4474794e-004
 9.7701221e-004
 1.0263049e-003
 1.0817260e-003
 1.1323340e-003
 1.1678700e-003
 1.1846509e-003
 1.1828616e-003
 1.1627401e-003
 1.1245249e-003
 1.0688787e-003
 1.0007777e-003
 9.2777936e-004
 8.5742376e-004
 7.9726597e-004
 7.5439928e-004
 7.3124422e-004
 7.2752539e-004
 7.4291538e-004
 7.7709439e-004
 8.2936435e-004
 8.9504651e-004
 9.6722587e-004
 1.0389499e-003
 1.1032796e-003
 1.1534814e-003
 1.1853622e-003
 1.1961416e-003
 1.1830557e-003
 1.1433278e-003
 1.0755541e-003
 9.9153945e-004
 9.1063243e-004
 8.5225858e-004
 8.3588518e-004
 8.7816082e-004
 9.6864253e-004
 1.0815716e-003
 1.1909279e-003
 1.2707757e-003
 1.2977434e-003
 1.2736081e-003
 1.2143289e-003
 1.1360088e-003
 1.0547508e-003
 9.8541309e-004
 9.3084300e-004
 8.8721351e-004
 8.5058389e-004
 8.1702851e-004
 7.8365084e-004
 7.5750094e-004
 7.5111690e-004
 7.7710359e-004
 8.4808946e-004
 9.7385480e-004
 1.1377240e-003
 1.3083820e-003
 1.4543602e-003
 1.5442016e-003
 1.5504550e-003
 1.4840198e-003
 1.3767661e-003
 1.2607534e-003
 1.1681294e-003
 1.1275337e-003
 1.1357048e-003
 1.1719802e-003
 1.2154904e-003
 1.2453937e-003
 1.2426078e-003
 1.2044166e-003
 1.1369511e-003
 1.0464822e-003
 9.3923410e-004
 8.2224357e-004
 7.0986804e-004
 6.2050257e-004
 5.7249505e-004
 5.8422139e-004
 6.7029649e-004
 8.1068178e-004
 9.6689578e-004
 1.1002710e-003
 1.1721468e-003
 1.1492677e-003
 1.0477921e-003
 9.1007818e-004
 7.7872584e-004
 6.9632533e-004
 7.0031476e-004
 7.8127935e-004
 9.0512447e-004
 1.0375615e-003
 1.1442022e-003
 1.1942242e-003
 1.1876419e-003
 1.1406590e-003
 1.0696622e-003
 9.9100592e-004
 9.1999146e-004
 8.6254318e-004
 8.1968599e-004
 7.9243089e-004
 7.8175677e-004
 7.8831660e-004
 8.0980669e-004
 8.4236963e-004
 8.8214927e-004
 9.2528621e-004
 9.6797466e-004
 1.0067610e-003
 1.0384209e-003
 1.0597209e-003
 1.0674275e-003
 1.0589932e-003
 1.0378418e-003
 1.0104445e-003
 9.8329724e-004
 9.6289255e-004
 9.5549639e-004
 9.6529082e-004
 9.9541305e-004
 1.0490076e-003
 1.1291787e-003
 1.2370603e-003
 1.3567181e-003
 1.4635982e-003
 1.5330891e-003
 1.5405321e-003
 1.4657726e-003
 1.3261704e-003
 1.1578971e-003
 9.9739362e-004
 8.8097597e-004
 8.4103888e-004
 8.7680510e-004
 9.7089668e-004
 1.1058340e-003
 1.2641377e-003
 1.4288627e-003
 1.5870678e-003
 1.7279781e-003
 1.8407939e-003
 1.9147157e-003
 1.9409399e-003
 1.9271346e-003
 1.8891176e-003
 1.8427500e-003
 1.8038870e-003
 1.7865920e-003
 1.7899844e-003
 1.8058931e-003
 1.8261012e-003
 1.8423761e-003
 1.8474642e-003
 1.8419386e-003
 1.8301838e-003
 1.8166064e-003
 1.8056235e-003
 1.8011850e-003
 1.8035556e-003
 1.8112196e-003
 1.8226434e-003
 1.8362979e-003
 1.8506836e-003
 1.8645449e-003
 1.8767329e-003
 1.8861091e-003
 1.8915316e-003
 1.8915720e-003
 1.8825135e-003
 1.8595572e-003
 1.8178922e-003
 1.7527082e-003
 1.6605951e-003
 1.5494501e-003
 1.4324402e-003
 1.3227816e-003
 1.2336735e-003
 1.1771357e-003
 1.1553885e-003
 1.1660920e-003
 1.2068917e-003
 1.2754010e-003
 1.3678054e-003
 1.4689850e-003
 1.5585291e-003
 1.6160045e-003
 1.6209387e-003
 1.5569344e-003
 1.4386474e-003
 1.2951561e-003
 1.1557282e-003
 1.0495256e-003
 1.0020523e-003
 1.0105536e-003
 1.0591892e-003
 1.1320516e-003
 1.2132371e-003
 1.2875193e-003
 1.3448336e-003
 1.3774423e-003
 1.3776647e-003
 1.3378044e-003
 1.2529013e-003
 1.1389136e-003
 1.0212580e-003
 9.2541444e-004
 8.7685953e-004
 8.9661876e-004
 9.7209838e-004
 1.0755004e-003
 1.1789512e-003
 1.2545902e-003
 1.2784218e-003
 1.2556594e-003
 1.2046242e-003
 1.1436866e-003
 1.0912640e-003
 1.0635174e-003
 1.0603123e-003
 1.0742167e-003
 1.0977519e-003
 1.1234487e-003
 1.1452689e-003
 1.1676757e-003
 1.1997869e-003
 1.2507552e-003
 1.3297283e-003
 1.4430222e-003
 1.5763834e-003
 1.7063507e-003
 1.8095219e-003
 1.8624640e-003
 1.8460047e-003
 1.7718512e-003
 1.6652559e-003
 1.5515244e-003
 1.4559437e-003
 1.4007083e-003
 1.3852777e-003
 1.3992511e-003
 1.4321865e-003
 1.4736517e-003
 1.5136816e-003
 1.5458899e-003
 1.5654184e-003
 1.5674138e-003
 1.5470226e-003
 1.5012909e-003
 1.4406515e-003
 1.3812915e-003
 1.3394653e-003
 1.3313805e-003
 1.3703273e-003
 1.4490280e-003
 1.5514269e-003
 1.6613572e-003
 1.7627262e-003
 1.8408393e-003
 1.8908993e-003
 1.9122836e-003
 1.9044235e-003
 1.8667351e-003
 1.7996794e-003
 1.7111219e-003
 1.6119886e-003
 1.5132295e-003
 1.4257937e-003
 1.3591362e-003
 1.3125826e-003
 1.2811380e-003
 1.2598111e-003
 1.2436076e-003
 1.2287917e-003
 1.2201193e-003
 1.2258959e-003
 1.2544489e-003
 1.3140832e-003
 1.4103564e-003
 1.5301320e-003
 1.6525602e-003
 1.7566761e-003
 1.8216065e-003
 1.8301144e-003
 1.7895724e-003
 1.7174626e-003
 1.6313561e-003
 1.5487722e-003
 1.4847832e-003
 1.4380449e-003
 1.4005345e-003
 1.3641756e-003
 1.3209042e-003
 1.2642246e-003
 1.1981585e-003
 1.1309437e-003
 1.0708421e-003
 1.0261158e-003
 1.0049175e-003
 1.0091446e-003
 1.0310656e-003
 1.0621432e-003
 1.0938464e-003
 1.1176207e-003
 1.1250356e-003
 1.1133067e-003
 1.0882519e-003
 1.0564316e-003
 1.0243879e-003
 9.9866826e-004
 9.8577118e-004
 9.8946062e-004
 1.0093593e-003
 1.0447459e-003
 1.0949012e-003
 1.1591219e-003
 1.2365797e-003
 1.3222005e-003
 1.4044632e-003
 1.4713298e-003
 1.5107159e-003
 1.5105892e-003
 1.4591503e-003
 1.3581521e-003
 1.2296528e-003
 1.0972860e-003
 9.8470435e-004
 9.1556064e-004
 9.1316632e-004
 9.8228024e-004
 1.1002392e-003
 1.2421815e-003
 1.3832777e-003
 1.4985938e-003
 1.5633033e-003
 1.5573200e-003
 1.4902920e-003
 1.3833673e-003
 1.2576716e-003
 1.1343404e-003
 1.0345092e-003
 9.7930722e-004
 9.8575326e-004
 1.0452386e-003
 1.1394335e-003
 1.2500158e-003
 1.3585800e-003
 1.4468016e-003
 1.4963321e-003
 1.4921083e-003
 1.4391958e-003
 1.3502551e-003
 1.2379547e-003
 1.1149634e-003
 9.9392212e-004
 8.8755984e-004
 8.0693071e-004
 7.5353438e-004
 7.2528183e-004
 7.2009501e-004
 7.3587318e-004
 7.7052513e-004
 8.2197378e-004
 8.8745431e-004
 9.6035388e-004
 1.0326111e-003
 1.0961758e-003
 1.1429521e-003
 1.1648930e-003
 1.1539345e-003
 1.1043533e-003
 1.0242797e-003
 9.2699990e-004
 8.2575111e-004
 7.3378655e-004
 6.6434668e-004
 6.3072063e-004
 6.4337224e-004
 6.9653592e-004
 7.7855989e-004
 8.7772048e-004
 9.8235207e-004
 1.0807724e-003
 1.1612992e-003
 1.2140236e-003
 1.2392588e-003
 1.2410531e-003
 1.2234441e-003
 1.1904597e-003
 1.1461535e-003
 1.0945568e-003
 1.0397458e-003
 9.8600821e-004
 9.3775016e-004
 8.9933875e-004
 8.7515387e-004
 8.6957531e-004
 8.8699040e-004
 9.3045901e-004
 9.9557394e-004
 1.0752839e-003
 1.1625550e-003
 1.2502896e-003
 1.3314536e-003
 1.3989920e-003
 1.4469892e-003
 1.4758719e-003
 1.4883368e-003
 1.4870684e-003
 1.4747478e-003
 1.4540661e-003
 1.4277067e-003
 1.3981131e-003
 1.3663813e-003
 1.3331323e-003
 1.2990100e-003
 1.2646350e-003
 1.2306356e-003
 1.1976321e-003
 1.1664607e-003
 1.1389935e-003
 1.1174757e-003
 1.1041500e-003
 1.1012686e-003
 1.1110724e-003
 1.1358063e-003
 1.1763998e-003
 1.2265847e-003
 1.2776004e-003
 1.3207197e-003
 1.3472050e-003
 1.3483154e-003
 1.3153102e-003
 1.2423476e-003
 1.1392620e-003
 1.0211489e-003
 9.0319576e-004
 8.0050423e-004
 7.2820229e-004
 7.0141838e-004
 7.3497067e-004
 8.3113951e-004
 9.7607751e-004
 1.1548687e-003
 1.3526464e-003
 1.5543973e-003
 1.7452514e-003
 1.9102930e-003
 2.0348832e-003
 2.1137809e-003
 2.1539573e-003
 2.1631382e-003
 2.1490494e-003
 2.1194089e-003
 2.0819574e-003
 2.0444158e-003
 2.0143902e-003
 1.9951048e-003
 1.9842512e-003
 1.9791501e-003
 1.9771284e-003
 1.9755119e-003
 1.9716278e-003
 1.9628026e-003
 1.9464311e-003
 1.9223610e-003
 1.8935415e-003
 1.8631004e-003
 1.8341698e-003
 1.8098821e-003
 1.7933670e-003
 1.7877653e-003
 1.7960966e-003
 1.8175781e-003
 1.8467092e-003
 1.8776710e-003
 1.9046661e-003
 1.9218917e-003
 1.9235419e-003
 1.9038111e-003
 1.8570863e-003
 1.7842082e-003
 1.6939592e-003
 1.5955854e-003
 1.4984057e-003
 1.4116672e-003
 1.3446403e-003
 1.3065896e-003
 1.3065753e-003
 1.3458532e-003
 1.4162315e-003
 1.5089700e-003
 1.6152587e-003
 1.7263531e-003
 1.8334888e-003
 1.9279018e-003
 2.0010071e-003
 2.0496338e-003
 2.0772570e-003
 2.0877242e-003
 2.0848801e-003
 2.0725746e-003
 2.0546555e-003
 2.0349701e-003
 2.0173048e-003
 2.0035927e-003
 1.9935262e-003
 1.9866724e-003
 1.9825958e-003
 1.9808658e-003
 1.9810470e-003
 1.9827054e-003
 1.9854112e-003
 1.9888452e-003
 1.9928168e-003
 1.9971451e-003
 2.0016481e-003
 2.0061450e-003
 2.0104523e-003
 2.0143893e-003
 2.0177600e-003
 2.0199185e-003
 2.0196910e-003
 2.0158752e-003
 2.0072684e-003
 1.9926673e-003
 1.9708632e-003
 1.9406634e-003
 1.9009361e-003
 1.8528666e-003
 1.8003103e-003
 1.7473116e-003
 1.6978770e-003
 1.6560247e-003
 1.6257679e-003
 1.6111403e-003
 1.6160205e-003
 1.6403567e-003
 1.6795699e-003
 1.7288440e-003
 1.7833251e-003
 1.8381950e-003
 1.8886247e-003
 1.9297935e-003
 1.9569860e-003
 1.9694539e-003
 1.9709205e-003
 1.9653500e-003
 1.9567118e-003
 1.9489715e-003
 1.9460956e-003
 1.9520532e-003
 1.9706637e-003
 2.0015754e-003
 2.0397329e-003
 2.0798272e-003
 2.1165584e-003
 2.1445998e-003
 2.1586528e-003
 2.1534085e-003
 2.1237081e-003
 2.0688947e-003
 1.9932997e-003
 1.9015215e-003
 1.7981329e-003
 1.6877826e-003
 1.5750453e-003
 1.4645195e-003
 1.3608038e-003
 1.2683931e-003
 1.1895504e-003
 1.1239327e-003
 1.0710898e-003
 1.0305631e-003
 1.0019217e-003
 9.8470377e-004
 9.7845960e-004
 9.8274066e-004
 9.9709467e-004
 1.0210535e-003
 1.0536772e-003
 1.0935095e-003
 1.1390803e-003
 1.1888854e-003
 1.2414529e-003
 1.2953010e-003
 1.3489604e-003
 1.4009234e-003
 1.4497202e-003
 1.4938924e-003
 1.5325883e-003
 1.5655756e-003
 1.5926828e-003
 1.6137287e-003
 1.6285317e-003
 1.6369116e-003
 1.6386829e-003
 1.6336670e-003
 1.6216823e-003
 1.6025706e-003
 1.5769324e-003
 1.5461459e-003
 1.5116326e-003
 1.4748046e-003
 1.4371010e-003
 1.3999343e-003
 1.3647258e-003
 1.3328894e-003
 1.3058616e-003
 1.2850285e-003
 1.2710966e-003
 1.2640490e-003
 1.2638350e-003
 1.2704032e-003
 1.2837015e-003
 1.3036784e-003
 1.3302895e-003
 1.3634710e-003
 1.4031768e-003
 1.4493052e-003
 1.5005223e-003
 1.5541620e-003
 1.6075337e-003
 1.6579360e-003
 1.7026673e-003
 1.7390327e-003
 1.7643133e-003
 1.7758165e-003
 1.7708408e-003
 1.7468102e-003
 1.7044025e-003
 1.6476056e-003
 1.5805615e-003
 1.5073953e-003
 1.4322852e-003
 1.3593567e-003
 1.2927522e-003
 1.2366147e-003
 1.1950781e-003
 1.1721472e-003
 1.1680311e-003
 1.1791287e-003
 1.2016752e-003
 1.2318880e-003
 1.2659993e-003
 1.3002378e-003
 1.3308391e-003
 1.3540160e-003
 1.3660049e-003
 1.3631997e-003
 1.3458070e-003
 1.3178815e-003
 1.2836345e-003
 1.2472792e-003
 1.2130293e-003
 1.1850925e-003
 1.1676967e-003
 1.1650479e-003
 1.1813591e-003
 1.2206461e-003
 1.2821271e-003
 1.3603187e-003
 1.4495294e-003
 1.5440899e-003
 1.6382623e-003
 1.7263765e-003
 1.8027413e-003
 1.8616646e-003
 1.8974595e-003
 1.9046664e-003
 1.8833932e-003
 1.8391620e-003
 1.7777068e-003
 1.7048077e-003
 1.6262019e-003
 1.5476389e-003
 1.4748529e-003
 1.4136290e-003
 1.3696991e-003
 1.3485964e-003
 1.3511509e-003
 1.3736460e-003
 1.4121599e-003
 1.4627854e-003
 1.5216119e-003
 1.5847444e-003
 1.6482417e-003
 1.7082079e-003
 1.7607324e-003
 1.8020405e-003
 1.8310319e-003
 1.8492230e-003
 1.8582229e-003
 1.8596400e-003
 1.8550827e-003
 1.8461609e-003
 1.8344836e-003
 1.8216596e-003
 1.8092949e-003
 1.7989682e-003
 1.7914895e-003
 1.7869545e-003
 1.7854309e-003
 1.7869872e-003
 1.7916901e-003
 1.7996073e-003
 1.8108097e-003
 1.8253594e-003
 1.8433263e-003
 1.8647356e-003
 1.8887498e-003
 1.9137296e-003
 1.9379879e-003
 1.9598554e-003
 1.9776563e-003
 1.9897181e-003
 1.9943588e-003
 1.9899071e-003
 1.9746874e-003
 1.9471396e-003
 1.9081838e-003
 1.8609907e-003
 1.8088215e-003
 1.7549368e-003
 1.7025851e-003
 1.6550529e-003
 1.6155886e-003
 1.5874525e-003
 1.5739042e-003
 1.5780294e-003
 1.5993299e-003
 1.6340583e-003
 1.6783585e-003
 1.7283425e-003
 1.7801527e-003
 1.8299220e-003
 1.8737932e-003
 1.9078777e-003
 1.9283198e-003
 1.9314502e-003
 1.9173858e-003
 1.8896483e-003
 1.8519027e-003
 1.8077957e-003
 1.7609784e-003
 1.7150916e-003
 1.6738096e-003
 1.6407726e-003
 1.6196317e-003
 1.6138718e-003
 1.6238277e-003
 1.6470228e-003
 1.6808854e-003
 1.7228444e-003
 1.7703396e-003
 1.8207766e-003
 1.8715950e-003
 1.9202231e-003
 1.9640990e-003
 2.0006979e-003
 2.0287752e-003
 2.0481725e-003
 2.0587719e-003
 2.0604478e-003
 2.0530827e-003
 2.0365568e-003
 2.0107497e-003
 1.9755315e-003
 1.9307983e-003
 1.8765172e-003
 1.8143682e-003
 1.7474988e-003
 1.6791542e-003
 1.6125327e-003
 1.5508466e-003
 1.4972978e-003
 1.4551255e-003
 1.4275289e-003
 1.4177208e-003
 1.4286999e-003
 1.4596586e-003
 1.5064870e-003
 1.5649896e-003
 1.6309653e-003
 1.7002299e-003
 1.7685487e-003
 1.8317375e-003
 1.8855950e-003
 1.9259282e-003
 1.9487353e-003
 1.9538661e-003
 1.9443990e-003
 1.9235086e-003
 1.8943871e-003
 1.8602116e-003
 1.8241634e-003
 1.7894236e-003
 1.7591669e-003
 1.7365896e-003
 1.7247141e-003
 1.7239946e-003
 1.7327290e-003
 1.7491395e-003
 1.7714557e-003
 1.7979046e-003
 1.8267211e-003
 1.8561184e-003
 1.8843310e-003
 1.9095864e-003
 1.9301854e-003
 1.9456573e-003
 1.9565367e-003
 1.9633998e-003
 1.9668196e-003
 1.9673675e-003
 1.9656166e-003
 1.9621393e-003
 1.9575078e-003
 1.9522931e-003
 1.9470549e-003
 1.9420864e-003
 1.9374690e-003
 1.9332776e-003
 1.9295863e-003
 1.9264712e-003
 1.9240070e-003
 1.9222678e-003
 1.9213288e-003
 1.9212652e-003
 1.9221434e-003
 1.9238995e-003
 1.9263657e-003
 1.9293681e-003
 1.9327356e-003
 1.9362952e-003
 1.9398766e-003
 1.9433055e-003
 1.9464107e-003
 1.9490202e-003
 1.9509690e-003
 1.9522087e-003
 1.9527833e-003
 1.9527394e-003
 1.9521245e-003
 1.9509842e-003
 1.9493666e-003
 1.9473177e-003
 1.9448848e-003
 1.9421135e-003
 1.9390500e-003
 1.9357029e-003
 1.9320536e-003
 1.9280830e-003
 1.9237709e-003
 1.9190998e-003
 1.9140497e-003
 1.9086015e-003
 1.9027342e-003
 1.8964316e-003
 1.8896833e-003
 1.8826385e-003
 1.8755675e-003
 1.8687494e-003
 1.8624577e-003
 1.8569678e-003
 1.8525553e-003
 1.8494949e-003
 1.8480637e-003
 1.8485358e-003
 1.8511575e-003
 1.8557276e-003
 1.8616980e-003
 1.8685141e-003
 1.8756207e-003
 1.8824638e-003
 1.8884853e-003
 1.8931312e-003
 1.8958463e-003
 1.8960753e-003
 1.8933075e-003
 1.8876904e-003
 1.8798728e-003
 1.8705151e-003
 1.8602759e-003
 1.8498211e-003
 1.8398092e-003
 1.8309008e-003
 1.8237557e-003
 1.8190379e-003
 1.8173602e-003
 1.8186636e-003
 1.8223852e-003
 1.8279460e-003
 1.8347701e-003
 1.8422806e-003
 1.8499009e-003
 1.8570556e-003
 1.8631645e-003
 1.8676528e-003
 1.8699886e-003
 1.8702833e-003
 1.8691248e-003
 1.8671132e-003
 1.8648484e-003
 1.8629294e-003
 1.8619574e-003
 1.8625311e-003
 1.8652505e-003
 1.8707153e-003
 1.8794319e-003
 1.8905659e-003
 1.9023094e-003
 1.9128304e-003
 1.9202980e-003
 1.9228765e-003
 1.9187358e-003
 1.9060437e-003
 1.8829621e-003
 1.8476687e-003
 1.7985536e-003
 1.7371062e-003
 1.6670431e-003
 1.5921815e-003
 1.5162900e-003
 1.4431524e-003
 1.3765526e-003
 1.3202624e-003
 1.2780933e-003
 1.2538144e-003
 1.2509099e-003
 1.2688341e-003
 1.3041354e-003
 1.3533097e-003
 1.4128512e-003
 1.4792702e-003
 1.5490291e-003
 1.6186372e-003
 1.6845885e-003
 1.7433771e-003
 1.7917095e-003
 1.8289286e-003
 1.8563034e-003
 1.8751296e-003
 1.8867052e-003
 1.8923202e-003
 1.8932748e-003
 1.8908642e-003
 1.8863830e-003
 1.8811298e-003
 1.8763343e-003
 1.8723827e-003
 1.8690719e-003
 1.8661849e-003
 1.8635074e-003
 1.8608229e-003
 1.8579155e-003
 1.8545684e-003
 1.8505675e-003
 1.8456964e-003
 1.8397665e-003
 1.8329392e-003
 1.8256232e-003
 1.8182279e-003
 1.8111633e-003
 1.8048401e-003
 1.7996675e-003
 1.7960585e-003
 1.7944225e-003
 1.7951694e-003
 1.7986695e-003
 1.8047672e-003
 1.8129521e-003
 1.8227070e-003
 1.8335165e-003
 1.8448582e-003
 1.8562167e-003
 1.8670743e-003
 1.8769160e-003
 1.8852190e-003
 1.8915060e-003
 1.8957591e-003
 1.8982727e-003
 1.8993469e-003
 1.8992814e-003
 1.8983766e-003
 1.8969326e-003
 1.8952491e-003
 1.8936272e-003
 1.8923662e-003
 1.8917468e-003
 1.8918087e-003
 1.8924325e-003
 1.8934943e-003
 1.8948719e-003
 1.8964417e-003
 1.8980820e-003
 1.8996681e-003
 1.9010784e-003
 1.9021892e-003
 1.9028885e-003
 1.9031860e-003
 1.9031735e-003
 1.9029429e-003
 1.9025876e-003
 1.9021997e-003
 1.9018723e-003
 1.9016977e-003
 1.9017687e-003
 1.9021779e-003
 1.9030079e-003
 1.9042201e-003
 1.9056979e-003
 1.9073237e-003
 1.9089789e-003
 1.9105457e-003
 1.9119063e-003
 1.9129426e-003
 1.9135365e-003
 1.9135700e-003
 1.9129437e-003
 1.9117710e-003
 1.9103029e-003
 1.9087918e-003
 1.9074908e-003
 1.9066524e-003
 1.9065295e-003
 1.9073749e-003
 1.9094415e-003
 1.9129819e-003
 1.9182706e-003
 1.9258074e-003
 1.9362420e-003
 1.9502246e-003
 1.9684103e-003
 1.9914408e-003
 2.0199711e-003
 2.0546508e-003
 2.0961307e-003
 2.1450741e-003
 2.2020359e-003
 2.2668068e-003
 2.3386651e-003
 2.4169011e-003
 2.5007480e-003
 2.5894952e-003
 2.6824130e-003
 2.7787958e-003
 2.8778692e-003
 2.9789254e-003
 3.0811639e-003
 3.1829916e-003
 3.2823479e-003
 3.3770942e-003
 3.4651642e-003
 3.5444670e-003
 3.6129269e-003
 3.6684202e-003
 3.7088739e-003
 3.7321970e-003
 3.7365297e-003
 3.7225154e-003
 3.6923345e-003
 3.6481856e-003
 3.5922520e-003
 3.5267598e-003
 3.4538957e-003
 3.3758576e-003
 3.2948446e-003
 3.2130354e-003
 3.1325326e-003
 3.0539408e-003
 2.9770171e-003
 2.9014866e-003
 2.8271296e-003
 2.7536727e-003
 2.6808591e-003
 2.6084161e-003
 2.5361222e-003
 2.4637044e-003
 2.3909756e-003
 2.3184733e-003
 2.2471505e-003
 2.1780157e-003
 2.1120273e-003
 2.0501600e-003
 1.9933765e-003
 1.9426785e-003
 1.8990270e-003
 1.8633973e-003
 1.8366373e-003
 1.8183637e-003
 1.8074362e-003
 1.8027133e-003
 1.8030528e-003
 1.8073148e-003
 1.8143548e-003
 1.8230313e-003
 1.8322031e-003
 1.8407297e-003
 1.8475410e-003
 1.8523394e-003
 1.8552713e-003
 1.8564886e-003
 1.8561427e-003
 1.8543857e-003
 1.8513695e-003
 1.8472446e-003
 1.8421651e-003
 1.8362819e-003
 1.8297549e-003
 1.8228282e-003
 1.8157922e-003
 1.8089431e-003
 1.8025716e-003
 1.7969705e-003
 1.7924313e-003
 1.7892490e-003
 1.7877150e-003
 1.7881219e-003
 1.7907203e-003
 1.7953389e-003
 1.8015697e-003
 1.8090018e-003
 1.8172238e-003
 1.8258273e-003
 1.8343967e-003
 1.8425229e-003
 1.8497950e-003
 1.8558033e-003
 1.8601657e-003
 1.8628151e-003
 1.8638563e-003
 1.8633951e-003
 1.8615390e-003
 1.8583940e-003
 1.8540672e-003
 1.8486651e-003
 1.8422925e-003
 1.8350594e-003
 1.8270832e-003
 1.8186036e-003
 1.8099232e-003
 1.8013532e-003
 1.7931975e-003
 1.7857621e-003
 1.7793521e-003
 1.7742766e-003
 1.7708405e-003
 1.7693496e-003
 1.7701102e-003
 1.7733673e-003
 1.7787792e-003
 1.7856876e-003
 1.7934310e-003
 1.8013495e-003
 1.8087771e-003
 1.8150543e-003
 1.8195192e-003
 1.8215103e-003
 1.8203647e-003
 1.8154215e-003
 1.8060190e-003
 1.7914911e-003
 1.7711830e-003
 1.7445213e-003
 1.7117679e-003
 1.6736313e-003
 1.6308138e-003
 1.5840488e-003
 1.5340395e-003
 1.4814985e-003
 1.4271259e-003
 1.3716604e-003
 1.3158019e-003
 1.2602633e-003
 1.2057449e-003
 1.1529854e-003
 1.1026846e-003
 1.0555553e-003
 1.0123105e-003
 9.7365410e-004
 9.4031764e-004
 9.1293111e-004
 8.9148164e-004
 8.7561196e-004
 8.6497248e-004
 8.5920119e-004
 8.5794105e-004
 8.6083589e-004
 8.6752721e-004
 8.7765761e-004
 8.9087023e-004
 9.0680755e-004
 9.2511706e-004
 9.4543246e-004
 9.6740108e-004
 9.9066517e-004
 1.0148736e-003
 1.0396575e-003
 1.0646654e-003
 1.0895397e-003
 1.1139292e-003
 1.1374648e-003
 1.1597951e-003
 1.1805900e-003
 1.1997551e-003
 1.2173011e-003
 1.2332532e-003
 1.2476319e-003
 1.2604581e-003
 1.2717546e-003
 1.2815366e-003
 1.2898277e-003
 1.2966485e-003
 1.3020204e-003
 1.3059616e-003
 1.3084942e-003
 1.3096388e-003
 1.3094157e-003
 1.3078453e-003
 1.3049487e-003
 1.3007463e-003
 1.2952588e-003
 1.2885046e-003
 1.2805080e-003
 1.2712879e-003
 1.2608650e-003
 1.2492567e-003
 1.2364894e-003
 1.2225807e-003
 1.2075590e-003
 1.1915112e-003
 1.1745659e-003
 1.1568412e-003
 1.1384587e-003
 1.1195401e-003
 1.1002022e-003
 1.0805763e-003
 1.0607790e-003
 1.0409320e-003
 1.0211524e-003
 1.0015713e-003
 9.8230538e-004
 9.6347649e-004
 9.4520178e-004
 9.2761172e-004
 9.1082376e-004
 8.9495897e-004
 8.8013581e-004
 8.6648331e-004
 8.5411902e-004
 8.4316486e-004
 8.3374220e-004
 8.2597113e-004
 8.1997708e-004
 8.1587955e-004
 8.1380020e-004
 8.1386091e-004
 8.1618328e-004
 8.2088873e-004
 8.2807906e-004
 8.3770114e-004
 8.4962067e-004
 8.6370896e-004
 8.7983551e-004
 8.9786993e-004
 9.1768644e-004
 9.3914528e-004
 9.6212031e-004
 9.8648109e-004
 1.0121033e-003
 1.0388443e-003
 1.0665796e-003
 1.0951785e-003
 1.1245178e-003
 1.1544527e-003
 1.1848597e-003
 1.2156084e-003
 1.2465682e-003
 1.2776161e-003
 1.3086068e-003
 1.3394171e-003
 1.3699163e-003
 1.3999814e-003
 1.4294671e-003
 1.4582506e-003
 1.4862011e-003
 1.5131945e-003
 1.5390873e-003
 1.5637554e-003
 1.5870688e-003
 1.6088967e-003
 1.6291287e-003
 1.6477574e-003
 1.6648427e-003
 1.6804409e-003
 1.6946106e-003
 1.7074003e-003
 1.7188698e-003
 1.7290744e-003
 1.7380717e-003
 1.7459133e-003
 1.7526569e-003
 1.7583582e-003
 1.7630740e-003
 1.7668573e-003
 1.7697654e-003
 1.7718537e-003
 1.7731779e-003
 1.7737937e-003
 1.7737566e-003
 1.7731222e-003
 1.7719463e-003
 1.7702839e-003
 1.7681919e-003
 1.7657251e-003
 1.7629393e-003
 1.7598894e-003
 1.7566326e-003
 1.7532235e-003
 1.7497181e-003
 1.7461720e-003
 1.7426399e-003
 1.7391792e-003
 1.7358398e-003
 1.7326380e-003
 1.7295748e-003
 1.7266524e-003
 1.7238717e-003
 1.7212339e-003
 1.7187397e-003
 1.7163916e-003
 1.7141902e-003
 1.7121368e-003
 1.7102326e-003
 1.7084786e-003
 1.7068767e-003
 1.7054279e-003
 1.7041336e-003
 1.7029945e-003
 1.7020126e-003
 1.7011889e-003
 1.7005246e-003
 1.7000210e-003
 1.6996794e-003
 1.6995011e-003
 1.6994873e-003
 1.6996394e-003
 1.6999586e-003
 1.7004460e-003
 1.7011031e-003
 1.7019310e-003
 1.7029314e-003
 1.7041049e-003
 1.7054533e-003
 1.7069776e-003
 1.7086768e-003
 1.7105291e-003
 1.7125063e-003
 1.7145789e-003
 1.7167191e-003
 1.7188964e-003
 1.7210828e-003
 1.7232487e-003
 1.7253659e-003
 1.7274054e-003
 1.7293375e-003
 1.7311337e-003
 1.7327651e-003
 1.7342030e-003
 1.7354176e-003
 1.7363805e-003
 1.7370627e-003
 1.7374356e-003
 1.7374695e-003
 1.7371357e-003
 1.7364057e-003
 1.7352501e-003
 1.7336396e-003
 1.7315462e-003
 1.7289405e-003
 1.7257932e-003
 1.7220750e-003
 1.7177582e-003
 1.7128135e-003
 1.7072117e-003
 1.7009223e-003
 1.6939192e-003
 1.6861882e-003
 1.6778220e-003
 1.6689538e-003
 1.6597229e-003
 1.6502624e-003
 1.6407077e-003
 1.6311939e-003
 1.6218544e-003
 1.6128282e-003
 1.6042490e-003
 1.5962519e-003
 1.5889702e-003
 1.5825427e-003
 1.5771030e-003
 1.5727862e-003
 1.5697271e-003
 1.5680623e-003
 1.5679264e-003
 1.5694543e-003
 1.5727814e-003
 1.5780444e-003
 1.5853761e-003
 1.5949127e-003
 1.6067897e-003
 1.6211456e-003
 1.6381091e-003
 1.6578184e-003
 1.6804091e-003
 1.7060225e-003
 1.7347820e-003
 1.7668284e-003
 1.8022970e-003
 1.8413002e-003
 1.8838175e-003
 1.9297430e-003
 1.9790002e-003
 2.0315032e-003
 2.0871798e-003
 2.1459172e-003
 2.2076417e-003
 2.2722683e-003
 2.3397265e-003
 2.4098989e-003
 2.4827144e-003
 2.5580875e-003
 2.6359509e-003
 2.7161813e-003
 2.7987109e-003
 2.8834539e-003
 2.9703241e-003
 3.0592571e-003
 3.1501236e-003
 3.2428598e-003
 3.3373791e-003
 3.4336180e-003
 3.5314457e-003
 3.6307981e-003
 3.7315893e-003
 3.8337579e-003
 3.9371685e-003
 4.0417612e-003
 4.1474476e-003
 4.2541428e-003
 4.3617873e-003
 4.4702352e-003
 4.5793871e-003
 4.6891007e-003
 4.7992612e-003
 4.9096760e-003
 5.0202291e-003
 5.1307809e-003
 5.2412157e-003
 5.3513404e-003
 5.4610404e-003
 5.5701742e-003
 5.6786016e-003
 5.7862066e-003
 5.8927964e-003
 5.9982571e-003
 6.1024469e-003
 6.2052496e-003
 6.3064760e-003
 6.4060073e-003
 6.5037045e-003
 6.5994486e-003
 6.6930535e-003
 6.7844004e-003
 6.8733497e-003
 6.9597596e-003
 7.0435079e-003
 7.1244151e-003
 7.2023598e-003
 7.2772014e-003
 7.3488164e-003
 7.4170269e-003
 7.4817124e-003
 7.5427587e-003
 7.6002278e-003
 7.6541970e-003
 7.7047870e-003
 7.7521019e-003
 7.7962591e-003
 7.8373412e-003
 7.8754649e-003
 7.9107368e-003
 7.9432614e-003
 7.9731513e-003
 8.0004977e-003
 8.0254124e-003
 8.0480026e-003
 8.0683762e-003
 8.0866311e-003
 8.1028771e-003
 8.1172194e-003
 8.1297653e-003
 8.1406161e-003
 8.1498809e-003
 8.1576630e-003
 8.1640687e-003
 8.1692040e-003
 8.1731724e-003
 8.1760809e-003
 8.1780348e-003
 8.1791403e-003
 8.1795016e-003
 8.1792250e-003
 8.1784138e-003
 8.1771761e-003
 8.1755994e-003
 8.1736688e-003
 8.1713405e-003
 8.1685660e-003
 8.1653018e-003
 8.1615010e-003
 8.1571173e-003
 8.1521040e-003
 8.1464155e-003
 8.1400052e-003
 8.1328284e-003
 8.1248377e-003
 8.1159864e-003
 8.1062308e-003
 8.0955233e-003
 8.0838175e-003
 8.0710659e-003
 8.0572264e-003
 8.0422498e-003
 8.0260923e-003
 8.0087055e-003
 7.9900399e-003
 7.9700593e-003
 7.9487097e-003
 7.9259491e-003
 7.9017226e-003
 7.8759976e-003
 7.8487201e-003
 7.8198472e-003
 7.7893217e-003
 7.7571152e-003
 7.7231727e-003
 7.6874727e-003
 7.6501179e-003
 7.6112431e-003
 7.5710104e-003
 7.5295540e-003
 7.4870186e-003
 7.4435370e-003
 7.3992726e-003
 7.3543610e-003
 7.3089455e-003
 7.2631575e-003
 7.2171637e-003
 7.1710967e-003
 7.1251006e-003
 7.0793182e-003
 7.0338841e-003
 6.9889622e-003
 6.9446857e-003
 6.9011999e-003
 6.8586362e-003
 6.8171602e-003
 6.7769056e-003
 6.7380155e-003
 6.7006242e-003
 6.6648941e-003
 6.6309604e-003
 6.5989662e-003
 6.5690479e-003
 6.5413653e-003
 6.5160529e-003
 6.4932560e-003
 6.4731170e-003
 6.4557320e-003
 6.4409887e-003
 6.4286902e-003
 6.4186477e-003
 6.4106686e-003
 6.4045661e-003
 6.4001479e-003
 6.3972226e-003
 6.3956017e-003
 6.3950927e-003
 6.3955067e-003
 6.3966522e-003
 6.3983398e-003
 6.4003780e-003
 6.4025768e-003
 6.4047454e-003
 6.4066933e-003
 6.4082309e-003
 6.4091664e-003
 6.4093107e-003
 6.4084721e-003
 6.4064604e-003
 6.4030867e-003
 6.3981581e-003
 6.3914862e-003
 6.3828793e-003
 6.3721449e-003
 6.3590975e-003
 6.3435435e-003
 6.3252938e-003
 6.3041518e-003
 6.2799370e-003
 6.2525203e-003
 6.2220870e-003
 6.1889067e-003
 6.1532757e-003
 6.1154636e-003
 6.0757501e-003
 6.0344138e-003
 5.9917225e-003
 5.9479759e-003
 5.9034424e-003
 5.8584004e-003
 5.8131181e-003
 5.7678954e-003
 5.7230005e-003
 5.6787124e-003
 5.6352993e-003
 5.5930596e-003
 5.5522635e-003
 5.5131884e-003
 5.4761050e-003
 5.4413090e-003
 5.4090708e-003
 5.3796684e-003
 5.3533809e-003
 5.3304811e-003
 5.3112595e-003
 5.2959900e-003
 5.2849492e-003
 5.2784155e-003
 5.2766707e-003
 5.2799922e-003
 5.2886577e-003
 5.3028637e-003
 5.3224005e-003
 5.3469557e-003
 5.3762128e-003
 5.4098573e-003
 5.4475823e-003
 5.4890555e-003
 5.5339681e-003
 5.5820053e-003
 5.6328638e-003
 5.6862049e-003
 5.7417238e-003
 5.7991049e-003
 5.8580479e-003
 5.9182080e-003
 5.9792837e-003
 6.0409601e-003
 6.1029205e-003
 6.1648656e-003
 6.2264488e-003
 6.2873703e-003
 6.3473140e-003
 6.4059785e-003
 6.4630206e-003
 6.5181386e-003
 6.5710167e-003
 6.6213505e-003
 6.6688019e-003
 6.7130663e-003
 6.7538288e-003
 6.7907823e-003
 6.8235933e-003
 6.8520522e-003
 6.8763644e-003
 6.8968511e-003
 6.9138347e-003
 6.9276295e-003
 6.9385599e-003
 6.9469465e-003
 6.9531118e-003
 6.9573727e-003
 6.9600530e-003
 6.9614709e-003
 6.9619487e-003
 6.9618067e-003
 6.9613648e-003
 6.9609452e-003
 6.9608684e-003
 6.9614532e-003
 6.9630225e-003
 6.9658956e-003
 6.9703939e-003
 6.9768392e-003
 6.9855489e-003
 6.9968449e-003
 7.0110494e-003
 7.0284861e-003
 7.0494674e-003
 7.0743179e-003
 7.1033589e-003
 7.1369093e-003
 7.1753017e-003
 7.2188368e-003
 7.2678453e-003
 7.3225661e-003
 7.3829219e-003
 7.4487007e-003
 7.5197378e-003
 7.5958492e-003
 7.6768757e-003
 7.7625965e-003
 7.8528477e-003
 7.9474505e-003
 8.0462471e-003
 8.1490064e-003
 8.2555739e-003
 8.3657661e-003
 8.4794015e-003
 8.5963299e-003
 8.7163113e-003
 8.8391937e-003
 8.9647947e-003
 9.0929642e-003
 9.2234593e-003
 9.3561308e-003
 9.4907964e-003
 9.6273059e-003
 9.7654145e-003
 9.9049741e-003
 1.0045803e-002
 1.0187719e-002
 1.0330576e-002
 1.0474123e-002
 1.0618215e-002
 1.0762669e-002
 1.0907339e-002
