splib07b Record=19474:  error bars to preceding                
-2.5493869e-014
-2.5493869e-014
-6.1658198e-014
-9.7177400e-014
-1.3167352e-013
-1.6476391e-013
-1.9607069e-013
-2.2521558e-013
-2.5181644e-013
-2.7549623e-013
-2.9587316e-013
-3.1256901e-013
-3.2520471e-013
-3.3339951e-013
-3.3677469e-013
-3.3495052e-013
-3.2754767e-013
-3.1418664e-013
-2.9448696e-013
-2.6807083e-013
-2.3455806e-013
-1.9356710e-013
-1.4472212e-013
-8.7642059e-014
-2.1944033e-014
 5.2618917e-014
 1.3496632e-013
 2.2321567e-013
 3.1546142e-013
 4.0981430e-013
 5.0436809e-013
 5.9722968e-013
 6.8650559e-013
 7.7028992e-013
 8.4668953e-013
 9.1380950e-013
 9.6974631e-013
 1.0126059e-012
 1.0404914e-012
 1.0515031e-012
 1.0437446e-012
 1.0153172e-012
 9.6432530e-013
 8.8886716e-013
 7.8705185e-013
 6.5697881e-013
 4.9674289e-013
 3.0446075e-013
 7.8228514e-014
-1.8337251e-013
-4.7640841e-013
-7.9372712e-013
-1.1281324e-012
-1.4723838e-012
-1.8192865e-012
-2.1616439e-012
-2.4922154e-012
-2.8038051e-012
-3.0892157e-012
-3.3412108e-012
-3.5525925e-012
-3.7161572e-012
-3.8246797e-012
-3.8709578e-012
-3.8477776e-012
-3.7479321e-012
-3.5642097e-012
-3.2893868e-012
-2.9162764e-012
-2.4376336e-012
-1.8462924e-012
-1.1350212e-012
-2.9656906e-013
 6.7412200e-013
 1.7592309e-012
 2.9266225e-012
 4.1437856e-012
 5.3783666e-012
 6.5980160e-012
 7.7702176e-012
 8.8626693e-012
 9.8428687e-012
 1.0678458e-011
 1.1337064e-011
 1.1786218e-011
 1.1993551e-011
 1.1926647e-011
 1.1553109e-011
 1.0840533e-011
 9.7564604e-012
 8.2685820e-012
 6.3444506e-012
 3.9515461e-012
 1.0576746e-012
-2.3602420e-012
-6.2186870e-012
-1.0366086e-011
-1.4650304e-011
-1.8919239e-011
-2.3020216e-011
-2.6801132e-011
-3.0109828e-011
-3.2793719e-011
-3.4700656e-011
-3.5678377e-011
-3.5574498e-011
-3.4236784e-011
-3.1512796e-011
-2.7250478e-011
-2.1297138e-011
-1.3501009e-011
-3.7090921e-012
 8.1935214e-012
 2.1901732e-011
 3.6840486e-011
 5.2428280e-011
 6.8085551e-011
 8.3232782e-011
 9.7288462e-011
 1.0967307e-010
 1.1980686e-010
 1.2710871e-010
 1.3099896e-010
 1.3089732e-010
 1.2622360e-010
 1.1639777e-010
 1.0083875e-010
 7.8967798e-011
 5.0204160e-011
 1.3965815e-011
-3.0176733e-011
-8.0925912e-011
-1.3585912e-010
-1.9252709e-010
-2.4848787e-010
-3.0129951e-010
-3.4851477e-010
-3.8768599e-010
-4.1637579e-010
-4.3213552e-010
-4.3252138e-010
-4.1508905e-010
-3.7739312e-010
-3.1699532e-010
-2.3144074e-010
-1.1828875e-010
 2.4882164e-011
 1.9720349e-010
 3.8942893e-010
 5.9102090e-010
 7.9149681e-010
 9.8031927e-010
 1.1469553e-009
 1.2809158e-009
 1.3716654e-009
 1.4086835e-009
 1.3814589e-009
 1.2794654e-009
 1.0921839e-009
 8.0912438e-010
 4.1971807e-010
-8.6452671e-011
-7.0718098e-010
-1.4077233e-009
-2.1483184e-009
-2.8891385e-009
-3.5905583e-009
-4.2126973e-009
-4.7159077e-009
-5.0603686e-009
-5.2063176e-009
-5.1140141e-009
-4.7436801e-009
-4.0555537e-009
-3.0099816e-009
-1.5670186e-009
 3.1291303e-010
 2.6218503e-009
 5.2309104e-009
 7.9913738e-009
 1.0754476e-008
 1.3372183e-008
 1.5695727e-008
 1.7576433e-008
 1.8866123e-008
 1.9416076e-008
 1.9077840e-008
 1.7702835e-008
 1.5142524e-008
 1.1248375e-008
 5.8724221e-009
-1.1344160e-009
-9.7223127e-009
-1.9333664e-008
-2.9326763e-008
-3.9060616e-008
-4.7893504e-008
-5.5186060e-008
-6.0296102e-008
-6.2583602e-008
-6.1407000e-008
-5.6125312e-008
-4.6098673e-008
-3.0684316e-008
-9.2441699e-009
 1.8712010e-008
 5.1706309e-008
 8.6912905e-008
 1.2147649e-007
 1.5255110e-007
 1.7727938e-007
 1.9281354e-007
 1.9629879e-007
 1.8488271e-007
 1.5571646e-007
 1.0594265e-007
 3.2710755e-008
-6.6226299e-008
-1.8548955e-007
-3.1436440e-007
-4.4202605e-007
-5.5768436e-007
-6.5051387e-007
-7.0969753e-007
-7.2443254e-007
-6.8389846e-007
-5.7728141e-007
-3.9378790e-007
-1.2257212e-007
 2.4493320e-007
 6.8881678e-007
 1.1690593e-006
 1.6452587e-006
 2.0769771e-006
 2.4238927e-006
 2.6455484e-006
 2.7015842e-006
 2.5515728e-006
 2.1551102e-006
 1.4718711e-006
 4.6133323e-007
-9.0865041e-007
-2.5642555e-006
-4.3561604e-006
-6.1335709e-006
-7.7455588e-006
-9.0416261e-006
-9.8707769e-006
-1.0082373e-005
-9.5255209e-006
-8.0494292e-006
-5.5035794e-006
-1.7367316e-006
 3.3720924e-006
 9.5476216e-006
 1.6234282e-005
 2.2868773e-005
 2.8887838e-005
 3.3729797e-005
 3.6831301e-005
 3.7629627e-005
 3.5562167e-005
 3.0065965e-005
 2.0578240e-005
 6.5376794e-006
-1.2512116e-005
-3.5549430e-005
-6.0501436e-005
-8.5265936e-005
-1.0774256e-004
-1.2582967e-004
-1.3743031e-004
-1.4044244e-004
-1.3276646e-004
-1.1230144e-004
-7.6946948e-005
-2.4608222e-005
 4.6590700e-005
 1.3530222e-004
 2.3788479e-004
 3.5062133e-004
 4.6980203e-004
 5.9170619e-004
 7.1264611e-004
 8.2889106e-004
 9.3675213e-004
 1.0325091e-003
 1.1124520e-003
 1.1728666e-003
 1.2103140e-003
 1.2249440e-003
 1.2195534e-003
 1.1969970e-003
 1.1601298e-003
 1.1118125e-003
 1.0548921e-003
 9.9222804e-004
 9.2668214e-004
 8.6109823e-004
 7.9833780e-004
 7.4125663e-004
 6.9259258e-004
 6.5335550e-004
 6.2330515e-004
 6.0215930e-004
 5.8964395e-004
 5.8548240e-004
 5.8939669e-004
 6.0111075e-004
 6.2034570e-004
 6.4682786e-004
 6.8027887e-004
 7.2042196e-004
 7.6692388e-004
 8.1872643e-004
 8.7420456e-004
 9.3173899e-004
 9.8969555e-004
 1.0464450e-003
 1.1003533e-003
 1.1498012e-003
 1.1931504e-003
 1.2287798e-003
 1.2550559e-003
 1.2703495e-003
 1.2731829e-003
 1.2642693e-003
 1.2459650e-003
 1.2206705e-003
 1.1907787e-003
 1.1586891e-003
 1.1268026e-003
 1.0975108e-003
 1.0732143e-003
 1.0563119e-003
 1.0491981e-003
 1.0542726e-003
 1.0737340e-003
 1.1068657e-003
 1.1507536e-003
 1.2024150e-003
 1.2588842e-003
 1.3171814e-003
 1.3743317e-003
 1.4273550e-003
 1.4732858e-003
 1.5091412e-003
 1.5319528e-003
 1.5387411e-003
 1.5267464e-003
 1.4963988e-003
 1.4505578e-003
 1.3921583e-003
 1.3241164e-003
 1.2493636e-003
 1.1708270e-003
 1.0914406e-003
 1.0141172e-003
 9.4179640e-004
 8.7739248e-004
 8.2383899e-004
 7.8389526e-004
 7.5780216e-004
 7.4384967e-004
 7.4028486e-004
 7.4535096e-004
 7.5729296e-004
 7.7435479e-004
 7.9477869e-004
 8.1681262e-004
 8.3869876e-004
 8.5867947e-004
 8.7500270e-004
 8.8599714e-004
 8.9131307e-004
 8.9162838e-004
 8.8764791e-004
 8.8007725e-004
 8.6961989e-004
 8.5698103e-004
 8.4286591e-004
 8.2798046e-004
 8.1302703e-004
 7.9871307e-004
 7.8574079e-004
 7.7478192e-004
 7.6597492e-004
 7.5904070e-004
 7.5368752e-004
 7.4962544e-004
 7.4656314e-004
 7.4421021e-004
 7.4227591e-004
 7.4046955e-004
 7.3850038e-004
 7.3607778e-004
 7.3291070e-004
 7.2872895e-004
 7.2358071e-004
 7.1776699e-004
 7.1159599e-004
 7.0537516e-004
 6.9941161e-004
 6.9401367e-004
 6.8948924e-004
 6.8614597e-004
 6.8429188e-004
 6.8423431e-004
 6.8628124e-004
 6.9071504e-004
 6.9741317e-004
 7.0592953e-004
 7.1580795e-004
 7.2659494e-004
 7.3783338e-004
 7.4907026e-004
 7.5984921e-004
 7.6971506e-004
 7.7821198e-004
 7.8488619e-004
 7.8928139e-004
 7.9097028e-004
 7.8995840e-004
 7.8660267e-004
 7.8127015e-004
 7.7432656e-004
 7.6613971e-004
 7.5707480e-004
 7.4749929e-004
 7.3777966e-004
 7.2828267e-004
 7.1937579e-004
 7.1142457e-004
 7.0478028e-004
 6.9955015e-004
 6.9564191e-004
 6.9295696e-004
 6.9139717e-004
 6.9086393e-004
 6.9125893e-004
 6.9248391e-004
 6.9444050e-004
 6.9703057e-004
 7.0015516e-004
 7.0371630e-004
 7.0761488e-004
 7.1173161e-004
 7.1593188e-004
 7.2008028e-004
 7.2404119e-004
 7.2768010e-004
 7.3086115e-004
 7.3344971e-004
 7.3531002e-004
 7.3630695e-004
 7.3630526e-004
 7.3516974e-004
 7.3279155e-004
 7.2950026e-004
 7.2598987e-004
 7.2296546e-004
 7.2113174e-004
 7.2119333e-004
 7.2385487e-004
 7.2982180e-004
 7.3979871e-004
 7.5449055e-004
 7.7460200e-004
 8.0026092e-004
 8.2973117e-004
 8.6089817e-004
 8.9164183e-004
 9.1984426e-004
 9.4338763e-004
 9.6015324e-004
 9.6802594e-004
 9.6488820e-004
 9.4960519e-004
 9.2427002e-004
 8.9163595e-004
 8.5445982e-004
 8.1549172e-004
 7.7748101e-004
 7.4318441e-004
 7.1535533e-004
 6.9674704e-004
 6.8912149e-004
 6.9096510e-004
 7.0008996e-004
 7.1431021e-004
 7.3143729e-004
 7.4928341e-004
 7.6565944e-004
 7.7838066e-004
 7.8525738e-004
 7.8477158e-004
 7.7762693e-004
 7.6499063e-004
 7.4803137e-004
 7.2791299e-004
 7.0580607e-004
 6.8287348e-004
 6.6028419e-004
 6.3920527e-004
 6.2072102e-004
 6.0563936e-004
 5.9470709e-004
 5.8867241e-004
 5.8828515e-004
 5.9429405e-004
 6.0744787e-004
 6.2849297e-004
 6.5817876e-004
 6.9658936e-004
 7.4154523e-004
 7.9039269e-004
 8.4047823e-004
 8.8914402e-004
 9.3374157e-004
 9.7162096e-004
 1.0001244e-003
 1.0165983e-003
 1.0193948e-003
 1.0102893e-003
 9.9178124e-004
 9.6637500e-004
 9.3656720e-004
 9.0486126e-004
 8.7375857e-004
 8.4570714e-004
 8.2213170e-004
 8.0357864e-004
 7.9055794e-004
 7.8358402e-004
 7.8316993e-004
 7.8973803e-004
 8.0206920e-004
 8.1749976e-004
 8.3332177e-004
 8.4682310e-004
 8.5529307e-004
 8.5620920e-004
 8.5053733e-004
 8.4231264e-004
 8.3567499e-004
 8.3476590e-004
 8.4372662e-004
 8.6639897e-004
 9.0105081e-004
 9.4102818e-004
 9.7950920e-004
 1.0096632e-003
 1.0246636e-003
 1.0180593e-003
 9.9046668e-004
 9.4877311e-004
 9.0007996e-004
 8.5149746e-004
 8.1013329e-004
 7.8278437e-004
 7.7038317e-004
 7.6862430e-004
 7.7302195e-004
 7.7909022e-004
 7.8234187e-004
 7.7855843e-004
 7.6864002e-004
 7.5807067e-004
 7.5250049e-004
 7.5757672e-004
 7.7894941e-004
 8.2182750e-004
 8.8297966e-004
 9.5159566e-004
 1.0165728e-003
 1.0668306e-003
 1.0912699e-003
 1.0794038e-003
 1.0324507e-003
 9.6222386e-004
 8.8090537e-004
 8.0067286e-004
 7.3372130e-004
 6.9174543e-004
 6.7684148e-004
 6.8238354e-004
 7.0142938e-004
 7.2704180e-004
 7.5227791e-004
 7.7041943e-004
 7.7912735e-004
 7.8005815e-004
 7.7501539e-004
 7.6580019e-004
 7.5421564e-004
 7.4203231e-004
 7.3038699e-004
 7.1983668e-004
 7.1091403e-004
 7.0415513e-004
 7.0009322e-004
 6.9922878e-004
 7.0136803e-004
 7.0567848e-004
 7.1130518e-004
 7.1739138e-004
 7.2308240e-004
 7.2757516e-004
 7.3113909e-004
 7.3503371e-004
 7.4055721e-004
 7.4900553e-004
 7.6167751e-004
 7.7977008e-004
 8.0246595e-004
 8.2707609e-004
 8.5083890e-004
 8.7099732e-004
 8.8479323e-004
 8.8964257e-004
 8.8658102e-004
 8.8001805e-004
 8.7449211e-004
 8.7454030e-004
 8.8460132e-004
 9.0576010e-004
 9.3502254e-004
 9.6914812e-004
 1.0048932e-003
 1.0390211e-003
 1.0682945e-003
 1.0894698e-003
 1.0993063e-003
 1.0946454e-003
 1.0751130e-003
 1.0437345e-003
 1.0037518e-003
 9.5839414e-004
 9.1090176e-004
 8.6451130e-004
 8.2246307e-004
 7.8798598e-004
 7.6425273e-004
 7.5201114e-004
 7.4904063e-004
 7.5293489e-004
 7.6128653e-004
 7.7169086e-004
 7.8174000e-004
 7.8902952e-004
 7.9115195e-004
 7.8576058e-004
 7.7259989e-004
 7.5401028e-004
 7.3248998e-004
 7.1053661e-004
 6.9065194e-004
 6.7533570e-004
 6.6708808e-004
 6.6840841e-004
 6.8172725e-004
 7.0707238e-004
 7.4146158e-004
 7.8172411e-004
 8.2468905e-004
 8.6718192e-004
 9.0603641e-004
 9.3808520e-004
 9.6015370e-004
 9.6913835e-004
 9.6436829e-004
 9.4823167e-004
 9.2330622e-004
 8.9217664e-004
 8.5741817e-004
 8.2161388e-004
 7.8734470e-004
 7.5719395e-004
 7.3369249e-004
 7.1776198e-004
 7.0826832e-004
 7.0395059e-004
 7.0354616e-004
 7.0579199e-004
 7.0942583e-004
 7.1318477e-004
 7.1580650e-004
 7.1605650e-004
 7.1375008e-004
 7.1003969e-004
 7.0616498e-004
 7.0336455e-004
 7.0287735e-004
 7.0594292e-004
 7.1380066e-004
 7.2768965e-004
 7.4880687e-004
 7.7683874e-004
 8.0953323e-004
 8.4450562e-004
 8.7937305e-004
 9.1175281e-004
 9.3926006e-004
 9.5951708e-004
 9.7013812e-004
 9.6879987e-004
 9.5537258e-004
 9.3256438e-004
 9.0327353e-004
 8.7039027e-004
 8.3681563e-004
 8.0543885e-004
 7.7915867e-004
 7.6087069e-004
 7.5343956e-004
 7.5851823e-004
 7.7618810e-004
 8.0642977e-004
 8.4921927e-004
 9.0453424e-004
 9.7234501e-004
 1.0526412e-003
 1.1453861e-003
 1.2505061e-003
 1.3652610e-003
 1.4834617e-003
 1.5986852e-003
 1.7045001e-003
 1.7944957e-003
 1.8622561e-003
 1.9013501e-003
 1.9053543e-003
 1.8680216e-003
 1.7901245e-003
 1.6816531e-003
 1.5532147e-003
 1.4154408e-003
 1.2789543e-003
 1.1543777e-003
 1.0523417e-003
 9.8149478e-004
 9.3971280e-004
 9.2113705e-004
 9.1991865e-004
 9.3020283e-004
 9.4613386e-004
 9.6227415e-004
 9.7547803e-004
 9.8339829e-004
 9.8368444e-004
 9.7398733e-004
 9.5196051e-004
 9.1703678e-004
 8.7862869e-004
 8.4961107e-004
 8.4285426e-004
 8.7123772e-004
 9.4762864e-004
 1.0805163e-003
 1.2536680e-003
 1.4422218e-003
 1.6213601e-003
 1.7662123e-003
 1.8519203e-003
 1.8587291e-003
 1.7955365e-003
 1.6813164e-003
 1.5350195e-003
 1.3756263e-003
 1.2221226e-003
 1.0914691e-003
 9.8942267e-004
 9.1777032e-004
 8.7827671e-004
 8.7272719e-004
 9.0289483e-004
 9.6849166e-004
 1.0574156e-003
 1.1533785e-003
 1.2401143e-003
 1.3013299e-003
 1.3207414e-003
 1.2862198e-003
 1.2094193e-003
 1.1104695e-003
 1.0094811e-003
 9.2659239e-004
 8.8193384e-004
 8.9119439e-004
 9.4450638e-004
 1.0228663e-003
 1.1072507e-003
 1.1786594e-003
 1.2180683e-003
 1.2102021e-003
 1.1614250e-003
 1.0858756e-003
 9.9771074e-004
 9.1106381e-004
 8.4009179e-004
 7.9687702e-004
 7.8144768e-004
 7.8949920e-004
 8.1671309e-004
 8.5877877e-004
 9.1137917e-004
 9.7013533e-004
 1.0303467e-003
 1.0871739e-003
 1.1357786e-003
 1.1713355e-003
 1.1890052e-003
 1.1850875e-003
 1.1625402e-003
 1.1267491e-003
 1.0831079e-003
 1.0369979e-003
 9.9381257e-004
 9.5817068e-004
 9.3011092e-004
 9.0800732e-004
 8.9022989e-004
 8.7514363e-004
 8.6111872e-004
 8.4687746e-004
 8.3324884e-004
 8.2183210e-004
 8.1423199e-004
 8.1205158e-004
 8.1689376e-004
 8.2979986e-004
 8.4845076e-004
 8.6929050e-004
 8.8875653e-004
 9.0328656e-004
 9.0932217e-004
 9.0405927e-004
 8.8925433e-004
 8.6835242e-004
 8.4480533e-004
 8.2206575e-004
 8.0358022e-004
 7.9237868e-004
 7.8893563e-004
 7.9277164e-004
 8.0340699e-004
 8.2035922e-004
 8.4315112e-004
 8.7102747e-004
 9.0157305e-004
 9.3175849e-004
 9.5854519e-004
 9.7889558e-004
 9.8977750e-004
 9.8872092e-004
 9.7672595e-004
 9.5609587e-004
 9.2913915e-004
 8.9816691e-004
 8.6548133e-004
 8.3364913e-004
 8.0680504e-004
 7.8967935e-004
 7.8699936e-004
 8.0349762e-004
 8.4390020e-004
 9.1112283e-004
 9.9684496e-004
 1.0884672e-003
 1.1734064e-003
 1.2390544e-003
 1.2728103e-003
 1.2646457e-003
 1.2204172e-003
 1.1520729e-003
 1.0715532e-003
 9.9081686e-004
 9.2182256e-004
 8.7501429e-004
 8.5153378e-004
 8.4893184e-004
 8.6475228e-004
 8.9654047e-004
 9.4183569e-004
 9.9774753e-004
 1.0586004e-003
 1.1176507e-003
 1.1681452e-003
 1.2033618e-003
 1.2165310e-003
 1.2024104e-003
 1.1651159e-003
 1.1124156e-003
 1.0520451e-003
 9.9181209e-004
 9.3944167e-004
 9.0169878e-004
 8.7872369e-004
 8.6812914e-004
 8.6751353e-004
 8.7447738e-004
 8.8661507e-004
 9.0153725e-004
 9.1688853e-004
 9.3033153e-004
 9.3952857e-004
 9.4214262e-004
 9.3583536e-004
 9.1914157e-004
 8.9613110e-004
 8.7306643e-004
 8.5621566e-004
 8.5183838e-004
 8.6620194e-004
 9.0421992e-004
 9.6209435e-004
 1.0325827e-003
 1.1084336e-003
 1.1823832e-003
 1.2472182e-003
 1.2964001e-003
 1.3283603e-003
 1.3434339e-003
 1.3419734e-003
 1.3243243e-003
 1.2908498e-003
 1.2424251e-003
 1.1834438e-003
 1.1196925e-003
 1.0569615e-003
 1.0010505e-003
 9.5772266e-004
 9.3173870e-004
 9.2089351e-004
 9.2023035e-004
 9.2477887e-004
 9.2956866e-004
 9.2963001e-004
 9.2083216e-004
 9.0457685e-004
 8.8448141e-004
 8.6417829e-004
 8.4730040e-004
 8.3747046e-004
 8.3769060e-004
 8.4676582e-004
 8.6180767e-004
 8.7992166e-004
 8.9821377e-004
 9.1378723e-004
 9.2444610e-004
 9.3256222e-004
 9.4238587e-004
 9.5816632e-004
 9.8414870e-004
 1.0246017e-003
 1.0824124e-003
 1.1516280e-003
 1.2226194e-003
 1.2857558e-003
 1.3314059e-003
 1.3499387e-003
 1.3334823e-003
 1.2859619e-003
 1.2161161e-003
 1.1327238e-003
 1.0445723e-003
 9.6038729e-004
 8.8856346e-004
 8.3445100e-004
 8.0227491e-004
 7.9619494e-004
 8.2040229e-004
 8.7906665e-004
 9.7439974e-004
 1.0948727e-003
 1.2234235e-003
 1.3428929e-003
 1.4361409e-003
 1.4860277e-003
 1.4789689e-003
 1.4255157e-003
 1.3463410e-003
 1.2620793e-003
 1.1934160e-003
 1.1610244e-003
 1.1817241e-003
 1.2459724e-003
 1.3332217e-003
 1.4228545e-003
 1.4942606e-003
 1.5268307e-003
 1.5038347e-003
 1.4351461e-003
 1.3419183e-003
 1.2452542e-003
 1.1663173e-003
 1.1262582e-003
 1.1426521e-003
 1.2083922e-003
 1.3059649e-003
 1.4177883e-003
 1.5262873e-003
 1.6138880e-003
 1.6651021e-003
 1.6790174e-003
 1.6608767e-003
 1.6159548e-003
 1.5495287e-003
 1.4668748e-003
 1.3736648e-003
 1.2783526e-003
 1.1905062e-003
 1.1198083e-003
 1.0758387e-003
 1.0682339e-003
 1.1042345e-003
 1.1744368e-003
 1.2621993e-003
 1.3509435e-003
 1.4240320e-003
 1.4648426e-003
 1.4594266e-003
 1.4127553e-003
 1.3379077e-003
 1.2480789e-003
 1.1563677e-003
 1.0759342e-003
 1.0183119e-003
 9.8349259e-004
 9.6652895e-004
 9.6241501e-004
 9.6616242e-004
 9.7277848e-004
 9.7796193e-004
 9.8235498e-004
 9.8875526e-004
 9.9996151e-004
 1.0187817e-003
 1.0480186e-003
 1.0896776e-003
 1.1401207e-003
 1.1931681e-003
 1.2427008e-003
 1.2825290e-003
 1.3065215e-003
 1.3097352e-003
 1.2960592e-003
 1.2732450e-003
 1.2490861e-003
 1.2313481e-003
 1.2278141e-003
 1.2446058e-003
 1.2758080e-003
 1.3101852e-003
 1.3365023e-003
 1.3434906e-003
 1.3199069e-003
 1.2569610e-003
 1.1638973e-003
 1.0578785e-003
 9.5622992e-004
 8.7614817e-004
 8.3490607e-004
 8.4668695e-004
 9.0312667e-004
 9.8579586e-004
 1.0762830e-003
 1.1560685e-003
 1.2067400e-003
 1.2124811e-003
 1.1771262e-003
 1.1132599e-003
 1.0335776e-003
 9.5069327e-004
 8.7727321e-004
 8.2478480e-004
 7.9589314e-004
 7.8930153e-004
 8.0369733e-004
 8.3775551e-004
 8.9017447e-004
 9.5895980e-004
 1.0370848e-003
 1.1152457e-003
 1.1841170e-003
 1.2344171e-003
 1.2567971e-003
 1.2436324e-003
 1.1998023e-003
 1.1358974e-003
 1.0624866e-003
 9.9022698e-004
 9.2968490e-004
 8.9020218e-004
 8.7146141e-004
 8.6874393e-004
 8.7730627e-004
 8.9241384e-004
 9.0931589e-004
 9.2376949e-004
 9.3523139e-004
 9.4486045e-004
 9.5383142e-004
 9.6330699e-004
 9.7446179e-004
 9.8819553e-004
 1.0033648e-003
 1.0178834e-003
 1.0296589e-003
 1.0366060e-003
 1.0366291e-003
 1.0279432e-003
 1.0110878e-003
 9.8768494e-004
 9.5934403e-004
 9.2770805e-004
 8.9437800e-004
 8.6102285e-004
 8.2944048e-004
 8.0153241e-004
 7.7919778e-004
 7.6432247e-004
 7.5881236e-004
 7.6405768e-004
 7.7757839e-004
 7.9508155e-004
 8.1226375e-004
 8.2482013e-004
 8.2845212e-004
 8.1947446e-004
 7.9903018e-004
 7.7053020e-004
 7.3740375e-004
 7.0305553e-004
 6.7093258e-004
 6.4432470e-004
 6.2564167e-004
 6.1686139e-004
 6.1995880e-004
 6.3690462e-004
 6.6968711e-004
 7.1941275e-004
 7.8057696e-004
 8.4449246e-004
 9.0245099e-004
 9.4578171e-004
 9.6575671e-004
 9.5517945e-004
 9.1859477e-004
 8.6615438e-004
 8.0804416e-004
 7.5445889e-004
 7.1555859e-004
 7.0016790e-004
 7.0601987e-004
 7.2558329e-004
 7.5128936e-004
 7.7556900e-004
 7.9085171e-004
 7.9040823e-004
 7.7419518e-004
 7.4537843e-004
 7.0715061e-004
 6.6271116e-004
 6.1522599e-004
 5.6841242e-004
 5.2990275e-004
 5.0928257e-004
 5.1614182e-004
 5.6007004e-004
 6.5063598e-004
 7.9540070e-004
 9.8482333e-004
 1.2013410e-003
 1.4272146e-003
 1.6446984e-003
 1.8361954e-003
 1.9849865e-003
 2.0837297e-003
 2.1294197e-003
 2.1191132e-003
 2.0498661e-003
 1.9187635e-003
 1.7251803e-003
 1.4884113e-003
 1.2371448e-003
 1.0002921e-003
 8.0672570e-004
 6.8486668e-004
 6.4161839e-004
 6.5336295e-004
 6.9416856e-004
 7.3812157e-004
 7.6039671e-004
 7.5528142e-004
 7.3315046e-004
 7.0490321e-004
 6.8141147e-004
 6.7231694e-004
 6.7687896e-004
 6.8921677e-004
 7.0341089e-004
 7.1355060e-004
 7.1498950e-004
 7.0879929e-004
 6.9764321e-004
 6.8418792e-004
 6.7108712e-004
 6.5975555e-004
 6.4846821e-004
 6.3503010e-004
 6.1724457e-004
 5.9308414e-004
 5.6898891e-004
 5.6360499e-004
 5.9653970e-004
 6.8740698e-004
 8.5396651e-004
 1.0812336e-003
 1.3263456e-003
 1.5452355e-003
 1.6941295e-003
 1.7347675e-003
 1.6772002e-003
 1.5558262e-003
 1.4052580e-003
 1.2599983e-003
 1.1491852e-003
 1.0764903e-003
 1.0384630e-003
 1.0316282e-003
 1.0525058e-003
 1.0952158e-003
 1.1478505e-003
 1.1974940e-003
 1.2312942e-003
 1.2365604e-003
 1.2110757e-003
 1.1679695e-003
 1.1216467e-003
 1.0864598e-003
 1.0760430e-003
 1.0903160e-003
 1.1172314e-003
 1.1443351e-003
 1.1591901e-003
 1.1508663e-003
 1.1217122e-003
 1.0808917e-003
 1.0376330e-003
 1.0011345e-003
 9.7851863e-004
 9.6698268e-004
 9.6087123e-004
 9.5452234e-004
 9.4228570e-004
 9.2360849e-004
 9.1110094e-004
 9.1949053e-004
 9.6349610e-004
 1.0575262e-003
 1.1988371e-003
 1.3590254e-003
 1.5075618e-003
 1.6140114e-003
 1.6492348e-003
 1.6111193e-003
 1.5214105e-003
 1.4027224e-003
 1.2775784e-003
 1.1669467e-003
 1.0764799e-003
 1.0039762e-003
 9.4714214e-004
 9.0368418e-004
 8.7207014e-004
 8.5434294e-004
 8.5363735e-004
 8.7307126e-004
 9.1576914e-004
 9.8440505e-004
 1.0734170e-003
 1.1696917e-003
 1.2599619e-003
 1.3308934e-003
 1.3691678e-003
 1.3622039e-003
 1.3115945e-003
 1.2316614e-003
 1.1372743e-003
 1.0432014e-003
 9.6427504e-004
 9.1469841e-004
 8.9666410e-004
 9.0153690e-004
 9.2027086e-004
 9.4382383e-004
 9.6315285e-004
 9.6960517e-004
 9.6215226e-004
 9.4669475e-004
 9.2940236e-004
 9.1642624e-004
 9.1392978e-004
 9.2775543e-004
 9.5749495e-004
 9.9701877e-004
 1.0400172e-003
 1.0801293e-003
 1.1110456e-003
 1.1266677e-003
 1.1256873e-003
 1.1111803e-003
 1.0864005e-003
 1.0545803e-003
 1.0189670e-003
 9.8271796e-004
 9.4725605e-004
 9.1241149e-004
 8.7792950e-004
 8.4359880e-004
 8.0916483e-004
 7.7443087e-004
 7.3986629e-004
 7.0653361e-004
 6.7556027e-004
 6.4803305e-004
 6.2506169e-004
 6.0776086e-004
 5.9745827e-004
 5.9567986e-004
 6.0396106e-004
 6.2382966e-004
 6.5682689e-004
 7.0424657e-004
 7.6252664e-004
 8.2356378e-004
 8.7907125e-004
 9.2079840e-004
 9.4043941e-004
 9.3017175e-004
 8.9116179e-004
 8.3305250e-004
 7.6576817e-004
 6.9931336e-004
 6.4361020e-004
 6.0825417e-004
 5.9503817e-004
 5.9840793e-004
 6.1251898e-004
 6.3153956e-004
 6.4961618e-004
 6.6114630e-004
 6.6528126e-004
 6.6569116e-004
 6.6622382e-004
 6.7072583e-004
 6.8304612e-004
 7.0685352e-004
 7.4205687e-004
 7.8498677e-004
 8.3182298e-004
 8.7877945e-004
 9.2201191e-004
 9.5781195e-004
 9.8410796e-004
 1.0004292e-003
 1.0063772e-003
 1.0015430e-003
 9.8552229e-004
 9.5800718e-004
 9.2076440e-004
 8.7755057e-004
 8.3221076e-004
 7.8855781e-004
 7.5045915e-004
 7.2165322e-004
 7.0426724e-004
 6.9883891e-004
 7.0584123e-004
 7.2574301e-004
 7.5903162e-004
 8.0599886e-004
 8.6356420e-004
 9.2530891e-004
 9.8467607e-004
 1.0351487e-003
 1.0701455e-003
 1.0834343e-003
 1.0751327e-003
 1.0515717e-003
 1.0193392e-003
 9.8502880e-004
 9.5521047e-004
 9.3649159e-004
 9.3544653e-004
 9.5665856e-004
 9.9687127e-004
 1.0509565e-003
 1.1137231e-003
 1.1800488e-003
 1.2447694e-003
 1.3027308e-003
 1.3487793e-003
 1.3777579e-003
 1.3858809e-003
 1.3746789e-003
 1.3469965e-003
 1.3056790e-003
 1.2535721e-003
 1.1935211e-003
 1.1283834e-003
 1.0609685e-003
 9.9416927e-004
 9.3040324e-004
 8.7058864e-004
 8.1525766e-004
 7.6490507e-004
 7.2008965e-004
 6.8130891e-004
 6.4909447e-004
 6.2396924e-004
 6.0645631e-004
 5.9676694e-004
 5.9386139e-004
 5.9639505e-004
 6.0302106e-004
 6.1239250e-004
 6.2316033e-004
 6.3398347e-004
 6.4350764e-004
 6.5039139e-004
 6.5364671e-004
 6.5373606e-004
 6.5148546e-004
 6.4772158e-004
 6.4326823e-004
 6.3895428e-004
 6.3560338e-004
 6.3404214e-004
 6.3509634e-004
 6.3931884e-004
 6.4614892e-004
 6.5475254e-004
 6.6428515e-004
 6.7391311e-004
 6.8279600e-004
 6.9009431e-004
 6.9497252e-004
 6.9658883e-004
 6.9441850e-004
 6.8920647e-004
 6.8202277e-004
 6.7393732e-004
 6.6602137e-004
 6.5934093e-004
 6.5497047e-004
 6.5397687e-004
 6.5743097e-004
 6.6603610e-004
 6.7900430e-004
 6.9514773e-004
 7.1329554e-004
 7.3226640e-004
 7.5088145e-004
 7.6796208e-004
 7.8232703e-004
 7.9280447e-004
 7.9859246e-004
 8.0049201e-004
 7.9971011e-004
 7.9745561e-004
 7.9493556e-004
 7.9336000e-004
 7.9393608e-004
 7.9787272e-004
 8.0637838e-004
 8.2021212e-004
 8.3825469e-004
 8.5891184e-004
 8.8056433e-004
 9.0161880e-004
 9.2046673e-004
 9.3550311e-004
 9.4512326e-004
 9.4772252e-004
 9.4309746e-004
 9.3693554e-004
 9.3646493e-004
 9.4891898e-004
 9.8152121e-004
 1.0408598e-003
 1.1227232e-003
 1.2143193e-003
 1.3025565e-003
 1.3743563e-003
 1.4166408e-003
 1.4172718e-003
 1.3792663e-003
 1.3179696e-003
 1.2490186e-003
 1.1881351e-003
 1.1509628e-003
 1.1521971e-003
 1.1905225e-003
 1.2516142e-003
 1.3207052e-003
 1.3830941e-003
 1.4240710e-003
 1.4296196e-003
 1.3978647e-003
 1.3368549e-003
 1.2548669e-003
 1.1602758e-003
 1.0613693e-003
 9.6620689e-004
 8.7927893e-004
 8.0192951e-004
 7.3553051e-004
 6.8136834e-004
 6.4074725e-004
 6.1485759e-004
 6.0226227e-004
 5.9942488e-004
 6.0273230e-004
 6.0857320e-004
 6.1333971e-004
 6.1360345e-004
 6.0896424e-004
 6.0152990e-004
 5.9349183e-004
 5.8703276e-004
 5.8433803e-004
 5.8744859e-004
 5.9592485e-004
 6.0725509e-004
 6.1887724e-004
 6.2821450e-004
 6.3270313e-004
 6.3001266e-004
 6.2189426e-004
 6.1350403e-004
 6.1011233e-004
 6.1698345e-004
 6.3937693e-004
 6.8209809e-004
 7.4214424e-004
 8.0986763e-004
 8.7550341e-004
 9.2919572e-004
 9.6116331e-004
 9.6223457e-004
 9.3427644e-004
 8.8844815e-004
 8.3624746e-004
 7.8910781e-004
 7.5852795e-004
 7.5527158e-004
 7.7833439e-004
 8.1668590e-004
 8.5901812e-004
 8.9397101e-004
 9.1023301e-004
 8.9717371e-004
 8.5654116e-004
 8.0056768e-004
 7.4188394e-004
 6.9304486e-004
 6.6667621e-004
 6.7459751e-004
 7.1550615e-004
 7.7679794e-004
 8.4557344e-004
 9.0884638e-004
 9.5371890e-004
 9.6787937e-004
 9.5072325e-004
 9.1160520e-004
 8.6025131e-004
 8.0632797e-004
 7.5957191e-004
 7.2923774e-004
 7.1707694e-004
 7.1836624e-004
 7.2816043e-004
 7.4150867e-004
 7.5347425e-004
 7.5932092e-004
 7.5821643e-004
 7.5268722e-004
 7.4537832e-004
 7.3892658e-004
 7.3597755e-004
 7.3902268e-004
 7.4791536e-004
 7.6019776e-004
 7.7334954e-004
 7.8483316e-004
 7.9212768e-004
 7.9282967e-004
 7.8691536e-004
 7.7642291e-004
 7.6347234e-004
 7.5016817e-004
 7.3863228e-004
 7.3090394e-004
 7.2777085e-004
 7.2892115e-004
 7.3400408e-004
 7.4266450e-004
 7.5455679e-004
 7.6931965e-004
 7.8657741e-004
 8.0593443e-004
 8.2697312e-004
 8.4930455e-004
 8.7250909e-004
 8.9612999e-004
 9.1838208e-004
 9.3635998e-004
 9.4711286e-004
 9.4767846e-004
 9.3510182e-004
 9.0669614e-004
 8.6461735e-004
 8.1531907e-004
 7.6546072e-004
 7.2163367e-004
 6.9049350e-004
 6.7833450e-004
 6.8561075e-004
 7.0751889e-004
 7.3909183e-004
 7.7532645e-004
 8.1126537e-004
 8.4190222e-004
 8.6227088e-004
 8.6878933e-004
 8.6281530e-004
 8.4680092e-004
 8.2321285e-004
 7.9449033e-004
 7.6310954e-004
 7.3151512e-004
 7.0215191e-004
 6.7749602e-004
 6.5935584e-004
 6.4732420e-004
 6.4047182e-004
 6.3788350e-004
 6.3863606e-004
 6.4181112e-004
 6.4648618e-004
 6.5174402e-004
 6.5666070e-004
 6.6051749e-004
 6.6330953e-004
 6.6518958e-004
 6.6631386e-004
 6.6683639e-004
 6.6691235e-004
 6.6669646e-004
 6.6634361e-004
 6.6600839e-004
 6.6582073e-004
 6.6581951e-004
 6.6602306e-004
 6.6644978e-004
 6.6711823e-004
 6.6804659e-004
 6.6925376e-004
 6.7075720e-004
 6.7257666e-004
 6.7470141e-004
 6.7702250e-004
 6.7940849e-004
 6.8172486e-004
 6.8384106e-004
 6.8562286e-004
 6.8693864e-004
 6.8765611e-004
 6.8764231e-004
 6.8677502e-004
 6.8497180e-004
 6.8215665e-004
 6.7825726e-004
 6.7319843e-004
 6.6690310e-004
 6.5930153e-004
 6.5031357e-004
 6.3987146e-004
 6.2820932e-004
 6.1674655e-004
 6.0715975e-004
 6.0112868e-004
 6.0033891e-004
 6.0647191e-004
 6.2120485e-004
 6.4621918e-004
 6.8321131e-004
 7.3277653e-004
 7.9161936e-004
 8.5544848e-004
 9.2005805e-004
 9.8115229e-004
 1.0345064e-003
 1.0758843e-003
 1.1010070e-003
 1.1056409e-003
 1.0871874e-003
 1.0492683e-003
 9.9693669e-004
 9.3530526e-004
 8.6940714e-004
 8.0436497e-004
 7.4520957e-004
 6.9705851e-004
 6.6496310e-004
 6.5252220e-004
 6.5776595e-004
 6.7739683e-004
 7.0810097e-004
 7.4659928e-004
 7.8956451e-004
 8.3371077e-004
 8.7575347e-004
 9.1236306e-004
 9.4026438e-004
 9.5625204e-004
 9.5958967e-004
 9.5186388e-004
 9.3476608e-004
 9.0997072e-004
 8.7918126e-004
 8.4406242e-004
 8.0632512e-004
 7.6764281e-004
 7.2968757e-004
 6.9417240e-004
 6.6275871e-004
 6.3710898e-004
 6.1785994e-004
 6.0469686e-004
 5.9727888e-004
 5.9524993e-004
 5.9826119e-004
 6.0596404e-004
 6.1800273e-004
 6.3402881e-004
 6.5369951e-004
 6.7665044e-004
 7.0254755e-004
 7.3101075e-004
 7.6144730e-004
 7.9303171e-004
 8.2489481e-004
 8.5621222e-004
 8.8611484e-004
 9.1377686e-004
 9.3833194e-004
 9.5894386e-004
 9.7477075e-004
 9.8495465e-004
 9.8865584e-004
 9.8506571e-004
 9.7429188e-004
 9.5735549e-004
 9.3530479e-004
 9.0918102e-004
 8.8005426e-004
 8.4895559e-004
 8.1695867e-004
 7.8510371e-004
 7.5443136e-004
 7.2601478e-004
 7.0088560e-004
 6.8008283e-004
 6.6391920e-004
 6.5204396e-004
 6.4405904e-004
 6.3957146e-004
 6.3819258e-004
 6.3952961e-004
 6.4318959e-004
 6.5218349e-004
 6.7793741e-004
 7.0539874e-004
 7.2883570e-004
 7.4715941e-004
 7.5949274e-004
 7.6495111e-004
 7.6272857e-004
 7.5368333e-004
 7.4033166e-004
 7.2525634e-004
 7.1104604e-004
 7.0020423e-004
 6.9347158e-004
 6.8983983e-004
 6.8822940e-004
 6.8755966e-004
 6.8682851e-004
 6.8677013e-004
 6.8982062e-004
 6.9848879e-004
 7.1527995e-004
 7.4270240e-004
 7.8238780e-004
 8.3253591e-004
 8.9053821e-004
 9.5376134e-004
 1.0195998e-003
 1.0854185e-003
 1.1482962e-003
 1.2040649e-003
 1.2482915e-003
 1.2765196e-003
 1.2843093e-003
 1.2672130e-003
 1.2207876e-003
 1.1434755e-003
 1.0447974e-003
 9.3686575e-004
 8.3184039e-004
 7.4183196e-004
 6.7899644e-004
 6.5545453e-004
 6.8334606e-004
 7.6991349e-004
 9.0390129e-004
 1.0697524e-003
 1.2518405e-003
 1.4346198e-003
 1.6024604e-003
 1.7397989e-003
 1.8310581e-003
 1.8652949e-003
 1.8489928e-003
 1.7926830e-003
 1.7068819e-003
 1.6021372e-003
 1.4889532e-003
 1.3778850e-003
 1.2794348e-003
 1.2017823e-003
 1.1443184e-003
 1.1044508e-003
 1.0795662e-003
 1.0670583e-003
 1.0643239e-003
 1.0687566e-003
 1.0777491e-003
 1.0886975e-003
 1.0989934e-003
 1.1060329e-003
 1.1072085e-003
 1.1006015e-003
 1.0867841e-003
 1.0668890e-003
 1.0420564e-003
 1.0134162e-003
 9.8211085e-004
 9.4927236e-004
 9.1603247e-004
 8.8353461e-004
 8.5290667e-004
 8.2529173e-004
 8.0181874e-004
 7.8331993e-004
 7.6951482e-004
 7.5988477e-004
 7.5390586e-004
 7.5105741e-004
 7.5081701e-004
 7.5266289e-004
 7.5607345e-004
 7.6052616e-004
 7.6549960e-004
 7.7047263e-004
 7.7502360e-004
 7.7908987e-004
 7.8268501e-004
 7.8582455e-004
 7.8852219e-004
 7.9079316e-004
 7.9265138e-004
 7.9411210e-004
 7.9518929e-004
 7.9589779e-004
 7.9622248e-004
 7.9604599e-004
 7.9522829e-004
 7.9362997e-004
 7.9111086e-004
 7.8753178e-004
 7.8275206e-004
 7.7663327e-004
 7.6903403e-004
 7.5981661e-004
 7.4904010e-004
 7.3745637e-004
 7.2595873e-004
 7.1544613e-004
 7.0681213e-004
 7.0095499e-004
 6.9876935e-004
 7.0115185e-004
 7.0899801e-004
 7.2320580e-004
 7.4413925e-004
 7.7038823e-004
 8.0015592e-004
 8.3165872e-004
 8.6309871e-004
 8.9269259e-004
 9.1864291e-004
 9.3916513e-004
 9.5246395e-004
 9.5709972e-004
 9.5278723e-004
 9.3948439e-004
 9.1714482e-004
 8.8573061e-004
 8.4519124e-004
 7.9549308e-004
 7.3658157e-004
 6.7007530e-004
 6.0299353e-004
 5.4350297e-004
 4.9974158e-004
 4.7987042e-004
 4.9203704e-004
 5.4438913e-004
 6.4507476e-004
 7.9689047e-004
 9.8505698e-004
 1.1913090e-003
 1.3972898e-003
 1.5847383e-003
 1.7353026e-003
 1.8307082e-003
 1.8526276e-003
 1.7910937e-003
 1.6630262e-003
 1.4907101e-003
 1.2964986e-003
 1.1026616e-003
 9.3155715e-004
 8.0546900e-004
 7.3874864e-004
 7.2036649e-004
 7.3420897e-004
 7.6416635e-004
 7.9413643e-004
 8.0800784e-004
 7.9566322e-004
 7.6594757e-004
 7.3144399e-004
 7.0474873e-004
 6.9844560e-004
 7.2512164e-004
 7.9129025e-004
 8.8441052e-004
 9.8816992e-004
 1.0863004e-003
 1.1624880e-003
 1.2004613e-003
 1.1904432e-003
 1.1429836e-003
 1.0725918e-003
 9.9375134e-004
 9.2097931e-004
 8.6875603e-004
 8.4683450e-004
 8.5024774e-004
 8.7120174e-004
 9.0190291e-004
 9.3456247e-004
 9.6138025e-004
 9.7633310e-004
 9.7879837e-004
 9.6919149e-004
 9.4792945e-004
 9.1542205e-004
 8.7208929e-004
 8.1938831e-004
 7.6193380e-004
 7.0492923e-004
 6.5361877e-004
 6.1320508e-004
 5.8890413e-004
 5.8542477e-004
 6.0595298e-004
 6.5336993e-004
 7.3056790e-004
 8.4043713e-004
 9.8590297e-004
 1.1637170e-003
 1.3525797e-003
 1.5277802e-003
 1.6646086e-003
 1.7383621e-003
 1.7243002e-003
 1.6111002e-003
 1.4270601e-003
 1.2078030e-003
 9.8890322e-004
 8.0609508e-004
 6.9290632e-004
 6.5268908e-004
 6.6569867e-004
 7.1158749e-004
 7.7001576e-004
 8.2143862e-004
 8.5794355e-004
 8.8042673e-004
 8.9003245e-004
 8.8789460e-004
 8.7521900e-004
 8.5425191e-004
 8.2804559e-004
 7.9965754e-004
 7.7214907e-004
 7.4840698e-004
 7.2889344e-004
 7.1222091e-004
 6.9696334e-004
 6.8169093e-004
 6.6522718e-004
 6.4984598e-004
 6.4040604e-004
 6.4182997e-004
 6.5903825e-004
 6.9631584e-004
 7.4897020e-004
 8.0565206e-004
 8.5486542e-004
 8.8507804e-004
 8.8571646e-004
 8.5909106e-004
 8.1700564e-004
 7.7151891e-004
 7.3465821e-004
 7.1780139e-004
 7.2317722e-004
 7.4630254e-004
 7.8254251e-004
 8.2726334e-004
 8.7576138e-004
 9.2237478e-004
 9.6070289e-004
 9.8436442e-004
 9.8696607e-004
 9.6279342e-004
 9.1554900e-004
 8.5571996e-004
 7.9394731e-004
 7.4086111e-004
 7.0642045e-004
 6.9093780e-004
 6.8783062e-004
 6.9036474e-004
 6.9180538e-004
 6.8592565e-004
 6.7333895e-004
 6.5954658e-004
 6.5015507e-004
 6.5077702e-004
 6.6646928e-004
 6.9499918e-004
 7.2895974e-004
 7.6080748e-004
 7.8302412e-004
 7.8874663e-004
 7.7985245e-004
 7.6440565e-004
 7.5059378e-004
 7.4660504e-004
 7.5989356e-004
 7.8831677e-004
 8.2296453e-004
 8.5480709e-004
 8.7480934e-004
 8.7466172e-004
 8.5549860e-004
 8.2504540e-004
 7.9115940e-004
 7.6169195e-004
 7.4391032e-004
 7.3727552e-004
 7.3585939e-004
 7.3362555e-004
 7.2453404e-004
 7.0315518e-004
 6.7174790e-004
 6.3787459e-004
 6.0919730e-004
 5.9339870e-004
 5.9738342e-004
 6.1852351e-004
 6.4766186e-004
 6.7549077e-004
 6.9272454e-004
 6.9097767e-004
 6.7321770e-004
 6.5013929e-004
 6.3260412e-004
 6.3145510e-004
 6.5642665e-004
 7.0342340e-004
 7.5894163e-004
 8.0933445e-004
 8.4094593e-004
 8.4131968e-004
 8.1283000e-004
 7.6782901e-004
 7.1885053e-004
 6.7842013e-004
 6.5816107e-004
 6.5828837e-004
 6.7142391e-004
 6.9005077e-004
 7.0665492e-004
 7.1425654e-004
 7.1250874e-004
 7.0545764e-004
 6.9722696e-004
 6.9194689e-004
 6.9339538e-004
 7.0120516e-004
 7.1227265e-004
 7.2343700e-004
 7.3154568e-004
 7.3368422e-004
 7.2980183e-004
 7.2172482e-004
 7.1131892e-004
 7.0044439e-004
 6.9103495e-004
 6.8587670e-004
 6.8831566e-004
 7.0170249e-004
 7.2938972e-004
 7.7395985e-004
 8.2879805e-004
 8.8137970e-004
 9.1907138e-004
 9.2923961e-004
 9.0077426e-004
 8.4041519e-004
 7.6637283e-004
 6.9705019e-004
 6.5084349e-004
 6.4439431e-004
 6.7373645e-004
 7.2174694e-004
 7.7109830e-004
 8.0442533e-004
 8.0596056e-004
 7.7771646e-004
 7.3303457e-004
 6.8542792e-004
 6.4844580e-004
 6.3458097e-004
 6.4479391e-004
 6.7274703e-004
 7.1196421e-004
 7.5598899e-004
 7.9864578e-004
 8.3697768e-004
 8.7002036e-004
 8.9686899e-004
 9.1660913e-004
 9.2838326e-004
 9.3194155e-004
 9.2742778e-004
 9.1498799e-004
 8.9476811e-004
 8.6705724e-004
 8.3382684e-004
 7.9806132e-004
 7.6276658e-004
 7.3094148e-004
 7.0558058e-004
 6.8936154e-004
 6.8478845e-004
 6.9436722e-004
 7.2059571e-004
 7.6521258e-004
 8.2166033e-004
 8.7829120e-004
 9.2339225e-004
 9.4521808e-004
 9.3336310e-004
 8.9145987e-004
 8.3169434e-004
 7.6642097e-004
 7.0795079e-004
 6.6777732e-004
 6.4851745e-004
 6.4741942e-004
 6.6164066e-004
 6.8834575e-004
 7.2447804e-004
 7.6464773e-004
 8.0202316e-004
 8.2978304e-004
 8.4109697e-004
 8.2993892e-004
 7.9881994e-004
 7.5534929e-004
 7.0720498e-004
 6.6205504e-004
 6.2726688e-004
 6.0669059e-004
 6.0211681e-004
 6.1531406e-004
 6.4803933e-004
 7.0138270e-004
 7.6945481e-004
 8.4224116e-004
 9.0968836e-004
 9.6169423e-004
 9.8904467e-004
 9.9110464e-004
 9.7228301e-004
 9.3706953e-004
 8.8994193e-004
 8.3542638e-004
 7.7850354e-004
 7.2446920e-004
 6.7858084e-004
 6.4610981e-004
 6.3174724e-004
 6.3432677e-004
 6.4927607e-004
 6.7198183e-004
 6.9783232e-004
 7.2252826e-004
 7.4483652e-004
 7.6531974e-004
 7.8455632e-004
 8.0312882e-004
 8.2137366e-004
 8.3732430e-004
 8.4768242e-004
 8.4913406e-004
 8.3836098e-004
 8.1273454e-004
 7.7633787e-004
 7.3708047e-004
 7.0290914e-004
 6.8179565e-004
 6.8083114e-004
 6.9876050e-004
 7.2960812e-004
 7.6732005e-004
 8.0586446e-004
 8.3946501e-004
 8.6489238e-004
 8.8033045e-004
 8.8399852e-004
 8.7410898e-004
 8.4938772e-004
 8.1350387e-004
 7.7292445e-004
 7.3412055e-004
 7.0357102e-004
 6.8720704e-004
 6.8574829e-004
 6.9700019e-004
 7.1874209e-004
 7.4876164e-004
 7.8463153e-004
 8.2211877e-004
 8.5597648e-004
 8.8094670e-004
 8.9177227e-004
 8.8395691e-004
 8.6023984e-004
 8.2732044e-004
 7.9193019e-004
 7.6082739e-004
 7.4002868e-004
 7.2888401e-004
 7.2310184e-004
 7.1835704e-004
 7.1032060e-004
 6.9531094e-004
 6.7562587e-004
 6.5679918e-004
 6.4441020e-004
 6.4402365e-004
 6.6029694e-004
 6.8950950e-004
 7.2340237e-004
 7.5369404e-004
 7.7209756e-004
 7.7132712e-004
 7.5326097e-004
 7.2467991e-004
 6.9240842e-004
 6.6326512e-004
 6.4369710e-004
 6.3657505e-004
 6.4288900e-004
 6.6361105e-004
 6.9972413e-004
 7.5135235e-004
 8.1117766e-004
 8.6793269e-004
 9.1032154e-004
 9.2701864e-004
 9.0858864e-004
 8.6212007e-004
 8.0336764e-004
 7.4820779e-004
 7.1247289e-004
 7.0991128e-004
 7.3572336e-004
 7.7544415e-004
 8.1449252e-004
 8.3831820e-004
 8.3438127e-004
 8.0785615e-004
 7.7312888e-004
 7.4464327e-004
 7.3684752e-004
 7.6210022e-004
 8.1444636e-004
 8.7852549e-004
 9.3889714e-004
 9.8012073e-004
 9.8861055e-004
 9.6682837e-004
 9.2546217e-004
 8.7525969e-004
 8.2695833e-004
 7.9048960e-004
 7.6853193e-004
 7.6010718e-004
 7.6421013e-004
 7.7983155e-004
 8.0578570e-004
 8.3937403e-004
 8.7713380e-004
 9.1560482e-004
 9.5129915e-004
 9.8088977e-004
 1.0021604e-003
 1.0134588e-003
 1.0131299e-003
 9.9952822e-004
 9.7158918e-004
 9.3313993e-004
 8.9048396e-004
 8.4991462e-004
 8.1773376e-004
 7.9962739e-004
 7.9618604e-004
 8.0545299e-004
 8.2545925e-004
 8.5423596e-004
 8.8940182e-004
 9.2506880e-004
 9.5365976e-004
 9.6757727e-004
 9.5921895e-004
 9.2261861e-004
 8.6515245e-004
 8.0073014e-004
 7.4329373e-004
 7.0682762e-004
 7.0366083e-004
 7.3304243e-004
 7.8784989e-004
 8.6093711e-004
 9.4510242e-004
 1.0331810e-003
 1.1178678e-003
 1.1918140e-003
 1.2476178e-003
 1.2779331e-003
 1.2766579e-003
 1.2478011e-003
 1.2002598e-003
 1.1429426e-003
 1.0847619e-003
 1.0337001e-003
 9.9032826e-004
 9.5171388e-004
 9.1487059e-004
 8.7682356e-004
 8.3551760e-004
 7.9627091e-004
 7.6785492e-004
 7.5907115e-004
 7.7873014e-004
 8.3355448e-004
 9.1405120e-004
 1.0030814e-003
 1.0834780e-003
 1.1380153e-003
 1.1517756e-003
 1.1272796e-003
 1.0752227e-003
 1.0063294e-003
 9.3137723e-004
 8.6047879e-004
 7.9901709e-004
 7.5015752e-004
 7.1708695e-004
 7.0295506e-004
 7.1052817e-004
 7.3954195e-004
 7.8830338e-004
 8.5512985e-004
 9.3833485e-004
 1.0351819e-003
 1.1349760e-003
 1.2232813e-003
 1.2857158e-003
 1.3078753e-003
 1.2779929e-003
 1.2043533e-003
 1.1043632e-003
 9.9547743e-004
 8.9512923e-004
 8.1910664e-004
 7.7025976e-004
 7.4563216e-004
 7.4223860e-004
 7.5709925e-004
 7.8684703e-004
 8.2534290e-004
 8.6519291e-004
 8.9900399e-004
 9.1935869e-004
 9.2024362e-004
 9.0580236e-004
 8.8472449e-004
 8.6573802e-004
 8.5755467e-004
 8.6736621e-004
 8.9120137e-004
 9.2009996e-004
 9.4509666e-004
 9.5722190e-004
 9.4900862e-004
 9.2391431e-004
 8.9024956e-004
 8.5632835e-004
 8.3046913e-004
 8.1973086e-004
 8.2208769e-004
 8.3151227e-004
 8.4196514e-004
 8.4740703e-004
 8.4277726e-004
 8.3006744e-004
 8.1434107e-004
 8.0067426e-004
 7.9414312e-004
 7.9903618e-004
 8.1400067e-004
 8.3524344e-004
 8.5896743e-004
 8.8135782e-004
 8.9940894e-004
 9.1570202e-004
 9.3523331e-004
 9.6299429e-004
 1.0039890e-003
 1.0614820e-003
 1.1265645e-003
 1.1851293e-003
 1.2230069e-003
 1.2260737e-003
 1.1833000e-003
 1.1052858e-003
 1.0119019e-003
 9.2299661e-004
 8.5843314e-004
 8.3510939e-004
 8.4943249e-004
 8.8912685e-004
 9.4189699e-004
 9.9544763e-004
 1.0387476e-003
 1.0693545e-003
 1.0884769e-003
 1.0973236e-003
 1.0971028e-003
 1.0890963e-003
 1.0750797e-003
 1.0570334e-003
 1.0369334e-003
 1.0167706e-003
 9.9878793e-004
 9.8703301e-004
 9.8630192e-004
 1.0013918e-003
 1.0370975e-003
 1.0962901e-003
 1.1689094e-003
 1.2395893e-003
 1.2928949e-003
 1.3134461e-003
 1.2886735e-003
 1.2248465e-003
 1.1359989e-003
 1.0361426e-003
 9.3930116e-004
 8.5803092e-004
 7.9534581e-004
 7.5030013e-004
 7.2195835e-004
 7.0938491e-004
 7.1162090e-004
 7.2619703e-004
 7.4833509e-004
 7.7306217e-004
 7.9541007e-004
 8.1039424e-004
 8.1311452e-004
 8.0249197e-004
 7.8326807e-004
 7.6068868e-004
 7.3998573e-004
 7.2639505e-004
 7.2509248e-004
 7.3789986e-004
 7.6155050e-004
 7.9236407e-004
 8.2665851e-004
 8.6076010e-004
 8.9099363e-004
 9.1502297e-004
 9.3247328e-004
 9.4313343e-004
 9.4678556e-004
 9.4322016e-004
 9.3224121e-004
 9.1455085e-004
 8.9220994e-004
 8.6737663e-004
 8.4221241e-004
 8.1887882e-004
 7.9951994e-004
 7.8557548e-004
 7.7740883e-004
 7.7530381e-004
 7.7954546e-004
 7.9041522e-004
 8.0819684e-004
 8.3279243e-004
 8.6173462e-004
 8.9162047e-004
 9.1906631e-004
 9.4068208e-004
 9.5307716e-004
 9.5285993e-004
 9.3753898e-004
 9.1017422e-004
 8.7593700e-004
 8.3999481e-004
 8.0754119e-004
 7.8374310e-004
 7.7377632e-004
 7.8167638e-004
 8.0448267e-004
 8.3660212e-004
 8.7243674e-004
 9.0638862e-004
 9.3286514e-004
 9.4625447e-004
 9.4205135e-004
 9.2230598e-004
 8.9151447e-004
 8.5420115e-004
 8.1486872e-004
 7.7802554e-004
 7.4817467e-004
 7.2908628e-004
 7.1999582e-004
 7.1847602e-004
 7.2209811e-004
 7.2842982e-004
 7.3504139e-004
 7.3950290e-004
 7.3980307e-004
 7.3641312e-004
 7.3071889e-004
 7.2410528e-004
 7.1795774e-004
 7.1366079e-004
 7.1260222e-004
 7.1588537e-004
 7.2296808e-004
 7.3271169e-004
 7.4396952e-004
 7.5560168e-004
 7.6646637e-004
 7.7542156e-004
 7.8163098e-004
 7.8602310e-004
 7.9016847e-004
 7.9563633e-004
 8.0399867e-004
 8.1682130e-004
 8.3567505e-004
 8.6161500e-004
 8.9274393e-004
 9.2608429e-004
 9.5868006e-004
 9.8756771e-004
 1.0097844e-003
 1.0223682e-003
 1.0229585e-003
 1.0126726e-003
 9.9385029e-004
 9.6882565e-004
 9.3995203e-004
 9.0956507e-004
 8.8000559e-004
 8.5343997e-004
 8.3110319e-004
 8.1387750e-004
 8.0265128e-004
 7.9831318e-004
 8.0175383e-004
 8.1386016e-004
 8.3518465e-004
 8.6440326e-004
 8.9955010e-004
 9.3863206e-004
 9.7968127e-004
 1.0207221e-003
 1.0597876e-003
 1.0949997e-003
 1.1251547e-003
 1.1492599e-003
 1.1663269e-003
 1.1753554e-003
 1.1753585e-003
 1.1653441e-003
 1.1448914e-003
 1.1166965e-003
 1.0845433e-003
 1.0521951e-003
 1.0234220e-003
 1.0019897e-003
 9.9167915e-004
 9.9538686e-004
 1.0113149e-003
 1.0360860e-003
 1.0663024e-003
 1.0985840e-003
 1.1295455e-003
 1.1558018e-003
 1.1740226e-003
 1.1828493e-003
 1.1834981e-003
 1.1773496e-003
 1.1657807e-003
 1.1501777e-003
 1.1319186e-003
 1.1123838e-003
 1.0929445e-003
 1.0748074e-003
 1.0589379e-003
 1.0462904e-003
 1.0378204e-003
 1.0344821e-003
 1.0372326e-003
 1.0470252e-003
 1.0647769e-003
 1.0900258e-003
 1.1205359e-003
 1.1539760e-003
 1.1880097e-003
 1.2203085e-003
 1.2485199e-003
 1.2703154e-003
 1.2833987e-003
 1.2868941e-003
 1.2817066e-003
 1.2688582e-003
 1.2493682e-003
 1.2242561e-003
 1.1945342e-003
 1.1612363e-003
 1.1253759e-003
 1.0879838e-003
 1.0500959e-003
 1.0127759e-003
 9.7706041e-004
 9.4399502e-004
 9.1461895e-004
 8.8999188e-004
 8.7113766e-004
 8.5859472e-004
 8.5229531e-004
 8.5213518e-004
 8.5800933e-004
 8.6981227e-004
 8.8743883e-004
 9.1079046e-004
 9.3973952e-004
 9.7378989e-004
 1.0119725e-003
 1.0533000e-003
 1.0967547e-003
 1.1413486e-003
 1.1860842e-003
 1.2299637e-003
 1.2720062e-003
 1.3114109e-003
 1.3476625e-003
 1.3802506e-003
 1.4086710e-003
 1.4323994e-003
 1.4509328e-003
 1.4637605e-003
 1.4703949e-003
 1.4710389e-003
 1.4667331e-003
 1.4585643e-003
 1.4476159e-003
 1.4349804e-003
 1.4217420e-003
 1.4089872e-003
 1.3977778e-003
 1.3883761e-003
 1.3801066e-003
 1.3722336e-003
 1.3640227e-003
 1.3547379e-003
 1.3436496e-003
 1.3300220e-003
 1.3131400e-003
 1.2928793e-003
 1.2698286e-003
 1.2446020e-003
 1.2178179e-003
 1.1900949e-003
 1.1620451e-003
 1.1343001e-003
 1.1074744e-003
 1.0822529e-003
 1.0593908e-003
 1.0396637e-003
 1.0238301e-003
 1.0126547e-003
 1.0069010e-003
 1.0073367e-003
 1.0146927e-003
 1.0287745e-003
 1.0483200e-003
 1.0720143e-003
 1.0985248e-003
 1.1265358e-003
 1.1547264e-003
 1.1817815e-003
 1.2063833e-003
 1.2276921e-003
 1.2453860e-003
 1.2591734e-003
 1.2687535e-003
 1.2738367e-003
 1.2741284e-003
 1.2693329e-003
 1.2591743e-003
 1.2438212e-003
 1.2239486e-003
 1.2002580e-003
 1.1734444e-003
 1.1442227e-003
 1.1132881e-003
 1.0813427e-003
 1.0490760e-003
 1.0170792e-003
 9.8578387e-004
 9.5562270e-004
 9.2702109e-004
 9.0042519e-004
 8.7626016e-004
 8.5495855e-004
 8.3695253e-004
 8.2265906e-004
 8.1216119e-004
 8.0515177e-004
 8.0130773e-004
 8.0030627e-004
 8.0182467e-004
 8.0553949e-004
 8.1112765e-004
 8.1826822e-004
 8.2663458e-004
 8.3590805e-004
 8.4584206e-004
 8.5627037e-004
 8.6703332e-004
 8.7796396e-004
 8.8890229e-004
 8.9968630e-004
 9.1015646e-004
 9.2014542e-004
 9.2949363e-004
 9.3804236e-004
 9.4572519e-004
 9.5256738e-004
 9.5860509e-004
 9.6387242e-004
 9.6840342e-004
 9.7223278e-004
 9.7539299e-004
 9.7791897e-004
 9.7984448e-004
 9.8119874e-004
 9.8186266e-004
 9.8156277e-004
 9.8001771e-004
 9.7694492e-004
 9.7206410e-004
 9.6509338e-004
 9.5575128e-004
 9.4375288e-004
 9.2882238e-004
 9.1069681e-004
 8.8964740e-004
 8.6650474e-004
 8.4212044e-004
 8.1736397e-004
 7.9308671e-004
 7.7014626e-004
 7.4939552e-004
 7.3170190e-004
 7.1791752e-004
 7.0886896e-004
 7.0461613e-004
 7.0442446e-004
 7.0751889e-004
 7.1312586e-004
 7.2047190e-004
 7.2878541e-004
 7.3728879e-004
 7.4521027e-004
 7.5177639e-004
 7.5624045e-004
 7.5848418e-004
 7.5904164e-004
 7.5847481e-004
 7.5734576e-004
 7.5621722e-004
 7.5565139e-004
 7.5621030e-004
 7.5845630e-004
 7.6295278e-004
 7.7023305e-004
 7.8019220e-004
 7.9207338e-004
 8.0509420e-004
 8.1846269e-004
 8.3139603e-004
 8.4310857e-004
 8.5281662e-004
 8.5972965e-004
 8.6306460e-004
 8.6207478e-004
 8.5691863e-004
 8.4866810e-004
 8.3843188e-004
 8.2731940e-004
 8.1643992e-004
 8.0690073e-004
 7.9981622e-004
 7.9629302e-004
 7.9744059e-004
 8.0432330e-004
 8.1692432e-004
 8.3416456e-004
 8.5491856e-004
 8.7806646e-004
 9.0247142e-004
 9.2701323e-004
 9.5056626e-004
 9.7200496e-004
 9.9020766e-004
 1.0040741e-003
 1.0132755e-003
 1.0182206e-003
 1.0193493e-003
 1.0171012e-003
 1.0119170e-003
 1.0042364e-003
 9.9449721e-004
 9.8314404e-004
 9.7061449e-004
 9.5734850e-004
 9.4377942e-004
 9.3033136e-004
 9.1743784e-004
 9.0552267e-004
 8.9501287e-004
 8.8633364e-004
 8.7991630e-004
 8.7618554e-004
 8.7556842e-004
 8.7846478e-004
 8.8467135e-004
 8.9341158e-004
 9.0388587e-004
 9.1529754e-004
 9.2684117e-004
 9.3771965e-004
 9.4713364e-004
 9.5428328e-004
 9.5836964e-004
 9.5863186e-004
 9.5516921e-004
 9.4888831e-004
 9.4072573e-004
 9.3162397e-004
 9.2251983e-004
 9.1435167e-004
 9.0805703e-004
 9.0457743e-004
 9.0484950e-004
 9.0976973e-004
 9.1937283e-004
 9.3289232e-004
 9.4952114e-004
 9.6846139e-004
 9.8891219e-004
 1.0100780e-003
 1.0311481e-003
 1.0513265e-003
 1.0698127e-003
 1.0858204e-003
 1.0987693e-003
 1.1082925e-003
 1.1140257e-003
 1.1156058e-003
 1.1126668e-003
 1.1048462e-003
 1.0917806e-003
 1.0731056e-003
 1.0484506e-003
 1.0175245e-003
 9.8121387e-004
 9.4149937e-004
 9.0039114e-004
 8.5992960e-004
 8.2212547e-004
 7.8899891e-004
 7.6256483e-004
 7.4485660e-004
 7.3788734e-004
 7.4356253e-004
 7.6158188e-004
 7.8966568e-004
 8.2544150e-004
 8.6655654e-004
 9.1065210e-004
 9.5538015e-004
 9.9836034e-004
 1.0372450e-003
 1.0696753e-003
 1.0933930e-003
 1.1079252e-003
 1.1144209e-003
 1.1140782e-003
 1.1080955e-003
 1.0976677e-003
 1.0839981e-003
 1.0682832e-003
 1.0517209e-003
 1.0355057e-003
 1.0208198e-003
 1.0083958e-003
 9.9858525e-004
 9.9172501e-004
 9.8815665e-004
 9.8821637e-004
 9.9224236e-004
 1.0005732e-003
 1.0135504e-003
 1.0315063e-003
 1.0547349e-003
 1.0826807e-003
 1.1140597e-003
 1.1475404e-003
 1.1818139e-003
 1.2155637e-003
 1.2474810e-003
 1.2762340e-003
 1.3005147e-003
 1.3190060e-003
 1.3304694e-003
 1.3350333e-003
 1.3339987e-003
 1.3287088e-003
 1.3205049e-003
 1.3107257e-003
 1.3007171e-003
 1.2918187e-003
 1.2853714e-003
 1.2827162e-003
 1.2851182e-003
 1.2924832e-003
 1.3035677e-003
 1.3170945e-003
 1.3317778e-003
 1.3463394e-003
 1.3594995e-003
 1.3699782e-003
 1.3764962e-003
 1.3777699e-003
 1.3725959e-003
 1.3610369e-003
 1.3442158e-003
 1.3233006e-003
 1.2994483e-003
 1.2738184e-003
 1.2475651e-003
 1.2218610e-003
 1.1978598e-003
 1.1767216e-003
 1.1595659e-003
 1.1468262e-003
 1.1383797e-003
 1.1340764e-003
 1.1337696e-003
 1.1373148e-003
 1.1445639e-003
 1.1553705e-003
 1.1695886e-003
 1.1870762e-003
 1.2076497e-003
 1.2306576e-003
 1.2550522e-003
 1.2797740e-003
 1.3037702e-003
 1.3259690e-003
 1.3453178e-003
 1.3607569e-003
 1.3712293e-003
 1.3756704e-003
 1.3730997e-003
 1.3637530e-003
 1.3488469e-003
 1.3296386e-003
 1.3073746e-003
 1.2833041e-003
 1.2586711e-003
 1.2347369e-003
 1.2127453e-003
 1.1939455e-003
 1.1795501e-003
 1.1701800e-003
 1.1659920e-003
 1.1671216e-003
 1.1737077e-003
 1.1858925e-003
 1.2038092e-003
 1.2275982e-003
 1.2573987e-003
 1.2933586e-003
 1.3355388e-003
 1.3830828e-003
 1.4343824e-003
 1.4878091e-003
 1.5417476e-003
 1.5945432e-003
 1.6445804e-003
 1.6902309e-003
 1.7298751e-003
 1.7618651e-003
 1.7846704e-003
 1.7980873e-003
 1.8029545e-003
 1.8001356e-003
 1.7904993e-003
 1.7749113e-003
 1.7542383e-003
 1.7293395e-003
 1.7010934e-003
 1.6703604e-003
 1.6380072e-003
 1.6048964e-003
 1.5719183e-003
 1.5399393e-003
 1.5098337e-003
 1.4824696e-003
 1.4587345e-003
 1.4394957e-003
 1.4256275e-003
 1.4180030e-003
 1.4174244e-003
 1.4235644e-003
 1.4352449e-003
 1.4512661e-003
 1.4704334e-003
 1.4915376e-003
 1.5133831e-003
 1.5347704e-003
 1.5545039e-003
 1.5713748e-003
 1.5842489e-003
 1.5928661e-003
 1.5976282e-003
 1.5989495e-003
 1.5972491e-003
 1.5929433e-003
 1.5864494e-003
 1.5781821e-003
 1.5685622e-003
 1.5580051e-003
 1.5468956e-003
 1.5351604e-003
 1.5223969e-003
 1.5081858e-003
 1.4921109e-003
 1.4737512e-003
 1.4526987e-003
 1.4285331e-003
 1.4008381e-003
 1.3691974e-003
 1.3332537e-003
 1.2936270e-003
 1.2516107e-003
 1.2085217e-003
 1.1656673e-003
 1.1243854e-003
 1.0859831e-003
 1.0517773e-003
 1.0230794e-003
 1.0012201e-003
 9.8742137e-004
 9.8170573e-004
 9.8322262e-004
 9.9109940e-004
 1.0044641e-003
 1.0224453e-003
 1.0441713e-003
 1.0687767e-003
 1.0953783e-003
 1.1231098e-003
 1.1511423e-003
 1.1792206e-003
 1.2074765e-003
 1.2360708e-003
 1.2651576e-003
 1.2948979e-003
 1.3254316e-003
 1.3569199e-003
 1.3895165e-003
 1.4233757e-003
 1.4586080e-003
 1.4946111e-003
 1.5303217e-003
 1.5646573e-003
 1.5965436e-003
 1.6248827e-003
 1.6486008e-003
 1.6666156e-003
 1.6778471e-003
 1.6812077e-003
 1.6757399e-003
 1.6620588e-003
 1.6418803e-003
 1.6169365e-003
 1.5889787e-003
 1.5597398e-003
 1.5309585e-003
 1.5043676e-003
 1.4817186e-003
 1.4647436e-003
 1.4550650e-003
 1.4528193e-003
 1.4571175e-003
 1.4670485e-003
 1.4817016e-003
 1.5001667e-003
 1.5215391e-003
 1.5448979e-003
 1.5693381e-003
 1.5939492e-003
 1.6178614e-003
 1.6406303e-003
 1.6621291e-003
 1.6822314e-003
 1.7008156e-003
 1.7177459e-003
 1.7329009e-003
 1.7461540e-003
 1.7573815e-003
 1.7664515e-003
 1.7732613e-003
 1.7779568e-003
 1.7808551e-003
 1.7822756e-003
 1.7825374e-003
 1.7819607e-003
 1.7808655e-003
 1.7795706e-003
 1.7783967e-003
 1.7776629e-003
 1.7776663e-003
 1.7784255e-003
 1.7797734e-003
 1.7815403e-003
 1.7835558e-003
 1.7856498e-003
 1.7876530e-003
 1.7893937e-003
 1.7907030e-003
 1.7914104e-003
 1.7913608e-003
 1.7905766e-003
 1.7891983e-003
 1.7873670e-003
 1.7852247e-003
 1.7829136e-003
 1.7805755e-003
 1.7783520e-003
 1.7763850e-003
 1.7748161e-003
 1.7737763e-003
 1.7732584e-003
 1.7731674e-003
 1.7734065e-003
 1.7738787e-003
 1.7744874e-003
 1.7751355e-003
 1.7757267e-003
 1.7761637e-003
 1.7763498e-003
 1.7761996e-003
 1.7757542e-003
 1.7751381e-003
 1.7744759e-003
 1.7738931e-003
 1.7735144e-003
 1.7734651e-003
 1.7738702e-003
 1.7748547e-003
 1.7765438e-003
 1.7790411e-003
 1.7821947e-003
 1.7856945e-003
 1.7892267e-003
 1.7924788e-003
 1.7951358e-003
 1.7968849e-003
 1.7974128e-003
 1.7964060e-003
 1.7935503e-003
 1.7886118e-003
 1.7822316e-003
 1.7756002e-003
 1.7699152e-003
 1.7663785e-003
 1.7661870e-003
 1.7705404e-003
 1.7806395e-003
 1.7976796e-003
 1.8228607e-003
 1.8572188e-003
 1.8999984e-003
 1.9493487e-003
 2.0033657e-003
 2.0601803e-003
 2.1179128e-003
 2.1746967e-003
 2.2286242e-003
 2.2778297e-003
 2.3204323e-003
 2.3546810e-003
 2.3801038e-003
 2.3970525e-003
 2.4058810e-003
 2.4069427e-003
 2.4005906e-003
 2.3871795e-003
 2.3670637e-003
 2.3405966e-003
 2.3081242e-003
 2.2700627e-003
 2.2273096e-003
 2.1810741e-003
 2.1325564e-003
 2.0829933e-003
 2.0335864e-003
 1.9855478e-003
 1.9400803e-003
 1.8984183e-003
 1.8617635e-003
 1.8312316e-003
 1.8069217e-003
 1.7883230e-003
 1.7749299e-003
 1.7662218e-003
 1.7616841e-003
 1.7608021e-003
 1.7630612e-003
 1.7679459e-003
 1.7749413e-003
 1.7835074e-003
 1.7928157e-003
 1.8018793e-003
 1.8097056e-003
 1.8153036e-003
 1.8176811e-003
 1.8158455e-003
 1.8088055e-003
 1.7955698e-003
 1.7751406e-003
 1.7467021e-003
 1.7111094e-003
 1.6702006e-003
 1.6258152e-003
 1.5798248e-003
 1.5340699e-003
 1.4904004e-003
 1.4506580e-003
 1.4167122e-003
 1.3904034e-003
 1.3734023e-003
 1.3655893e-003
 1.3658176e-003
 1.3729270e-003
 1.3857565e-003
 1.4031463e-003
 1.4239418e-003
 1.4469726e-003
 1.4710834e-003
 1.4951143e-003
 1.5179986e-003
 1.5395194e-003
 1.5599673e-003
 1.5796321e-003
 1.5988046e-003
 1.6177796e-003
 1.6368385e-003
 1.6562762e-003
 1.6763830e-003
 1.6974547e-003
 1.7196551e-003
 1.7420419e-003
 1.7630403e-003
 1.7810711e-003
 1.7945432e-003
 1.8018794e-003
 1.8014971e-003
 1.7918141e-003
 1.7712417e-003
 1.7382072e-003
 1.6913954e-003
 1.6320689e-003
 1.5628967e-003
 1.4866139e-003
 1.4059064e-003
 1.3234757e-003
 1.2420046e-003
 1.1642333e-003
 1.0928444e-003
 1.0305388e-003
 9.8001841e-004
 9.4369717e-004
 9.2139305e-004
 9.1146643e-004
 9.1227418e-004
 9.2217571e-004
 9.3952270e-004
 9.6267310e-004
 9.8998332e-004
 1.0198171e-003
 1.0505166e-003
 1.0804450e-003
 1.1079592e-003
 1.1314204e-003
 1.1491736e-003
 1.1597319e-003
 1.1629778e-003
 1.1595307e-003
 1.1500143e-003
 1.1350602e-003
 1.1152935e-003
 1.0913407e-003
 1.0638216e-003
 1.0333763e-003
 1.0006252e-003
 9.6619519e-004
 9.3070418e-004
 8.9479599e-004
 8.5908902e-004
 8.2420994e-004
 7.9078547e-004
 7.5943506e-004
 7.3080050e-004
 7.0544577e-004
 6.8345299e-004
 6.6464348e-004
 6.4884982e-004
 6.3589023e-004
 6.2558823e-004
 6.1776547e-004
 6.1224913e-004
 6.0886017e-004
 6.0742226e-004
 6.0775847e-004
 6.0969288e-004
 6.1304792e-004
 6.1764719e-004
 6.2331406e-004
 6.2987342e-004
 6.3714554e-004
 6.4495532e-004
 6.5312599e-004
 6.6148292e-004
 6.6984538e-004
 6.7803881e-004
 6.8590051e-004
 6.9338887e-004
 7.0051843e-004
 7.0730923e-004
 7.1377971e-004
 7.1994826e-004
 7.2583457e-004
 7.3145411e-004
 7.3682680e-004
 7.4197107e-004
 7.4690627e-004
 7.5164851e-004
 7.5621728e-004
 7.6063094e-004
 7.6490897e-004
 7.6906767e-004
 7.7312638e-004
 7.7710347e-004
 7.8101736e-004
 7.8488712e-004
 7.8872952e-004
 7.9256389e-004
 7.9640833e-004
 8.0028229e-004
 8.0420234e-004
 8.0818759e-004
 8.1225520e-004
 8.1641250e-004
 8.2065852e-004
 8.2499522e-004
 8.2942354e-004
 8.3394453e-004
 8.3856011e-004
 8.4326923e-004
 8.4807380e-004
 8.5297483e-004
 8.5797464e-004
 8.6307165e-004
 8.6826808e-004
 8.7356474e-004
 8.7896426e-004
 8.8446477e-004
 8.9006865e-004
 8.9577667e-004
 9.0159132e-004
 9.0751104e-004
 9.1353781e-004
 9.1967272e-004
 9.2591671e-004
 9.3227252e-004
 9.3873776e-004
 9.4531511e-004
 9.5200544e-004
 9.5881149e-004
 9.6573081e-004
 9.7276614e-004
 9.7991771e-004
 9.8718249e-004
 9.9454948e-004
 1.0020133e-003
 1.0095667e-003
 1.0172023e-003
 1.0249144e-003
 1.0326923e-003
 1.0405303e-003
 1.0484210e-003
 1.0563594e-003
 1.0643339e-003
 1.0723396e-003
 1.0803685e-003
 1.0884159e-003
 1.0964702e-003
 1.1045261e-003
 1.1125762e-003
 1.1206133e-003
 1.1286320e-003
 1.1366211e-003
 1.1445752e-003
 1.1524870e-003
 1.1603510e-003
 1.1681560e-003
 1.1758970e-003
 1.1835663e-003
 1.1911585e-003
 1.1986626e-003
 1.2060731e-003
 1.2133827e-003
 1.2205841e-003
 1.2276729e-003
 1.2346490e-003
 1.2415213e-003
 1.2482979e-003
 1.2549873e-003
 1.2615940e-003
 1.2681274e-003
 1.2745946e-003
 1.2810047e-003
 1.2873623e-003
 1.2936764e-003
 1.2999546e-003
 1.3062056e-003
 1.3124341e-003
 1.3186492e-003
 1.3248583e-003
 1.3310689e-003
 1.3372900e-003
 1.3435262e-003
 1.3497863e-003
 1.3560781e-003
 1.3624104e-003
 1.3687876e-003
 1.3752190e-003
 1.3817119e-003
 1.3882755e-003
 1.3949141e-003
 1.4016367e-003
 1.4084511e-003
 1.4153643e-003
 1.4223860e-003
 1.4295201e-003
 1.4367739e-003
 1.4441402e-003
 1.4516074e-003
 1.4591592e-003
 1.4667838e-003
 1.4744683e-003
 1.4822013e-003
 1.4899659e-003
 1.4977510e-003
 1.5055432e-003
 1.5133297e-003
 1.5210989e-003
 1.5288341e-003
 1.5365239e-003
 1.5441552e-003
 1.5517167e-003
 1.5591915e-003
 1.5665685e-003
 1.5738343e-003
 1.5809777e-003
 1.5879819e-003
 1.5948357e-003
 1.6015258e-003
 1.6080405e-003
 1.6143639e-003
 1.6204841e-003
 1.6263879e-003
 1.6320624e-003
 1.6374956e-003
 1.6426719e-003
 1.6475794e-003
 1.6522049e-003
 1.6565376e-003
 1.6605734e-003
 1.6643148e-003
 1.6677639e-003
 1.6709231e-003
 1.6737927e-003
 1.6763755e-003
 1.6786729e-003
 1.6806868e-003
 1.6824194e-003
 1.6838720e-003
 1.6850462e-003
 1.6859445e-003
 1.6865681e-003
 1.6869189e-003
 1.6869989e-003
 1.6868096e-003
 1.6863531e-003
 1.6856310e-003
 1.6846450e-003
 1.6833973e-003
 1.6818894e-003
 1.6801227e-003
 1.6780997e-003
 1.6758221e-003
 1.6732913e-003
 1.6705085e-003
 1.6674773e-003
 1.6641984e-003
 1.6606734e-003
 1.6569037e-003
 1.6528924e-003
 1.6486454e-003
 1.6441996e-003
 1.6396032e-003
 1.6349077e-003
 1.6301614e-003
 1.6254133e-003
 1.6207132e-003
 1.6161088e-003
 1.6116520e-003
 1.6073911e-003
 1.6033752e-003
 1.5996526e-003
 1.5962747e-003
 1.5932895e-003
 1.5907469e-003
 1.5886953e-003
 1.5871852e-003
 1.5862653e-003
 1.5859850e-003
 1.5863935e-003
 1.5875405e-003
 1.5894749e-003
 1.5922461e-003
 1.5959034e-003
 1.6004973e-003
 1.6060751e-003
 1.6126866e-003
 1.6203818e-003
 1.6292118e-003
 1.6392220e-003
 1.6504634e-003
 1.6629855e-003
 1.6768144e-003
 1.6918354e-003
 1.7078666e-003
 1.7247369e-003
 1.7422719e-003
 1.7603018e-003
 1.7786428e-003
 1.7971250e-003
 1.8155738e-003
 1.8338189e-003
 1.8516772e-003
 1.8689784e-003
 1.8855480e-003
 1.9012152e-003
 1.9157981e-003
 1.9291255e-003
 1.9410234e-003
 1.9513170e-003
 1.9598338e-003
 1.9663947e-003
 1.9708280e-003
 1.9729589e-003
 1.9726125e-003
 1.9696145e-003
 1.9637905e-003
 1.9549660e-003
 1.9429631e-003
 1.9276132e-003
 1.9087390e-003
 1.8861664e-003
 1.8597204e-003
 1.8292191e-003
 1.7945493e-003
 1.7558583e-003
 1.7134037e-003
 1.6674323e-003
 1.6182236e-003
 1.5660254e-003
 1.5110954e-003
 1.4536775e-003
 1.3940573e-003
 1.3324791e-003
 1.2692006e-003
 1.2044802e-003
 1.1385598e-003
 1.0717288e-003
 1.0042294e-003
 9.3631964e-004
 8.6824124e-004
 8.0028462e-004
 7.3269143e-004
 6.6571962e-004
 5.9961138e-004
 5.3465640e-004
 4.7109660e-004
 4.0918990e-004
 3.4919431e-004
 2.9135408e-004
 2.3595488e-004
 1.8324057e-004
 1.3346905e-004
 8.6887609e-005
 4.3776228e-005
 4.3815062e-006
-3.1086402e-005
-6.2696679e-005
-9.0592912e-005
-1.1494185e-004
-1.3590221e-004
-1.5363669e-004
-1.6829556e-004
-1.8004217e-004
-1.8903527e-004
-1.9543362e-004
-1.9939664e-004
-2.0108128e-004
-2.0064741e-004
-1.9825388e-004
-1.9405817e-004
-1.8822111e-004
-1.8090058e-004
-1.7225546e-004
-1.6244197e-004
-1.5162352e-004
-1.3995676e-004
-1.2760037e-004
-1.1471310e-004
-1.0145054e-004
-8.7977765e-005
-7.4450443e-005
-6.1027287e-005
-4.7863985e-005
-3.5125584e-005
-2.2967650e-005
-1.1548949e-005
-1.0258332e-006
 8.4621142e-006
 1.6915123e-005
 2.4375740e-005
 3.0886476e-005
 3.6491096e-005
 4.1229494e-005
 4.5145633e-005
 4.8282036e-005
 5.0681763e-005
 5.2386196e-005
 5.3438544e-005
 5.3881333e-005
 5.3756998e-005
 5.3108164e-005
 5.1977404e-005
 5.0407241e-005
 4.8439713e-005
 4.6118294e-005
 4.3485110e-005
 4.0582690e-005
 3.7453570e-005
 3.4139488e-005
 3.0684565e-005
 2.7130567e-005
 2.3520035e-005
 1.9894642e-005
 1.6298673e-005
 1.2773784e-005
 9.3625213e-006
 6.1066726e-006
 3.0503313e-006
 2.3523859e-007
-2.3028817e-006
-4.5638612e-006
-6.5595373e-006
-8.3003597e-006
-9.7982329e-006
-1.1064555e-005
-1.2110947e-005
-1.2948310e-005
-1.3588317e-005
-1.4042368e-005
-1.4321903e-005
-1.4438195e-005
-1.4402725e-005
-1.4226892e-005
-1.3922093e-005
-1.3499612e-005
-1.2971051e-005
-1.2347722e-005
-1.1641018e-005
-1.0862151e-005
-1.0022885e-005
-9.1344473e-006
-8.2082324e-006
-7.2554049e-006
-6.2878244e-006
-5.3166627e-006
-4.3533187e-006
-3.4089660e-006
-2.4954572e-006
-1.6239611e-006
-8.0587552e-007
-5.2599223e-008
 6.2653942e-007
 1.2312902e-006
 1.7648813e-006
 2.2303641e-006
 2.6308805e-006
 2.9692947e-006
 3.2487640e-006
 3.4723428e-006
 3.6431190e-006
 3.7640659e-006
 3.8382855e-006
 3.8688308e-006
 3.8587564e-006
 3.8111004e-006
 3.7289403e-006
 3.6153231e-006
 3.4733030e-006
 3.3058911e-006
 3.1162217e-006
 2.9073128e-006
 2.6822179e-006
 2.4439321e-006
 2.1956255e-006
 1.9402949e-006
 1.6809953e-006
 1.4207808e-006
 1.1626440e-006
 9.0976283e-007
 6.6512979e-007
 4.3179844e-007
 2.1277260e-007
 1.1211719e-008
-1.7042304e-007
-3.3218427e-007
-4.7492222e-007
-5.9938696e-007
-7.0643335e-007
-7.9687896e-007
-8.7154291e-007
-9.3125527e-007
-9.7680629e-007
-1.0090303e-006
-1.0287453e-006
-1.0367703e-006
-1.0339197e-006
-1.0210152e-006
-9.9887507e-007
-9.6830922e-007
-9.3015063e-007
-8.8521119e-007
-8.3430928e-007
-7.7824910e-007
-7.1787593e-007
-6.5399513e-007
-5.8742495e-007
-5.1898354e-007
-4.4947285e-007
-3.7974408e-007
-3.1059918e-007
-2.4285632e-007
-1.7731848e-007
-1.1483533e-007
-5.6209117e-008
-2.2582520e-009
 4.6361119e-008
 8.9648076e-008
 1.2783376e-007
 1.6113721e-007
 1.8977731e-007
 2.1397834e-007
 2.3394783e-007
 2.4991087e-007
 2.6208656e-007
 2.7069549e-007
 2.7595243e-007
 2.7807903e-007
 2.7729411e-007
 2.7381554e-007
 2.6786401e-007
 2.5965792e-007
 2.4941627e-007
 2.3735805e-007
 2.2369873e-007
 2.0866389e-007
 1.9246939e-007
 1.7533421e-007
 1.5747301e-007
 1.3911324e-007
 1.2046976e-007
 1.0176149e-007
 8.3203041e-008
 6.5022242e-008
 4.7433630e-008
 3.0656143e-008
 1.4905146e-008
 4.0718384e-010
-1.2664821e-008
-2.4318203e-008
-3.4610544e-008
-4.3601492e-008
-5.1344415e-008
-5.7899182e-008
-6.3323448e-008
-6.7675742e-008
-7.1011627e-008
-7.3389877e-008
-7.4868140e-008
-7.5504069e-008
-7.5355011e-008
-7.4478841e-008
-7.2933176e-008
-7.0775663e-008
-6.8063166e-008
-6.4854667e-008
-6.1207167e-008
-5.7178312e-008
-5.2824650e-008
-4.8205887e-008
-4.3378645e-008
-3.8400568e-008
-3.3328032e-008
-2.8221109e-008
-2.3136211e-008
-1.8130979e-008
-1.3263018e-008
-8.5888718e-009
-4.1684141e-009
-5.8119471e-011
 3.6954149e-009
 7.0924284e-009
 1.0142837e-008
 1.2859009e-008
 1.5252475e-008
 1.7335216e-008
 1.9117769e-008
 2.0612189e-008
 2.1830003e-008
 2.2782929e-008
 2.3482047e-008
 2.3939132e-008
 2.4165713e-008
 2.4173309e-008
 2.3973380e-008
 2.3577542e-008
 2.2997304e-008
 2.2244182e-008
 2.1329470e-008
 2.0265128e-008
 1.9062485e-008
 1.7733063e-008
 1.6288029e-008
 1.4739595e-008
 1.3098965e-008
 1.1377653e-008
 9.5871906e-009
 7.7386515e-009
 5.8444454e-009
 3.9156638e-009
 1.9638298e-009
 0.0000000e+000
