splib07b Record=31735:  error bars to preceding                
 1.1013911e-022
 1.1013911e-022
 2.6637695e-022
 4.1982771e-022
 5.6885848e-022
 7.1181618e-022
 8.4706829e-022
 9.7298069e-022
 1.0879023e-021
 1.1902040e-021
 1.2782369e-021
 1.3503666e-021
 1.4049555e-021
 1.4403590e-021
 1.4549404e-021
 1.4470597e-021
 1.4150777e-021
 1.3573552e-021
 1.2722482e-021
 1.1581248e-021
 1.0133422e-021
 8.3625229e-022
 6.2523136e-022
 3.7863294e-022
 9.4803025e-023
-2.2732530e-022
-5.8308418e-022
-9.6434063e-022
-1.3628626e-021
-1.7704874e-021
-2.1789809e-021
-2.5801637e-021
-2.9658547e-021
-3.3278219e-021
-3.6578844e-021
-3.9478580e-021
-4.1895167e-021
-4.3746804e-021
-4.4951515e-021
-4.5427241e-021
-4.5092067e-021
-4.3863926e-021
-4.1660972e-021
-3.8401016e-021
-3.4002362e-021
-2.8382932e-021
-2.1460385e-021
-1.3153371e-021
-3.3796434e-022
 7.9220936e-022
 2.0581889e-021
 3.4290752e-021
 4.8737789e-021
 6.3610221e-021
 7.8597159e-021
 9.3387754e-021
 1.0766916e-020
 1.2113054e-020
 1.3346091e-020
 1.4434762e-020
 1.5347979e-020
 1.6054616e-020
 1.6523458e-020
 1.6723387e-020
 1.6623245e-020
 1.6191888e-020
 1.5398167e-020
 1.4210872e-020
 1.2598954e-020
 1.0531112e-020
 7.9763887e-021
 4.9035408e-021
 1.2812434e-021
-2.9123557e-021
-7.6002639e-021
-1.2643652e-020
-1.7902063e-020
-2.3235725e-020
-2.8504880e-020
-3.3569044e-020
-3.8288678e-020
-4.2523352e-020
-4.6133284e-020
-4.8978605e-020
-5.0919045e-020
-5.1814771e-020
-5.1525736e-020
-4.9911962e-020
-4.6833490e-020
-4.2150048e-020
-3.5722092e-020
-2.7409421e-020
-1.7071547e-020
-4.5693857e-021
 1.0196762e-020
 2.6866096e-020
 4.4783755e-020
 6.3292526e-020
 8.1735274e-020
 9.9452397e-020
 1.1578678e-019
 1.3008107e-019
 1.4167604e-019
 1.4991445e-019
 1.5413840e-019
 1.5368963e-019
 1.4791043e-019
 1.3614219e-019
 1.1772803e-019
 9.2008301e-020
 5.8327316e-020
 1.6024093e-020
-3.5397802e-020
-9.4620292e-020
-1.5915897e-019
-2.2650162e-019
-2.9414447e-019
-3.5958389e-019
-4.2030750e-019
-4.7381169e-019
-5.1759183e-019
-5.4913750e-019
-5.6594421e-019
-5.6550513e-019
-5.4531365e-019
-5.0286383e-019
-4.3564547e-019
-3.4115821e-019
-2.1689296e-019
-6.0335388e-020
 1.3037010e-019
 3.4961771e-019
 5.8694115e-019
 8.3175921e-019
 1.0735221e-018
 1.3016799e-018
 1.5056602e-018
 1.6748886e-018
 1.7988347e-018
 1.8669200e-018
 1.8685874e-018
 1.7932757e-018
 1.6304210e-018
 1.3694893e-018
 9.9987473e-019
 5.1103332e-019
-1.0749642e-019
-8.5196232e-019
-1.6824183e-018
-2.5533395e-018
-3.4194397e-018
-4.2351945e-018
-4.9550981e-018
-5.5338379e-018
-5.9258954e-018
-6.0858221e-018
-5.9682053e-018
-5.5275716e-018
-4.7184744e-018
-3.4955950e-018
-1.8132744e-018
 3.7349446e-019
 3.0551767e-018
 6.0816734e-018
 9.2812072e-018
 1.2481711e-017
 1.5511997e-017
 1.8199777e-017
 2.0373756e-017
 2.1861902e-017
 2.2492437e-017
 2.2093658e-017
 2.0493737e-017
 1.7520880e-017
 1.3003780e-017
 6.7698641e-018
-1.3518527e-018
-1.1326969e-017
-2.2598675e-017
-3.4524487e-017
-4.6461676e-017
-5.7770764e-017
-6.7808978e-017
-7.5934042e-017
-8.1505778e-017
-8.3881699e-017
-8.2420442e-017
-7.6480120e-017
-6.5419008e-017
-4.8595442e-017
-2.5370146e-017
 4.9009256e-018
 4.2002514e-017
 8.3525654e-017
 1.2669804e-016
 1.6875042e-016
 2.0691040e-016
 2.3841587e-016
 2.6049236e-016
 2.7037485e-016
 2.6529170e-016
 2.4247364e-016
 1.9915639e-016
 1.3256296e-016
 3.9936836e-017
-8.0839977e-017
-2.2338255e-016
-3.7548274e-016
-5.2480510e-016
-6.5905410e-016
-7.6588555e-016
-8.3299671e-016
-8.4805367e-016
-7.9873381e-016
-6.7272924e-016
-4.5769547e-016
-1.4131761e-016
 2.8611211e-016
 8.0135558e-016
 1.3581232e-015
 1.9096493e-015
 2.4093185e-015
 2.8103624e-015
 3.0660484e-015
 3.1297071e-015
 2.9545913e-015
 2.4939820e-015
 1.7012501e-015
 5.2953837e-016
-1.0581652e-015
-2.9758393e-015
-5.0505919e-015
-7.1078787e-015
-8.9729969e-015
-1.0471747e-014
-1.1429350e-014
-1.1671436e-014
-1.1023354e-014
-9.3105480e-015
-6.3588055e-015
-1.9930607e-015
 3.9255695e-015
 1.1078147e-014
 1.8819569e-014
 2.6498374e-014
 3.3462514e-014
 3.9061809e-014
 4.2643918e-014
 4.3558066e-014
 4.1152340e-014
 3.4775300e-014
 2.3776669e-014
 7.5030627e-015
-1.4568177e-014
-4.1247818e-014
-7.0135643e-014
-9.8798119e-014
-1.2480179e-013
-1.4572012e-013
-1.5911931e-013
-1.6256824e-013
-1.5363637e-013
-1.2989157e-013
-8.8902498e-014
-2.8244210e-014
 5.4055085e-014
 1.5358136e-013
 2.6137949e-013
 3.6836758e-013
 4.6547152e-013
 5.4361176e-013
 5.9372900e-013
 6.0674214e-013
 5.7358025e-013
 4.8516687e-013
 3.3242769e-013
 1.0631291e-013
-2.0056488e-013
-5.7183918e-013
-9.7409917e-013
-1.3734500e-012
-1.7360266e-012
-2.0279431e-012
-2.2153895e-012
-2.2644742e-012
-2.1413446e-012
-1.8121243e-012
-1.2429494e-012
-4.0004477e-013
 7.4426316e-013
 2.1294149e-012
 3.6303653e-012
 5.1210117e-012
 6.4748402e-012
 7.5653850e-012
 8.2664682e-012
 8.4515962e-012
 7.9944575e-012
 6.7686013e-012
 4.6476508e-012
 1.5052269e-012
-2.7613417e-012
-7.9285320e-012
-1.3529493e-011
-1.9093596e-011
-2.4148685e-011
-2.8223096e-011
-3.0845007e-011
-3.1543251e-011
-2.9846129e-011
-2.5281707e-011
-1.7378359e-011
-5.6644277e-012
 1.0244702e-011
 2.9520400e-011
 5.0420904e-011
 7.1189797e-011
 9.0064928e-011
 1.0528603e-010
 1.1509218e-010
 1.1772498e-010
 1.1142404e-010
 9.4427965e-011
 6.4976705e-011
 2.1309862e-011
-3.8012992e-011
-1.0991980e-010
-1.8791939e-010
-2.6543562e-010
-3.3591338e-010
-3.9277603e-010
-4.2945214e-010
-4.3937909e-010
-4.1598314e-010
-3.5270264e-010
-2.4295713e-010
-8.0180827e-011
 1.4104368e-010
 4.0926271e-010
 7.0032574e-010
 9.8966801e-010
 1.2528254e-009
 1.4652543e-009
 1.6024367e-009
 1.6398571e-009
 1.5530063e-009
 1.3173868e-009
 9.0844177e-010
 3.0166644e-010
-5.2322968e-010
-1.5237913e-009
-2.6099194e-009
-3.6899357e-009
-4.6725401e-009
-5.4661338e-009
-5.9792149e-009
-6.1202896e-009
-5.7978884e-009
-4.9205879e-009
-3.3967344e-009
-1.1348839e-009
 1.9409623e-009
 5.6734426e-009
 9.7264214e-009
 1.3758101e-008
 1.7426697e-008
 2.0391402e-008
 2.2310383e-008
 2.2842178e-008
 2.1645414e-008
 1.8378506e-008
 1.2700588e-008
 4.2691757e-009
-7.1999078e-009
-2.1124796e-008
-3.6247467e-008
-5.1296279e-008
-6.4994303e-008
-7.6069654e-008
-8.3246562e-008
-8.5250583e-008
-8.0807972e-008
-6.8643565e-008
-4.7485376e-008
-1.6055182e-008
 2.6711094e-008
 7.8656697e-008
 1.3508834e-007
 1.9126020e-007
 2.4240686e-007
 2.8378153e-007
 3.1062299e-007
 3.1817513e-007
 3.0168141e-007
 2.5639125e-007
 1.7754911e-007
 6.0387869e-008
-9.9077482e-008
-2.9285408e-007
-5.0345176e-007
-7.1310160e-007
-9.0407588e-007
-1.0586399e-006
-1.1590247e-006
-1.1874794e-006
-1.1262533e-006
-9.5761538e-007
-6.6381926e-007
-2.2707191e-007
 3.6754571e-007
 1.0904110e-006
 1.8762750e-006
 2.6588230e-006
 3.3719518e-006
 3.9493016e-006
 4.3247342e-006
 4.4319436e-006
 4.2046836e-006
 3.5767835e-006
 2.4818899e-006
 8.5396465e-007
-1.3632172e-006
-4.0597720e-006
-6.9922789e-006
-9.9132476e-006
-1.2575983e-005
-1.4732824e-005
-1.6136935e-005
-1.6540864e-005
-1.5697378e-005
-1.3359237e-005
-9.2796572e-006
-3.2113358e-006
 5.0754152e-006
 1.5510062e-005
 2.7779253e-005
 4.1562525e-005
 5.6538043e-005
 7.2386625e-005
 8.8789377e-005
 1.0542448e-004
 1.2197146e-004
 1.3810990e-004
 1.5351801e-004
 1.6787686e-004
 1.8088036e-004
 1.9243702e-004
 2.0263504e-004
 2.1156791e-004
 2.1932849e-004
 2.2601162e-004
 2.3170959e-004
 2.3651692e-004
 2.4052651e-004
 2.4383185e-004
 2.4652621e-004
 2.4870358e-004
 2.5045479e-004
 2.5183332e-004
 2.5286083e-004
 2.5355816e-004
 2.5394608e-004
 2.5404556e-004
 2.5387740e-004
 2.5346235e-004
 2.5282134e-004
 2.5197514e-004
 2.5094463e-004
 2.4973706e-004
 2.4831513e-004
 2.4663244e-004
 2.4464287e-004
 2.4230016e-004
 2.3955801e-004
 2.3637053e-004
 2.3269121e-004
 2.2847344e-004
 2.2372903e-004
 2.1865910e-004
 2.1350340e-004
 2.0850229e-004
 2.0389502e-004
 1.9992102e-004
 1.9682061e-004
 1.9483361e-004
 1.9419982e-004
 1.9504481e-004
 1.9711746e-004
 2.0008851e-004
 2.0362948e-004
 2.0741114e-004
 2.1110452e-004
 2.1438030e-004
 2.1691014e-004
 2.1836463e-004
 2.1853286e-004
 2.1759553e-004
 2.1581500e-004
 2.1345387e-004
 2.1077400e-004
 2.0803825e-004
 2.0550843e-004
 2.0344715e-004
 2.0211677e-004
 2.0168736e-004
 2.0201955e-004
 2.0290932e-004
 2.0415275e-004
 2.0554577e-004
 2.0688432e-004
 2.0796433e-004
 2.0858177e-004
 2.0853273e-004
 2.0769726e-004
 2.0623973e-004
 2.0438453e-004
 2.0235602e-004
 2.0037880e-004
 1.9867698e-004
 1.9747486e-004
 1.9699695e-004
 1.9746761e-004
 1.9899945e-004
 2.0132406e-004
 2.0409292e-004
 2.0695661e-004
 2.0956664e-004
 2.1157376e-004
 2.1262901e-004
 2.1241000e-004
 2.1107891e-004
 2.0922102e-004
 2.0743549e-004
 2.0632180e-004
 2.0647948e-004
 2.0846323e-004
 2.1201378e-004
 2.1615640e-004
 2.1989353e-004
 2.2222631e-004
 2.2215638e-004
 2.1875645e-004
 2.1241713e-004
 2.0468773e-004
 1.9715686e-004
 1.9141463e-004
 1.8905070e-004
 1.9155958e-004
 1.9866572e-004
 2.0852956e-004
 2.1925852e-004
 2.2895780e-004
 2.3573339e-004
 2.3777649e-004
 2.3487835e-004
 2.2825123e-004
 2.1915557e-004
 2.0885339e-004
 1.9860633e-004
 1.8965750e-004
 1.8290091e-004
 1.7891687e-004
 1.7827656e-004
 1.8155038e-004
 1.8930915e-004
 2.0206865e-004
 2.1930040e-004
 2.3954605e-004
 2.6130766e-004
 2.8309459e-004
 3.0341028e-004
 3.2078772e-004
 3.3428881e-004
 3.4345587e-004
 3.4784444e-004
 3.4701236e-004
 3.4051607e-004
 3.2797331e-004
 3.1017626e-004
 2.8898113e-004
 2.6627877e-004
 2.4395928e-004
 2.2391726e-004
 2.0798412e-004
 1.9680070e-004
 1.8992649e-004
 1.8688013e-004
 1.8718177e-004
 1.9035151e-004
 1.9589250e-004
 2.0298087e-004
 2.1049382e-004
 2.1729924e-004
 2.2226467e-004
 2.2425642e-004
 2.2220738e-004
 2.1635271e-004
 2.0812180e-004
 1.9898580e-004
 1.9041875e-004
 1.8389174e-004
 1.8080403e-004
 1.8107580e-004
 1.8326627e-004
 1.8588474e-004
 1.8743977e-004
 1.8644051e-004
 1.8149585e-004
 1.7322660e-004
 1.6411438e-004
 1.5670824e-004
 1.5355975e-004
 1.5721899e-004
 1.7006931e-004
 1.9110143e-004
 2.1615553e-004
 2.4095042e-004
 2.6121020e-004
 2.7265729e-004
 2.7122715e-004
 2.5726622e-004
 2.3523287e-004
 2.0974482e-004
 1.8541473e-004
 1.6678330e-004
 1.5596410e-004
 1.5211111e-004
 1.5419976e-004
 1.6120459e-004
 1.7210125e-004
 1.8586674e-004
 2.0147563e-004
 2.1790338e-004
 2.3413342e-004
 2.4942437e-004
 2.6337701e-004
 2.7560766e-004
 2.8573725e-004
 2.9338329e-004
 2.9816446e-004
 2.9969955e-004
 2.9760750e-004
 2.9152370e-004
 2.8164432e-004
 2.6885976e-004
 2.5410266e-004
 2.3830721e-004
 2.2240318e-004
 2.0732591e-004
 1.9400541e-004
 1.8337568e-004
 1.7634929e-004
 1.7312900e-004
 1.7303730e-004
 1.7534175e-004
 1.7931075e-004
 1.8421201e-004
 1.8931333e-004
 1.9388252e-004
 1.9718717e-004
 1.9850995e-004
 1.9764104e-004
 1.9500506e-004
 1.9106681e-004
 1.8629113e-004
 1.8114330e-004
 1.7608762e-004
 1.7158840e-004
 1.6811093e-004
 1.6611039e-004
 1.6569450e-004
 1.6653400e-004
 1.6827212e-004
 1.7055176e-004
 1.7301644e-004
 1.7530909e-004
 1.7707281e-004
 1.7795067e-004
 1.7759655e-004
 1.7605367e-004
 1.7385746e-004
 1.7157549e-004
 1.6977520e-004
 1.6902399e-004
 1.6988914e-004
 1.7293783e-004
 1.7873797e-004
 1.8783890e-004
 2.0012254e-004
 2.1462057e-004
 2.3030810e-004
 2.4616320e-004
 2.6116398e-004
 2.7428550e-004
 2.8450441e-004
 2.9079718e-004
 2.9216215e-004
 2.8841457e-004
 2.8041445e-004
 2.6909157e-004
 2.5537563e-004
 2.4019628e-004
 2.2448461e-004
 2.0916741e-004
 1.9517689e-004
 1.8342758e-004
 1.7435488e-004
 1.6776944e-004
 1.6344096e-004
 1.6113807e-004
 1.6063063e-004
 1.6168796e-004
 1.6407960e-004
 1.6757495e-004
 1.7194301e-004
 1.7695798e-004
 1.8239720e-004
 1.8804027e-004
 1.9366526e-004
 1.9905079e-004
 2.0397500e-004
 2.0821739e-004
 2.1155583e-004
 2.1377797e-004
 2.1500584e-004
 2.1580023e-004
 2.1675152e-004
 2.1844992e-004
 2.2148577e-004
 2.2644985e-004
 2.3393234e-004
 2.4452366e-004
 2.5878887e-004
 2.7627739e-004
 2.9520690e-004
 3.1370480e-004
 3.2989462e-004
 3.4190173e-004
 3.4785128e-004
 3.4586916e-004
 3.3472126e-004
 3.1671798e-004
 2.9538196e-004
 2.7424193e-004
 2.5682509e-004
 2.4665933e-004
 2.4647056e-004
 2.5454647e-004
 2.6764252e-004
 2.8251047e-004
 2.9590266e-004
 3.0457092e-004
 3.0598775e-004
 3.0163667e-004
 2.9439578e-004
 2.8714232e-004
 2.8275573e-004
 2.8411436e-004
 2.9334842e-004
 3.0838512e-004
 3.2568377e-004
 3.4170714e-004
 3.5291322e-004
 3.5576156e-004
 3.4750724e-004
 3.2989029e-004
 3.0622617e-004
 2.7982536e-004
 2.5400467e-004
 2.3208068e-004
 2.1684638e-004
 2.0816423e-004
 2.0486023e-004
 2.0575871e-004
 2.0968499e-004
 2.1546335e-004
 2.2197831e-004
 2.2844723e-004
 2.3420568e-004
 2.3859109e-004
 2.4093903e-004
 2.4058600e-004
 2.3707874e-004
 2.3117113e-004
 2.2404706e-004
 2.1688893e-004
 2.1088115e-004
 2.0720746e-004
 2.0689241e-004
 2.1004445e-004
 2.1644484e-004
 2.2587333e-004
 2.3811225e-004
 2.5294157e-004
 2.6997449e-004
 2.8786893e-004
 3.0493320e-004
 3.1947557e-004
 3.2980810e-004
 3.3423872e-004
 3.3147563e-004
 3.2254297e-004
 3.0930131e-004
 2.9361411e-004
 2.7734018e-004
 2.6234286e-004
 2.5025583e-004
 2.4137070e-004
 2.3549671e-004
 2.3244145e-004
 2.3201173e-004
 2.3401542e-004
 2.3817175e-004
 2.4368599e-004
 2.4957446e-004
 2.5485308e-004
 2.5853925e-004
 2.5964880e-004
 2.5745356e-004
 2.5273269e-004
 2.4681803e-004
 2.4104268e-004
 2.3673820e-004
 2.3523779e-004
 2.3756902e-004
 2.4294644e-004
 2.4991916e-004
 2.5703406e-004
 2.6283774e-004
 2.6587845e-004
 2.6498770e-004
 2.6070009e-004
 2.5417822e-004
 2.4658680e-004
 2.3909098e-004
 2.3285382e-004
 2.2885572e-004
 2.2696705e-004
 2.2664566e-004
 2.2734917e-004
 2.2853487e-004
 2.2966049e-004
 2.3025228e-004
 2.3025311e-004
 2.2976131e-004
 2.2887548e-004
 2.2769436e-004
 2.2631633e-004
 2.2484377e-004
 2.2340132e-004
 2.2212158e-004
 2.2113754e-004
 2.2058215e-004
 2.2058816e-004
 2.2127933e-004
 2.2272306e-004
 2.2496599e-004
 2.2805437e-004
 2.3203419e-004
 2.3695247e-004
 2.4277122e-004
 2.4893691e-004
 2.5470025e-004
 2.5931321e-004
 2.6202598e-004
 2.6208957e-004
 2.5893783e-004
 2.5313228e-004
 2.4566473e-004
 2.3752553e-004
 2.2970715e-004
 2.2320198e-004
 2.1890212e-004
 2.1709131e-004
 2.1781893e-004
 2.2113432e-004
 2.2708667e-004
 2.3572422e-004
 2.4687051e-004
 2.5893209e-004
 2.6977135e-004
 2.7725258e-004
 2.7923688e-004
 2.7358730e-004
 2.5873547e-004
 2.3668508e-004
 2.1081918e-004
 1.8452833e-004
 1.6118486e-004
 1.4419068e-004
 1.3630388e-004
 1.3641577e-004
 1.4190632e-004
 1.5015736e-004
 1.5854157e-004
 1.6444224e-004
 1.6566993e-004
 1.6280130e-004
 1.5748710e-004
 1.5138225e-004
 1.4613743e-004
 1.4340985e-004
 1.4452594e-004
 1.4874677e-004
 1.5452217e-004
 1.6030007e-004
 1.6452787e-004
 1.6565507e-004
 1.6246918e-004
 1.5593237e-004
 1.4786409e-004
 1.4008694e-004
 1.3441847e-004
 1.3268368e-004
 1.3632391e-004
 1.4435456e-004
 1.5482923e-004
 1.6579917e-004
 1.7531414e-004
 1.8142977e-004
 1.8254026e-004
 1.7928715e-004
 1.7320024e-004
 1.6581360e-004
 1.5865597e-004
 1.5326482e-004
 1.5092037e-004
 1.5128961e-004
 1.5339188e-004
 1.5624489e-004
 1.5886588e-004
 1.6027372e-004
 1.5965720e-004
 1.5732886e-004
 1.5405146e-004
 1.5058913e-004
 1.4770591e-004
 1.4616603e-004
 1.4659218e-004
 1.4868141e-004
 1.5175837e-004
 1.5514570e-004
 1.5816577e-004
 1.6014288e-004
 1.6050952e-004
 1.5943203e-004
 1.5737253e-004
 1.5479414e-004
 1.5216005e-004
 1.4993378e-004
 1.4851769e-004
 1.4792020e-004
 1.4798688e-004
 1.4856359e-004
 1.4949578e-004
 1.5062971e-004
 1.5180894e-004
 1.5286966e-004
 1.5364360e-004
 1.5396271e-004
 1.5365893e-004
 1.5256446e-004
 1.5060688e-004
 1.4836194e-004
 1.4666858e-004
 1.4636811e-004
 1.4830081e-004
 1.5330945e-004
 1.6197001e-004
 1.7310736e-004
 1.8480555e-004
 1.9516016e-004
 2.0225841e-004
 2.0418975e-004
 1.9946051e-004
 1.8940981e-004
 1.7654346e-004
 1.6337677e-004
 1.5242358e-004
 1.4619777e-004
 1.4675187e-004
 1.5300506e-004
 1.6256358e-004
 1.7303761e-004
 1.8203152e-004
 1.8715061e-004
 1.8641361e-004
 1.8065603e-004
 1.7189198e-004
 1.6214202e-004
 1.5342611e-004
 1.4776425e-004
 1.4687459e-004
 1.5040120e-004
 1.5711194e-004
 1.6577664e-004
 1.7516137e-004
 1.8403167e-004
 1.9125750e-004
 1.9638101e-004
 1.9924119e-004
 1.9967364e-004
 1.9751499e-004
 1.9260196e-004
 1.8489467e-004
 1.7519401e-004
 1.6467241e-004
 1.5449140e-004
 1.4581982e-004
 1.3982473e-004
 1.3751531e-004
 1.3879624e-004
 1.4310276e-004
 1.4986387e-004
 1.5851458e-004
 1.6848576e-004
 1.7920780e-004
 1.9012146e-004
 2.0065509e-004
 2.1025055e-004
 2.1834196e-004
 2.2436531e-004
 2.2793049e-004
 2.2987626e-004
 2.3157249e-004
 2.3438876e-004
 2.3969721e-004
 2.4886860e-004
 2.6289801e-004
 2.8013837e-004
 2.9777235e-004
 3.1299930e-004
 3.2300578e-004
 3.2498155e-004
 3.1666685e-004
 2.9974073e-004
 2.7758096e-004
 2.5359803e-004
 2.3117484e-004
 2.1371114e-004
 2.0412941e-004
 2.0194202e-004
 2.0517701e-004
 2.1185596e-004
 2.1999437e-004
 2.2761608e-004
 2.3298593e-004
 2.3615074e-004
 2.3794168e-004
 2.3919060e-004
 2.4073155e-004
 2.4339756e-004
 2.4793894e-004
 2.5450284e-004
 2.6296853e-004
 2.7322076e-004
 2.8513200e-004
 2.9858795e-004
 3.1330995e-004
 3.2787625e-004
 3.4036787e-004
 3.4884777e-004
 3.5139313e-004
 3.4607342e-004
 3.3140692e-004
 3.0919339e-004
 2.8270012e-004
 2.5518140e-004
 2.2992515e-004
 2.1018604e-004
 1.9879779e-004
 1.9534034e-004
 1.9793899e-004
 2.0471084e-004
 2.1377712e-004
 2.2325545e-004
 2.3144274e-004
 2.3796028e-004
 2.4302445e-004
 2.4685767e-004
 2.4967713e-004
 2.5170471e-004
 2.5317504e-004
 2.5443727e-004
 2.5589197e-004
 2.5793948e-004
 2.6098199e-004
 2.6541797e-004
 2.7147608e-004
 2.7807491e-004
 2.8353906e-004
 2.8619333e-004
 2.8435857e-004
 2.7635760e-004
 2.6087603e-004
 2.3934111e-004
 2.1443078e-004
 1.8883402e-004
 1.6522176e-004
 1.4629473e-004
 1.3437080e-004
 1.2909209e-004
 1.2886287e-004
 1.3208220e-004
 1.3714636e-004
 1.4245587e-004
 1.4655871e-004
 1.4915288e-004
 1.5046574e-004
 1.5072752e-004
 1.5016826e-004
 1.4901849e-004
 1.4752995e-004
 1.4612389e-004
 1.4529953e-004
 1.4555635e-004
 1.4739366e-004
 1.5131255e-004
 1.5767370e-004
 1.6579470e-004
 1.7450168e-004
 1.8261764e-004
 1.8897094e-004
 1.9238165e-004
 1.9188477e-004
 1.8812380e-004
 1.8249611e-004
 1.7640340e-004
 1.7124810e-004
 1.6842964e-004
 1.6913933e-004
 1.7291339e-004
 1.7851350e-004
 1.8469543e-004
 1.9021943e-004
 1.9383874e-004
 1.9449770e-004
 1.9258616e-004
 1.8917808e-004
 1.8535146e-004
 1.8218471e-004
 1.8075449e-004
 1.8202658e-004
 1.8607515e-004
 1.9255272e-004
 2.0110756e-004
 2.1139470e-004
 2.2305678e-004
 2.3567768e-004
 2.4826245e-004
 2.5954648e-004
 2.6826339e-004
 2.7314638e-004
 2.7293048e-004
 2.6659670e-004
 2.5509018e-004
 2.4029888e-004
 2.2411592e-004
 2.0843453e-004
 1.9514990e-004
 1.8592691e-004
 1.8066383e-004
 1.7839379e-004
 1.7814939e-004
 1.7896188e-004
 1.7986323e-004
 1.7997788e-004
 1.7918492e-004
 1.7772692e-004
 1.7584898e-004
 1.7379626e-004
 1.7181414e-004
 1.7012702e-004
 1.6880195e-004
 1.6782661e-004
 1.6718924e-004
 1.6687783e-004
 1.6688029e-004
 1.6721452e-004
 1.6814278e-004
 1.7004636e-004
 1.7330731e-004
 1.7830766e-004
 1.8542803e-004
 1.9489662e-004
 2.0563447e-004
 2.1594000e-004
 2.2409992e-004
 2.2840273e-004
 2.2717156e-004
 2.2038053e-004
 2.1033622e-004
 1.9953419e-004
 1.9045762e-004
 1.8547753e-004
 1.8489946e-004
 1.8729096e-004
 1.9116329e-004
 1.9503091e-004
 1.9752135e-004
 1.9822229e-004
 1.9719667e-004
 1.9451149e-004
 1.9023122e-004
 1.8453792e-004
 1.7811175e-004
 1.7177728e-004
 1.6635911e-004
 1.6267710e-004
 1.6107038e-004
 1.6066476e-004
 1.6040278e-004
 1.5922656e-004
 1.5610229e-004
 1.5120018e-004
 1.4642357e-004
 1.4381690e-004
 1.4541953e-004
 1.5311265e-004
 1.6592239e-004
 1.8043895e-004
 1.9315594e-004
 2.0058420e-004
 1.9973291e-004
 1.9193090e-004
 1.8068477e-004
 1.6951954e-004
 1.6195311e-004
 1.6064313e-004
 1.6426794e-004
 1.7037618e-004
 1.7651569e-004
 1.8023672e-004
 1.8013566e-004
 1.7746020e-004
 1.7387456e-004
 1.7103966e-004
 1.7059816e-004
 1.7311063e-004
 1.7755151e-004
 1.8276346e-004
 1.8759459e-004
 1.9091877e-004
 1.9214361e-004
 1.9114213e-004
 1.8780373e-004
 1.8201460e-004
 1.7388143e-004
 1.6536038e-004
 1.5936734e-004
 1.5882420e-004
 1.6665511e-004
 1.8453477e-004
 2.0836953e-004
 2.3237482e-004
 2.5076815e-004
 2.5777324e-004
 2.5051722e-004
 2.3361991e-004
 2.1291581e-004
 1.9421782e-004
 1.8328584e-004
 1.8219838e-004
 1.8753171e-004
 1.9540994e-004
 2.0196274e-004
 2.0346839e-004
 1.9914795e-004
 1.9082795e-004
 1.8042841e-004
 1.6986160e-004
 1.6090985e-004
 1.5407419e-004
 1.4919834e-004
 1.4611844e-004
 1.4467062e-004
 1.4467121e-004
 1.4584404e-004
 1.4788404e-004
 1.5048790e-004
 1.5335108e-004
 1.5617364e-004
 1.5874981e-004
 1.6095325e-004
 1.6266368e-004
 1.6375906e-004
 1.6411780e-004
 1.6362965e-004
 1.6240196e-004
 1.6073724e-004
 1.5894690e-004
 1.5734030e-004
 1.5622807e-004
 1.5590363e-004
 1.5633403e-004
 1.5719018e-004
 1.5813287e-004
 1.5882245e-004
 1.5891940e-004
 1.5810205e-004
 1.5639891e-004
 1.5415541e-004
 1.5173119e-004
 1.4948309e-004
 1.4776969e-004
 1.4694061e-004
 1.4717891e-004
 1.4851497e-004
 1.5097493e-004
 1.5458214e-004
 1.5936338e-004
 1.6532266e-004
 1.7205585e-004
 1.7878952e-004
 1.8472807e-004
 1.8908393e-004
 1.9106497e-004
 1.8992132e-004
 1.8572409e-004
 1.7930333e-004
 1.7151219e-004
 1.6321313e-004
 1.5525884e-004
 1.4850279e-004
 1.4369549e-004
 1.4149034e-004
 1.4254043e-004
 1.4749714e-004
 1.5701227e-004
 1.7166838e-004
 1.9064428e-004
 2.1180834e-004
 2.3299448e-004
 2.5201056e-004
 2.6668998e-004
 2.7493644e-004
 2.7639352e-004
 2.7232768e-004
 2.6406953e-004
 2.5294250e-004
 2.4028300e-004
 2.2739511e-004
 2.1521609e-004
 2.0433054e-004
 1.9530217e-004
 1.8870644e-004
 1.8510826e-004
 1.8503497e-004
 1.8811747e-004
 1.9314251e-004
 1.9886276e-004
 2.0403510e-004
 2.0740982e-004
 2.0780100e-004
 2.0523008e-004
 2.0086663e-004
 1.9592185e-004
 1.9161277e-004
 1.8915060e-004
 1.8969350e-004
 1.9320940e-004
 1.9853446e-004
 2.0445879e-004
 2.0977670e-004
 2.1327588e-004
 2.1379933e-004
 2.1123335e-004
 2.0646615e-004
 2.0042190e-004
 1.9403192e-004
 1.8821997e-004
 1.8390924e-004
 1.8191169e-004
 1.8293360e-004
 1.8767579e-004
 1.9684396e-004
 2.1113346e-004
 2.3116053e-004
 2.5555093e-004
 2.8102129e-004
 3.0421055e-004
 3.2175542e-004
 3.3030219e-004
 3.2664396e-004
 3.1104262e-004
 2.8710949e-004
 2.5859900e-004
 2.2924441e-004
 2.0281502e-004
 1.8292990e-004
 1.7071739e-004
 1.6485827e-004
 1.6393224e-004
 1.6651851e-004
 1.7119887e-004
 1.7655011e-004
 1.8115487e-004
 1.8388980e-004
 1.8479294e-004
 1.8418490e-004
 1.8238671e-004
 1.7971822e-004
 1.7650035e-004
 1.7305363e-004
 1.6969872e-004
 1.6675667e-004
 1.6449046e-004
 1.6294522e-004
 1.6210943e-004
 1.6197278e-004
 1.6252471e-004
 1.6375464e-004
 1.6565158e-004
 1.6820611e-004
 1.7140586e-004
 1.7520147e-004
 1.7938219e-004
 1.8369762e-004
 1.8790048e-004
 1.9173812e-004
 1.9496317e-004
 1.9732525e-004
 1.9857471e-004
 1.9846193e-004
 1.9683901e-004
 1.9396005e-004
 1.9018285e-004
 1.8586146e-004
 1.8135238e-004
 1.7701220e-004
 1.7319457e-004
 1.7025799e-004
 1.6855646e-004
 1.6834486e-004
 1.6946926e-004
 1.7167340e-004
 1.7470036e-004
 1.7829564e-004
 1.8220043e-004
 1.8616047e-004
 1.8991879e-004
 1.9321856e-004
 1.9584467e-004
 1.9773883e-004
 1.9888645e-004
 1.9927080e-004
 1.9887634e-004
 1.9768703e-004
 1.9568737e-004
 1.9286011e-004
 1.8919140e-004
 1.8474832e-004
 1.7994615e-004
 1.7528769e-004
 1.7127574e-004
 1.6841351e-004
 1.6720263e-004
 1.6814668e-004
 1.7174837e-004
 1.7851051e-004
 1.8873897e-004
 2.0194741e-004
 2.1742834e-004
 2.3449125e-004
 2.5243536e-004
 2.7056239e-004
 2.8817414e-004
 3.0456952e-004
 3.1905872e-004
 3.3104327e-004
 3.4039817e-004
 3.4710680e-004
 3.5115454e-004
 3.5252864e-004
 3.5121391e-004
 3.4719615e-004
 3.4046124e-004
 3.3099492e-004
 3.1888988e-004
 3.0468736e-004
 2.8903421e-004
 2.7259625e-004
 2.5601982e-004
 2.3996257e-004
 2.2507938e-004
 2.1202514e-004
 2.0145639e-004
 1.9395666e-004
 1.8984079e-004
 1.8934191e-004
 1.9269739e-004
 2.0014180e-004
 2.1183856e-004
 2.2668391e-004
 2.4257778e-004
 2.5738144e-004
 2.6895857e-004
 2.7517296e-004
 2.7402662e-004
 2.6574256e-004
 2.5235504e-004
 2.3593566e-004
 2.1857633e-004
 2.0235122e-004
 1.8925425e-004
 1.7996151e-004
 1.7404847e-004
 1.7107025e-004
 1.7057505e-004
 1.7211476e-004
 1.7523138e-004
 1.7934265e-004
 1.8375739e-004
 1.8778715e-004
 1.9073769e-004
 1.9191943e-004
 1.9071958e-004
 1.8783570e-004
 1.8503846e-004
 1.8413361e-004
 1.8692316e-004
 1.9521450e-004
 2.1063461e-004
 2.3198387e-004
 2.5569176e-004
 2.7814825e-004
 2.9571197e-004
 3.0476725e-004
 3.0192497e-004
 2.8780213e-004
 2.6632167e-004
 2.4153022e-004
 2.1745122e-004
 1.9810924e-004
 1.8735182e-004
 1.8567071e-004
 1.9079124e-004
 2.0035545e-004
 2.1199613e-004
 2.2335630e-004
 2.3215641e-004
 2.3742885e-004
 2.3932099e-004
 2.3800904e-004
 2.3366975e-004
 2.2648374e-004
 2.1666271e-004
 2.0501696e-004
 1.9287538e-004
 1.8156614e-004
 1.7243357e-004
 1.6680922e-004
 1.6595089e-004
 1.6975978e-004
 1.7699452e-004
 1.8637061e-004
 1.9661483e-004
 2.0644050e-004
 2.1462662e-004
 2.2089461e-004
 2.2575937e-004
 2.2976927e-004
 2.3346613e-004
 2.3739594e-004
 2.4206554e-004
 2.4728538e-004
 2.5228460e-004
 2.5626665e-004
 2.5844100e-004
 2.5801297e-004
 2.5424754e-004
 2.4739973e-004
 2.3858252e-004
 2.2892558e-004
 2.1957129e-004
 2.1164893e-004
 2.0627103e-004
 2.0403440e-004
 2.0510549e-004
 2.0963495e-004
 2.1777741e-004
 2.2967850e-004
 2.4542824e-004
 2.6398728e-004
 2.8331784e-004
 3.0137628e-004
 3.1609318e-004
 3.2542163e-004
 3.2741143e-004
 3.2215446e-004
 3.1149102e-004
 2.9733230e-004
 2.8157249e-004
 2.6612642e-004
 2.5283563e-004
 2.4253184e-004
 2.3517686e-004
 2.3069067e-004
 2.2900161e-004
 2.3003356e-004
 2.3369596e-004
 2.3962370e-004
 2.4721460e-004
 2.5584977e-004
 2.6492172e-004
 2.7381052e-004
 2.8192753e-004
 2.8907630e-004
 2.9539774e-004
 3.0105442e-004
 3.0619997e-004
 3.1099617e-004
 3.1558095e-004
 3.1979568e-004
 3.2321474e-004
 3.2539980e-004
 3.2591633e-004
 3.2432823e-004
 3.2022392e-004
 3.1367483e-004
 3.0517214e-004
 2.9521884e-004
 2.8432894e-004
 2.7300176e-004
 2.6173861e-004
 2.5076923e-004
 2.4009359e-004
 2.2971482e-004
 2.1962110e-004
 2.0981519e-004
 2.0029210e-004
 1.9118247e-004
 1.8271540e-004
 1.7512482e-004
 1.6865259e-004
 1.6353067e-004
 1.5999920e-004
 1.5829249e-004
 1.5856689e-004
 1.6069338e-004
 1.6448161e-004
 1.6973706e-004
 1.7627158e-004
 1.8388880e-004
 1.9239903e-004
 2.0161396e-004
 2.1133524e-004
 2.2134998e-004
 2.3133199e-004
 2.4094696e-004
 2.4984678e-004
 2.5769387e-004
 2.6414910e-004
 2.6886660e-004
 2.7150841e-004
 2.7173138e-004
 2.6935292e-004
 2.6475187e-004
 2.5843899e-004
 2.5091739e-004
 2.4270001e-004
 2.3428870e-004
 2.2619692e-004
 2.1892904e-004
 2.1299055e-004
 2.0875168e-004
 2.0606365e-004
 2.0466693e-004
 2.0429897e-004
 2.0469866e-004
 2.0560432e-004
 2.0675504e-004
 2.0788856e-004
 2.0874418e-004
 2.0914365e-004
 2.0921486e-004
 2.0915485e-004
 2.0916066e-004
 2.0942948e-004
 2.1015815e-004
 2.1154369e-004
 2.1378414e-004
 2.1707489e-004
 2.2151158e-004
 2.2680296e-004
 2.3257712e-004
 2.3845438e-004
 2.4406126e-004
 2.4902396e-004
 2.5296339e-004
 2.5550663e-004
 2.5627628e-004
 2.5508134e-004
 2.5241188e-004
 2.4891426e-004
 2.4523376e-004
 2.4201970e-004
 2.3991670e-004
 2.3957300e-004
 2.4163406e-004
 2.4674879e-004
 2.5526161e-004
 2.6641259e-004
 2.7916889e-004
 2.9251419e-004
 3.0541400e-004
 3.1684840e-004
 3.2579541e-004
 3.3122371e-004
 3.3211173e-004
 3.2779897e-004
 3.1899780e-004
 3.0673610e-004
 2.9205580e-004
 2.7597998e-004
 2.5955323e-004
 2.4379742e-004
 2.2975693e-004
 2.1845876e-004
 2.1066770e-004
 2.0614955e-004
 2.0442282e-004
 2.0501069e-004
 2.0743531e-004
 2.1121695e-004
 2.1587826e-004
 2.2094320e-004
 2.2593007e-004
 2.3036424e-004
 2.3378032e-004
 2.3605781e-004
 2.3740082e-004
 2.3802543e-004
 2.3814925e-004
 2.3798915e-004
 2.3776219e-004
 2.3768554e-004
 2.3797606e-004
 2.3885118e-004
 2.4052730e-004
 2.4322273e-004
 2.4714269e-004
 2.5228056e-004
 2.5842365e-004
 2.6534393e-004
 2.7282254e-004
 2.8063054e-004
 2.8854972e-004
 2.9635086e-004
 3.0381311e-004
 3.1071526e-004
 3.1682881e-004
 3.2193426e-004
 3.2581019e-004
 3.2836833e-004
 3.2964320e-004
 3.2967349e-004
 3.2849869e-004
 3.2615924e-004
 3.2269294e-004
 3.1814186e-004
 3.1254443e-004
 3.0593772e-004
 2.9836586e-004
 2.8986309e-004
 2.8047894e-004
 2.7033826e-004
 2.5966685e-004
 2.4868327e-004
 2.3760559e-004
 2.2666392e-004
 2.1607261e-004
 2.0606144e-004
 1.9684859e-004
 1.8865337e-004
 1.8170383e-004
 1.7621725e-004
 1.7241137e-004
 1.7030865e-004
 1.6974816e-004
 1.7055843e-004
 1.7256987e-004
 1.7561052e-004
 1.7951196e-004
 1.8410091e-004
 1.9190677e-004
 2.0872346e-004
 2.2340433e-004
 2.3407995e-004
 2.4149769e-004
 2.4652289e-004
 2.5001779e-004
 2.5282693e-004
 2.5534615e-004
 2.5752629e-004
 2.5929997e-004
 2.6059904e-004
 2.6135845e-004
 2.6156552e-004
 2.6126011e-004
 2.6048426e-004
 2.5927986e-004
 2.5769710e-004
 2.5596205e-004
 2.5447449e-004
 2.5364084e-004
 2.5386797e-004
 2.5556228e-004
 2.5883570e-004
 2.6265316e-004
 2.6570330e-004
 2.6667339e-004
 2.6425131e-004
 2.5712565e-004
 2.4453140e-004
 2.2782058e-004
 2.0884647e-004
 1.8947062e-004
 1.7154569e-004
 1.5693293e-004
 1.4748689e-004
 1.4458843e-004
 1.4780437e-004
 1.5626931e-004
 1.6911520e-004
 1.8547886e-004
 2.0449040e-004
 2.2528809e-004
 2.4700101e-004
 2.6883828e-004
 2.9026339e-004
 3.1081241e-004
 3.3001153e-004
 3.4739618e-004
 3.6249333e-004
 3.7483627e-004
 3.8395688e-004
 3.8956749e-004
 3.9206774e-004
 3.9201474e-004
 3.8996612e-004
 3.8648013e-004
 3.8211353e-004
 3.7742502e-004
 3.7297129e-004
 3.6920220e-004
 3.6616484e-004
 3.6381534e-004
 3.6210887e-004
 3.6100074e-004
 3.6044675e-004
 3.6040225e-004
 3.6082268e-004
 3.6166370e-004
 3.6288056e-004
 3.6442900e-004
 3.6626417e-004
 3.6831861e-004
 3.7043885e-004
 3.7245330e-004
 3.7418929e-004
 3.7547509e-004
 3.7613828e-004
 3.7600691e-004
 3.7490870e-004
 3.7267170e-004
 3.6912324e-004
 3.6409206e-004
 3.5740476e-004
 3.4900609e-004
 3.3924851e-004
 3.2858038e-004
 3.1744537e-004
 3.0629220e-004
 2.9556433e-004
 2.8571041e-004
 2.7717429e-004
 2.7040401e-004
 2.6584457e-004
 2.6394191e-004
 2.6495618e-004
 2.6849224e-004
 2.7401003e-004
 2.8097167e-004
 2.8883628e-004
 2.9706655e-004
 3.0512136e-004
 3.1246335e-004
 3.1855155e-004
 3.2284833e-004
 3.2496615e-004
 3.2504898e-004
 3.2335430e-004
 3.2014045e-004
 3.1566463e-004
 3.1018574e-004
 3.0396046e-004
 2.9724813e-004
 2.9030509e-004
 2.8339092e-004
 2.7673936e-004
 2.7051062e-004
 2.6484535e-004
 2.5988708e-004
 2.5577677e-004
 2.5265757e-004
 2.5067103e-004
 2.4995938e-004
 2.5066486e-004
 2.5292984e-004
 2.5676863e-004
 2.6176803e-004
 2.6742232e-004
 2.7322824e-004
 2.7867997e-004
 2.8327416e-004
 2.8650527e-004
 2.8786948e-004
 2.8686196e-004
 2.8317340e-004
 2.7714236e-004
 2.6924454e-004
 2.5995250e-004
 2.4974285e-004
 2.3908750e-004
 2.2846342e-004
 2.1834247e-004
 2.0921696e-004
 2.0162601e-004
 1.9612316e-004
 1.9325892e-004
 1.9358570e-004
 1.9765540e-004
 2.0601878e-004
 2.1922766e-004
 2.3735876e-004
 2.5892592e-004
 2.8213559e-004
 3.0518378e-004
 3.2627719e-004
 3.4361248e-004
 3.5539502e-004
 3.5982384e-004
 3.5596444e-004
 3.4566509e-004
 3.3133078e-004
 3.1537196e-004
 3.0019225e-004
 2.8820240e-004
 2.8180695e-004
 2.8241629e-004
 2.8825647e-004
 2.9692025e-004
 3.0599744e-004
 3.1308157e-004
 3.1576317e-004
 3.1248276e-004
 3.0436806e-004
 2.9307505e-004
 2.8026398e-004
 2.6758981e-004
 2.5671296e-004
 2.4891004e-004
 2.4426682e-004
 2.4263728e-004
 2.4387370e-004
 2.4782860e-004
 2.5435560e-004
 2.6306030e-004
 2.7278668e-004
 2.8222593e-004
 2.9007354e-004
 2.9502119e-004
 2.9576352e-004
 2.9158610e-004
 2.8360408e-004
 2.7328773e-004
 2.6210470e-004
 2.5152211e-004
 2.4301067e-004
 2.3755143e-004
 2.3463996e-004
 2.3348525e-004
 2.3329735e-004
 2.3328594e-004
 2.3266097e-004
 2.3105607e-004
 2.2939274e-004
 2.2883667e-004
 2.3055392e-004
 2.3570977e-004
 2.4546921e-004
 2.6011758e-004
 2.7728922e-004
 2.9410634e-004
 3.0770397e-004
 3.1521314e-004
 3.1376429e-004
 3.0192890e-004
 2.8258594e-004
 2.5941571e-004
 2.3609855e-004
 2.1631077e-004
 2.0374171e-004
 2.0067226e-004
 2.0525162e-004
 2.1486469e-004
 2.2689924e-004
 2.3873385e-004
 2.4787654e-004
 2.5361453e-004
 2.5659762e-004
 2.5750842e-004
 2.5703167e-004
 2.5586938e-004
 2.5499001e-004
 2.5556504e-004
 2.5877019e-004
 2.6578142e-004
 2.7759789e-004
 2.9265159e-004
 3.0742117e-004
 3.1834873e-004
 3.2187291e-004
 3.1472690e-004
 2.9793716e-004
 2.7574386e-004
 2.5246554e-004
 2.3241660e-004
 2.1968975e-004
 2.1499083e-004
 2.1651658e-004
 2.2240548e-004
 2.3079089e-004
 2.3987374e-004
 2.4874980e-004
 2.5717911e-004
 2.6493901e-004
 2.7180137e-004
 2.7752246e-004
 2.8155613e-004
 2.8313510e-004
 2.8148605e-004
 2.7583708e-004
 2.6554023e-004
 2.5167526e-004
 2.3660065e-004
 2.2269406e-004
 2.1233600e-004
 2.0775929e-004
 2.0916053e-004
 2.1525091e-004
 2.2470880e-004
 2.3621274e-004
 2.4842369e-004
 2.5971266e-004
 2.6825641e-004
 2.7222425e-004
 2.6978407e-004
 2.5931810e-004
 2.4207968e-004
 2.2138763e-004
 2.0060611e-004
 1.8309576e-004
 1.7201909e-004
 1.6769697e-004
 1.6843290e-004
 1.7248785e-004
 1.7811924e-004
 1.8372969e-004
 1.8961390e-004
 1.9741409e-004
 2.0879565e-004
 2.2542888e-004
 2.4871589e-004
 2.7654850e-004
 3.0431247e-004
 3.2736178e-004
 3.4104422e-004
 3.4111936e-004
 3.2873283e-004
 3.0882613e-004
 2.8641077e-004
 2.6649999e-004
 2.5376695e-004
 2.4850972e-004
 2.4795698e-004
 2.4927917e-004
 2.4964643e-004
 2.4643602e-004
 2.3969331e-004
 2.3131276e-004
 2.2322613e-004
 2.1736402e-004
 2.1551050e-004
 2.1752223e-004
 2.2193264e-004
 2.2725020e-004
 2.3197912e-004
 2.3474453e-004
 2.3564394e-004
 2.3578474e-004
 2.3629416e-004
 2.3829928e-004
 2.4283433e-004
 2.4977047e-004
 2.5818901e-004
 2.6714968e-004
 2.7571814e-004
 2.8295370e-004
 2.8785691e-004
 2.8938489e-004
 2.8649802e-004
 2.7815523e-004
 2.6352028e-004
 2.4434301e-004
 2.2409538e-004
 2.0628427e-004
 1.9441466e-004
 1.9167778e-004
 1.9732417e-004
 2.0798064e-004
 2.2022596e-004
 2.3064086e-004
 2.3603054e-004
 2.3601830e-004
 2.3209136e-004
 2.2576892e-004
 2.1857514e-004
 2.1196075e-004
 2.0655064e-004
 2.0242267e-004
 1.9964785e-004
 1.9829400e-004
 1.9840449e-004
 1.9971737e-004
 2.0177069e-004
 2.0409744e-004
 2.0623211e-004
 2.0774012e-004
 2.0855683e-004
 2.0885862e-004
 2.0882653e-004
 2.0864136e-004
 2.0849964e-004
 2.0878209e-004
 2.0998855e-004
 2.1262097e-004
 2.1718125e-004
 2.2407471e-004
 2.3255685e-004
 2.4115042e-004
 2.4836458e-004
 2.5270905e-004
 2.5284418e-004
 2.4920123e-004
 2.4334167e-004
 2.3684389e-004
 2.3129130e-004
 2.2814338e-004
 2.2750323e-004
 2.2860922e-004
 2.3068639e-004
 2.3295815e-004
 2.3476648e-004
 2.3677938e-004
 2.4050547e-004
 2.4746399e-004
 2.5917627e-004
 2.7686561e-004
 2.9841895e-004
 3.1960476e-004
 3.3617491e-004
 3.4387637e-004
 3.3891949e-004
 3.2271584e-004
 2.9992239e-004
 2.7524529e-004
 2.5339067e-004
 2.3868229e-004
 2.3125419e-004
 2.2861979e-004
 2.2825789e-004
 2.2764697e-004
 2.2454945e-004
 2.1983717e-004
 2.1630141e-004
 2.1676259e-004
 2.2404070e-004
 2.4053011e-004
 2.6400940e-004
 2.8942488e-004
 3.1168628e-004
 3.2568717e-004
 3.2681570e-004
 3.1559801e-004
 2.9569160e-004
 2.7081437e-004
 2.4467020e-004
 2.2081724e-004
 2.0121015e-004
 1.8684770e-004
 1.7870037e-004
 1.7774387e-004
 1.8470538e-004
 1.9767879e-004
 2.1315907e-004
 2.2762873e-004
 2.3756770e-004
 2.3983369e-004
 2.3526396e-004
 2.2708093e-004
 2.1853759e-004
 2.1288614e-004
 2.1301954e-004
 2.1803430e-004
 2.2477379e-004
 2.3005232e-004
 2.3068028e-004
 2.2385998e-004
 2.1080078e-004
 1.9508175e-004
 1.8030968e-004
 1.7010227e-004
 1.6766951e-004
 1.7215712e-004
 1.8032282e-004
 1.8888706e-004
 1.9457651e-004
 1.9451304e-004
 1.8986032e-004
 1.8414747e-004
 1.8092954e-004
 1.8376239e-004
 1.9572157e-004
 2.1503327e-004
 2.3709083e-004
 2.5726698e-004
 2.7093053e-004
 2.7396469e-004
 2.6741804e-004
 2.5532185e-004
 2.4174109e-004
 2.3073889e-004
 2.2598276e-004
 2.2711925e-004
 2.3149911e-004
 2.3644607e-004
 2.3928395e-004
 2.3758077e-004
 2.3133685e-004
 2.2193497e-004
 2.1077119e-004
 1.9924993e-004
 1.8878873e-004
 1.8101493e-004
 1.7767322e-004
 1.8051168e-004
 1.9127499e-004
 2.1125400e-004
 2.3732167e-004
 2.6384133e-004
 2.8516780e-004
 2.9565013e-004
 2.9037232e-004
 2.7149837e-004
 2.4517087e-004
 2.1756244e-004
 1.9484884e-004
 1.8258444e-004
 1.8040091e-004
 1.8462448e-004
 1.9155044e-004
 1.9747511e-004
 1.9904047e-004
 1.9621586e-004
 1.9080316e-004
 1.8462326e-004
 1.7949636e-004
 1.7706024e-004
 1.7719800e-004
 1.7883372e-004
 1.8088192e-004
 1.8225559e-004
 1.8201659e-004
 1.8060199e-004
 1.7919861e-004
 1.7900212e-004
 1.8120679e-004
 1.8681958e-004
 1.9510755e-004
 2.0439754e-004
 2.1300005e-004
 2.1923250e-004
 2.2158794e-004
 2.2019292e-004
 2.1605560e-004
 2.1019175e-004
 2.0361715e-004
 1.9728871e-004
 1.9164447e-004
 1.8683776e-004
 1.8302089e-004
 1.8034561e-004
 1.7894231e-004
 1.7872978e-004
 1.7951621e-004
 1.8110880e-004
 1.8331523e-004
 1.8592681e-004
 1.8860384e-004
 1.9093607e-004
 1.9251292e-004
 1.9292271e-004
 1.9183723e-004
 1.8966003e-004
 1.8717842e-004
 1.8518501e-004
 1.8447051e-004
 1.8572615e-004
 1.8875785e-004
 1.9291093e-004
 1.9752340e-004
 2.0193642e-004
 2.0554362e-004
 2.0820856e-004
 2.1003647e-004
 2.1113649e-004
 2.1161712e-004
 2.1163363e-004
 2.1174915e-004
 2.1273684e-004
 2.1537155e-004
 2.2042805e-004
 2.2844420e-004
 2.3788368e-004
 2.4615729e-004
 2.5066565e-004
 2.4880815e-004
 2.3846916e-004
 2.2167774e-004
 2.0257002e-004
 1.8529521e-004
 1.7401521e-004
 1.7239488e-004
 1.7999051e-004
 1.9427986e-004
 2.1272918e-004
 2.3279079e-004
 2.5203536e-004
 2.6891634e-004
 2.8233544e-004
 2.9118831e-004
 2.9438082e-004
 2.9111502e-004
 2.8310338e-004
 2.7331908e-004
 2.6473869e-004
 2.6034014e-004
 2.6265235e-004
 2.7045226e-004
 2.8065802e-004
 2.9017482e-004
 2.9590784e-004
 2.9528025e-004
 2.9000419e-004
 2.8390533e-004
 2.8082330e-004
 2.8459990e-004
 2.9830157e-004
 3.1866823e-004
 3.3934176e-004
 3.5394481e-004
 3.5608982e-004
 3.4057465e-004
 3.1173244e-004
 2.7853841e-004
 2.4999317e-004
 2.3511828e-004
 2.4151786e-004
 2.6554716e-004
 2.9812640e-004
 3.3011488e-004
 3.5239634e-004
 3.5708182e-004
 3.4616995e-004
 3.2642306e-004
 3.0462613e-004
 2.8756505e-004
 2.8113046e-004
 2.8409186e-004
 2.9181404e-004
 2.9964268e-004
 3.0292379e-004
 2.9769630e-004
 2.8549420e-004
 2.7045305e-004
 2.5672413e-004
 2.4845786e-004
 2.4916031e-004
 2.5724011e-004
 2.6871017e-004
 2.7957134e-004
 2.8581644e-004
 2.8406471e-004
 2.7573499e-004
 2.6449491e-004
 2.5402289e-004
 2.4800509e-004
 2.4951118e-004
 2.5692111e-004
 2.6643305e-004
 2.7422581e-004
 2.7648555e-004
 2.7011125e-004
 2.5747632e-004
 2.4349743e-004
 2.3309558e-004
 2.3119414e-004
 2.4180074e-004
 2.6196352e-004
 2.8551414e-004
 3.0628196e-004
 3.1809261e-004
 3.1573448e-004
 3.0128640e-004
 2.8015318e-004
 2.5775531e-004
 2.3950991e-004
 2.3009934e-004
 2.2858984e-004
 2.3151301e-004
 2.3538784e-004
 2.3673307e-004
 2.3258646e-004
 2.2385473e-004
 2.1318592e-004
 2.0323454e-004
 1.9666235e-004
 1.9581417e-004
 2.0075527e-004
 2.1053219e-004
 2.2417895e-004
 2.4073616e-004
 2.5911303e-004
 2.7727251e-004
 2.9274134e-004
 3.0305810e-004
 3.0575687e-004
 2.9882163e-004
 2.8350495e-004
 2.6251847e-004
 2.3856963e-004
 2.1436863e-004
 1.9260074e-004
 1.7582004e-004
 1.6649987e-004
 1.6711882e-004
 1.8016029e-004
 2.0727691e-004
 2.4424985e-004
 2.8429367e-004
 3.2061234e-004
 3.4641422e-004
 3.5585178e-004
 3.4994580e-004
 3.3267759e-004
 3.0803410e-004
 2.8002120e-004
 2.5250981e-004
 2.2854762e-004
 2.1082217e-004
 2.0203188e-004
 2.0486108e-004
 2.2130368e-004
 2.4847500e-004
 2.8141047e-004
 3.1511264e-004
 3.4460824e-004
 3.6546745e-004
 3.7709897e-004
 3.8053602e-004
 3.7682700e-004
 3.6701650e-004
 3.5220908e-004
 3.3396238e-004
 3.1401051e-004
 2.9409112e-004
 2.7594197e-004
 2.6117804e-004
 2.5060264e-004
 2.4466304e-004
 2.4380928e-004
 2.4849319e-004
 2.5881047e-004
 2.7246075e-004
 2.8614324e-004
 2.9655563e-004
 3.0038814e-004
 2.9506645e-004
 2.8292814e-004
 2.6834343e-004
 2.5570017e-004
 2.4937515e-004
 2.5302416e-004
 2.6544015e-004
 2.8341901e-004
 3.0373677e-004
 3.2318226e-004
 3.3878646e-004
 3.4922114e-004
 3.5382155e-004
 3.5193292e-004
 3.4289761e-004
 3.2647792e-004
 3.0526126e-004
 2.8296566e-004
 2.6331568e-004
 2.5003587e-004
 2.4680051e-004
 2.5432487e-004
 2.6878071e-004
 2.8595747e-004
 3.0164770e-004
 3.1163244e-004
 3.1175878e-004
 3.0094080e-004
 2.8276248e-004
 2.6121468e-004
 2.4027497e-004
 2.2392480e-004
 2.1609824e-004
 2.1808287e-004
 2.2716034e-004
 2.4028032e-004
 2.5439315e-004
 2.6645162e-004
 2.7343305e-004
 2.7416044e-004
 2.7020703e-004
 2.6337060e-004
 2.5545442e-004
 2.4825681e-004
 2.4355702e-004
 2.4203514e-004
 2.4273466e-004
 2.4456467e-004
 2.4643485e-004
 2.4725488e-004
 2.4594797e-004
 2.4218255e-004
 2.3672641e-004
 2.3043594e-004
 2.2416608e-004
 2.1877632e-004
 2.1512156e-004
 2.1393439e-004
 2.1517684e-004
 2.1851328e-004
 2.2360808e-004
 2.3012559e-004
 2.3773016e-004
 2.4608828e-004
 2.5481943e-004
 2.6329799e-004
 2.7080069e-004
 2.7660522e-004
 2.7998511e-004
 2.8021861e-004
 2.7658217e-004
 2.6856986e-004
 2.5702463e-004
 2.4329084e-004
 2.2871516e-004
 2.1464427e-004
 2.0242228e-004
 1.9340192e-004
 1.8865836e-004
 1.8764734e-004
 1.8921838e-004
 1.9221827e-004
 1.9549501e-004
 1.9789640e-004
 1.9827006e-004
 1.9570744e-004
 1.9076111e-004
 1.8452430e-004
 1.7808963e-004
 1.7255447e-004
 1.6901134e-004
 1.6855432e-004
 1.7201860e-004
 1.7870612e-004
 1.8735000e-004
 1.9668724e-004
 2.0545354e-004
 2.1238594e-004
 2.1621662e-004
 2.1596726e-004
 2.1232432e-004
 2.0657881e-004
 2.0002712e-004
 1.9396144e-004
 1.8967509e-004
 1.8846150e-004
 1.9134626e-004
 1.9778978e-004
 2.0669101e-004
 2.1694813e-004
 2.2746169e-004
 2.3712455e-004
 2.4483737e-004
 2.4966343e-004
 2.5161653e-004
 2.5104888e-004
 2.4831470e-004
 2.4376735e-004
 2.3776028e-004
 2.3064509e-004
 2.2280408e-004
 2.1475897e-004
 2.0708419e-004
 2.0035273e-004
 1.9514243e-004
 1.9202601e-004
 1.9157796e-004
 1.9421805e-004
 1.9948550e-004
 2.0661346e-004
 2.1483448e-004
 2.2338321e-004
 2.3148794e-004
 2.3838329e-004
 2.4344223e-004
 2.4682187e-004
 2.4895172e-004
 2.5026029e-004
 2.5117758e-004
 2.5213312e-004
 2.5355667e-004
 2.5577354e-004
 2.5853748e-004
 2.6140537e-004
 2.6393434e-004
 2.6567976e-004
 2.6619894e-004
 2.6504853e-004
 2.6188605e-004
 2.5692038e-004
 2.5055249e-004
 2.4318004e-004
 2.3520163e-004
 2.2701402e-004
 2.1901984e-004
 2.1159803e-004
 2.0503311e-004
 1.9957595e-004
 1.9548119e-004
 1.9299939e-004
 1.9238255e-004
 1.9388265e-004
 1.9774456e-004
 2.0389045e-004
 2.1183235e-004
 2.2105438e-004
 2.3104307e-004
 2.4127772e-004
 2.5124472e-004
 2.6042821e-004
 2.6832390e-004
 2.7479453e-004
 2.8018458e-004
 2.8486748e-004
 2.8921670e-004
 2.9360683e-004
 2.9840929e-004
 3.0399850e-004
 3.1073811e-004
 3.1863176e-004
 3.2721882e-004
 3.3601496e-004
 3.4453411e-004
 3.5229186e-004
 3.5879825e-004
 3.6356907e-004
 3.6612770e-004
 3.6633306e-004
 3.6446590e-004
 3.6083386e-004
 3.5574427e-004
 3.4950452e-004
 3.4242024e-004
 3.3480214e-004
 3.2695406e-004
 3.1911200e-004
 3.1142420e-004
 3.0403899e-004
 2.9709900e-004
 2.9074893e-004
 2.8513209e-004
 2.8039582e-004
 2.7668278e-004
 2.7411693e-004
 2.7279780e-004
 2.7282361e-004
 2.7429231e-004
 2.7730182e-004
 2.8195005e-004
 2.8833677e-004
 2.9654786e-004
 3.0636566e-004
 3.1719642e-004
 3.2842639e-004
 3.3943367e-004
 3.4960452e-004
 3.5832249e-004
 3.6497120e-004
 3.6895080e-004
 3.7018702e-004
 3.6924609e-004
 3.6673082e-004
 3.6324307e-004
 3.5938737e-004
 3.5576589e-004
 3.5298135e-004
 3.5162445e-004
 3.5189817e-004
 3.5354000e-004
 3.5626089e-004
 3.5977247e-004
 3.6378394e-004
 3.6800685e-004
 3.7215205e-004
 3.7593252e-004
 3.7912757e-004
 3.8159220e-004
 3.8318837e-004
 3.8377708e-004
 3.8321913e-004
 3.8137581e-004
 3.7810818e-004
 3.7328340e-004
 3.6695570e-004
 3.5940539e-004
 3.5092089e-004
 3.4179207e-004
 3.3230879e-004
 3.2275857e-004
 3.1343588e-004
 3.0462767e-004
 2.9660785e-004
 2.8963070e-004
 2.8395437e-004
 2.7983187e-004
 2.7751815e-004
 2.7726809e-004
 2.7933673e-004
 2.8396564e-004
 2.9100876e-004
 2.9987426e-004
 3.0994811e-004
 3.2060887e-004
 3.3124234e-004
 3.4123196e-004
 3.4996314e-004
 3.5682422e-004
 3.6147767e-004
 3.6388848e-004
 3.6403802e-004
 3.6190770e-004
 3.5747941e-004
 3.5073471e-004
 3.4165269e-004
 3.3022853e-004
 3.1672019e-004
 3.0169074e-004
 2.8571946e-004
 2.6938171e-004
 2.5326465e-004
 2.3794376e-004
 2.2399827e-004
 2.1199396e-004
 2.0219511e-004
 1.9451101e-004
 1.8883594e-004
 1.8506340e-004
 1.8308937e-004
 1.8280695e-004
 1.8411037e-004
 1.8689383e-004
 1.9105001e-004
 1.9639378e-004
 2.0266038e-004
 2.0958002e-004
 2.1688464e-004
 2.2430089e-004
 2.3156064e-004
 2.3839412e-004
 2.4453280e-004
 2.4970394e-004
 2.5364582e-004
 2.5627372e-004
 2.5769757e-004
 2.5803715e-004
 2.5741226e-004
 2.5594284e-004
 2.5374873e-004
 2.5094912e-004
 2.4766507e-004
 2.4401593e-004
 2.4012118e-004
 2.3609160e-004
 2.3203233e-004
 2.2804529e-004
 2.2423336e-004
 2.2069932e-004
 2.1754536e-004
 2.1487581e-004
 2.1279274e-004
 2.1139896e-004
 2.1079191e-004
 2.1093035e-004
 2.1162440e-004
 2.1267726e-004
 2.1389246e-004
 2.1507252e-004
 2.1602094e-004
 2.1654088e-004
 2.1643547e-004
 2.1550785e-004
 2.1356960e-004
 2.1064194e-004
 2.0696683e-004
 2.0279571e-004
 1.9838309e-004
 1.9398049e-004
 1.8984042e-004
 1.8621454e-004
 1.8335713e-004
 1.8151969e-004
 1.8094514e-004
 1.8163971e-004
 1.8336240e-004
 1.8586118e-004
 1.8888395e-004
 1.9217866e-004
 1.9549394e-004
 1.9857616e-004
 2.0117400e-004
 2.0303534e-004
 2.0391645e-004
 2.0377239e-004
 2.0276383e-004
 2.0106038e-004
 1.9883117e-004
 1.9624694e-004
 1.9347688e-004
 1.9069065e-004
 1.8805794e-004
 1.8574789e-004
 1.8392685e-004
 1.8265398e-004
 1.8188199e-004
 1.8155869e-004
 1.8163216e-004
 1.8205013e-004
 1.8276049e-004
 1.8371138e-004
 1.8485024e-004
 1.8612512e-004
 1.8748544e-004
 1.8891509e-004
 1.9043132e-004
 1.9205391e-004
 1.9380228e-004
 1.9569584e-004
 1.9775458e-004
 1.9999692e-004
 2.0244277e-004
 2.0511154e-004
 2.0802276e-004
 2.1117908e-004
 2.1457067e-004
 2.1818631e-004
 2.2201588e-004
 2.2604635e-004
 2.3026743e-004
 2.3466798e-004
 2.3923689e-004
 2.4396405e-004
 2.4883004e-004
 2.5368237e-004
 2.5823404e-004
 2.6219341e-004
 2.6526596e-004
 2.6716018e-004
 2.6758344e-004
 2.6624269e-004
 2.6284595e-004
 2.5710053e-004
 2.4873912e-004
 2.3804141e-004
 2.2581386e-004
 2.1289359e-004
 2.0010906e-004
 1.8829138e-004
 1.7826961e-004
 1.7087987e-004
 1.6695069e-004
 1.6731321e-004
 1.7275536e-004
 1.8309947e-004
 1.9725181e-004
 2.1408126e-004
 2.3246117e-004
 2.5125133e-004
 2.6932487e-004
 2.8555066e-004
 2.9879753e-004
 3.0793584e-004
 3.1187915e-004
 3.1057198e-004
 3.0492348e-004
 2.9587833e-004
 2.8438817e-004
 2.7139837e-004
 2.5785610e-004
 2.4470541e-004
 2.3289997e-004
 2.2338366e-004
 2.1706823e-004
 2.1414329e-004
 2.1412424e-004
 2.1650035e-004
 2.2076064e-004
 2.2639442e-004
 2.3289259e-004
 2.3974132e-004
 2.4643139e-004
 2.5245213e-004
 2.5731159e-004
 2.6086983e-004
 2.6331836e-004
 2.6485953e-004
 2.6569579e-004
 2.6602959e-004
 2.6606323e-004
 2.6599926e-004
 2.6604009e-004
 2.6638829e-004
 2.6723763e-004
 2.6861561e-004
 2.7039784e-004
 2.7245493e-004
 2.7465602e-004
 2.7687167e-004
 2.7897197e-004
 2.8082749e-004
 2.8230736e-004
 2.8328216e-004
 2.8363074e-004
 2.8339820e-004
 2.8277942e-004
 2.8197523e-004
 2.8118590e-004
 2.8061192e-004
 2.8045374e-004
 2.8091192e-004
 2.8218675e-004
 2.8447874e-004
 2.8797510e-004
 2.9259449e-004
 2.9802084e-004
 3.0392932e-004
 3.0999508e-004
 3.1589452e-004
 3.2129989e-004
 3.2588776e-004
 3.2933321e-004
 3.3131157e-004
 3.3151649e-004
 3.3000275e-004
 3.2714041e-004
 3.2330953e-004
 3.1889297e-004
 3.1427084e-004
 3.0982413e-004
 3.0593382e-004
 3.0298030e-004
 3.0134604e-004
 3.0139039e-004
 3.0309818e-004
 3.0612864e-004
 3.1012777e-004
 3.1474375e-004
 3.1962397e-004
 3.2441717e-004
 3.2876848e-004
 3.3232663e-004
 3.3473907e-004
 3.3567261e-004
 3.3513518e-004
 3.3342859e-004
 3.3086402e-004
 3.2775252e-004
 3.2440442e-004
 3.2113239e-004
 3.1824684e-004
 3.1605878e-004
 3.1487914e-004
 3.1500004e-004
 3.1636999e-004
 3.1864765e-004
 3.2148292e-004
 3.2452383e-004
 3.2742025e-004
 3.2982152e-004
 3.3137691e-004
 3.3173573e-004
 3.3054702e-004
 3.2748544e-004
 3.2265374e-004
 3.1651236e-004
 3.0953728e-004
 3.0220035e-004
 2.9497457e-004
 2.8833156e-004
 2.8274761e-004
 2.7869418e-004
 2.7664425e-004
 2.7704367e-004
 2.7988115e-004
 2.8476375e-004
 2.9128886e-004
 2.9905350e-004
 3.0765682e-004
 3.1669164e-004
 3.2575690e-004
 3.3444972e-004
 3.4236873e-004
 3.4912195e-004
 3.5456559e-004
 3.5875247e-004
 3.6174105e-004
 3.6359031e-004
 3.6435784e-004
 3.6410289e-004
 3.6288393e-004
 3.6075898e-004
 3.5778753e-004
 3.5403363e-004
 3.4965423e-004
 3.4488013e-004
 3.3994776e-004
 3.3509015e-004
 3.3054140e-004
 3.2653479e-004
 3.2330636e-004
 3.2108926e-004
 3.2011751e-004
 3.2060928e-004
 3.2252955e-004
 3.2563906e-004
 3.2969401e-004
 3.3445057e-004
 3.3966586e-004
 3.4509346e-004
 3.5049050e-004
 3.5561304e-004
 3.6021808e-004
 3.6407006e-004
 3.6710282e-004
 3.6938014e-004
 3.7096915e-004
 3.7193741e-004
 3.7235158e-004
 3.7227935e-004
 3.7178784e-004
 3.7094418e-004
 3.6981597e-004
 3.6847001e-004
 3.6696755e-004
 3.6536538e-004
 3.6372113e-004
 3.6209138e-004
 3.6053304e-004
 3.5910314e-004
 3.5785823e-004
 3.5685592e-004
 3.5615277e-004
 3.5580236e-004
 3.5580699e-004
 3.5612960e-004
 3.5673191e-004
 3.5757580e-004
 3.5862339e-004
 3.5983606e-004
 3.6117580e-004
 3.6260457e-004
 3.6408447e-004
 3.6557580e-004
 3.6702666e-004
 3.6837481e-004
 3.6955762e-004
 3.7051283e-004
 3.7117745e-004
 3.7148918e-004
 3.7138548e-004
 3.7080367e-004
 3.6968145e-004
 3.6796532e-004
 3.6573305e-004
 3.6316051e-004
 3.6042774e-004
 3.5771317e-004
 3.5519557e-004
 3.5305394e-004
 3.5146673e-004
 3.5061370e-004
 3.5067322e-004
 3.5180603e-004
 3.5391553e-004
 3.5671185e-004
 3.5990198e-004
 3.6319264e-004
 3.6629106e-004
 3.6890240e-004
 3.7073402e-004
 3.7149267e-004
 3.7088490e-004
 3.6863625e-004
 3.6474757e-004
 3.5941947e-004
 3.5285717e-004
 3.4526412e-004
 3.3684939e-004
 3.2781661e-004
 3.1837114e-004
 3.0871603e-004
 2.9906127e-004
 2.8961108e-004
 2.8058715e-004
 2.7222050e-004
 2.6474812e-004
 2.5840104e-004
 2.5341226e-004
 2.5001494e-004
 2.4844185e-004
 2.4892698e-004
 2.5170276e-004
 2.5697268e-004
 2.6454520e-004
 2.7393849e-004
 2.8466975e-004
 2.9625464e-004
 3.0821163e-004
 3.2005066e-004
 3.3129015e-004
 3.4144585e-004
 3.5003334e-004
 3.5660228e-004
 3.6112993e-004
 3.6390431e-004
 3.6521797e-004
 3.6536352e-004
 3.6463348e-004
 3.6332064e-004
 3.6171763e-004
 3.6011668e-004
 3.5881126e-004
 3.5807615e-004
 3.5795983e-004
 3.5835247e-004
 3.5914115e-004
 3.6021232e-004
 3.6145293e-004
 3.6275000e-004
 3.6399055e-004
 3.6506093e-004
 3.6584827e-004
 3.6624781e-004
 3.6626169e-004
 3.6596603e-004
 3.6543838e-004
 3.6475630e-004
 3.6399727e-004
 3.6323877e-004
 3.6255858e-004
 3.6203410e-004
 3.6174289e-004
 3.6175677e-004
 3.6207610e-004
 3.6265227e-004
 3.6343586e-004
 3.6437757e-004
 3.6542752e-004
 3.6653635e-004
 3.6765466e-004
 3.6873325e-004
 3.6972205e-004
 3.7057456e-004
 3.7127704e-004
 3.7183805e-004
 3.7226660e-004
 3.7257152e-004
 3.7276189e-004
 3.7284667e-004
 3.7283477e-004
 3.7273523e-004
 3.7255703e-004
 3.7230999e-004
 3.7201465e-004
 3.7169878e-004
 3.7139011e-004
 3.7111650e-004
 3.7090573e-004
 3.7078562e-004
 3.7078402e-004
 3.7092873e-004
 3.7124753e-004
 3.7176529e-004
 3.7246870e-004
 3.7332013e-004
 3.7428140e-004
 3.7531462e-004
 3.7638101e-004
 3.7744269e-004
 3.7846147e-004
 3.7939916e-004
 3.8021771e-004
 3.8088110e-004
 3.8138329e-004
 3.8173719e-004
 3.8195599e-004
 3.8205285e-004
 3.8204112e-004
 3.8193390e-004
 3.8174444e-004
 3.8148600e-004
 3.8117179e-004
 3.8081600e-004
 3.8044257e-004
 3.8008252e-004
 3.7976645e-004
 3.7952527e-004
 3.7938970e-004
 3.7939064e-004
 3.7955886e-004
 3.7992513e-004
 3.8052027e-004
 3.8137217e-004
 3.8247157e-004
 3.8378700e-004
 3.8528623e-004
 3.8693764e-004
 3.8870826e-004
 3.9056630e-004
 3.9247968e-004
 3.9441627e-004
 3.9634437e-004
 3.9823132e-004
 4.0004967e-004
 4.0177413e-004
 4.0337970e-004
 4.0484031e-004
 4.0613100e-004
 4.0722644e-004
 4.0810151e-004
 4.0873038e-004
 4.0908807e-004
 4.0915897e-004
 4.0903455e-004
 4.0887253e-004
 4.0883187e-004
 4.0907122e-004
 4.0974931e-004
 4.1102534e-004
 4.1305739e-004
 4.1600454e-004
 4.2002549e-004
 4.2525106e-004
 4.3148978e-004
 4.3835957e-004
 4.4547438e-004
 4.5244987e-004
 4.5889663e-004
 4.6443031e-004
 4.6866495e-004
 4.7121450e-004
 4.7169288e-004
 4.6975759e-004
 4.6553451e-004
 4.5943118e-004
 4.5185690e-004
 4.4322686e-004
 4.3395083e-004
 4.2444008e-004
 4.1510386e-004
 4.0635816e-004
 3.9861200e-004
 3.9224370e-004
 3.8728490e-004
 3.8355985e-004
 3.8089248e-004
 3.7910399e-004
 3.7801670e-004
 3.7745273e-004
 3.7723454e-004
 3.7718419e-004
 3.7712394e-004
 3.7688756e-004
 3.7642915e-004
 3.7577332e-004
 3.7494558e-004
 3.7397150e-004
 3.7287641e-004
 3.7168636e-004
 3.7042660e-004
 3.6912269e-004
 3.6779989e-004
 3.6648454e-004
 3.6520357e-004
 3.6398519e-004
 3.6285730e-004
 3.6184868e-004
 3.6098727e-004
 3.6030114e-004
 3.5981851e-004
 3.5956776e-004
 3.5957692e-004
 3.5986881e-004
 3.6041197e-004
 3.6114419e-004
 3.6200223e-004
 3.6292337e-004
 3.6384483e-004
 3.6470388e-004
 3.6543730e-004
 3.6598244e-004
 3.6627642e-004
 3.6626583e-004
 3.6599016e-004
 3.6554152e-004
 3.6501253e-004
 3.6449599e-004
 3.6408452e-004
 3.6387093e-004
 3.6394785e-004
 3.6440804e-004
 3.6534443e-004
 3.6682718e-004
 3.6871427e-004
 3.7074418e-004
 3.7265447e-004
 3.7418140e-004
 3.7506269e-004
 3.7503539e-004
 3.7383681e-004
 3.7120326e-004
 3.6687314e-004
 3.6062347e-004
 3.5261453e-004
 3.4321600e-004
 3.3280675e-004
 3.2175900e-004
 3.1044704e-004
 2.9924250e-004
 2.8852519e-004
 2.7866670e-004
 2.7004120e-004
 2.6302316e-004
 2.5794565e-004
 2.5476926e-004
 2.5324582e-004
 2.5312649e-004
 2.5416270e-004
 2.5610512e-004
 2.5870500e-004
 2.6171346e-004
 2.6488249e-004
 2.6796153e-004
 2.7070261e-004
 2.7285679e-004
 2.7417543e-004
 2.7440905e-004
 2.7333465e-004
 2.7096207e-004
 2.6742622e-004
 2.6286195e-004
 2.5740749e-004
 2.5119793e-004
 2.4436932e-004
 2.3705598e-004
 2.2939745e-004
 2.2152808e-004
 2.1358395e-004
 2.0569924e-004
 1.9801379e-004
 1.9066180e-004
 1.8377927e-004
 1.7750231e-004
 1.7196573e-004
 1.6730826e-004
 1.6365071e-004
 1.6099199e-004
 1.5926617e-004
 1.5840787e-004
 1.5835035e-004
 1.5902740e-004
 1.6037322e-004
 1.6232097e-004
 1.6480466e-004
 1.6775807e-004
 1.7111501e-004
 1.7481024e-004
 1.7877571e-004
 1.8294608e-004
 1.8725514e-004
 1.9163777e-004
 1.9602560e-004
 2.0035352e-004
 2.0455528e-004
 2.0856565e-004
 2.1231644e-004
 2.1574248e-004
 2.1878388e-004
 2.2143604e-004
 2.2372037e-004
 2.2566042e-004
 2.2727906e-004
 2.2859918e-004
 2.2964388e-004
 2.3043551e-004
 2.3099731e-004
 2.3135207e-004
 2.3152275e-004
 2.3153216e-004
 2.3140322e-004
 2.3115879e-004
 2.3082166e-004
 2.3041494e-004
 2.2996138e-004
 2.2948389e-004
 2.2900532e-004
 2.2854848e-004
 2.2813644e-004
 2.2779200e-004
 2.2753802e-004
 2.2739737e-004
 2.2739300e-004
 2.2754773e-004
 2.2788222e-004
 2.2839848e-004
 2.2908908e-004
 2.2994677e-004
 2.3096419e-004
 2.3213399e-004
 2.3344920e-004
 2.3490183e-004
 2.3648491e-004
 2.3819100e-004
 2.4001329e-004
 2.4194356e-004
 2.4397484e-004
 2.4609989e-004
 2.4831187e-004
 2.5060234e-004
 2.5296459e-004
 2.5539118e-004
 2.5787542e-004
 2.6040882e-004
 2.6298457e-004
 2.6559536e-004
 2.6823385e-004
 2.7089342e-004
 2.7356533e-004
 2.7624294e-004
 2.7891895e-004
 2.8158660e-004
 2.8423735e-004
 2.8686444e-004
 2.8946096e-004
 2.9202341e-004
 2.9454802e-004
 2.9703273e-004
 2.9947486e-004
 3.0187197e-004
 3.0422182e-004
 3.0652067e-004
 3.0876655e-004
 3.1095676e-004
 3.1308920e-004
 3.1516023e-004
 3.1716778e-004
 3.1910912e-004
 3.2098213e-004
 3.2278331e-004
 3.2451045e-004
 3.2616089e-004
 3.2773212e-004
 3.2922172e-004
 3.3062647e-004
 3.3194403e-004
 3.3317180e-004
 3.3430746e-004
 3.3534775e-004
 3.3629042e-004
 3.3713275e-004
 3.3787236e-004
 3.3850622e-004
 3.3903192e-004
 3.3944685e-004
 3.3974831e-004
 3.3993481e-004
 3.4001298e-004
 3.3999319e-004
 3.3988580e-004
 3.3970119e-004
 3.3944982e-004
 3.3914202e-004
 3.3878817e-004
 3.3839859e-004
 3.3798383e-004
 3.3755417e-004
 3.3712003e-004
 3.3669165e-004
 3.3627969e-004
 3.3589435e-004
 3.3554604e-004
 3.3524516e-004
 3.3500206e-004
 3.3482717e-004
 3.3473090e-004
 3.3472356e-004
 3.3481562e-004
 3.3501739e-004
 3.3533928e-004
 3.3579167e-004
 3.3638510e-004
 3.3712969e-004
 3.3803587e-004
 3.3911414e-004
 3.4037480e-004
 3.4182865e-004
 3.4348539e-004
 3.4535211e-004
 3.4740986e-004
 3.4962891e-004
 3.5197800e-004
 3.5442729e-004
 3.5694658e-004
 3.5950620e-004
 3.6207458e-004
 3.6462216e-004
 3.6711857e-004
 3.6953363e-004
 3.7183755e-004
 3.7399892e-004
 3.7598808e-004
 3.7777473e-004
 3.7932894e-004
 3.8061969e-004
 3.8161714e-004
 3.8229098e-004
 3.8261098e-004
 3.8254671e-004
 3.8206801e-004
 3.8114464e-004
 3.7974588e-004
 3.7784214e-004
 3.7540289e-004
 3.7239783e-004
 3.6879670e-004
 3.6456814e-004
 3.5968391e-004
 3.5411277e-004
 3.4782445e-004
 3.4079413e-004
 3.3305128e-004
 3.2464109e-004
 3.1561046e-004
 3.0600390e-004
 2.9587283e-004
 2.8526195e-004
 2.7421812e-004
 2.6278818e-004
 2.5101617e-004
 2.3895457e-004
 2.2664748e-004
 2.1414182e-004
 2.0148134e-004
 1.8871900e-004
 1.7589868e-004
 1.6306722e-004
 1.5026845e-004
 1.3755535e-004
 1.2497173e-004
 1.1256449e-004
 1.0038046e-004
 8.8463712e-005
 7.6866811e-005
 6.5633751e-005
 5.4811379e-005
 4.4444194e-005
 3.4583973e-005
 2.5275076e-005
 1.6564378e-005
 8.4968924e-006
 1.1233376e-006
-5.5189289e-006
-1.1439656e-005
-1.6669581e-005
-2.1235775e-005
-2.5169160e-005
-2.8499324e-005
-3.1255859e-005
-3.3468805e-005
-3.5166700e-005
-3.6379726e-005
-3.7137459e-005
-3.7469534e-005
-3.7405371e-005
-3.6974696e-005
-3.6207079e-005
-3.5131819e-005
-3.3779037e-005
-3.2178075e-005
-3.0358528e-005
-2.8349990e-005
-2.6181506e-005
-2.3883704e-005
-2.1485668e-005
-1.9016989e-005
-1.6506647e-005
-1.3985432e-005
-1.1482332e-005
-9.0269386e-006
-6.6482849e-006
-4.3770892e-006
-2.2423619e-006
-2.7369239e-007
 1.5032134e-006
 3.0872673e-006
 4.4856192e-006
 5.7066004e-006
 6.7581336e-006
 7.6483448e-006
 8.3847335e-006
 8.9754622e-006
 9.4284596e-006
 9.7517122e-006
 9.9529971e-006
 1.0040333e-005
 1.0021649e-005
 9.9048330e-006
 9.6978683e-006
 9.4086690e-006
 9.0451604e-006
 8.6152695e-006
 8.1268054e-006
 7.5879248e-006
 7.0064475e-006
 6.3903044e-006
 5.7472625e-006
 5.0855597e-006
 4.4129733e-006
 3.7374305e-006
 3.0666995e-006
 2.4090307e-006
 1.7721901e-006
 1.1641058e-006
 5.9270542e-007
 6.5795980e-008
-4.0953742e-007
-8.3313063e-007
-1.2071041e-006
-1.5336550e-006
-1.8147512e-006
-2.0526013e-006
-2.2493293e-006
-2.4070916e-006
-2.5279385e-006
-2.6140362e-006
-2.6675082e-006
-2.6904793e-006
-2.6850687e-006
-2.6534044e-006
-2.5976121e-006
-2.5198153e-006
-2.4221129e-006
-2.3066773e-006
-2.1756098e-006
-2.0310358e-006
-1.8750407e-006
-1.7098237e-006
-1.5374720e-006
-1.3601115e-006
-1.1798649e-006
-9.9881379e-007
-8.1916937e-007
-6.4301213e-007
-4.7246661e-007
-3.0961922e-007
-1.5667160e-007
-1.5708672e-008
 1.1145398e-007
 2.2478621e-007
 3.2480247e-007
 4.1210072e-007
 4.8724979e-007
 5.5083314e-007
 6.0338954e-007
 6.4550471e-007
 6.7774766e-007
 7.0068762e-007
 7.1489626e-007
 7.2093604e-007
 7.1938058e-007
 7.1079904e-007
 6.9575611e-007
 6.7482847e-007
 6.4858233e-007
 6.1758698e-007
 5.8240272e-007
 5.4361539e-007
 5.0178653e-007
 4.5748516e-007
 4.1128052e-007
 3.6373032e-007
 3.1542643e-007
 2.6692695e-007
 2.1880096e-007
 1.7160663e-007
 1.2593567e-007
 8.2345849e-008
 4.1406413e-008
 3.6779169e-009
-3.0339187e-008
-6.0645732e-008
-8.7394262e-008
-1.1073715e-007
-1.3083140e-007
-1.4781996e-007
-1.6186048e-007
-1.7310539e-007
-1.8170915e-007
-1.8782005e-007
-1.9159303e-007
-1.9318054e-007
-1.9273477e-007
-1.9040851e-007
-1.8635438e-007
-1.8072494e-007
-1.7367074e-007
-1.6534777e-007
-1.5590700e-007
-1.4550096e-007
-1.3428216e-007
-1.2240019e-007
-1.1001325e-007
-9.7271119e-008
-8.4326309e-008
-7.1328195e-008
-5.8435564e-008
-4.5797801e-008
-3.3567414e-008
-2.1894232e-008
-1.0936343e-008
-8.4340002e-010
 8.2565137e-009
 1.6362796e-008
 2.3517890e-008
 2.9759255e-008
 3.5129570e-008
 3.9669708e-008
 4.3421338e-008
 4.6423537e-008
 4.8718146e-008
 5.0346049e-008
 5.1348270e-008
 5.1765213e-008
 5.1638040e-008
 5.1007621e-008
 4.9914831e-008
 4.8400114e-008
 4.6505061e-008
 4.4270237e-008
 4.1736502e-008
 3.8944027e-008
 3.5935020e-008
 3.2749703e-008
 2.9428945e-008
 2.6012778e-008
 2.2543716e-008
 1.9061813e-008
 1.5607936e-008
 1.2222156e-008
 8.9469543e-009
 5.8223826e-009
 2.8893032e-009
 1.8858382e-010
-2.2463296e-009
-4.4145403e-009
-6.3276229e-009
-7.9965163e-009
-9.4324859e-009
-1.0645802e-008
-1.1647784e-008
-1.2449378e-008
-1.3061663e-008
-1.3495293e-008
-1.3761393e-008
-1.3870906e-008
-1.3834787e-008
-1.3663925e-008
-1.3369356e-008
-1.2962006e-008
-1.2452820e-008
-1.1852600e-008
-1.1172580e-008
-1.0423580e-008
-9.6165458e-009
-8.7622221e-009
-7.8719689e-009
-6.9565327e-009
-6.0268661e-009
-5.0939200e-009
-4.1684243e-009
-3.2617693e-009
-2.3846873e-009
-1.5481253e-009
-7.6285289e-010
-4.0197332e-011
 6.1101713e-010
 1.1909792e-009
 1.7027370e-009
 2.1489801e-009
 2.5327731e-009
 2.8570477e-009
 3.1247396e-009
 3.3388263e-009
 3.5021406e-009
 3.6176726e-009
 3.6883570e-009
 3.7171290e-009
 3.7069094e-009
 3.6606431e-009
 3.5812635e-009
 3.4716756e-009
 3.3348659e-009
 3.1737448e-009
 2.9912457e-009
 2.7902540e-009
 2.5737983e-009
 2.3447666e-009
 2.1060929e-009
 1.8607099e-009
 1.6114935e-009
 1.3614952e-009
 1.1135902e-009
 8.7071195e-010
 6.3573941e-010
 4.1171869e-010
 2.0152639e-010
 8.0965052e-012
-1.6621836e-010
-3.2141498e-010
-4.5832194e-010
-5.7772465e-010
-6.8040790e-010
-7.6717571e-010
-8.3877222e-010
-8.9600460e-010
-9.3965802e-010
-9.7052344e-010
-9.8937136e-010
-9.9699571e-010
-9.9418151e-010
-9.8170982e-010
-9.6037189e-010
-9.3095065e-010
-8.9423130e-010
-8.5099899e-010
-8.0202628e-010
-7.4812184e-010
-6.9005984e-010
-6.2862510e-010
-5.6458738e-010
-4.9876220e-010
-4.3191975e-010
-3.6484513e-010
-2.9830757e-010
-2.3312405e-010
-1.7006363e-010
-1.0991136e-010
-5.3439364e-011
-1.4598748e-012
 4.5407140e-011
 8.7187951e-011
 1.2408907e-010
 1.5632430e-010
 1.8408493e-010
 2.0758574e-010
 2.2703335e-010
 2.4263760e-010
 2.5459773e-010
 2.6312447e-010
 2.6842448e-010
 2.7070449e-010
 2.7017005e-010
 2.6702873e-010
 2.6148708e-010
 2.5375169e-010
 2.4402663e-010
 2.3252321e-010
 2.1944584e-010
 2.0500120e-010
 1.8939204e-010
 1.7283240e-010
 1.5552531e-010
 1.3767743e-010
 1.1949089e-010
 1.0118104e-010
 8.2950181e-011
 6.5004946e-011
 4.7551848e-011
 3.0793656e-011
 1.4945002e-011
 2.0837557e-013
-1.3249158e-011
-2.5428458e-011
-3.6365071e-011
-4.6103357e-011
-5.4684635e-011
-6.2151874e-011
-6.8542859e-011
-7.3900802e-011
-7.8267025e-011
-8.1683549e-011
-8.4190092e-011
-8.5828872e-011
-8.6641229e-011
-8.6668471e-011
-8.5951662e-011
-8.4532471e-011
-8.2452135e-011
-7.9751983e-011
-7.6472467e-011
-7.2656485e-011
-6.8344656e-011
-6.3578282e-011
-5.8397405e-011
-5.2845815e-011
-4.6963666e-011
-4.0792255e-011
-3.4372918e-011
-2.7745356e-011
-2.0954067e-011
-1.4038814e-011
-7.0409113e-012
 0.0000000e+000
