splib07b Record=7298:  error bars to preceding                
 2.7661550e-001
 2.7661550e-001
 2.6316476e-001
 2.4976076e-001
 2.3643029e-001
 2.2320206e-001
 2.1010293e-001
 1.9715975e-001
 1.8440121e-001
 1.7185357e-001
 1.5954547e-001
 1.4750379e-001
 1.3575546e-001
 1.2432904e-001
 1.1325143e-001
 1.0254963e-001
 9.2252061e-002
 8.2385719e-002
 7.2977647e-002
 6.4056158e-002
 5.5648297e-002
 4.7781166e-002
 4.0482949e-002
 3.3780746e-002
 2.7701775e-002
 2.2270668e-002
 1.7475724e-002
 1.3283976e-002
 9.6627297e-003
 6.5785805e-003
 3.9987229e-003
 1.8899404e-003
 2.1909364e-004
-1.0467507e-003
-1.9407459e-003
-2.4959892e-003
-2.7455054e-003
-2.7223965e-003
-2.4597282e-003
-1.9905940e-003
-1.3480661e-003
-5.6518149e-004
 3.2491703e-004
 1.2892298e-003
 2.2945930e-003
 3.3079740e-003
 4.2963410e-003
 5.2265311e-003
 6.0655135e-003
 6.7824321e-003
 7.3700319e-003
 7.8356545e-003
 8.1868339e-003
 8.4310547e-003
 8.5758520e-003
 8.6287437e-003
 8.5972436e-003
 8.4888702e-003
 8.3111357e-003
 8.0715707e-003
 7.7776862e-003
 7.4369833e-003
 7.0570111e-003
 6.6452716e-003
 6.2092626e-003
 5.7565393e-003
 5.2946014e-003
 4.8309453e-003
 4.3731299e-003
 3.9286315e-003
 3.5050078e-003
 3.1097564e-003
 2.7503790e-003
 2.4338856e-003
 2.1612716e-003
 1.9298182e-003
 1.7367820e-003
 1.5793864e-003
 1.4548621e-003
 1.3604562e-003
 1.2933941e-003
 1.2509186e-003
 1.2302601e-003
 1.2286552e-003
 1.2433394e-003
 1.2715471e-003
 1.3105159e-003
 1.3574774e-003
 1.4096692e-003
 1.4643281e-003
 1.5186856e-003
 1.5699788e-003
 1.6154449e-003
 1.6523155e-003
 1.6780199e-003
 1.6921556e-003
 1.6956923e-003
 1.6896237e-003
 1.6749420e-003
 1.6526410e-003
 1.6237128e-003
 1.5891492e-003
 1.5499454e-003
 1.5070931e-003
 1.4615830e-003
 1.4144115e-003
 1.3665699e-003
 1.3190485e-003
 1.2728446e-003
 1.2289467e-003
 1.1883518e-003
 1.1520489e-003
 1.1209650e-003
 1.0952232e-003
 1.0744364e-003
 1.0582109e-003
 1.0461506e-003
 1.0378595e-003
 1.0329434e-003
 1.0310067e-003
 1.0316540e-003
 1.0344899e-003
 1.0391193e-003
 1.0451473e-003
 1.0521779e-003
 1.0598161e-003
 1.0676670e-003
 1.0753348e-003
 1.0824244e-003
 1.0885408e-003
 1.0933133e-003
 1.0966667e-003
 1.0987174e-003
 1.0995849e-003
 1.0993886e-003
 1.0982481e-003
 1.0962825e-003
 1.0936122e-003
 1.0903558e-003
 1.0866333e-003
 1.0825644e-003
 1.0782680e-003
 1.0738639e-003
 1.0694723e-003
 1.0652116e-003
 1.0612019e-003
 1.0575628e-003
 1.0543753e-003
 1.0516270e-003
 1.0492906e-003
 1.0473385e-003
 1.0457429e-003
 1.0444768e-003
 1.0435126e-003
 1.0428230e-003
 1.0423802e-003
 1.0421571e-003
 1.0421261e-003
 1.0422597e-003
 1.0425308e-003
 1.0429114e-003
 1.0433745e-003
 1.0438979e-003
 1.0444733e-003
 1.0450939e-003
 1.0457537e-003
 1.0464460e-003
 1.0471648e-003
 1.0479038e-003
 1.0486563e-003
 1.0494160e-003
 1.0501766e-003
 1.0509319e-003
 1.0516752e-003
 1.0524002e-003
 1.0531009e-003
 1.0537708e-003
 1.0544072e-003
 1.0550190e-003
 1.0556158e-003
 1.0562075e-003
 1.0568043e-003
 1.0574160e-003
 1.0580523e-003
 1.0587238e-003
 1.0594398e-003
 1.0602108e-003
 1.0610464e-003
 1.0619565e-003
 1.0629513e-003
 1.0640403e-003
 1.0652342e-003
 1.0665365e-003
 1.0679382e-003
 1.0694265e-003
 1.0709895e-003
 1.0726150e-003
 1.0742907e-003
 1.0760046e-003
 1.0777444e-003
 1.0794981e-003
 1.0812534e-003
 1.0829977e-003
 1.0847196e-003
 1.0864064e-003
 1.0880475e-003
 1.0896482e-003
 1.0912252e-003
 1.0927955e-003
 1.0943762e-003
 1.0959839e-003
 1.0976356e-003
 1.0993487e-003
 1.1011396e-003
 1.1030252e-003
 1.1050228e-003
 1.1071492e-003
 1.1094195e-003
 1.1118291e-003
 1.1143578e-003
 1.1169863e-003
 1.1196949e-003
 1.1224636e-003
 1.1252728e-003
 1.1281030e-003
 1.1309341e-003
 1.1337466e-003
 1.1365204e-003
 1.1392361e-003
 1.1418754e-003
 1.1444398e-003
 1.1469445e-003
 1.1494048e-003
 1.1518361e-003
 1.1542543e-003
 1.1566743e-003
 1.1591123e-003
 1.1615834e-003
 1.1641030e-003
 1.1666864e-003
 1.1693495e-003
 1.1721076e-003
 1.1749774e-003
 1.1779753e-003
 1.1811182e-003
 1.1844230e-003
 1.1879067e-003
 1.1915858e-003
 1.1954778e-003
 1.1995992e-003
 1.2039668e-003
 1.2085971e-003
 1.2135077e-003
 1.2187111e-003
 1.2241649e-003
 1.2297891e-003
 1.2355017e-003
 1.2412206e-003
 1.2468649e-003
 1.2523527e-003
 1.2576018e-003
 1.2625314e-003
 1.2670592e-003
 1.2711039e-003
 1.2745833e-003
 1.2774247e-003
 1.2796663e-003
 1.2814273e-003
 1.2828290e-003
 1.2839916e-003
 1.2850362e-003
 1.2860839e-003
 1.2872556e-003
 1.2886720e-003
 1.2904538e-003
 1.2927224e-003
 1.2955981e-003
 1.2991927e-003
 1.3034842e-003
 1.3083556e-003
 1.3136867e-003
 1.3193581e-003
 1.3252491e-003
 1.3312411e-003
 1.3372132e-003
 1.3430470e-003
 1.3486218e-003
 1.3538181e-003
 1.3585154e-003
 1.3626022e-003
 1.3660655e-003
 1.3689657e-003
 1.3713657e-003
 1.3733277e-003
 1.3749140e-003
 1.3761870e-003
 1.3772089e-003
 1.3780425e-003
 1.3787496e-003
 1.3793932e-003
 1.3800352e-003
 1.3807373e-003
 1.3815506e-003
 1.3825180e-003
 1.3836827e-003
 1.3850874e-003
 1.3867752e-003
 1.3887886e-003
 1.3911711e-003
 1.3939652e-003
 1.3972140e-003
 1.4009604e-003
 1.4052474e-003
 1.4101109e-003
 1.4154909e-003
 1.4212547e-003
 1.4272697e-003
 1.4334013e-003
 1.4395159e-003
 1.4454790e-003
 1.4511580e-003
 1.4564180e-003
 1.4611263e-003
 1.4651482e-003
 1.4683505e-003
 1.4706082e-003
 1.4719341e-003
 1.4724430e-003
 1.4722522e-003
 1.4714788e-003
 1.4702406e-003
 1.4686550e-003
 1.4668390e-003
 1.4649102e-003
 1.4629860e-003
 1.4611837e-003
 1.4596204e-003
 1.4584096e-003
 1.4575957e-003
 1.4571721e-003
 1.4571315e-003
 1.4574658e-003
 1.4581672e-003
 1.4592285e-003
 1.4606412e-003
 1.4623982e-003
 1.4644912e-003
 1.4669129e-003
 1.4696554e-003
 1.4727107e-003
 1.4760664e-003
 1.4797075e-003
 1.4836186e-003
 1.4877843e-003
 1.4921897e-003
 1.4968187e-003
 1.5016561e-003
 1.5066871e-003
 1.5118954e-003
 1.5172668e-003
 1.5227854e-003
 1.5284253e-003
 1.5340020e-003
 1.5392103e-003
 1.5437409e-003
 1.5472838e-003
 1.5495308e-003
 1.5501720e-003
 1.5488985e-003
 1.5454011e-003
 1.5393702e-003
 1.5304978e-003
 1.5184729e-003
 1.5030280e-003
 1.4845192e-003
 1.4637901e-003
 1.4416919e-003
 1.4190831e-003
 1.3968144e-003
 1.3757428e-003
 1.3567229e-003
 1.3406108e-003
 1.3282585e-003
 1.3205226e-003
 1.3182567e-003
 1.3222543e-003
 1.3323493e-003
 1.3476207e-003
 1.3671322e-003
 1.3899406e-003
 1.4151107e-003
 1.4417007e-003
 1.4687718e-003
 1.4953841e-003
 1.5205956e-003
 1.5434698e-003
 1.5630691e-003
 1.5785010e-003
 1.5896505e-003
 1.5970169e-003
 1.6011158e-003
 1.6024635e-003
 1.6015760e-003
 1.5989685e-003
 1.5951574e-003
 1.5906584e-003
 1.5859877e-003
 1.5816609e-003
 1.5781935e-003
 1.5760773e-003
 1.5754161e-003
 1.5760045e-003
 1.5776280e-003
 1.5800721e-003
 1.5831222e-003
 1.5865644e-003
 1.5901841e-003
 1.5937667e-003
 1.5970977e-003
 1.5999631e-003
 1.6021484e-003
 1.6034531e-003
 1.6039006e-003
 1.6036951e-003
 1.6030456e-003
 1.6021614e-003
 1.6012518e-003
 1.6005258e-003
 1.6001929e-003
 1.6004620e-003
 1.6015426e-003
 1.6036434e-003
 1.6069739e-003
 1.6117056e-003
 1.6173874e-003
 1.6230633e-003
 1.6277621e-003
 1.6305124e-003
 1.6303440e-003
 1.6262849e-003
 1.6173647e-003
 1.6026115e-003
 1.5810544e-003
 1.5517254e-003
 1.5136520e-003
 1.4659634e-003
 1.4095275e-003
 1.3466314e-003
 1.2796038e-003
 1.2107803e-003
 1.1424773e-003
 1.0770356e-003
 1.0167724e-003
 9.6402242e-004
 9.2111493e-004
 8.9038111e-004
 8.7414437e-004
 8.7458594e-004
 8.9136488e-004
 9.2205423e-004
 9.6416310e-004
 1.0151955e-003
 1.0726701e-003
 1.1340863e-003
 1.1969641e-003
 1.2588075e-003
 1.3171254e-003
 1.3694274e-003
 1.4139515e-003
 1.4513291e-003
 1.4826728e-003
 1.5090889e-003
 1.5316883e-003
 1.5515810e-003
 1.5698759e-003
 1.5876848e-003
 1.6061197e-003
 1.6256872e-003
 1.6449230e-003
 1.6619586e-003
 1.6749247e-003
 1.6819555e-003
 1.6811825e-003
 1.6707362e-003
 1.6487488e-003
 1.6133519e-003
 1.5638794e-003
 1.5036056e-003
 1.4366390e-003
 1.3670661e-003
 1.2989911e-003
 1.2365128e-003
 1.1837343e-003
 1.1447441e-003
 1.1236470e-003
 1.1230066e-003
 1.1402984e-003
 1.1719365e-003
 1.2143304e-003
 1.2639014e-003
 1.3170555e-003
 1.3702163e-003
 1.4197925e-003
 1.4621986e-003
 1.4949790e-003
 1.5194685e-003
 1.5378004e-003
 1.5521051e-003
 1.5645118e-003
 1.5771498e-003
 1.5921502e-003
 1.6116408e-003
 1.6377527e-003
 1.6712145e-003
 1.7080032e-003
 1.7430977e-003
 1.7714758e-003
 1.7881152e-003
 1.7879982e-003
 1.7661012e-003
 1.7174019e-003
 1.6368789e-003
 1.5232147e-003
 1.3877106e-003
 1.2443083e-003
 1.1069983e-003
 9.8972232e-004
 9.0646074e-004
 8.7118085e-004
 8.9693378e-004
 9.8017999e-004
 1.1028694e-003
 1.2465004e-003
 1.3925383e-003
 1.5224578e-003
 1.6184608e-003
 1.6762333e-003
 1.7032370e-003
 1.7073498e-003
 1.6964414e-003
 1.6783854e-003
 1.6608334e-003
 1.6473421e-003
 1.6378576e-003
 1.6322043e-003
 1.6302073e-003
 1.6316912e-003
 1.6364629e-003
 1.6439999e-003
 1.6534912e-003
 1.6641156e-003
 1.6750508e-003
 1.6854745e-003
 1.6945748e-003
 1.7017276e-003
 1.7064775e-003
 1.7083739e-003
 1.7069653e-003
 1.7018014e-003
 1.6924944e-003
 1.6798489e-003
 1.6657290e-003
 1.6520411e-003
 1.6406860e-003
 1.6335691e-003
 1.6324826e-003
 1.6370895e-003
 1.6451462e-003
 1.6543397e-003
 1.6623598e-003
 1.6668939e-003
 1.6657574e-003
 1.6592214e-003
 1.6497637e-003
 1.6399443e-003
 1.6323196e-003
 1.6294492e-003
 1.6337626e-003
 1.6451980e-003
 1.6614377e-003
 1.6800865e-003
 1.6987496e-003
 1.7150288e-003
 1.7266143e-003
 1.7329017e-003
 1.7348350e-003
 1.7334148e-003
 1.7296411e-003
 1.7245138e-003
 1.7189903e-003
 1.7131770e-003
 1.7064052e-003
 1.6979777e-003
 1.6871956e-003
 1.6733623e-003
 1.6558419e-003
 1.6352168e-003
 1.6131867e-003
 1.5914878e-003
 1.5718627e-003
 1.5560477e-003
 1.5457367e-003
 1.5416759e-003
 1.5437410e-003
 1.5517758e-003
 1.5656224e-003
 1.5851271e-003
 1.6100706e-003
 1.6390050e-003
 1.6693416e-003
 1.6984575e-003
 1.7237195e-003
 1.7425041e-003
 1.7523030e-003
 1.7531067e-003
 1.7472225e-003
 1.7370468e-003
 1.7249734e-003
 1.7133962e-003
 1.7046245e-003
 1.6991989e-003
 1.6960111e-003
 1.6938903e-003
 1.6916653e-003
 1.6881872e-003
 1.6830490e-003
 1.6767450e-003
 1.6698246e-003
 1.6628376e-003
 1.6563326e-003
 1.6508579e-003
 1.6469634e-003
 1.6451984e-003
 1.6460966e-003
 1.6496636e-003
 1.6552596e-003
 1.6622045e-003
 1.6698202e-003
 1.6774265e-003
 1.6843441e-003
 1.6898930e-003
 1.6933945e-003
 1.6941869e-003
 1.6922221e-003
 1.6882083e-003
 1.6829007e-003
 1.6770544e-003
 1.6714238e-003
 1.6667641e-003
 1.6638300e-003
 1.6633765e-003
 1.6661399e-003
 1.6721932e-003
 1.6807865e-003
 1.6911199e-003
 1.7023938e-003
 1.7138075e-003
 1.7245602e-003
 1.7338515e-003
 1.7408807e-003
 1.7448664e-003
 1.7456738e-003
 1.7439761e-003
 1.7404974e-003
 1.7359626e-003
 1.7310964e-003
 1.7266227e-003
 1.7232656e-003
 1.7217498e-003
 1.7227763e-003
 1.7261882e-003
 1.7307493e-003
 1.7351571e-003
 1.7381073e-003
 1.7382965e-003
 1.7344208e-003
 1.7251760e-003
 1.7092607e-003
 1.6854132e-003
 1.6540359e-003
 1.6176177e-003
 1.5787903e-003
 1.5401829e-003
 1.5044274e-003
 1.4741470e-003
 1.4519753e-003
 1.4405375e-003
 1.4424060e-003
 1.4579500e-003
 1.4847359e-003
 1.5201445e-003
 1.5615635e-003
 1.6063817e-003
 1.6519804e-003
 1.6957442e-003
 1.7350576e-003
 1.7673292e-003
 1.7909772e-003
 1.8057029e-003
 1.8112879e-003
 1.8075170e-003
 1.7941743e-003
 1.7710468e-003
 1.7379147e-003
 1.6945684e-003
 1.6408303e-003
 1.5782861e-003
 1.5107791e-003
 1.4423088e-003
 1.3768560e-003
 1.3184249e-003
 1.2709980e-003
 1.2385743e-003
 1.2251468e-003
 1.2346043e-003
 1.2668410e-003
 1.3165503e-003
 1.3780933e-003
 1.4458171e-003
 1.5140732e-003
 1.5772077e-003
 1.6295835e-003
 1.6655440e-003
 1.6795646e-003
 1.6707551e-003
 1.6443031e-003
 1.6058069e-003
 1.5608682e-003
 1.5150809e-003
 1.4740380e-003
 1.4433418e-003
 1.4285902e-003
 1.4352647e-003
 1.4641809e-003
 1.5100214e-003
 1.5670569e-003
 1.6295471e-003
 1.6917564e-003
 1.7479474e-003
 1.7923807e-003
 1.8204423e-003
 1.8336636e-003
 1.8356988e-003
 1.8302017e-003
 1.8208263e-003
 1.8112283e-003
 1.8045234e-003
 1.8008467e-003
 1.7993011e-003
 1.7989902e-003
 1.7990161e-003
 1.7984817e-003
 1.7966363e-003
 1.7935481e-003
 1.7895704e-003
 1.7850555e-003
 1.7803566e-003
 1.7758273e-003
 1.7718697e-003
 1.7691688e-003
 1.7685073e-003
 1.7706678e-003
 1.7764334e-003
 1.7865859e-003
 1.8012557e-003
 1.8168802e-003
 1.8286025e-003
 1.8315683e-003
 1.8209189e-003
 1.7918004e-003
 1.7411144e-003
 1.6757704e-003
 1.6062044e-003
 1.5428378e-003
 1.4961106e-003
 1.4764572e-003
 1.4918880e-003
 1.5366245e-003
 1.5999967e-003
 1.6713474e-003
 1.7400021e-003
 1.7952869e-003
 1.8283846e-003
 1.8410159e-003
 1.8386610e-003
 1.8268044e-003
 1.8109296e-003
 1.7965217e-003
 1.7882705e-003
 1.7862869e-003
 1.7890475e-003
 1.7950259e-003
 1.8026972e-003
 1.8105352e-003
 1.8171672e-003
 1.8221160e-003
 1.8252227e-003
 1.8263307e-003
 1.8252815e-003
 1.8219184e-003
 1.8161832e-003
 1.8085940e-003
 1.7998784e-003
 1.7907651e-003
 1.7819795e-003
 1.7742503e-003
 1.7682285e-003
 1.7641144e-003
 1.7619468e-003
 1.7617641e-003
 1.7636039e-003
 1.7675045e-003
 1.7734187e-003
 1.7808027e-003
 1.7889291e-003
 1.7970710e-003
 1.8045026e-003
 1.8104964e-003
 1.8144445e-003
 1.8164434e-003
 1.8168462e-003
 1.8160072e-003
 1.8142798e-003
 1.8120186e-003
 1.8095777e-003
 1.8073175e-003
 1.8055987e-003
 1.8047835e-003
 1.8052328e-003
 1.8073088e-003
 1.8112489e-003
 1.8165539e-003
 1.8224525e-003
 1.8281721e-003
 1.8329399e-003
 1.8359845e-003
 1.8366963e-003
 1.8354476e-003
 1.8329748e-003
 1.8300154e-003
 1.8273070e-003
 1.8255862e-003
 1.8253563e-003
 1.8257067e-003
 1.8251989e-003
 1.8223935e-003
 1.8158518e-003
 1.8041335e-003
 1.7863035e-003
 1.7644884e-003
 1.7419570e-003
 1.7219862e-003
 1.7078513e-003
 1.7028248e-003
 1.7091967e-003
 1.7232399e-003
 1.7389627e-003
 1.7503659e-003
 1.7514514e-003
 1.7362221e-003
 1.7003756e-003
 1.6500190e-003
 1.5952057e-003
 1.5459819e-003
 1.5124087e-003
 1.5045420e-003
 1.5300869e-003
 1.5822737e-003
 1.6488137e-003
 1.7174254e-003
 1.7758100e-003
 1.8116714e-003
 1.8151491e-003
 1.7914014e-003
 1.7513445e-003
 1.7058942e-003
 1.6659776e-003
 1.6425195e-003
 1.6445015e-003
 1.6688459e-003
 1.7078294e-003
 1.7537309e-003
 1.7988185e-003
 1.8353607e-003
 1.8567960e-003
 1.8638200e-003
 1.8599391e-003
 1.8486680e-003
 1.8335116e-003
 1.8179927e-003
 1.8053099e-003
 1.7967571e-003
 1.7928811e-003
 1.7942261e-003
 1.8013357e-003
 1.8147607e-003
 1.8343142e-003
 1.8552599e-003
 1.8710679e-003
 1.8752081e-003
 1.8611472e-003
 1.8223658e-003
 1.7543642e-003
 1.6656701e-003
 1.5699038e-003
 1.4806974e-003
 1.4116933e-003
 1.3764943e-003
 1.3861089e-003
 1.4345904e-003
 1.5093356e-003
 1.5977068e-003
 1.6871314e-003
 1.7649267e-003
 1.8201527e-003
 1.8523241e-003
 1.8651311e-003
 1.8622741e-003
 1.8474583e-003
 1.8243733e-003
 1.7964649e-003
 1.7653991e-003
 1.7321652e-003
 1.6977517e-003
 1.6631229e-003
 1.6292860e-003
 1.5973236e-003
 1.5691144e-003
 1.5468383e-003
 1.5326764e-003
 1.5288093e-003
 1.5374192e-003
 1.5600281e-003
 1.5939157e-003
 1.6346409e-003
 1.6777611e-003
 1.7188338e-003
 1.7534108e-003
 1.7774760e-003
 1.7896770e-003
 1.7897744e-003
 1.7775196e-003
 1.7526723e-003
 1.7149696e-003
 1.6649510e-003
 1.6081030e-003
 1.5519694e-003
 1.5040926e-003
 1.4720148e-003
 1.4632768e-003
 1.4838495e-003
 1.5292516e-003
 1.5907850e-003
 1.6597157e-003
 1.7273034e-003
 1.7848542e-003
 1.8247731e-003
 1.8473517e-003
 1.8560461e-003
 1.8543318e-003
 1.8456837e-003
 1.8335789e-003
 1.8212229e-003
 1.8100759e-003
 1.8008588e-003
 1.7942990e-003
 1.7911219e-003
 1.7920525e-003
 1.7976139e-003
 1.8069757e-003
 1.8187360e-003
 1.8315039e-003
 1.8438804e-003
 1.8544669e-003
 1.8620089e-003
 1.8661759e-003
 1.8670324e-003
 1.8646404e-003
 1.8590627e-003
 1.8503624e-003
 1.8387692e-003
 1.8256255e-003
 1.8127566e-003
 1.8019732e-003
 1.7950956e-003
 1.7939411e-003
 1.7999165e-003
 1.8115970e-003
 1.8263838e-003
 1.8416666e-003
 1.8548371e-003
 1.8632871e-003
 1.8648774e-003
 1.8606944e-003
 1.8531858e-003
 1.8447974e-003
 1.8379808e-003
 1.8351855e-003
 1.8383791e-003
 1.8461910e-003
 1.8558442e-003
 1.8645524e-003
 1.8695298e-003
 1.8679920e-003
 1.8577998e-003
 1.8412838e-003
 1.8226957e-003
 1.8062743e-003
 1.7962705e-003
 1.7969331e-003
 1.8113760e-003
 1.8347761e-003
 1.8589417e-003
 1.8756385e-003
 1.8766603e-003
 1.8537842e-003
 1.8008176e-003
 1.7256852e-003
 1.6424776e-003
 1.5652147e-003
 1.5079747e-003
 1.4848212e-003
 1.5069995e-003
 1.5658122e-003
 1.6440217e-003
 1.7242653e-003
 1.7892770e-003
 1.8217317e-003
 1.8073308e-003
 1.7531196e-003
 1.6754596e-003
 1.5906771e-003
 1.5151475e-003
 1.4652344e-003
 1.4549027e-003
 1.4809631e-003
 1.5327923e-003
 1.5996801e-003
 1.6709832e-003
 1.7360151e-003
 1.7852917e-003
 1.8179752e-003
 1.8369497e-003
 1.8451539e-003
 1.8455051e-003
 1.8409296e-003
 1.8341572e-003
 1.8265174e-003
 1.8187193e-003
 1.8114781e-003
 1.8054997e-003
 1.8014959e-003
 1.8000832e-003
 1.8012028e-003
 1.8044965e-003
 1.8096071e-003
 1.8161727e-003
 1.8238369e-003
 1.8321993e-003
 1.8405586e-003
 1.8480871e-003
 1.8539467e-003
 1.8573079e-003
 1.8573367e-003
 1.8533241e-003
 1.8454717e-003
 1.8343881e-003
 1.8206758e-003
 1.8049531e-003
 1.7878208e-003
 1.7700788e-003
 1.7539192e-003
 1.7421466e-003
 1.7375844e-003
 1.7430431e-003
 1.7613397e-003
 1.7941360e-003
 1.8345278e-003
 1.8717512e-003
 1.8950461e-003
 1.8936215e-003
 1.8567075e-003
 1.7760840e-003
 1.6626298e-003
 1.5358555e-003
 1.4153332e-003
 1.3205566e-003
 1.2711415e-003
 1.2834042e-003
 1.3497340e-003
 1.4515910e-003
 1.5704627e-003
 1.6876943e-003
 1.7847775e-003
 1.8454372e-003
 1.8709290e-003
 1.8704970e-003
 1.8534304e-003
 1.8290026e-003
 1.8065139e-003
 1.7939394e-003
 1.7894391e-003
 1.7866618e-003
 1.7792296e-003
 1.7607745e-003
 1.7249144e-003
 1.6666284e-003
 1.5912091e-003
 1.5087009e-003
 1.4291874e-003
 1.3626979e-003
 1.3193480e-003
 1.3073438e-003
 1.3208778e-003
 1.3476232e-003
 1.3752390e-003
 1.3913512e-003
 1.3836124e-003
 1.3420160e-003
 1.2745991e-003
 1.1978161e-003
 1.1281749e-003
 1.0821400e-003
 1.0762369e-003
 1.1239927e-003
 1.2160474e-003
 1.3323360e-003
 1.4527321e-003
 1.5570939e-003
 1.6253436e-003
 1.6403691e-003
 1.6089556e-003
 1.5490394e-003
 1.4786416e-003
 1.4157334e-003
 1.3783639e-003
 1.3818254e-003
 1.4203809e-003
 1.4783485e-003
 1.5399880e-003
 1.5895525e-003
 1.6113224e-003
 1.5916933e-003
 1.5339992e-003
 1.4495888e-003
 1.3498779e-003
 1.2462086e-003
 1.1500492e-003
 1.0720649e-003
 1.0176182e-003
 9.8949601e-004
 9.9046854e-004
 1.0232981e-003
 1.0907816e-003
 1.1943426e-003
 1.3251535e-003
 1.4693784e-003
 1.6131657e-003
 1.7426640e-003
 1.8440069e-003
 1.9052109e-003
 1.9288062e-003
 1.9244060e-003
 1.9016390e-003
 1.8701467e-003
 1.8395472e-003
 1.8185644e-003
 1.8083811e-003
 1.8065727e-003
 1.8106865e-003
 1.8182705e-003
 1.8268700e-003
 1.8342559e-003
 1.8399570e-003
 1.8443691e-003
 1.8478892e-003
 1.8509142e-003
 1.8538439e-003
 1.8570401e-003
 1.8605945e-003
 1.8644620e-003
 1.8685982e-003
 1.8729576e-003
 1.8774949e-003
 1.8821099e-003
 1.8862301e-003
 1.8890584e-003
 1.8897934e-003
 1.8876344e-003
 1.8818057e-003
 1.8727335e-003
 1.8625377e-003
 1.8534794e-003
 1.8478077e-003
 1.8476470e-003
 1.8528491e-003
 1.8613575e-003
 1.8710467e-003
 1.8798021e-003
 1.8856650e-003
 1.8880329e-003
 1.8869733e-003
 1.8825600e-003
 1.8748628e-003
 1.8641675e-003
 1.8516779e-003
 1.8388646e-003
 1.8271988e-003
 1.8181432e-003
 1.8131535e-003
 1.8136272e-003
 1.8209593e-003
 1.8365439e-003
 1.8616673e-003
 1.8922464e-003
 1.9164761e-003
 1.9219165e-003
 1.8961513e-003
 1.8278884e-003
 1.7259681e-003
 1.6164022e-003
 1.5258926e-003
 1.4810135e-003
 1.5042286e-003
 1.5824524e-003
 1.6846773e-003
 1.7797429e-003
 1.8365475e-003
 1.8317669e-003
 1.7779808e-003
 1.6979754e-003
 1.6145428e-003
 1.5504555e-003
 1.5203911e-003
 1.5184822e-003
 1.5356650e-003
 1.5628776e-003
 1.5911304e-003
 1.6155874e-003
 1.6375353e-003
 1.6587214e-003
 1.6809206e-003
 1.7058012e-003
 1.7333737e-003
 1.7621979e-003
 1.7907799e-003
 1.8176457e-003
 1.8413200e-003
 1.8606420e-003
 1.8745769e-003
 1.8820961e-003
 1.8821730e-003
 1.8745513e-003
 1.8625677e-003
 1.8506078e-003
 1.8430566e-003
 1.8442923e-003
 1.8555633e-003
 1.8700412e-003
 1.8795918e-003
 1.8760964e-003
 1.8515217e-003
 1.8030582e-003
 1.7357061e-003
 1.6551211e-003
 1.5668971e-003
 1.4769714e-003
 1.3955798e-003
 1.3369385e-003
 1.3153839e-003
 1.3452541e-003
 1.4373660e-003
 1.5715506e-003
 1.7113392e-003
 1.8201323e-003
 1.8613298e-003
 1.8080533e-003
 1.6794623e-003
 1.5085286e-003
 1.3280591e-003
 1.1709721e-003
 1.0689670e-003
 1.0307323e-003
 1.0444021e-003
 1.0973435e-003
 1.1769300e-003
 1.2705333e-003
 1.3658444e-003
 1.4566764e-003
 1.5424438e-003
 1.6226503e-003
 1.6969064e-003
 1.7647622e-003
 1.8256368e-003
 1.8763510e-003
 1.9112679e-003
 1.9247237e-003
 1.9110227e-003
 1.8644774e-003
 1.7800021e-003
 1.6642872e-003
 1.5346325e-003
 1.4088836e-003
 1.3047280e-003
 1.2399463e-003
 1.2313471e-003
 1.2770768e-003
 1.3582064e-003
 1.4552464e-003
 1.5485922e-003
 1.6187578e-003
 1.6470220e-003
 1.6312659e-003
 1.5845710e-003
 1.5206320e-003
 1.4530827e-003
 1.3955972e-003
 1.3613062e-003
 1.3526556e-003
 1.3622324e-003
 1.3822661e-003
 1.4049646e-003
 1.4225609e-003
 1.4275379e-003
 1.4177470e-003
 1.3959961e-003
 1.3653036e-003
 1.3286592e-003
 1.2890713e-003
 1.2494742e-003
 1.2113850e-003
 1.1750094e-003
 1.1404766e-003
 1.1079605e-003
 1.0775913e-003
 1.0495933e-003
 1.0255985e-003
 1.0085611e-003
 1.0014860e-003
 1.0073775e-003
 1.0292353e-003
 1.0698877e-003
 1.1283654e-003
 1.2001328e-003
 1.2805708e-003
 1.3649637e-003
 1.4486965e-003
 1.5270690e-003
 1.5948778e-003
 1.6464283e-003
 1.6760044e-003
 1.6779019e-003
 1.6464079e-003
 1.5764050e-003
 1.4753970e-003
 1.3628489e-003
 1.2586156e-003
 1.1826819e-003
 1.1549123e-003
 1.1941021e-003
 1.2950898e-003
 1.4299348e-003
 1.5697682e-003
 1.6858163e-003
 1.7491585e-003
 1.7324222e-003
 1.6383440e-003
 1.4985378e-003
 1.3456629e-003
 1.2125607e-003
 1.1318920e-003
 1.1349105e-003
 1.2204952e-003
 1.3564840e-003
 1.5094377e-003
 1.6460241e-003
 1.7327408e-003
 1.7377308e-003
 1.6612326e-003
 1.5345265e-003
 1.3901545e-003
 1.2606792e-003
 1.1785828e-003
 1.1750915e-003
 1.2516754e-003
 1.3811059e-003
 1.5349407e-003
 1.6848494e-003
 1.8023171e-003
 1.8599916e-003
 1.8520482e-003
 1.7937213e-003
 1.7011145e-003
 1.5903523e-003
 1.4774771e-003
 1.3786695e-003
 1.3099753e-003
 1.2835088e-003
 1.2957416e-003
 1.3393624e-003
 1.4070148e-003
 1.4914025e-003
 1.5851887e-003
 1.6810463e-003
 1.7716486e-003
 1.8496565e-003
 1.9092844e-003
 1.9505720e-003
 1.9750781e-003
 1.9843250e-003
 1.9798446e-003
 1.9631677e-003
 1.9358323e-003
 1.8993523e-003
 1.8552853e-003
 1.8052154e-003
 1.7510512e-003
 1.6947765e-003
 1.6383356e-003
 1.5837421e-003
 1.5329402e-003
 1.4879139e-003
 1.4506374e-003
 1.4230845e-003
 1.4065879e-003
 1.3999081e-003
 1.4011771e-003
 1.4085216e-003
 1.4200690e-003
 1.4339448e-003
 1.4482838e-003
 1.4612033e-003
 1.4708388e-003
 1.4758144e-003
 1.4767619e-003
 1.4748165e-003
 1.4711138e-003
 1.4667866e-003
 1.4629727e-003
 1.4608050e-003
 1.4614192e-003
 1.4659490e-003
 1.4752226e-003
 1.4888028e-003
 1.5059505e-003
 1.5259048e-003
 1.5479275e-003
 1.5712666e-003
 1.5951691e-003
 1.6188995e-003
 1.6416925e-003
 1.6628444e-003
 1.6817678e-003
 1.6979127e-003
 1.7107293e-003
 1.7196669e-003
 1.7241795e-003
 1.7237139e-003
 1.7177218e-003
 1.7056529e-003
 1.6874019e-003
 1.6646581e-003
 1.6396027e-003
 1.6143881e-003
 1.5911843e-003
 1.5721563e-003
 1.5594697e-003
 1.5552897e-003
 1.5617824e-003
 1.5803942e-003
 1.6096282e-003
 1.6472128e-003
 1.6908706e-003
 1.7383577e-003
 1.7873711e-003
 1.8356681e-003
 1.8809708e-003
 1.9210102e-003
 1.9536659e-003
 1.9774344e-003
 1.9909884e-003
 1.9929800e-003
 1.9820754e-003
 1.9569353e-003
 1.9162218e-003
 1.8585967e-003
 1.7827373e-003
 1.6895448e-003
 1.5896290e-003
 1.4960029e-003
 1.4217496e-003
 1.3799391e-003
 1.3826592e-003
 1.4264783e-003
 1.4954491e-003
 1.5732481e-003
 1.6435563e-003
 1.6900551e-003
 1.6974127e-003
 1.6662314e-003
 1.6100632e-003
 1.5427757e-003
 1.4783186e-003
 1.4305658e-003
 1.4125493e-003
 1.4232015e-003
 1.4499516e-003
 1.4798739e-003
 1.5000731e-003
 1.4976399e-003
 1.4605096e-003
 1.3903840e-003
 1.3003246e-003
 1.2036152e-003
 1.1136673e-003
 1.0437848e-003
 1.0065227e-003
 1.0016207e-003
 1.0182282e-003
 1.0451778e-003
 1.0713201e-003
 1.0855049e-003
 1.0772704e-003
 1.0478721e-003
 1.0082524e-003
 9.6959894e-004
 9.4314973e-004
 9.4009715e-004
 9.7100192e-004
 1.0352447e-003
 1.1230350e-003
 1.2241998e-003
 1.3286588e-003
 1.4263372e-003
 1.5074688e-003
 1.5694060e-003
 1.6152200e-003
 1.6482371e-003
 1.6717262e-003
 1.6889924e-003
 1.7032139e-003
 1.7155467e-003
 1.7254872e-003
 1.7324643e-003
 1.7359187e-003
 1.7352842e-003
 1.7301126e-003
 1.7219051e-003
 1.7138129e-003
 1.7090287e-003
 1.7107521e-003
 1.7221763e-003
 1.7461685e-003
 1.7797161e-003
 1.8149100e-003
 1.8436408e-003
 1.8578414e-003
 1.8494171e-003
 1.8109526e-003
 1.7464205e-003
 1.6695471e-003
 1.5942695e-003
 1.5346278e-003
 1.5045750e-003
 1.5171763e-003
 1.5692195e-003
 1.6436977e-003
 1.7230813e-003
 1.7899424e-003
 1.8267558e-003
 1.8170665e-003
 1.7617777e-003
 1.6767464e-003
 1.5782155e-003
 1.4825519e-003
 1.4059910e-003
 1.3642089e-003
 1.3608278e-003
 1.3892548e-003
 1.4425265e-003
 1.5137345e-003
 1.5958850e-003
 1.6819796e-003
 1.7635964e-003
 1.8309935e-003
 1.8744909e-003
 1.8843338e-003
 1.8508013e-003
 1.7651707e-003
 1.6362607e-003
 1.4880444e-003
 1.3451641e-003
 1.2320657e-003
 1.1733662e-003
 1.1920980e-003
 1.2851394e-003
 1.4264252e-003
 1.5892854e-003
 1.7468445e-003
 1.8724435e-003
 1.9404645e-003
 1.9478794e-003
 1.9111878e-003
 1.8475975e-003
 1.7742538e-003
 1.7083904e-003
 1.6665246e-003
 1.6535269e-003
 1.6640309e-003
 1.6923166e-003
 1.7326402e-003
 1.7793034e-003
 1.8266313e-003
 1.8705335e-003
 1.9082659e-003
 1.9370911e-003
 1.9543183e-003
 1.9572240e-003
 1.9432828e-003
 1.9134021e-003
 1.8715076e-003
 1.8216128e-003
 1.7677868e-003
 1.7140263e-003
 1.6642897e-003
 1.6203484e-003
 1.5820869e-003
 1.5493652e-003
 1.5219913e-003
 1.4998171e-003
 1.4826074e-003
 1.4691954e-003
 1.4575364e-003
 1.4455584e-003
 1.4312026e-003
 1.4123892e-003
 1.3870639e-003
 1.3531536e-003
 1.3094302e-003
 1.2577440e-003
 1.2005484e-003
 1.1403734e-003
 1.0796661e-003
 1.0209589e-003
 9.6671836e-004
 9.1941754e-004
 8.8157918e-004
 8.5496553e-004
 8.3888666e-004
 8.3206559e-004
 8.3324232e-004
 8.4114837e-004
 8.5452478e-004
 8.7209721e-004
 8.9261268e-004
 9.1479172e-004
 9.3780237e-004
 9.6234278e-004
 9.8942767e-004
 1.0201087e-003
 1.0553960e-003
 1.0963477e-003
 1.1439661e-003
 1.1992969e-003
 1.2633962e-003
 1.3364006e-003
 1.4154690e-003
 1.4969580e-003
 1.5773088e-003
 1.6529616e-003
 1.7202756e-003
 1.7757099e-003
 1.8156385e-003
 1.8365009e-003
 1.8362396e-003
 1.8184470e-003
 1.7879715e-003
 1.7496970e-003
 1.7084610e-003
 1.6691556e-003
 1.6366268e-003
 1.6157310e-003
 1.6113458e-003
 1.6264652e-003
 1.6572225e-003
 1.6982080e-003
 1.7439639e-003
 1.7890759e-003
 1.8281295e-003
 1.8556674e-003
 1.8662782e-003
 1.8545255e-003
 1.8171356e-003
 1.7588800e-003
 1.6863449e-003
 1.6060957e-003
 1.5247867e-003
 1.4489599e-003
 1.3852662e-003
 1.3402720e-003
 1.3205705e-003
 1.3305983e-003
 1.3666782e-003
 1.4232137e-003
 1.4946718e-003
 1.5754307e-003
 1.6599442e-003
 1.7426719e-003
 1.8179840e-003
 1.8803609e-003
 1.9255300e-003
 1.9543322e-003
 1.9687694e-003
 1.9708311e-003
 1.9625190e-003
 1.9458393e-003
 1.9227801e-003
 1.8953579e-003
 1.8655645e-003
 1.8350120e-003
 1.8039219e-003
 1.7721354e-003
 1.7395373e-003
 1.7059678e-003
 1.6713137e-003
 1.6354260e-003
 1.5981537e-003
 1.5593871e-003
 1.5189610e-003
 1.4767991e-003
 1.4334692e-003
 1.3901964e-003
 1.3482792e-003
 1.3089557e-003
 1.2735215e-003
 1.2432195e-003
 1.2193386e-003
 1.2031344e-003
 1.1958731e-003
 1.1988274e-003
 1.2132674e-003
 1.2403645e-003
 1.2794319e-003
 1.3279873e-003
 1.3834201e-003
 1.4431931e-003
 1.5046872e-003
 1.5653693e-003
 1.6226202e-003
 1.6738863e-003
 1.7166063e-003
 1.7481735e-003
 1.7660331e-003
 1.7677096e-003
 1.7532406e-003
 1.7250752e-003
 1.6857977e-003
 1.6379452e-003
 1.5841161e-003
 1.5268367e-003
 1.4687123e-003
 1.4122858e-003
 1.3601030e-003
 1.3147651e-003
 1.2788050e-003
 1.2547260e-003
 1.2430565e-003
 1.2424455e-003
 1.2514471e-003
 1.2686292e-003
 1.2925394e-003
 1.3217541e-003
 1.3548123e-003
 1.3902842e-003
 1.4267430e-003
 1.4627229e-003
 1.4968085e-003
 1.5275722e-003
 1.5544589e-003
 1.5776952e-003
 1.5975732e-003
 1.6143792e-003
 1.6283826e-003
 1.6398752e-003
 1.6491300e-003
 1.6594442e-003
 1.6706903e-003
 1.6756806e-003
 1.6801915e-003
 1.6882354e-003
 1.7037524e-003
 1.7306759e-003
 1.7725503e-003
 1.8239793e-003
 1.8706715e-003
 1.8979762e-003
 1.8912272e-003
 1.8365704e-003
 1.7383238e-003
 1.6186778e-003
 1.5006308e-003
 1.4071284e-003
 1.3603577e-003
 1.3645996e-003
 1.4066236e-003
 1.4724730e-003
 1.5481679e-003
 1.6197519e-003
 1.6767272e-003
 1.7220015e-003
 1.7617625e-003
 1.8021773e-003
 1.8494328e-003
 1.9096938e-003
 1.9853001e-003
 2.0637379e-003
 2.1289624e-003
 2.1648982e-003
 2.1554902e-003
 2.0846806e-003
 1.9364126e-003
 1.7026714e-003
 1.4063192e-003
 1.0774299e-003
 7.4622140e-004
 4.4275934e-004
 1.9725616e-004
 3.9797524e-005
 5.6098270e-007
 9.8835750e-005
 3.1301417e-004
 6.1192608e-004
 9.6428354e-004
 1.3389492e-003
 1.7046174e-003
 2.0301188e-003
 2.2842651e-003
 2.4442035e-003
 2.5185891e-003
 2.5233398e-003
 2.4743946e-003
 2.3877004e-003
 2.2791738e-003
 2.1647764e-003
 2.0604185e-003
 1.9787136e-003
 1.9198918e-003
 1.8813717e-003
 1.8605511e-003
 1.8548355e-003
 1.8616320e-003
 1.8783467e-003
 1.9023811e-003
 1.9311463e-003
 1.9620399e-003
 1.9924750e-003
 2.0198496e-003
 2.0421441e-003
 2.0593929e-003
 2.0721061e-003
 2.0807884e-003
 2.0859479e-003
 2.0880913e-003
 2.0877251e-003
 2.0853570e-003
 2.0814934e-003
 2.0766407e-003
 2.0713068e-003
 2.0659978e-003
 2.0611431e-003
 2.0568927e-003
 2.0533355e-003
 2.0505597e-003
 2.0486540e-003
 2.0477062e-003
 2.0478053e-003
 2.0490398e-003
 2.0514978e-003
 2.0552673e-003
 2.0604380e-003
 2.0669340e-003
 2.0741106e-003
 2.0811933e-003
 2.0874117e-003
 2.0919919e-003
 2.0941631e-003
 2.0931521e-003
 2.0881868e-003
 2.0784957e-003
 2.0633047e-003
 2.0422852e-003
 2.0166312e-003
 1.9878636e-003
 1.9575153e-003
 1.9271043e-003
 1.8981637e-003
 1.8722120e-003
 1.8507814e-003
 1.8353916e-003
 1.8275724e-003
 1.8282493e-003
 1.8363064e-003
 1.8501931e-003
 1.8683538e-003
 1.8892405e-003
 1.9112957e-003
 1.9329694e-003
 1.9527125e-003
 1.9689673e-003
 1.9801855e-003
 1.9853697e-003
 1.9854081e-003
 1.9815832e-003
 1.9751769e-003
 1.9674734e-003
 1.9597535e-003
 1.9533020e-003
 1.9494001e-003
 1.9493309e-003
 1.9535208e-003
 1.9595469e-003
 1.9643903e-003
 1.9650350e-003
 1.9584631e-003
 1.9416566e-003
 1.9116019e-003
 1.8652749e-003
 1.8016101e-003
 1.7259107e-003
 1.6448271e-003
 1.5649741e-003
 1.4930028e-003
 1.4355301e-003
 1.3992023e-003
 1.3906425e-003
 1.4137638e-003
 1.4635897e-003
 1.5333538e-003
 1.6162621e-003
 1.7055561e-003
 1.7944373e-003
 1.8761482e-003
 1.9438930e-003
 1.9929283e-003
 2.0249900e-003
 2.0431431e-003
 2.0504412e-003
 2.0499425e-003
 2.0447050e-003
 2.0377850e-003
 2.0314818e-003
 2.0256792e-003
 2.0197765e-003
 2.0131760e-003
 2.0052765e-003
 1.9954806e-003
 1.9832910e-003
 1.9685472e-003
 1.9511475e-003
 1.9309979e-003
 1.9079954e-003
 1.8820474e-003
 1.8535475e-003
 1.8244399e-003
 1.7969834e-003
 1.7734236e-003
 1.7560188e-003
 1.7470159e-003
 1.7470834e-003
 1.7519452e-003
 1.7563661e-003
 1.7551113e-003
 1.7429464e-003
 1.7146349e-003
 1.6681312e-003
 1.6112092e-003
 1.5535607e-003
 1.5048565e-003
 1.4747720e-003
 1.4729898e-003
 1.5041177e-003
 1.5572112e-003
 1.6183727e-003
 1.6736805e-003
 1.7092371e-003
 1.7111290e-003
 1.6714199e-003
 1.6003047e-003
 1.5113909e-003
 1.4183529e-003
 1.3348006e-003
 1.2743613e-003
 1.2467398e-003
 1.2498063e-003
 1.2791997e-003
 1.3305588e-003
 1.3995242e-003
 1.4817582e-003
 1.5726042e-003
 1.6666948e-003
 1.7585008e-003
 1.8424927e-003
 1.9131568e-003
 1.9649307e-003
 1.9950401e-003
 2.0088123e-003
 2.0130735e-003
 2.0146512e-003
 2.0203730e-003
 2.0364125e-003
 2.0592711e-003
 2.0780605e-003
 2.0816908e-003
 2.0590893e-003
 2.0002972e-003
 1.9117674e-003
 1.8125083e-003
 1.7217762e-003
 1.6588451e-003
 1.6417557e-003
 1.6706266e-003
 1.7320027e-003
 1.8121150e-003
 1.8971907e-003
 1.9737533e-003
 2.0322844e-003
 2.0663361e-003
 2.0695133e-003
 2.0354080e-003
 1.9585700e-003
 1.8467901e-003
 1.7177531e-003
 1.5893516e-003
 1.4795713e-003
 1.4050780e-003
 1.3652429e-003
 1.3465922e-003
 1.3353468e-003
 1.3177320e-003
 1.2810848e-003
 1.2284036e-003
 1.1742152e-003
 1.1333555e-003
 1.1206184e-003
 1.1495721e-003
 1.2165772e-003
 1.3053196e-003
 1.3992437e-003
 1.4817808e-003
 1.5372506e-003
 1.5622121e-003
 1.5621225e-003
 1.5426598e-003
 1.5094933e-003
 1.4685725e-003
 1.4298445e-003
 1.4060972e-003
 1.4101909e-003
 1.4550026e-003
 1.5514871e-003
 1.6850757e-003
 1.8228178e-003
 1.9313593e-003
 1.9773461e-003
 1.9305060e-003
 1.8023680e-003
 1.6342966e-003
 1.4682667e-003
 1.3463766e-003
 1.3074940e-003
 1.3492542e-003
 1.4399814e-003
 1.5472990e-003
 1.6388968e-003
 1.6844195e-003
 1.6795198e-003
 1.6382413e-003
 1.5750139e-003
 1.5042615e-003
 1.4398498e-003
 1.3883114e-003
 1.3510722e-003
 1.3294128e-003
 1.3246275e-003
 1.3374551e-003
 1.3613508e-003
 1.3847029e-003
 1.3957957e-003
 1.3829066e-003
 1.3356486e-003
 1.2606548e-003
 1.1763632e-003
 1.1014492e-003
 1.0545823e-003
 1.0530641e-003
 1.0963312e-003
 1.1715470e-003
 1.2656567e-003
 1.3655330e-003
 1.4584683e-003
 1.5361615e-003
 1.5933560e-003
 1.6248160e-003
 1.6253489e-003
 1.5905461e-003
 1.5260072e-003
 1.4441275e-003
 1.3574963e-003
 1.2786421e-003
 1.2195713e-003
 1.1855644e-003
 1.1773735e-003
 1.1956370e-003
 1.2410046e-003
 1.3135696e-003
 1.4062638e-003
 1.5072895e-003
 1.6047461e-003
 1.6867496e-003
 1.7420687e-003
 1.7682096e-003
 1.7684554e-003
 1.7461956e-003
 1.7048072e-003
 1.6477105e-003
 1.5784223e-003
 1.5005508e-003
 1.4176855e-003
 1.3334760e-003
 1.2517350e-003
 1.1789635e-003
 1.1234146e-003
 1.0934116e-003
 1.0972337e-003
 1.1419911e-003
 1.2206896e-003
 1.3170992e-003
 1.4147557e-003
 1.4972651e-003
 1.5493658e-003
 1.5694130e-003
 1.5646374e-003
 1.5424384e-003
 1.5102074e-003
 1.4751356e-003
 1.4421883e-003
 1.4148464e-003
 1.3965738e-003
 1.3908346e-003
 1.4007356e-003
 1.4251696e-003
 1.4603253e-003
 1.5023467e-003
 1.5473877e-003
 1.5915176e-003
 1.6302433e-003
 1.6586782e-003
 1.6719311e-003
 1.6651024e-003
 1.6343213e-003
 1.5873134e-003
 1.5391922e-003
 1.5051846e-003
 1.5005418e-003
 1.5386873e-003
 1.6126797e-003
 1.7027048e-003
 1.7886767e-003
 1.8505760e-003
 1.8701522e-003
 1.8492460e-003
 1.8023648e-003
 1.7441986e-003
 1.6894380e-003
 1.6516930e-003
 1.6326263e-003
 1.6263865e-003
 1.6270208e-003
 1.6285748e-003
 1.6253347e-003
 1.6142488e-003
 1.5939184e-003
 1.5629689e-003
 1.5200151e-003
 1.4641944e-003
 1.4000090e-003
 1.3352986e-003
 1.2779399e-003
 1.2358503e-003
 1.2164658e-003
 1.2224795e-003
 1.2536647e-003
 1.3097689e-003
 1.3904966e-003
 1.4943494e-003
 1.6064557e-003
 1.7038122e-003
 1.7632300e-003
 1.7615962e-003
 1.6789889e-003
 1.5298371e-003
 1.3495365e-003
 1.1736670e-003
 1.0378381e-003
 9.7444467e-004
 9.8179269e-004
 1.0376278e-003
 1.1194159e-003
 1.2046280e-003
 1.2722767e-003
 1.3174082e-003
 1.3447471e-003
 1.3591291e-003
 1.3653907e-003
 1.3679060e-003
 1.3662605e-003
 1.3571857e-003
 1.3373697e-003
 1.3035155e-003
 1.2531100e-003
 1.1918787e-003
 1.1304169e-003
 1.0793727e-003
 1.0494307e-003
 1.0499775e-003
 1.0774946e-003
 1.1208842e-003
 1.1689172e-003
 1.2103969e-003
 1.2352277e-003
 1.2446318e-003
 1.2464364e-003
 1.2485578e-003
 1.2589089e-003
 1.2845473e-003
 1.3239009e-003
 1.3703515e-003
 1.4172473e-003
 1.4579283e-003
 1.4860763e-003
 1.4987269e-003
 1.4948841e-003
 1.4735671e-003
 1.4337827e-003
 1.3754183e-003
 1.3067791e-003
 1.2410161e-003
 1.1913376e-003
 1.1709518e-003
 1.1911541e-003
 1.2442266e-003
 1.3116441e-003
 1.3747689e-003
 1.4149173e-003
 1.4154101e-003
 1.3786922e-003
 1.3180253e-003
 1.2468423e-003
 1.1785321e-003
 1.1256825e-003
 1.0929682e-003
 1.0806366e-003
 1.0888589e-003
 1.1178168e-003
 1.1669904e-003
 1.2291119e-003
 1.2930842e-003
 1.3478139e-003
 1.3821940e-003
 1.3863659e-003
 1.3624422e-003
 1.3191936e-003
 1.2654569e-003
 1.2100566e-003
 1.1612236e-003
 1.1211332e-003
 1.0886544e-003
 1.0626202e-003
 1.0418603e-003
 1.0253275e-003
 1.0129885e-003
 1.0053811e-003
 1.0030487e-003
 1.0065360e-003
 1.0161571e-003
 1.0301002e-003
 1.0453971e-003
 1.0590561e-003
 1.0680973e-003
 1.0701976e-003
 1.0691528e-003
 1.0720771e-003
 1.0861146e-003
 1.1184097e-003
 1.1747876e-003
 1.2489634e-003
 1.3280644e-003
 1.3992090e-003
 1.4494999e-003
 1.4676019e-003
 1.4564296e-003
 1.4265418e-003
 1.3885606e-003
 1.3531008e-003
 1.3296810e-003
 1.3176390e-003
 1.3109259e-003
 1.3034429e-003
 1.2890855e-003
 1.2626052e-003
 1.2263225e-003
 1.1865634e-003
 1.1496826e-003
 1.1220609e-003
 1.1094187e-003
 1.1118496e-003
 1.1264936e-003
 1.1504521e-003
 1.1808362e-003
 1.2145682e-003
 1.2469192e-003
 1.2723036e-003
 1.2851105e-003
 1.2797496e-003
 1.2521580e-003
 1.2117394e-003
 1.1749162e-003
 1.1581383e-003
 1.1778648e-003
 1.2473000e-003
 1.3510481e-003
 1.4590588e-003
 1.5411498e-003
 1.5671380e-003
 1.5118802e-003
 1.3940417e-003
 1.2546536e-003
 1.1349313e-003
 1.0760865e-003
 1.1135507e-003
 1.2327967e-003
 1.3939457e-003
 1.5569542e-003
 1.6816574e-003
 1.7330532e-003
 1.7189601e-003
 1.6688573e-003
 1.6123790e-003
 1.5792046e-003
 1.5951374e-003
 1.6536585e-003
 1.7320283e-003
 1.8073235e-003
 1.8566799e-003
 1.8600597e-003
 1.8212502e-003
 1.7559703e-003
 1.6800006e-003
 1.6091260e-003
 1.5577017e-003
 1.5282908e-003
 1.5175508e-003
 1.5221115e-003
 1.5386032e-003
 1.5633540e-003
 1.5901233e-003
 1.6114321e-003
 1.6197877e-003
 1.6076909e-003
 1.5696986e-003
 1.5171156e-003
 1.4694524e-003
 1.4462729e-003
 1.4671582e-003
 1.5479212e-003
 1.6739364e-003
 1.8157633e-003
 1.9438884e-003
 2.0287049e-003
 2.0444579e-003
 1.9956452e-003
 1.9013844e-003
 1.7809623e-003
 1.6535998e-003
 1.5376569e-003
 1.4444297e-003
 1.3818964e-003
 1.3579405e-003
 1.3804720e-003
 1.4545762e-003
 1.5628987e-003
 1.6772732e-003
 1.7695460e-003
 1.8115409e-003
 1.7799755e-003
 1.6903646e-003
 1.5765984e-003
 1.4726743e-003
 1.4125848e-003
 1.4255923e-003
 1.5035413e-003
 1.6206895e-003
 1.7512225e-003
 1.8692282e-003
 1.9513790e-003
 1.9936545e-003
 2.0010907e-003
 1.9787650e-003
 1.9317764e-003
 1.8655930e-003
 1.7886447e-003
 1.7107200e-003
 1.6416726e-003
 1.5912978e-003
 1.5677350e-003
 1.5662899e-003
 1.5763307e-003
 1.5871923e-003
 1.5882123e-003
 1.5701246e-003
 1.5342741e-003
 1.4869137e-003
 1.4342974e-003
 1.3826862e-003
 1.3380805e-003
 1.3046203e-003
 1.2855481e-003
 1.2841137e-003
 1.3035744e-003
 1.3460633e-003
 1.4054256e-003
 1.4717424e-003
 1.5350755e-003
 1.5854968e-003
 1.6145565e-003
 1.6251007e-003
 1.6250331e-003
 1.6222813e-003
 1.6247766e-003
 1.6392146e-003
 1.6632017e-003
 1.6902814e-003
 1.7139571e-003
 1.7277529e-003
 1.7260446e-003
 1.7094904e-003
 1.6815603e-003
 1.6457253e-003
 1.6054593e-003
 1.5640862e-003
 1.5238330e-003
 1.4864741e-003
 1.4537525e-003
 1.4274213e-003
 1.4089375e-003
 1.3976583e-003
 1.3919987e-003
 1.3903764e-003
 1.3912081e-003
 1.3934325e-003
 1.3997272e-003
 1.4144023e-003
 1.4417744e-003
 1.4861732e-003
 1.5502602e-003
 1.6250936e-003
 1.6966799e-003
 1.7510153e-003
 1.7740577e-003
 1.7547037e-003
 1.7022840e-003
 1.6349215e-003
 1.5708267e-003
 1.5281589e-003
 1.5226972e-003
 1.5534224e-003
 1.6121420e-003
 1.6905892e-003
 1.7805392e-003
 1.8731885e-003
 1.9558098e-003
 2.0139385e-003
 2.0331682e-003
 1.9990711e-003
 1.9014806e-003
 1.7599866e-003
 1.6066496e-003
 1.4735901e-003
 1.3929288e-003
 1.3913355e-003
 1.4579897e-003
 1.5663287e-003
 1.6897463e-003
 1.8016591e-003
 1.8788085e-003
 1.9212207e-003
 1.9385642e-003
 1.9405389e-003
 1.9368466e-003
 1.9361649e-003
 1.9402391e-003
 1.9479451e-003
 1.9581444e-003
 1.9697035e-003
 1.9816046e-003
 1.9936210e-003
 2.0058530e-003
 2.0183937e-003
 2.0313449e-003
 2.0447073e-003
 2.0578313e-003
 2.0697897e-003
 2.0796647e-003
 2.0865353e-003
 2.0892178e-003
 2.0847872e-003
 2.0696153e-003
 2.0400707e-003
 1.9925225e-003
 1.9234110e-003
 1.8345622e-003
 1.7359318e-003
 1.6381827e-003
 1.5519583e-003
 1.4879648e-003
 1.4567134e-003
 1.4613833e-003
 1.4939671e-003
 1.5454905e-003
 1.6070005e-003
 1.6695404e-003
 1.7242214e-003
 1.7660179e-003
 1.7957034e-003
 1.8145671e-003
 1.8238863e-003
 1.8249381e-003
 1.8189686e-003
 1.8055268e-003
 1.7816115e-003
 1.7440012e-003
 1.6895029e-003
 1.6148989e-003
 1.5171134e-003
 1.4003320e-003
 1.2796842e-003
 1.1710995e-003
 1.0905332e-003
 1.0539404e-003
 1.0770055e-003
 1.1603015e-003
 1.2821130e-003
 1.4189305e-003
 1.5472725e-003
 1.6435641e-003
 1.6843285e-003
 1.6509533e-003
 1.5553127e-003
 1.4210921e-003
 1.2719359e-003
 1.1315038e-003
 1.0234561e-003
 9.7144936e-004
 9.9433085e-004
 1.0810413e-003
 1.2091685e-003
 1.3563144e-003
 1.4999702e-003
 1.6177354e-003
 1.6871766e-003
 1.6901623e-003
 1.6348979e-003
 1.5395322e-003
 1.4222239e-003
 1.3011316e-003
 1.1943914e-003
 1.1202166e-003
 1.0934715e-003
 1.1092986e-003
 1.1554665e-003
 1.2196942e-003
 1.2897315e-003
 1.3533212e-003
 1.3982139e-003
 1.4144332e-003
 1.4058375e-003
 1.3813822e-003
 1.3500238e-003
 1.3207429e-003
 1.3024957e-003
 1.3042466e-003
 1.3329204e-003
 1.3833656e-003
 1.4459539e-003
 1.5110855e-003
 1.5691512e-003
 1.6105480e-003
 1.6256451e-003
 1.6069652e-003
 1.5594593e-003
 1.4925840e-003
 1.4158532e-003
 1.3387334e-003
 1.2707048e-003
 1.2212481e-003
 1.1980955e-003
 1.1988481e-003
 1.2174327e-003
 1.2477799e-003
 1.2838294e-003
 1.3194936e-003
 1.3487114e-003
 1.3664501e-003
 1.3736412e-003
 1.3733420e-003
 1.3686181e-003
 1.3625321e-003
 1.3581469e-003
 1.3585258e-003
 1.3659215e-003
 1.3779679e-003
 1.3906680e-003
 1.4000230e-003
 1.4020288e-003
 1.3926886e-003
 1.3680028e-003
 1.3254515e-003
 1.2709635e-003
 1.2133860e-003
 1.1615769e-003
 1.1243885e-003
 1.1106986e-003
 1.1293540e-003
 1.1867668e-003
 1.2756843e-003
 1.3841403e-003
 1.5000822e-003
 1.6115359e-003
 1.7065030e-003
 1.7729965e-003
 1.8014639e-003
 1.7961116e-003
 1.7658365e-003
 1.7195274e-003
 1.6661093e-003
 1.6144736e-003
 1.5735218e-003
 1.5506408e-003
 1.5449276e-003
 1.5526568e-003
 1.5700945e-003
 1.5935106e-003
 1.6191809e-003
 1.6433623e-003
 1.6628507e-003
 1.6772569e-003
 1.6871446e-003
 1.6930721e-003
 1.6956052e-003
 1.6953064e-003
 1.6927388e-003
 1.6884751e-003
 1.6835213e-003
 1.6794351e-003
 1.6778118e-003
 1.6802477e-003
 1.6883372e-003
 1.7036755e-003
 1.7278575e-003
 1.7624371e-003
 1.8070124e-003
 1.8587412e-003
 1.9146134e-003
 1.9716192e-003
 2.0267612e-003
 2.0770025e-003
 2.1193465e-003
 2.1508397e-003
 2.1706023e-003
 2.1803644e-003
 2.1820376e-003
 2.1775297e-003
 2.1687448e-003
 2.1575941e-003
 2.1459828e-003
 2.1357909e-003
 2.1279322e-003
 2.1221146e-003
 2.1179656e-003
 2.1151125e-003
 2.1131844e-003
 2.1118096e-003
 2.1106168e-003
 2.1092428e-003
 2.1076126e-003
 2.1060088e-003
 2.1047385e-003
 2.1041066e-003
 2.1044188e-003
 2.1059813e-003
 2.1090994e-003
 2.1140662e-003
 2.1207430e-003
 2.1284597e-003
 2.1365155e-003
 2.1442031e-003
 2.1508227e-003
 2.1556709e-003
 2.1580448e-003
 2.1572616e-003
 2.1533095e-003
 2.1469959e-003
 2.1391744e-003
 2.1307042e-003
 2.1224404e-003
 2.1152385e-003
 2.1099534e-003
 2.1074251e-003
 2.1079124e-003
 2.1109751e-003
 2.1161321e-003
 2.1229032e-003
 2.1308044e-003
 2.1393551e-003
 2.1480741e-003
 2.1564844e-003
 2.1641615e-003
 2.1707590e-003
 2.1759339e-003
 2.1793414e-003
 2.1806364e-003
 2.1794755e-003
 2.1755146e-003
 2.1684293e-003
 2.1585114e-003
 2.1467942e-003
 2.1343462e-003
 2.1222366e-003
 2.1115346e-003
 2.1033150e-003
 2.0986462e-003
 2.0985587e-003
 2.1028584e-003
 2.1099106e-003
 2.1180010e-003
 2.1254153e-003
 2.1304383e-003
 2.1313557e-003
 2.1264516e-003
 2.1140710e-003
 2.0943480e-003
 2.0694863e-003
 2.0418253e-003
 2.0136866e-003
 1.9873967e-003
 1.9652783e-003
 1.9496693e-003
 1.9428263e-003
 1.9450943e-003
 1.9546119e-003
 1.9694003e-003
 1.9874689e-003
 2.0068388e-003
 2.0255262e-003
 2.0415522e-003
 2.0529572e-003
 2.0587046e-003
 2.0587926e-003
 2.0532745e-003
 2.0422062e-003
 2.0256424e-003
 2.0036369e-003
 1.9762372e-003
 1.9435131e-003
 1.9055847e-003
 1.8626564e-003
 1.8149362e-003
 1.7626191e-003
 1.7059386e-003
 1.6450908e-003
 1.5802840e-003
 1.5117523e-003
 1.4409872e-003
 1.3707806e-003
 1.3040112e-003
 1.2435440e-003
 1.1922877e-003
 1.1531049e-003
 1.1288750e-003
 1.1224763e-003
 1.1366780e-003
 1.1710401e-003
 1.2215972e-003
 1.2842019e-003
 1.3547235e-003
 1.4289798e-003
 1.5028388e-003
 1.5721529e-003
 1.6327873e-003
 1.6805641e-003
 1.7114565e-003
 1.7242641e-003
 1.7208895e-003
 1.7033858e-003
 1.6738221e-003
 1.6342544e-003
 1.5867422e-003
 1.5333319e-003
 1.4761086e-003
 1.4171195e-003
 1.3584223e-003
 1.3020165e-003
 1.2498931e-003
 1.2039994e-003
 1.1662971e-003
 1.1387470e-003
 1.1233087e-003
 1.1219510e-003
 1.1366302e-003
 1.1693075e-003
 1.2218322e-003
 1.2927310e-003
 1.3770692e-003
 1.4697311e-003
 1.5656247e-003
 1.6595883e-003
 1.7465296e-003
 1.8213335e-003
 1.8788959e-003
 1.9140736e-003
 1.9219550e-003
 1.9023567e-003
 1.8600880e-003
 1.8001806e-003
 1.7277118e-003
 1.6477160e-003
 1.5652411e-003
 1.4853162e-003
 1.4130276e-003
 1.3534031e-003
 1.3113532e-003
 1.2883944e-003
 1.2825298e-003
 1.2915800e-003
 1.3133738e-003
 1.3457391e-003
 1.3865151e-003
 1.4335099e-003
 1.4845611e-003
 1.5374966e-003
 1.5901639e-003
 1.6405291e-003
 1.6867582e-003
 1.7270116e-003
 1.7594561e-003
 1.7822366e-003
 1.7935225e-003
 1.7914738e-003
 1.7742511e-003
 1.7400050e-003
 1.6870552e-003
 1.6171085e-003
 1.5353383e-003
 1.4470516e-003
 1.3576201e-003
 1.2723514e-003
 1.1965737e-003
 1.1356033e-003
 1.0947986e-003
 1.0794710e-003
 1.0947152e-003
 1.1402181e-003
 1.2101883e-003
 1.2986262e-003
 1.3995259e-003
 1.5068802e-003
 1.6147076e-003
 1.7169494e-003
 1.8076244e-003
 1.8807260e-003
 1.9304667e-003
 1.9557963e-003
 1.9604322e-003
 1.9482807e-003
 1.9232403e-003
 1.8892288e-003
 1.8501477e-003
 1.8099026e-003
 1.7723989e-003
 1.7415361e-003
 1.7211121e-003
 1.7121654e-003
 1.7130625e-003
 1.7220613e-003
 1.7374116e-003
 1.7573693e-003
 1.7801890e-003
 1.8041309e-003
 1.8274379e-003
 1.8483701e-003
 1.8652153e-003
 1.8769738e-003
 1.8833381e-003
 1.8840248e-003
 1.8787559e-003
 1.8672508e-003
 1.8492243e-003
 1.8244046e-003
 1.7925081e-003
 1.7532541e-003
 1.7064102e-003
 1.6530465e-003
 1.5954132e-003
 1.5358196e-003
 1.4765613e-003
 1.4199759e-003
 1.3683586e-003
 1.3240187e-003
 1.2892655e-003
 1.2664041e-003
 1.2576446e-003
 1.2628753e-003
 1.2798145e-003
 1.3061026e-003
 1.3393600e-003
 1.3772247e-003
 1.4173302e-003
 1.4573188e-003
 1.4948043e-003
 1.5274293e-003
 1.5529172e-003
 1.5708308e-003
 1.5824523e-003
 1.5891226e-003
 1.5921913e-003
 1.5930042e-003
 1.5929078e-003
 1.5932481e-003
 1.5953716e-003
 1.6006242e-003
 1.6102892e-003
 1.6243340e-003
 1.6415239e-003
 1.6605775e-003
 1.6802137e-003
 1.6991554e-003
 1.7161118e-003
 1.7298067e-003
 1.7389583e-003
 1.7422851e-003
 1.7385812e-003
 1.7281444e-003
 1.7126397e-003
 1.6937773e-003
 1.6732814e-003
 1.6528632e-003
 1.6342374e-003
 1.6191158e-003
 1.6092212e-003
 1.6062643e-003
 1.6118541e-003
 1.6255567e-003
 1.6451038e-003
 1.6681460e-003
 1.6923485e-003
 1.7153715e-003
 1.7348796e-003
 1.7485238e-003
 1.7539697e-003
 1.7488779e-003
 1.7310514e-003
 1.7010948e-003
 1.6620826e-003
 1.6171788e-003
 1.5695475e-003
 1.5223413e-003
 1.4787473e-003
 1.4419184e-003
 1.4150181e-003
 1.4012089e-003
 1.4035004e-003
 1.4219087e-003
 1.4538330e-003
 1.4965943e-003
 1.5474819e-003
 1.6038144e-003
 1.6629017e-003
 1.7220541e-003
 1.7785940e-003
 1.8298039e-003
 1.8731116e-003
 1.9078102e-003
 1.9348327e-003
 1.9551483e-003
 1.9697461e-003
 1.9796081e-003
 1.9857166e-003
 1.9890512e-003
 1.9905954e-003
 1.9913309e-003
 1.9922100e-003
 1.9936645e-003
 1.9956748e-003
 1.9982094e-003
 2.0012362e-003
 2.0047233e-003
 2.0086367e-003
 2.0129455e-003
 2.0176163e-003
 2.0226189e-003
 2.0279165e-003
 2.0334413e-003
 2.0390966e-003
 2.0447855e-003
 2.0504072e-003
 2.0558650e-003
 2.0610609e-003
 2.0658958e-003
 2.0702737e-003
 2.0740940e-003
 2.0772603e-003
 2.0796845e-003
 2.0812885e-003
 2.0819919e-003
 2.0817169e-003
 2.0803837e-003
 2.0779134e-003
 2.0742279e-003
 2.0692477e-003
 2.0628942e-003
 2.0551034e-003
 2.0460724e-003
 2.0362204e-003
 2.0259679e-003
 2.0157367e-003
 2.0059461e-003
 1.9970236e-003
 1.9893884e-003
 1.9834628e-003
 1.9796677e-003
 1.9784058e-003
 1.9797189e-003
 1.9833585e-003
 1.9890671e-003
 1.9965896e-003
 2.0056646e-003
 2.0160365e-003
 2.0274478e-003
 2.0396449e-003
 2.0523635e-003
 2.0653449e-003
 2.0782501e-003
 2.0906799e-003
 2.1022246e-003
 2.1124850e-003
 2.1210564e-003
 2.1275377e-003
 2.1315215e-003
 2.1326069e-003
 2.1303901e-003
 2.1245112e-003
 2.1152955e-003
 2.1036244e-003
 2.0903891e-003
 2.0764817e-003
 2.0627917e-003
 2.0502177e-003
 2.0396500e-003
 2.0319803e-003
 2.0281007e-003
 2.0288378e-003
 2.0339531e-003
 2.0423720e-003
 2.0529979e-003
 2.0647366e-003
 2.0764843e-003
 2.0871470e-003
 2.0956281e-003
 2.1008304e-003
 2.1016549e-003
 2.0970863e-003
 2.0873388e-003
 2.0735811e-003
 2.0570189e-003
 2.0388481e-003
 2.0202666e-003
 2.0024735e-003
 1.9866631e-003
 1.9740423e-003
 1.9658050e-003
 1.9630699e-003
 1.9657540e-003
 1.9728455e-003
 1.9833094e-003
 1.9961116e-003
 2.0102214e-003
 2.0245973e-003
 2.0382078e-003
 2.0500189e-003
 2.0589975e-003
 2.0641733e-003
 2.0655864e-003
 2.0640381e-003
 2.0603489e-003
 2.0553381e-003
 2.0498289e-003
 2.0446407e-003
 2.0405941e-003
 2.0385094e-003
 2.0392081e-003
 2.0434337e-003
 2.0508256e-003
 2.0601940e-003
 2.0703229e-003
 2.0800016e-003
 2.0880189e-003
 2.0931624e-003
 2.0942197e-003
 2.0899787e-003
 2.0792277e-003
 2.0608599e-003
 2.0352516e-003
 2.0039054e-003
 1.9683321e-003
 1.9300481e-003
 1.8905604e-003
 1.8514043e-003
 1.8140870e-003
 1.7801251e-003
 1.7510343e-003
 1.7282492e-003
 1.7121371e-003
 1.7022541e-003
 1.6981435e-003
 1.6993509e-003
 1.7054187e-003
 1.7158909e-003
 1.7303112e-003
 1.7482281e-003
 1.7691767e-003
 1.7926986e-003
 1.8182412e-003
 1.8451946e-003
 1.8729272e-003
 1.9008266e-003
 1.9282745e-003
 1.9546531e-003
 1.9793485e-003
 2.0017314e-003
 2.0211888e-003
 2.0371487e-003
 2.0496524e-003
 2.0591726e-003
 2.0662006e-003
 2.0712239e-003
 2.0747310e-003
 2.0772086e-003
 2.0791451e-003
 2.0810284e-003
 2.0833465e-003
 2.0865572e-003
 2.0907167e-003
 2.0955987e-003
 2.1009711e-003
 2.1066023e-003
 2.1122573e-003
 2.1177048e-003
 2.1227128e-003
 2.1270493e-003
 2.1304793e-003
 2.1327909e-003
 2.1340069e-003
 2.1343178e-003
 2.1339164e-003
 2.1329969e-003
 2.1317522e-003
 2.1303764e-003
 2.1290618e-003
 2.1280032e-003
 2.1273934e-003
 2.1274127e-003
 2.1280763e-003
 2.1292840e-003
 2.1309336e-003
 2.1329229e-003
 2.1351501e-003
 2.1375134e-003
 2.1399092e-003
 2.1422368e-003
 2.1443933e-003
 2.1462832e-003
 2.1478864e-003
 2.1492369e-003
 2.1503682e-003
 2.1513146e-003
 2.1521102e-003
 2.1527887e-003
 2.1533850e-003
 2.1539328e-003
 2.1544658e-003
 2.1550148e-003
 2.1555580e-003
 2.1560416e-003
 2.1564097e-003
 2.1566066e-003
 2.1565766e-003
 2.1562648e-003
 2.1556150e-003
 2.1545719e-003
 2.1530804e-003
 2.1510937e-003
 2.1486748e-003
 2.1459623e-003
 2.1430939e-003
 2.1402079e-003
 2.1374431e-003
 2.1349373e-003
 2.1328297e-003
 2.1312586e-003
 2.1303627e-003
 2.1302672e-003
 2.1309457e-003
 2.1322730e-003
 2.1341199e-003
 2.1363595e-003
 2.1388626e-003
 2.1415022e-003
 2.1441497e-003
 2.1466773e-003
 2.1489575e-003
 2.1508692e-003
 2.1523794e-003
 2.1535130e-003
 2.1542946e-003
 2.1547503e-003
 2.1549044e-003
 2.1547831e-003
 2.1544108e-003
 2.1538134e-003
 2.1530155e-003
 2.1520485e-003
 2.1510047e-003
 2.1500173e-003
 2.1492199e-003
 2.1487456e-003
 2.1487281e-003
 2.1493016e-003
 2.1505982e-003
 2.1527524e-003
 2.1558977e-003
 2.1601617e-003
 2.1655930e-003
 2.1721944e-003
 2.1799675e-003
 2.1889159e-003
 2.1990365e-003
 2.2103328e-003
 2.2228057e-003
 2.2364571e-003
 2.2512916e-003
 2.2674466e-003
 2.2866584e-003
 2.3116565e-003
 2.3451948e-003
 2.3900031e-003
 2.4488324e-003
 2.5244276e-003
 2.6195585e-003
 2.7369251e-003
 2.8792922e-003
 3.0488460e-003
 3.2416298e-003
 3.4499371e-003
 3.6658547e-003
 3.8816172e-003
 4.0894113e-003
 4.2814682e-003
 4.4498802e-003
 4.5868834e-003
 4.6846638e-003
 4.7361464e-003
 4.7421292e-003
 4.7082808e-003
 4.6403236e-003
 4.5439526e-003
 4.4249357e-003
 4.2889738e-003
 4.1417885e-003
 3.9891009e-003
 3.8365966e-003
 3.6897445e-003
 3.5504466e-003
 3.4185550e-003
 3.2938635e-003
 3.1762540e-003
 3.0655200e-003
 2.9614840e-003
 2.8639461e-003
 2.7727762e-003
 2.6877732e-003
 2.6087603e-003
 2.5355665e-003
 2.4680072e-003
 2.4059466e-003
 2.3491988e-003
 2.2975958e-003
 2.2509587e-003
 2.2091405e-003
 2.1719616e-003
 2.1392533e-003
 2.1108424e-003
 2.0865912e-003
 2.0663512e-003
 2.0499809e-003
 2.0373384e-003
 2.0282816e-003
 2.0226724e-003
 2.0203672e-003
 2.0212245e-003
 2.0251041e-003
 2.0318176e-003
 2.0407266e-003
 2.0509267e-003
 2.0615142e-003
 2.0715774e-003
 2.0802112e-003
 2.0865095e-003
 2.0895656e-003
 2.0884711e-003
 2.0823209e-003
 2.0703496e-003
 2.0532124e-003
 2.0323729e-003
 2.0093203e-003
 1.9855285e-003
 1.9624769e-003
 1.9416399e-003
 1.9245059e-003
 1.9125494e-003
 1.9072486e-003
 1.9099099e-003
 1.9201258e-003
 1.9365195e-003
 1.9577034e-003
 1.9822896e-003
 2.0088973e-003
 2.0361256e-003
 2.0625934e-003
 2.0869130e-003
 2.1077010e-003
 2.1236653e-003
 2.1345471e-003
 2.1406526e-003
 2.1422941e-003
 2.1397832e-003
 2.1334335e-003
 2.1235573e-003
 2.1104666e-003
 2.0944700e-003
 2.0758878e-003
 2.0550278e-003
 2.0321971e-003
 2.0076933e-003
 1.9818326e-003
 1.9549120e-003
 1.9272363e-003
 1.8991022e-003
 1.8708271e-003
 1.8427082e-003
 1.8150490e-003
 1.7881534e-003
 1.7622969e-003
 1.7375619e-003
 1.7138971e-003
 1.6912569e-003
 1.6695897e-003
 1.6488602e-003
 1.6290167e-003
 1.6100135e-003
 1.5918004e-003
 1.5743397e-003
 1.5575812e-003
 1.5414788e-003
 1.5259829e-003
 1.5110549e-003
 1.4966538e-003
 1.4828265e-003
 1.4696638e-003
 1.4572543e-003
 1.4456958e-003
 1.4350766e-003
 1.4254879e-003
 1.4170199e-003
 1.4097680e-003
 1.4038215e-003
 1.3992719e-003
 1.3962103e-003
 1.3947295e-003
 1.3949204e-003
 1.3968743e-003
 1.4006831e-003
 1.4064395e-003
 1.4142324e-003
 1.4241367e-003
 1.4360675e-003
 1.4498598e-003
 1.4653383e-003
 1.4823369e-003
 1.5006866e-003
 1.5202233e-003
 1.5407690e-003
 1.5621588e-003
 1.5842239e-003
 1.6067955e-003
 1.6297100e-003
 1.6527872e-003
 1.6758640e-003
 1.6987714e-003
 1.7213456e-003
 1.7434068e-003
 1.7647917e-003
 1.7853309e-003
 1.8048607e-003
 1.8232021e-003
 1.8401912e-003
 1.8556737e-003
 1.8696246e-003
 1.8820737e-003
 1.8930611e-003
 1.9026237e-003
 1.9107980e-003
 1.9176228e-003
 1.9231308e-003
 1.9273614e-003
 1.9303510e-003
 1.9321366e-003
 1.9327543e-003
 1.9322410e-003
 1.9306341e-003
 1.9279694e-003
 1.9242846e-003
 1.9196166e-003
 1.9140017e-003
 1.9074767e-003
 1.9000765e-003
 1.8918418e-003
 1.8828074e-003
 1.8730100e-003
 1.8624838e-003
 1.8512709e-003
 1.8394054e-003
 1.8269250e-003
 1.8138709e-003
 1.8002978e-003
 1.7862509e-003
 1.7717779e-003
 1.7569275e-003
 1.7417436e-003
 1.7262819e-003
 1.7105872e-003
 1.6947072e-003
 1.6786864e-003
 1.6625808e-003
 1.6464343e-003
 1.6302952e-003
 1.6142082e-003
 1.5982288e-003
 1.5824013e-003
 1.5667740e-003
 1.5513912e-003
 1.5363086e-003
 1.5215705e-003
 1.5072251e-003
 1.4933205e-003
 1.4799018e-003
 1.4670235e-003
 1.4547304e-003
 1.4430708e-003
 1.4320905e-003
 1.4218425e-003
 1.4123723e-003
 1.4037234e-003
 1.3958975e-003
 1.3888837e-003
 1.3826652e-003
 1.3772271e-003
 1.3725547e-003
 1.3686316e-003
 1.3654454e-003
 1.3629800e-003
 1.3612205e-003
 1.3601517e-003
 1.3597592e-003
 1.3600282e-003
 1.3609433e-003
 1.3624902e-003
 1.3646533e-003
 1.3674181e-003
 1.3707696e-003
 1.3746927e-003
 1.3791737e-003
 1.3841960e-003
 1.3897453e-003
 1.3958069e-003
 1.4023674e-003
 1.4094084e-003
 1.4169173e-003
 1.4248786e-003
 1.4332797e-003
 1.4421018e-003
 1.4513317e-003
 1.4609547e-003
 1.4709554e-003
 1.4813213e-003
 1.4920237e-003
 1.5030389e-003
 1.5143403e-003
 1.5259041e-003
 1.5376984e-003
 1.5496998e-003
 1.5618816e-003
 1.5742203e-003
 1.5866836e-003
 1.5992478e-003
 1.6118868e-003
 1.6245766e-003
 1.6372855e-003
 1.6499894e-003
 1.6626620e-003
 1.6752770e-003
 1.6878109e-003
 1.7002311e-003
 1.7125143e-003
 1.7246341e-003
 1.7365667e-003
 1.7482800e-003
 1.7597505e-003
 1.7709518e-003
 1.7818597e-003
 1.7924429e-003
 1.8026772e-003
 1.8125365e-003
 1.8219943e-003
 1.8310260e-003
 1.8396012e-003
 1.8476993e-003
 1.8553258e-003
 1.8625004e-003
 1.8692377e-003
 1.8755572e-003
 1.8814767e-003
 1.8870158e-003
 1.8921893e-003
 1.8970168e-003
 1.9015161e-003
 1.9057051e-003
 1.9096027e-003
 1.9132249e-003
 1.9165904e-003
 1.9197174e-003
 1.9226244e-003
 1.9253279e-003
 1.9278466e-003
 1.9301982e-003
 1.9324012e-003
 1.9344727e-003
 1.9364310e-003
 1.9382939e-003
 1.9400800e-003
 1.9418061e-003
 1.9434907e-003
 1.9451515e-003
 1.9468067e-003
 1.9484746e-003
 1.9501720e-003
 1.9519177e-003
 1.9537292e-003
 1.9556214e-003
 1.9575828e-003
 1.9595926e-003
 1.9616296e-003
 1.9636734e-003
 1.9657020e-003
 1.9676946e-003
 1.9696299e-003
 1.9714870e-003
 1.9732451e-003
 1.9748821e-003
 1.9763776e-003
 1.9777103e-003
 1.9788593e-003
 1.9798027e-003
 1.9805203e-003
 1.9809904e-003
 1.9811923e-003
 1.9811043e-003
 1.9807057e-003
 1.9799750e-003
 1.9788919e-003
 1.9774339e-003
 1.9755810e-003
 1.9733123e-003
 1.9706055e-003
 1.9674394e-003
 1.9637947e-003
 1.9596487e-003
 1.9549809e-003
 1.9497687e-003
 1.9439935e-003
 1.9376434e-003
 1.9307774e-003
 1.9234807e-003
 1.9158433e-003
 1.9079507e-003
 1.8998897e-003
 1.8917470e-003
 1.8836078e-003
 1.8755626e-003
 1.8676965e-003
 1.8600962e-003
 1.8528472e-003
 1.8460394e-003
 1.8397582e-003
 1.8340903e-003
 1.8291218e-003
 1.8249417e-003
 1.8216355e-003
 1.8192902e-003
 1.8179927e-003
 1.8178300e-003
 1.8188889e-003
 1.8212562e-003
 1.8250188e-003
 1.8302648e-003
 1.8370789e-003
 1.8455487e-003
 1.8557613e-003
 1.8678068e-003
 1.8817659e-003
 1.8977285e-003
 1.9157814e-003
 1.9360002e-003
 1.9583958e-003
 1.9829364e-003
 2.0096053e-003
 2.0383813e-003
 2.0692500e-003
 2.1021755e-003
 2.1371429e-003
 2.1741306e-003
 2.2131277e-003
 2.2540928e-003
 2.2970138e-003
 2.3418693e-003
 2.3886492e-003
 2.4373094e-003
 2.4878392e-003
 2.5402172e-003
 2.5944221e-003
 2.6504453e-003
 2.7082390e-003
 2.7677948e-003
 2.8290909e-003
 2.8921212e-003
 2.9568339e-003
 3.0232226e-003
 3.0912654e-003
 3.1609575e-003
 3.2322446e-003
 3.3051211e-003
 3.3795654e-003
 3.4555565e-003
 3.5330909e-003
 3.6121053e-003
 3.6925625e-003
 3.7743950e-003
 3.8575563e-003
 3.9419397e-003
 4.0274980e-003
 4.1141645e-003
 4.2018928e-003
 4.2905752e-003
 4.3801647e-003
 4.4705947e-003
 4.5617986e-003
 4.6537309e-003
 4.7462820e-003
 4.8394059e-003
 4.9330355e-003
 5.0271270e-003
 5.1215687e-003
 5.2163159e-003
 5.3113014e-003
 5.4064812e-003
 5.5017448e-003
 5.5970447e-003
 5.6923162e-003
 5.7874923e-003
 5.8825286e-003
 5.9773121e-003
 6.0717990e-003
 6.1659236e-003
 6.2596397e-003
 6.3528367e-003
 6.4454698e-003
 6.5374617e-003
 6.6287019e-003
 6.7189927e-003
 6.8082027e-003
 6.8961787e-003
 6.9827880e-003
 7.0678354e-003
 7.1511888e-003
 7.2326949e-003
 7.3121996e-003
 7.3895697e-003
 7.4646124e-003
 7.5371941e-003
 7.6071615e-003
 7.6743769e-003
 7.7386554e-003
 7.7998596e-003
 7.8578359e-003
 7.9124430e-003
 7.9635037e-003
 8.0108754e-003
 8.0544064e-003
 8.0939429e-003
 8.1293397e-003
 8.1604254e-003
 8.1870565e-003
 8.2090795e-003
 8.2263462e-003
 8.2386918e-003
 8.2459701e-003
 8.2480283e-003
 8.2447091e-003
 8.2359174e-003
 8.2218684e-003
 8.2028778e-003
 8.1792632e-003
 8.1513366e-003
 8.1194276e-003
 8.0838483e-003
 8.0449181e-003
 8.0029415e-003
 7.9582585e-003
 7.9111755e-003
 7.8620110e-003
 7.8110709e-003
 7.7586970e-003
 7.7051953e-003
 7.6508829e-003
 7.5960653e-003
 7.5410856e-003
 7.4862484e-003
 7.4318722e-003
 7.3782746e-003
 7.3257606e-003
 7.2746733e-003
 7.2253179e-003
 7.1780118e-003
 7.1330625e-003
 7.0908088e-003
 7.0515582e-003
 7.0156278e-003
 6.9833291e-003
 6.9549936e-003
 6.9309324e-003
 6.9113923e-003
 6.8962490e-003
 6.8852594e-003
 6.8781851e-003
 6.8747802e-003
 6.8748007e-003
 6.8780063e-003
 6.8841511e-003
 6.8929936e-003
 6.9042915e-003
 6.9178040e-003
 6.9332812e-003
 6.9504851e-003
 6.9691711e-003
 6.9890968e-003
 7.0100250e-003
 7.0317015e-003
 7.0538889e-003
 7.0763449e-003
 7.0988308e-003
 7.1210940e-003
 7.1428958e-003
 7.1639940e-003
 7.1841502e-003
 7.2031119e-003
 7.2206408e-003
 7.2364938e-003
 7.2504319e-003
 7.2622048e-003
 7.2715734e-003
 7.2782948e-003
 7.2821253e-003
 7.2828759e-003
 7.2806180e-003
 7.2755073e-003
 7.2676972e-003
 7.2573419e-003
 7.2445991e-003
 7.2296225e-003
 7.2125653e-003
 7.1935798e-003
 7.1728281e-003
 7.1504600e-003
 7.1266321e-003
 7.1014981e-003
 7.0752059e-003
 7.0479233e-003
 7.0197992e-003
 6.9909864e-003
 6.9616353e-003
 6.9319126e-003
 6.9019669e-003
 6.8719531e-003
 6.8420172e-003
 6.8123303e-003
 6.7830388e-003
 6.7542968e-003
 6.7262608e-003
 6.6990778e-003
 6.6729155e-003
 6.6479226e-003
 6.6242530e-003
 6.6020573e-003
 6.5814997e-003
 6.5627024e-003
 6.5456540e-003
 6.5303035e-003
 6.5166079e-003
 6.5045138e-003
 6.4939708e-003
 6.4849304e-003
 6.4773406e-003
 6.4711571e-003
 6.4663254e-003
 6.4627980e-003
 6.4605237e-003
 6.4594550e-003
 6.4595407e-003
 6.4607318e-003
 6.4629796e-003
 6.4662327e-003
 6.4704418e-003
 6.4755580e-003
 6.4815329e-003
 6.4883144e-003
 6.4958530e-003
 6.5041007e-003
 6.5130065e-003
 6.5225237e-003
 6.5325988e-003
 6.5431832e-003
 6.5542287e-003
 6.5656868e-003
 6.5775034e-003
 6.5896316e-003
 6.6020209e-003
 6.6146324e-003
 6.6274465e-003
 6.6404603e-003
 6.6536684e-003
 6.6670664e-003
 6.6806530e-003
 6.6944147e-003
 6.7083514e-003
 6.7224572e-003
 6.7367298e-003
 6.7511587e-003
 6.7657414e-003
 6.7804726e-003
 6.7953509e-003
 6.8103643e-003
 6.8255104e-003
 6.8407860e-003
 6.8561845e-003
 6.8717031e-003
 6.8873316e-003
 6.9030686e-003
 6.9189076e-003
 6.9348477e-003
 6.9508762e-003
 6.9669923e-003
 6.9831898e-003
 6.9994689e-003
 7.0158155e-003
 7.0322291e-003
 7.0487033e-003
 7.0652389e-003
 7.0818211e-003
 7.0984643e-003
 7.1152411e-003
 7.1322429e-003
 7.1495627e-003
 7.1672839e-003
 7.1855006e-003
 7.2043026e-003
 7.2237863e-003
 7.2440319e-003
 7.2651352e-003
 7.2871861e-003
 7.3102801e-003
 7.3344982e-003
 7.3599345e-003
 7.3866802e-003
 7.4148267e-003
 7.4444693e-003
 7.4756872e-003
 7.5085759e-003
 7.5432258e-003
 7.5797364e-003
 7.6181814e-003
 7.6586585e-003
 7.7012600e-003
 7.7460860e-003
 7.7932053e-003
 7.8427196e-003
 7.8947190e-003
 7.9492945e-003
 8.0065476e-003
 8.0665462e-003
 8.1293900e-003
 8.1951432e-003
 8.2637602e-003
 8.3351182e-003
 8.4091397e-003
 8.4857345e-003
 8.5648280e-003
 8.6462917e-003
 8.7300520e-003
 8.8160196e-003
 8.9041190e-003
 8.9942189e-003
 9.0862494e-003
 9.1801165e-003
 9.2757298e-003
 9.3730194e-003
 9.4718477e-003
 9.5721465e-003
 9.6738245e-003
 9.7768120e-003
 9.8809693e-003
 9.9862292e-003
 1.0092501e-002
 1.0199715e-002
 1.0307733e-002
 1.0416483e-002
 1.0525878e-002
 1.0635824e-002
 1.0746256e-002
 1.0857028e-002
 1.0968077e-002
 1.1079310e-002
 1.1190660e-002
