 splib07a Record=23236: Rangeland C03-073 S30% G24%  ASDFRa AREF
-1.2300000e+034
-1.2300000e+034
-1.2300000e+034
-1.2300000e+034
-1.2300000e+034
-1.2300000e+034
 3.6160678e-002
 3.6479916e-002
 3.6630124e-002
 3.6721334e-002
 3.6613498e-002
 3.6498126e-002
 3.6693718e-002
 3.6760401e-002
 3.6915455e-002
 3.7307683e-002
 3.7657276e-002
 3.7733536e-002
 3.7633892e-002
 3.7613023e-002
 3.7737187e-002
 3.7903573e-002
 3.8025104e-002
 3.8296305e-002
 3.8683616e-002
 3.9158832e-002
 3.8998280e-002
 3.8882684e-002
 3.8976640e-002
 3.9277788e-002
 3.9551958e-002
 3.9867487e-002
 4.0333852e-002
 4.0656302e-002
 4.0750269e-002
 4.0707227e-002
 4.0941913e-002
 4.1125987e-002
 4.1314419e-002
 4.1651014e-002
 4.2321019e-002
 4.2728551e-002
 4.2679202e-002
 4.2769838e-002
 4.3058716e-002
 4.3398798e-002
 4.3663941e-002
 4.3900516e-002
 4.4241086e-002
 4.4890638e-002
 4.4900004e-002
 4.4940162e-002
 4.5207638e-002
 4.5461033e-002
 4.5695849e-002
 4.5960624e-002
 4.6357602e-002
 4.6659607e-002
 4.6876736e-002
 4.7028750e-002
 4.7337770e-002
 4.7663521e-002
 4.7965664e-002
 4.8273806e-002
 4.8681512e-002
 4.9062949e-002
 4.9286146e-002
 4.9505062e-002
 4.9811997e-002
 5.0202787e-002
 5.0529182e-002
 5.0819140e-002
 5.1134210e-002
 5.1654171e-002
 5.1938731e-002
 5.2138295e-002
 5.2385833e-002
 5.2763253e-002
 5.3130534e-002
 5.3460136e-002
 5.3824760e-002
 5.4235153e-002
 5.4618485e-002
 5.4887168e-002
 5.5198051e-002
 5.5507403e-002
 5.5773892e-002
 5.6135163e-002
 5.6495413e-002
 5.6821365e-002
 5.7114135e-002
 5.7390567e-002
 5.7661198e-002
 5.7921804e-002
 5.8218122e-002
 5.8516480e-002
 5.8802083e-002
 5.9173834e-002
 5.9462592e-002
 5.9690040e-002
 5.9926495e-002
 6.0203955e-002
 6.0481049e-002
 6.0737111e-002
 6.0980350e-002
 6.1234739e-002
 6.1495349e-002
 6.1695881e-002
 6.1916772e-002
 6.2146522e-002
 6.2341698e-002
 6.2564567e-002
 6.2807366e-002
 6.3064583e-002
 6.3198030e-002
 6.3348621e-002
 6.3538067e-002
 6.3739933e-002
 6.3913912e-002
 6.4088255e-002
 6.4272322e-002
 6.4522922e-002
 6.4688973e-002
 6.4764127e-002
 6.4940333e-002
 6.5140285e-002
 6.5322258e-002
 6.5464176e-002
 6.5650091e-002
 6.5848619e-002
 6.6047631e-002
 6.6132970e-002
 6.6252366e-002
 6.6424072e-002
 6.6584669e-002
 6.6749930e-002
 6.6938721e-002
 6.7191035e-002
 6.7323007e-002
 6.7441285e-002
 6.7588359e-002
 6.7836463e-002
 6.8027161e-002
 6.8179794e-002
 6.8382174e-002
 6.8647549e-002
 6.8881221e-002
 6.9032259e-002
 6.9210425e-002
 6.9434807e-002
 6.9684222e-002
 6.9893248e-002
 7.0139654e-002
 7.0421085e-002
 7.0741177e-002
 7.0975423e-002
 7.1218051e-002
 7.1506403e-002
 7.1832880e-002
 7.2145700e-002
 7.2454780e-002
 7.2829194e-002
 7.3187515e-002
 7.3524028e-002
 7.3832683e-002
 7.4240439e-002
 7.4670583e-002
 7.5097397e-002
 7.5512908e-002
 7.6019347e-002
 7.6540329e-002
 7.6935060e-002
 7.7371098e-002
 7.7855490e-002
 7.8378744e-002
 7.8851931e-002
 7.9327397e-002
 7.9814941e-002
 8.0309398e-002
 8.0739580e-002
 8.1145264e-002
 8.1568547e-002
 8.1983998e-002
 8.2390323e-002
 8.2790449e-002
 8.3184592e-002
 8.3545692e-002
 8.3877645e-002
 8.4178515e-002
 8.4489569e-002
 8.4800027e-002
 8.5091196e-002
 8.5413992e-002
 8.5751407e-002
 8.6083136e-002
 8.6342268e-002
 8.6604901e-002
 8.6884357e-002
 8.7172054e-002
 8.7465025e-002
 8.7755375e-002
 8.8038616e-002
 8.8331170e-002
 8.8570401e-002
 8.8771582e-002
 8.8990837e-002
 8.9204870e-002
 8.9405648e-002
 8.9594416e-002
 8.9768961e-002
 8.9914925e-002
 9.0033807e-002
 9.0155795e-002
 9.0288743e-002
 9.0415202e-002
 9.0502232e-002
 9.0605088e-002
 9.0723149e-002
 9.0861559e-002
 9.0873554e-002
 9.0879679e-002
 9.0913840e-002
 9.0954773e-002
 9.1011606e-002
 9.1074198e-002
 9.1128595e-002
 9.1215260e-002
 9.1276057e-002
 9.1293350e-002
 9.1368772e-002
 9.1455214e-002
 9.1546983e-002
 9.1679871e-002
 9.1834746e-002
 9.1965295e-002
 9.2046350e-002
 9.2134476e-002
 9.2257336e-002
 9.2406504e-002
 9.2504568e-002
 9.2643932e-002
 9.2824347e-002
 9.3055256e-002
 9.3151800e-002
 9.3234353e-002
 9.3360633e-002
 9.3570195e-002
 9.3761511e-002
 9.3929760e-002
 9.4135620e-002
 9.4347626e-002
 9.4521128e-002
 9.4606899e-002
 9.4745830e-002
 9.4887465e-002
 9.5006973e-002
 9.5103040e-002
 9.5236309e-002
 9.5383108e-002
 9.5499106e-002
 9.5561676e-002
 9.5632188e-002
 9.5746666e-002
 9.5793977e-002
 9.5871404e-002
 9.5997036e-002
 9.6196927e-002
 9.6293844e-002
 9.6349068e-002
 9.6443109e-002
 9.6563853e-002
 9.6698552e-002
 9.6848436e-002
 9.6974455e-002
 9.7137481e-002
 9.7322978e-002
 9.7456448e-002
 9.7624213e-002
 9.7827740e-002
 9.8060600e-002
 9.8271027e-002
 9.8468058e-002
 9.8658286e-002
 9.8856457e-002
 9.8997779e-002
 9.9111646e-002
 9.9244401e-002
 9.9376358e-002
 9.9505506e-002
 9.9628396e-002
 9.9795520e-002
 9.9871509e-002
 9.9877462e-002
 9.9933371e-002
 1.0000196e-001
 1.0007046e-001
 1.0014970e-001
 1.0021140e-001
 1.0030377e-001
 1.0043634e-001
 1.0048162e-001
 1.0055163e-001
 1.0065772e-001
 1.0077249e-001
 1.0090099e-001
 1.0102741e-001
 1.0115851e-001
 1.0122446e-001
 1.0129012e-001
 1.0136322e-001
 1.0140923e-001
 1.0143425e-001
 1.0146400e-001
 1.0151009e-001
 1.0160909e-001
 1.0166378e-001
 1.0164059e-001
 1.0172783e-001
 1.0182831e-001
 1.0191337e-001
 1.0199580e-001
 1.0213012e-001
 1.0229518e-001
 1.0249497e-001
 1.0259166e-001
 1.0272416e-001
 1.0292343e-001
 1.0313810e-001
 1.0336503e-001
 1.0360703e-001
 1.0388079e-001
 1.0414181e-001
 1.0442745e-001
 1.0475497e-001
 1.0515808e-001
 1.0560419e-001
 1.0610295e-001
 1.0679122e-001
 1.0756672e-001
 1.0831523e-001
 1.0891791e-001
 1.0976426e-001
 1.1070032e-001
 1.1165418e-001
 1.1271341e-001
 1.1390454e-001
 1.1517171e-001
 1.1651162e-001
 1.1778286e-001
 1.1908570e-001
 1.2048791e-001
 1.2198070e-001
 1.2347841e-001
 1.2495796e-001
 1.2647656e-001
 1.2798253e-001
 1.2947358e-001
 1.3096134e-001
 1.3245864e-001
 1.3399354e-001
 1.3557398e-001
 1.3713852e-001
 1.3875076e-001
 1.4038928e-001
 1.4193729e-001
 1.4350651e-001
 1.4507291e-001
 1.4666517e-001
 1.4823920e-001
 1.4993195e-001
 1.5169291e-001
 1.5356252e-001
 1.5520674e-001
 1.5671754e-001
 1.5831359e-001
 1.5997525e-001
 1.6160597e-001
 1.6317096e-001
 1.6470586e-001
 1.6621315e-001
 1.6767971e-001
 1.6903913e-001
 1.7043018e-001
 1.7180331e-001
 1.7312530e-001
 1.7435786e-001
 1.7553842e-001
 1.7668466e-001
 1.7767987e-001
 1.7867537e-001
 1.7967930e-001
 1.8061362e-001
 1.8148653e-001
 1.8232597e-001
 1.8313956e-001
 1.8391103e-001
 1.8457657e-001
 1.8515620e-001
 1.8576011e-001
 1.8634962e-001
 1.8691945e-001
 1.8747611e-001
 1.8800260e-001
 1.8849382e-001
 1.8895213e-001
 1.8934026e-001
 1.8972257e-001
 1.9011568e-001
 1.9059515e-001
-1.2300000e+034
-1.2300000e+034
-1.2300000e+034
-1.2300000e+034
 1.9237761e-001
 1.9258353e-001
 1.9288683e-001
 1.9319011e-001
 1.9347727e-001
 1.9383150e-001
 1.9412224e-001
 1.9436152e-001
 1.9456691e-001
 1.9484800e-001
 1.9516011e-001
 1.9546911e-001
 1.9568279e-001
 1.9595972e-001
 1.9625293e-001
 1.9647680e-001
 1.9669992e-001
 1.9693890e-001
 1.9718836e-001
 1.9745857e-001
 1.9772521e-001
 1.9798966e-001
 1.9830087e-001
 1.9847330e-001
 1.9862793e-001
 1.9886133e-001
 1.9907771e-001
 1.9929080e-001
 1.9951767e-001
 1.9982444e-001
 2.0013037e-001
 2.0038822e-001
 2.0052966e-001
 2.0073807e-001
 2.0098755e-001
 2.0125167e-001
 2.0144421e-001
 2.0167592e-001
 2.0195101e-001
 2.0221639e-001
 2.0242302e-001
 2.0262189e-001
 2.0283844e-001
 2.0312779e-001
 2.0338264e-001
 2.0357893e-001
 2.0384763e-001
 2.0403951e-001
 2.0416921e-001
 2.0432480e-001
 2.0439915e-001
 2.0445545e-001
 2.0453160e-001
 2.0468788e-001
 2.0496924e-001
 2.0532368e-001
 2.0548987e-001
 2.0581384e-001
 2.0615941e-001
 2.0635167e-001
 2.0636527e-001
 2.0656976e-001
 2.0703465e-001
 2.0741525e-001
 2.0756653e-001
 2.0762445e-001
 2.0778938e-001
 2.0804639e-001
 2.0831473e-001
 2.0855482e-001
 2.0885719e-001
 2.0912166e-001
 2.0933023e-001
 2.0957799e-001
 2.0979643e-001
 2.1001248e-001
 2.1029320e-001
 2.1057996e-001
 2.1083179e-001
 2.1105511e-001
 2.1115939e-001
 2.1135081e-001
 2.1162830e-001
 2.1186277e-001
 2.1208416e-001
 2.1232305e-001
 2.1262914e-001
 2.1278642e-001
 2.1292572e-001
 2.1309739e-001
 2.1336116e-001
 2.1349494e-001
 2.1358241e-001
 2.1381588e-001
 2.1419302e-001
 2.1448457e-001
 2.1457762e-001
 2.1478309e-001
 2.1498196e-001
 2.1514034e-001
 2.1533480e-001
 2.1559320e-001
 2.1583432e-001
 2.1597235e-001
 2.1603267e-001
 2.1622463e-001
 2.1660152e-001
 2.1682103e-001
 2.1695109e-001
 2.1708989e-001
 2.1741350e-001
 2.1757549e-001
 2.1766244e-001
 2.1775432e-001
 2.1801098e-001
 2.1827747e-001
 2.1850729e-001
 2.1856534e-001
 2.1877754e-001
 2.1905982e-001
 2.1916197e-001
 2.1933869e-001
 2.1953857e-001
 2.1969943e-001
 2.1989149e-001
 2.2008231e-001
 2.2026484e-001
 2.2051440e-001
 2.2059983e-001
 2.2065336e-001
 2.2085008e-001
 2.2094123e-001
 2.2095808e-001
 2.2093265e-001
 2.2115310e-001
 2.2125234e-001
 2.2121631e-001
 2.2109757e-001
 2.2125773e-001
 2.2154625e-001
 2.2184381e-001
 2.2216237e-001
 2.2252955e-001
 2.2290549e-001
 2.2297113e-001
 2.2288154e-001
 2.2282088e-001
 2.2290485e-001
 2.2309178e-001
 2.2329603e-001
 2.2349742e-001
 2.2370957e-001
 2.2381590e-001
 2.2385949e-001
 2.2395363e-001
 2.2418895e-001
 2.2449934e-001
 2.2484845e-001
 2.2522241e-001
 2.2549677e-001
 2.2566243e-001
 2.2556670e-001
-1.2300000e+034
-1.2300000e+034
-1.2300000e+034
-1.2300000e+034
-1.2300000e+034
-1.2300000e+034
-1.2300000e+034
-1.2300000e+034
-1.2300000e+034
-1.2300000e+034
-1.2300000e+034
-1.2300000e+034
-1.2300000e+034
-1.2300000e+034
-1.2300000e+034
-1.2300000e+034
-1.2300000e+034
 2.2590953e-001
 2.2600128e-001
 2.2613578e-001
 2.2651659e-001
 2.2664924e-001
 2.2614929e-001
 2.2582726e-001
 2.2582604e-001
 2.2602582e-001
 2.2610152e-001
 2.2625674e-001
 2.2657688e-001
 2.2738804e-001
 2.2714368e-001
 2.2674951e-001
 2.2669630e-001
 2.2680466e-001
 2.2703253e-001
 2.2731341e-001
 2.2750139e-001
 2.2777750e-001
 2.2793673e-001
 2.2765860e-001
 2.2790299e-001
 2.2807243e-001
 2.2800578e-001
 2.2830382e-001
 2.2894146e-001
 2.2951391e-001
 2.2951379e-001
 2.2935660e-001
 2.2943105e-001
 2.2988543e-001
 2.2995943e-001
 2.2993825e-001
 2.3000348e-001
 2.3078039e-001
 2.3077558e-001
 2.3045479e-001
 2.3050977e-001
 2.3093340e-001
 2.3128700e-001
 2.3147546e-001
 2.3160911e-001
 2.3205882e-001
 2.3260358e-001
 2.3251754e-001
 2.3265241e-001
 2.3292327e-001
 2.3314127e-001
 2.3326989e-001
 2.3376171e-001
 2.3456673e-001
 2.3446487e-001
 2.3432183e-001
 2.3440854e-001
 2.3481767e-001
 2.3496331e-001
 2.3515068e-001
 2.3535672e-001
 2.3564316e-001
 2.3592119e-001
 2.3615019e-001
 2.3637465e-001
 2.3669372e-001
 2.3701483e-001
 2.3727925e-001
 2.3752625e-001
 2.3779216e-001
 2.3806189e-001
 2.3830551e-001
 2.3852549e-001
 2.3876905e-001
 2.3904186e-001
 2.3930414e-001
 2.3956007e-001
 2.3981710e-001
 2.4007905e-001
 2.4033134e-001
 2.4057958e-001
 2.4082328e-001
 2.4108629e-001
 2.4134433e-001
 2.4159822e-001
 2.4185264e-001
 2.4211584e-001
 2.4236248e-001
 2.4260843e-001
 2.4286351e-001
 2.4312593e-001
 2.4339353e-001
 2.4363875e-001
 2.4387050e-001
 2.4410501e-001
 2.4434440e-001
 2.4458215e-001
 2.4484874e-001
 2.4511419e-001
 2.4536116e-001
 2.4559407e-001
 2.4582429e-001
 2.4606287e-001
 2.4630448e-001
 2.4653170e-001
 2.4675649e-001
 2.4698630e-001
 2.4722216e-001
 2.4745536e-001
 2.4767250e-001
 2.4789573e-001
 2.4812438e-001
 2.4834168e-001
 2.4855179e-001
 2.4876499e-001
 2.4898039e-001
 2.4919523e-001
 2.4940404e-001
 2.4960896e-001
 2.4982113e-001
 2.5003263e-001
 2.5022736e-001
 2.5042322e-001
 2.5063121e-001
 2.5084573e-001
 2.5105190e-001
 2.5124916e-001
 2.5144207e-001
 2.5163463e-001
 2.5183657e-001
 2.5204101e-001
 2.5224173e-001
 2.5243813e-001
 2.5261959e-001
 2.5278533e-001
 2.5294822e-001
 2.5312135e-001
 2.5328955e-001
 2.5344452e-001
 2.5360966e-001
 2.5378686e-001
 2.5396773e-001
 2.5415364e-001
 2.5432608e-001
 2.5447509e-001
 2.5461885e-001
 2.5475320e-001
 2.5488079e-001
 2.5501683e-001
 2.5516024e-001
 2.5530210e-001
 2.5543296e-001
 2.5554827e-001
 2.5565529e-001
 2.5576329e-001
 2.5586551e-001
 2.5595960e-001
 2.5604057e-001
 2.5612292e-001
 2.5620303e-001
 2.5627249e-001
 2.5633711e-001
 2.5639534e-001
 2.5643355e-001
 2.5646648e-001
 2.5648761e-001
 2.5648418e-001
 2.5647381e-001
 2.5644830e-001
-1.2300000e+034
-1.2300000e+034
-1.2300000e+034
-1.2300000e+034
-1.2300000e+034
-1.2300000e+034
-1.2300000e+034
-1.2300000e+034
-1.2300000e+034
-1.2300000e+034
-1.2300000e+034
-1.2300000e+034
-1.2300000e+034
-1.2300000e+034
-1.2300000e+034
-1.2300000e+034
-1.2300000e+034
-1.2300000e+034
-1.2300000e+034
-1.2300000e+034
-1.2300000e+034
-1.2300000e+034
-1.2300000e+034
-1.2300000e+034
-1.2300000e+034
-1.2300000e+034
-1.2300000e+034
-1.2300000e+034
-1.2300000e+034
-1.2300000e+034
-1.2300000e+034
-1.2300000e+034
-1.2300000e+034
-1.2300000e+034
-1.2300000e+034
-1.2300000e+034
-1.2300000e+034
-1.2300000e+034
-1.2300000e+034
-1.2300000e+034
-1.2300000e+034
 2.5200218e-001
 2.5186974e-001
 2.5177783e-001
 2.5171641e-001
 2.5168902e-001
 2.5168547e-001
 2.5169802e-001
 2.5171340e-001
 2.5174031e-001
 2.5176981e-001
 2.5180000e-001
 2.5184420e-001
 2.5188050e-001
 2.5193131e-001
 2.5199407e-001
 2.5207958e-001
 2.5215805e-001
 2.5220689e-001
 2.5225317e-001
 2.5231093e-001
 2.5236830e-001
 2.5242582e-001
 2.5248897e-001
 2.5256273e-001
 2.5263566e-001
 2.5269023e-001
 2.5273225e-001
 2.5277698e-001
 2.5282133e-001
 2.5285965e-001
 2.5289997e-001
 2.5294626e-001
 2.5299984e-001
 2.5306040e-001
 2.5312573e-001
 2.5319001e-001
 2.5326425e-001
 2.5333735e-001
 2.5341597e-001
 2.5349909e-001
 2.5360757e-001
 2.5371405e-001
 2.5382245e-001
 2.5393453e-001
 2.5404826e-001
 2.5416836e-001
 2.5430217e-001
 2.5443834e-001
 2.5459152e-001
 2.5475454e-001
 2.5492540e-001
 2.5510317e-001
 2.5529110e-001
 2.5550190e-001
 2.5570989e-001
 2.5591600e-001
 2.5613302e-001
 2.5638214e-001
 2.5662878e-001
 2.5686607e-001
 2.5710434e-001
 2.5738397e-001
 2.5766414e-001
 2.5793931e-001
 2.5821421e-001
 2.5851592e-001
 2.5882190e-001
 2.5913313e-001
 2.5944382e-001
 2.5977671e-001
 2.6012322e-001
 2.6046234e-001
 2.6079822e-001
 2.6113981e-001
 2.6148558e-001
 2.6182359e-001
 2.6214746e-001
 2.6247358e-001
 2.6280951e-001
 2.6313895e-001
 2.6344788e-001
 2.6375908e-001
 2.6409078e-001
 2.6442137e-001
 2.6472232e-001
 2.6502228e-001
 2.6533565e-001
 2.6565033e-001
 2.6593292e-001
 2.6620966e-001
 2.6650333e-001
 2.6680246e-001
 2.6708943e-001
 2.6737007e-001
 2.6765397e-001
 2.6794037e-001
 2.6821327e-001
 2.6847249e-001
 2.6873931e-001
 2.6901680e-001
 2.6928288e-001
 2.6951981e-001
 2.6975989e-001
 2.7001041e-001
 2.7025884e-001
 2.7047887e-001
 2.7070156e-001
 2.7093285e-001
 2.7116749e-001
 2.7137154e-001
 2.7157718e-001
 2.7178836e-001
 2.7200323e-001
 2.7220467e-001
 2.7240273e-001
 2.7260554e-001
 2.7281082e-001
 2.7300695e-001
 2.7319553e-001
 2.7338275e-001
 2.7356833e-001
 2.7374882e-001
 2.7392256e-001
 2.7409253e-001
 2.7425820e-001
 2.7441758e-001
 2.7456704e-001
 2.7471563e-001
 2.7486366e-001
 2.7500838e-001
 2.7513754e-001
 2.7526537e-001
 2.7540126e-001
 2.7553603e-001
 2.7563256e-001
 2.7572742e-001
 2.7581018e-001
 2.7588999e-001
 2.7596271e-001
 2.7603415e-001
 2.7610278e-001
 2.7617264e-001
 2.7622133e-001
 2.7625856e-001
 2.7628264e-001
 2.7629745e-001
 2.7629703e-001
 2.7628115e-001
 2.7626523e-001
 2.7624932e-001
 2.7622652e-001
 2.7619392e-001
 2.7614510e-001
 2.7605340e-001
 2.7595901e-001
 2.7585340e-001
 2.7574494e-001
 2.7563012e-001
 2.7551341e-001
 2.7539226e-001
 2.7526721e-001
 2.7507934e-001
 2.7488557e-001
 2.7468899e-001
 2.7448896e-001
 2.7427945e-001
 2.7406824e-001
 2.7383417e-001
 2.7359340e-001
 2.7330399e-001
 2.7298751e-001
 2.7268609e-001
 2.7239093e-001
 2.7205768e-001
 2.7169040e-001
 2.7132669e-001
 2.7096424e-001
 2.7056319e-001
 2.7011210e-001
 2.6966515e-001
 2.6923558e-001
 2.6879448e-001
 2.6836705e-001
 2.6794171e-001
 2.6755288e-001
 2.6715881e-001
 2.6676330e-001
 2.6635924e-001
 2.6599601e-001
 2.6561266e-001
 2.6520792e-001
 2.6476854e-001
 2.6432297e-001
 2.6381648e-001
 2.6328337e-001
 2.6264083e-001
 2.6207903e-001
 2.6141965e-001
 2.6076829e-001
 2.5995171e-001
 2.5924543e-001
 2.5847068e-001
 2.5764686e-001
 2.5657585e-001
-1.2300000e+034
-1.2300000e+034
-1.2300000e+034
-1.2300000e+034
-1.2300000e+034
-1.2300000e+034
-1.2300000e+034
-1.2300000e+034
-1.2300000e+034
-1.2300000e+034
-1.2300000e+034
-1.2300000e+034
-1.2300000e+034
-1.2300000e+034
-1.2300000e+034
-1.2300000e+034
-1.2300000e+034
-1.2300000e+034
-1.2300000e+034
-1.2300000e+034
-1.2300000e+034
-1.2300000e+034
-1.2300000e+034
-1.2300000e+034
-1.2300000e+034
-1.2300000e+034
-1.2300000e+034
-1.2300000e+034
-1.2300000e+034
-1.2300000e+034
-1.2300000e+034
-1.2300000e+034
-1.2300000e+034
-1.2300000e+034
-1.2300000e+034
-1.2300000e+034
-1.2300000e+034
-1.2300000e+034
-1.2300000e+034
-1.2300000e+034
-1.2300000e+034
-1.2300000e+034
-1.2300000e+034
-1.2300000e+034
-1.2300000e+034
-1.2300000e+034
 2.0645501e-001
 2.0548671e-001
 2.0414762e-001
 2.0301811e-001
 2.0208597e-001
 2.0121893e-001
 2.0047764e-001
 1.9981273e-001
 1.9916373e-001
 1.9862317e-001
 1.9809605e-001
 1.9766502e-001
 1.9730347e-001
 1.9698243e-001
 1.9665454e-001
 1.9637010e-001
 1.9601795e-001
 1.9570215e-001
 1.9534776e-001
 1.9503364e-001
 1.9473402e-001
 1.9444954e-001
 1.9423127e-001
 1.9405702e-001
 1.9390151e-001
 1.9376212e-001
 1.9362083e-001
 1.9348210e-001
 1.9334431e-001
 1.9319068e-001
 1.9303802e-001
 1.9290198e-001
 1.9277090e-001
 1.9264996e-001
 1.9252788e-001
 1.9240478e-001
 1.9234040e-001
 1.9231942e-001
 1.9231135e-001
 1.9232818e-001
 1.9235304e-001
 1.9239601e-001
 1.9247846e-001
 1.9261733e-001
 1.9276141e-001
 1.9290735e-001
 1.9305342e-001
 1.9322555e-001
 1.9339788e-001
 1.9360007e-001
 1.9379196e-001
 1.9396609e-001
 1.9412808e-001
 1.9429530e-001
 1.9444692e-001
 1.9458973e-001
 1.9472188e-001
 1.9482031e-001
 1.9491401e-001
 1.9499314e-001
 1.9507095e-001
 1.9512706e-001
 1.9518624e-001
 1.9530505e-001
 1.9543314e-001
 1.9557615e-001
 1.9572903e-001
 1.9592886e-001
 1.9613694e-001
 1.9638965e-001
 1.9664270e-001
 1.9698465e-001
 1.9733343e-001
 1.9767919e-001
 1.9801296e-001
 1.9838421e-001
 1.9874562e-001
 1.9910397e-001
 1.9944696e-001
 1.9984978e-001
 2.0025726e-001
 2.0067330e-001
 2.0108271e-001
 2.0151851e-001
 2.0194782e-001
 2.0239137e-001
 2.0282252e-001
 2.0329267e-001
 2.0376885e-001
 2.0421769e-001
 2.0464283e-001
 2.0508191e-001
 2.0552053e-001
 2.0593463e-001
 2.0632762e-001
 2.0674317e-001
 2.0717849e-001
 2.0759583e-001
 2.0800008e-001
 2.0842406e-001
 2.0886993e-001
 2.0930308e-001
 2.0972173e-001
 2.1016388e-001
 2.1063668e-001
 2.1109128e-001
 2.1152581e-001
 2.1196333e-001
 2.1240689e-001
 2.1283340e-001
 2.1323749e-001
 2.1365105e-001
 2.1409133e-001
 2.1451737e-001
 2.1492539e-001
 2.1534118e-001
 2.1577697e-001
 2.1620390e-001
 2.1661493e-001
 2.1703263e-001
 2.1747647e-001
 2.1790388e-001
 2.1829663e-001
 2.1869248e-001
 2.1910153e-001
 2.1950172e-001
 2.1987723e-001
 2.2025499e-001
 2.2064993e-001
 2.2103557e-001
 2.2139420e-001
 2.2175464e-001
 2.2213019e-001
 2.2250035e-001
 2.2284687e-001
 2.2319768e-001
 2.2357425e-001
 2.2394328e-001
 2.2428088e-001
 2.2462143e-001
 2.2498153e-001
 2.2533773e-001
 2.2566961e-001
 2.2600386e-001
 2.2637329e-001
 2.2673680e-001
 2.2705734e-001
 2.2738265e-001
 2.2775529e-001
 2.2812431e-001
 2.2845438e-001
 2.2878611e-001
 2.2913444e-001
 2.2947933e-001
 2.2977965e-001
 2.3008235e-001
 2.3041718e-001
 2.3075041e-001
 2.3104644e-001
 2.3134492e-001
 2.3167212e-001
 2.3199822e-001
 2.3229046e-001
 2.3258467e-001
 2.3288535e-001
 2.3318851e-001
 2.3346525e-001
 2.3374625e-001
 2.3406711e-001
 2.3439157e-001
 2.3469736e-001
 2.3500723e-001
 2.3532951e-001
 2.3565379e-001
 2.3595618e-001
 2.3625998e-001
 2.3659091e-001
 2.3691994e-001
 2.3721881e-001
 2.3751661e-001
 2.3783644e-001
 2.3815346e-001
 2.3845012e-001
 2.3874645e-001
 2.3907135e-001
 2.3939443e-001
 2.3971306e-001
 2.4003246e-001
 2.4037710e-001
 2.4071977e-001
 2.4103047e-001
 2.4134268e-001
 2.4168776e-001
 2.4203157e-001
 2.4234718e-001
 2.4266650e-001
 2.4302700e-001
 2.4338761e-001
 2.4373154e-001
 2.4407946e-001
 2.4445058e-001
 2.4482179e-001
 2.4516080e-001
 2.4550468e-001
 2.4588028e-001
 2.4625203e-001
 2.4658713e-001
 2.4692373e-001
 2.4727294e-001
 2.4761716e-001
 2.4793147e-001
 2.4824451e-001
 2.4855164e-001
 2.4885446e-001
 2.4914412e-001
 2.4943644e-001
 2.4974416e-001
 2.5004426e-001
 2.5031066e-001
 2.5057721e-001
 2.5085083e-001
 2.5111747e-001
 2.5136298e-001
 2.5161102e-001
 2.5186965e-001
 2.5212336e-001
 2.5236034e-001
 2.5260097e-001
 2.5285053e-001
 2.5309265e-001
 2.5331903e-001
 2.5355348e-001
 2.5380456e-001
 2.5405198e-001
 2.5428677e-001
 2.5452295e-001
 2.5476038e-001
 2.5498325e-001
 2.5517538e-001
 2.5537395e-001
 2.5558197e-001
 2.5577050e-001
 2.5592342e-001
 2.5606105e-001
 2.5617570e-001
 2.5628257e-001
 2.5638133e-001
 2.5647116e-001
 2.5655046e-001
 2.5661391e-001
 2.5665814e-001
 2.5669771e-001
 2.5673282e-001
 2.5675321e-001
 2.5676212e-001
 2.5676477e-001
 2.5676200e-001
 2.5674546e-001
 2.5671661e-001
 2.5668180e-001
 2.5664616e-001
 2.5661618e-001
 2.5658762e-001
 2.5655192e-001
 2.5651309e-001
 2.5646943e-001
 2.5642309e-001
 2.5636488e-001
 2.5630128e-001
 2.5622368e-001
 2.5614509e-001
 2.5604936e-001
 2.5594607e-001
 2.5584340e-001
 2.5573811e-001
 2.5560936e-001
 2.5547782e-001
 2.5534052e-001
 2.5520217e-001
 2.5503317e-001
 2.5485995e-001
 2.5469294e-001
 2.5452197e-001
 2.5431877e-001
 2.5411317e-001
 2.5391451e-001
 2.5371328e-001
 2.5348935e-001
 2.5326729e-001
 2.5307176e-001
 2.5287485e-001
 2.5266573e-001
 2.5245273e-001
 2.5224039e-001
 2.5202909e-001
 2.5182301e-001
 2.5161999e-001
 2.5141823e-001
 2.5120109e-001
 2.5096527e-001
 2.5073528e-001
 2.5051299e-001
 2.5028169e-001
 2.5003660e-001
 2.4980719e-001
 2.4959506e-001
 2.4936166e-001
 2.4911159e-001
 2.4887335e-001
 2.4864505e-001
 2.4841183e-001
 2.4817093e-001
 2.4793863e-001
 2.4771315e-001
 2.4748731e-001
 2.4726170e-001
 2.4705261e-001
 2.4685141e-001
 2.4664648e-001
 2.4643256e-001
 2.4623917e-001
 2.4605189e-001
 2.4586707e-001
 2.4568191e-001
 2.4555223e-001
 2.4543236e-001
 2.4535197e-001
 2.4527876e-001
 2.4526444e-001
 2.4525629e-001
 2.4528632e-001
 2.4531922e-001
 2.4539082e-001
 2.4547482e-001
 2.4559125e-001
 2.4570958e-001
 2.4581638e-001
 2.4592218e-001
 2.4602014e-001
 2.4610615e-001
 2.4618109e-001
 2.4625340e-001
 2.4631386e-001
 2.4636282e-001
 2.4639083e-001
 2.4641120e-001
 2.4642412e-001
 2.4644002e-001
 2.4646918e-001
 2.4649172e-001
 2.4649970e-001
 2.4650282e-001
 2.4650204e-001
 2.4650466e-001
 2.4650179e-001
 2.4649745e-001
 2.4649635e-001
 2.4648517e-001
 2.4647513e-001
 2.4647555e-001
 2.4647564e-001
 2.4639042e-001
 2.4632002e-001
 2.4634689e-001
 2.4637455e-001
 2.4644469e-001
 2.4652311e-001
 2.4658842e-001
 2.4662796e-001
 2.4661881e-001
 2.4658157e-001
 2.4657016e-001
 2.4663304e-001
 2.4668415e-001
 2.4667782e-001
 2.4666180e-001
 2.4666348e-001
 2.4667393e-001
 2.4674153e-001
 2.4685866e-001
 2.4695243e-001
 2.4700116e-001
 2.4703135e-001
 2.4701215e-001
 2.4700040e-001
 2.4710746e-001
 2.4723712e-001
 2.4724461e-001
 2.4717967e-001
-1.2300000e+034
-1.2300000e+034
-1.2300000e+034
-1.2300000e+034
-1.2300000e+034
-1.2300000e+034
-1.2300000e+034
-1.2300000e+034
-1.2300000e+034
-1.2300000e+034
-1.2300000e+034
-1.2300000e+034
-1.2300000e+034
-1.2300000e+034
-1.2300000e+034
-1.2300000e+034
-1.2300000e+034
-1.2300000e+034
-1.2300000e+034
-1.2300000e+034
-1.2300000e+034
-1.2300000e+034
-1.2300000e+034
-1.2300000e+034
-1.2300000e+034
-1.2300000e+034
-1.2300000e+034
-1.2300000e+034
-1.2300000e+034
-1.2300000e+034
-1.2300000e+034
-1.2300000e+034
-1.2300000e+034
-1.2300000e+034
-1.2300000e+034
-1.2300000e+034
-1.2300000e+034
-1.2300000e+034
-1.2300000e+034
-1.2300000e+034
-1.2300000e+034
-1.2300000e+034
-1.2300000e+034
-1.2300000e+034
-1.2300000e+034
-1.2300000e+034
-1.2300000e+034
-1.2300000e+034
-1.2300000e+034
-1.2300000e+034
-1.2300000e+034
-1.2300000e+034
-1.2300000e+034
-1.2300000e+034
-1.2300000e+034
-1.2300000e+034
-1.2300000e+034
-1.2300000e+034
-1.2300000e+034
-1.2300000e+034
-1.2300000e+034
-1.2300000e+034
-1.2300000e+034
-1.2300000e+034
-1.2300000e+034
-1.2300000e+034
-1.2300000e+034
-1.2300000e+034
-1.2300000e+034
-1.2300000e+034
-1.2300000e+034
-1.2300000e+034
-1.2300000e+034
-1.2300000e+034
-1.2300000e+034
-1.2300000e+034
-1.2300000e+034
-1.2300000e+034
-1.2300000e+034
-1.2300000e+034
-1.2300000e+034
-1.2300000e+034
-1.2300000e+034
-1.2300000e+034
-1.2300000e+034
-1.2300000e+034
-1.2300000e+034
-1.2300000e+034
-1.2300000e+034
-1.2300000e+034
-1.2300000e+034
-1.2300000e+034
-1.2300000e+034
-1.2300000e+034
-1.2300000e+034
-1.2300000e+034
-1.2300000e+034
-1.2300000e+034
-1.2300000e+034
-1.2300000e+034
-1.2300000e+034
-1.2300000e+034
-1.2300000e+034
-1.2300000e+034
-1.2300000e+034
-1.2300000e+034
-1.2300000e+034
-1.2300000e+034
-1.2300000e+034
-1.2300000e+034
-1.2300000e+034
-1.2300000e+034
-1.2300000e+034
-1.2300000e+034
-1.2300000e+034
-1.2300000e+034
-1.2300000e+034
-1.2300000e+034
-1.2300000e+034
-1.2300000e+034
-1.2300000e+034
-1.2300000e+034
-1.2300000e+034
-1.2300000e+034
-1.2300000e+034
-1.2300000e+034
-1.2300000e+034
-1.2300000e+034
-1.2300000e+034
-1.2300000e+034
-1.2300000e+034
-1.2300000e+034
-1.2300000e+034
-1.2300000e+034
-1.2300000e+034
-1.2300000e+034
-1.2300000e+034
-1.2300000e+034
-1.2300000e+034
-1.2300000e+034
-1.2300000e+034
-1.2300000e+034
-1.2300000e+034
-1.2300000e+034
-1.2300000e+034
-1.2300000e+034
-1.2300000e+034
-1.2300000e+034
-1.2300000e+034
-1.2300000e+034
-1.2300000e+034
 1.7050427e-001
 1.7100631e-001
 1.7156082e-001
 1.7206179e-001
 1.7256606e-001
 1.7303635e-001
 1.7353415e-001
 1.7404093e-001
 1.7453831e-001
 1.7504734e-001
 1.7553855e-001
 1.7599666e-001
 1.7645094e-001
 1.7707853e-001
 1.7767824e-001
 1.7840549e-001
 1.7910187e-001
 1.7978372e-001
 1.8041791e-001
 1.8103313e-001
 1.8161815e-001
 1.8214555e-001
 1.8267202e-001
 1.8313757e-001
 1.8368967e-001
 1.8417406e-001
 1.8455893e-001
 1.8489845e-001
 1.8526296e-001
 1.8561931e-001
 1.8597808e-001
 1.8634401e-001
 1.8673041e-001
 1.8719894e-001
 1.8763646e-001
 1.8802692e-001
 1.8839747e-001
 1.8881762e-001
 1.8922342e-001
 1.8960504e-001
 1.8997371e-001
 1.9035089e-001
 1.9073525e-001
 1.9109583e-001
 1.9142225e-001
 1.9174717e-001
 1.9208734e-001
 1.9242992e-001
 1.9279039e-001
 1.9316444e-001
 1.9349901e-001
 1.9383284e-001
 1.9407797e-001
 1.9428454e-001
 1.9454053e-001
 1.9486846e-001
 1.9519216e-001
 1.9541179e-001
 1.9567584e-001
 1.9600064e-001
 1.9639865e-001
 1.9674891e-001
 1.9711514e-001
 1.9747697e-001
 1.9785404e-001
 1.9815202e-001
 1.9838494e-001
 1.9857800e-001
 1.9869567e-001
 1.9879372e-001
 1.9882806e-001
 1.9885589e-001
 1.9884747e-001
 1.9883412e-001
 1.9874968e-001
 1.9865617e-001
 1.9854358e-001
 1.9843066e-001
 1.9833089e-001
 1.9822614e-001
 1.9811903e-001
 1.9799569e-001
 1.9786590e-001
 1.9770725e-001
 1.9755171e-001
 1.9735338e-001
 1.9715698e-001
 1.9694318e-001
 1.9673853e-001
 1.9651309e-001
 1.9628072e-001
 1.9605063e-001
 1.9582054e-001
 1.9560236e-001
 1.9538693e-001
 1.9516660e-001
 1.9493668e-001
 1.9470412e-001
 1.9441381e-001
 1.9410567e-001
 1.9385973e-001
 1.9363227e-001
 1.9341759e-001
 1.9321837e-001
 1.9301488e-001
 1.9277819e-001
 1.9252598e-001
 1.9230703e-001
 1.9208260e-001
 1.9185051e-001
 1.9161639e-001
 1.9138318e-001
 1.9114219e-001
 1.9096027e-001
 1.9077197e-001
 1.9056341e-001
 1.9036980e-001
 1.9018553e-001
 1.9000782e-001
 1.8984741e-001
 1.8971707e-001
 1.8961005e-001
 1.8953307e-001
 1.8945278e-001
 1.8938540e-001
 1.8931644e-001
 1.8922593e-001
 1.8913502e-001
 1.8903486e-001
 1.8892513e-001
 1.8885881e-001
 1.8881176e-001
 1.8873271e-001
 1.8863216e-001
 1.8854363e-001
 1.8850504e-001
 1.8846709e-001
 1.8840700e-001
 1.8835346e-001
 1.8831927e-001
 1.8828090e-001
 1.8823047e-001
 1.8818057e-001
 1.8815273e-001
 1.8813723e-001
 1.8814452e-001
 1.8818040e-001
 1.8819937e-001
 1.8817620e-001
 1.8815503e-001
 1.8814300e-001
 1.8811862e-001
 1.8807621e-001
 1.8804528e-001
 1.8804452e-001
 1.8803830e-001
 1.8806756e-001
 1.8811169e-001
 1.8813640e-001
 1.8816301e-001
 1.8820833e-001
 1.8825328e-001
 1.8831059e-001
 1.8837558e-001
 1.8844081e-001
 1.8850119e-001
 1.8855670e-001
 1.8862417e-001
 1.8868823e-001
 1.8876022e-001
 1.8884034e-001
 1.8892318e-001
 1.8901196e-001
 1.8914618e-001
 1.8927419e-001
 1.8939486e-001
 1.8952495e-001
 1.8964086e-001
 1.8974903e-001
 1.8986124e-001
 1.8996717e-001
 1.9008552e-001
 1.9020839e-001
 1.9032803e-001
 1.9044188e-001
 1.9056086e-001
 1.9065842e-001
 1.9075906e-001
 1.9091919e-001
 1.9109027e-001
 1.9121698e-001
 1.9131920e-001
 1.9141157e-001
 1.9151549e-001
 1.9163299e-001
 1.9175202e-001
 1.9188640e-001
 1.9205424e-001
 1.9221649e-001
 1.9229724e-001
 1.9237612e-001
 1.9247976e-001
 1.9259864e-001
 1.9270808e-001
 1.9281359e-001
 1.9289169e-001
 1.9298212e-001
 1.9305764e-001
 1.9311161e-001
 1.9317694e-001
 1.9325410e-001
 1.9333769e-001
 1.9343901e-001
 1.9354233e-001
 1.9361630e-001
 1.9369778e-001
 1.9376606e-001
 1.9382407e-001
 1.9388713e-001
 1.9396730e-001
 1.9404487e-001
 1.9411805e-001
 1.9419917e-001
 1.9427437e-001
 1.9438542e-001
 1.9452487e-001
 1.9464539e-001
 1.9474532e-001
 1.9484465e-001
 1.9495793e-001
 1.9507657e-001
 1.9519097e-001
 1.9531453e-001
 1.9541137e-001
 1.9549137e-001
 1.9556695e-001
 1.9564381e-001
 1.9572428e-001
 1.9581199e-001
 1.9589055e-001
 1.9595329e-001
 1.9606102e-001
 1.9617505e-001
 1.9626053e-001
 1.9635405e-001
 1.9647223e-001
 1.9659896e-001
 1.9671302e-001
 1.9679739e-001
 1.9688164e-001
 1.9695571e-001
 1.9701527e-001
 1.9705799e-001
 1.9708475e-001
 1.9709213e-001
 1.9709456e-001
 1.9713229e-001
 1.9718301e-001
 1.9724952e-001
 1.9730270e-001
 1.9727862e-001
 1.9723399e-001
 1.9726709e-001
 1.9734621e-001
 1.9745453e-001
 1.9756202e-001
 1.9766155e-001
 1.9775195e-001
 1.9786516e-001
 1.9800346e-001
 1.9814047e-001
 1.9830570e-001
 1.9848496e-001
 1.9867556e-001
 1.9884588e-001
 1.9891544e-001
 1.9898321e-001
 1.9909441e-001
 1.9920830e-001
 1.9920489e-001
 1.9917835e-001
 1.9912286e-001
 1.9905630e-001
 1.9894525e-001
 1.9884540e-001
 1.9874121e-001
 1.9862232e-001
 1.9849122e-001
 1.9835746e-001
 1.9812515e-001
 1.9780719e-001
 1.9749425e-001
 1.9716084e-001
 1.9678335e-001
 1.9637322e-001
 1.9595604e-001
 1.9551525e-001
 1.9506302e-001
 1.9459163e-001
 1.9411777e-001
 1.9361480e-001
 1.9310792e-001
 1.9257261e-001
 1.9202043e-001
 1.9144346e-001
 1.9087251e-001
 1.9031365e-001
 1.8974851e-001
 1.8920550e-001
 1.8867080e-001
 1.8810843e-001
 1.8752898e-001
 1.8697511e-001
 1.8641783e-001
 1.8585946e-001
 1.8530253e-001
 1.8473521e-001
 1.8417040e-001
 1.8358994e-001
 1.8300590e-001
 1.8247208e-001
 1.8202092e-001
 1.8154627e-001
 1.8104805e-001
 1.8057671e-001
 1.8016648e-001
 1.7975387e-001
 1.7938407e-001
 1.7900999e-001
 1.7864357e-001
 1.7827660e-001
 1.7794664e-001
 1.7761518e-001
 1.7730294e-001
 1.7699216e-001
 1.7673972e-001
 1.7650153e-001
 1.7630692e-001
 1.7613159e-001
 1.7587163e-001
 1.7556208e-001
 1.7533638e-001
 1.7514649e-001
 1.7495660e-001
 1.7478609e-001
 1.7460740e-001
 1.7441534e-001
 1.7415485e-001
 1.7380466e-001
 1.7350402e-001
 1.7329592e-001
 1.7303570e-001
 1.7266446e-001
 1.7231797e-001
 1.7203656e-001
 1.7176546e-001
 1.7152244e-001
 1.7126165e-001
 1.7093848e-001
 1.7061387e-001
 1.7017759e-001
 1.6974314e-001
 1.6950074e-001
 1.6926943e-001
 1.6893210e-001
 1.6859087e-001
 1.6841701e-001
 1.6825397e-001
 1.6815364e-001
 1.6807215e-001
 1.6802022e-001
 1.6796528e-001
 1.6795722e-001
 1.6797018e-001
 1.6800678e-001
 1.6803603e-001
 1.6807550e-001
 1.6813305e-001
 1.6817451e-001
 1.6819954e-001
 1.6822399e-001
 1.6825080e-001
 1.6819026e-001
 1.6803369e-001
 1.6789129e-001
 1.6777830e-001
 1.6766319e-001
 1.6753611e-001
 1.6739993e-001
 1.6725275e-001
 1.6710146e-001
 1.6694371e-001
 1.6679285e-001
 1.6666175e-001
 1.6651852e-001
 1.6634013e-001
 1.6613825e-001
 1.6585384e-001
 1.6557638e-001
 1.6540810e-001
 1.6522790e-001
 1.6495433e-001
 1.6470078e-001
 1.6459183e-001
 1.6446863e-001
 1.6420905e-001
 1.6395751e-001
 1.6388847e-001
 1.6382250e-001
 1.6377848e-001
 1.6372699e-001
 1.6362010e-001
 1.6351441e-001
 1.6360289e-001
 1.6370393e-001
 1.6386147e-001
 1.6401815e-001
 1.6414617e-001
 1.6427480e-001
 1.6429010e-001
 1.6428870e-001
 1.6428742e-001
 1.6428202e-001
 1.6405475e-001
 1.6376342e-001
 1.6370718e-001
 1.6371953e-001
 1.6359401e-001
 1.6341913e-001
 1.6330101e-001
 1.6320308e-001
 1.6316888e-001
 1.6316701e-001
 1.6313189e-001
 1.6307820e-001
 1.6294593e-001
 1.6277269e-001
 1.6262725e-001
 1.6250154e-001
 1.6239432e-001
 1.6229033e-001
 1.6221860e-001
 1.6216658e-001
 1.6200867e-001
 1.6177142e-001
 1.6161427e-001
 1.6152686e-001
 1.6147523e-001
 1.6145177e-001
 1.6136089e-001
 1.6120778e-001
 1.6099782e-001
 1.6075325e-001
 1.6061528e-001
 1.6058616e-001
 1.6056234e-001
 1.6053635e-001
 1.6056086e-001
 1.6058336e-001
 1.6051356e-001
 1.6036682e-001
 1.6006325e-001
 1.5960914e-001
 1.5925057e-001
 1.5905058e-001
 1.5893395e-001
 1.5883315e-001
 1.5865543e-001
 1.5840012e-001
 1.5808198e-001
 1.5771165e-001
 1.5730980e-001
 1.5692064e-001
 1.5653802e-001
 1.5613788e-001
 1.5578572e-001
 1.5540284e-001
 1.5504827e-001
 1.5480131e-001
 1.5447821e-001
 1.5411063e-001
 1.5392394e-001
 1.5387329e-001
 1.5363452e-001
 1.5326077e-001
 1.5283355e-001
 1.5234059e-001
 1.5189767e-001
 1.5148741e-001
 1.5112677e-001
 1.5076852e-001
 1.5035267e-001
 1.4983118e-001
 1.4937223e-001
 1.4900674e-001
 1.4857680e-001
 1.4821450e-001
 1.4771868e-001
 1.4704055e-001
 1.4641149e-001
 1.4586487e-001
 1.4554447e-001
 1.4528309e-001
 1.4481246e-001
 1.4415771e-001
 1.4335592e-001
 1.4241888e-001
 1.4162026e-001
 1.4091048e-001
 1.3991930e-001
 1.3878955e-001
 1.3850617e-001
 1.3869826e-001
 1.3880840e-001
 1.3877024e-001
 1.3796622e-001
 1.3700460e-001
 1.3639347e-001
 1.3587175e-001
-1.2300000e+034
-1.2300000e+034
-1.2300000e+034
-1.2300000e+034
-1.2300000e+034
-1.2300000e+034
-1.2300000e+034
-1.2300000e+034
-1.2300000e+034
-1.2300000e+034
-1.2300000e+034
-1.2300000e+034
-1.2300000e+034
-1.2300000e+034
-1.2300000e+034
-1.2300000e+034
-1.2300000e+034
-1.2300000e+034
-1.2300000e+034
-1.2300000e+034
-1.2300000e+034
-1.2300000e+034
-1.2300000e+034
-1.2300000e+034
-1.2300000e+034
-1.2300000e+034
-1.2300000e+034
-1.2300000e+034
-1.2300000e+034
-1.2300000e+034
-1.2300000e+034
-1.2300000e+034
-1.2300000e+034
-1.2300000e+034
-1.2300000e+034
-1.2300000e+034
-1.2300000e+034
-1.2300000e+034
-1.2300000e+034
-1.2300000e+034
-1.2300000e+034
