 splib07a Record=23090: Rangeland C03-027 S27% G19%  ASDFRa AREF
-1.2300000e+034
-1.2300000e+034
-1.2300000e+034
-1.2300000e+034
-1.2300000e+034
-1.2300000e+034
 3.9334446e-002
 3.9445721e-002
 3.9600994e-002
 3.9783217e-002
 3.9889537e-002
 3.9969381e-002
 4.0063400e-002
 4.0286053e-002
 4.0345248e-002
 4.0412042e-002
 4.0602386e-002
 4.0740781e-002
 4.0868554e-002
 4.0994070e-002
 4.1148968e-002
 4.1347168e-002
 4.1573349e-002
 4.1760698e-002
 4.1937526e-002
 4.2135004e-002
 4.2416275e-002
 4.2616528e-002
 4.2826086e-002
 4.3086957e-002
 4.3370105e-002
 4.3635253e-002
 4.3881696e-002
 4.4161595e-002
 4.4446763e-002
 4.4733871e-002
 4.5011111e-002
 4.5309525e-002
 4.5579854e-002
 4.5771062e-002
 4.6143562e-002
 4.6443306e-002
 4.6610389e-002
 4.6989616e-002
 4.7297318e-002
 4.7546517e-002
 4.7851417e-002
 4.8154481e-002
 4.8447870e-002
 4.8740707e-002
 4.8958700e-002
 4.9170207e-002
 4.9408551e-002
 4.9630437e-002
 4.9886215e-002
 5.0181895e-002
 5.0477311e-002
 5.0765753e-002
 5.1055431e-002
 5.1383633e-002
 5.1673789e-002
 5.1950037e-002
 5.2234881e-002
 5.2556429e-002
 5.2867040e-002
 5.3157374e-002
 5.3463388e-002
 5.3774182e-002
 5.4090124e-002
 5.4417245e-002
 5.4748457e-002
 5.5082768e-002
 5.5427790e-002
 5.5777889e-002
 5.6126319e-002
 5.6475490e-002
 5.6860853e-002
 5.7241019e-002
 5.7607535e-002
 5.7987284e-002
 5.8386195e-002
 5.8789697e-002
 5.9166905e-002
 5.9548508e-002
 5.9923194e-002
 6.0290374e-002
 6.0670957e-002
 6.1050363e-002
 6.1429951e-002
 6.1812349e-002
 6.2195193e-002
 6.2580079e-002
 6.2959149e-002
 6.3314579e-002
 6.3662946e-002
 6.4043388e-002
 6.4407170e-002
 6.4766072e-002
 6.5128572e-002
 6.5470248e-002
 6.5800630e-002
 6.6121586e-002
 6.6449136e-002
 6.6769831e-002
 6.7085765e-002
 6.7398861e-002
 6.7697339e-002
 6.7986220e-002
 6.8263501e-002
 6.8531439e-002
 6.8790838e-002
 6.9040991e-002
 6.9286786e-002
 6.9527522e-002
 6.9762938e-002
 6.9989741e-002
 7.0226640e-002
 7.0463091e-002
 7.0668057e-002
 7.0885614e-002
 7.1101129e-002
 7.1302935e-002
 7.1544126e-002
 7.1761541e-002
 7.1941465e-002
 7.2140910e-002
 7.2347991e-002
 7.2555602e-002
 7.2726160e-002
 7.2925732e-002
 7.3135719e-002
 7.3339589e-002
 7.3539630e-002
 7.3735274e-002
 7.3923044e-002
 7.4111216e-002
 7.4310027e-002
 7.4517891e-002
 7.4717440e-002
 7.4935086e-002
 7.5158976e-002
 7.5374231e-002
 7.5594902e-002
 7.5820670e-002
 7.6055422e-002
 7.6293685e-002
 7.6529264e-002
 7.6761588e-002
 7.7040285e-002
 7.7307180e-002
 7.7568367e-002
 7.7861011e-002
 7.8157440e-002
 7.8454591e-002
 7.8753315e-002
 7.9050258e-002
 7.9363570e-002
 7.9709239e-002
 8.0045775e-002
 8.0391712e-002
 8.0750071e-002
 8.1109703e-002
 8.1489965e-002
 8.1885852e-002
 8.2291879e-002
 8.2713135e-002
 8.3145298e-002
 8.3583005e-002
 8.4048532e-002
 8.4520951e-002
 8.4991127e-002
 8.5462049e-002
 8.5935839e-002
 8.6416088e-002
 8.6896352e-002
 8.7374635e-002
 8.7850429e-002
 8.8330962e-002
 8.8777080e-002
 8.9213125e-002
 8.9650482e-002
 9.0079539e-002
 9.0494514e-002
 9.0898007e-002
 9.1300704e-002
 9.1690429e-002
 9.2063449e-002
 9.2405729e-002
 9.2762873e-002
 9.3114868e-002
 9.3438603e-002
 9.3782499e-002
 9.4124421e-002
 9.4457582e-002
 9.4780780e-002
 9.5101662e-002
 9.5423400e-002
 9.5762528e-002
 9.6084148e-002
 9.6397072e-002
 9.6712172e-002
 9.6999228e-002
 9.7281538e-002
 9.7571723e-002
 9.7842574e-002
 9.8094106e-002
 9.8326951e-002
 9.8542228e-002
 9.8755859e-002
 9.8962672e-002
 9.9139087e-002
 9.9323139e-002
 9.9502362e-002
 9.9662401e-002
 9.9825367e-002
 9.9979356e-002
 1.0011914e-001
 1.0024294e-001
 1.0035694e-001
 1.0046188e-001
 1.0056160e-001
 1.0066386e-001
 1.0076649e-001
 1.0086566e-001
 1.0098563e-001
 1.0110874e-001
 1.0122550e-001
 1.0134634e-001
 1.0147276e-001
 1.0160522e-001
 1.0175753e-001
 1.0190494e-001
 1.0205203e-001
 1.0221822e-001
 1.0238109e-001
 1.0254642e-001
 1.0272153e-001
 1.0289352e-001
 1.0306802e-001
 1.0324505e-001
 1.0341776e-001
 1.0359548e-001
 1.0377920e-001
 1.0399547e-001
 1.0420201e-001
 1.0440104e-001
 1.0458781e-001
 1.0478140e-001
 1.0497661e-001
 1.0516837e-001
 1.0535380e-001
 1.0553581e-001
 1.0571305e-001
 1.0586392e-001
 1.0600375e-001
 1.0613603e-001
 1.0627041e-001
 1.0640462e-001
 1.0653836e-001
 1.0666740e-001
 1.0676272e-001
 1.0685969e-001
 1.0697231e-001
 1.0706194e-001
 1.0715207e-001
 1.0724641e-001
 1.0738023e-001
 1.0749145e-001
 1.0759661e-001
 1.0774039e-001
 1.0787133e-001
 1.0801319e-001
 1.0818869e-001
 1.0835968e-001
 1.0853921e-001
 1.0873025e-001
 1.0892281e-001
 1.0911410e-001
 1.0930935e-001
 1.0953746e-001
 1.0976087e-001
 1.0997263e-001
 1.1015411e-001
 1.1034662e-001
 1.1053636e-001
 1.1071672e-001
 1.1088500e-001
 1.1102737e-001
 1.1114568e-001
 1.1128646e-001
 1.1140566e-001
 1.1150721e-001
 1.1159253e-001
 1.1167982e-001
 1.1176119e-001
 1.1182865e-001
 1.1189956e-001
 1.1198705e-001
 1.1209671e-001
 1.1221886e-001
 1.1234445e-001
 1.1247356e-001
 1.1261329e-001
 1.1273263e-001
 1.1284543e-001
 1.1296353e-001
 1.1304291e-001
 1.1310989e-001
 1.1317329e-001
 1.1325603e-001
 1.1333669e-001
 1.1341348e-001
 1.1346816e-001
 1.1353587e-001
 1.1361044e-001
 1.1367477e-001
 1.1375812e-001
 1.1385031e-001
 1.1394621e-001
 1.1407499e-001
 1.1420722e-001
 1.1433585e-001
 1.1448910e-001
 1.1464406e-001
 1.1480236e-001
 1.1498677e-001
 1.1517859e-001
 1.1537690e-001
 1.1558553e-001
 1.1582454e-001
 1.1608731e-001
 1.1637975e-001
 1.1671424e-001
 1.1708518e-001
 1.1749877e-001
 1.1797402e-001
 1.1852776e-001
 1.1914947e-001
 1.1979985e-001
 1.2053192e-001
 1.2130928e-001
 1.2215704e-001
 1.2309746e-001
 1.2408940e-001
 1.2514292e-001
 1.2628059e-001
 1.2743671e-001
 1.2861840e-001
 1.2987211e-001
 1.3114068e-001
 1.3243090e-001
 1.3375270e-001
 1.3506943e-001
 1.3637820e-001
 1.3768852e-001
 1.3901551e-001
 1.4036223e-001
 1.4173174e-001
 1.4310552e-001
 1.4449500e-001
 1.4590028e-001
 1.4733239e-001
 1.4877234e-001
 1.5022926e-001
 1.5172830e-001
 1.5319446e-001
 1.5469635e-001
 1.5626624e-001
 1.5783598e-001
 1.5943007e-001
 1.6098565e-001
 1.6253486e-001
 1.6407329e-001
 1.6563208e-001
 1.6716419e-001
 1.6866830e-001
 1.7014743e-001
 1.7160791e-001
 1.7302009e-001
 1.7440665e-001
 1.7575590e-001
 1.7704944e-001
 1.7829543e-001
 1.7949639e-001
 1.8064506e-001
 1.8173768e-001
 1.8279490e-001
 1.8381789e-001
 1.8478324e-001
 1.8571194e-001
 1.8659753e-001
 1.8741332e-001
 1.8818322e-001
 1.8891048e-001
 1.8963112e-001
 1.9028878e-001
 1.9090401e-001
 1.9150576e-001
 1.9206117e-001
 1.9259232e-001
 1.9309637e-001
 1.9356133e-001
 1.9401701e-001
 1.9446829e-001
 1.9488671e-001
 1.9528478e-001
 1.9566128e-001
 1.9599958e-001
 1.9621618e-001
-1.2300000e+034
-1.2300000e+034
-1.2300000e+034
-1.2300000e+034
 1.9718741e-001
 1.9761670e-001
 1.9804680e-001
 1.9847597e-001
 1.9890913e-001
 1.9928071e-001
 1.9961978e-001
 1.9992945e-001
 2.0019630e-001
 2.0044959e-001
 2.0070557e-001
 2.0095924e-001
 2.0120658e-001
 2.0144443e-001
 2.0171732e-001
 2.0198303e-001
 2.0223960e-001
 2.0248437e-001
 2.0271021e-001
 2.0293604e-001
 2.0319299e-001
 2.0343927e-001
 2.0367077e-001
 2.0388159e-001
 2.0409897e-001
 2.0432532e-001
 2.0455976e-001
 2.0477749e-001
 2.0501938e-001
 2.0527336e-001
 2.0549336e-001
 2.0570770e-001
 2.0592465e-001
 2.0615734e-001
 2.0639943e-001
 2.0664850e-001
 2.0690744e-001
 2.0710708e-001
 2.0732552e-001
 2.0756076e-001
 2.0778081e-001
 2.0801781e-001
 2.0826018e-001
 2.0848978e-001
 2.0869599e-001
 2.0890088e-001
 2.0911235e-001
 2.0933767e-001
 2.0954585e-001
 2.0973338e-001
 2.0986426e-001
 2.1004026e-001
 2.1025607e-001
 2.1049817e-001
 2.1072307e-001
 2.1094409e-001
 2.1117163e-001
 2.1138988e-001
 2.1159619e-001
 2.1179846e-001
 2.1204698e-001
 2.1228822e-001
 2.1251753e-001
 2.1274908e-001
 2.1297275e-001
 2.1319009e-001
 2.1338651e-001
 2.1359049e-001
 2.1379183e-001
 2.1398421e-001
 2.1422936e-001
 2.1445471e-001
 2.1464624e-001
 2.1487683e-001
 2.1511891e-001
 2.1535878e-001
 2.1552151e-001
 2.1572232e-001
 2.1595170e-001
 2.1621534e-001
 2.1642673e-001
 2.1662772e-001
 2.1682650e-001
 2.1705759e-001
 2.1724625e-001
 2.1739866e-001
 2.1762870e-001
 2.1785274e-001
 2.1805976e-001
 2.1822868e-001
 2.1842699e-001
 2.1864788e-001
 2.1886714e-001
 2.1908467e-001
 2.1929164e-001
 2.1949615e-001
 2.1967852e-001
 2.1988633e-001
 2.2010662e-001
 2.2027719e-001
 2.2046041e-001
 2.2063592e-001
 2.2076838e-001
 2.2099800e-001
 2.2122256e-001
 2.2138642e-001
 2.2156754e-001
 2.2176115e-001
 2.2196883e-001
 2.2216167e-001
 2.2233477e-001
 2.2249924e-001
 2.2267586e-001
 2.2287785e-001
 2.2308312e-001
 2.2327544e-001
 2.2346044e-001
 2.2366370e-001
 2.2389191e-001
 2.2401252e-001
 2.2417507e-001
 2.2436614e-001
 2.2451445e-001
 2.2465745e-001
 2.2479688e-001
 2.2492988e-001
 2.2513001e-001
 2.2533478e-001
 2.2551703e-001
 2.2564042e-001
 2.2575583e-001
 2.2586942e-001
 2.2600968e-001
 2.2614911e-001
 2.2629596e-001
 2.2647619e-001
 2.2667423e-001
 2.2686675e-001
 2.2702205e-001
 2.2717072e-001
 2.2733736e-001
 2.2752954e-001
 2.2767034e-001
 2.2780456e-001
 2.2794068e-001
 2.2810669e-001
 2.2822662e-001
 2.2834314e-001
 2.2852780e-001
 2.2874372e-001
 2.2892652e-001
 2.2902967e-001
 2.2920500e-001
 2.2937253e-001
 2.2952421e-001
 2.2969717e-001
 2.2990854e-001
 2.3013012e-001
 2.3026761e-001
 2.3048511e-001
 2.3068744e-001
 2.3076957e-001
-1.2300000e+034
-1.2300000e+034
-1.2300000e+034
-1.2300000e+034
-1.2300000e+034
-1.2300000e+034
-1.2300000e+034
-1.2300000e+034
-1.2300000e+034
-1.2300000e+034
-1.2300000e+034
-1.2300000e+034
-1.2300000e+034
-1.2300000e+034
-1.2300000e+034
-1.2300000e+034
-1.2300000e+034
 2.3254593e-001
 2.3273660e-001
 2.3280536e-001
 2.3282731e-001
 2.3288243e-001
 2.3307802e-001
 2.3313174e-001
 2.3320410e-001
 2.3334573e-001
 2.3320730e-001
 2.3313881e-001
 2.3314978e-001
 2.3319258e-001
 2.3325808e-001
 2.3332052e-001
 2.3332453e-001
 2.3334976e-001
 2.3335491e-001
 2.3330601e-001
 2.3331311e-001
 2.3331651e-001
 2.3330866e-001
 2.3339860e-001
 2.3356621e-001
 2.3374809e-001
 2.3367149e-001
 2.3377787e-001
 2.3393106e-001
 2.3399438e-001
 2.3423244e-001
 2.3444603e-001
 2.3456410e-001
 2.3466064e-001
 2.3478185e-001
 2.3491280e-001
 2.3482323e-001
 2.3495623e-001
 2.3518996e-001
 2.3527564e-001
 2.3541816e-001
 2.3558338e-001
 2.3575708e-001
 2.3602007e-001
 2.3618701e-001
 2.3621370e-001
 2.3643278e-001
 2.3661464e-001
 2.3677355e-001
 2.3696864e-001
 2.3722069e-001
 2.3747577e-001
 2.3765190e-001
 2.3785552e-001
 2.3811790e-001
 2.3846623e-001
 2.3858315e-001
 2.3874854e-001
 2.3896815e-001
 2.3898062e-001
 2.3918682e-001
 2.3946567e-001
 2.3950861e-001
 2.3975264e-001
 2.4005418e-001
 2.4032080e-001
 2.4033836e-001
 2.4073526e-001
 2.4171586e-001
 2.4147502e-001
 2.4175836e-001
 2.4204168e-001
 2.4230665e-001
 2.4253285e-001
 2.4278544e-001
 2.4306661e-001
 2.4334471e-001
 2.4361028e-001
 2.4386230e-001
 2.4409917e-001
 2.4434383e-001
 2.4462745e-001
 2.4492881e-001
 2.4518545e-001
 2.4538495e-001
 2.4559858e-001
 2.4588060e-001
 2.4614446e-001
 2.4635956e-001
 2.4661456e-001
 2.4691467e-001
 2.4718155e-001
 2.4741659e-001
 2.4767627e-001
 2.4796070e-001
 2.4822237e-001
 2.4844164e-001
 2.4865660e-001
 2.4889688e-001
 2.4913107e-001
 2.4932359e-001
 2.4951258e-001
 2.4973732e-001
 2.4997064e-001
 2.5019753e-001
 2.5041762e-001
 2.5062388e-001
 2.5083202e-001
 2.5104925e-001
 2.5126979e-001
 2.5149205e-001
 2.5171825e-001
 2.5193337e-001
 2.5212133e-001
 2.5231284e-001
 2.5254259e-001
 2.5277266e-001
 2.5294566e-001
 2.5310528e-001
 2.5330976e-001
 2.5352180e-001
 2.5372121e-001
 2.5391677e-001
 2.5410146e-001
 2.5430408e-001
 2.5452259e-001
 2.5471956e-001
 2.5490981e-001
 2.5511649e-001
 2.5533500e-001
 2.5554568e-001
 2.5573546e-001
 2.5591123e-001
 2.5610229e-001
 2.5629428e-001
 2.5646704e-001
 2.5663552e-001
 2.5681141e-001
 2.5696003e-001
 2.5709987e-001
 2.5727087e-001
 2.5746474e-001
 2.5764155e-001
 2.5779629e-001
 2.5797009e-001
 2.5814688e-001
 2.5829193e-001
 2.5839418e-001
 2.5850582e-001
 2.5863901e-001
 2.5877234e-001
 2.5890622e-001
 2.5903881e-001
 2.5917119e-001
 2.5931063e-001
 2.5946841e-001
 2.5962207e-001
 2.5974774e-001
 2.5986484e-001
 2.5996572e-001
 2.6005068e-001
 2.6015007e-001
 2.6025218e-001
 2.6034623e-001
 2.6043117e-001
 2.6051420e-001
 2.6061645e-001
 2.6072255e-001
 2.6080766e-001
-1.2300000e+034
-1.2300000e+034
-1.2300000e+034
-1.2300000e+034
-1.2300000e+034
-1.2300000e+034
-1.2300000e+034
-1.2300000e+034
-1.2300000e+034
-1.2300000e+034
-1.2300000e+034
-1.2300000e+034
-1.2300000e+034
-1.2300000e+034
-1.2300000e+034
-1.2300000e+034
-1.2300000e+034
-1.2300000e+034
-1.2300000e+034
-1.2300000e+034
-1.2300000e+034
-1.2300000e+034
-1.2300000e+034
-1.2300000e+034
-1.2300000e+034
-1.2300000e+034
-1.2300000e+034
-1.2300000e+034
-1.2300000e+034
-1.2300000e+034
-1.2300000e+034
-1.2300000e+034
-1.2300000e+034
-1.2300000e+034
-1.2300000e+034
-1.2300000e+034
-1.2300000e+034
-1.2300000e+034
-1.2300000e+034
-1.2300000e+034
-1.2300000e+034
 2.5523582e-001
 2.5496122e-001
 2.5471881e-001
 2.5448713e-001
 2.5430796e-001
 2.5414893e-001
 2.5399056e-001
 2.5383675e-001
 2.5370789e-001
 2.5359750e-001
 2.5351316e-001
 2.5345311e-001
 2.5339013e-001
 2.5332174e-001
 2.5326413e-001
 2.5322717e-001
 2.5319883e-001
 2.5320163e-001
 2.5320372e-001
 2.5319937e-001
 2.5319535e-001
 2.5321537e-001
 2.5323492e-001
 2.5323001e-001
 2.5322321e-001
 2.5322735e-001
 2.5323370e-001
 2.5325090e-001
 2.5327212e-001
 2.5327808e-001
 2.5327602e-001
 2.5328302e-001
 2.5329795e-001
 2.5331447e-001
 2.5333184e-001
 2.5336367e-001
 2.5342059e-001
 2.5347418e-001
 2.5351974e-001
 2.5357065e-001
 2.5364906e-001
 2.5372750e-001
 2.5381148e-001
 2.5389516e-001
 2.5401083e-001
 2.5412756e-001
 2.5423124e-001
 2.5433183e-001
 2.5445920e-001
 2.5459281e-001
 2.5474688e-001
 2.5490806e-001
 2.5508451e-001
 2.5527200e-001
 2.5545853e-001
 2.5563887e-001
 2.5583810e-001
 2.5606140e-001
 2.5627723e-001
 2.5648305e-001
 2.5669840e-001
 2.5694206e-001
 2.5718176e-001
 2.5741169e-001
 2.5764996e-001
 2.5795454e-001
 2.5825512e-001
 2.5853661e-001
 2.5881714e-001
 2.5911936e-001
 2.5942105e-001
 2.5972974e-001
 2.6003689e-001
 2.6035991e-001
 2.6069027e-001
 2.6100472e-001
 2.6130852e-001
 2.6161939e-001
 2.6193798e-001
 2.6224571e-001
 2.6253515e-001
 2.6282591e-001
 2.6312497e-001
 2.6341671e-001
 2.6369360e-001
 2.6397222e-001
 2.6425326e-001
 2.6453298e-001
 2.6480711e-001
 2.6507905e-001
 2.6537049e-001
 2.6565841e-001
 2.6591724e-001
 2.6617420e-001
 2.6643929e-001
 2.6670289e-001
 2.6694599e-001
 2.6718330e-001
 2.6743495e-001
 2.6769111e-001
 2.6791844e-001
 2.6813847e-001
 2.6837763e-001
 2.6862219e-001
 2.6885125e-001
 2.6907185e-001
 2.6929072e-001
 2.6950476e-001
 2.6970258e-001
 2.6987907e-001
 2.7006406e-001
 2.7026284e-001
 2.7045864e-001
 2.7063653e-001
 2.7081695e-001
 2.7101913e-001
 2.7122095e-001
 2.7140942e-001
 2.7159864e-001
 2.7181175e-001
 2.7202198e-001
 2.7220604e-001
 2.7238500e-001
 2.7257553e-001
 2.7276510e-001
 2.7294269e-001
 2.7311620e-001
 2.7328470e-001
 2.7345109e-001
 2.7362114e-001
 2.7378505e-001
 2.7392119e-001
 2.7404419e-001
 2.7416891e-001
 2.7429441e-001
 2.7442089e-001
 2.7454278e-001
 2.7465057e-001
 2.7473623e-001
 2.7481896e-001
 2.7490076e-001
 2.7497622e-001
 2.7503636e-001
 2.7509499e-001
 2.7513978e-001
 2.7518314e-001
 2.7521840e-001
 2.7524933e-001
 2.7525738e-001
 2.7525944e-001
 2.7524537e-001
 2.7522990e-001
 2.7519017e-001
 2.7514306e-001
 2.7509233e-001
 2.7503878e-001
 2.7495795e-001
 2.7487409e-001
 2.7477917e-001
 2.7467206e-001
 2.7454466e-001
 2.7441543e-001
 2.7428451e-001
 2.7414548e-001
 2.7398509e-001
 2.7380443e-001
 2.7360797e-001
 2.7338967e-001
 2.7316567e-001
 2.7293834e-001
 2.7270976e-001
 2.7248102e-001
 2.7224138e-001
 2.7196696e-001
 2.7169672e-001
 2.7143288e-001
 2.7115336e-001
 2.7082270e-001
 2.7048719e-001
 2.7017057e-001
 2.6984879e-001
 2.6949582e-001
 2.6913992e-001
 2.6880842e-001
 2.6847732e-001
 2.6814309e-001
 2.6781300e-001
 2.6750034e-001
 2.6719114e-001
 2.6690364e-001
 2.6661503e-001
 2.6637220e-001
 2.6613787e-001
 2.6590189e-001
 2.6565170e-001
 2.6543966e-001
 2.6524436e-001
 2.6505065e-001
 2.6484123e-001
 2.6467085e-001
 2.6454583e-001
 2.6441818e-001
 2.6429173e-001
 2.6416481e-001
-1.2300000e+034
-1.2300000e+034
-1.2300000e+034
-1.2300000e+034
-1.2300000e+034
-1.2300000e+034
-1.2300000e+034
-1.2300000e+034
-1.2300000e+034
-1.2300000e+034
-1.2300000e+034
-1.2300000e+034
-1.2300000e+034
-1.2300000e+034
-1.2300000e+034
-1.2300000e+034
-1.2300000e+034
-1.2300000e+034
-1.2300000e+034
-1.2300000e+034
-1.2300000e+034
-1.2300000e+034
-1.2300000e+034
-1.2300000e+034
-1.2300000e+034
-1.2300000e+034
-1.2300000e+034
-1.2300000e+034
-1.2300000e+034
-1.2300000e+034
-1.2300000e+034
-1.2300000e+034
-1.2300000e+034
-1.2300000e+034
-1.2300000e+034
-1.2300000e+034
-1.2300000e+034
-1.2300000e+034
-1.2300000e+034
-1.2300000e+034
-1.2300000e+034
-1.2300000e+034
-1.2300000e+034
-1.2300000e+034
-1.2300000e+034
-1.2300000e+034
 2.2620383e-001
 2.2498806e-001
 2.2385345e-001
 2.2289211e-001
 2.2194889e-001
 2.2078346e-001
 2.1970141e-001
 2.1873713e-001
 2.1783604e-001
 2.1697867e-001
 2.1622209e-001
 2.1555559e-001
 2.1492596e-001
 2.1425417e-001
 2.1363594e-001
 2.1308580e-001
 2.1257688e-001
 2.1208912e-001
 2.1164013e-001
 2.1121605e-001
 2.1081126e-001
 2.1040566e-001
 2.1003009e-001
 2.0972791e-001
 2.0944569e-001
 2.0912585e-001
 2.0882086e-001
 2.0859659e-001
 2.0839103e-001
 2.0818512e-001
 2.0797713e-001
 2.0781969e-001
 2.0768136e-001
 2.0753022e-001
 2.0738325e-001
 2.0727488e-001
 2.0717981e-001
 2.0712197e-001
 2.0708315e-001
 2.0704593e-001
 2.0700432e-001
 2.0697854e-001
 2.0697828e-001
 2.0699526e-001
 2.0701194e-001
 2.0703493e-001
 2.0707254e-001
 2.0711972e-001
 2.0716818e-001
 2.0722294e-001
 2.0728661e-001
 2.0735396e-001
 2.0741627e-001
 2.0747460e-001
 2.0754254e-001
 2.0761742e-001
 2.0769864e-001
 2.0777485e-001
 2.0785844e-001
 2.0795529e-001
 2.0806006e-001
 2.0816696e-001
 2.0829973e-001
 2.0844267e-001
 2.0859486e-001
 2.0875870e-001
 2.0894520e-001
 2.0914322e-001
 2.0935112e-001
 2.0956321e-001
 2.0978607e-001
 2.1001294e-001
 2.1023820e-001
 2.1046077e-001
 2.1069722e-001
 2.1092932e-001
 2.1114965e-001
 2.1137178e-001
 2.1162163e-001
 2.1186662e-001
 2.1210331e-001
 2.1233708e-001
 2.1260005e-001
 2.1286693e-001
 2.1313468e-001
 2.1340002e-001
 2.1370266e-001
 2.1400133e-001
 2.1427852e-001
 2.1454665e-001
 2.1485028e-001
 2.1515189e-001
 2.1544208e-001
 2.1572757e-001
 2.1603489e-001
 2.1633716e-001
 2.1663375e-001
 2.1693251e-001
 2.1726848e-001
 2.1760830e-001
 2.1793509e-001
 2.1825656e-001
 2.1860366e-001
 2.1895467e-001
 2.1929725e-001
 2.1964130e-001
 2.2001818e-001
 2.2039323e-001
 2.2074786e-001
 2.2109707e-001
 2.2146626e-001
 2.2183429e-001
 2.2217785e-001
 2.2251794e-001
 2.2289833e-001
 2.2327995e-001
 2.2362593e-001
 2.2396557e-001
 2.2432753e-001
 2.2469267e-001
 2.2503446e-001
 2.2537394e-001
 2.2573437e-001
 2.2609502e-001
 2.2642039e-001
 2.2673638e-001
 2.2707376e-001
 2.2741817e-001
 2.2773196e-001
 2.2804105e-001
 2.2837846e-001
 2.2871880e-001
 2.2902162e-001
 2.2931483e-001
 2.2962491e-001
 2.2994252e-001
 2.3023961e-001
 2.3053233e-001
 2.3084088e-001
 2.3115093e-001
 2.3143998e-001
 2.3172560e-001
 2.3202890e-001
 2.3233947e-001
 2.3263158e-001
 2.3291707e-001
 2.3322943e-001
 2.3354785e-001
 2.3384538e-001
 2.3413649e-001
 2.3444062e-001
 2.3475240e-001
 2.3504400e-001
 2.3533231e-001
 2.3564041e-001
 2.3595136e-001
 2.3623887e-001
 2.3652264e-001
 2.3680863e-001
 2.3709905e-001
 2.3737131e-001
 2.3764023e-001
 2.3791741e-001
 2.3819907e-001
 2.3846105e-001
 2.3872098e-001
 2.3899625e-001
 2.3927662e-001
 2.3952393e-001
 2.3977259e-001
 2.4005073e-001
 2.4033424e-001
 2.4059403e-001
 2.4085297e-001
 2.4113826e-001
 2.4142963e-001
 2.4170291e-001
 2.4197719e-001
 2.4227065e-001
 2.4256176e-001
 2.4283965e-001
 2.4311700e-001
 2.4340418e-001
 2.4369253e-001
 2.4397831e-001
 2.4426512e-001
 2.4457905e-001
 2.4489491e-001
 2.4519345e-001
 2.4549313e-001
 2.4581356e-001
 2.4613096e-001
 2.4641368e-001
 2.4670173e-001
 2.4702024e-001
 2.4733484e-001
 2.4761568e-001
 2.4790113e-001
 2.4823156e-001
 2.4855970e-001
 2.4885015e-001
 2.4915333e-001
 2.4949807e-001
 2.4983858e-001
 2.5014168e-001
 2.5044674e-001
 2.5076216e-001
 2.5107357e-001
 2.5136599e-001
 2.5166214e-001
 2.5196838e-001
 2.5226703e-001
 2.5254083e-001
 2.5281215e-001
 2.5308198e-001
 2.5334528e-001
 2.5359264e-001
 2.5383869e-001
 2.5407633e-001
 2.5429970e-001
 2.5450113e-001
 2.5471231e-001
 2.5494114e-001
 2.5515559e-001
 2.5535196e-001
 2.5555971e-001
 2.5578126e-001
 2.5599307e-001
 2.5619501e-001
 2.5642055e-001
 2.5667322e-001
 2.5691170e-001
 2.5713581e-001
 2.5737950e-001
 2.5763768e-001
 2.5787607e-001
 2.5810143e-001
 2.5832844e-001
 2.5855860e-001
 2.5876534e-001
 2.5896183e-001
 2.5915781e-001
 2.5935182e-001
 2.5951156e-001
 2.5965869e-001
 2.5978291e-001
 2.5990126e-001
 2.6001096e-001
 2.6011860e-001
 2.6018825e-001
 2.6025102e-001
 2.6030505e-001
 2.6035854e-001
 2.6038894e-001
 2.6041681e-001
 2.6043582e-001
 2.6045406e-001
 2.6045865e-001
 2.6046416e-001
 2.6045144e-001
 2.6043737e-001
 2.6041242e-001
 2.6038602e-001
 2.6034918e-001
 2.6031098e-001
 2.6026565e-001
 2.6021808e-001
 2.6016092e-001
 2.6010156e-001
 2.6003581e-001
 2.5997028e-001
 2.5990579e-001
 2.5983086e-001
 2.5973445e-001
 2.5963697e-001
 2.5953817e-001
 2.5943735e-001
 2.5933370e-001
 2.5921848e-001
 2.5909042e-001
 2.5894070e-001
 2.5876975e-001
 2.5860474e-001
 2.5844425e-001
 2.5826979e-001
 2.5808620e-001
 2.5790974e-001
 2.5773665e-001
 2.5755438e-001
 2.5736797e-001
 2.5719216e-001
 2.5701934e-001
 2.5685135e-001
 2.5668284e-001
 2.5653571e-001
 2.5639144e-001
 2.5625479e-001
 2.5611705e-001
 2.5596789e-001
 2.5581786e-001
 2.5566849e-001
 2.5551751e-001
 2.5535852e-001
 2.5519460e-001
 2.5500658e-001
 2.5481790e-001
 2.5462937e-001
 2.5444186e-001
 2.5425953e-001
 2.5408047e-001
 2.5391608e-001
 2.5375396e-001
 2.5359124e-001
 2.5342754e-001
 2.5326031e-001
 2.5309214e-001
 2.5292534e-001
 2.5277379e-001
 2.5263491e-001
 2.5249013e-001
 2.5234088e-001
 2.5221536e-001
 2.5210011e-001
 2.5198242e-001
 2.5186265e-001
 2.5178540e-001
 2.5171790e-001
 2.5166154e-001
 2.5160551e-001
 2.5161931e-001
 2.5164333e-001
 2.5169411e-001
 2.5174841e-001
 2.5184140e-001
 2.5194132e-001
 2.5205714e-001
 2.5217229e-001
 2.5230157e-001
 2.5241956e-001
 2.5250146e-001
 2.5256905e-001
 2.5261003e-001
 2.5263992e-001
 2.5265768e-001
 2.5266430e-001
 2.5266263e-001
 2.5264996e-001
 2.5262681e-001
 2.5258595e-001
 2.5253430e-001
 2.5249150e-001
 2.5245196e-001
 2.5240290e-001
 2.5234917e-001
 2.5229111e-001
 2.5223288e-001
 2.5218210e-001
 2.5213742e-001
 2.5209412e-001
 2.5204909e-001
 2.5201315e-001
 2.5198883e-001
 2.5201118e-001
 2.5202563e-001
 2.5203100e-001
 2.5205594e-001
 2.5210768e-001
 2.5216320e-001
 2.5222918e-001
 2.5230026e-001
 2.5243428e-001
 2.5246784e-001
 2.5246346e-001
 2.5246838e-001
 2.5252658e-001
 2.5259161e-001
 2.5276423e-001
 2.5294530e-001
 2.5319985e-001
 2.5342304e-001
 2.5350216e-001
 2.5353152e-001
 2.5352690e-001
 2.5344354e-001
 2.5338155e-001
 2.5351802e-001
 2.5367615e-001
 2.5394604e-001
 2.5419229e-001
-1.2300000e+034
-1.2300000e+034
-1.2300000e+034
-1.2300000e+034
-1.2300000e+034
-1.2300000e+034
-1.2300000e+034
-1.2300000e+034
-1.2300000e+034
-1.2300000e+034
-1.2300000e+034
-1.2300000e+034
-1.2300000e+034
-1.2300000e+034
-1.2300000e+034
-1.2300000e+034
-1.2300000e+034
-1.2300000e+034
-1.2300000e+034
-1.2300000e+034
-1.2300000e+034
-1.2300000e+034
-1.2300000e+034
-1.2300000e+034
-1.2300000e+034
-1.2300000e+034
-1.2300000e+034
-1.2300000e+034
-1.2300000e+034
-1.2300000e+034
-1.2300000e+034
-1.2300000e+034
-1.2300000e+034
-1.2300000e+034
-1.2300000e+034
-1.2300000e+034
-1.2300000e+034
-1.2300000e+034
-1.2300000e+034
-1.2300000e+034
-1.2300000e+034
-1.2300000e+034
-1.2300000e+034
-1.2300000e+034
-1.2300000e+034
-1.2300000e+034
-1.2300000e+034
-1.2300000e+034
-1.2300000e+034
-1.2300000e+034
-1.2300000e+034
-1.2300000e+034
-1.2300000e+034
-1.2300000e+034
-1.2300000e+034
-1.2300000e+034
-1.2300000e+034
-1.2300000e+034
-1.2300000e+034
-1.2300000e+034
-1.2300000e+034
-1.2300000e+034
-1.2300000e+034
-1.2300000e+034
-1.2300000e+034
-1.2300000e+034
-1.2300000e+034
-1.2300000e+034
-1.2300000e+034
-1.2300000e+034
-1.2300000e+034
-1.2300000e+034
-1.2300000e+034
-1.2300000e+034
-1.2300000e+034
-1.2300000e+034
-1.2300000e+034
-1.2300000e+034
-1.2300000e+034
-1.2300000e+034
-1.2300000e+034
-1.2300000e+034
-1.2300000e+034
-1.2300000e+034
-1.2300000e+034
-1.2300000e+034
-1.2300000e+034
-1.2300000e+034
-1.2300000e+034
-1.2300000e+034
-1.2300000e+034
-1.2300000e+034
-1.2300000e+034
-1.2300000e+034
-1.2300000e+034
-1.2300000e+034
-1.2300000e+034
-1.2300000e+034
-1.2300000e+034
-1.2300000e+034
-1.2300000e+034
-1.2300000e+034
-1.2300000e+034
-1.2300000e+034
-1.2300000e+034
-1.2300000e+034
-1.2300000e+034
-1.2300000e+034
-1.2300000e+034
-1.2300000e+034
-1.2300000e+034
-1.2300000e+034
-1.2300000e+034
-1.2300000e+034
-1.2300000e+034
-1.2300000e+034
-1.2300000e+034
-1.2300000e+034
-1.2300000e+034
-1.2300000e+034
-1.2300000e+034
-1.2300000e+034
-1.2300000e+034
-1.2300000e+034
-1.2300000e+034
-1.2300000e+034
-1.2300000e+034
-1.2300000e+034
-1.2300000e+034
-1.2300000e+034
-1.2300000e+034
-1.2300000e+034
-1.2300000e+034
-1.2300000e+034
-1.2300000e+034
-1.2300000e+034
-1.2300000e+034
-1.2300000e+034
-1.2300000e+034
-1.2300000e+034
-1.2300000e+034
-1.2300000e+034
-1.2300000e+034
-1.2300000e+034
-1.2300000e+034
-1.2300000e+034
-1.2300000e+034
-1.2300000e+034
-1.2300000e+034
-1.2300000e+034
-1.2300000e+034
 1.9839251e-001
 1.9862565e-001
 1.9889863e-001
 1.9920142e-001
 1.9946176e-001
 1.9968309e-001
 1.9998103e-001
 2.0041367e-001
 2.0099489e-001
 2.0159839e-001
 2.0195486e-001
 2.0219222e-001
 2.0244229e-001
 2.0271441e-001
 2.0310961e-001
 2.0359513e-001
 2.0402193e-001
 2.0431946e-001
 2.0454401e-001
 2.0474429e-001
 2.0494962e-001
 2.0515005e-001
 2.0538774e-001
 2.0563293e-001
 2.0586509e-001
 2.0618170e-001
 2.0648058e-001
 2.0676646e-001
 2.0712021e-001
 2.0745414e-001
 2.0775391e-001
 2.0807140e-001
 2.0839652e-001
 2.0868124e-001
 2.0903350e-001
 2.0941097e-001
 2.0971428e-001
 2.1002786e-001
 2.1035001e-001
 2.1066408e-001
 2.1094030e-001
 2.1113756e-001
 2.1131289e-001
 2.1152867e-001
 2.1176770e-001
 2.1198361e-001
 2.1218158e-001
 2.1241261e-001
 2.1267079e-001
 2.1291986e-001
 2.1316279e-001
 2.1341908e-001
 2.1360390e-001
 2.1379264e-001
 2.1401240e-001
 2.1425049e-001
 2.1447238e-001
 2.1469560e-001
 2.1484677e-001
 2.1494168e-001
 2.1497843e-001
 2.1506602e-001
 2.1526133e-001
 2.1552257e-001
 2.1581529e-001
 2.1591897e-001
 2.1570021e-001
 2.1554303e-001
 2.1550487e-001
 2.1553394e-001
 2.1556492e-001
 2.1552077e-001
 2.1547593e-001
 2.1548733e-001
 2.1546105e-001
 2.1528107e-001
 2.1508761e-001
 2.1492080e-001
 2.1480398e-001
 2.1466270e-001
 2.1439470e-001
 2.1418037e-001
 2.1398024e-001
 2.1377605e-001
 2.1361367e-001
 2.1345051e-001
 2.1329850e-001
 2.1315074e-001
 2.1298522e-001
 2.1279442e-001
 2.1251602e-001
 2.1222177e-001
 2.1195234e-001
 2.1168065e-001
 2.1143487e-001
 2.1116897e-001
 2.1084000e-001
 2.1046887e-001
 2.1012317e-001
 2.0982179e-001
 2.0954360e-001
 2.0933719e-001
 2.0914756e-001
 2.0899196e-001
 2.0884317e-001
 2.0861380e-001
 2.0831560e-001
 2.0802009e-001
 2.0776051e-001
 2.0758380e-001
 2.0739932e-001
 2.0717667e-001
 2.0695098e-001
 2.0670089e-001
 2.0640618e-001
 2.0614581e-001
 2.0596680e-001
 2.0578845e-001
 2.0561996e-001
 2.0547189e-001
 2.0538546e-001
 2.0531626e-001
 2.0521803e-001
 2.0509891e-001
 2.0501393e-001
 2.0495223e-001
 2.0488253e-001
 2.0474334e-001
 2.0459884e-001
 2.0455301e-001
 2.0445651e-001
 2.0427492e-001
 2.0417114e-001
 2.0408455e-001
 2.0397662e-001
 2.0391475e-001
 2.0386903e-001
 2.0382747e-001
 2.0380032e-001
 2.0381987e-001
 2.0383130e-001
 2.0380385e-001
 2.0378527e-001
 2.0371483e-001
 2.0360273e-001
 2.0355147e-001
 2.0353551e-001
 2.0345610e-001
 2.0335495e-001
 2.0330073e-001
 2.0327954e-001
 2.0327245e-001
 2.0331219e-001
 2.0335983e-001
 2.0341109e-001
 2.0346680e-001
 2.0355001e-001
 2.0362319e-001
 2.0361060e-001
 2.0358619e-001
 2.0360252e-001
 2.0364062e-001
 2.0372330e-001
 2.0378000e-001
 2.0382234e-001
 2.0386533e-001
 2.0392945e-001
 2.0404758e-001
 2.0417735e-001
 2.0426230e-001
 2.0430790e-001
 2.0433751e-001
 2.0440681e-001
 2.0450109e-001
 2.0459178e-001
 2.0473973e-001
 2.0489103e-001
 2.0500836e-001
 2.0515659e-001
 2.0538975e-001
 2.0559995e-001
 2.0562272e-001
 2.0561057e-001
 2.0567597e-001
 2.0579544e-001
 2.0595995e-001
 2.0616868e-001
 2.0631155e-001
 2.0634888e-001
 2.0637004e-001
 2.0642048e-001
 2.0650914e-001
 2.0659472e-001
 2.0670614e-001
 2.0689699e-001
 2.0709410e-001
 2.0724164e-001
 2.0735766e-001
 2.0737703e-001
 2.0739327e-001
 2.0750022e-001
 2.0763655e-001
 2.0777646e-001
 2.0793469e-001
 2.0808153e-001
 2.0816207e-001
 2.0818831e-001
 2.0823114e-001
 2.0827281e-001
 2.0831555e-001
 2.0830019e-001
 2.0826386e-001
 2.0824458e-001
 2.0822665e-001
 2.0824124e-001
 2.0827189e-001
 2.0831351e-001
 2.0837711e-001
 2.0843779e-001
 2.0845127e-001
 2.0846613e-001
 2.0852844e-001
 2.0857833e-001
 2.0854536e-001
 2.0850596e-001
 2.0854007e-001
 2.0860693e-001
 2.0874593e-001
 2.0895636e-001
 2.0919372e-001
 2.0940605e-001
 2.0948832e-001
 2.0944849e-001
 2.0943746e-001
 2.0948195e-001
 2.0953476e-001
 2.0963977e-001
 2.0970830e-001
 2.0973262e-001
 2.0983095e-001
 2.1001208e-001
 2.1013412e-001
 2.1011840e-001
 2.1008366e-001
 2.1005580e-001
 2.1004593e-001
 2.1007206e-001
 2.1012059e-001
 2.1018724e-001
 2.1022436e-001
 2.1025227e-001
 2.1023802e-001
 2.1029119e-001
 2.1037659e-001
 2.1026373e-001
 2.1015729e-001
 2.1014106e-001
 2.1010537e-001
 2.1012419e-001
 2.1019188e-001
 2.1020056e-001
 2.1019894e-001
 2.1021867e-001
 2.1031860e-001
 2.1046613e-001
 2.1054874e-001
 2.1063638e-001
 2.1077037e-001
 2.1091577e-001
 2.1117270e-001
 2.1140854e-001
 2.1162185e-001
 2.1186616e-001
 2.1213233e-001
 2.1238749e-001
 2.1259305e-001
 2.1275151e-001
 2.1283264e-001
 2.1291119e-001
 2.1297093e-001
 2.1296097e-001
 2.1285468e-001
 2.1274292e-001
 2.1261206e-001
 2.1250847e-001
 2.1237423e-001
 2.1221292e-001
 2.1202229e-001
 2.1185614e-001
 2.1170685e-001
 2.1151847e-001
 2.1123213e-001
 2.1085888e-001
 2.1050823e-001
 2.1014859e-001
 2.0975916e-001
 2.0926264e-001
 2.0874660e-001
 2.0829836e-001
 2.0781183e-001
 2.0736501e-001
 2.0695794e-001
 2.0647718e-001
 2.0595333e-001
 2.0542449e-001
 2.0495833e-001
 2.0450304e-001
 2.0399557e-001
 2.0350739e-001
 2.0303592e-001
 2.0256989e-001
 2.0208779e-001
 2.0147996e-001
 2.0087957e-001
 2.0038822e-001
 1.9981676e-001
 1.9922397e-001
 1.9872122e-001
 1.9824357e-001
 1.9777916e-001
 1.9737637e-001
 1.9699161e-001
 1.9656642e-001
 1.9610550e-001
 1.9556160e-001
 1.9508542e-001
 1.9476850e-001
 1.9443296e-001
 1.9404721e-001
 1.9364917e-001
 1.9336236e-001
 1.9319960e-001
 1.9306546e-001
 1.9295214e-001
 1.9272998e-001
 1.9230998e-001
 1.9200322e-001
 1.9182011e-001
 1.9168362e-001
 1.9161196e-001
 1.9148666e-001
 1.9134733e-001
 1.9120751e-001
 1.9103956e-001
 1.9085994e-001
 1.9062625e-001
 1.9040325e-001
 1.9021313e-001
 1.8995631e-001
 1.8966207e-001
 1.8936510e-001
 1.8903257e-001
 1.8867205e-001
 1.8830270e-001
 1.8797299e-001
 1.8771394e-001
 1.8744671e-001
 1.8711525e-001
 1.8682624e-001
 1.8670908e-001
 1.8660404e-001
 1.8636638e-001
 1.8609548e-001
 1.8581636e-001
 1.8549804e-001
 1.8511271e-001
 1.8475504e-001
 1.8466151e-001
 1.8466176e-001
 1.8454242e-001
 1.8444420e-001
 1.8452148e-001
 1.8461002e-001
 1.8460511e-001
 1.8455388e-001
 1.8456511e-001
 1.8466456e-001
 1.8483917e-001
 1.8504719e-001
 1.8533790e-001
 1.8559425e-001
 1.8556024e-001
 1.8534027e-001
 1.8505420e-001
 1.8482268e-001
 1.8463741e-001
 1.8450275e-001
 1.8444380e-001
 1.8440613e-001
 1.8440209e-001
 1.8435912e-001
 1.8430327e-001
 1.8417330e-001
 1.8393399e-001
 1.8369398e-001
 1.8346398e-001
 1.8332735e-001
 1.8332492e-001
 1.8323627e-001
 1.8292953e-001
 1.8260904e-001
 1.8246421e-001
 1.8238798e-001
 1.8214768e-001
 1.8193491e-001
 1.8188412e-001
 1.8193270e-001
 1.8196900e-001
 1.8196630e-001
 1.8189210e-001
 1.8184727e-001
 1.8196945e-001
 1.8211138e-001
 1.8227346e-001
 1.8225111e-001
 1.8229772e-001
 1.8245615e-001
 1.8252319e-001
 1.8254790e-001
 1.8241106e-001
 1.8215448e-001
 1.8198729e-001
 1.8204930e-001
 1.8208295e-001
 1.8216078e-001
 1.8243487e-001
 1.8251145e-001
 1.8240035e-001
 1.8236801e-001
 1.8240067e-001
 1.8241854e-001
 1.8230441e-001
 1.8216611e-001
 1.8207030e-001
 1.8202086e-001
 1.8195820e-001
 1.8171722e-001
 1.8142682e-001
 1.8116754e-001
 1.8105723e-001
 1.8107367e-001
 1.8121921e-001
 1.8162501e-001
 1.8190467e-001
 1.8187590e-001
 1.8172400e-001
 1.8139799e-001
 1.8098016e-001
 1.8060425e-001
 1.8050499e-001
 1.8069245e-001
 1.8081312e-001
 1.8070123e-001
 1.8024470e-001
 1.7970127e-001
 1.7942470e-001
 1.7936245e-001
 1.7927469e-001
 1.7918907e-001
 1.7916536e-001
 1.7938507e-001
 1.7977300e-001
 1.7991844e-001
 1.7982329e-001
 1.7964384e-001
 1.7935862e-001
 1.7889966e-001
 1.7845222e-001
 1.7799544e-001
 1.7766748e-001
 1.7736962e-001
 1.7691854e-001
 1.7665659e-001
 1.7655115e-001
 1.7640665e-001
 1.7614952e-001
 1.7606965e-001
 1.7614225e-001
 1.7588522e-001
 1.7561387e-001
 1.7519489e-001
 1.7468086e-001
 1.7449582e-001
 1.7431049e-001
 1.7393669e-001
 1.7346996e-001
 1.7325547e-001
 1.7315608e-001
 1.7267349e-001
 1.7200960e-001
 1.7155929e-001
 1.7117637e-001
 1.7058526e-001
 1.7004292e-001
 1.6964486e-001
 1.6872661e-001
 1.6789435e-001
 1.6741173e-001
 1.6719002e-001
 1.6752769e-001
 1.6746774e-001
 1.6697446e-001
 1.6650103e-001
 1.6602503e-001
 1.6512968e-001
 1.6373046e-001
 1.6270375e-001
 1.6240507e-001
 1.6228949e-001
 1.6182351e-001
 1.6127896e-001
 1.6106869e-001
 1.6127218e-001
 1.6134088e-001
 1.6099165e-001
 1.6061491e-001
 1.6015242e-001
 1.5987061e-001
 1.5971284e-001
-1.2300000e+034
-1.2300000e+034
-1.2300000e+034
-1.2300000e+034
-1.2300000e+034
-1.2300000e+034
-1.2300000e+034
-1.2300000e+034
-1.2300000e+034
-1.2300000e+034
-1.2300000e+034
-1.2300000e+034
-1.2300000e+034
-1.2300000e+034
-1.2300000e+034
-1.2300000e+034
-1.2300000e+034
-1.2300000e+034
-1.2300000e+034
-1.2300000e+034
-1.2300000e+034
-1.2300000e+034
-1.2300000e+034
-1.2300000e+034
-1.2300000e+034
-1.2300000e+034
-1.2300000e+034
-1.2300000e+034
-1.2300000e+034
-1.2300000e+034
-1.2300000e+034
-1.2300000e+034
-1.2300000e+034
-1.2300000e+034
-1.2300000e+034
-1.2300000e+034
-1.2300000e+034
-1.2300000e+034
-1.2300000e+034
-1.2300000e+034
-1.2300000e+034
