splib07b Record=26144: BHVO-2F+4%_BenzylAlcohol     NIC4aa RREF
 5.2782856e-002
 5.2782856e-002
 5.2782856e-002
 5.2782856e-002
 5.2782856e-002
 5.2782856e-002
 5.2782856e-002
 5.2782856e-002
 5.2782856e-002
 5.2782856e-002
 5.2782856e-002
 5.2782856e-002
 5.2782856e-002
 5.2782856e-002
 5.2782856e-002
 5.2782856e-002
 5.2782856e-002
 5.2782856e-002
 5.2782856e-002
 5.2782856e-002
 5.2782856e-002
 5.2782856e-002
 5.2782856e-002
 5.2782856e-002
 5.2782856e-002
 5.2782856e-002
 5.2782856e-002
 5.2782856e-002
 5.2782856e-002
 5.2782856e-002
 5.2782856e-002
 5.2782856e-002
 5.2782856e-002
 5.2782856e-002
 5.2782856e-002
 5.2782856e-002
 5.2782856e-002
 5.2782856e-002
 5.2782856e-002
 5.2782856e-002
 5.2782856e-002
 5.2782856e-002
 5.2782856e-002
 5.2782856e-002
 5.2782856e-002
 5.2782856e-002
 5.2782856e-002
 5.2782856e-002
 5.2782856e-002
 5.2782856e-002
 5.2782856e-002
 5.2782856e-002
 5.2782856e-002
 5.2782856e-002
 5.2782856e-002
 5.2782856e-002
 5.2782856e-002
 4.8896924e-002
 4.3826580e-002
 2.3704348e-002
 2.9236414e-002
 3.4954734e-002
 2.5568986e-002
 3.5531998e-002
 4.3940827e-002
 4.3321144e-002
 3.1442653e-002
 3.3397749e-002
 4.5005575e-002
 6.6766471e-002
 5.5135816e-002
 2.9821131e-002
 3.2530777e-002
 3.9756801e-002
 3.1843152e-002
 3.0092176e-002
 4.4075325e-002
 5.4280590e-002
 5.4337103e-002
 5.3290088e-002
 4.6545740e-002
 3.9854486e-002
 4.6710271e-002
 6.5315813e-002
 7.5120799e-002
 6.1048560e-002
 3.6207091e-002
 4.2980921e-002
 5.0850976e-002
 4.5608338e-002
 3.5921428e-002
 4.7896221e-002
 5.9086580e-002
 4.8267093e-002
 5.2171502e-002
 2.9569743e-002
 2.1575486e-002
 3.5481390e-002
 2.4978053e-002
 1.6134143e-002
 4.0085644e-002
 5.8119349e-002
 3.2050166e-002
 1.6384367e-003
 1.5973175e-002
 3.0210599e-002
 2.3352854e-002
 3.7273854e-002
 3.6911272e-002
 9.6475184e-003
 8.1292661e-003
 1.7698785e-002
 3.6316507e-002
 5.1591616e-002
 3.8531527e-002
 3.7894737e-002
 4.9026556e-002
 4.1063182e-002
 2.9951496e-002
 3.0557528e-002
 2.6708769e-002
 1.7117603e-002
 2.4890648e-002
 4.3836240e-002
 4.8461534e-002
 4.2568207e-002
 3.4879260e-002
 3.8391091e-002
 4.7820572e-002
 3.6693938e-002
 3.8204789e-002
 5.0624568e-002
 5.0104607e-002
 5.3480562e-002
 5.8470044e-002
 5.3230107e-002
 5.2896064e-002
 7.0202418e-002
 6.6986986e-002
 4.2890366e-002
 2.6070762e-002
 2.9735912e-002
 2.5729556e-002
 3.4052711e-002
 5.1512461e-002
 5.1721551e-002
 4.8508327e-002
 5.8876265e-002
 6.5647304e-002
 5.2894399e-002
 4.1869938e-002
 4.5848314e-002
 5.1634919e-002
 6.2786922e-002
 6.5275721e-002
 6.1589479e-002
 5.5200133e-002
 4.7200896e-002
 4.5952950e-002
 5.8070708e-002
 6.9168724e-002
 7.2483905e-002
 5.3769253e-002
 3.1108623e-002
 4.9150284e-002
 6.7267343e-002
 7.8590110e-002
 7.9205297e-002
 6.5320820e-002
 6.6868283e-002
 5.5360030e-002
 3.2732908e-002
 3.5127081e-002
 5.1278148e-002
 4.2827465e-002
 2.6814772e-002
 3.8571961e-002
 4.8115786e-002
 4.7133062e-002
 3.8682830e-002
 3.9065503e-002
 4.9503203e-002
 5.4805886e-002
 5.6992967e-002
 4.8645962e-002
 3.0933404e-002
 4.2410959e-002
 6.2130462e-002
 5.4508645e-002
 5.4462798e-002
 5.8927491e-002
 5.0692204e-002
 3.5508506e-002
 3.2118380e-002
 4.4795617e-002
 4.4479728e-002
 3.8755268e-002
 4.1382153e-002
 3.7880480e-002
 3.7978020e-002
 5.8398917e-002
 5.3912632e-002
 4.5134991e-002
 5.0287519e-002
 4.5616854e-002
 3.7860584e-002
 2.9156730e-002
 1.2438843e-002
 1.4602590e-002
 3.2829192e-002
 4.1312937e-002
 4.1487262e-002
 4.2996377e-002
 4.7922298e-002
 5.5845965e-002
 6.6741779e-002
 6.9435664e-002
 5.6254312e-002
 4.0618118e-002
 3.8394224e-002
 3.3673003e-002
 4.2688902e-002
 6.1353106e-002
 6.6269048e-002
 4.3695416e-002
 4.1047774e-002
 5.3031445e-002
 6.4713635e-002
 6.5211877e-002
 6.1036501e-002
 5.5665385e-002
 6.1526585e-002
 5.7263255e-002
 4.5495853e-002
 5.3185638e-002
 5.7278305e-002
 5.0264943e-002
 4.8105720e-002
 5.5338342e-002
 3.8715683e-002
 4.1143183e-002
 4.9492095e-002
 4.6928622e-002
 4.3193597e-002
 3.7856147e-002
 4.4420432e-002
 5.2057538e-002
 5.3849094e-002
 5.2991908e-002
 4.0154852e-002
 2.9531015e-002
 4.1191850e-002
 4.2236365e-002
 3.7307218e-002
 4.2962190e-002
 5.6139186e-002
 7.3277548e-002
 6.8386681e-002
 5.4219939e-002
 4.4741087e-002
 5.5935808e-002
 5.6229085e-002
 4.0281214e-002
 3.2242544e-002
 4.4684399e-002
 5.5657569e-002
 5.3720869e-002
 4.8409026e-002
 4.9755279e-002
 4.3725096e-002
 3.6195759e-002
 4.5847189e-002
 5.0997369e-002
 4.7450081e-002
 3.6901411e-002
 1.9066457e-002
 3.5935566e-002
 5.0167568e-002
 4.6900157e-002
 3.8258146e-002
 4.2899746e-002
 5.7585277e-002
 6.7340732e-002
 7.1260832e-002
 6.2791914e-002
 3.9431959e-002
 4.6480227e-002
 5.7969701e-002
 5.4397680e-002
 4.9061883e-002
 5.7368487e-002
 6.1528213e-002
 4.6727959e-002
 4.4712618e-002
 4.5351438e-002
 4.1373439e-002
 3.5703599e-002
 3.2792538e-002
 3.8098991e-002
 4.2688206e-002
 5.5322837e-002
 6.9007225e-002
 5.9472974e-002
 4.2106666e-002
 4.2500358e-002
 3.8014743e-002
 4.3783311e-002
 5.5171102e-002
 4.6257686e-002
 4.1499354e-002
 4.8756231e-002
 5.8643758e-002
 6.2880985e-002
 5.3980086e-002
 3.4297176e-002
 2.8578693e-002
 4.6970531e-002
 5.0265338e-002
 5.1369447e-002
 5.0520249e-002
 5.9576321e-002
 5.9302911e-002
 5.4164775e-002
 5.4822173e-002
 5.4131422e-002
 6.3030139e-002
 5.8400970e-002
 4.6078738e-002
 3.9399844e-002
 4.5527112e-002
 4.9149185e-002
 5.3568240e-002
 6.3256644e-002
 6.3036807e-002
 5.5153735e-002
 4.4036102e-002
 4.7522474e-002
 5.7652991e-002
 6.5961160e-002
 5.6827348e-002
 4.5647893e-002
 5.2108124e-002
 5.3024374e-002
 5.1611561e-002
 5.4273646e-002
 5.4634996e-002
 5.8780354e-002
 5.1263105e-002
 4.7814064e-002
 5.2151896e-002
 5.9659399e-002
 6.2552169e-002
 6.0671069e-002
 4.9114864e-002
 4.3172631e-002
 4.5025092e-002
 4.8876557e-002
 4.8667040e-002
 4.3058209e-002
 3.4287207e-002
 3.7389237e-002
 5.1466413e-002
 5.5360429e-002
 5.4201517e-002
 5.9397653e-002
 6.6342831e-002
 5.7150166e-002
 4.2604841e-002
 4.2362031e-002
 5.0946936e-002
 5.6757428e-002
 5.9219804e-002
 5.9075207e-002
 5.1006239e-002
 4.9156148e-002
 4.1076824e-002
 4.0940620e-002
 4.6759922e-002
 5.5384375e-002
 6.6079631e-002
 5.7780318e-002
 5.4257642e-002
 5.1819935e-002
 5.1491469e-002
 5.2275710e-002
 5.4162845e-002
 5.6909036e-002
 6.1372146e-002
 6.5520100e-002
 5.8802009e-002
 5.9280850e-002
 5.4092020e-002
 4.9191367e-002
 5.4097429e-002
 5.1970728e-002
 4.9426999e-002
 5.3489618e-002
 5.8684174e-002
 5.2196290e-002
 4.6785392e-002
 4.3127939e-002
 4.7549147e-002
 4.9546365e-002
 4.4843651e-002
 5.3906795e-002
 5.6335546e-002
 5.2806105e-002
 5.5571068e-002
 6.3740715e-002
 7.0600957e-002
 6.9403790e-002
 5.5408005e-002
 4.9644064e-002
 4.8974819e-002
 4.7682144e-002
 4.8472360e-002
 4.4081789e-002
 5.6811504e-002
 5.9977110e-002
 5.6163847e-002
 5.6022052e-002
 4.7938742e-002
 4.8963819e-002
 5.7668783e-002
 6.4246789e-002
 5.6097560e-002
 4.8459798e-002
 4.9349014e-002
 6.0817618e-002
 6.0507733e-002
 5.8992375e-002
 6.3073620e-002
 5.5931635e-002
 5.1571440e-002
 5.0102241e-002
 3.6458760e-002
 3.2778144e-002
 4.6927176e-002
 5.9827920e-002
 6.4046182e-002
 5.3720977e-002
 4.5269754e-002
 5.0227243e-002
 5.5201877e-002
 5.6491680e-002
 4.4796310e-002
 4.0645123e-002
 5.4701526e-002
 5.5019584e-002
 4.9721308e-002
 4.5328133e-002
 4.8823625e-002
 5.7908352e-002
 5.8496788e-002
 5.6514747e-002
 5.1450443e-002
 4.4147752e-002
 4.0631078e-002
 5.2913960e-002
 5.7168666e-002
 4.7962662e-002
 4.7937069e-002
 3.5977166e-002
 3.3366859e-002
 3.9865192e-002
 5.1853903e-002
 5.2777030e-002
 4.6404198e-002
 5.7182655e-002
 6.3533805e-002
 6.4165279e-002
 6.4753085e-002
 5.5384282e-002
 5.0279506e-002
 5.9691101e-002
 6.2663518e-002
 5.3188048e-002
 4.8096199e-002
 5.1279817e-002
 5.6298550e-002
 5.7525657e-002
 5.7253521e-002
 5.1064640e-002
 4.5002785e-002
 4.2412575e-002
 4.3622006e-002
 5.1911287e-002
 5.3088311e-002
 5.9103813e-002
 6.3269116e-002
 4.9709164e-002
 5.0895005e-002
 4.5937482e-002
 4.1508406e-002
 5.9474342e-002
 6.6771999e-002
 6.8518974e-002
 6.1082236e-002
 5.5407625e-002
 5.2828606e-002
 4.5731224e-002
 4.1098300e-002
 5.1736031e-002
 6.2333319e-002
 6.4586587e-002
 5.2062761e-002
 4.5354247e-002
 5.3531110e-002
 6.1071698e-002
 6.2825173e-002
 6.3930087e-002
 6.6427812e-002
 6.1603334e-002
 5.2975476e-002
 4.8643909e-002
 4.9191587e-002
 5.8409106e-002
 6.5571509e-002
 6.2823981e-002
 6.3000366e-002
 5.9264388e-002
 5.0072920e-002
 5.9601359e-002
 6.2250976e-002
 4.9523305e-002
 4.8162803e-002
 5.2939415e-002
 5.8004949e-002
 5.5595968e-002
 5.0436106e-002
 4.6494681e-002
 4.6489257e-002
 4.9420767e-002
 4.8972521e-002
 5.2635189e-002
 5.5236883e-002
 5.0730854e-002
 5.2707374e-002
 5.9557397e-002
 6.4453140e-002
 5.7562158e-002
 5.1580325e-002
 5.1267568e-002
 5.3166375e-002
 5.3947330e-002
 5.8959577e-002
 5.8933590e-002
 5.4032329e-002
 5.1057659e-002
 5.2332390e-002
 5.3285874e-002
 4.9963780e-002
 4.5871355e-002
 4.3329604e-002
 4.8970453e-002
 6.0418226e-002
 6.7104511e-002
 6.2615745e-002
 4.9177058e-002
 5.3334363e-002
 5.4393984e-002
 5.2175619e-002
 5.2537628e-002
 5.1156621e-002
 6.5496132e-002
 6.6613130e-002
 5.8084898e-002
 5.5480905e-002
 6.0349662e-002
 5.9597198e-002
 5.1637538e-002
 5.3230882e-002
 5.6460518e-002
 5.6244858e-002
 4.9035825e-002
 4.7135107e-002
 5.3507634e-002
 5.7794195e-002
 6.1019477e-002
 6.0469415e-002
 5.6726869e-002
 5.1349752e-002
 5.2147377e-002
 5.7231784e-002
 5.3926494e-002
 4.4160228e-002
 5.2943308e-002
 6.1572924e-002
 5.2705992e-002
 4.7069989e-002
 5.1774140e-002
 5.8645587e-002
 5.6927584e-002
 5.5745061e-002
 5.1659044e-002
 5.0349899e-002
 5.3559795e-002
 5.6492791e-002
 5.3603001e-002
 5.1375382e-002
 5.2423123e-002
 5.4901883e-002
 4.9997520e-002
 5.1357500e-002
 5.6842424e-002
 5.4351896e-002
 5.3327721e-002
 5.3264949e-002
 5.5312563e-002
 5.3179946e-002
 4.7299683e-002
 4.9487852e-002
 5.2243661e-002
 5.7091236e-002
 5.6334481e-002
 5.3366475e-002
 5.6119327e-002
 5.8054421e-002
 5.5795982e-002
 5.8367737e-002
 5.8493536e-002
 5.0845023e-002
 4.7409106e-002
 5.2833986e-002
 5.6383841e-002
 5.5095050e-002
 5.4160982e-002
 5.4524064e-002
 5.3814188e-002
 5.1747996e-002
 4.6689361e-002
 3.9031617e-002
 4.3218095e-002
 5.3592727e-002
 5.9559066e-002
 5.9682082e-002
 6.0668837e-002
 5.9822053e-002
 5.7912588e-002
 5.7295673e-002
 5.7712629e-002
 5.5979934e-002
 5.5381957e-002
 5.7826966e-002
 5.9373092e-002
 6.0060792e-002
 5.4487903e-002
 5.4863859e-002
 6.2737145e-002
 5.5187576e-002
 4.5640655e-002
 4.4087417e-002
 4.6270851e-002
 5.3741135e-002
 5.8198057e-002
 5.9163373e-002
 5.7628885e-002
 5.4802686e-002
 4.9924724e-002
 4.8662055e-002
 5.3695865e-002
 5.6776877e-002
 5.1593594e-002
 4.9247202e-002
 5.0332453e-002
 5.7734653e-002
 6.2952384e-002
 5.9714459e-002
 5.8014952e-002
 6.1242320e-002
 6.4413600e-002
 6.7584760e-002
 6.3095108e-002
 5.5365231e-002
 5.7412960e-002
 6.6278681e-002
 6.5578163e-002
 5.9392616e-002
 5.6260526e-002
 5.4774713e-002
 5.2777033e-002
 4.8458207e-002
 4.8425149e-002
 5.1815733e-002
 5.2025367e-002
 5.1068164e-002
 5.5297326e-002
 5.9169758e-002
 5.9505031e-002
 5.3061265e-002
 4.8708733e-002
 4.8893120e-002
 5.0669264e-002
 5.2501019e-002
 5.3068519e-002
 5.3760961e-002
 5.4827470e-002
 5.6364883e-002
 5.9195194e-002
 6.3513018e-002
 6.2734090e-002
 5.4506183e-002
 5.0243933e-002
 5.1667280e-002
 5.1416613e-002
 4.7986943e-002
 4.9932089e-002
 5.7627074e-002
 5.7130724e-002
 5.2254554e-002
 5.2431788e-002
 5.6100599e-002
 5.6914028e-002
 5.3546790e-002
 5.5723406e-002
 5.9768815e-002
 6.0949422e-002
 6.2674955e-002
 6.1103921e-002
 5.6426242e-002
 5.4524772e-002
 5.4130059e-002
 5.3877667e-002
 5.9875771e-002
 6.0801122e-002
 5.8824319e-002
 5.8882073e-002
 5.5931434e-002
 5.5574846e-002
 5.6148615e-002
 5.2072052e-002
 5.0249487e-002
 5.1280960e-002
 5.3342998e-002
 5.5040553e-002
 5.2758384e-002
 5.3786881e-002
 5.3588945e-002
 5.3799622e-002
 5.5827294e-002
 5.9670787e-002
 6.0659822e-002
 6.1065495e-002
 6.2242165e-002
 5.9339494e-002
 5.9953168e-002
 5.8310200e-002
 5.2973907e-002
 5.1176962e-002
 5.2132681e-002
 5.5512343e-002
 5.8093455e-002
 5.8456499e-002
 5.6841910e-002
 5.7762884e-002
 5.6626040e-002
 5.5033114e-002
 5.4214280e-002
 5.5976998e-002
 5.7241309e-002
 5.7408966e-002
 5.8203716e-002
 5.7158228e-002
 5.4456003e-002
 5.2170761e-002
 5.5181850e-002
 5.8893111e-002
 5.6597833e-002
 5.4132897e-002
 5.7353944e-002
 5.6399141e-002
 5.7986919e-002
 5.8045056e-002
 5.5404510e-002
 5.7174001e-002
 5.3278957e-002
 4.7351986e-002
 5.1258154e-002
 5.7876904e-002
 6.0432307e-002
 5.7962097e-002
 5.5883259e-002
 5.1895898e-002
 5.2053962e-002
 5.6221154e-002
 5.7773784e-002
 5.4100402e-002
 5.2690603e-002
 5.5704463e-002
 5.9211444e-002
 6.1026055e-002
 5.7663452e-002
 5.5107590e-002
 5.8186892e-002
 5.8230326e-002
 5.6329668e-002
 5.7839934e-002
 5.8251936e-002
 6.0753405e-002
 6.5368533e-002
 6.5726481e-002
 5.9940949e-002
 5.7808995e-002
 5.9677474e-002
 5.9757926e-002
 5.5668417e-002
 5.3035915e-002
 5.4828990e-002
 5.3195111e-002
 5.0140440e-002
 5.3208563e-002
 5.5243988e-002
 5.6761194e-002
 5.7890125e-002
 5.7138868e-002
 5.9006400e-002
 5.8359507e-002
 5.4254122e-002
 5.5478014e-002
 5.7036322e-002
 5.4303594e-002
 5.6219097e-002
 5.8247332e-002
 5.8830224e-002
 6.2107839e-002
 5.7890192e-002
 5.1413342e-002
 5.4862149e-002
 5.7568315e-002
 5.8964174e-002
 5.8788124e-002
 5.7113428e-002
 5.6820717e-002
 5.9481226e-002
 5.8305603e-002
 5.7218768e-002
 5.4581497e-002
 5.1087122e-002
 5.1632307e-002
 5.1793978e-002
 5.2935150e-002
 5.4699097e-002
 5.5942658e-002
 5.9040099e-002
 6.3184448e-002
 6.3761555e-002
 6.0564119e-002
 5.7145748e-002
 5.2986458e-002
 5.1774308e-002
 5.6912497e-002
 5.7006512e-002
 5.3025424e-002
 5.7534687e-002
 6.0668923e-002
 5.7008393e-002
 5.6459676e-002
 5.5624023e-002
 5.4357938e-002
 5.2306920e-002
 5.5514447e-002
 5.7155967e-002
 5.6375019e-002
 5.7616107e-002
 5.6107678e-002
 5.6441639e-002
 6.0214762e-002
 5.9877347e-002
 5.7472039e-002
 5.3880516e-002
 5.4961585e-002
 5.8103152e-002
 5.8609627e-002
 5.9680447e-002
 5.9903435e-002
 5.8797128e-002
 5.9824135e-002
 6.1654769e-002
 5.9794050e-002
 5.7948664e-002
 5.6999944e-002
 5.3925212e-002
 5.6350313e-002
 6.0276806e-002
 5.8491215e-002
 5.5867825e-002
 5.6306906e-002
 6.0199872e-002
 6.0170192e-002
 6.2715195e-002
 6.6964939e-002
 6.3110121e-002
 5.5496890e-002
 5.4901157e-002
 5.5962019e-002
 5.7240739e-002
 5.9432637e-002
 5.7662971e-002
 5.8942784e-002
 5.9578717e-002
 5.8401167e-002
 5.7933964e-002
 5.8566980e-002
 5.5821173e-002
 5.4535963e-002
 5.4884896e-002
 5.5599071e-002
 5.7577290e-002
 5.9883747e-002
 6.0561411e-002
 5.7900302e-002
 5.7341337e-002
 5.9574839e-002
 5.8649853e-002
 5.6321472e-002
 5.5687837e-002
 5.7553548e-002
 5.8558974e-002
 5.4687958e-002
 5.5404741e-002
 5.8597744e-002
 5.9559889e-002
 5.8653265e-002
 5.9736285e-002
 5.9078019e-002
 5.5448826e-002
 5.1494151e-002
 5.6837987e-002
 6.1437629e-002
 5.8804136e-002
 5.7430461e-002
 6.0924239e-002
 5.9784029e-002
 5.6313120e-002
 5.6041241e-002
 5.6423776e-002
 5.4877058e-002
 5.7533115e-002
 6.1049700e-002
 5.6446791e-002
 5.9619989e-002
 6.5628327e-002
 6.3514881e-002
 6.2211569e-002
 6.1684068e-002
 6.0424790e-002
 5.9845332e-002
 5.6973040e-002
 5.6144893e-002
 5.9893627e-002
 6.4569920e-002
 6.5241434e-002
 6.3645288e-002
 6.1658856e-002
 6.1485112e-002
 6.3700490e-002
 6.3309103e-002
 5.8295045e-002
 5.5960856e-002
 6.0424376e-002
 6.2812224e-002
 6.1065726e-002
 5.9262455e-002
 5.9533395e-002
 6.2839195e-002
 6.3566729e-002
 6.0847152e-002
 6.0369462e-002
 6.4040847e-002
 6.4545035e-002
 6.1356895e-002
 6.0085792e-002
 6.0161557e-002
 5.9901472e-002
 5.8157299e-002
 5.8327876e-002
 6.1089054e-002
 6.3746609e-002
 6.3573785e-002
 6.2285706e-002
 6.0023323e-002
 5.8113098e-002
 6.0164347e-002
 6.1571859e-002
 5.9805863e-002
 5.7909440e-002
 5.8425732e-002
 6.1282285e-002
 6.3543893e-002
 6.2032245e-002
 5.8164548e-002
 5.8194067e-002
 6.1606299e-002
 6.2146008e-002
 6.0098618e-002
 6.0275454e-002
 6.2729269e-002
 6.2882833e-002
 6.1348941e-002
 5.8521383e-002
 5.7334367e-002
 5.8167003e-002
 5.8989797e-002
 5.9393898e-002
 5.8048781e-002
 5.8174867e-002
 6.0477912e-002
 5.9878375e-002
 5.8367521e-002
 5.9818685e-002
 5.9967276e-002
 5.9342947e-002
 5.8844946e-002
 5.7635844e-002
 6.0302898e-002
 6.3679829e-002
 6.4474106e-002
 6.3301533e-002
 5.9685066e-002
 5.7612237e-002
 6.0510188e-002
 6.3619241e-002
 6.2249545e-002
 5.8525179e-002
 5.7496734e-002
 6.0997762e-002
 6.1583180e-002
 5.9786923e-002
 6.0392376e-002
 6.1786551e-002
 6.4524427e-002
 6.5077059e-002
 6.0977921e-002
 6.1071452e-002
 6.0057390e-002
 5.8819152e-002
 5.8763713e-002
 5.9714358e-002
 6.0370229e-002
 6.2792808e-002
 6.5906070e-002
 6.2760308e-002
 6.0218979e-002
 6.0368329e-002
 6.0653135e-002
 6.1340697e-002
 6.3501418e-002
 6.4628579e-002
 6.2851042e-002
 6.2436879e-002
 6.1334331e-002
 5.8203395e-002
 5.7259511e-002
 5.8931068e-002
 5.9607591e-002
 6.1232608e-002
 6.0306802e-002
 5.7877067e-002
 6.0157161e-002
 6.1472304e-002
 5.9393696e-002
 5.9551772e-002
 6.1527964e-002
 6.2474594e-002
 6.1581485e-002
 6.1714031e-002
 6.2661536e-002
 6.1979018e-002
 6.1204024e-002
 6.1504509e-002
 6.1677344e-002
 6.0041904e-002
 6.0423445e-002
 6.2275462e-002
 6.1706156e-002
 6.2247254e-002
 6.1440937e-002
 5.9685174e-002
 6.1320618e-002
 6.1444893e-002
 5.9042636e-002
 6.0319114e-002
 6.0852710e-002
 6.0520954e-002
 6.0878690e-002
 6.1163332e-002
 6.0492933e-002
 5.8119733e-002
 5.6357481e-002
 5.6746069e-002
 6.0419690e-002
 6.5073870e-002
 6.5038741e-002
 6.1494585e-002
 6.2073696e-002
 6.2559910e-002
 6.1924964e-002
 6.3441567e-002
 6.3005880e-002
 5.9802216e-002
 6.0108609e-002
 6.2981308e-002
 6.4799264e-002
 6.3118815e-002
 6.0197629e-002
 6.0223028e-002
 5.8776110e-002
 5.7200667e-002
 6.1131652e-002
 6.4543821e-002
 6.4334482e-002
 6.3405134e-002
 6.3785113e-002
 6.2478062e-002
 6.1453991e-002
 6.4864025e-002
 6.4040497e-002
 6.1708238e-002
 6.1842248e-002
 6.1551958e-002
 6.1550755e-002
 6.1983682e-002
 6.2513798e-002
 6.3009530e-002
 6.2954523e-002
 6.2053114e-002
 6.2011693e-002
 6.3740999e-002
 6.6093020e-002
 6.4834669e-002
 6.2082902e-002
 6.1038896e-002
 6.0560420e-002
 6.2964588e-002
 6.5520644e-002
 6.4704679e-002
 6.3654959e-002
 6.3350320e-002
 6.3994348e-002
 6.4906441e-002
 6.3911378e-002
 6.3141175e-002
 6.3829884e-002
 6.4222917e-002
 6.4114183e-002
 6.4952776e-002
 6.3719176e-002
 6.1742447e-002
 6.1035082e-002
 5.9680883e-002
 5.8537293e-002
 6.1572779e-002
 6.3020252e-002
 6.4048491e-002
 6.6256173e-002
 6.4949110e-002
 6.1222807e-002
 6.2561803e-002
 6.3313216e-002
 6.2316664e-002
 6.4514689e-002
 6.1881043e-002
 5.8046982e-002
 5.7364918e-002
 5.9014905e-002
 6.2752932e-002
 6.3679419e-002
 6.3467115e-002
 6.4354382e-002
 6.2880442e-002
 6.0442705e-002
 6.2004596e-002
 6.3685358e-002
 6.5349221e-002
 6.7981645e-002
 6.7484438e-002
 6.4239599e-002
 6.3443601e-002
 6.2812276e-002
 6.2621288e-002
 6.4469345e-002
 6.6121899e-002
 6.6518754e-002
 6.6266283e-002
 6.5671787e-002
 6.3033633e-002
 6.3311175e-002
 6.4256467e-002
 6.3339666e-002
 6.2987827e-002
 6.3316822e-002
 6.4532593e-002
 6.5509573e-002
 6.5951504e-002
 6.5834209e-002
 6.2406089e-002
 5.9991837e-002
 6.3507773e-002
 6.5172076e-002
 6.3897640e-002
 6.4215228e-002
 6.5565288e-002
 6.4225592e-002
 6.2796779e-002
 6.0869332e-002
 6.0370144e-002
 6.3308001e-002
 6.5404773e-002
 6.4908393e-002
 6.4263381e-002
 6.2666483e-002
 6.1274935e-002
 6.1042331e-002
 6.3251734e-002
 6.4598322e-002
 6.3814759e-002
 6.5441199e-002
 6.6261061e-002
 6.2647663e-002
 6.2452730e-002
 6.3373998e-002
 6.2483158e-002
 6.2635735e-002
 6.2174276e-002
 6.3061863e-002
 6.5227501e-002
 6.4359628e-002
 6.3362114e-002
 6.3649178e-002
 6.2995479e-002
 6.2476769e-002
 6.4687490e-002
 6.7209102e-002
 6.8770140e-002
 6.8544820e-002
 6.6001654e-002
 6.3013159e-002
 6.2242806e-002
 6.2838763e-002
 6.4338081e-002
 6.5410897e-002
 6.3657321e-002
 6.2043946e-002
 6.3117795e-002
 6.4483665e-002
 6.3638486e-002
 6.1608076e-002
 6.2369119e-002
 6.4707011e-002
 6.6580832e-002
 6.6083692e-002
 6.4389668e-002
 6.2962927e-002
 6.3708097e-002
 6.4364523e-002
 6.3087031e-002
 6.5251611e-002
 6.7596160e-002
 6.6508561e-002
 6.4442098e-002
 6.4944558e-002
 6.5289997e-002
 6.5335117e-002
 6.5356202e-002
 6.4365640e-002
 6.4360119e-002
 6.3077644e-002
 6.2376961e-002
 6.4908922e-002
 6.5488741e-002
 6.3898675e-002
 6.3717946e-002
 6.2653273e-002
 6.1624594e-002
 6.2627949e-002
 6.3843720e-002
 6.4447008e-002
 6.4204238e-002
 6.4677462e-002
 6.5413669e-002
 6.4883128e-002
 6.4209610e-002
 6.4739726e-002
 6.5191306e-002
 6.4979836e-002
 6.5066338e-002
 6.5948911e-002
 6.6036083e-002
 6.3656747e-002
 6.2350065e-002
 6.3940771e-002
 6.5480620e-002
 6.6373490e-002
 6.6572599e-002
 6.4318188e-002
 6.2920518e-002
 6.5512247e-002
 6.8330213e-002
 6.7431830e-002
 6.5338723e-002
 6.6647761e-002
 6.8935573e-002
 6.9611512e-002
 6.8984076e-002
 6.6198446e-002
 6.5564469e-002
 6.6787682e-002
 6.5402411e-002
 6.5166399e-002
 6.7850448e-002
 6.7381486e-002
 6.5151371e-002
 6.4824976e-002
 6.5990686e-002
 6.7156225e-002
 6.7593582e-002
 6.8109609e-002
 6.7171499e-002
 6.5053090e-002
 6.5524153e-002
 6.7550555e-002
 6.7137413e-002
 6.6181034e-002
 6.5388493e-002
 6.5978974e-002
 6.7494035e-002
 6.5992616e-002
 6.4163320e-002
 6.4917743e-002
 6.6281304e-002
 6.6124439e-002
 6.7240469e-002
 6.7680359e-002
 6.7311883e-002
 6.7947179e-002
 6.6472247e-002
 6.5707132e-002
 6.6492029e-002
 6.6909939e-002
 6.8051405e-002
 6.8492971e-002
 6.7036092e-002
 6.5549918e-002
 6.4943433e-002
 6.4708397e-002
 6.5380663e-002
 6.5831088e-002
 6.5894336e-002
 6.5755203e-002
 6.6176608e-002
 6.7394383e-002
 6.8676665e-002
 6.7083433e-002
 6.5519594e-002
 6.5347411e-002
 6.6456877e-002
 6.8552069e-002
 6.7320250e-002
 6.5777063e-002
 6.6590212e-002
 6.6734001e-002
 6.6135667e-002
 6.7226201e-002
 6.8585992e-002
 6.8453215e-002
 6.7168601e-002
 6.5613352e-002
 6.4826809e-002
 6.5417618e-002
 6.6687338e-002
 6.7261033e-002
 6.6193610e-002
 6.6567048e-002
 6.8543054e-002
 6.7593373e-002
 6.6284388e-002
 6.6935778e-002
 6.7727618e-002
 6.7316703e-002
 6.5381102e-002
 6.4733781e-002
 6.6062942e-002
 6.6269882e-002
 6.6619605e-002
 6.7237876e-002
 6.8417691e-002
 6.8797231e-002
 6.7915589e-002
 6.6997528e-002
 6.6728383e-002
 6.6355586e-002
 6.7455374e-002
 6.8397202e-002
 6.9084890e-002
 6.9321156e-002
 6.7504875e-002
 6.5407529e-002
 6.5186054e-002
 6.6173717e-002
 6.7834489e-002
 6.6992395e-002
 6.6577032e-002
 6.7208648e-002
 6.7883901e-002
 6.8600513e-002
 6.8760753e-002
 6.8223357e-002
 6.7011617e-002
 6.6803023e-002
 6.6408522e-002
 6.5448232e-002
 6.5220706e-002
 6.4913489e-002
 6.5341897e-002
 6.6147387e-002
 6.8050578e-002
 6.9129333e-002
 6.7977987e-002
 6.7819260e-002
 6.8276957e-002
 6.7530677e-002
 6.6466108e-002
 6.6793479e-002
 6.8498664e-002
 6.9267794e-002
 6.8021566e-002
 6.6771328e-002
 6.7410521e-002
 6.8110958e-002
 6.7387804e-002
 6.7409620e-002
 6.8193622e-002
 6.7890599e-002
 6.8748519e-002
 7.0064850e-002
 6.9976315e-002
 6.9084287e-002
 6.6542752e-002
 6.4723119e-002
 6.4365976e-002
 6.4949833e-002
 6.4479358e-002
 6.3359469e-002
 6.4710103e-002
 6.7077614e-002
 6.8905108e-002
 6.8615928e-002
 6.7239814e-002
 6.6503100e-002
 6.6667639e-002
 6.7196846e-002
 6.7362353e-002
 6.7869440e-002
 6.7658283e-002
 6.7719951e-002
 6.8230852e-002
 6.7722626e-002
 6.7396015e-002
 6.6524588e-002
 6.6670917e-002
 6.8536490e-002
 6.8582326e-002
 6.8494812e-002
 6.8518646e-002
 6.8122469e-002
 6.8185821e-002
 6.7992039e-002
 6.7479409e-002
 6.7559108e-002
 6.8134479e-002
 6.8499051e-002
 6.8141133e-002
 6.6218957e-002
 6.6217080e-002
 6.7423046e-002
 6.6754736e-002
 6.6570602e-002
 6.7909621e-002
 6.9755964e-002
 6.9958404e-002
 6.8594970e-002
 6.6758625e-002
 6.6723809e-002
 6.7335144e-002
 6.8442486e-002
 6.8646245e-002
 6.7069523e-002
 6.6685475e-002
 6.8796381e-002
 6.9479667e-002
 6.8046004e-002
 6.8599872e-002
 6.9753177e-002
 6.9156818e-002
 6.8415895e-002
 6.7709200e-002
 6.8723239e-002
 6.9033772e-002
 6.7358322e-002
 6.7818873e-002
 6.9430605e-002
 6.9042027e-002
 6.7947611e-002
 6.8995170e-002
 6.9578551e-002
 6.7932196e-002
 6.8157606e-002
 6.9811799e-002
 6.9938645e-002
 6.8849556e-002
 6.7893691e-002
 6.8468094e-002
 6.9034316e-002
 6.7864627e-002
 6.6399477e-002
 6.8835199e-002
 6.9691159e-002
 6.8537943e-002
 6.9750890e-002
 6.9727898e-002
 6.9132358e-002
 6.9603093e-002
 6.8875767e-002
 6.8119280e-002
 6.7876555e-002
 6.7457519e-002
 6.8828098e-002
 6.9419749e-002
 6.7691199e-002
 6.7281820e-002
 6.8533920e-002
 6.8835594e-002
 6.9171190e-002
 6.9197439e-002
 6.8416394e-002
 6.7385674e-002
 6.7813806e-002
 6.8266891e-002
 6.8148345e-002
 6.8934746e-002
 6.8853110e-002
 6.7708410e-002
 6.7659058e-002
 6.9044411e-002
 6.9704883e-002
 6.8893202e-002
 6.7391120e-002
 6.7859307e-002
 7.0499673e-002
 7.0433065e-002
 6.9697343e-002
 7.0253670e-002
 7.0290945e-002
 6.9260918e-002
 6.8053246e-002
 6.8175443e-002
 6.7850173e-002
 6.7734003e-002
 6.8446144e-002
 6.9632970e-002
 6.9600895e-002
 6.8202287e-002
 6.8823934e-002
 6.9862075e-002
 7.0793472e-002
 7.1822122e-002
 7.1207188e-002
 6.9884636e-002
 6.8530500e-002
 6.8183273e-002
 7.0811413e-002
 7.2397865e-002
 7.1396232e-002
 7.0279971e-002
 7.0121564e-002
 7.0960879e-002
 7.1282960e-002
 7.1358204e-002
 7.0508637e-002
 6.9331706e-002
 6.9257088e-002
 6.9515042e-002
 6.9937661e-002
 7.1339086e-002
 7.2347924e-002
 7.2582170e-002
 7.2125427e-002
 7.0945822e-002
 6.9538556e-002
 6.8951726e-002
 6.9596648e-002
 7.0615090e-002
 7.0842139e-002
 6.9450796e-002
 6.8184897e-002
 6.8246417e-002
 6.9667652e-002
 7.0167437e-002
 7.0182778e-002
 7.0339218e-002
 6.9509894e-002
 6.8923056e-002
 6.9414720e-002
 7.0429072e-002
 7.0690155e-002
 7.0672847e-002
 7.0462584e-002
 7.0419125e-002
 7.1082413e-002
 7.1536742e-002
 7.1398012e-002
 7.1587332e-002
 7.0777684e-002
 7.0610270e-002
 7.1195886e-002
 7.2251178e-002
 7.2192386e-002
 7.0532739e-002
 7.0789754e-002
 7.1626015e-002
 7.1189106e-002
 7.1715511e-002
 7.1634665e-002
 7.1255639e-002
 7.0943698e-002
 7.0355669e-002
 6.9861464e-002
 6.9620326e-002
 6.9522321e-002
 7.0469700e-002
 7.1529165e-002
 7.1160063e-002
 7.0951857e-002
 7.1342438e-002
 7.1943983e-002
 7.2415531e-002
 7.1458668e-002
 7.0607103e-002
 7.0452310e-002
 6.9969654e-002
 7.0676208e-002
 7.1562573e-002
 7.2000012e-002
 7.1600236e-002
 7.1472287e-002
 7.1666770e-002
 7.0812985e-002
 7.0866711e-002
 7.2032005e-002
 7.2465703e-002
 7.1916208e-002
 7.1545169e-002
 7.1100034e-002
 7.0564561e-002
 7.0291467e-002
 7.0002377e-002
 7.0917353e-002
 7.1158044e-002
 7.0171237e-002
 6.9842480e-002
 6.9771565e-002
 7.1019217e-002
 7.1987897e-002
 7.1102425e-002
 7.1263686e-002
 7.1027234e-002
 7.0198908e-002
 7.1385227e-002
 7.2375722e-002
 7.2706334e-002
 7.2863318e-002
 7.2608411e-002
 7.2649837e-002
 7.1991168e-002
 7.1030952e-002
 7.1681552e-002
 7.2033823e-002
 7.0941344e-002
 7.0869155e-002
 7.1455084e-002
 7.1281001e-002
 7.1360484e-002
 7.1412802e-002
 7.1456470e-002
 7.2288290e-002
 7.1842343e-002
 7.0707858e-002
 7.1000740e-002
 7.1424432e-002
 7.1550705e-002
 7.1405493e-002
 7.1252204e-002
 7.2286136e-002
 7.2991066e-002
 7.2653547e-002
 7.2364993e-002
 7.1593158e-002
 7.1615823e-002
 7.2666511e-002
 7.1677499e-002
 7.0802443e-002
 7.1010768e-002
 7.1462363e-002
 7.1580850e-002
 7.1602978e-002
 7.1917377e-002
 7.3280543e-002
 7.3580779e-002
 7.2076321e-002
 7.2138883e-002
 7.2431847e-002
 7.0728719e-002
 6.9888264e-002
 7.0924789e-002
 7.1906529e-002
 7.1596280e-002
 7.2028831e-002
 7.2683483e-002
 7.1970366e-002
 7.1314804e-002
 7.1681455e-002
 7.2053865e-002
 7.1910165e-002
 7.2058305e-002
 7.1328685e-002
 7.1009763e-002
 7.2039232e-002
 7.2629847e-002
 7.2187804e-002
 7.1753219e-002
 7.2538026e-002
 7.2688252e-002
 7.1962252e-002
 7.1712948e-002
 7.1728528e-002
 7.2573707e-002
 7.3485196e-002
 7.3075823e-002
 7.2069235e-002
 7.1312942e-002
 7.0921250e-002
 7.1732223e-002
 7.1852379e-002
 7.1251497e-002
 7.2456196e-002
 7.3621996e-002
 7.3256090e-002
 7.2435200e-002
 7.1975902e-002
 7.1975738e-002
 7.2275914e-002
 7.2817236e-002
 7.2578914e-002
 7.1690276e-002
 7.1692631e-002
 7.1887486e-002
 7.1881466e-002
 7.1790583e-002
 7.1922727e-002
 7.2005838e-002
 7.2167374e-002
 7.1956769e-002
 7.1190871e-002
 7.1695551e-002
 7.2176740e-002
 7.1573339e-002
 7.2403602e-002
 7.3401272e-002
 7.3056221e-002
 7.2887056e-002
 7.2348855e-002
 7.2394714e-002
 7.3243380e-002
 7.2831072e-002
 7.1351402e-002
 7.0408352e-002
 7.1615763e-002
 7.3251747e-002
 7.3490083e-002
 7.3486209e-002
 7.2784558e-002
 7.2226331e-002
 7.2370559e-002
 7.3244356e-002
 7.4180707e-002
 7.4110739e-002
 7.3340416e-002
 7.1963765e-002
 7.2055943e-002
 7.2784670e-002
 7.2941452e-002
 7.3227115e-002
 7.3705651e-002
 7.3365882e-002
 7.2922088e-002
 7.2955042e-002
 7.3168375e-002
 7.4060917e-002
 7.3265553e-002
 7.1708158e-002
 7.2023489e-002
 7.2769299e-002
 7.2321162e-002
 7.2036549e-002
 7.3288187e-002
 7.4193045e-002
 7.2670490e-002
 7.1969576e-002
 7.2562069e-002
 7.2906204e-002
 7.2401740e-002
 7.1233653e-002
 7.1286090e-002
 7.2168738e-002
 7.2528332e-002
 7.2284453e-002
 7.2400436e-002
 7.2741769e-002
 7.1986087e-002
 7.1764812e-002
 7.2668657e-002
 7.2767265e-002
 7.1724780e-002
 7.1690761e-002
 7.2316490e-002
 7.2586186e-002
 7.2626330e-002
 7.2527066e-002
 7.2957180e-002
 7.3529251e-002
 7.5069711e-002
 7.6162234e-002
 7.4862584e-002
 7.3953532e-002
 7.3833242e-002
 7.3190950e-002
 7.2664037e-002
 7.1848556e-002
 7.2106533e-002
 7.3271863e-002
 7.3872000e-002
 7.4304208e-002
 7.4388750e-002
 7.4001119e-002
 7.3972709e-002
 7.4000284e-002
 7.3566198e-002
 7.2786167e-002
 7.1940228e-002
 7.1395516e-002
 7.1543217e-002
 7.2089143e-002
 7.3090553e-002
 7.3935576e-002
 7.4274726e-002
 7.3453397e-002
 7.1593620e-002
 7.1406849e-002
 7.2684482e-002
 7.3174953e-002
 7.3450625e-002
 7.3507048e-002
 7.3566452e-002
 7.3111080e-002
 7.2988287e-002
 7.3696360e-002
 7.3233813e-002
 7.3092848e-002
 7.3936023e-002
 7.3474295e-002
 7.3055431e-002
 7.2813869e-002
 7.3453784e-002
 7.4342839e-002
 7.3573172e-002
 7.3530890e-002
 7.3868953e-002
 7.3866971e-002
 7.3949918e-002
 7.3788136e-002
 7.4133776e-002
 7.3881850e-002
 7.2481520e-002
 7.2081529e-002
 7.2910972e-002
 7.3174581e-002
 7.2907194e-002
 7.2923504e-002
 7.3242478e-002
 7.3259182e-002
 7.3431313e-002
 7.3240161e-002
 7.4115917e-002
 7.4934065e-002
 7.3499538e-002
 7.2397336e-002
 7.2862223e-002
 7.3190875e-002
 7.3307477e-002
 7.3002070e-002
 7.2770052e-002
 7.3005617e-002
 7.3637784e-002
 7.4162982e-002
 7.3698297e-002
 7.3849544e-002
 7.4298359e-002
 7.4163310e-002
 7.4488431e-002
 7.4823350e-002
 7.4282788e-002
 7.3571853e-002
 7.3387392e-002
 7.3487937e-002
 7.4067049e-002
 7.4269861e-002
 7.3875539e-002
 7.3679864e-002
 7.3774099e-002
 7.3346548e-002
 7.3355578e-002
 7.4150637e-002
 7.3974207e-002
 7.3765077e-002
 7.3516361e-002
 7.2802506e-002
 7.2780401e-002
 7.3625073e-002
 7.3967926e-002
 7.3570304e-002
 7.2947577e-002
 7.3036924e-002
 7.3001318e-002
 7.2839618e-002
 7.3154554e-002
 7.3752269e-002
 7.4752569e-002
 7.4519902e-002
 7.3478311e-002
 7.3271416e-002
 7.3413126e-002
 7.3560283e-002
 7.3660024e-002
 7.3001042e-002
 7.2874717e-002
 7.3277384e-002
 7.2160311e-002
 7.2447464e-002
 7.3454805e-002
 7.2922342e-002
 7.3179364e-002
 7.3973015e-002
 7.3890358e-002
 7.3883303e-002
 7.3892094e-002
 7.4395731e-002
 7.4680209e-002
 7.4329056e-002
 7.3843963e-002
 7.3530473e-002
 7.3536247e-002
 7.3572814e-002
 7.3474392e-002
 7.3635586e-002
 7.4296758e-002
 7.4401237e-002
 7.3872238e-002
 7.3588356e-002
 7.3691905e-002
 7.3914900e-002
 7.3658660e-002
 7.2895050e-002
 7.2974280e-002
 7.3583864e-002
 7.3137358e-002
 7.2648980e-002
 7.2422370e-002
 7.2969042e-002
 7.3902540e-002
 7.4267238e-002
 7.4360043e-002
 7.4234389e-002
 7.4052654e-002
 7.3858850e-002
 7.5013779e-002
 7.5589940e-002
 7.4559085e-002
 7.4174888e-002
 7.4065514e-002
 7.3771462e-002
 7.3750146e-002
 7.4357681e-002
 7.4880332e-002
 7.5186387e-002
 7.5220674e-002
 7.5548247e-002
 7.5543940e-002
 7.4842736e-002
 7.4937582e-002
 7.5052060e-002
 7.4563228e-002
 7.4900948e-002
 7.5341694e-002
 7.4672364e-002
 7.4768580e-002
 7.5116232e-002
 7.4480161e-002
 7.3871121e-002
 7.4119754e-002
 7.4466527e-002
 7.4264586e-002
 7.4087955e-002
 7.4062981e-002
 7.4135639e-002
 7.4154735e-002
 7.4069180e-002
 7.4212268e-002
 7.4158415e-002
 7.4371226e-002
 7.4343815e-002
 7.3698252e-002
 7.3216401e-002
 7.3316470e-002
 7.3621154e-002
 7.3929138e-002
 7.4816689e-002
 7.5641476e-002
 7.5490840e-002
 7.5030088e-002
 7.4732184e-002
 7.4355371e-002
 7.4087299e-002
 7.4146315e-002
 7.4612066e-002
 7.5475268e-002
 7.5335056e-002
 7.4592531e-002
 7.4641429e-002
 7.4511871e-002
 7.3887758e-002
 7.3617622e-002
 7.3871784e-002
 7.4491821e-002
 7.4932121e-002
 7.4931353e-002
 7.4312180e-002
 7.3744513e-002
 7.3485456e-002
 7.3819332e-002
 7.4631326e-002
 7.3825471e-002
 7.2857037e-002
 7.3883615e-002
 7.5255886e-002
 7.4802466e-002
 7.4058309e-002
 7.4713230e-002
 7.4654058e-002
 7.3423482e-002
 7.3621549e-002
 7.4203245e-002
 7.4583866e-002
 7.5193077e-002
 7.5065918e-002
 7.4769959e-002
 7.4529409e-002
 7.4343547e-002
 7.4286900e-002
 7.4447930e-002
 7.4296936e-002
 7.3932961e-002
 7.4253753e-002
 7.4839629e-002
 7.4567333e-002
 7.3801972e-002
 7.2903901e-002
 7.3097840e-002
 7.3692888e-002
 7.3625028e-002
 7.3766746e-002
 7.4058466e-002
 7.4292980e-002
 7.4602239e-002
 7.4748516e-002
 7.4790917e-002
 7.4803904e-002
 7.4525416e-002
 7.4041352e-002
 7.4322604e-002
 7.4735470e-002
 7.4299343e-002
 7.4517272e-002
 7.5299129e-002
 7.5970955e-002
 7.5787507e-002
 7.4896447e-002
 7.4804947e-002
 7.5323902e-002
 7.4961178e-002
 7.4173823e-002
 7.3850557e-002
 7.3686168e-002
 7.3895745e-002
 7.4690707e-002
 7.4843600e-002
 7.4046098e-002
 7.3763959e-002
 7.3881939e-002
 7.3656730e-002
 7.3956646e-002
 7.4334346e-002
 7.4883513e-002
 7.5117409e-002
 7.4417211e-002
 7.3557846e-002
 7.2782278e-002
 7.2468825e-002
 7.3029585e-002
 7.3258214e-002
 7.3556453e-002
 7.4476957e-002
 7.4937306e-002
 7.4515924e-002
 7.3881023e-002
 7.3528767e-002
 7.4127905e-002
 7.4474886e-002
 7.3729664e-002
 7.3507100e-002
 7.3483154e-002
 7.3307730e-002
 7.3728345e-002
 7.4328095e-002
 7.3930129e-002
 7.3450297e-002
 7.3887408e-002
 7.3811203e-002
 7.3879853e-002
 7.5064749e-002
 7.5727738e-002
 7.5068705e-002
 7.3953867e-002
 7.3588274e-002
 7.3696777e-002
 7.3558293e-002
 7.3825493e-002
 7.4539244e-002
 7.5315215e-002
 7.5052984e-002
 7.4553616e-002
 7.4754216e-002
 7.4522682e-002
 7.4186496e-002
 7.4600846e-002
 7.4962683e-002
 7.4865021e-002
 7.4879542e-002
 7.4874997e-002
 7.5069554e-002
 7.5224772e-002
 7.4814610e-002
 7.4491866e-002
 7.4386902e-002
 7.4607104e-002
 7.5231418e-002
 7.5003795e-002
 7.4431211e-002
 7.4152976e-002
 7.4624382e-002
 7.5241312e-002
 7.5134873e-002
 7.4967295e-002
 7.4326195e-002
 7.3963694e-002
 7.4454471e-002
 7.5033262e-002
 7.5064540e-002
 7.4869186e-002
 7.4948035e-002
 7.4824177e-002
 7.5128637e-002
 7.5585142e-002
 7.5303465e-002
 7.4789397e-002
 7.4486025e-002
 7.4004278e-002
 7.3808484e-002
 7.4662194e-002
 7.5382330e-002
 7.5337395e-002
 7.4704275e-002
 7.4441902e-002
 7.4449547e-002
 7.4378215e-002
 7.4736588e-002
 7.5284287e-002
 7.4839450e-002
 7.4101269e-002
 7.4197769e-002
 7.4699730e-002
 7.4843727e-002
 7.5130574e-002
 7.5691074e-002
 7.4989662e-002
 7.4266881e-002
 7.4537307e-002
 7.4541420e-002
 7.4577048e-002
 7.5031511e-002
 7.5165696e-002
 7.5060934e-002
 7.4705921e-002
 7.4548371e-002
 7.4618883e-002
 7.4584432e-002
 7.4599914e-002
 7.4228659e-002
 7.4376963e-002
 7.5005502e-002
 7.4716240e-002
 7.4164636e-002
 7.3879316e-002
 7.3779605e-002
 7.3500127e-002
 7.3549442e-002
 7.4239783e-002
 7.4143618e-002
 7.4131683e-002
 7.4965060e-002
 7.4988045e-002
 7.4614905e-002
 7.5201921e-002
 7.5032905e-002
 7.4635915e-002
 7.4976072e-002
 7.5245395e-002
 7.5298093e-002
 7.5436294e-002
 7.6116465e-002
 7.6083556e-002
 7.5294524e-002
 7.5108692e-002
 7.5064786e-002
 7.5103439e-002
 7.5202852e-002
 7.4872114e-002
 7.4744970e-002
 7.5295128e-002
 7.5414121e-002
 7.5231522e-002
 7.5476170e-002
 7.5468518e-002
 7.5533248e-002
 7.5536668e-002
 7.4901901e-002
 7.4903138e-002
 7.5791575e-002
 7.5875670e-002
 7.5847566e-002
 7.6467656e-002
 7.6191187e-002
 7.4901626e-002
 7.4314624e-002
 7.4802555e-002
 7.5669661e-002
 7.6181665e-002
 7.5791784e-002
 7.5207159e-002
 7.5541839e-002
 7.5747803e-002
 7.5363927e-002
 7.6050118e-002
 7.6771058e-002
 7.6244749e-002
 7.5625040e-002
 7.5855903e-002
 7.6159649e-002
 7.5562999e-002
 7.4940428e-002
 7.5797223e-002
 7.6395459e-002
 7.6081231e-002
 7.6003797e-002
 7.6081358e-002
 7.6392002e-002
 7.5956084e-002
 7.5044960e-002
 7.5030424e-002
 7.5600028e-002
 7.5908653e-002
 7.5637616e-002
 7.5752638e-002
 7.6625809e-002
 7.7017285e-002
 7.6737188e-002
 7.6041773e-002
 7.5682446e-002
 7.5979225e-002
 7.6456793e-002
 7.6796137e-002
 7.6220647e-002
 7.5744353e-002
 7.5593151e-002
 7.6153278e-002
 7.6877244e-002
 7.6579176e-002
 7.6212093e-002
 7.6012306e-002
 7.6293096e-002
 7.6896712e-002
 7.7071868e-002
 7.6609492e-002
 7.6077208e-002
 7.6447763e-002
 7.6511554e-002
 7.6260783e-002
 7.6439820e-002
 7.6687232e-002
 7.7133834e-002
 7.7731296e-002
 7.7694260e-002
 7.7327371e-002
 7.7199005e-002
 7.6909557e-002
 7.6711684e-002
 7.6434806e-002
 7.6602295e-002
 7.7218108e-002
 7.7245660e-002
 7.7028356e-002
 7.6867074e-002
 7.6991230e-002
 7.7187411e-002
 7.6378368e-002
 7.5911537e-002
 7.6699100e-002
 7.7276334e-002
 7.7284187e-002
 7.6845616e-002
 7.6950565e-002
 7.7289507e-002
 7.7060588e-002
 7.6677375e-002
 7.6510906e-002
 7.6919019e-002
 7.7092446e-002
 7.6997556e-002
 7.7529781e-002
 7.7638596e-002
 7.6781914e-002
 7.6854549e-002
 7.7465892e-002
 7.7568106e-002
 7.7538759e-002
 7.7773049e-002
 7.7639028e-002
 7.6753668e-002
 7.6622933e-002
 7.7187538e-002
 7.7241763e-002
 7.7345587e-002
 7.8031883e-002
 7.8312628e-002
 7.7687956e-002
 7.7390321e-002
 7.7680670e-002
 7.7756509e-002
 7.7479348e-002
 7.7321805e-002
 7.7885285e-002
 7.8591406e-002
 7.8541934e-002
 7.8233510e-002
 7.7963583e-002
 7.7819690e-002
 7.7863246e-002
 7.7559151e-002
 7.7430695e-002
 7.7670470e-002
 7.8081526e-002
 7.8792349e-002
 7.8914195e-002
 7.8497097e-002
 7.8173578e-002
 7.7914171e-002
 7.8144930e-002
 7.8872822e-002
 7.9190545e-002
 7.9310156e-002
 7.9189174e-002
 7.8588821e-002
 7.8479968e-002
 7.8817733e-002
 7.9081327e-002
 7.9154342e-002
 7.8894697e-002
 7.8296669e-002
 7.8196451e-002
 7.8769289e-002
 7.9199329e-002
 7.9273976e-002
 7.8682959e-002
 7.8336358e-002
 7.8860588e-002
 7.9551660e-002
 7.9730228e-002
 7.9712532e-002
 7.9711743e-002
 7.9563037e-002
 7.9387926e-002
 7.9263195e-002
 7.9336621e-002
 7.9373173e-002
 7.9074174e-002
 7.9241440e-002
 7.9681166e-002
 7.9605557e-002
 7.9422303e-002
 7.9230994e-002
 7.9055838e-002
 7.9261631e-002
 7.9262435e-002
 7.8755923e-002
 7.9011381e-002
 7.9851486e-002
 8.0184534e-002
 7.9874992e-002
 7.9645075e-002
 7.9780079e-002
 7.9727262e-002
 7.9773709e-002
 8.0109119e-002
 8.0171160e-002
 7.9975694e-002
 7.9808943e-002
 7.9604425e-002
 7.9983361e-002
 8.0698818e-002
 8.0890536e-002
 8.0952629e-002
 8.0974445e-002
 8.0972262e-002
 8.1418514e-002
 8.1584752e-002
 8.0884144e-002
 8.0746099e-002
 8.1490822e-002
 8.1987664e-002
 8.1712365e-002
 8.1222504e-002
 8.1505649e-002
 8.1547357e-002
 8.1103876e-002
 8.1232220e-002
 8.1930384e-002
 8.2274094e-002
 8.2000539e-002
 8.1859276e-002
 8.2001388e-002
 8.1998892e-002
 8.1418902e-002
 8.1063733e-002
 8.1684209e-002
 8.2148165e-002
 8.2001939e-002
 8.1824042e-002
 8.1994236e-002
 8.2413159e-002
 8.2481705e-002
 8.1936426e-002
 8.1421949e-002
 8.1689507e-002
 8.2450591e-002
 8.2739815e-002
 8.2484320e-002
 8.2358561e-002
 8.2635745e-002
 8.3203360e-002
 8.3443373e-002
 8.3281830e-002
 8.3060287e-002
 8.2803912e-002
 8.2569540e-002
 8.2225591e-002
 8.2214884e-002
 8.2566701e-002
 8.2741141e-002
 8.2890607e-002
 8.3319195e-002
 8.3626755e-002
 8.3135419e-002
 8.2489997e-002
 8.2330510e-002
 8.2834311e-002
 8.3650030e-002
 8.4264748e-002
 8.3989590e-002
 8.3221354e-002
 8.3395518e-002
 8.3766520e-002
 8.3688729e-002
 8.3404988e-002
 8.2918517e-002
 8.2734928e-002
 8.3052054e-002
 8.3096035e-002
 8.3420932e-002
 8.3217204e-002
 8.2234137e-002
 8.2712948e-002
 8.3158143e-002
 8.2259372e-002
 8.2048826e-002
 8.2556732e-002
 8.2638495e-002
 8.2724027e-002
 8.2900971e-002
 8.2995318e-002
 8.3183736e-002
 8.3742991e-002
 8.4064484e-002
 8.3386533e-002
 8.3298564e-002
 8.3696425e-002
 8.3726697e-002
 8.4198646e-002
 8.4566064e-002
 8.4422730e-002
 8.4784053e-002
 8.5383333e-002
 8.5013926e-002
 8.4570475e-002
 8.5038781e-002
 8.5580803e-002
 8.5573733e-002
 8.5289888e-002
 8.5435882e-002
 8.6133718e-002
 8.6706616e-002
 8.7092265e-002
 8.6896501e-002
 8.6302243e-002
 8.6050957e-002
 8.5902266e-002
 8.6266480e-002
 8.6964443e-002
 8.7240726e-002
 8.7310582e-002
 8.7309882e-002
 8.7248929e-002
 8.7086365e-002
 8.7204978e-002
 8.7551095e-002
 8.7191947e-002
 8.6915664e-002
 8.7304667e-002
 8.6977646e-002
 8.6667813e-002
 8.7232679e-002
 8.7533139e-002
 8.7412193e-002
 8.7330997e-002
 8.7795727e-002
 8.8501520e-002
 8.8435926e-002
 8.8279575e-002
 8.8559344e-002
 8.8512003e-002
 8.8318706e-002
 8.8215575e-002
 8.8419825e-002
 8.8973142e-002
 8.9131355e-002
 8.8855162e-002
 8.9279361e-002
 9.0062805e-002
 8.9410804e-002
 8.8489465e-002
 8.8756882e-002
 8.9181118e-002
 8.9029320e-002
 8.8821530e-002
 8.9093342e-002
 8.9396022e-002
 8.9639015e-002
 8.9994982e-002
 8.9744650e-002
 8.9365229e-002
 8.9699171e-002
 9.0171270e-002
 9.0359487e-002
 9.0322860e-002
 9.0482466e-002
 9.0354204e-002
 8.9822881e-002
 8.9964651e-002
 9.0101175e-002
 9.0009391e-002
 9.0722412e-002
 9.1446243e-002
 9.1058992e-002
 9.0341114e-002
 9.0501010e-002
 9.0830758e-002
 9.0622172e-002
 9.0822384e-002
 9.1087773e-002
 9.1068290e-002
 9.1556750e-002
 9.2098609e-002
 9.1976531e-002
 9.1422752e-002
 9.0735301e-002
 9.0995528e-002
 9.1045275e-002
 9.0740964e-002
 9.1596238e-002
 9.2506938e-002
 9.2901610e-002
 9.2945538e-002
 9.1798544e-002
 9.1148466e-002
 9.2181563e-002
 9.3100607e-002
 9.3453102e-002
 9.2991807e-002
 9.3038931e-002
 9.3526587e-002
 9.2982613e-002
 9.2690557e-002
 9.3464412e-002
 9.4024338e-002
 9.3649834e-002
 9.3670800e-002
 9.4053626e-002
 9.4242141e-002
 9.4075896e-002
 9.3041785e-002
 9.3149483e-002
 9.4178960e-002
 9.3996994e-002
 9.4649360e-002
 9.6058294e-002
 9.6183285e-002
 9.5075920e-002
 9.4224252e-002
 9.5010661e-002
 9.5419817e-002
 9.5168926e-002
 9.4828382e-002
 9.4491340e-002
 9.5398903e-002
 9.5697351e-002
 9.5043518e-002
 9.5413566e-002
 9.6166410e-002
 9.6438020e-002
 9.6804857e-002
 9.7035855e-002
 9.6880093e-002
 9.6902139e-002
 9.6706845e-002
 9.6357986e-002
 9.6013032e-002
 9.5860854e-002
 9.6363127e-002
 9.6885771e-002
 9.7223476e-002
 9.7315609e-002
 9.6738964e-002
 9.6557043e-002
 9.7153261e-002
 9.7337820e-002
 9.6625783e-002
 9.5969178e-002
 9.6031323e-002
 9.5733911e-002
 9.4637990e-002
 9.5618635e-002
 9.7429134e-002
 9.7730733e-002
 9.6518710e-002
 9.5818922e-002
 9.6547343e-002
 9.7220913e-002
 9.7736701e-002
 9.7413808e-002
 9.7332522e-002
 9.7825117e-002
 9.8033443e-002
 9.7887389e-002
 9.7795375e-002
 9.7761959e-002
 9.7154729e-002
 9.6590519e-002
 9.6629173e-002
 9.7175561e-002
 9.7593971e-002
 9.7008333e-002
 9.6030146e-002
 9.6138127e-002
 9.6881904e-002
 9.6671194e-002
 9.5929906e-002
 9.5289215e-002
 9.5326111e-002
 9.5509775e-002
 9.5505834e-002
 9.5232420e-002
 9.4453365e-002
 9.3579590e-002
 9.2979006e-002
 9.2278086e-002
 9.1387741e-002
 9.1488332e-002
 9.1291681e-002
 9.0411209e-002
 8.9826219e-002
 8.9081399e-002
 8.8446796e-002
 8.8176027e-002
 8.7594010e-002
 8.6445108e-002
 8.5733272e-002
 8.5541897e-002
 8.5163534e-002
 8.4245957e-002
 8.3018318e-002
 8.3216012e-002
 8.4200688e-002
 8.4452234e-002
 8.4256366e-002
 8.3614454e-002
 8.3282217e-002
 8.3040580e-002
 8.2677938e-002
 8.2408577e-002
 8.1365831e-002
 8.0588348e-002
 8.0515392e-002
 8.0640420e-002
 8.0687620e-002
 7.9627618e-002
 7.9085104e-002
 7.9883389e-002
 7.9514481e-002
 7.8734450e-002
 7.8791454e-002
 7.8630008e-002
 7.8267135e-002
 7.8063644e-002
 7.7516988e-002
 7.6703675e-002
 7.6297224e-002
 7.6203100e-002
 7.5658895e-002
 7.4443728e-002
 7.3210172e-002
 7.2735779e-002
 7.2549634e-002
 7.2267912e-002
 7.2258428e-002
 7.2059482e-002
 7.1917273e-002
 7.1541563e-002
 7.0875302e-002
 7.0452727e-002
 7.0285410e-002
 6.9435835e-002
 6.8143941e-002
 6.8014912e-002
 6.8532676e-002
 6.8520263e-002
 6.8361357e-002
 6.8174660e-002
 6.7407116e-002
 6.6759653e-002
 6.6851877e-002
 6.6864379e-002
 6.6891961e-002
 6.6759378e-002
 6.6202313e-002
 6.6620186e-002
 6.7362025e-002
 6.7360401e-002
 6.7025729e-002
 6.6796161e-002
 6.6870257e-002
 6.6733748e-002
 6.6356592e-002
 6.6435561e-002
 6.6599771e-002
 6.6460043e-002
 6.6222176e-002
 6.5798394e-002
 6.5344788e-002
 6.4684458e-002
 6.3607834e-002
 6.3253880e-002
 6.3424923e-002
 6.3240707e-002
 6.2946573e-002
 6.2371284e-002
 6.1751436e-002
 6.1584581e-002
 6.1177138e-002
 6.0566820e-002
 6.0337353e-002
 6.0450099e-002
 5.9581168e-002
 5.8340970e-002
 5.8350768e-002
 5.8338642e-002
 5.7834785e-002
 5.7446770e-002
 5.7056781e-002
 5.6302309e-002
 5.5905625e-002
 5.5887606e-002
 5.5592384e-002
 5.5125788e-002
 5.4472372e-002
 5.3841878e-002
 5.3375777e-002
 5.3249735e-002
 5.2851655e-002
 5.2269280e-002
 5.1972918e-002
 5.1210247e-002
 5.0662003e-002
 5.0827827e-002
 5.0513089e-002
 5.0045688e-002
 4.9443319e-002
 4.8688415e-002
 4.8627269e-002
 4.8825167e-002
 4.8763409e-002
 4.8508335e-002
 4.8168048e-002
 4.7319274e-002
 4.6299756e-002
 4.6569981e-002
 4.6880126e-002
 4.6357207e-002
 4.6199333e-002
 4.6154104e-002
 4.5901962e-002
 4.5204535e-002
 4.4567905e-002
 4.4231188e-002
 4.4126853e-002
 4.4263702e-002
 4.4075210e-002
 4.3702208e-002
 4.3283980e-002
 4.2648964e-002
 4.2239014e-002
 4.2294424e-002
 4.2496335e-002
 4.2773142e-002
 4.2638175e-002
 4.2147122e-002
 4.1554973e-002
 4.1329093e-002
 4.1476186e-002
 4.1798126e-002
 4.1706637e-002
 4.1365646e-002
 4.1260704e-002
 4.0754005e-002
 4.0125590e-002
 4.0561955e-002
 4.1598964e-002
 4.1676864e-002
 4.1298311e-002
 4.1168828e-002
 4.0488675e-002
 3.9790779e-002
 4.0215984e-002
 4.0783916e-002
 4.0710811e-002
 4.0455062e-002
 4.0289812e-002
 4.0259123e-002
 4.0004600e-002
 3.9825898e-002
 3.9719798e-002
 3.9463993e-002
 3.9333917e-002
 3.9153863e-002
 3.9337087e-002
 3.9738070e-002
 3.9861076e-002
 4.0415049e-002
 4.0651672e-002
 4.0402427e-002
 4.0420447e-002
 4.0260982e-002
 3.9472293e-002
 3.9120376e-002
 3.9632570e-002
 4.0447231e-002
 4.0766332e-002
 4.0446930e-002
 4.0760119e-002
 4.0814333e-002
 4.0416721e-002
 4.0309116e-002
 4.0011335e-002
 4.0598597e-002
 4.1562036e-002
 4.1810706e-002
 4.1915718e-002
 4.2369369e-002
 4.2686574e-002
 4.2707544e-002
 4.2616718e-002
 4.2027418e-002
 4.1791312e-002
 4.2567365e-002
 4.3102950e-002
 4.3324802e-002
 4.3436356e-002
 4.3464333e-002
 4.3877073e-002
 4.4125538e-002
 4.4305407e-002
 4.4641200e-002
 4.4875119e-002
 4.4954006e-002
 4.5182720e-002
 4.5872752e-002
 4.6389170e-002
 4.6360005e-002
 4.6614427e-002
 4.6791524e-002
 4.6701159e-002
 4.6791565e-002
 4.7084659e-002
 4.7431305e-002
 4.7808815e-002
 4.7871035e-002
 4.7967352e-002
 4.8513554e-002
 4.8710454e-002
 4.8786107e-002
 4.9394123e-002
 4.9714990e-002
 4.9843106e-002
 5.0401788e-002
 5.0772756e-002
 5.1012948e-002
 5.1422376e-002
 5.1998783e-002
 5.2744985e-002
 5.3075727e-002
 5.3069428e-002
 5.3481292e-002
 5.4280810e-002
 5.4754850e-002
 5.4913104e-002
 5.5355776e-002
 5.6070831e-002
 5.6823336e-002
 5.7469469e-002
 5.7861544e-002
 5.8220882e-002
 5.8848917e-002
 5.8880523e-002
 5.8568701e-002
 5.8878336e-002
 5.9479143e-002
 6.0344193e-002
 6.1372157e-002
 6.1860938e-002
 6.1576709e-002
 6.2156718e-002
 6.3502237e-002
 6.3815296e-002
 6.3970789e-002
 6.4160213e-002
 6.4688973e-002
 6.5896198e-002
 6.6569544e-002
 6.6659763e-002
 6.7224301e-002
 6.8265177e-002
 6.8670392e-002
 6.8853006e-002
 6.9818355e-002
 7.0860907e-002
 7.0775323e-002
 7.1095794e-002
 7.1944118e-002
 7.2489992e-002
 7.3100857e-002
 7.3360302e-002
 7.3361769e-002
 7.3880032e-002
 7.4652724e-002
 7.4894138e-002
 7.4976169e-002
 7.5328313e-002
 7.5224705e-002
 7.4634358e-002
 7.4760601e-002
 7.5667679e-002
 7.6652780e-002
 7.7507734e-002
 7.7963516e-002
 7.7937305e-002
 7.7944823e-002
 7.7533588e-002
 7.6527297e-002
 7.4805722e-002
 7.2926499e-002
 7.2168969e-002
 7.3047072e-002
 7.4797861e-002
 7.6335028e-002
 7.7107929e-002
 7.7323809e-002
 7.7853031e-002
 7.7689439e-002
 7.6168962e-002
 7.4626938e-002
 7.2996773e-002
 7.1074858e-002
 6.9779992e-002
 6.9343947e-002
 6.9985799e-002
 7.1748257e-002
 7.4235231e-002
 7.6689564e-002
 7.8152798e-002
 7.8889348e-002
 7.9525225e-002
 7.9993457e-002
 7.9984248e-002
 7.9302251e-002
 7.7865109e-002
 7.5892307e-002
 7.3501579e-002
 7.0624240e-002
 6.7677401e-002
 6.5774404e-002
 6.5370999e-002
 6.6045366e-002
 6.8143792e-002
 7.1562745e-002
 7.5626470e-002
 7.9431459e-002
 8.2007773e-002
 8.4298216e-002
 8.6437471e-002
 8.7801777e-002
 8.8648081e-002
 8.8451184e-002
 8.7744534e-002
 8.8189647e-002
 8.9437962e-002
 9.0877466e-002
 9.2502952e-002
 9.3777694e-002
 9.4773419e-002
 9.5605969e-002
 9.6364364e-002
 9.6797831e-002
 9.6535154e-002
 9.6317209e-002
 9.6274711e-002
 9.6098885e-002
 9.6048675e-002
 9.6423119e-002
 9.6769497e-002
 9.6722536e-002
 9.6227482e-002
 9.6084490e-002
 9.5883332e-002
 9.4433665e-002
 9.3027987e-002
 9.2067376e-002
 9.1136619e-002
 9.0158246e-002
 8.9329757e-002
 8.8454388e-002
 8.6491153e-002
 8.4993780e-002
 8.4264077e-002
 8.3068617e-002
 8.2069486e-002
 8.1255242e-002
 8.0524884e-002
 7.9754606e-002
 7.9160847e-002
 7.9185896e-002
 7.8815617e-002
 7.8362025e-002
 7.8680940e-002
 7.9120710e-002
 7.9043321e-002
 7.8731321e-002
 7.9152323e-002
 8.0040254e-002
 8.0261469e-002
 8.0224827e-002
 8.0408692e-002
 8.0577716e-002
 8.0632828e-002
 8.0982357e-002
 8.1628732e-002
 8.2052410e-002
 8.1969917e-002
 8.1864320e-002
 8.1873089e-002
 8.1697635e-002
 8.1675850e-002
 8.1810273e-002
 8.1083924e-002
 7.9826877e-002
 7.8496583e-002
 7.7637799e-002
 7.6692551e-002
 7.5030953e-002
 7.3725156e-002
 7.3308565e-002
 7.2954543e-002
 7.2818100e-002
 7.3063858e-002
 7.3307656e-002
 7.3767610e-002
 7.4835256e-002
 7.6146826e-002
 7.7528924e-002
 7.8753732e-002
 7.9965688e-002
 8.1292346e-002
 8.2380444e-002
 8.3510265e-002
 8.5269690e-002
 8.7396219e-002
 8.8828459e-002
 8.9679442e-002
 9.0760604e-002
 9.1941968e-002
 9.2867404e-002
 9.3826547e-002
 9.5029749e-002
 9.5701151e-002
 9.5951751e-002
 9.6610710e-002
 9.7676039e-002
 9.8375119e-002
 9.8829105e-002
 9.9195249e-002
 9.9481337e-002
 9.9904075e-002
 1.0047150e-001
 1.0091862e-001
 1.0138763e-001
 1.0205781e-001
 1.0243814e-001
 1.0301547e-001
 1.0443445e-001
 1.0586149e-001
 1.0672819e-001
 1.0743878e-001
 1.0816133e-001
 1.0922631e-001
 1.1028694e-001
 1.1086041e-001
 1.1102385e-001
 1.1123650e-001
 1.1226415e-001
 1.1320717e-001
 1.1360514e-001
 1.1422994e-001
 1.1467552e-001
 1.1482105e-001
 1.1494678e-001
 1.1535018e-001
 1.1584734e-001
 1.1621821e-001
 1.1710440e-001
 1.1800707e-001
 1.1831525e-001
 1.1847235e-001
 1.1840083e-001
 1.1841698e-001
 1.1906935e-001
 1.1984910e-001
 1.2016661e-001
 1.2018367e-001
 1.2036448e-001
 1.2057352e-001
 1.2036391e-001
 1.2036828e-001
 1.2041595e-001
 1.2060323e-001
 1.2106469e-001
 1.2067271e-001
 1.1994272e-001
 1.2011417e-001
 1.2081664e-001
 1.2096418e-001
 1.2066790e-001
 1.2064800e-001
 1.2081381e-001
 1.2103944e-001
 1.2115155e-001
 1.2166788e-001
 1.2270349e-001
 1.2303062e-001
 1.2222017e-001
 1.2189762e-001
 1.2261337e-001
 1.2381798e-001
 1.2451171e-001
 1.2443450e-001
 1.2457927e-001
 1.2493684e-001
 1.2558594e-001
 1.2622127e-001
 1.2618691e-001
 1.2628491e-001
 1.2671806e-001
 1.2697144e-001
 1.2699667e-001
 1.2673752e-001
 1.2633163e-001
 1.2647270e-001
 1.2671225e-001
 1.2705868e-001
 1.2758200e-001
 1.2791133e-001
 1.2765807e-001
 1.2763830e-001
 1.2812048e-001
 1.2797152e-001
 1.2771443e-001
 1.2828232e-001
 1.2866467e-001
 1.2849243e-001
 1.2822062e-001
 1.2854037e-001
 1.2883390e-001
 1.2877248e-001
 1.2897363e-001
 1.2931497e-001
 1.2909317e-001
 1.2896092e-001
 1.2892851e-001
 1.2889117e-001
 1.2914123e-001
 1.2962571e-001
 1.3007066e-001
 1.3046713e-001
 1.3090244e-001
 1.3173005e-001
 1.3257377e-001
 1.3295683e-001
 1.3306862e-001
 1.3345650e-001
 1.3421535e-001
 1.3434757e-001
 1.3403918e-001
 1.3437641e-001
 1.3485610e-001
 1.3576910e-001
 1.3725482e-001
 1.3813874e-001
 1.3875663e-001
 1.3930981e-001
 1.3962853e-001
 1.3933003e-001
 1.3908119e-001
 1.3970165e-001
 1.4034970e-001
 1.4069188e-001
 1.4136608e-001
 1.4188635e-001
 1.4240135e-001
 1.4275934e-001
 1.4307092e-001
 1.4363708e-001
 1.4405350e-001
 1.4483428e-001
 1.4554176e-001
 1.4545259e-001
 1.4566106e-001
 1.4591219e-001
 1.4556170e-001
 1.4548905e-001
 1.4619905e-001
 1.4726052e-001
 1.4773628e-001
 1.4743079e-001
 1.4766026e-001
 1.4829779e-001
 1.4855719e-001
 1.4872156e-001
 1.4897707e-001
 1.4924474e-001
 1.4893812e-001
 1.4885411e-001
 1.4962566e-001
 1.5027268e-001
 1.5028679e-001
 1.5055385e-001
 1.5079133e-001
 1.5015931e-001
 1.5001148e-001
 1.5040371e-001
 1.5105417e-001
 1.5191139e-001
 1.5172453e-001
 1.5136272e-001
 1.5177734e-001
 1.5185219e-001
 1.5206301e-001
 1.5276019e-001
 1.5318879e-001
 1.5353370e-001
 1.5402699e-001
 1.5455739e-001
 1.5485302e-001
 1.5470229e-001
 1.5466663e-001
 1.5461846e-001
 1.5398167e-001
 1.5361783e-001
 1.5398385e-001
 1.5424012e-001
 1.5442231e-001
 1.5458867e-001
 1.5448432e-001
 1.5457588e-001
 1.5525624e-001
 1.5567158e-001
 1.5535769e-001
 1.5551324e-001
 1.5563476e-001
 1.5484601e-001
 1.5449966e-001
 1.5493175e-001
 1.5536380e-001
 1.5564272e-001
 1.5558638e-001
 1.5532050e-001
 1.5596803e-001
 1.5703699e-001
 1.5639226e-001
 1.5552926e-001
 1.5627973e-001
 1.5684813e-001
 1.5699695e-001
 1.5695465e-001
 1.5670198e-001
 1.5661161e-001
 1.5668140e-001
 1.5693486e-001
 1.5730892e-001
 1.5750448e-001
 1.5783328e-001
 1.5826705e-001
 1.5848337e-001
 1.5852216e-001
 1.5871616e-001
 1.5863800e-001
 1.5831377e-001
 1.5869813e-001
 1.5942149e-001
 1.5977444e-001
 1.6031048e-001
 1.6084461e-001
 1.6114917e-001
 1.6154201e-001
 1.6207188e-001
 1.6230626e-001
 1.6258150e-001
 1.6265985e-001
 1.6279809e-001
 1.6286741e-001
 1.6345802e-001
 1.6444147e-001
 1.6551314e-001
 1.6648509e-001
 1.6763629e-001
 1.6926576e-001
 1.7068067e-001
 1.7115074e-001
 1.7118649e-001
 1.7110355e-001
 1.7085873e-001
 1.7010166e-001
 1.6989079e-001
 1.7045225e-001
 1.7030181e-001
 1.6901574e-001
 1.6837408e-001
 1.6908711e-001
 1.7035061e-001
 1.7053941e-001
 1.7049943e-001
 1.7073901e-001
 1.7044148e-001
 1.7044222e-001
 1.7127179e-001
 1.7113072e-001
 1.7045566e-001
 1.7070946e-001
 1.7108335e-001
 1.7100056e-001
 1.7071748e-001
 1.7058444e-001
 1.7025325e-001
 1.6971226e-001
 1.6939411e-001
 1.6903467e-001
 1.6907585e-001
 1.6933584e-001
 1.6976257e-001
 1.7064619e-001
 1.7134058e-001
 1.7095202e-001
 1.7074792e-001
 1.7072482e-001
 1.7048229e-001
 1.7053047e-001
 1.7073736e-001
 1.7103045e-001
 1.7119060e-001
 1.7112873e-001
 1.7085735e-001
 1.7073400e-001
 1.7095403e-001
 1.7136201e-001
 1.7123675e-001
 1.7177039e-001
 1.7229493e-001
 1.7220137e-001
 1.7246479e-001
 1.7268868e-001
 1.7248425e-001
 1.7211354e-001
 1.7188877e-001
 1.7163011e-001
 1.7119420e-001
 1.7103240e-001
 1.7121266e-001
 1.7124018e-001
 1.7186171e-001
 1.7276205e-001
 1.7253102e-001
 1.7224270e-001
 1.7208141e-001
 1.7198066e-001
 1.7225099e-001
 1.7254637e-001
 1.7271493e-001
 1.7303920e-001
 1.7342657e-001
 1.7349848e-001
 1.7337990e-001
 1.7301229e-001
 1.7281485e-001
 1.7259815e-001
 1.7226712e-001
 1.7224805e-001
 1.7245914e-001
 1.7251173e-001
 1.7228253e-001
 1.7236300e-001
 1.7286931e-001
 1.7295934e-001
 1.7244579e-001
 1.7231818e-001
 1.7274603e-001
 1.7271173e-001
 1.7244366e-001
 1.7192008e-001
 1.7158739e-001
 1.7157942e-001
 1.7150983e-001
 1.7122388e-001
 1.7100286e-001
 1.7122930e-001
 1.7105663e-001
 1.7126641e-001
 1.7192483e-001
 1.7160043e-001
 1.7125186e-001
 1.7093004e-001
 1.7021471e-001
 1.6940442e-001
 1.6984405e-001
 1.7030726e-001
 1.6996573e-001
 1.6896436e-001
 1.6876064e-001
 1.6960599e-001
 1.6989149e-001
 1.6964103e-001
 1.6896567e-001
 1.6833358e-001
 1.6838910e-001
 1.6796099e-001
 1.6739722e-001
 1.6717061e-001
 1.6704841e-001
 1.6670784e-001
 1.6677263e-001
 1.6684461e-001
 1.6645928e-001
 1.6644914e-001
 1.6606852e-001
 1.6529481e-001
 1.6482736e-001
 1.6469888e-001
 1.6468956e-001
 1.6420512e-001
 1.6376191e-001
 1.6391581e-001
 1.6395129e-001
 1.6374598e-001
 1.6355586e-001
 1.6368060e-001
 1.6299184e-001
 1.6204613e-001
 1.6195321e-001
 1.6162165e-001
 1.6142641e-001
 1.6144221e-001
 1.6048098e-001
 1.5965484e-001
 1.5992698e-001
 1.6066624e-001
 1.6054133e-001
 1.5918139e-001
 1.5758654e-001
 1.5694328e-001
 1.5774359e-001
 1.5783462e-001
 1.5678841e-001
 1.5537393e-001
 1.5558124e-001
 1.5606414e-001
 1.5509045e-001
 1.5457816e-001
 1.5454428e-001
 1.5449609e-001
 1.5445513e-001
 1.5437172e-001
 1.5406439e-001
 1.5320045e-001
 1.5205090e-001
 1.5192711e-001
 1.5236770e-001
 1.5218008e-001
 1.5186743e-001
 1.5116249e-001
 1.5006764e-001
 1.4958681e-001
 1.4990610e-001
 1.4947510e-001
 1.4859241e-001
 1.4839517e-001
 1.4806125e-001
 1.4753151e-001
 1.4725658e-001
 1.4729036e-001
 1.4731272e-001
 1.4722614e-001
 1.4630593e-001
 1.4593695e-001
 1.4592209e-001
 1.4522763e-001
 1.4427415e-001
 1.4338863e-001
 1.4298074e-001
 1.4245872e-001
 1.4191143e-001
 1.4095470e-001
 1.3994527e-001
 1.3844366e-001
 1.3738379e-001
 1.3755573e-001
 1.3729908e-001
 1.3676792e-001
 1.3627167e-001
 1.3544087e-001
 1.3465331e-001
 1.3406400e-001
 1.3306640e-001
 1.3166088e-001
 1.3097200e-001
 1.3060142e-001
 1.2993693e-001
 1.2872151e-001
 1.2737165e-001
 1.2701423e-001
 1.2728181e-001
 1.2715694e-001
 1.2615706e-001
 1.2428553e-001
 1.2395351e-001
 1.2429668e-001
 1.2468307e-001
 1.2583447e-001
 1.2714615e-001
 1.2781261e-001
 1.2833777e-001
 1.2922935e-001
 1.3025130e-001
 1.3045427e-001
 1.3002226e-001
 1.3011542e-001
 1.3052389e-001
 1.3026233e-001
 1.3002147e-001
 1.2991053e-001
 1.2952457e-001
 1.2904094e-001
 1.2866350e-001
 1.2904334e-001
 1.2900987e-001
 1.2806417e-001
 1.2742691e-001
 1.2737550e-001
 1.2726331e-001
 1.2706289e-001
 1.2688506e-001
 1.2663975e-001
 1.2618919e-001
 1.2525654e-001
 1.2404373e-001
 1.2357476e-001
 1.2282994e-001
 1.2222891e-001
 1.2213976e-001
 1.2138104e-001
 1.2080787e-001
 1.2136102e-001
 1.2113447e-001
 1.2030173e-001
 1.2038855e-001
 1.2050834e-001
 1.2066064e-001
 1.2014708e-001
 1.2072325e-001
 1.2202247e-001
 1.2239602e-001
 1.2191352e-001
 1.2246349e-001
 1.2441195e-001
 1.2587954e-001
 1.2601818e-001
 1.2557384e-001
 1.2520216e-001
 1.2553714e-001
 1.2549856e-001
 1.2493157e-001
 1.2489345e-001
 1.2451566e-001
 1.2449265e-001
 1.2420789e-001
 1.2359007e-001
 1.2317098e-001
 1.2277590e-001
 1.2256883e-001
 1.2271316e-001
 1.2214970e-001
 1.2088350e-001
 1.2032412e-001
 1.2016411e-001
 1.1952662e-001
 1.1860551e-001
 1.1797146e-001
 1.1742333e-001
 1.1711610e-001
 1.1842396e-001
 1.2015951e-001
 1.2046662e-001
 1.2083117e-001
 1.2182914e-001
 1.2269097e-001
 1.2314370e-001
 1.2327693e-001
 1.2302875e-001
 1.2301887e-001
 1.2247116e-001
 1.2198203e-001
 1.2189559e-001
 1.2175416e-001
 1.2048329e-001
 1.2021798e-001
 1.1998902e-001
 1.1904535e-001
 1.1809142e-001
 1.1789598e-001
 1.1797994e-001
 1.1785010e-001
 1.1799881e-001
 1.1738158e-001
 1.1666729e-001
 1.1681500e-001
 1.1651795e-001
 1.1588663e-001
 1.1486100e-001
 1.1437821e-001
 1.1460654e-001
 1.1470854e-001
 1.1446673e-001
 1.1378952e-001
 1.1312428e-001
 1.1255243e-001
 1.1287328e-001
 1.1359069e-001
 1.1308136e-001
 1.1289659e-001
 1.1262220e-001
 1.1183986e-001
 1.1161871e-001
 1.1162096e-001
 1.1084829e-001
 1.0996960e-001
 1.0872995e-001
 1.0810617e-001
 1.0807726e-001
 1.0831785e-001
 1.0818221e-001
 1.0757326e-001
 1.0728719e-001
 1.0664698e-001
 1.0542027e-001
 1.0354791e-001
 1.0258320e-001
 1.0345186e-001
 1.0296307e-001
 1.0318670e-001
 1.0241898e-001
 1.0055219e-001
 1.0034709e-001
 9.9747665e-002
 9.7282954e-002
 9.7222097e-002
 9.7467035e-002
 9.7364344e-002
 9.6292242e-002
 9.5264904e-002
 9.4463341e-002
 9.3364730e-002
 9.1965027e-002
 9.1880985e-002
 9.1133468e-002
 8.9544550e-002
 8.9470930e-002
 8.9384034e-002
 8.8317968e-002
 8.7368727e-002
 8.5352376e-002
 8.5924178e-002
 8.5666738e-002
 8.4653258e-002
 8.4940508e-002
 8.4315933e-002
 8.3432712e-002
 8.2736202e-002
 8.2292601e-002
 8.1919938e-002
 8.1588253e-002
 8.1777848e-002
 8.1917308e-002
 8.1322007e-002
 8.0175772e-002
 7.9686925e-002
 8.0472432e-002
 8.1626728e-002
 8.1526399e-002
 8.0355197e-002
 8.0700956e-002
 8.1624135e-002
 8.0843754e-002
 7.9836868e-002
 8.0212258e-002
 8.1039891e-002
 8.1600122e-002
 8.2644179e-002
 8.3740622e-002
 8.4771112e-002
 8.5417934e-002
 8.5680179e-002
 8.5511960e-002
 8.4787868e-002
 8.4767461e-002
 8.6353205e-002
 8.7199353e-002
 8.7026812e-002
 8.6637840e-002
 8.6906224e-002
 8.8216439e-002
 8.9957826e-002
 9.0759620e-002
 8.9320794e-002
 8.7880276e-002
 8.8315919e-002
 8.8645108e-002
 8.8584863e-002
 8.8320732e-002
 8.6799473e-002
 8.7043270e-002
 8.7408163e-002
 8.7252848e-002
 8.6916395e-002
 8.6146943e-002
 8.6311378e-002
 8.5985668e-002
 8.5489906e-002
 8.6029910e-002
 8.6535916e-002
 8.7331235e-002
 8.8748001e-002
 8.8174291e-002
 8.7717511e-002
 8.7465227e-002
 8.7322772e-002
 8.6755268e-002
 8.7136373e-002
 8.7798841e-002
 8.6791806e-002
 8.5375063e-002
 8.5880913e-002
 8.6315632e-002
 8.5901976e-002
 8.5533902e-002
 8.5160770e-002
 8.3584867e-002
 8.3122931e-002
 8.0602229e-002
 7.3701218e-002
 6.1724320e-002
 5.0768152e-002
 5.3868849e-002
 6.4982861e-002
 7.2752178e-002
 7.6681346e-002
 7.8272082e-002
 7.8413934e-002
 7.8119867e-002
 7.7801034e-002
 7.8156732e-002
 7.7622160e-002
 7.5281262e-002
 7.2446249e-002
 7.0756331e-002
 6.9950148e-002
 6.8015166e-002
 6.5419547e-002
 6.2857434e-002
 6.0667153e-002
 5.6189809e-002
 5.0000247e-002
 4.0997956e-002
 3.3976749e-002
 3.5170864e-002
 4.3783057e-002
 5.0673410e-002
 5.3803541e-002
 5.6511573e-002
 5.9128396e-002
 6.0181525e-002
 6.0647562e-002
 6.0750559e-002
 6.0241975e-002
 5.9844930e-002
 5.9573211e-002
 5.9493605e-002
 6.0452849e-002
 5.9714846e-002
 5.9152029e-002
 5.9167616e-002
 5.9136562e-002
 5.9189703e-002
 5.9318066e-002
 5.9816640e-002
 6.0441915e-002
 6.0241602e-002
 6.0189657e-002
 6.0230728e-002
 5.9658680e-002
 5.9139196e-002
 5.8490280e-002
 5.8819070e-002
 5.9221610e-002
 5.8842719e-002
 5.9103802e-002
 5.8515277e-002
 5.8279887e-002
 5.9012812e-002
 5.8284082e-002
 5.7067707e-002
 5.6442995e-002
 5.5879682e-002
 5.6425840e-002
 5.5364534e-002
 5.3780310e-002
 5.3431012e-002
 5.2706808e-002
 5.2319102e-002
 5.2902821e-002
 5.4457158e-002
 5.5889387e-002
 5.6625303e-002
 5.7011876e-002
 5.7016004e-002
 5.7877991e-002
 5.8221400e-002
 5.6658819e-002
 5.5968147e-002
 5.6536388e-002
 5.6472193e-002
 5.4949306e-002
 5.3096958e-002
 5.3132698e-002
 5.2630324e-002
 5.1010456e-002
 4.9984138e-002
 5.0906803e-002
 5.1947795e-002
 5.1486921e-002
 5.0887324e-002
 5.0552450e-002
 5.0176024e-002
 4.9126860e-002
 4.7919881e-002
 4.7219768e-002
 4.7171228e-002
 4.7213059e-002
 4.5668632e-002
 4.5021217e-002
 4.5027573e-002
 4.5051292e-002
 4.3841489e-002
 4.2685259e-002
 4.2139482e-002
 4.2328618e-002
 4.2722702e-002
 4.1461255e-002
 4.0462859e-002
 4.0910564e-002
 4.0370073e-002
 3.8608771e-002
 3.8477361e-002
 3.9326672e-002
 3.8252555e-002
 3.6828946e-002
 3.5511602e-002
 3.5000652e-002
 3.5321143e-002
 3.5445109e-002
 3.4644052e-002
 3.4993261e-002
 3.4720343e-002
 3.3284318e-002
 3.0286200e-002
 2.7542667e-002
 2.6078384e-002
 2.5364233e-002
 2.5362771e-002
 2.4868904e-002
 2.4758978e-002
 2.4677783e-002
 2.4136396e-002
 2.2740666e-002
 1.9550793e-002
 1.6624847e-002
 1.7668184e-002
 1.9226911e-002
 1.8788844e-002
 1.8964229e-002
 1.7947244e-002
 1.5720917e-002
 1.5579128e-002
 1.6575828e-002
 1.5465869e-002
 1.5575022e-002
 1.6921431e-002
 1.7416714e-002
 1.7045045e-002
 1.4761445e-002
 1.4026257e-002
 1.5166355e-002
 1.4683003e-002
 1.4359472e-002
 1.5439561e-002
 1.4864438e-002
 1.4455146e-002
 1.4910675e-002
 1.5472675e-002
 1.5109775e-002
 1.4146492e-002
 1.4738977e-002
 1.5019407e-002
 1.6309481e-002
 1.6643589e-002
 1.4623288e-002
 1.3295115e-002
 1.4649701e-002
 1.3842632e-002
 1.3513471e-002
 1.4891148e-002
 1.4395460e-002
 1.4687235e-002
 1.6845027e-002
 1.6603351e-002
 1.5778063e-002
 1.4794715e-002
 1.4577019e-002
 1.4259255e-002
 1.4035574e-002
 1.5758159e-002
 1.6918076e-002
 1.6134521e-002
 1.6588142e-002
 1.8725865e-002
 1.9681444e-002
 1.9060656e-002
 1.9781753e-002
 1.7728837e-002
 1.5925419e-002
 1.7048528e-002
 1.9241938e-002
 1.8775545e-002
 1.7297147e-002
 1.7796913e-002
 1.8970817e-002
 1.8655540e-002
 1.8102109e-002
 1.7098917e-002
 1.9807810e-002
 2.3781413e-002
 2.2744581e-002
 2.1948071e-002
 2.3252442e-002
 2.6851529e-002
 2.8315298e-002
 2.5264267e-002
 2.3022603e-002
 2.4847031e-002
 2.7245821e-002
 2.7038326e-002
 2.5916012e-002
 2.5199486e-002
 2.6787516e-002
 2.5746539e-002
 2.3847204e-002
 2.4878869e-002
 2.5512164e-002
 2.6844738e-002
 2.9614460e-002
 3.0933104e-002
 2.7967608e-002
 2.5543248e-002
 2.6216505e-002
 2.5513163e-002
 2.4229862e-002
 2.4332225e-002
 2.7526207e-002
 3.0173816e-002
 2.9199831e-002
 2.6300849e-002
 2.5156274e-002
 2.5156919e-002
 2.5739757e-002
 2.6173163e-002
 2.6067832e-002
 2.5202166e-002
 2.3956098e-002
 2.6242524e-002
 2.8881356e-002
 2.6430439e-002
 2.4697650e-002
 2.5929328e-002
 2.7095256e-002
 2.4423832e-002
 2.2396991e-002
 2.4087552e-002
 2.6018228e-002
 2.6426077e-002
 2.7176611e-002
 2.7120231e-002
 2.7000742e-002
 2.5647035e-002
 2.4797391e-002
 2.5848283e-002
 2.6520034e-002
 2.6097884e-002
 2.9238589e-002
 2.8141038e-002
 2.6338657e-002
 2.7661309e-002
 2.6931966e-002
 2.6784880e-002
 2.9736919e-002
 2.9816594e-002
 2.8381785e-002
 2.6731947e-002
 2.6611974e-002
 2.7638473e-002
 2.9954638e-002
 2.8672792e-002
 2.6613485e-002
 2.7351685e-002
 2.8801192e-002
 2.9074438e-002
 2.8772863e-002
 2.8121322e-002
 2.6392471e-002
 2.5617205e-002
 2.7572041e-002
 2.9824775e-002
 3.0880213e-002
 2.9623242e-002
 2.8165590e-002
 2.7637046e-002
 2.7172158e-002
 2.8858131e-002
 2.9725682e-002
 2.8686235e-002
 2.9604888e-002
 2.8557383e-002
 2.7629239e-002
 2.7961086e-002
 2.7636066e-002
 2.5788469e-002
 2.6868716e-002
 2.8725900e-002
 2.7624989e-002
 2.7254641e-002
 2.7862988e-002
 2.7119486e-002
 2.6042867e-002
 2.6065081e-002
 2.5849571e-002
 2.6987521e-002
 2.6739782e-002
 2.4248397e-002
 2.3988064e-002
 2.5397558e-002
 2.3670608e-002
 2.2745192e-002
 2.5420479e-002
 2.5732094e-002
 2.3935093e-002
 2.5059229e-002
 2.7168384e-002
 2.5791824e-002
 2.3722235e-002
 2.5010599e-002
 2.6465489e-002
 2.5824957e-002
 2.3744022e-002
 2.4678400e-002
 2.5414731e-002
 2.2694042e-002
 1.9326221e-002
 1.8273305e-002
 2.0026527e-002
 2.2379206e-002
 2.3086378e-002
 2.2037977e-002
 2.2078693e-002
 2.2498971e-002
 2.1507381e-002
 2.1374704e-002
 2.0947035e-002
 1.9173825e-002
 1.8783454e-002
 2.0250866e-002
 1.9652463e-002
 2.0426055e-002
 2.0744834e-002
 1.9267697e-002
 2.0668421e-002
 2.2075875e-002
 2.2404516e-002
 2.2667360e-002
 2.1667773e-002
 2.0667661e-002
 2.2313895e-002
 2.4568940e-002
 2.1224473e-002
 1.8565014e-002
 2.1391664e-002
 2.1745704e-002
 2.1157449e-002
 2.0586567e-002
 1.8237270e-002
 1.5747465e-002
 1.6315155e-002
 1.6219910e-002
 1.6637698e-002
 1.7684117e-002
 1.8724561e-002
 1.9192988e-002
 1.7424339e-002
 1.6053028e-002
 1.4824986e-002
 1.1940395e-002
 1.2774760e-002
 1.5064992e-002
 1.5613240e-002
 1.5111328e-002
 1.3498177e-002
 1.3615698e-002
 1.5355956e-002
 1.4358424e-002
 1.4494494e-002
 1.4133267e-002
 1.5165804e-002
 1.6006513e-002
 1.3172545e-002
 1.3589959e-002
 1.5656743e-002
 1.4979263e-002
 1.3195790e-002
 1.2336832e-002
 1.4254469e-002
 1.2970504e-002
 1.2096315e-002
 1.1377387e-002
 9.7503653e-003
 1.0388406e-002
 1.0968580e-002
 1.1170645e-002
 1.2350897e-002
 1.3715389e-002
 1.1164445e-002
 8.1399884e-003
 6.2943008e-003
 9.6086888e-003
 1.4309808e-002
 1.2049873e-002
 9.4063748e-003
 1.2303189e-002
 1.3664104e-002
 1.4681294e-002
 1.3171165e-002
 1.1276491e-002
 1.0412304e-002
 1.1705475e-002
 1.3128568e-002
 1.2279363e-002
 1.2280299e-002
 1.2784917e-002
 1.3668932e-002
 8.4468490e-003
 7.7439453e-003
 1.2902155e-002
 1.3267443e-002
 1.0351418e-002
 1.0551645e-002
 1.1413416e-002
 1.0160567e-002
 1.2024506e-002
 1.2041450e-002
 1.2640557e-002
 1.1204419e-002
 8.4706070e-003
 8.8369818e-003
 8.7488350e-003
 1.2340613e-002
 1.5818307e-002
 1.2647579e-002
 1.2292831e-002
 1.2601725e-002
 1.1376828e-002
 8.7457765e-003
 8.7830583e-003
 9.0006376e-003
 9.1934837e-003
 9.2161922e-003
-1.2300000e+034
-1.2300000e+034
-1.2300000e+034
-1.2300000e+034
-1.2300000e+034
-1.2300000e+034
-1.2300000e+034
-1.2300000e+034
-1.2300000e+034
-1.2300000e+034
-1.2300000e+034
-1.2300000e+034
-1.2300000e+034
-1.2300000e+034
-1.2300000e+034
-1.2300000e+034
-1.2300000e+034
-1.2300000e+034
-1.2300000e+034
-1.2300000e+034
-1.2300000e+034
-1.2300000e+034
-1.2300000e+034
-1.2300000e+034
-1.2300000e+034
-1.2300000e+034
-1.2300000e+034
-1.2300000e+034
-1.2300000e+034
-1.2300000e+034
-1.2300000e+034
-1.2300000e+034
-1.2300000e+034
-1.2300000e+034
-1.2300000e+034
-1.2300000e+034
-1.2300000e+034
-1.2300000e+034
-1.2300000e+034
-1.2300000e+034
-1.2300000e+034
-1.2300000e+034
-1.2300000e+034
-1.2300000e+034
-1.2300000e+034
-1.2300000e+034
-1.2300000e+034
-1.2300000e+034
-1.2300000e+034
-1.2300000e+034
-1.2300000e+034
-1.2300000e+034
-1.2300000e+034
-1.2300000e+034
-1.2300000e+034
-1.2300000e+034
-1.2300000e+034
-1.2300000e+034
-1.2300000e+034
-1.2300000e+034
-1.2300000e+034
-1.2300000e+034
-1.2300000e+034
-1.2300000e+034
-1.2300000e+034
-1.2300000e+034
-1.2300000e+034
-1.2300000e+034
-1.2300000e+034
-1.2300000e+034
-1.2300000e+034
-1.2300000e+034
-1.2300000e+034
-1.2300000e+034
-1.2300000e+034
-1.2300000e+034
-1.2300000e+034
-1.2300000e+034
-1.2300000e+034
-1.2300000e+034
-1.2300000e+034
-1.2300000e+034
-1.2300000e+034
-1.2300000e+034
-1.2300000e+034
-1.2300000e+034
-1.2300000e+034
-1.2300000e+034
-1.2300000e+034
-1.2300000e+034
-1.2300000e+034
-1.2300000e+034
-1.2300000e+034
-1.2300000e+034
-1.2300000e+034
-1.2300000e+034
-1.2300000e+034
-1.2300000e+034
-1.2300000e+034
-1.2300000e+034
-1.2300000e+034
-1.2300000e+034
-1.2300000e+034
-1.2300000e+034
-1.2300000e+034
-1.2300000e+034
-1.2300000e+034
-1.2300000e+034
-1.2300000e+034
-1.2300000e+034
-1.2300000e+034
-1.2300000e+034
-1.2300000e+034
-1.2300000e+034
-1.2300000e+034
-1.2300000e+034
-1.2300000e+034
-1.2300000e+034
-1.2300000e+034
-1.2300000e+034
-1.2300000e+034
-1.2300000e+034
-1.2300000e+034
-1.2300000e+034
-1.2300000e+034
-1.2300000e+034
-1.2300000e+034
-1.2300000e+034
-1.2300000e+034
-1.2300000e+034
-1.2300000e+034
-1.2300000e+034
-1.2300000e+034
-1.2300000e+034
-1.2300000e+034
-1.2300000e+034
-1.2300000e+034
-1.2300000e+034
-1.2300000e+034
-1.2300000e+034
-1.2300000e+034
-1.2300000e+034
-1.2300000e+034
-1.2300000e+034
-1.2300000e+034
-1.2300000e+034
-1.2300000e+034
-1.2300000e+034
-1.2300000e+034
-1.2300000e+034
-1.2300000e+034
-1.2300000e+034
-1.2300000e+034
-1.2300000e+034
-1.2300000e+034
-1.2300000e+034
-1.2300000e+034
-1.2300000e+034
-1.2300000e+034
-1.2300000e+034
-1.2300000e+034
-1.2300000e+034
-1.2300000e+034
-1.2300000e+034
-1.2300000e+034
-1.2300000e+034
-1.2300000e+034
-1.2300000e+034
-1.2300000e+034
-1.2300000e+034
-1.2300000e+034
-1.2300000e+034
-1.2300000e+034
-1.2300000e+034
-1.2300000e+034
-1.2300000e+034
-1.2300000e+034
-1.2300000e+034
-1.2300000e+034
-1.2300000e+034
-1.2300000e+034
-1.2300000e+034
-1.2300000e+034
-1.2300000e+034
-1.2300000e+034
-1.2300000e+034
-1.2300000e+034
-1.2300000e+034
-1.2300000e+034
-1.2300000e+034
-1.2300000e+034
-1.2300000e+034
-1.2300000e+034
-1.2300000e+034
-1.2300000e+034
-1.2300000e+034
-1.2300000e+034
-1.2300000e+034
-1.2300000e+034
-1.2300000e+034
-1.2300000e+034
-1.2300000e+034
-1.2300000e+034
-1.2300000e+034
-1.2300000e+034
-1.2300000e+034
-1.2300000e+034
-1.2300000e+034
-1.2300000e+034
-1.2300000e+034
-1.2300000e+034
-1.2300000e+034
-1.2300000e+034
-1.2300000e+034
-1.2300000e+034
-1.2300000e+034
-1.2300000e+034
-1.2300000e+034
-1.2300000e+034
-1.2300000e+034
-1.2300000e+034
-1.2300000e+034
-1.2300000e+034
-1.2300000e+034
-1.2300000e+034
-1.2300000e+034
-1.2300000e+034
-1.2300000e+034
-1.2300000e+034
-1.2300000e+034
-1.2300000e+034
-1.2300000e+034
-1.2300000e+034
-1.2300000e+034
-1.2300000e+034
-1.2300000e+034
-1.2300000e+034
-1.2300000e+034
-1.2300000e+034
-1.2300000e+034
-1.2300000e+034
-1.2300000e+034
-1.2300000e+034
-1.2300000e+034
-1.2300000e+034
-1.2300000e+034
-1.2300000e+034
-1.2300000e+034
-1.2300000e+034
-1.2300000e+034
-1.2300000e+034
-1.2300000e+034
-1.2300000e+034
-1.2300000e+034
-1.2300000e+034
-1.2300000e+034
-1.2300000e+034
-1.2300000e+034
-1.2300000e+034
-1.2300000e+034
-1.2300000e+034
-1.2300000e+034
-1.2300000e+034
-1.2300000e+034
-1.2300000e+034
-1.2300000e+034
-1.2300000e+034
-1.2300000e+034
-1.2300000e+034
-1.2300000e+034
-1.2300000e+034
-1.2300000e+034
-1.2300000e+034
-1.2300000e+034
-1.2300000e+034
-1.2300000e+034
-1.2300000e+034
-1.2300000e+034
-1.2300000e+034
-1.2300000e+034
-1.2300000e+034
-1.2300000e+034
-1.2300000e+034
-1.2300000e+034
-1.2300000e+034
-1.2300000e+034
-1.2300000e+034
-1.2300000e+034
-1.2300000e+034
-1.2300000e+034
-1.2300000e+034
-1.2300000e+034
-1.2300000e+034
-1.2300000e+034
-1.2300000e+034
-1.2300000e+034
-1.2300000e+034
-1.2300000e+034
-1.2300000e+034
-1.2300000e+034
-1.2300000e+034
-1.2300000e+034
-1.2300000e+034
-1.2300000e+034
-1.2300000e+034
-1.2300000e+034
-1.2300000e+034
-1.2300000e+034
-1.2300000e+034
-1.2300000e+034
-1.2300000e+034
-1.2300000e+034
