splib07b Record=23940: Fluorene SA-128333           ASDHRa AREF
 4.8052633e-001
 4.8055586e-001
 4.7707236e-001
 4.7488436e-001
 4.6900481e-001
 4.6076006e-001
 4.5278344e-001
 4.4272181e-001
 4.3153563e-001
 4.2081377e-001
 4.1135198e-001
 4.0120780e-001
 3.9299288e-001
 3.8853881e-001
 3.8757697e-001
 3.8802859e-001
 3.9164647e-001
 3.9906493e-001
 4.0777028e-001
 4.1658834e-001
 4.2635107e-001
 4.3708277e-001
 4.4575980e-001
 4.5340800e-001
 4.5940703e-001
 4.6258071e-001
 4.6281701e-001
 4.6027425e-001
 4.5535895e-001
 4.4887111e-001
 4.4260997e-001
 4.3787709e-001
 4.3643948e-001
 4.4029307e-001
 4.4974935e-001
 4.6597597e-001
 4.8895183e-001
 5.1638186e-001
 5.4828292e-001
 5.8385676e-001
 6.2166733e-001
 6.6010797e-001
 6.9764555e-001
 7.3330939e-001
 7.6624125e-001
 7.9512596e-001
 8.1992239e-001
 8.4131789e-001
 8.6005098e-001
 8.7611270e-001
 8.9082140e-001
 9.0533876e-001
 9.1926861e-001
 9.3235534e-001
 9.4486326e-001
 9.5690566e-001
 9.6708506e-001
 9.7511232e-001
 9.8064905e-001
 9.8339933e-001
 9.8338670e-001
 9.8070616e-001
 9.7565043e-001
 9.6875793e-001
 9.6067661e-001
 9.5221066e-001
 9.4384927e-001
 9.3537945e-001
 9.2768526e-001
 9.2113435e-001
 9.1571420e-001
 9.1157097e-001
 9.0852058e-001
 9.0653026e-001
 9.0575796e-001
 9.0591216e-001
 9.0684879e-001
 9.0843368e-001
 9.1046530e-001
 9.1262591e-001
 9.1462219e-001
 9.1630995e-001
 9.1776127e-001
 9.1846448e-001
 9.1827667e-001
 9.1753024e-001
 9.1623580e-001
 9.1439331e-001
 9.1214120e-001
 9.0980756e-001
 9.0719450e-001
 9.0457445e-001
 9.0232652e-001
 9.0027368e-001
 8.9841431e-001
 8.9677656e-001
 8.9543480e-001
 8.9436454e-001
 8.9349276e-001
 8.9286196e-001
 8.9263201e-001
 8.9244270e-001
 8.9228100e-001
 8.9232105e-001
 8.9260578e-001
 8.9288795e-001
 8.9308339e-001
 8.9332736e-001
 8.9362055e-001
 8.9385796e-001
 8.9398628e-001
 8.9408618e-001
 8.9404106e-001
 8.9389116e-001
 8.9368469e-001
 8.9333338e-001
 8.9305031e-001
 8.9281714e-001
 8.9242005e-001
 8.9201504e-001
 8.9161891e-001
 8.9128739e-001
 8.9106613e-001
 8.9075613e-001
 8.9048165e-001
 8.9042664e-001
 8.9037114e-001
 8.9027172e-001
 8.9016986e-001
 8.9017409e-001
 8.9017606e-001
 8.9014065e-001
 8.9010245e-001
 8.9017504e-001
 8.9024049e-001
 8.9031142e-001
 8.9042413e-001
 8.9049250e-001
 8.9054632e-001
 8.9062577e-001
 8.9073753e-001
 8.9080143e-001
 8.9090425e-001
 8.9103079e-001
 8.9096326e-001
 8.9094073e-001
 8.9103985e-001
 8.9117062e-001
 8.9115143e-001
 8.9108509e-001
 8.9109653e-001
 8.9122176e-001
 8.9128166e-001
 8.9129019e-001
 8.9129275e-001
 8.9127517e-001
 8.9128631e-001
 8.9134073e-001
 8.9140385e-001
 8.9141899e-001
 8.9143360e-001
 8.9149249e-001
 8.9156920e-001
 8.9158010e-001
 8.9158708e-001
 8.9165366e-001
 8.9169383e-001
 8.9177591e-001
 8.9185250e-001
 8.9180666e-001
 8.9175224e-001
 8.9176947e-001
 8.9185852e-001
 8.9187640e-001
 8.9185899e-001
 8.9181399e-001
 8.9177847e-001
 8.9182556e-001
 8.9187968e-001
 8.9186573e-001
 8.9178813e-001
 8.9181775e-001
 8.9188683e-001
 8.9192867e-001
 8.9203840e-001
 8.9220113e-001
 8.9234090e-001
 8.9238018e-001
 8.9243358e-001
 8.9249861e-001
 8.9254946e-001
 8.9255553e-001
 8.9256912e-001
 8.9259088e-001
 8.9261109e-001
 8.9264071e-001
 8.9267093e-001
 8.9272678e-001
 8.9283568e-001
 8.9291084e-001
 8.9295214e-001
 8.9296561e-001
 8.9296049e-001
 8.9299709e-001
 8.9304268e-001
 8.9304453e-001
 8.9308435e-001
 8.9315736e-001
 8.9323765e-001
 8.9327765e-001
 8.9326286e-001
 8.9323276e-001
 8.9321101e-001
 8.9315987e-001
 8.9318699e-001
 8.9324498e-001
 8.9319915e-001
 8.9313668e-001
 8.9310658e-001
 8.9312965e-001
 8.9316642e-001
 8.9322996e-001
 8.9328074e-001
 8.9326882e-001
 8.9321357e-001
 8.9316577e-001
 8.9314991e-001
 8.9316607e-001
 8.9325619e-001
 8.9333242e-001
 8.9336425e-001
 8.9348179e-001
 8.9359075e-001
 8.9365852e-001
 8.9368552e-001
 8.9368737e-001
 8.9373690e-001
 8.9416426e-001
 8.9547026e-001
 8.9700711e-001
 8.9742017e-001
 8.9591676e-001
 8.9442134e-001
 8.9362967e-001
 8.9355779e-001
 8.9351356e-001
 8.9349413e-001
 8.9344084e-001
 8.9336890e-001
 8.9328825e-001
 8.9317775e-001
 8.9302772e-001
 8.9284009e-001
 8.9262348e-001
 8.9235848e-001
 8.9206302e-001
 8.9180881e-001
 8.9165694e-001
 8.9167356e-001
 8.9187849e-001
 8.9219218e-001
 8.9257705e-001
 8.9299268e-001
 8.9338177e-001
 8.9365888e-001
 8.9386094e-001
 8.9402193e-001
 8.9412045e-001
 8.9417195e-001
 8.9419544e-001
 8.9423347e-001
 8.9433002e-001
 8.9441437e-001
 8.9443052e-001
 8.9438534e-001
 8.9437228e-001
 8.9437836e-001
 8.9437455e-001
 8.9437097e-001
 8.9437610e-001
 8.9437693e-001
 8.9435488e-001
 8.9432621e-001
 8.9430553e-001
 8.9428794e-001
 8.9424628e-001
 8.9423615e-001
 8.9426911e-001
 8.9430469e-001
 8.9424521e-001
 8.9418232e-001
 8.9414436e-001
 8.9411670e-001
 8.9413333e-001
 8.9419627e-001
 8.9428312e-001
 8.9433861e-001
 8.9437288e-001
 8.9438164e-001
 8.9436716e-001
 8.9434642e-001
 8.9434165e-001
 8.9437580e-001
 8.9443666e-001
 8.9445108e-001
 8.9446342e-001
 8.9449233e-001
 8.9446521e-001
 8.9443934e-001
 8.9441961e-001
 8.9440548e-001
 8.9445639e-001
 8.9450830e-001
 8.9450389e-001
 8.9445531e-001
 8.9446414e-001
 8.9450812e-001
 8.9451295e-001
 8.9444965e-001
 8.9440662e-001
 8.9441407e-001
 8.9443523e-001
 8.9443350e-001
 8.9442670e-001
 8.9443338e-001
 8.9443374e-001
 8.9438808e-001
 8.9434445e-001
 8.9435714e-001
 8.9436769e-001
 8.9438272e-001
 8.9436841e-001
 8.9430052e-001
 8.9429075e-001
 8.9428592e-001
 8.9425033e-001
 8.9423174e-001
 8.9421904e-001
 8.9421660e-001
 8.9421690e-001
 8.9418197e-001
 8.9412618e-001
 8.9401531e-001
 8.9381534e-001
 8.9367443e-001
 8.9355564e-001
 8.9339793e-001
 8.9319873e-001
 8.9299595e-001
 8.9279646e-001
 8.9254951e-001
 8.9215976e-001
 8.9167303e-001
 8.9108783e-001
 8.9034665e-001
 8.8948274e-001
 8.8849324e-001
 8.8734293e-001
 8.8597292e-001
 8.8445979e-001
 8.8285983e-001
 8.8118511e-001
 8.7946051e-001
 8.7800604e-001
 8.7719089e-001
 8.7736320e-001
 8.7859088e-001
 8.8064992e-001
 8.8312405e-001
 8.8557488e-001
 8.8773406e-001
 8.8945800e-001
 8.9071947e-001
 8.9158869e-001
 8.9229131e-001
 8.9289385e-001
 8.9328659e-001
 8.9362925e-001
 8.9391541e-001
 8.9410603e-001
 8.9419836e-001
 8.9428115e-001
 8.9435923e-001
 8.9438689e-001
 8.9436710e-001
 8.9435661e-001
 8.9436460e-001
 8.9434594e-001
 8.9433342e-001
 8.9433247e-001
 8.9433461e-001
 8.9430445e-001
 8.9421713e-001
 8.9406633e-001
 8.9387894e-001
 8.9370781e-001
 8.9352423e-001
 8.9331585e-001
 8.9309531e-001
 8.9288026e-001
 8.9269441e-001
 8.9253891e-001
 8.9239275e-001
 8.9231914e-001
 8.9235967e-001
 8.9251631e-001
 8.9270067e-001
 8.9289260e-001
 8.9309359e-001
 8.9331752e-001
 8.9353782e-001
 8.9374161e-001
 8.9389664e-001
 8.9398301e-001
 8.9408803e-001
 8.9414966e-001
 8.9412570e-001
 8.9411581e-001
 8.9414257e-001
 8.9421463e-001
 8.9429319e-001
 8.9430255e-001
 8.9428961e-001
 8.9428985e-001
 8.9429784e-001
 8.9427894e-001
 8.9425647e-001
 8.9426446e-001
 8.9430755e-001
 8.9431852e-001
 8.9432663e-001
 8.9434904e-001
 8.9431053e-001
 8.9427412e-001
 8.9423740e-001
 8.9417380e-001
 8.9412224e-001
 8.9407188e-001
 8.9401340e-001
 8.9394665e-001
 8.9389652e-001
 8.9387667e-001
 8.9386129e-001
 8.9378422e-001
 8.9368796e-001
 8.9359498e-001
 8.9351058e-001
 8.9340621e-001
 8.9330971e-001
 8.9324743e-001
 8.9323401e-001
 8.9323825e-001
 8.9321512e-001
 8.9318925e-001
 8.9323854e-001
 8.9330858e-001
 8.9341623e-001
 8.9353955e-001
 8.9360577e-001
 8.9364046e-001
 8.9365470e-001
 8.9365745e-001
 8.9363533e-001
 8.9357394e-001
 8.9352584e-001
 8.9353353e-001
 8.9350301e-001
 8.9345437e-001
 8.9338940e-001
 8.9332235e-001
 8.9331669e-001
 8.9330024e-001
 8.9324099e-001
 8.9318562e-001
 8.9314640e-001
 8.9315629e-001
 8.9320743e-001
 8.9323282e-001
 8.9324164e-001
 8.9325655e-001
 8.9327806e-001
 8.9324963e-001
 8.9320254e-001
 8.9315563e-001
 8.9308184e-001
 8.9289945e-001
 8.9270943e-001
 8.9256370e-001
 8.9244026e-001
 8.9227068e-001
 8.9206535e-001
 8.9182484e-001
 8.9154464e-001
 8.9125741e-001
 8.9091349e-001
 8.9050055e-001
 8.9005101e-001
 8.8948482e-001
 8.8886124e-001
 8.8821846e-001
 8.8748360e-001
 8.8661885e-001
 8.8561565e-001
 8.8447165e-001
 8.8312364e-001
 8.8146460e-001
 8.7945282e-001
 8.7709290e-001
 8.7436616e-001
 8.7118095e-001
 8.6752701e-001
 8.6342341e-001
 8.5874385e-001
 8.5339034e-001
 8.4736705e-001
 8.4075892e-001
 8.3360440e-001
 8.2603091e-001
 8.1819111e-001
 8.1029838e-001
 8.0272585e-001
 7.9591948e-001
 7.9038268e-001
 7.8662610e-001
 7.8502345e-001
 7.8578180e-001
 7.8897661e-001
 7.9449928e-001
 8.0182445e-001
 8.1040400e-001
 8.1960404e-001
 8.2875293e-001
 8.3736908e-001
 8.4517407e-001
 8.5206246e-001
 8.5802084e-001
 8.6308414e-001
 8.6734897e-001
 8.7092894e-001
 8.7388361e-001
 8.7627017e-001
 8.7823498e-001
 8.7988645e-001
 8.8119906e-001
 8.8232857e-001
 8.8327169e-001
 8.8398290e-001
 8.8453299e-001
 8.8498497e-001
 8.8531709e-001
 8.8547784e-001
 8.8551056e-001
 8.8546324e-001
 8.8528687e-001
 8.8488466e-001
 8.8426358e-001
 8.8349742e-001
 8.8255489e-001
 8.8137364e-001
 8.7999105e-001
 8.7836522e-001
 8.7655431e-001
 8.7467742e-001
 8.7278533e-001
 8.7083048e-001
 8.6895543e-001
 8.6732155e-001
 8.6589593e-001
 8.6502504e-001
 8.6478305e-001
 8.6510402e-001
 8.6607015e-001
 8.6771446e-001
 8.6984867e-001
 8.7218052e-001
 8.7460631e-001
 8.7705594e-001
 8.7948769e-001
 8.8176799e-001
 8.8367599e-001
 8.8544625e-001
 8.8708371e-001
 8.8852340e-001
 8.8978314e-001
 8.9078033e-001
 8.9167196e-001
 8.9254594e-001
 8.9319301e-001
 8.9376825e-001
 8.9422917e-001
 8.9456785e-001
 8.9492792e-001
 8.9526385e-001
 8.9549559e-001
 8.9559901e-001
 8.9570969e-001
 8.9589757e-001
 8.9608163e-001
 8.9619792e-001
 8.9631510e-001
 8.9645928e-001
 8.9651465e-001
 8.9656931e-001
 8.9682263e-001
 8.9689004e-001
 8.9698029e-001
 8.9705789e-001
 8.9694715e-001
 8.9700377e-001
 8.9706743e-001
 8.9705569e-001
 8.9699006e-001
 8.9692140e-001
 8.9692134e-001
 8.9678895e-001
 8.9649689e-001
 8.9655125e-001
 8.9632744e-001
 8.9593470e-001
 8.9562243e-001
 8.9520133e-001
 8.9484423e-001
 8.9442700e-001
 8.9391595e-001
 8.9348894e-001
 8.9298576e-001
 8.9248359e-001
 8.9211011e-001
 8.9190102e-001
 8.9163738e-001
 8.9132434e-001
 8.9110231e-001
 8.9104009e-001
 8.9086181e-001
 8.9080787e-001
 8.9073151e-001
 8.9048052e-001
 8.9039773e-001
 8.9020962e-001
 8.9000714e-001
 8.8984329e-001
 8.8950145e-001
 8.8913423e-001
 8.8891304e-001
 8.8874811e-001
 8.8838834e-001
 8.8826227e-001
 8.8827169e-001
 8.8816649e-001
 8.8785887e-001
 8.8785613e-001
 8.8746542e-001
 8.8727665e-001
 8.8709259e-001
 8.8712507e-001
 8.8690621e-001
 8.8660955e-001
 8.8614774e-001
 8.8551611e-001
 8.8489193e-001
 8.8411856e-001
 8.8336295e-001
 8.8272148e-001
 8.8196081e-001
 8.8110113e-001
 8.8039023e-001
 8.7991297e-001
 8.7952119e-001
 8.7928736e-001
 8.7939203e-001
 8.7935615e-001
 8.7930149e-001
 8.7931687e-001
 8.7946844e-001
 8.7949866e-001
 8.7949151e-001
 8.7949228e-001
 8.7949330e-001
 8.7940437e-001
 8.7939155e-001
 8.7954915e-001
 8.7979627e-001
 8.8010758e-001
 8.8053340e-001
 8.8110149e-001
 8.8169473e-001
 8.8234246e-001
 8.8305545e-001
 8.8395607e-001
 8.8472080e-001
 8.8550687e-001
 8.8623482e-001
 8.8681817e-001
 8.8723660e-001
 8.8755405e-001
 8.8777214e-001
 8.8790882e-001
 8.8813794e-001
 8.8828748e-001
 8.8842791e-001
 8.8846433e-001
 8.8840985e-001
 8.8836122e-001
 8.8821250e-001
 8.8817358e-001
 8.8811505e-001
 8.8804269e-001
 8.8813382e-001
 8.8830471e-001
 8.8863832e-001
 8.8913572e-001
 8.8960946e-001
 8.9006585e-001
 8.9055717e-001
 8.9106965e-001
 8.9158875e-001
 8.9216918e-001
 8.9268756e-001
 8.9330131e-001
 8.9366651e-001
 8.9391750e-001
 8.9406329e-001
 8.9407051e-001
 8.9402533e-001
 8.9399040e-001
 8.9395809e-001
 8.9389455e-001
 8.9376211e-001
 8.9356035e-001
 8.9330554e-001
 8.9304537e-001
 8.9278066e-001
 8.9240241e-001
 8.9198786e-001
 8.9151859e-001
 8.9097577e-001
 8.9034963e-001
 8.8963944e-001
 8.8884437e-001
 8.8800412e-001
 8.8711292e-001
 8.8620317e-001
 8.8530678e-001
 8.8424098e-001
 8.8303590e-001
 8.8186282e-001
 8.8058996e-001
 8.7918222e-001
 8.7775493e-001
 8.7611049e-001
 8.7431967e-001
 8.7236106e-001
 8.7022555e-001
 8.6783504e-001
 8.6521381e-001
 8.6229438e-001
 8.5911697e-001
 8.5580641e-001
 8.5218889e-001
 8.4835547e-001
 8.4441888e-001
 8.4011191e-001
 8.3544135e-001
 8.3043581e-001
 8.2496327e-001
 8.1908488e-001
 8.1272495e-001
 8.0575526e-001
 7.9814261e-001
 7.8984439e-001
 7.8070670e-001
 7.7085263e-001
 7.6031238e-001
 7.4904126e-001
 7.3708189e-001
 7.2430032e-001
 7.1078575e-001
 6.9657481e-001
 6.8136740e-001
 6.6532582e-001
 6.4854544e-001
 6.3112062e-001
 6.1359042e-001
 5.9559673e-001
 5.7746512e-001
 5.5973035e-001
 5.4255599e-001
 5.2614284e-001
 5.1121348e-001
 4.9812409e-001
 4.8715448e-001
 4.7898158e-001
 4.7403106e-001
 4.7232464e-001
 4.7398996e-001
 4.7889182e-001
 4.8706958e-001
 4.9796000e-001
 5.1096684e-001
 5.2476603e-001
 5.4032207e-001
 5.5643833e-001
 5.7246059e-001
 5.8803475e-001
 6.0330981e-001
 6.1761487e-001
 6.3121188e-001
 6.4409614e-001
 6.5609837e-001
 6.6753274e-001
 6.7825937e-001
 6.8832940e-001
 6.9780153e-001
 7.0645618e-001
 7.1428239e-001
 7.2129261e-001
 7.2759497e-001
 7.3304778e-001
 7.3802185e-001
 7.4229330e-001
 7.4617004e-001
 7.4971348e-001
 7.5290728e-001
 7.5582349e-001
 7.5846320e-001
 7.6069951e-001
 7.6248586e-001
 7.6380461e-001
 7.6455593e-001
 7.6471728e-001
 7.6421362e-001
 7.6294309e-001
 7.6102054e-001
 7.5814646e-001
 7.5456148e-001
 7.4983716e-001
 7.4422830e-001
 7.3751569e-001
 7.2967005e-001
 7.2089911e-001
 7.1144354e-001
 7.0162261e-001
 6.9191110e-001
 6.8265224e-001
 6.7418671e-001
 6.6683561e-001
 6.6071236e-001
 6.5620494e-001
 6.5334350e-001
 6.5197676e-001
 6.5237081e-001
 6.5452492e-001
 6.5820414e-001
 6.6374099e-001
 6.7038500e-001
 6.7897773e-001
 6.8787825e-001
 6.9801015e-001
 7.0853806e-001
 7.1912569e-001
 7.2958320e-001
 7.3965919e-001
 7.4921393e-001
 7.5832915e-001
 7.6683658e-001
 7.7473682e-001
 7.8206283e-001
 7.8867263e-001
 7.9467684e-001
 8.0009729e-001
 8.0495644e-001
 8.0939597e-001
 8.1337935e-001
 8.1692469e-001
 8.1994790e-001
 8.2263887e-001
 8.2492286e-001
 8.2680225e-001
 8.2835865e-001
 8.2966560e-001
 8.3077443e-001
 8.3179396e-001
 8.3282155e-001
 8.3395499e-001
 8.3528191e-001
 8.3674371e-001
 8.3823216e-001
 8.3975643e-001
 8.4127384e-001
 8.4271073e-001
 8.4404922e-001
 8.4537488e-001
 8.4650707e-001
 8.4752554e-001
 8.4840101e-001
 8.4915990e-001
 8.4974080e-001
 8.5018635e-001
 8.5042626e-001
 8.5046744e-001
 8.5038823e-001
 8.5023040e-001
 8.4996247e-001
 8.4969658e-001
 8.4948468e-001
 8.4927398e-001
 8.4913605e-001
 8.4902519e-001
 8.4893852e-001
 8.4878862e-001
 8.4863615e-001
 8.4838623e-001
 8.4801573e-001
 8.4771490e-001
 8.4732354e-001
 8.4710860e-001
 8.4693646e-001
 8.4690976e-001
 8.4699798e-001
 8.4717345e-001
 8.4749562e-001
 8.4799719e-001
 8.4871030e-001
 8.4965479e-001
 8.5084647e-001
 8.5228837e-001
 8.5389197e-001
 8.5560870e-001
 8.5732216e-001
 8.5890430e-001
 8.6019820e-001
 8.6142170e-001
 8.6217451e-001
 8.6259961e-001
 8.6271244e-001
 8.6239207e-001
 8.6191857e-001
 8.6110216e-001
 8.6023557e-001
 8.5915083e-001
 8.5800332e-001
 8.5674739e-001
 8.5535461e-001
 8.5383970e-001
 8.5215431e-001
 8.5037971e-001
 8.4845346e-001
 8.4642142e-001
 8.4447414e-001
 8.4262013e-001
 8.4084177e-001
 8.3926779e-001
 8.3784986e-001
 8.3663774e-001
 8.3559096e-001
 8.3476168e-001
 8.3417565e-001
 8.3374864e-001
 8.3369470e-001
 8.3343840e-001
 8.3348507e-001
 8.3307087e-001
 8.3256948e-001
 8.3161259e-001
 8.3035660e-001
 8.2871628e-001
 8.2665998e-001
 8.2440817e-001
 8.2210016e-001
 8.1983650e-001
 8.1779730e-001
 8.1600547e-001
 8.1447667e-001
 8.1326729e-001
 8.1234413e-001
 8.1180376e-001
 8.1132054e-001
 8.1120414e-001
 8.1088018e-001
 8.1081647e-001
 8.1024867e-001
 8.0971587e-001
 8.0851537e-001
 8.0702031e-001
 8.0490321e-001
 8.0220264e-001
 7.9916406e-001
 7.9546750e-001
 7.9176611e-001
 7.8769797e-001
 7.8363091e-001
 7.7963746e-001
 7.7590412e-001
 7.7256399e-001
 7.6968598e-001
 7.6731396e-001
 7.6532030e-001
 7.6370507e-001
 7.6241052e-001
 7.6140112e-001
 7.6066315e-001
 7.6026893e-001
 7.6015425e-001
 7.6040310e-001
 7.6105154e-001
 7.6186746e-001
 7.6317394e-001
 7.6428825e-001
 7.6579255e-001
 7.6672566e-001
 7.6770073e-001
 7.6795685e-001
 7.6784086e-001
 7.6711321e-001
 7.6581192e-001
 7.6406789e-001
 7.6186121e-001
 7.5939959e-001
 7.5678074e-001
 7.5405920e-001
 7.5134808e-001
 7.4871618e-001
 7.4625486e-001
 7.4395519e-001
 7.4187547e-001
 7.4001777e-001
 7.3821533e-001
 7.3665100e-001
 7.3485607e-001
 7.3326635e-001
 7.3106903e-001
 7.2870684e-001
 7.2581971e-001
 7.2226894e-001
 7.1890527e-001
 7.1480244e-001
 7.1176565e-001
 7.0855153e-001
 7.0683348e-001
 7.0594585e-001
 7.0606416e-001
 7.0774537e-001
 7.0935887e-001
 7.1183008e-001
 7.1429932e-001
 7.1651584e-001
 7.1816146e-001
 7.1904540e-001
 7.1910506e-001
 7.1824777e-001
 7.1666849e-001
 7.1426749e-001
 7.1110719e-001
 7.0720720e-001
 7.0237309e-001
 6.9730932e-001
 6.9119340e-001
 6.8578374e-001
 6.7959994e-001
 6.7519432e-001
 6.7090404e-001
 6.6875654e-001
 6.6791582e-001
 6.6864389e-001
 6.7138571e-001
 6.7454255e-001
 6.7966413e-001
 6.8401718e-001
 6.8933105e-001
 6.9344711e-001
 6.9743943e-001
 7.0028794e-001
 7.0226943e-001
 7.0349860e-001
 7.0371962e-001
 7.0336741e-001
 7.0253271e-001
 7.0155948e-001
 7.0078981e-001
 7.0048958e-001
 7.0092142e-001
 7.0218349e-001
 7.0428634e-001
 7.0698458e-001
 7.1009278e-001
 7.1337301e-001
 7.1626717e-001
 7.1927661e-001
 7.2167194e-001
 7.2367042e-001
 7.2547334e-001
 7.2684234e-001
 7.2828037e-001
 7.2946763e-001
 7.3081666e-001
 7.3211646e-001
 7.3351151e-001
 7.3501205e-001
 7.3646271e-001
 7.3801529e-001
 7.3939180e-001
 7.4085015e-001
 7.4193996e-001
 7.4290597e-001
 7.4349880e-001
 7.4377006e-001
 7.4376309e-001
 7.4330270e-001
 7.4283093e-001
 7.4209785e-001
 7.4130595e-001
 7.4056643e-001
 7.3994583e-001
 7.3945314e-001
 7.3916924e-001
 7.3919630e-001
 7.3955852e-001
 7.4029982e-001
 7.4146342e-001
 7.4301726e-001
 7.4484479e-001
 7.4693650e-001
 7.4916375e-001
 7.5135905e-001
 7.5350022e-001
 7.5546861e-001
 7.5735980e-001
 7.5903237e-001
 7.6059681e-001
 7.6188344e-001
 7.6298797e-001
 7.6380825e-001
 7.6437283e-001
 7.6469582e-001
 7.6469564e-001
 7.6462126e-001
 7.6420611e-001
 7.6393890e-001
 7.6350230e-001
 7.6332575e-001
 7.6319337e-001
 7.6330763e-001
 7.6362765e-001
 7.6407963e-001
 7.6471710e-001
 7.6547706e-001
 7.6633942e-001
 7.6740503e-001
 7.6859736e-001
 7.7003670e-001
 7.7174252e-001
 7.7358156e-001
 7.7564150e-001
 7.7785373e-001
 7.8014636e-001
 7.8234500e-001
 7.8444386e-001
 7.8638041e-001
 7.8808278e-001
 7.8957063e-001
 7.9088753e-001
 7.9202735e-001
 7.9298681e-001
 7.9382622e-001
 7.9447776e-001
 7.9498369e-001
 7.9534721e-001
 7.9552382e-001
 7.9559815e-001
 7.9561239e-001
 7.9558194e-001
 7.9555577e-001
 7.9557770e-001
 7.9565334e-001
 7.9586375e-001
 7.9618502e-001
 7.9657215e-001
 7.9711050e-001
 7.9759640e-001
 7.9816228e-001
 7.9860228e-001
 7.9901230e-001
 7.9936701e-001
 7.9957581e-001
 7.9993963e-001
 8.0024564e-001
 8.0079126e-001
 8.0145693e-001
 8.0228758e-001
 8.0340618e-001
 8.0440360e-001
 8.0559707e-001
 8.0651629e-001
 8.0737859e-001
 8.0799049e-001
 8.0840319e-001
 8.0865622e-001
 8.0865139e-001
 8.0861837e-001
 8.0843031e-001
 8.0823767e-001
 8.0801803e-001
 8.0768442e-001
 8.0728239e-001
 8.0677599e-001
 8.0611223e-001
 8.0544066e-001
 8.0462337e-001
 8.0392146e-001
 8.0311179e-001
 8.0258459e-001
 8.0217373e-001
 8.0198395e-001
 8.0205017e-001
 8.0226320e-001
 8.0259413e-001
 8.0300581e-001
 8.0343080e-001
 8.0375165e-001
 8.0394465e-001
 8.0397671e-001
 8.0385512e-001
 8.0366820e-001
 8.0344218e-001
 8.0322462e-001
 8.0302125e-001
 8.0279779e-001
 8.0249667e-001
 8.0204141e-001
 8.0136138e-001
 8.0041111e-001
 7.9922307e-001
 7.9774952e-001
 7.9603535e-001
 7.9418623e-001
 7.9219353e-001
 7.9015589e-001
 7.8806078e-001
 7.8581774e-001
 7.8333938e-001
 7.8047466e-001
 7.7721614e-001
 7.7356178e-001
 7.6945043e-001
 7.6503158e-001
 7.6041359e-001
 7.5571775e-001
 7.5113523e-001
 7.4672455e-001
 7.4261105e-001
 7.3879838e-001
 7.3530382e-001
 7.3215789e-001
 7.2925788e-001
 7.2652096e-001
 7.2385591e-001
 7.2110087e-001
 7.1821445e-001
 7.1510023e-001
 7.1169382e-001
 7.0805305e-001
 7.0420009e-001
 7.0017374e-001
 6.9598669e-001
 6.9158792e-001
 6.8689609e-001
 6.8181396e-001
 6.7610073e-001
 6.6960120e-001
 6.6210300e-001
 6.5351945e-001
 6.4362115e-001
 6.3225257e-001
 6.1955565e-001
 6.0561597e-001
 5.9045959e-001
 5.7444143e-001
 5.5780709e-001
 5.4093921e-001
 5.2442664e-001
 5.0843203e-001
 4.9348670e-001
 4.7974792e-001
 4.6728942e-001
 4.5641419e-001
 4.4720620e-001
 4.3955579e-001
 4.3353206e-001
 4.2897829e-001
 4.2565867e-001
 4.2338142e-001
 4.2203802e-001
 4.2148763e-001
 4.2193449e-001
 4.2335656e-001
 4.2587781e-001
 4.2972019e-001
 4.3442112e-001
 4.3972161e-001
 4.4489792e-001
 4.4920149e-001
 4.5191607e-001
 4.5250574e-001
 4.5051768e-001
 4.4562733e-001
 4.3811017e-001
 4.2820698e-001
 4.1588509e-001
 4.0163085e-001
 3.8554975e-001
 3.6806583e-001
 3.4978202e-001
 3.3080009e-001
 3.1197000e-001
 2.9372382e-001
 2.7624336e-001
 2.6016346e-001
 2.4541995e-001
 2.3196949e-001
 2.1977252e-001
 2.0843647e-001
 1.9806413e-001
 1.8835513e-001
 1.7940837e-001
 1.7156801e-001
 1.6493504e-001
 1.5966308e-001
 1.5577389e-001
 1.5329188e-001
 1.5195838e-001
 1.5151221e-001
 1.5195926e-001
 1.5318693e-001
 1.5532918e-001
 1.5840317e-001
 1.6254276e-001
 1.6799200e-001
 1.7456861e-001
 1.8233979e-001
 1.9125648e-001
 2.0097017e-001
 2.1124709e-001
 2.2180586e-001
 2.3223881e-001
 2.4239714e-001
 2.5203863e-001
 2.6096758e-001
 2.6946223e-001
 2.7741191e-001
 2.8515545e-001
 2.9296845e-001
 3.0085650e-001
 3.0915141e-001
 3.1751016e-001
 3.2596090e-001
 3.3402744e-001
 3.4104517e-001
 3.4650105e-001
 3.4991941e-001
 3.5114759e-001
 3.4991145e-001
 3.4713310e-001
 3.4324390e-001
 3.3942491e-001
 3.3683246e-001
 3.3612362e-001
 3.3824590e-001
 3.4280136e-001
 3.5000098e-001
 3.5871005e-001
 3.6820275e-001
 3.7795442e-001
 3.8681981e-001
 3.9486748e-001
 4.0167016e-001
 4.0745792e-001
 4.1245326e-001
 4.1679677e-001
 4.2073157e-001
 4.2459932e-001
 4.2833731e-001
 4.3207330e-001
 4.3564096e-001
 4.3909743e-001
 4.4230956e-001
 4.4513625e-001
 4.4743544e-001
 4.4894570e-001
 4.4938323e-001
 4.4863251e-001
 4.4627395e-001
 4.4190860e-001
 4.3553153e-001
 4.2674881e-001
 4.1579986e-001
 4.0266868e-001
 3.8839331e-001
 3.7358648e-001
 3.5963053e-001
 3.4783581e-001
 3.3873892e-001
 3.3373806e-001
 3.3223382e-001
 3.3479506e-001
 3.4007439e-001
 3.4698319e-001
 3.5445318e-001
 3.6098471e-001
 3.6616620e-001
 3.6894101e-001
 3.6932832e-001
 3.6690298e-001
 3.6208299e-001
 3.5511234e-001
 3.4678379e-001
 3.3739281e-001
 3.2819533e-001
 3.1999168e-001
 3.1362095e-001
 3.1040072e-001
 3.1027332e-001
 3.1381458e-001
 3.2021323e-001
 3.3033505e-001
 3.4009409e-001
 3.5223532e-001
 3.6312625e-001
 3.7435234e-001
 3.8443965e-001
 3.9379945e-001
 4.0262979e-001
 4.1059008e-001
 4.1831192e-001
 4.2569867e-001
 4.3269515e-001
 4.3921387e-001
 4.4511423e-001
 4.5036742e-001
 4.5489299e-001
 4.5891383e-001
 4.6248946e-001
 4.6611756e-001
 4.7005263e-001
 4.7445631e-001
 4.7983497e-001
 4.8585764e-001
 4.9283913e-001
 5.0008357e-001
 5.0734967e-001
 5.1425040e-001
 5.2004910e-001
 5.2485448e-001
 5.2826494e-001
 5.3052843e-001
 5.3121680e-001
 5.3185225e-001
 5.3136289e-001
 5.3131992e-001
 5.3105539e-001
 5.3113073e-001
 5.3148854e-001
 5.3182757e-001
 5.3255284e-001
 5.3270763e-001
 5.3288603e-001
 5.3228968e-001
 5.3113008e-001
 5.2952516e-001
 5.2721167e-001
 5.2463907e-001
 5.2193546e-001
 5.1933765e-001
 5.1696378e-001
 5.1529396e-001
 5.1428598e-001
 5.1415873e-001
 5.1472867e-001
 5.1607811e-001
 5.1778042e-001
 5.1972079e-001
 5.2180040e-001
 5.2539587e-001
 5.2619082e-001
 5.2756399e-001
 5.2864748e-001
 5.2978826e-001
 5.3114980e-001
 5.3276849e-001
 5.3470981e-001
 5.3673285e-001
 5.3919655e-001
 5.4147607e-001
 5.4391509e-001
 5.4596192e-001
 5.4768258e-001
 5.4911000e-001
 5.4994440e-001
 5.5033469e-001
 5.5048180e-001
 5.5012238e-001
 5.4964024e-001
 5.4894006e-001
 5.4817402e-001
 5.4734874e-001
 5.4641581e-001
 5.4551107e-001
 5.4440910e-001
 5.4311645e-001
 5.4191434e-001
 5.4072231e-001
 5.3967971e-001
 5.3841960e-001
 5.3716069e-001
 5.3564566e-001
 5.3372663e-001
 5.3160572e-001
 5.2914387e-001
 5.2636302e-001
 5.2356565e-001
 5.2077031e-001
 5.1891267e-001
 5.1732004e-001
 5.1688170e-001
 5.1787645e-001
 5.1955014e-001
 5.2289009e-001
 5.2638024e-001
 5.3027672e-001
 5.3441191e-001
 5.3805888e-001
 5.4171467e-001
 5.4498589e-001
 5.4785043e-001
 5.5049735e-001
 5.5278182e-001
 5.5493313e-001
 5.5682701e-001
 5.5863029e-001
 5.6037021e-001
 5.6210536e-001
 5.6353718e-001
 5.6491345e-001
 5.6589907e-001
 5.6645298e-001
 5.6668288e-001
 5.6649852e-001
 5.6604773e-001
 5.6511360e-001
 5.6403011e-001
 5.6268007e-001
 5.6113607e-001
 5.5972600e-001
 5.5814910e-001
 5.5677307e-001
 5.5562520e-001
 5.5458647e-001
 5.5386961e-001
 5.5314791e-001
 5.5249023e-001
 5.5184495e-001
 5.5116123e-001
 5.5043995e-001
 5.4979378e-001
 5.4935908e-001
 5.4874951e-001
 5.4830569e-001
 5.4750061e-001
 5.4671800e-001
 5.4529387e-001
 5.4342967e-001
 5.4098243e-001
 5.3750432e-001
 5.3364909e-001
 5.2911055e-001
 5.2402186e-001
 5.1951134e-001
 5.1441932e-001
 5.1040083e-001
 5.0694221e-001
 5.0468278e-001
 5.0364798e-001
 5.0361621e-001
 5.0553125e-001
 5.0793403e-001
 5.1125783e-001
 5.1544762e-001
 5.1878226e-001
 5.2273154e-001
 5.2527285e-001
 5.2672082e-001
 5.2704889e-001
 5.2528596e-001
 5.2321738e-001
 5.1918602e-001
 5.1573145e-001
 5.1156712e-001
 5.0846547e-001
 5.0718999e-001
 5.0616932e-001
 5.0724673e-001
 5.1055855e-001
 5.1511592e-001
 5.2249348e-001
 5.2991259e-001
 5.3904516e-001
 5.4748958e-001
 5.5594474e-001
 5.6338108e-001
 5.6959438e-001
 5.7480276e-001
 5.7884878e-001
 5.8137518e-001
 5.8332551e-001
 5.8411795e-001
 5.8467853e-001
 5.8478689e-001
 5.8468026e-001
 5.8439368e-001
 5.8395046e-001
 5.8328116e-001
 5.8251458e-001
 5.8162922e-001
 5.8068711e-001
 5.7973301e-001
 5.7865322e-001
 5.7761180e-001
 5.7655078e-001
 5.7552725e-001
 5.7467645e-001
 5.7371676e-001
 5.7282209e-001
 5.7183760e-001
 5.7044935e-001
 5.6915480e-001
 5.6785709e-001
 5.6658685e-001
 5.6542856e-001
 5.6433922e-001
 5.6341094e-001
 5.6259584e-001
 5.6187284e-001
 5.6150490e-001
 5.6099325e-001
 5.6049800e-001
 5.5986154e-001
 5.5916792e-001
 5.5827063e-001
 5.5720246e-001
 5.5586940e-001
 5.5422056e-001
 5.5234259e-001
 5.5017024e-001
 5.4756683e-001
 5.4490137e-001
 5.4185122e-001
 5.3891605e-001
 5.3561431e-001
 5.3283131e-001
 5.2994049e-001
 5.2785438e-001
 5.2664095e-001
 5.2617162e-001
 5.2688462e-001
 5.2835655e-001
 5.2998704e-001
 5.3284019e-001
 5.3506327e-001
 5.3743833e-001
 5.3892392e-001
 5.3970039e-001
 5.3959036e-001
 5.3803879e-001
 5.3608382e-001
 5.3274453e-001
 5.2945095e-001
 5.2521157e-001
 5.2156967e-001
 5.1852840e-001
 5.1582718e-001
 5.1451141e-001
 5.1451588e-001
 5.1530516e-001
 5.1789153e-001
 5.2041423e-001
 5.2389276e-001
 5.2694499e-001
 5.2967834e-001
 5.3194880e-001
 5.3365278e-001
 5.3480512e-001
 5.3516823e-001
 5.3504860e-001
 5.3442240e-001
 5.3326517e-001
 5.3181499e-001
 5.2980572e-001
 5.2772719e-001
 5.2505392e-001
 5.2269512e-001
 5.2014250e-001
 5.1819068e-001
 5.1671356e-001
 5.1582289e-001
 5.1594436e-001
 5.1638383e-001
 5.1775604e-001
 5.1914388e-001
 5.2071911e-001
 5.2250659e-001
 5.2358431e-001
 5.2440351e-001
 5.2465773e-001
 5.2403051e-001
 5.2310735e-001
 5.2152312e-001
 5.1989645e-001
 5.1775217e-001
 5.1582682e-001
 5.1403123e-001
 5.1244092e-001
 5.1122987e-001
 5.1020163e-001
 5.0953311e-001
 5.0902981e-001
 5.0855148e-001
 5.0821692e-001
 5.0767916e-001
 5.0705057e-001
 5.0621456e-001
 5.0517237e-001
 5.0393647e-001
 5.0251889e-001
 5.0083387e-001
 4.9897483e-001
 4.9683645e-001
 4.9425930e-001
 4.9158463e-001
 4.8837703e-001
 4.8526418e-001
 4.8232368e-001
 4.7929338e-001
 4.7651741e-001
 4.7406384e-001
 4.7184163e-001
 4.6985903e-001
 4.6805367e-001
 4.6653715e-001
 4.6511608e-001
 4.6386150e-001
 4.6265003e-001
 4.6169862e-001
 4.6058339e-001
 4.5963871e-001
 4.5830920e-001
 4.5664319e-001
 4.5462567e-001
 4.5225430e-001
 4.4941968e-001
 4.4608343e-001
 4.4230872e-001
 4.3813747e-001
 4.3353772e-001
 4.2877781e-001
 4.2366314e-001
 4.1857100e-001
 4.1312039e-001
 4.0788031e-001
 4.0296185e-001
 3.9807138e-001
 3.9358908e-001
 3.8892010e-001
 3.8448161e-001
 3.7954968e-001
 3.7456155e-001
 3.6885673e-001
 3.6253607e-001
 3.5540140e-001
 3.4730569e-001
 3.3838505e-001
 3.2851988e-001
 3.1772730e-001
 3.0645666e-001
 2.9437068e-001
 2.8200364e-001
 2.6894662e-001
 2.5601473e-001
 2.4261209e-001
 2.2972158e-001
 2.1676509e-001
 2.0480052e-001
 1.9366658e-001
 1.8344651e-001
 1.7466658e-001
 1.6661280e-001
 1.5948981e-001
 1.5307322e-001
 1.4716364e-001
 1.4215396e-001
 1.3772473e-001
 1.3399793e-001
 1.3097373e-001
 1.2875308e-001
 1.2750979e-001
 1.2710793e-001
 1.2763202e-001
 1.2945105e-001
 1.3175373e-001
 1.3537663e-001
 1.3878730e-001
 1.4281137e-001
 1.4623307e-001
 1.4909801e-001
 1.5139325e-001
 1.5286762e-001
 1.5373541e-001
 1.5384166e-001
 1.5342076e-001
 1.5224133e-001
 1.5066752e-001
 1.4854661e-001
 1.4611156e-001
 1.4327815e-001
 1.4046006e-001
 1.3780610e-001
 1.3552506e-001
 1.3458665e-001
 1.3434780e-001
 1.3557449e-001
 1.3843866e-001
 1.4242755e-001
 1.4848050e-001
 1.5477744e-001
 1.6267203e-001
 1.7005160e-001
 1.7735505e-001
 1.8404241e-001
 1.8958832e-001
 1.9485664e-001
 1.9901310e-001
 2.0317319e-001
 2.0720142e-001
 2.1112348e-001
 2.1583730e-001
 2.2002268e-001
 2.2393046e-001
 2.2760808e-001
 2.2996472e-001
 2.3134971e-001
 2.3134926e-001
 2.3028687e-001
 2.2822456e-001
 2.2537044e-001
 2.2277054e-001
 2.1945509e-001
 2.1682006e-001
 2.1479407e-001
 2.1322769e-001
 2.1269672e-001
 2.1225719e-001
 2.1240520e-001
 2.1246684e-001
 2.1227495e-001
 2.1225493e-001
 2.1173306e-001
 2.1178238e-001
 2.1194902e-001
 2.1287940e-001
 2.1466619e-001
 2.1717782e-001
 2.2092287e-001
 2.2517525e-001
 2.3007132e-001
 2.3563831e-001
 2.4145836e-001
 2.4729744e-001
 2.5294569e-001
 2.5851116e-001
 2.6378182e-001
 2.6868021e-001
 2.7334383e-001
 2.7753499e-001
 2.8122959e-001
 2.8439632e-001
 2.8725812e-001
 2.8951463e-001
 2.9170719e-001
 2.9360348e-001
 2.9555526e-001
 2.9753995e-001
 2.9953596e-001
 3.0172890e-001
 3.0385283e-001
 3.0589736e-001
 3.0800804e-001
 3.0981091e-001
 3.1194898e-001
 3.1413326e-001
 3.1677204e-001
 3.1999898e-001
 3.2351819e-001
 3.2805240e-001
 3.3240491e-001
 3.3727953e-001
 3.4166899e-001
 3.4560150e-001
 3.4889162e-001
 3.5133857e-001
 3.5309735e-001
 3.5402822e-001
 3.5421282e-001
 3.5375249e-001
 3.5252696e-001
 3.5083768e-001
 3.4853151e-001
 3.4546751e-001
 3.4194520e-001
 3.3789212e-001
 3.3313322e-001
 3.2790059e-001
 3.2196313e-001
 3.1583697e-001
 3.0898133e-001
 3.0237019e-001
 2.9572630e-001
 2.8949723e-001
 2.8349960e-001
 2.7813709e-001
 2.7323616e-001
 2.6910162e-001
 2.6590857e-001
 2.6327014e-001
 2.6183510e-001
 2.6048771e-001
 2.5990847e-001
 2.5899810e-001
 2.5798580e-001
 2.5650030e-001
 2.5434384e-001
 2.5184003e-001
 2.4834359e-001
 2.4488777e-001
 2.4119551e-001
 2.3756777e-001
 2.3385327e-001
 2.3060997e-001
 2.2737959e-001
 2.2481327e-001
 2.2303230e-001
 2.2196701e-001
 2.2189985e-001
 2.2236118e-001
 2.2400697e-001
 2.2579561e-001
 2.2841789e-001
 2.3076107e-001
 2.3279370e-001
 2.3464897e-001
 2.3542687e-001
 2.3542371e-001
 2.3434877e-001
 2.3213662e-001
 2.2911987e-001
 2.2513451e-001
 2.2027314e-001
 2.1478784e-001
 2.0888038e-001
 2.0247142e-001
 1.9579978e-001
 1.8871097e-001
 1.8165152e-001
 1.7413026e-001
 1.6700125e-001
 1.5993764e-001
 1.5368469e-001
 1.4767900e-001
 1.4308327e-001
 1.3925759e-001
 1.3750263e-001
 1.3779885e-001
 1.3981614e-001
 1.4487943e-001
 1.5058205e-001
 1.5825862e-001
 1.6569327e-001
 1.7393868e-001
 1.8109411e-001
 1.8751003e-001
 1.9263940e-001
 1.9619921e-001
 1.9842869e-001
 1.9907394e-001
 1.9849449e-001
 1.9621082e-001
 1.9305257e-001
 1.8829902e-001
 1.8323275e-001
 1.7724378e-001
 1.7131479e-001
 1.6518660e-001
 1.5941130e-001
 1.5386127e-001
 1.4873467e-001
 1.4432417e-001
 1.4019819e-001
 1.3671164e-001
 1.3331124e-001
 1.3011716e-001
 1.2703685e-001
 1.2361480e-001
 1.2073248e-001
 1.1789998e-001
 1.1587142e-001
 1.1442924e-001
 1.1401436e-001
 1.1489698e-001
 1.1650891e-001
 1.1977771e-001
 1.2320997e-001
 1.2750787e-001
 1.3149250e-001
 1.3562548e-001
 1.3906737e-001
 1.4151381e-001
 1.4353421e-001
 1.4459561e-001
 1.4530475e-001
 1.4552106e-001
 1.4553392e-001
 1.4530946e-001
 1.4479396e-001
 1.4407812e-001
 1.4325191e-001
 1.4163549e-001
 1.4045638e-001
 1.3897063e-001
 1.3843231e-001
 1.3891031e-001
 1.4018382e-001
 1.4297320e-001
 1.4625335e-001
 1.5073001e-001
 1.5509838e-001
 1.6030146e-001
 1.6471091e-001
 1.6881633e-001
 1.7169327e-001
 1.7313725e-001
 1.7343123e-001
 1.7182627e-001
 1.6943079e-001
 1.6560288e-001
 1.6135821e-001
 1.5610991e-001
 1.5091906e-001
 1.4575240e-001
 1.4059196e-001
 1.3541494e-001
 1.3062780e-001
 1.2587388e-001
 1.2161693e-001
 1.1811699e-001
 1.1507057e-001
 1.1232973e-001
 1.1027679e-001
 1.0914951e-001
 1.0841615e-001
 1.0790109e-001
 1.0839710e-001
 1.0950895e-001
 1.1148321e-001
 1.1513948e-001
 1.1924108e-001
 1.2385321e-001
 1.2897372e-001
 1.3542666e-001
 1.4125210e-001
 1.4737348e-001
 1.5254764e-001
 1.5654692e-001
 1.5947932e-001
 1.6124471e-001
 1.6200870e-001
 1.6117416e-001
 1.5973793e-001
 1.5716024e-001
 1.5444368e-001
 1.5126519e-001
 1.4801916e-001
 1.4448918e-001
 1.4150679e-001
 1.3872686e-001
 1.3640413e-001
 1.3520290e-001
 1.3414697e-001
 1.3292284e-001
 1.3129885e-001
 1.2930915e-001
 1.2718746e-001
 1.2513928e-001
 1.2359909e-001
 1.2209895e-001
 1.2019359e-001
 1.1815857e-001
 1.1611193e-001
 1.1397747e-001
 1.1116386e-001
 1.0874678e-001
 1.0689263e-001
 1.0500614e-001
 1.0356861e-001
 1.0246335e-001
 1.0131767e-001
 1.0024811e-001
 9.9182978e-002
 9.8754585e-002
 9.9173300e-002
 9.9389449e-002
 1.0090427e-001
 1.0193814e-001
 1.0154997e-001
 1.0113754e-001
 9.9426195e-002
 9.8316826e-002
 9.7912930e-002
 9.7721644e-002
 9.8963588e-002
 1.0036279e-001
 1.0061649e-001
 1.0233906e-001
 1.0636712e-001
 1.1025068e-001
 1.1591614e-001
 1.2125912e-001
 1.2483732e-001
 1.2887673e-001
 1.3383277e-001
 1.3838015e-001
 1.4232184e-001
 1.4613429e-001
 1.4975144e-001
 1.5252367e-001
 1.5563758e-001
 1.5924448e-001
 1.6218632e-001
 1.6482101e-001
 1.6702780e-001
 1.6821033e-001
 1.6910975e-001
 1.7175117e-001
 1.7514779e-001
 1.7514768e-001
