splib07b Record=23077: Anthrone SA-A1631            ASDHRa AREF
 1.6072194e-001
 1.6073182e-001
 1.5555494e-001
 1.4364225e-001
 1.3601893e-001
 1.3111655e-001
 1.2347534e-001
 1.1381175e-001
 1.0837214e-001
 1.0690445e-001
 1.0399415e-001
 9.6873984e-002
 9.1284566e-002
 8.9992307e-002
 8.9800924e-002
 8.5690685e-002
 8.1087738e-002
 7.9966538e-002
 8.1981935e-002
 8.0598801e-002
 7.7988341e-002
 7.7729993e-002
 7.8443967e-002
 7.6605871e-002
 7.4615777e-002
 7.6357126e-002
 7.8208514e-002
 7.8680933e-002
 7.9331130e-002
 8.2408048e-002
 8.3050326e-002
 8.5983679e-002
 9.1299936e-002
 9.3567148e-002
 9.8081894e-002
 1.0155517e-001
 1.0250950e-001
 1.0602677e-001
 1.0956907e-001
 1.1228891e-001
 1.1495942e-001
 1.1932815e-001
 1.2170926e-001
 1.2245850e-001
 1.2496154e-001
 1.2764709e-001
 1.3010374e-001
 1.3229723e-001
 1.3474676e-001
 1.3690250e-001
 1.3962428e-001
 1.4284994e-001
 1.4483602e-001
 1.4797503e-001
 1.5161507e-001
 1.5430263e-001
 1.5744312e-001
 1.6000775e-001
 1.6220449e-001
 1.6510455e-001
 1.6770656e-001
 1.6996536e-001
 1.7203180e-001
 1.7430301e-001
 1.7684697e-001
 1.7923968e-001
 1.8136714e-001
 1.8425161e-001
 1.8751983e-001
 1.9086200e-001
 1.9438049e-001
 1.9905187e-001
 2.0439021e-001
 2.1035133e-001
 2.1753481e-001
 2.2561216e-001
 2.3477359e-001
 2.4500892e-001
 2.5581056e-001
 2.6739767e-001
 2.7964145e-001
 2.9232571e-001
 3.0546930e-001
 3.1846198e-001
 3.3119708e-001
 3.4399828e-001
 3.5620618e-001
 3.6816517e-001
 3.7997237e-001
 3.9097351e-001
 4.0166748e-001
 4.1202474e-001
 4.2187491e-001
 4.3151158e-001
 4.4093034e-001
 4.5010069e-001
 4.5903081e-001
 4.6782625e-001
 4.7620124e-001
 4.8416656e-001
 4.9221426e-001
 4.9977675e-001
 5.0708181e-001
 5.1444066e-001
 5.2130210e-001
 5.2782261e-001
 5.3408819e-001
 5.4011369e-001
 5.4600823e-001
 5.5175954e-001
 5.5730325e-001
 5.6260312e-001
 5.6781220e-001
 5.7302338e-001
 5.7828295e-001
 5.8352214e-001
 5.8862114e-001
 5.9364676e-001
 5.9885257e-001
 6.0415059e-001
 6.0927677e-001
 6.1414635e-001
 6.1910021e-001
 6.2396199e-001
 6.2858319e-001
 6.3291311e-001
 6.3719738e-001
 6.4132345e-001
 6.4521474e-001
 6.4888442e-001
 6.5238702e-001
 6.5568566e-001
 6.5875584e-001
 6.6164523e-001
 6.6436356e-001
 6.6693789e-001
 6.6938341e-001
 6.7167211e-001
 6.7381966e-001
 6.7584288e-001
 6.7777586e-001
 6.7970490e-001
 6.8156433e-001
 6.8329829e-001
 6.8497598e-001
 6.8659550e-001
 6.8819177e-001
 6.8981665e-001
 6.9146222e-001
 6.9303167e-001
 6.9447780e-001
 6.9587904e-001
 6.9732451e-001
 6.9872087e-001
 7.0002776e-001
 7.0145208e-001
 7.0284092e-001
 7.0413536e-001
 7.0537460e-001
 7.0662946e-001
 7.0781195e-001
 7.0893168e-001
 7.1011984e-001
 7.1121544e-001
 7.1235114e-001
 7.1358651e-001
 7.1459019e-001
 7.1559221e-001
 7.1660054e-001
 7.1746498e-001
 7.1836072e-001
 7.1924907e-001
 7.2011727e-001
 7.2103602e-001
 7.2196680e-001
 7.2285891e-001
 7.2368282e-001
 7.2451383e-001
 7.2536016e-001
 7.2617638e-001
 7.2689003e-001
 7.2760898e-001
 7.2836739e-001
 7.2915423e-001
 7.2990090e-001
 7.3062456e-001
 7.3136365e-001
 7.3216057e-001
 7.3299152e-001
 7.3385513e-001
 7.3472601e-001
 7.3554957e-001
 7.3631245e-001
 7.3703879e-001
 7.3777765e-001
 7.3855740e-001
 7.3936325e-001
 7.4019486e-001
 7.4105692e-001
 7.4190986e-001
 7.4275243e-001
 7.4359447e-001
 7.4445391e-001
 7.4535090e-001
 7.4626499e-001
 7.4718767e-001
 7.4819058e-001
 7.4918789e-001
 7.5012630e-001
 7.5101089e-001
 7.5180000e-001
 7.5246650e-001
 7.5304031e-001
 7.5363725e-001
 7.5420493e-001
 7.5470358e-001
 7.5512832e-001
 7.5554681e-001
 7.5594032e-001
 7.5628394e-001
 7.5659913e-001
 7.5696009e-001
 7.5732291e-001
 7.5758398e-001
 7.5775081e-001
 7.5798404e-001
 7.5837845e-001
 7.5889879e-001
 7.5949311e-001
 7.6021659e-001
 7.6102573e-001
 7.6167923e-001
 7.6230240e-001
 7.6292658e-001
 7.6351368e-001
 7.6403230e-001
 7.6456535e-001
 7.6515085e-001
 7.6572800e-001
 7.6627153e-001
 7.6676768e-001
 7.6724970e-001
 7.6780701e-001
 7.6842034e-001
 7.6909983e-001
 7.6986498e-001
 7.7063429e-001
 7.7137554e-001
 7.7202719e-001
 7.7250665e-001
 7.7289456e-001
 7.7324057e-001
 7.7356708e-001
 7.7387923e-001
 7.7425253e-001
 7.7473944e-001
 7.7529722e-001
 7.7575284e-001
 7.7616483e-001
 7.7660221e-001
 7.7697068e-001
 7.7733916e-001
 7.7772725e-001
 7.7810562e-001
 7.7843386e-001
 7.7875483e-001
 7.7909356e-001
 7.7943230e-001
 7.7983350e-001
 7.8027445e-001
 7.8068572e-001
 7.8103912e-001
 7.8141373e-001
 7.8181177e-001
 7.8215837e-001
 7.8251523e-001
 7.8286433e-001
 7.8318679e-001
 7.8350723e-001
 7.8387058e-001
 7.8427964e-001
 7.8468096e-001
 7.8501046e-001
 7.8538299e-001
 7.8582531e-001
 7.8620332e-001
 7.8653693e-001
 7.8686571e-001
 7.8725213e-001
 7.8767627e-001
 7.8801513e-001
 7.8828955e-001
 7.8864485e-001
 7.8903890e-001
 7.8941762e-001
 7.8967613e-001
 7.8974235e-001
 7.8982496e-001
 7.9000866e-001
 7.9025662e-001
 7.9039496e-001
 7.9046190e-001
 7.9050362e-001
 7.9054362e-001
 7.9055285e-001
 7.9048872e-001
 7.9036218e-001
 7.9026741e-001
 7.9008412e-001
 7.8978050e-001
 7.8939682e-001
 7.8900480e-001
 7.8859466e-001
 7.8814077e-001
 7.8764778e-001
 7.8723049e-001
 7.8689772e-001
 7.8663987e-001
 7.8650004e-001
 7.8650057e-001
 7.8668278e-001
 7.8704196e-001
 7.8743273e-001
 7.8794497e-001
 7.8867114e-001
 7.8959399e-001
 7.9057485e-001
 7.9152375e-001
 7.9244560e-001
 7.9348809e-001
 7.9458654e-001
 7.9568470e-001
 7.9674208e-001
 7.9772830e-001
 7.9862326e-001
 7.9940051e-001
 8.0003315e-001
 8.0058980e-001
 8.0109942e-001
 8.0156553e-001
 8.0196208e-001
 8.0223554e-001
 8.0240476e-001
 8.0258226e-001
 8.0281401e-001
 8.0306298e-001
 8.0327231e-001
 8.0342758e-001
 8.0352473e-001
 8.0358827e-001
 8.0366290e-001
 8.0375773e-001
 8.0376446e-001
 8.0365378e-001
 8.0352628e-001
 8.0344582e-001
 8.0335307e-001
 8.0317748e-001
 8.0295938e-001
 8.0278426e-001
 8.0270308e-001
 8.0274516e-001
 8.0293655e-001
 8.0323178e-001
 8.0360419e-001
 8.0406094e-001
 8.0458957e-001
 8.0519706e-001
 8.0592042e-001
 8.0677521e-001
 8.0755413e-001
 8.0819124e-001
 8.0871242e-001
 8.0913275e-001
 8.0952394e-001
 8.0990618e-001
 8.1025511e-001
 8.1061691e-001
 8.1089473e-001
 8.1103462e-001
 8.1116790e-001
 8.1136227e-001
 8.1162554e-001
 8.1188697e-001
 8.1205857e-001
 8.1222647e-001
 8.1241548e-001
 8.1260002e-001
 8.1289244e-001
 8.1317741e-001
 8.1334144e-001
 8.1342214e-001
 8.1349218e-001
 8.1359029e-001
 8.1374848e-001
 8.1399655e-001
 8.1422293e-001
 8.1436777e-001
 8.1444895e-001
 8.1449097e-001
 8.1447470e-001
 8.1443650e-001
 8.1448716e-001
 8.1457675e-001
 8.1466019e-001
 8.1470150e-001
 8.1469494e-001
 8.1460488e-001
 8.1449497e-001
 8.1446105e-001
 8.1442958e-001
 8.1445336e-001
 8.1452310e-001
 8.1455350e-001
 8.1456369e-001
 8.1453836e-001
 8.1448179e-001
 8.1444281e-001
 8.1445169e-001
 8.1453902e-001
 8.1469536e-001
 8.1483865e-001
 8.1499839e-001
 8.1519681e-001
 8.1542385e-001
 8.1562310e-001
 8.1580055e-001
 8.1597894e-001
 8.1616825e-001
 8.1633711e-001
 8.1651902e-001
 8.1674731e-001
 8.1699437e-001
 8.1727386e-001
 8.1756055e-001
 8.1780851e-001
 8.1801289e-001
 8.1819779e-001
 8.1837726e-001
 8.1854796e-001
 8.1873077e-001
 8.1891251e-001
 8.1910086e-001
 8.1930697e-001
 8.1940907e-001
 8.1945515e-001
 8.1954080e-001
 8.1967866e-001
 8.1992203e-001
 8.2021838e-001
 8.2046950e-001
 8.2067597e-001
 8.2077301e-001
 8.2082891e-001
 8.2099748e-001
 8.2117283e-001
 8.2136571e-001
 8.2158530e-001
 8.2181704e-001
 8.2201046e-001
 8.2216078e-001
 8.2227337e-001
 8.2233435e-001
 8.2236397e-001
 8.2243657e-001
 8.2260495e-001
 8.2276648e-001
 8.2290846e-001
 8.2301414e-001
 8.2309431e-001
 8.2319021e-001
 8.2321513e-001
 8.2317662e-001
 8.2321072e-001
 8.2329297e-001
 8.2335287e-001
 8.2338971e-001
 8.2352716e-001
 8.2365304e-001
 8.2372028e-001
 8.2373124e-001
 8.2374716e-001
 8.2373941e-001
 8.2372463e-001
 8.2375205e-001
 8.2385296e-001
 8.2395416e-001
 8.2399309e-001
 8.2396418e-001
 8.2395309e-001
 8.2395834e-001
 8.2395637e-001
 8.2392102e-001
 8.2387334e-001
 8.2381618e-001
 8.2372504e-001
 8.2358164e-001
 8.2347310e-001
 8.2329297e-001
 8.2295471e-001
 8.2253200e-001
 8.2204062e-001
 8.2142901e-001
 8.2065517e-001
 8.1975752e-001
 8.1866109e-001
 8.1735563e-001
 8.1587493e-001
 8.1424081e-001
 8.1237954e-001
 8.1033665e-001
 8.0815375e-001
 8.0566186e-001
 8.0301678e-001
 8.0027252e-001
 7.9743576e-001
 7.9468697e-001
 7.9205489e-001
 7.8965449e-001
 7.8766340e-001
 7.8611290e-001
 7.8515857e-001
 7.8486699e-001
 7.8524667e-001
 7.8652632e-001
 7.8863883e-001
 7.9142654e-001
 7.9468685e-001
 7.9818565e-001
 8.0181956e-001
 8.0543834e-001
 8.0879766e-001
 8.1192517e-001
 8.1477451e-001
 8.1729007e-001
 8.1945491e-001
 8.2138479e-001
 8.2303143e-001
 8.2441306e-001
 8.2572681e-001
 8.2682818e-001
 8.2780230e-001
 8.2872444e-001
 8.2949114e-001
 8.3021706e-001
 8.3088803e-001
 8.3140439e-001
 8.3172917e-001
 8.3209115e-001
 8.3246273e-001
 8.3274943e-001
 8.3303005e-001
 8.3321142e-001
 8.3337569e-001
 8.3363986e-001
 8.3392990e-001
 8.3421624e-001
 8.3440328e-001
 8.3451480e-001
 8.3480734e-001
 8.3505219e-001
 8.3509922e-001
 8.3498847e-001
 8.3502477e-001
 8.3515787e-001
 8.3527154e-001
 8.3524644e-001
 8.3517057e-001
 8.3518934e-001
 8.3515590e-001
 8.3488595e-001
 8.3460158e-001
 8.3427453e-001
 8.3383495e-001
 8.3322805e-001
 8.3252805e-001
 8.3173126e-001
 8.3092052e-001
 8.3015782e-001
 8.2934022e-001
 8.2843196e-001
 8.2756835e-001
 8.2689112e-001
 8.2631689e-001
 8.2587475e-001
 8.2562464e-001
 8.2564664e-001
 8.2595468e-001
 8.2645220e-001
 8.2718402e-001
 8.2813561e-001
 8.2915479e-001
 8.3034110e-001
 8.3150357e-001
 8.3248264e-001
 8.3342111e-001
 8.3449912e-001
 8.3550358e-001
 8.3631724e-001
 8.3713019e-001
 8.3783704e-001
 8.3834898e-001
 8.3876801e-001
 8.3926678e-001
 8.3944637e-001
 8.3952755e-001
 8.3974719e-001
 8.4015006e-001
 8.4044653e-001
 8.4053379e-001
 8.4053737e-001
 8.4072518e-001
 8.4101355e-001
 8.4114039e-001
 8.4108180e-001
 8.4105963e-001
 8.4119499e-001
 8.4121656e-001
 8.4103012e-001
 8.4090054e-001
 8.4119046e-001
 8.4118545e-001
 8.4099209e-001
 8.4090656e-001
 8.4095734e-001
 8.4101063e-001
 8.4102178e-001
 8.4104592e-001
 8.4119874e-001
 8.4133875e-001
 8.4121805e-001
 8.4106678e-001
 8.4118456e-001
 8.4096843e-001
 8.4102607e-001
 8.4130925e-001
 8.4136647e-001
 8.4121072e-001
 8.4118205e-001
 8.4129173e-001
 8.4143233e-001
 8.4155428e-001
 8.4149575e-001
 8.4138030e-001
 8.4131038e-001
 8.4127057e-001
 8.4126407e-001
 8.4109348e-001
 8.4081304e-001
 8.4067565e-001
 8.4065986e-001
 8.4070003e-001
 8.4071064e-001
 8.4063089e-001
 8.4053749e-001
 8.4032518e-001
 8.4014034e-001
 8.3981586e-001
 8.3921289e-001
 8.3876109e-001
 8.3829206e-001
 8.3791995e-001
 8.3754331e-001
 8.3729428e-001
 8.3707523e-001
 8.3689779e-001
 8.3682120e-001
 8.3683878e-001
 8.3683699e-001
 8.3690947e-001
 8.3701533e-001
 8.3708322e-001
 8.3727556e-001
 8.3765608e-001
 8.3790374e-001
 8.3812457e-001
 8.3835334e-001
 8.3869934e-001
 8.3903748e-001
 8.3923006e-001
 8.3949900e-001
 8.3967310e-001
 8.3963710e-001
 8.3966321e-001
 8.3980238e-001
 8.3984822e-001
 8.3986419e-001
 8.3974057e-001
 8.3939219e-001
 8.3922613e-001
 8.3909595e-001
 8.3890080e-001
 8.3866298e-001
 8.3875370e-001
 8.3856237e-001
 8.3844304e-001
 8.3876485e-001
 8.3883375e-001
 8.3891338e-001
 8.3909380e-001
 8.3913237e-001
 8.3896661e-001
 8.3897322e-001
 8.3896422e-001
 8.3899176e-001
 8.3932739e-001
 8.3968067e-001
 8.4019005e-001
 8.4080893e-001
 8.4129953e-001
 8.4169108e-001
 8.4198755e-001
 8.4230244e-001
 8.4251338e-001
 8.4250492e-001
 8.4277904e-001
 8.4314579e-001
 8.4346718e-001
 8.4403622e-001
 8.4435409e-001
 8.4456670e-001
 8.4458011e-001
 8.4464276e-001
 8.4477210e-001
 8.4478539e-001
 8.4472615e-001
 8.4471279e-001
 8.4456933e-001
 8.4435058e-001
 8.4431005e-001
 8.4420079e-001
 8.4405929e-001
 8.4378177e-001
 8.4349608e-001
 8.4313905e-001
 8.4263158e-001
 8.4211057e-001
 8.4173226e-001
 8.4130061e-001
 8.4073645e-001
 8.4016341e-001
 8.3951157e-001
 8.3874828e-001
 8.3798939e-001
 8.3713895e-001
 8.3618474e-001
 8.3519769e-001
 8.3414692e-001
 8.3311069e-001
 8.3190686e-001
 8.3063012e-001
 8.2917428e-001
 8.2766074e-001
 8.2591718e-001
 8.2410145e-001
 8.2216269e-001
 8.2012564e-001
 8.1804073e-001
 8.1560665e-001
 8.1293982e-001
 8.1009161e-001
 8.0690968e-001
 8.0342573e-001
 7.9973280e-001
 7.9555702e-001
 7.9102790e-001
 7.8590196e-001
 7.8035682e-001
 7.7432632e-001
 7.6767862e-001
 7.6044494e-001
 7.5262302e-001
 7.4406862e-001
 7.3502380e-001
 7.2548819e-001
 7.1553296e-001
 7.0549840e-001
 6.9534039e-001
 6.8502057e-001
 6.7496383e-001
 6.6506237e-001
 6.5532523e-001
 6.4622289e-001
 6.3751704e-001
 6.2936860e-001
 6.2191033e-001
 6.1553681e-001
 6.1032099e-001
 6.0646176e-001
 6.0430372e-001
 6.0386837e-001
 6.0536623e-001
 6.0864949e-001
 6.1362386e-001
 6.1991256e-001
 6.2733418e-001
 6.3567173e-001
 6.4465743e-001
 6.5405232e-001
 6.6351426e-001
 6.7332047e-001
 6.8307090e-001
 6.9263142e-001
 7.0207351e-001
 7.1126616e-001
 7.2002292e-001
 7.2836453e-001
 7.3614573e-001
 7.4317312e-001
 7.4961472e-001
 7.5537598e-001
 7.6048100e-001
 7.6494688e-001
 7.6874024e-001
 7.7192742e-001
 7.7462846e-001
 7.7687442e-001
 7.7845967e-001
 7.7997595e-001
 7.8110802e-001
 7.8206676e-001
 7.8307790e-001
 7.8420103e-001
 7.8549504e-001
 7.8690743e-001
 7.8842813e-001
 7.8997672e-001
 7.9143494e-001
 7.9265076e-001
 7.9365957e-001
 7.9437900e-001
 7.9469925e-001
 7.9480296e-001
 7.9488724e-001
 7.9461521e-001
 7.9468143e-001
 7.9475927e-001
 7.9508412e-001
 7.9566187e-001
 7.9623604e-001
 7.9684770e-001
 7.9737449e-001
 7.9758096e-001
 7.9739863e-001
 7.9674250e-001
 7.9560483e-001
 7.9410076e-001
 7.9230422e-001
 7.9015738e-001
 7.8779000e-001
 7.8504246e-001
 7.8185576e-001
 7.7828103e-001
 7.7439463e-001
 7.6997441e-001
 7.6499802e-001
 7.5976723e-001
 7.5400573e-001
 7.4811888e-001
 7.4214131e-001
 7.3623794e-001
 7.3062909e-001
 7.2546226e-001
 7.2083098e-001
 7.1689367e-001
 7.1391106e-001
 7.1174818e-001
 7.1074468e-001
 7.1091503e-001
 7.1215606e-001
 7.1424365e-001
 7.1683347e-001
 7.2045767e-001
 7.2400081e-001
 7.2821158e-001
 7.3214000e-001
 7.3614919e-001
 7.4019843e-001
 7.4407578e-001
 7.4790555e-001
 7.5185204e-001
 7.5588375e-001
 7.6018405e-001
 7.6471967e-001
 7.6944393e-001
 7.7431196e-001
 7.7919513e-001
 7.8387839e-001
 7.8836995e-001
 7.9251963e-001
 7.9603982e-001
 7.9905504e-001
 8.0165797e-001
 8.0355227e-001
 8.0538070e-001
 8.0672061e-001
 8.0813199e-001
 8.0935806e-001
 8.1056917e-001
 8.1184566e-001
 8.1311548e-001
 8.1429923e-001
 8.1539512e-001
 8.1638861e-001
 8.1712222e-001
 8.1755823e-001
 8.1783575e-001
 8.1790257e-001
 8.1787038e-001
 8.1796247e-001
 8.1807745e-001
 8.1826168e-001
 8.1849450e-001
 8.1878722e-001
 8.1920147e-001
 8.1953233e-001
 8.1987977e-001
 8.2018334e-001
 8.2047158e-001
 8.2070273e-001
 8.2083005e-001
 8.2098860e-001
 8.2106537e-001
 8.2120150e-001
 8.2157266e-001
 8.2198787e-001
 8.2256371e-001
 8.2321668e-001
 8.2380921e-001
 8.2438052e-001
 8.2487154e-001
 8.2536238e-001
 8.2565874e-001
 8.2589436e-001
 8.2593256e-001
 8.2580334e-001
 8.2547909e-001
 8.2501924e-001
 8.2433856e-001
 8.2338065e-001
 8.2237267e-001
 8.2121140e-001
 8.1986165e-001
 8.1842250e-001
 8.1699687e-001
 8.1560260e-001
 8.1428504e-001
 8.1325507e-001
 8.1239903e-001
 8.1172019e-001
 8.1127495e-001
 8.1098002e-001
 8.1093103e-001
 8.1089014e-001
 8.1109387e-001
 8.1112677e-001
 8.1125414e-001
 8.1114799e-001
 8.1097007e-001
 8.1062877e-001
 8.1006610e-001
 8.0949003e-001
 8.0874884e-001
 8.0802506e-001
 8.0720550e-001
 8.0650359e-001
 8.0582857e-001
 8.0523241e-001
 8.0473769e-001
 8.0425745e-001
 8.0380541e-001
 8.0338538e-001
 8.0305040e-001
 8.0263871e-001
 8.0208510e-001
 8.0158162e-001
 8.0072528e-001
 7.9968989e-001
 7.9841220e-001
 7.9685062e-001
 7.9521686e-001
 7.9336500e-001
 7.9150879e-001
 7.8946108e-001
 7.8758132e-001
 7.8557569e-001
 7.8384042e-001
 7.8220385e-001
 7.8080100e-001
 7.7954757e-001
 7.7855766e-001
 7.7778882e-001
 7.7719200e-001
 7.7674246e-001
 7.7642757e-001
 7.7613413e-001
 7.7589989e-001
 7.7586120e-001
 7.7586567e-001
 7.7609128e-001
 7.7654433e-001
 7.7704257e-001
 7.7774590e-001
 7.7833432e-001
 7.7910095e-001
 7.7951032e-001
 7.7989465e-001
 7.7990234e-001
 7.7967131e-001
 7.7919042e-001
 7.7842420e-001
 7.7747780e-001
 7.7619094e-001
 7.7493078e-001
 7.7349895e-001
 7.7209151e-001
 7.7064866e-001
 7.6926535e-001
 7.6788247e-001
 7.6646775e-001
 7.6519483e-001
 7.6401609e-001
 7.6289022e-001
 7.6189458e-001
 7.6110631e-001
 7.6043648e-001
 7.5995547e-001
 7.5974619e-001
 7.5947636e-001
 7.5936782e-001
 7.5911677e-001
 7.5890881e-001
 7.5854343e-001
 7.5808889e-001
 7.5756013e-001
 7.5694299e-001
 7.5624734e-001
 7.5550091e-001
 7.5464672e-001
 7.5379521e-001
 7.5268716e-001
 7.5151765e-001
 7.5002879e-001
 7.4835300e-001
 7.4634594e-001
 7.4397451e-001
 7.4131304e-001
 7.3801929e-001
 7.3432469e-001
 7.3019701e-001
 7.2596949e-001
 7.2190869e-001
 7.1831822e-001
 7.1586931e-001
 7.1392429e-001
 7.1330649e-001
 7.1397167e-001
 7.1498317e-001
 7.1731734e-001
 7.1907604e-001
 7.2148496e-001
 7.2301418e-001
 7.2441411e-001
 7.2512531e-001
 7.2540218e-001
 7.2507274e-001
 7.2423971e-001
 7.2280669e-001
 7.2061276e-001
 7.1817362e-001
 7.1472293e-001
 7.1184403e-001
 7.0815259e-001
 7.0589560e-001
 7.0414996e-001
 7.0335847e-001
 7.0407218e-001
 7.0588607e-001
 7.0885736e-001
 7.1242344e-001
 7.1639216e-001
 7.2036695e-001
 7.2386086e-001
 7.2700101e-001
 7.2940201e-001
 7.3126912e-001
 7.3277998e-001
 7.3372298e-001
 7.3452574e-001
 7.3492998e-001
 7.3525250e-001
 7.3524982e-001
 7.3526645e-001
 7.3503947e-001
 7.3499513e-001
 7.3478293e-001
 7.3500031e-001
 7.3528099e-001
 7.3603457e-001
 7.3718244e-001
 7.3853618e-001
 7.4045259e-001
 7.4214792e-001
 7.4411082e-001
 7.4578345e-001
 7.4741596e-001
 7.4875265e-001
 7.4990606e-001
 7.5082165e-001
 7.5142998e-001
 7.5191092e-001
 7.5227344e-001
 7.5249946e-001
 7.5259614e-001
 7.5271863e-001
 7.5284934e-001
 7.5303048e-001
 7.5338858e-001
 7.5384110e-001
 7.5439548e-001
 7.5510043e-001
 7.5609142e-001
 7.5725675e-001
 7.5863630e-001
 7.6019323e-001
 7.6171708e-001
 7.6338470e-001
 7.6489037e-001
 7.6641160e-001
 7.6778436e-001
 7.6908290e-001
 7.7024114e-001
 7.7127105e-001
 7.7223998e-001
 7.7308327e-001
 7.7388442e-001
 7.7460212e-001
 7.7529424e-001
 7.7592522e-001
 7.7650797e-001
 7.7703935e-001
 7.7756405e-001
 7.7799064e-001
 7.7849078e-001
 7.7902752e-001
 7.7955580e-001
 7.8006053e-001
 7.8064847e-001
 7.8123760e-001
 7.8191900e-001
 7.8272092e-001
 7.8352457e-001
 7.8440499e-001
 7.8525072e-001
 7.8609687e-001
 7.8689736e-001
 7.8758818e-001
 7.8825974e-001
 7.8889000e-001
 7.8940171e-001
 7.8986681e-001
 7.9037797e-001
 7.9089171e-001
 7.9140329e-001
 7.9191935e-001
 7.9232711e-001
 7.9259801e-001
 7.9289174e-001
 7.9318392e-001
 7.9347116e-001
 7.9384941e-001
 7.9424244e-001
 7.9468459e-001
 7.9516333e-001
 7.9558802e-001
 7.9605919e-001
 7.9636985e-001
 7.9659575e-001
 7.9676580e-001
 7.9679346e-001
 7.9688644e-001
 7.9695505e-001
 7.9703879e-001
 7.9710788e-001
 7.9724836e-001
 7.9745078e-001
 7.9759371e-001
 7.9780382e-001
 7.9788655e-001
 7.9788125e-001
 7.9781353e-001
 7.9760903e-001
 7.9752028e-001
 7.9739600e-001
 7.9736042e-001
 7.9744130e-001
 7.9751045e-001
 7.9761106e-001
 7.9770285e-001
 7.9779452e-001
 7.9790372e-001
 7.9805893e-001
 7.9814321e-001
 7.9826111e-001
 7.9829681e-001
 7.9824281e-001
 7.9815406e-001
 7.9802543e-001
 7.9784626e-001
 7.9765415e-001
 7.9735434e-001
 7.9697651e-001
 7.9652965e-001
 7.9601669e-001
 7.9539597e-001
 7.9466289e-001
 7.9390073e-001
 7.9304594e-001
 7.9214036e-001
 7.9136610e-001
 7.9067427e-001
 7.9000396e-001
 7.8932887e-001
 7.8867966e-001
 7.8800595e-001
 7.8734028e-001
 7.8665149e-001
 7.8578126e-001
 7.8470808e-001
 7.8343898e-001
 7.8214556e-001
 7.8080922e-001
 7.7947682e-001
 7.7820802e-001
 7.7693874e-001
 7.7579838e-001
 7.7473748e-001
 7.7377182e-001
 7.7282834e-001
 7.7178937e-001
 7.7065080e-001
 7.6931733e-001
 7.6779002e-001
 7.6610684e-001
 7.6422119e-001
 7.6219273e-001
 7.6018685e-001
 7.5813466e-001
 7.5607842e-001
 7.5405890e-001
 7.5195903e-001
 7.4991333e-001
 7.4784958e-001
 7.4569780e-001
 7.4335581e-001
 7.4066323e-001
 7.3774928e-001
 7.3462164e-001
 7.3130447e-001
 7.2782671e-001
 7.2403675e-001
 7.2000605e-001
 7.1573520e-001
 7.1109390e-001
 7.0612514e-001
 7.0075011e-001
 6.9480282e-001
 6.8826896e-001
 6.8120927e-001
 6.7356014e-001
 6.6537005e-001
 6.5650004e-001
 6.4707470e-001
 6.3692981e-001
 6.2631702e-001
 6.1549842e-001
 6.0467410e-001
 5.9417349e-001
 5.8434510e-001
 5.7566482e-001
 5.6798244e-001
 5.6168228e-001
 5.5648339e-001
 5.5222416e-001
 5.4886371e-001
 5.4632586e-001
 5.4439843e-001
 5.4308456e-001
 5.4225922e-001
 5.4176569e-001
 5.4151523e-001
 5.4138380e-001
 5.4110438e-001
 5.4050922e-001
 5.3935808e-001
 5.3717959e-001
 5.3378981e-001
 5.2877867e-001
 5.2230102e-001
 5.1407444e-001
 5.0437284e-001
 4.9323523e-001
 4.8106030e-001
 4.6800616e-001
 4.5424780e-001
 4.4026992e-001
 4.2610997e-001
 4.1192970e-001
 3.9798048e-001
 3.8441411e-001
 3.7141082e-001
 3.5920909e-001
 3.4785894e-001
 3.3771867e-001
 3.2860705e-001
 3.2072282e-001
 3.1417885e-001
 3.0905661e-001
 3.0497971e-001
 3.0198243e-001
 2.9989806e-001
 2.9821181e-001
 2.9693973e-001
 2.9588041e-001
 2.9486087e-001
 2.9386130e-001
 2.9309306e-001
 2.9250234e-001
 2.9249287e-001
 2.9327276e-001
 2.9497710e-001
 2.9804459e-001
 3.0244842e-001
 3.0832341e-001
 3.1543246e-001
 3.2362074e-001
 3.3259341e-001
 3.4205964e-001
 3.5168374e-001
 3.6118370e-001
 3.7050557e-001
 3.7948024e-001
 3.8833374e-001
 3.9718831e-001
 4.0629810e-001
 4.1566679e-001
 4.2521682e-001
 4.3515325e-001
 4.4530165e-001
 4.5555159e-001
 4.6580991e-001
 4.7580698e-001
 4.8537871e-001
 4.9441063e-001
 5.0286251e-001
 5.1073939e-001
 5.1783448e-001
 5.2400297e-001
 5.2943838e-001
 5.3404051e-001
 5.3772390e-001
 5.4062557e-001
 5.4276836e-001
 5.4405046e-001
 5.4453820e-001
 5.4422438e-001
 5.4330319e-001
 5.4182833e-001
 5.4009587e-001
 5.3839183e-001
 5.3677201e-001
 5.3566742e-001
 5.3524411e-001
 5.3559822e-001
 5.3676510e-001
 5.3858113e-001
 5.4044122e-001
 5.4188824e-001
 5.4288328e-001
 5.4112834e-001
 5.3660756e-001
 5.2947843e-001
 5.1987463e-001
 5.0871265e-001
 4.9775970e-001
 4.8875982e-001
 4.8324063e-001
 4.8271316e-001
 4.8753425e-001
 4.9664244e-001
 5.0946850e-001
 5.2413434e-001
 5.3891492e-001
 5.5216813e-001
 5.6290597e-001
 5.7039046e-001
 5.7459939e-001
 5.7636422e-001
 5.7559222e-001
 5.7296002e-001
 5.6871319e-001
 5.6313807e-001
 5.5667245e-001
 5.4953671e-001
 5.4206741e-001
 5.3469419e-001
 5.2754873e-001
 5.2067792e-001
 5.1418090e-001
 5.0770259e-001
 5.0090402e-001
 4.9355513e-001
 4.8539552e-001
 4.7643387e-001
 4.6691194e-001
 4.5718887e-001
 4.4812810e-001
 4.4036603e-001
 4.3460408e-001
 4.3124923e-001
 4.3024930e-001
 4.3118939e-001
 4.3315548e-001
 4.3651548e-001
 4.3705970e-001
 4.3711013e-001
 4.3443805e-001
 4.2895004e-001
 4.2281771e-001
 4.1370779e-001
 4.0666762e-001
 3.9839494e-001
 3.9339793e-001
 3.9125001e-001
 3.9263380e-001
 3.9750379e-001
 4.0546894e-001
 4.1585046e-001
 4.2761499e-001
 4.3971086e-001
 4.5092785e-001
 4.6077275e-001
 4.6843845e-001
 4.7396487e-001
 4.7729734e-001
 4.7883335e-001
 4.7902745e-001
 4.7850150e-001
 4.7818539e-001
 4.7850657e-001
 4.8022613e-001
 4.8338073e-001
 4.8789406e-001
 4.9388894e-001
 5.0135881e-001
 5.0843757e-001
 5.1658905e-001
 5.2388972e-001
 5.3097522e-001
 5.3742039e-001
 5.4327244e-001
 5.4889929e-001
 5.5387884e-001
 5.5882305e-001
 5.6353277e-001
 5.6830168e-001
 5.7289606e-001
 5.7751483e-001
 5.8221251e-001
 5.8666193e-001
 5.9098476e-001
 5.9500313e-001
 5.9878582e-001
 6.0231119e-001
 6.0548562e-001
 6.0854512e-001
 6.1152393e-001
 6.1420733e-001
 6.1665559e-001
 6.1873925e-001
 6.2033474e-001
 6.2257314e-001
 6.2199384e-001
 6.2156224e-001
 6.2010711e-001
 6.1861891e-001
 6.1687791e-001
 6.1419219e-001
 6.1118495e-001
 6.0801238e-001
 6.0425514e-001
 6.0025156e-001
 5.9603775e-001
 5.9173602e-001
 5.8704245e-001
 5.8220351e-001
 5.7763243e-001
 5.7339025e-001
 5.6981277e-001
 5.6644177e-001
 5.6395882e-001
 5.6226957e-001
 5.6127435e-001
 5.6124157e-001
 5.6185985e-001
 5.6310278e-001
 5.6502444e-001
 5.6766635e-001
 5.7095885e-001
 5.7431060e-001
 5.7839584e-001
 5.8221519e-001
 5.8591956e-001
 5.8944559e-001
 5.9269094e-001
 5.9577054e-001
 5.9858847e-001
 6.0129768e-001
 6.0381705e-001
 6.0605454e-001
 6.0821861e-001
 6.1036909e-001
 6.1227643e-001
 6.1404878e-001
 6.1566377e-001
 6.1693096e-001
 6.1807054e-001
 6.1896664e-001
 6.1976779e-001
 6.2071586e-001
 6.2183785e-001
 6.2279356e-001
 6.2350297e-001
 6.2438035e-001
 6.2549400e-001
 6.2632138e-001
 6.2728333e-001
 6.2814295e-001
 6.2877905e-001
 6.2903184e-001
 6.2891233e-001
 6.2876856e-001
 6.2830532e-001
 6.2716830e-001
 6.2586278e-001
 6.2415147e-001
 6.2254971e-001
 6.2074083e-001
 6.1901712e-001
 6.1771107e-001
 6.1652029e-001
 6.1515677e-001
 6.1362940e-001
 6.1217982e-001
 6.1076581e-001
 6.0928345e-001
 6.0772026e-001
 6.0628444e-001
 6.0463721e-001
 6.0322243e-001
 6.0186738e-001
 6.0084409e-001
 6.0042351e-001
 6.0037923e-001
 6.0063273e-001
 6.0165793e-001
 6.0275853e-001
 6.0412544e-001
 6.0540485e-001
 6.0684907e-001
 6.0815364e-001
 6.0929352e-001
 6.1021608e-001
 6.1089557e-001
 6.1128759e-001
 6.1174107e-001
 6.1201292e-001
 6.1236143e-001
 6.1256403e-001
 6.1318713e-001
 6.1402947e-001
 6.1508083e-001
 6.1685765e-001
 6.1875862e-001
 6.2060076e-001
 6.2266666e-001
 6.2491202e-001
 6.2744248e-001
 6.2991667e-001
 6.3262641e-001
 6.3517314e-001
 6.3761288e-001
 6.3984931e-001
 6.4209294e-001
 6.4397830e-001
 6.4545679e-001
 6.4666343e-001
 6.4758509e-001
 6.4799678e-001
 6.4834434e-001
 6.4855105e-001
 6.4865619e-001
 6.4869058e-001
 6.4861411e-001
 6.4819264e-001
 6.4785033e-001
 6.4782846e-001
 6.4760697e-001
 6.4706248e-001
 6.4668262e-001
 6.4647758e-001
 6.4587742e-001
 6.4558417e-001
 6.4602661e-001
 6.4634234e-001
 6.4659190e-001
 6.4691615e-001
 6.4729404e-001
 6.4760941e-001
 6.4794320e-001
 6.4824265e-001
 6.4850742e-001
 6.4866871e-001
 6.4873010e-001
 6.4872462e-001
 6.4870626e-001
 6.4856493e-001
 6.4838541e-001
 6.4837706e-001
 6.4820582e-001
 6.4788252e-001
 6.4744502e-001
 6.4706784e-001
 6.4640850e-001
 6.4522839e-001
 6.4400697e-001
 6.4276636e-001
 6.4115155e-001
 6.3955975e-001
 6.3821155e-001
 6.3672167e-001
 6.3515151e-001
 6.3331610e-001
 6.3155895e-001
 6.2938142e-001
 6.2688279e-001
 6.2401658e-001
 6.2025785e-001
 6.1633730e-001
 6.1247253e-001
 6.0771316e-001
 6.0379630e-001
 5.9995198e-001
 5.9723252e-001
 5.9556371e-001
 5.9479237e-001
 5.9572548e-001
 5.9700722e-001
 5.9940642e-001
 6.0188144e-001
 6.0479552e-001
 6.0759914e-001
 6.1010760e-001
 6.1264384e-001
 6.1465567e-001
 6.1636257e-001
 6.1748517e-001
 6.1792403e-001
 6.1804390e-001
 6.1752242e-001
 6.1676127e-001
 6.1588228e-001
 6.1469436e-001
 6.1290145e-001
 6.1111343e-001
 6.0886765e-001
 6.0672772e-001
 6.0484838e-001
 6.0309654e-001
 6.0146904e-001
 5.9990716e-001
 5.9855771e-001
 5.9745967e-001
 5.9636259e-001
 5.9572947e-001
 5.9490627e-001
 5.9382886e-001
 5.9267604e-001
 5.9142971e-001
 5.8995795e-001
 5.8826977e-001
 5.8644378e-001
 5.8422869e-001
 5.8198029e-001
 5.7987207e-001
 5.7759994e-001
 5.7549518e-001
 5.7338655e-001
 5.7159889e-001
 5.6970197e-001
 5.6848609e-001
 5.6767392e-001
 5.6758827e-001
 5.6855124e-001
 5.7001644e-001
 5.7234335e-001
 5.7503396e-001
 5.7836699e-001
 5.8216518e-001
 5.8540279e-001
 5.8877945e-001
 5.9169698e-001
 5.9414667e-001
 5.9587395e-001
 5.9701794e-001
 5.9771931e-001
 5.9729987e-001
 5.9660542e-001
 5.9577155e-001
 5.9462893e-001
 5.9281963e-001
 5.9099597e-001
 5.8923948e-001
 5.8726966e-001
 5.8532339e-001
 5.8341569e-001
 5.8167392e-001
 5.8006811e-001
 5.7845056e-001
 5.7697874e-001
 5.7559139e-001
 5.7412636e-001
 5.7266378e-001
 5.7161826e-001
 5.7038301e-001
 5.6873226e-001
 5.6718600e-001
 5.6553167e-001
 5.6385541e-001
 5.6215733e-001
 5.6072670e-001
 5.5928886e-001
 5.5764699e-001
 5.5573982e-001
 5.5353862e-001
 5.5129379e-001
 5.4907745e-001
 5.4640591e-001
 5.4373723e-001
 5.4056841e-001
 5.3681892e-001
 5.3248376e-001
 5.2772433e-001
 5.2238023e-001
 5.1590878e-001
 5.0918978e-001
 5.0183421e-001
 4.9436989e-001
 4.8682126e-001
 4.7914195e-001
 4.7158706e-001
 4.6416157e-001
 4.5720550e-001
 4.5036453e-001
 4.4418594e-001
 4.3868059e-001
 4.3361285e-001
 4.2929047e-001
 4.2536256e-001
 4.2197216e-001
 4.1876128e-001
 4.1643128e-001
 4.1368505e-001
 4.1138673e-001
 4.0825921e-001
 4.0449715e-001
 3.9979357e-001
 3.9380270e-001
 3.8674834e-001
 3.7886778e-001
 3.7012532e-001
 3.6095473e-001
 3.5097000e-001
 3.4099787e-001
 3.3047640e-001
 3.2023233e-001
 3.1019166e-001
 3.0048192e-001
 2.9069045e-001
 2.8169256e-001
 2.7311939e-001
 2.6550519e-001
 2.5881174e-001
 2.5321031e-001
 2.4856058e-001
 2.4512173e-001
 2.4303587e-001
 2.4204184e-001
 2.4259906e-001
 2.4406776e-001
 2.4621342e-001
 2.4906775e-001
 2.5154635e-001
 2.5452051e-001
 2.5661284e-001
 2.5819287e-001
 2.5888896e-001
 2.5803080e-001
 2.5694197e-001
 2.5490791e-001
 2.5292930e-001
 2.5039902e-001
 2.4841040e-001
 2.4654967e-001
 2.4538021e-001
 2.4508013e-001
 2.4555346e-001
 2.4682204e-001
 2.4892981e-001
 2.5185671e-001
 2.5569463e-001
 2.6048928e-001
 2.6589751e-001
 2.7225474e-001
 2.7963433e-001
 2.8728777e-001
 2.9599518e-001
 3.0449691e-001
 3.1327528e-001
 3.2144976e-001
 3.2984430e-001
 3.3690009e-001
 3.4305224e-001
 3.4780297e-001
 3.5055831e-001
 3.5232183e-001
 3.5242644e-001
 3.5182637e-001
 3.4999412e-001
 3.4778896e-001
 3.4450680e-001
 3.4139434e-001
 3.3831826e-001
 3.3546096e-001
 3.3298314e-001
 3.3091635e-001
 3.2914308e-001
 3.2777077e-001
 3.2732055e-001
 3.2744321e-001
 3.2810301e-001
 3.2959619e-001
 3.3135134e-001
 3.3359540e-001
 3.3598670e-001
 3.3864397e-001
 3.4143782e-001
 3.4409165e-001
 3.4708300e-001
 3.5056892e-001
 3.5406658e-001
 3.5774618e-001
 3.6155540e-001
 3.6558172e-001
 3.6937293e-001
 3.7340859e-001
 3.7716004e-001
 3.8054818e-001
 3.8355878e-001
 3.8604996e-001
 3.8829258e-001
 3.9009723e-001
 3.9150614e-001
 3.9306387e-001
 3.9472887e-001
 3.9632338e-001
 3.9776871e-001
 3.9896300e-001
 3.9963937e-001
 3.9981738e-001
 3.9958647e-001
 3.9916223e-001
 3.9788297e-001
 3.9712378e-001
 3.9605400e-001
 3.9602777e-001
 3.9707851e-001
 3.9882192e-001
 4.0174726e-001
 4.0532297e-001
 4.1031912e-001
 4.1503355e-001
 4.2031166e-001
 4.2523599e-001
 4.2954782e-001
 4.3331844e-001
 4.3675503e-001
 4.3964946e-001
 4.4131190e-001
 4.4268924e-001
 4.4376639e-001
 4.4447497e-001
 4.4502249e-001
 4.4529247e-001
 4.4501236e-001
 4.4450203e-001
 4.4391808e-001
 4.4296777e-001
 4.4168502e-001
 4.3999574e-001
 4.3781471e-001
 4.3526044e-001
 4.3166912e-001
 4.2757148e-001
 4.2343611e-001
 4.1867518e-001
 4.1372582e-001
 4.0885225e-001
 4.0389350e-001
 3.9846355e-001
 3.9304024e-001
 3.8803712e-001
 3.8266754e-001
 3.7684357e-001
 3.7101588e-001
 3.6484253e-001
 3.5880473e-001
 3.5255679e-001
 3.4676203e-001
 3.4097442e-001
 3.3598372e-001
 3.3145571e-001
 3.2808295e-001
 3.2589728e-001
 3.2468364e-001
 3.2516569e-001
 3.2619366e-001
 3.2839909e-001
 3.3083367e-001
 3.3398759e-001
 3.3696896e-001
 3.4000793e-001
 3.4259295e-001
 3.4505877e-001
 3.4676686e-001
 3.4769648e-001
 3.4792134e-001
 3.4662125e-001
 3.4503201e-001
 3.4262499e-001
 3.4014553e-001
 3.3757633e-001
 3.3514333e-001
 3.3233124e-001
 3.3009896e-001
 3.2852834e-001
 3.2741189e-001
 3.2715026e-001
 3.2773450e-001
 3.2853708e-001
 3.2939798e-001
 3.3052254e-001
 3.3177879e-001
 3.3302265e-001
 3.3415851e-001
 3.3480412e-001
 3.3540359e-001
 3.3566275e-001
 3.3542073e-001
 3.3504120e-001
 3.3428040e-001
 3.3344918e-001
 3.3273175e-001
 3.3168349e-001
 3.3033633e-001
 3.2880917e-001
 3.2714051e-001
 3.2500648e-001
 3.2255775e-001
 3.1968504e-001
 3.1677344e-001
 3.1259376e-001
 3.0768719e-001
 3.0167973e-001
 2.9371095e-001
 2.8513408e-001
 2.7554655e-001
 2.6553947e-001
 2.5441888e-001
 2.4345978e-001
 2.3246117e-001
 2.2173160e-001
 2.1083243e-001
 2.0086396e-001
 1.9201177e-001
 1.8352532e-001
 1.7532219e-001
 1.6854736e-001
 1.6208749e-001
 1.5720345e-001
 1.5443455e-001
 1.5324830e-001
 1.5381169e-001
 1.5563297e-001
 1.6014402e-001
 1.6498831e-001
 1.7084974e-001
 1.7668669e-001
 1.8317939e-001
 1.8894197e-001
 1.9324751e-001
 1.9772297e-001
 2.0217597e-001
 2.0588858e-001
 2.0933463e-001
 2.1270919e-001
 2.1485142e-001
 2.1694301e-001
 2.2010075e-001
 2.2271964e-001
 2.2394037e-001
 2.2553766e-001
 2.2761084e-001
 2.2926648e-001
 2.3138322e-001
 2.3315904e-001
 2.3351634e-001
 2.3410232e-001
 2.3495716e-001
 2.3568478e-001
 2.3698375e-001
 2.3785172e-001
 2.3823179e-001
 2.3837878e-001
 2.3786590e-001
 2.3723745e-001
 2.3632888e-001
 2.3550262e-001
 2.3431034e-001
 2.3340070e-001
 2.3434556e-001
 2.3403399e-001
 2.3177709e-001
 2.3025265e-001
 2.2790618e-001
 2.2555032e-001
 2.2492647e-001
 2.2423628e-001
 2.2231990e-001
 2.2086640e-001
 2.2017598e-001
 2.1972524e-001
 2.1977995e-001
 2.1978630e-001
 2.2048445e-001
 2.2074060e-001
 2.2003838e-001
 2.1950704e-001
 2.1869594e-001
 2.1793936e-001
 2.1704733e-001
 2.1682826e-001
 2.1658742e-001
 2.1721631e-001
 2.1961764e-001
 2.2222003e-001
 2.2522140e-001
 2.2865616e-001
 2.3329791e-001
 2.3708992e-001
 2.4106190e-001
 2.4409834e-001
 2.4485476e-001
 2.4553700e-001
 2.4593930e-001
 2.4589242e-001
 2.4533400e-001
 2.4484451e-001
 2.4383624e-001
 2.4316287e-001
 2.4254456e-001
 2.4283284e-001
 2.4392793e-001
 2.4555606e-001
 2.4887502e-001
 2.5192714e-001
 2.5416297e-001
 2.5737256e-001
 2.6192772e-001
 2.6560217e-001
 2.6939014e-001
 2.7325788e-001
 2.7554488e-001
 2.7871168e-001
 2.8193313e-001
 2.8453249e-001
 2.8685266e-001
 2.8731981e-001
 2.8790286e-001
 2.8854424e-001
 2.8825271e-001
 2.8888723e-001
 2.8952196e-001
 2.8956082e-001
 2.8958070e-001
 2.8954861e-001
 2.8991407e-001
 2.9016072e-001
 2.9075921e-001
 2.9215467e-001
 2.9386649e-001
 2.9675546e-001
 2.9926813e-001
 3.0085346e-001
 3.0313328e-001
 3.0496588e-001
 3.0721235e-001
 3.1290680e-001
 3.1736585e-001
 3.2001260e-001
 3.2245097e-001
 3.2276419e-001
 3.2292855e-001
 3.2325333e-001
 3.2375121e-001
 3.2573074e-001
 3.2585952e-001
 3.2335892e-001
 3.2167527e-001
 3.1699717e-001
 3.1375647e-001
 3.1583229e-001
 3.1680706e-001
 3.1772375e-001
 3.1842801e-001
 3.1640175e-001
 3.1535020e-001
 3.1542307e-001
 3.1597498e-001
 3.1947160e-001
 3.2231760e-001
 3.1962878e-001
 3.0938715e-001
 2.9986331e-001
 2.9590425e-001
 2.9337883e-001
 2.8826633e-001
 2.8300020e-001
 2.7846268e-001
 2.6945871e-001
 2.6945856e-001
