splib07b Record=23227: Benzopyrene SA-B1760         ASDHRa AREF
 1.0909387e-001
 1.0910057e-001
 1.1009812e-001
 1.0418635e-001
 1.0012594e-001
 9.5477320e-002
 8.8573463e-002
 8.7164603e-002
 8.3715945e-002
 8.1340894e-002
 8.3227277e-002
 7.6726660e-002
 7.1480840e-002
 7.1681514e-002
 7.3056944e-002
 6.9797896e-002
 6.5728150e-002
 6.4916298e-002
 6.6789150e-002
 6.6172615e-002
 6.4485349e-002
 6.4264163e-002
 6.4410254e-002
 6.2412202e-002
 6.0067903e-002
 6.0556650e-002
 6.1779853e-002
 6.1535876e-002
 6.0606427e-002
 6.0968827e-002
 5.8955293e-002
 5.8558118e-002
 6.0060747e-002
 5.9343573e-002
 6.0805336e-002
 6.1348509e-002
 5.9338555e-002
 5.9236478e-002
 5.9809349e-002
 5.9516709e-002
 5.8514640e-002
 6.0626708e-002
 6.0738761e-002
 5.8732674e-002
 5.8561534e-002
 5.8936730e-002
 5.9420802e-002
 5.9350498e-002
 5.8607757e-002
 5.8227219e-002
 5.8460917e-002
 5.8843300e-002
 5.8551628e-002
 5.8814000e-002
 5.9251670e-002
 5.9079655e-002
 5.9130844e-002
 5.8787465e-002
 5.8343031e-002
 5.8664143e-002
 5.8842923e-002
 5.8961246e-002
 5.9071366e-002
 5.9116930e-002
 5.9291158e-002
 5.9487209e-002
 5.9593014e-002
 5.9750617e-002
 5.9841543e-002
 5.9684165e-002
 5.9373353e-002
 5.9673660e-002
 5.9723441e-002
 5.9439920e-002
 5.9729211e-002
 5.9791811e-002
 6.0015239e-002
 6.0509119e-002
 6.0457602e-002
 6.0439046e-002
 6.0705513e-002
 6.1227471e-002
 6.1702270e-002
 6.2156223e-002
 6.2692501e-002
 6.3397370e-002
 6.4111054e-002
 6.5037355e-002
 6.6141926e-002
 6.6947326e-002
 6.7858502e-002
 6.8998471e-002
 7.0299588e-002
 7.1614519e-002
 7.3053673e-002
 7.4597895e-002
 7.6116376e-002
 7.7683389e-002
 7.9122223e-002
 8.0461137e-002
 8.2043320e-002
 8.3546415e-002
 8.4939197e-002
 8.6348183e-002
 8.7839790e-002
 8.9181706e-002
 9.0481289e-002
 9.2075676e-002
 9.3624823e-002
 9.5365122e-002
 9.7306602e-002
 9.9078901e-002
 1.0115463e-001
 1.0347910e-001
 1.0590545e-001
 1.0867953e-001
 1.1156160e-001
 1.1452589e-001
 1.1778550e-001
 1.2132140e-001
 1.2493059e-001
 1.2862432e-001
 1.3275327e-001
 1.3684006e-001
 1.4105996e-001
 1.4566307e-001
 1.5019186e-001
 1.5486695e-001
 1.5967718e-001
 1.6443066e-001
 1.6936973e-001
 1.7450817e-001
 1.7978111e-001
 1.8506688e-001
 1.9041534e-001
 1.9585994e-001
 2.0143040e-001
 2.0711264e-001
 2.1283625e-001
 2.1856037e-001
 2.2431275e-001
 2.3014989e-001
 2.3602878e-001
 2.4190132e-001
 2.4774128e-001
 2.5344029e-001
 2.5904888e-001
 2.6468515e-001
 2.7021986e-001
 2.7548712e-001
 2.8051525e-001
 2.8555644e-001
 2.9046863e-001
 2.9518405e-001
 2.9966491e-001
 3.0401495e-001
 3.0833960e-001
 3.1255433e-001
 3.1648672e-001
 3.2029921e-001
 3.2408696e-001
 3.2786229e-001
 3.3147556e-001
 3.3490565e-001
 3.3834547e-001
 3.4188846e-001
 3.4515768e-001
 3.4835199e-001
 3.5157159e-001
 3.5477221e-001
 3.5782930e-001
 3.6077306e-001
 3.6365971e-001
 3.6650211e-001
 3.6922938e-001
 3.7189794e-001
 3.7456048e-001
 3.7705985e-001
 3.7948972e-001
 3.8187635e-001
 3.8415447e-001
 3.8635668e-001
 3.8850686e-001
 3.9058256e-001
 3.9249748e-001
 3.9434496e-001
 3.9613837e-001
 3.9784330e-001
 3.9947197e-001
 4.0103319e-001
 4.0251061e-001
 4.0386546e-001
 4.0514547e-001
 4.0637356e-001
 4.0753442e-001
 4.0856966e-001
 4.0957227e-001
 4.1053924e-001
 4.1137984e-001
 4.1212597e-001
 4.1281196e-001
 4.1345847e-001
 4.1403902e-001
 4.1456771e-001
 4.1500038e-001
 4.1530457e-001
 4.1557220e-001
 4.1577864e-001
 4.1589466e-001
 4.1593716e-001
 4.1603515e-001
 4.1611359e-001
 4.1609851e-001
 4.1608644e-001
 4.1604879e-001
 4.1598946e-001
 4.1592342e-001
 4.1584271e-001
 4.1579428e-001
 4.1578439e-001
 4.1575471e-001
 4.1575208e-001
 4.1577277e-001
 4.1579437e-001
 4.1581738e-001
 4.1586778e-001
 4.1597143e-001
 4.1613576e-001
 4.1634104e-001
 4.1664195e-001
 4.1705146e-001
 4.1747367e-001
 4.1795614e-001
 4.1853580e-001
 4.1920090e-001
 4.1982332e-001
 4.2045075e-001
 4.2111018e-001
 4.2176455e-001
 4.2240101e-001
 4.2302826e-001
 4.2367789e-001
 4.2436013e-001
 4.2499045e-001
 4.2555347e-001
 4.2611465e-001
 4.2669109e-001
 4.2722601e-001
 4.2767480e-001
 4.2807430e-001
 4.2843762e-001
 4.2877063e-001
 4.2904174e-001
 4.2918703e-001
 4.2928731e-001
 4.2940757e-001
 4.2951074e-001
 4.2943898e-001
 4.2930284e-001
 4.2922750e-001
 4.2912400e-001
 4.2902792e-001
 4.2894047e-001
 4.2885712e-001
 4.2881873e-001
 4.2881814e-001
 4.2886832e-001
 4.2901143e-001
 4.2922285e-001
 4.2953083e-001
 4.2996198e-001
 4.3049169e-001
 4.3118906e-001
 4.3206191e-001
 4.3305105e-001
 4.3416709e-001
 4.3542978e-001
 4.3685192e-001
 4.3842104e-001
 4.4017714e-001
 4.4211623e-001
 4.4420469e-001
 4.4644630e-001
 4.4887671e-001
 4.5150664e-001
 4.5429492e-001
 4.5722449e-001
 4.6034026e-001
 4.6366757e-001
 4.6710825e-001
 4.7068161e-001
 4.7438371e-001
 4.7820473e-001
 4.8214763e-001
 4.8614785e-001
 4.9015456e-001
 4.9418467e-001
 4.9828783e-001
 5.0241399e-001
 5.0648588e-001
 5.1053798e-001
 5.1454198e-001
 5.1850152e-001
 5.2243102e-001
 5.2623397e-001
 5.2991098e-001
 5.3349471e-001
 5.3701031e-001
 5.4042274e-001
 5.4366887e-001
 5.4671687e-001
 5.4967541e-001
 5.5248386e-001
 5.5510783e-001
 5.5759209e-001
 5.5999041e-001
 5.6223893e-001
 5.6429857e-001
 5.6627774e-001
 5.6811070e-001
 5.6983781e-001
 5.7152325e-001
 5.7304084e-001
 5.7447439e-001
 5.7588905e-001
 5.7726032e-001
 5.7856613e-001
 5.7978737e-001
 5.8092409e-001
 5.8202565e-001
 5.8314681e-001
 5.8428252e-001
 5.8537811e-001
 5.8646572e-001
 5.8758515e-001
 5.8871967e-001
 5.8975750e-001
 5.9074330e-001
 5.9172732e-001
 5.9274149e-001
 5.9372592e-001
 5.9470427e-001
 5.9565192e-001
 5.9652817e-001
 5.9742475e-001
 5.9832573e-001
 5.9920281e-001
 6.0005248e-001
 6.0088164e-001
 6.0172975e-001
 6.0263020e-001
 6.0353696e-001
 6.0444075e-001
 6.0531425e-001
 6.0614222e-001
 6.0701638e-001
 6.0790390e-001
 6.0875243e-001
 6.0955089e-001
 6.1029154e-001
 6.1099434e-001
 6.1167443e-001
 6.1227983e-001
 6.1282289e-001
 6.1334097e-001
 6.1387062e-001
 6.1436766e-001
 6.1486202e-001
 6.1541677e-001
 6.1607814e-001
 6.1674768e-001
 6.1740988e-001
 6.1809993e-001
 6.1882138e-001
 6.1957002e-001
 6.2032568e-001
 6.2108099e-001
 6.2190527e-001
 6.2276167e-001
 6.2358719e-001
 6.2436461e-001
 6.2515855e-001
 6.2595373e-001
 6.2669402e-001
 6.2738478e-001
 6.2806016e-001
 6.2868756e-001
 6.2920153e-001
 6.2973529e-001
 6.3022351e-001
 6.3061231e-001
 6.3095284e-001
 6.3125598e-001
 6.3153881e-001
 6.3180619e-001
 6.3202739e-001
 6.3217497e-001
 6.3226753e-001
 6.3235861e-001
 6.3242072e-001
 6.3244581e-001
 6.3244110e-001
 6.3243914e-001
 6.3244110e-001
 6.3245457e-001
 6.3247949e-001
 6.3249671e-001
 6.3251787e-001
 6.3258344e-001
 6.3273031e-001
 6.3292342e-001
 6.3322735e-001
 6.3367915e-001
 6.3425201e-001
 6.3492113e-001
 6.3569945e-001
 6.3659370e-001
 6.3755554e-001
 6.3853401e-001
 6.3954717e-001
 6.4062911e-001
 6.4170277e-001
 6.4272898e-001
 6.4370447e-001
 6.4466095e-001
 6.4557981e-001
 6.4642555e-001
 6.4721310e-001
 6.4801389e-001
 6.4873505e-001
 6.4940917e-001
 6.5008092e-001
 6.5070897e-001
 6.5130001e-001
 6.5187550e-001
 6.5245140e-001
 6.5299159e-001
 6.5351182e-001
 6.5401953e-001
 6.5450859e-001
 6.5498674e-001
 6.5549093e-001
 6.5602231e-001
 6.5650642e-001
 6.5692830e-001
 6.5731776e-001
 6.5770543e-001
 6.5806437e-001
 6.5844119e-001
 6.5884465e-001
 6.5924132e-001
 6.5958208e-001
 6.5988666e-001
 6.6019517e-001
 6.6053116e-001
 6.6082829e-001
 6.6111076e-001
 6.6139370e-001
 6.6166759e-001
 6.6197002e-001
 6.6224754e-001
 6.6247755e-001
 6.6273928e-001
 6.6295630e-001
 6.6316628e-001
 6.6343272e-001
 6.6368955e-001
 6.6390872e-001
 6.6408682e-001
 6.6426319e-001
 6.6446674e-001
 6.6464996e-001
 6.6477394e-001
 6.6487885e-001
 6.6508311e-001
 6.6526586e-001
 6.6537976e-001
 6.6558290e-001
 6.6580439e-001
 6.6599202e-001
 6.6612512e-001
 6.6627139e-001
 6.6642708e-001
 6.6658396e-001
 6.6673028e-001
 6.6687584e-001
 6.6704202e-001
 6.6719729e-001
 6.6729885e-001
 6.6742599e-001
 6.6758454e-001
 6.6776246e-001
 6.6791570e-001
 6.6800117e-001
 6.6809398e-001
 6.6821361e-001
 6.6829509e-001
 6.6842788e-001
 6.6853648e-001
 6.6860813e-001
 6.6875702e-001
 6.6884738e-001
 6.6888762e-001
 6.6893309e-001
 6.6898972e-001
 6.6898829e-001
 6.6893929e-001
 6.6888231e-001
 6.6878754e-001
 6.6863143e-001
 6.6840935e-001
 6.6811520e-001
 6.6769224e-001
 6.6715467e-001
 6.6651481e-001
 6.6578346e-001
 6.6497672e-001
 6.6408497e-001
 6.6314256e-001
 6.6219479e-001
 6.6117483e-001
 6.6018426e-001
 6.5920603e-001
 6.5814942e-001
 6.5732926e-001
 6.5675545e-001
 6.5646636e-001
 6.5658909e-001
 6.5714461e-001
 6.5817249e-001
 6.5963846e-001
 6.6141015e-001
 6.6342086e-001
 6.6558325e-001
 6.6777080e-001
 6.6983694e-001
 6.7179561e-001
 6.7354786e-001
 6.7505985e-001
 6.7646992e-001
 6.7773581e-001
 6.7886543e-001
 6.7988557e-001
 6.8083066e-001
 6.8171734e-001
 6.8256092e-001
 6.8335944e-001
 6.8410850e-001
 6.8487817e-001
 6.8566746e-001
 6.8643552e-001
 6.8716526e-001
 6.8787414e-001
 6.8855375e-001
 6.8923169e-001
 6.9000715e-001
 6.9078916e-001
 6.9147807e-001
 6.9209200e-001
 6.9285041e-001
 6.9360274e-001
 6.9429332e-001
 6.9491965e-001
 6.9552070e-001
 6.9624203e-001
 6.9696480e-001
 6.9750851e-001
 6.9806719e-001
 6.9876432e-001
 6.9947577e-001
 7.0004451e-001
 7.0066178e-001
 7.0127642e-001
 7.0196056e-001
 7.0270365e-001
 7.0327300e-001
 7.0384872e-001
 7.0447153e-001
 7.0509118e-001
 7.0565218e-001
 7.0619673e-001
 7.0675910e-001
 7.0737743e-001
 7.0803320e-001
 7.0857829e-001
 7.0905858e-001
 7.0959669e-001
 7.1019441e-001
 7.1072930e-001
 7.1118075e-001
 7.1162963e-001
 7.1218979e-001
 7.1274918e-001
 7.1325082e-001
 7.1367961e-001
 7.1409935e-001
 7.1459502e-001
 7.1520764e-001
 7.1587902e-001
 7.1644104e-001
 7.1687269e-001
 7.1732497e-001
 7.1785283e-001
 7.1831429e-001
 7.1867031e-001
 7.1891803e-001
 7.1927798e-001
 7.1991134e-001
 7.2030449e-001
 7.2066694e-001
 7.2107917e-001
 7.2150350e-001
 7.2195184e-001
 7.2224456e-001
 7.2249073e-001
 7.2286898e-001
 7.2322983e-001
 7.2364670e-001
 7.2401541e-001
 7.2434890e-001
 7.2489518e-001
 7.2533172e-001
 7.2565132e-001
 7.2593951e-001
 7.2625846e-001
 7.2661400e-001
 7.2691697e-001
 7.2723639e-001
 7.2776121e-001
 7.2820741e-001
 7.2839564e-001
 7.2859573e-001
 7.2904843e-001
 7.2906524e-001
 7.2941482e-001
 7.3003829e-001
 7.3044878e-001
 7.3074496e-001
 7.3098171e-001
 7.3133814e-001
 7.3183465e-001
 7.3221296e-001
 7.3251277e-001
 7.3262608e-001
 7.3270535e-001
 7.3316258e-001
 7.3375833e-001
 7.3398155e-001
 7.3393077e-001
 7.3433256e-001
 7.3478717e-001
 7.3564166e-001
 7.3609477e-001
 7.3649162e-001
 7.3698080e-001
 7.3732799e-001
 7.3768109e-001
 7.3794037e-001
 7.3803657e-001
 7.3818952e-001
 7.3831373e-001
 7.3846787e-001
 7.3864901e-001
 7.3873246e-001
 7.3887223e-001
 7.3905659e-001
 7.3924190e-001
 7.3942220e-001
 7.3966867e-001
 7.3991442e-001
 7.4028772e-001
 7.4079037e-001
 7.4123496e-001
 7.4184251e-001
 7.4223036e-001
 7.4240565e-001
 7.4273169e-001
 7.4314022e-001
 7.4336439e-001
 7.4363506e-001
 7.4397069e-001
 7.4424720e-001
 7.4439788e-001
 7.4461609e-001
 7.4486136e-001
 7.4519938e-001
 7.4559695e-001
 7.4591607e-001
 7.4630672e-001
 7.4658483e-001
 7.4674863e-001
 7.4691647e-001
 7.4698585e-001
 7.4729186e-001
 7.4745971e-001
 7.4758810e-001
 7.4796742e-001
 7.4829775e-001
 7.4856776e-001
 7.4892694e-001
 7.4909943e-001
 7.4913228e-001
 7.4913961e-001
 7.4898785e-001
 7.4892932e-001
 7.4908084e-001
 7.4920607e-001
 7.4961662e-001
 7.5013596e-001
 7.5043714e-001
 7.5070286e-001
 7.5090379e-001
 7.5114322e-001
 7.5132143e-001
 7.5140566e-001
 7.5166416e-001
 7.5199711e-001
 7.5223053e-001
 7.5262201e-001
 7.5286186e-001
 7.5298077e-001
 7.5294644e-001
 7.5303239e-001
 7.5330353e-001
 7.5355047e-001
 7.5365132e-001
 7.5375134e-001
 7.5371796e-001
 7.5353366e-001
 7.5355899e-001
 7.5360954e-001
 7.5373679e-001
 7.5373399e-001
 7.5374389e-001
 7.5373614e-001
 7.5366956e-001
 7.5353158e-001
 7.5347668e-001
 7.5348765e-001
 7.5338387e-001
 7.5324434e-001
 7.5309223e-001
 7.5289196e-001
 7.5263375e-001
 7.5235689e-001
 7.5212836e-001
 7.5181216e-001
 7.5146240e-001
 7.5112861e-001
 7.5071740e-001
 7.5025809e-001
 7.4969447e-001
 7.4911052e-001
 7.4838829e-001
 7.4754924e-001
 7.4667776e-001
 7.4591184e-001
 7.4516857e-001
 7.4418831e-001
 7.4323130e-001
 7.4224746e-001
 7.4099392e-001
 7.3971426e-001
 7.3844045e-001
 7.3688298e-001
 7.3510063e-001
 7.3306870e-001
 7.3089486e-001
 7.2842866e-001
 7.2562987e-001
 7.2255218e-001
 7.1906561e-001
 7.1503818e-001
 7.1046191e-001
 7.0530689e-001
 6.9962060e-001
 6.9358420e-001
 6.8716979e-001
 6.8019819e-001
 6.7285120e-001
 6.6504854e-001
 6.5687037e-001
 6.4855129e-001
 6.4000231e-001
 6.3125920e-001
 6.2243688e-001
 6.1372560e-001
 6.0507262e-001
 5.9673291e-001
 5.8873051e-001
 5.8123392e-001
 5.7447082e-001
 5.6857038e-001
 5.6378192e-001
 5.6025136e-001
 5.5817628e-001
 5.5773759e-001
 5.5917537e-001
 5.6220531e-001
 5.6672567e-001
 5.7289690e-001
 5.8037966e-001
 5.8883113e-001
 5.9802622e-001
 6.0779196e-001
 6.1771750e-001
 6.2769783e-001
 6.3743818e-001
 6.4667779e-001
 6.5548182e-001
 6.6360927e-001
 6.7122239e-001
 6.7830420e-001
 6.8472022e-001
 6.9057000e-001
 6.9594169e-001
 7.0071238e-001
 7.0480812e-001
 7.0860374e-001
 7.1190357e-001
 7.1484411e-001
 7.1754038e-001
 7.2000098e-001
 7.2228980e-001
 7.2439897e-001
 7.2635317e-001
 7.2824401e-001
 7.2995210e-001
 7.3143804e-001
 7.3291779e-001
 7.3428220e-001
 7.3564142e-001
 7.3701495e-001
 7.3827004e-001
 7.3944700e-001
 7.4060833e-001
 7.4166620e-001
 7.4270809e-001
 7.4376166e-001
 7.4472386e-001
 7.4557853e-001
 7.4642485e-001
 7.4718988e-001
 7.4793977e-001
 7.4864829e-001
 7.4928784e-001
 7.4997026e-001
 7.5057125e-001
 7.5108922e-001
 7.5162995e-001
 7.5209075e-001
 7.5248474e-001
 7.5286674e-001
 7.5323415e-001
 7.5356728e-001
 7.5384498e-001
 7.5411439e-001
 7.5436580e-001
 7.5459486e-001
 7.5480664e-001
 7.5504804e-001
 7.5522184e-001
 7.5544882e-001
 7.5569683e-001
 7.5591558e-001
 7.5618494e-001
 7.5635880e-001
 7.5650984e-001
 7.5677818e-001
 7.5704098e-001
 7.5731260e-001
 7.5759929e-001
 7.5786245e-001
 7.5817424e-001
 7.5852984e-001
 7.5891483e-001
 7.5932050e-001
 7.5979614e-001
 7.6033610e-001
 7.6082033e-001
 7.6131302e-001
 7.6179385e-001
 7.6220238e-001
 7.6260561e-001
 7.6292747e-001
 7.6317918e-001
 7.6343000e-001
 7.6365578e-001
 7.6396328e-001
 7.6431543e-001
 7.6459497e-001
 7.6481563e-001
 7.6509392e-001
 7.6536065e-001
 7.6563156e-001
 7.6595956e-001
 7.6623487e-001
 7.6646155e-001
 7.6671666e-001
 7.6696306e-001
 7.6715976e-001
 7.6728392e-001
 7.6740241e-001
 7.6759034e-001
 7.6776516e-001
 7.6788539e-001
 7.6796675e-001
 7.6800913e-001
 7.6806182e-001
 7.6816046e-001
 7.6838076e-001
 7.6848823e-001
 7.6855236e-001
 7.6861268e-001
 7.6864803e-001
 7.6866442e-001
 7.6864809e-001
 7.6864177e-001
 7.6863241e-001
 7.6860428e-001
 7.6854104e-001
 7.6846439e-001
 7.6829201e-001
 7.6811671e-001
 7.6799655e-001
 7.6786602e-001
 7.6778048e-001
 7.6770109e-001
 7.6756310e-001
 7.6740819e-001
 7.6728034e-001
 7.6717955e-001
 7.6700997e-001
 7.6685250e-001
 7.6663488e-001
 7.6630324e-001
 7.6601785e-001
 7.6578033e-001
 7.6544380e-001
 7.6507246e-001
 7.6467621e-001
 7.6422399e-001
 7.6371384e-001
 7.6314813e-001
 7.6259243e-001
 7.6199919e-001
 7.6131940e-001
 7.6074493e-001
 7.6015806e-001
 7.5947726e-001
 7.5886589e-001
 7.5832075e-001
 7.5777024e-001
 7.5733906e-001
 7.5705671e-001
 7.5673193e-001
 7.5647116e-001
 7.5616091e-001
 7.5585836e-001
 7.5553709e-001
 7.5522810e-001
 7.5484794e-001
 7.5443697e-001
 7.5397336e-001
 7.5343573e-001
 7.5291288e-001
 7.5234318e-001
 7.5174302e-001
 7.5105870e-001
 7.5029624e-001
 7.4947464e-001
 7.4867743e-001
 7.4800211e-001
 7.4734908e-001
 7.4672794e-001
 7.4618059e-001
 7.4566376e-001
 7.4514300e-001
 7.4468470e-001
 7.4426138e-001
 7.4393362e-001
 7.4365932e-001
 7.4346173e-001
 7.4343407e-001
 7.4330699e-001
 7.4320608e-001
 7.4302948e-001
 7.4288547e-001
 7.4256986e-001
 7.4213195e-001
 7.4168164e-001
 7.4109983e-001
 7.4043357e-001
 7.3979163e-001
 7.3907560e-001
 7.3824066e-001
 7.3743266e-001
 7.3669791e-001
 7.3590398e-001
 7.3521972e-001
 7.3467928e-001
 7.3402822e-001
 7.3340154e-001
 7.3270488e-001
 7.3192912e-001
 7.3116457e-001
 7.3031080e-001
 7.2957629e-001
 7.2883189e-001
 7.2823536e-001
 7.2772419e-001
 7.2731519e-001
 7.2703695e-001
 7.2678548e-001
 7.2660136e-001
 7.2648454e-001
 7.2637624e-001
 7.2635782e-001
 7.2639811e-001
 7.2644150e-001
 7.2658020e-001
 7.2670496e-001
 7.2682858e-001
 7.2697979e-001
 7.2707099e-001
 7.2714090e-001
 7.2719175e-001
 7.2726154e-001
 7.2720963e-001
 7.2707433e-001
 7.2695738e-001
 7.2676313e-001
 7.2660840e-001
 7.2651261e-001
 7.2633976e-001
 7.2616351e-001
 7.2588599e-001
 7.2555584e-001
 7.2516084e-001
 7.2469771e-001
 7.2417229e-001
 7.2352850e-001
 7.2292739e-001
 7.2224778e-001
 7.2162634e-001
 7.2111595e-001
 7.2067374e-001
 7.2032565e-001
 7.1995163e-001
 7.1956873e-001
 7.1923327e-001
 7.1889389e-001
 7.1854562e-001
 7.1818793e-001
 7.1781772e-001
 7.1746945e-001
 7.1712905e-001
 7.1677196e-001
 7.1642780e-001
 7.1607554e-001
 7.1568316e-001
 7.1531850e-001
 7.1496475e-001
 7.1462405e-001
 7.1426249e-001
 7.1397680e-001
 7.1365803e-001
 7.1352249e-001
 7.1338850e-001
 7.1353364e-001
 7.1386540e-001
 7.1437311e-001
 7.1511662e-001
 7.1598196e-001
 7.1703619e-001
 7.1821791e-001
 7.1944338e-001
 7.2072399e-001
 7.2192466e-001
 7.2307146e-001
 7.2421765e-001
 7.2529519e-001
 7.2626716e-001
 7.2713882e-001
 7.2786772e-001
 7.2846574e-001
 7.2900045e-001
 7.2946018e-001
 7.2979075e-001
 7.2999310e-001
 7.3017406e-001
 7.3023337e-001
 7.3028350e-001
 7.3032093e-001
 7.3027158e-001
 7.3012495e-001
 7.3000097e-001
 7.2983015e-001
 7.2965717e-001
 7.2943950e-001
 7.2928244e-001
 7.2910881e-001
 7.2899169e-001
 7.2895831e-001
 7.2890973e-001
 7.2888023e-001
 7.2886109e-001
 7.2884423e-001
 7.2883582e-001
 7.2885644e-001
 7.2886324e-001
 7.2884208e-001
 7.2882766e-001
 7.2873127e-001
 7.2864532e-001
 7.2862840e-001
 7.2866213e-001
 7.2875613e-001
 7.2891289e-001
 7.2908145e-001
 7.2924048e-001
 7.2953296e-001
 7.2986448e-001
 7.3022389e-001
 7.3068851e-001
 7.3107147e-001
 7.3145223e-001
 7.3177689e-001
 7.3206931e-001
 7.3232371e-001
 7.3254400e-001
 7.3273528e-001
 7.3287386e-001
 7.3302412e-001
 7.3315638e-001
 7.3327625e-001
 7.3338372e-001
 7.3349154e-001
 7.3358339e-001
 7.3366213e-001
 7.3374540e-001
 7.3382902e-001
 7.3382783e-001
 7.3397124e-001
 7.3413807e-001
 7.3441660e-001
 7.3475391e-001
 7.3526967e-001
 7.3591053e-001
 7.3666781e-001
 7.3766947e-001
 7.3863339e-001
 7.3967224e-001
 7.4071681e-001
 7.4176222e-001
 7.4280095e-001
 7.4376363e-001
 7.4470210e-001
 7.4555463e-001
 7.4629229e-001
 7.4698663e-001
 7.4767721e-001
 7.4839139e-001
 7.4904382e-001
 7.4967092e-001
 7.5031042e-001
 7.5083023e-001
 7.5135374e-001
 7.5190616e-001
 7.5239062e-001
 7.5288230e-001
 7.5334895e-001
 7.5374579e-001
 7.5414145e-001
 7.5451267e-001
 7.5488275e-001
 7.5515735e-001
 7.5536996e-001
 7.5558573e-001
 7.5571698e-001
 7.5590163e-001
 7.5617343e-001
 7.5627649e-001
 7.5627267e-001
 7.5632566e-001
 7.5631785e-001
 7.5632089e-001
 7.5638843e-001
 7.5638109e-001
 7.5630134e-001
 7.5621432e-001
 7.5606459e-001
 7.5599521e-001
 7.5591749e-001
 7.5590140e-001
 7.5596952e-001
 7.5605357e-001
 7.5615168e-001
 7.5628585e-001
 7.5646102e-001
 7.5665152e-001
 7.5690466e-001
 7.5712025e-001
 7.5736278e-001
 7.5757086e-001
 7.5774825e-001
 7.5789922e-001
 7.5801665e-001
 7.5814414e-001
 7.5826257e-001
 7.5835425e-001
 7.5844878e-001
 7.5851166e-001
 7.5853670e-001
 7.5853854e-001
 7.5846303e-001
 7.5835544e-001
 7.5820112e-001
 7.5792789e-001
 7.5763190e-001
 7.5733858e-001
 7.5692099e-001
 7.5642467e-001
 7.5587797e-001
 7.5520265e-001
 7.5448847e-001
 7.5377595e-001
 7.5298399e-001
 7.5216311e-001
 7.5125933e-001
 7.5032079e-001
 7.4937826e-001
 7.4832118e-001
 7.4728376e-001
 7.4623007e-001
 7.4506122e-001
 7.4393886e-001
 7.4282616e-001
 7.4167031e-001
 7.4057722e-001
 7.3950344e-001
 7.3841244e-001
 7.3733103e-001
 7.3630142e-001
 7.3523074e-001
 7.3411053e-001
 7.3296058e-001
 7.3169011e-001
 7.3034745e-001
 7.2889358e-001
 7.2723448e-001
 7.2549909e-001
 7.2364026e-001
 7.2157377e-001
 7.1935421e-001
 7.1688724e-001
 7.1431601e-001
 7.1174014e-001
 7.0913577e-001
 7.0649624e-001
 7.0366687e-001
 7.0071977e-001
 6.9770336e-001
 6.9453794e-001
 6.9127750e-001
 6.8787009e-001
 6.8409973e-001
 6.8001175e-001
 6.7563874e-001
 6.7088944e-001
 6.6580313e-001
 6.6034049e-001
 6.5449572e-001
 6.4822316e-001
 6.4154845e-001
 6.3453090e-001
 6.2713683e-001
 6.1924893e-001
 6.1112124e-001
 6.0277820e-001
 5.9414715e-001
 5.8545399e-001
 5.7676452e-001
 5.6790602e-001
 5.5911320e-001
 5.5056632e-001
 5.4231882e-001
 5.3466004e-001
 5.2769464e-001
 5.2162760e-001
 5.1643330e-001
 5.1232809e-001
 5.0925982e-001
 5.0729001e-001
 5.0613821e-001
 5.0575721e-001
 5.0585485e-001
 5.0606996e-001
 5.0626367e-001
 5.0616848e-001
 5.0571585e-001
 5.0477272e-001
 5.0338405e-001
 5.0135893e-001
 4.9879843e-001
 4.9569619e-001
 4.9210683e-001
 4.8801556e-001
 4.8344040e-001
 4.7838932e-001
 4.7289631e-001
 4.6691418e-001
 4.6042663e-001
 4.5350540e-001
 4.4616795e-001
 4.3842566e-001
 4.3047112e-001
 4.2247793e-001
 4.1451842e-001
 4.0677145e-001
 3.9918685e-001
 3.9177015e-001
 3.8444495e-001
 3.7712923e-001
 3.6960211e-001
 3.6174625e-001
 3.5375169e-001
 3.4547573e-001
 3.3725953e-001
 3.2924011e-001
 3.2155964e-001
 3.1450456e-001
 3.0845231e-001
 3.0373824e-001
 3.0047771e-001
 2.9907909e-001
 2.9943937e-001
 3.0165058e-001
 3.0543202e-001
 3.1072545e-001
 3.1719866e-001
 3.2457572e-001
 3.3260816e-001
 3.4107724e-001
 3.4984240e-001
 3.5863814e-001
 3.6742249e-001
 3.7605354e-001
 3.8455865e-001
 3.9299732e-001
 4.0132040e-001
 4.0946862e-001
 4.1760415e-001
 4.2551911e-001
 4.3331450e-001
 4.4104579e-001
 4.4837430e-001
 4.5541000e-001
 4.6214393e-001
 4.6838799e-001
 4.7423968e-001
 4.7964701e-001
 4.8464379e-001
 4.8931286e-001
 4.9360868e-001
 4.9763435e-001
 5.0155073e-001
 5.0541717e-001
 5.0927746e-001
 5.1304942e-001
 5.1677102e-001
 5.2049917e-001
 5.2411026e-001
 5.2762550e-001
 5.3107446e-001
 5.3436977e-001
 5.3756714e-001
 5.4074532e-001
 5.4392773e-001
 5.4706442e-001
 5.5015785e-001
 5.5323446e-001
 5.5617899e-001
 5.5899030e-001
 5.6166190e-001
 5.6415725e-001
 5.6639868e-001
 5.6838906e-001
 5.7009912e-001
 5.7154244e-001
 5.7285380e-001
 5.7406658e-001
 5.7511294e-001
 5.7605195e-001
 5.7694238e-001
 5.7778221e-001
 5.7872123e-001
 5.7973808e-001
 5.8069211e-001
 5.8163756e-001
 5.8256418e-001
 5.8333373e-001
 5.8402902e-001
 5.8460909e-001
 5.8501345e-001
 5.8536631e-001
 5.8555645e-001
 5.8565706e-001
 5.8569843e-001
 5.8566076e-001
 5.8588630e-001
 5.8621258e-001
 5.8652794e-001
 5.8706790e-001
 5.8757734e-001
 5.8808774e-001
 5.8868200e-001
 5.8921081e-001
 5.8982855e-001
 5.9040076e-001
 5.9093863e-001
 5.9146452e-001
 5.9182221e-001
 5.9216082e-001
 5.9253711e-001
 5.9293264e-001
 5.9334159e-001
 5.9371567e-001
 5.9420776e-001
 5.9469807e-001
 5.9540957e-001
 5.9636313e-001
 5.9715229e-001
 5.9797019e-001
 5.9858733e-001
 5.9918129e-001
 5.9981531e-001
 6.0033244e-001
 6.0101134e-001
 6.0168439e-001
 6.0238516e-001
 6.0322183e-001
 6.0398847e-001
 6.0481358e-001
 6.0564953e-001
 6.0649949e-001
 6.0734540e-001
 6.0807800e-001
 6.0882103e-001
 6.0957968e-001
 6.1043364e-001
 6.1148661e-001
 6.1261135e-001
 6.1397111e-001
 6.1555868e-001
 6.1692941e-001
 6.1845517e-001
 6.1965060e-001
 6.2056446e-001
 6.2137711e-001
 6.2199408e-001
 6.2264371e-001
 6.2318683e-001
 6.2361020e-001
 6.2403679e-001
 6.2420195e-001
 6.2413371e-001
 6.2409008e-001
 6.2384146e-001
 6.2365633e-001
 6.2355846e-001
 6.2355846e-001
 6.2365252e-001
 6.2392694e-001
 6.2427872e-001
 6.2471068e-001
 6.2525493e-001
 6.2576497e-001
 6.2634730e-001
 6.2693411e-001
 6.2756699e-001
 6.2867999e-001
 6.2879735e-001
 6.2882173e-001
 6.2858295e-001
 6.2862402e-001
 6.2857693e-001
 6.2831622e-001
 6.2801498e-001
 6.2783217e-001
 6.2764215e-001
 6.2742096e-001
 6.2755406e-001
 6.2753761e-001
 6.2719381e-001
 6.2678009e-001
 6.2640941e-001
 6.2617749e-001
 6.2598962e-001
 6.2582254e-001
 6.2576008e-001
 6.2590837e-001
 6.2592494e-001
 6.2594140e-001
 6.2599355e-001
 6.2582171e-001
 6.2554222e-001
 6.2569964e-001
 6.2616712e-001
 6.2643963e-001
 6.2685829e-001
 6.2716192e-001
 6.2711084e-001
 6.2702376e-001
 6.2686467e-001
 6.2674177e-001
 6.2656099e-001
 6.2637109e-001
 6.2626487e-001
 6.2630951e-001
 6.2651563e-001
 6.2665582e-001
 6.2702030e-001
 6.2809187e-001
 6.2897307e-001
 6.2955171e-001
 6.3033503e-001
 6.3123965e-001
 6.3188171e-001
 6.3263190e-001
 6.3408756e-001
 6.3517988e-001
 6.3564497e-001
 6.3628095e-001
 6.3684398e-001
 6.3739264e-001
 6.3822782e-001
 6.3903469e-001
 6.3976783e-001
 6.4043796e-001
 6.4103639e-001
 6.4165729e-001
 6.4222187e-001
 6.4263409e-001
 6.4302647e-001
 6.4332163e-001
 6.4365327e-001
 6.4406520e-001
 6.4445561e-001
 6.4476991e-001
 6.4522642e-001
 6.4568710e-001
 6.4594108e-001
 6.4633614e-001
 6.4696413e-001
 6.4754695e-001
 6.4817995e-001
 6.4878267e-001
 6.4942187e-001
 6.4998430e-001
 6.5032691e-001
 6.5073943e-001
 6.5117639e-001
 6.5153491e-001
 6.5181214e-001
 6.5208393e-001
 6.5234685e-001
 6.5261132e-001
 6.5274680e-001
 6.5265524e-001
 6.5267766e-001
 6.5268821e-001
 6.5263951e-001
 6.5273339e-001
 6.5286535e-001
 6.5299869e-001
 6.5302861e-001
 6.5310282e-001
 6.5322286e-001
 6.5347517e-001
 6.5384316e-001
 6.5417844e-001
 6.5482301e-001
 6.5536726e-001
 6.5547258e-001
 6.5566587e-001
 6.5604401e-001
 6.5652770e-001
 6.5686584e-001
 6.5724558e-001
 6.5764391e-001
 6.5780503e-001
 6.5793753e-001
 6.5832204e-001
 6.5862054e-001
 6.5861565e-001
 6.5862638e-001
 6.5867686e-001
 6.5868646e-001
 6.5870649e-001
 6.5875047e-001
 6.5880132e-001
 6.5886551e-001
 6.5888393e-001
 6.5881109e-001
 6.5876549e-001
 6.5881109e-001
 6.5879315e-001
 6.5866625e-001
 6.5862519e-001
 6.5866965e-001
 6.5857625e-001
 6.5858060e-001
 6.5890968e-001
 6.5913874e-001
 6.5922540e-001
 6.5940517e-001
 6.5963185e-001
 6.5982777e-001
 6.6002601e-001
 6.6024888e-001
 6.6072387e-001
 6.6099453e-001
 6.6104084e-001
 6.6102660e-001
 6.6103446e-001
 6.6070861e-001
 6.6047168e-001
 6.6053236e-001
 6.6057813e-001
 6.6062760e-001
 6.6064918e-001
 6.6083878e-001
 6.6091335e-001
 6.6068006e-001
 6.6045159e-001
 6.6023260e-001
 6.5990645e-001
 6.5955037e-001
 6.5923232e-001
 6.5892249e-001
 6.5845525e-001
 6.5799946e-001
 6.5771449e-001
 6.5735352e-001
 6.5710199e-001
 6.5673506e-001
 6.5608537e-001
 6.5538490e-001
 6.5466362e-001
 6.5367883e-001
 6.5285152e-001
 6.5234929e-001
 6.5168738e-001
 6.5109915e-001
 6.5034741e-001
 6.4926684e-001
 6.4812011e-001
 6.4673907e-001
 6.4539671e-001
 6.4395124e-001
 6.4263749e-001
 6.4143658e-001
 6.4035809e-001
 6.3942206e-001
 6.3869637e-001
 6.3798529e-001
 6.3721865e-001
 6.3666093e-001
 6.3616216e-001
 6.3583982e-001
 6.3602918e-001
 6.3617545e-001
 6.3639104e-001
 6.3659036e-001
 6.3653517e-001
 6.3651907e-001
 6.3659209e-001
 6.3663876e-001
 6.3668895e-001
 6.3687307e-001
 6.3694590e-001
 6.3683146e-001
 6.3676870e-001
 6.3675863e-001
 6.3670278e-001
 6.3662112e-001
 6.3658112e-001
 6.3661736e-001
 6.3650924e-001
 6.3636810e-001
 6.3615894e-001
 6.3567793e-001
 6.3523769e-001
 6.3480484e-001
 6.3425928e-001
 6.3375455e-001
 6.3320386e-001
 6.3261384e-001
 6.3206160e-001
 6.3151217e-001
 6.3093215e-001
 6.3034141e-001
 6.3002479e-001
 6.2945485e-001
 6.2865973e-001
 6.2770474e-001
 6.2635142e-001
 6.2491679e-001
 6.2345302e-001
 6.2166268e-001
 6.2004125e-001
 6.1861253e-001
 6.1707753e-001
 6.1548871e-001
 6.1405349e-001
 6.1245310e-001
 6.1098021e-001
 6.1011690e-001
 6.0909981e-001
 6.0798597e-001
 6.0682285e-001
 6.0557693e-001
 6.0414892e-001
 6.0260808e-001
 6.0108465e-001
 5.9947485e-001
 5.9778827e-001
 5.9595406e-001
 5.9387219e-001
 5.9186959e-001
 5.8993900e-001
 5.8783066e-001
 5.8575368e-001
 5.8360070e-001
 5.8115286e-001
 5.7866901e-001
 5.7608682e-001
 5.7354110e-001
 5.7094240e-001
 5.6833875e-001
 5.6598097e-001
 5.6383950e-001
 5.6160748e-001
 5.5926591e-001
 5.5707341e-001
 5.5504620e-001
 5.5286539e-001
 5.5070400e-001
 5.4852098e-001
 5.4642540e-001
 5.4400116e-001
 5.4125524e-001
 5.3850693e-001
 5.3512585e-001
 5.3179896e-001
 5.2891570e-001
 5.2597994e-001
 5.2314836e-001
 5.2016097e-001
 5.1708812e-001
 5.1404798e-001
 5.1071602e-001
 5.0710160e-001
 5.0334859e-001
 4.9929434e-001
 4.9505606e-001
 4.9098122e-001
 4.8647428e-001
 4.8147586e-001
 4.7625270e-001
 4.7074232e-001
 4.6482682e-001
 4.5850587e-001
 4.5203868e-001
 4.4511688e-001
 4.3804374e-001
 4.3095616e-001
 4.2360812e-001
 4.1639045e-001
 4.0929785e-001
 4.0242824e-001
 3.9605790e-001
 3.8969761e-001
 3.8342330e-001
 3.7720531e-001
 3.7091318e-001
 3.6478966e-001
 3.5850552e-001
 3.5257307e-001
 3.4714687e-001
 3.4188426e-001
 3.3684808e-001
 3.3214143e-001
 3.2767874e-001
 3.2340458e-001
 3.1938130e-001
 3.1562614e-001
 3.1230038e-001
 3.0925691e-001
 3.0647403e-001
 3.0417725e-001
 3.0192095e-001
 2.9968163e-001
 2.9752690e-001
 2.9550430e-001
 2.9355165e-001
 2.9153723e-001
 2.8971249e-001
 2.8784272e-001
 2.8642529e-001
 2.8499150e-001
 2.8423339e-001
 2.8430066e-001
 2.8486577e-001
 2.8613091e-001
 2.8790572e-001
 2.9054910e-001
 2.9340494e-001
 2.9649276e-001
 2.9998624e-001
 3.0371326e-001
 3.0738875e-001
 3.1107324e-001
 3.1483778e-001
 3.1841576e-001
 3.2175136e-001
 3.2495260e-001
 3.2809469e-001
 3.3109325e-001
 3.3394015e-001
 3.3649367e-001
 3.3902502e-001
 3.4114119e-001
 3.4268162e-001
 3.4404701e-001
 3.4512255e-001
 3.4594876e-001
 3.4655011e-001
 3.4695923e-001
 3.4682187e-001
 3.4662145e-001
 3.4681153e-001
 3.4662336e-001
 3.4606299e-001
 3.4545872e-001
 3.4427372e-001
 3.4250844e-001
 3.4056574e-001
 3.3853891e-001
 3.3635828e-001
 3.3396026e-001
 3.3187005e-001
 3.2995939e-001
 3.2824233e-001
 3.2675096e-001
 3.2564834e-001
 3.2473665e-001
 3.2412407e-001
 3.2448596e-001
 3.2462591e-001
 3.2461378e-001
 3.2462740e-001
 3.2461950e-001
 3.2432324e-001
 3.2394555e-001
 3.2344261e-001
 3.2240149e-001
 3.2130927e-001
 3.2001886e-001
 3.1882849e-001
 3.1769219e-001
 3.1661108e-001
 3.1568936e-001
 3.1517789e-001
 3.1494433e-001
 3.1469524e-001
 3.1455660e-001
 3.1439155e-001
 3.1407747e-001
 3.1386897e-001
 3.1376123e-001
 3.1374067e-001
 3.1380254e-001
 3.1379566e-001
 3.1404692e-001
 3.1458244e-001
 3.1520730e-001
 3.1608844e-001
 3.1704611e-001
 3.1817955e-001
 3.1918761e-001
 3.2029310e-001
 3.2125852e-001
 3.2202762e-001
 3.2259923e-001
 3.2277811e-001
 3.2307842e-001
 3.2280424e-001
 3.2292384e-001
 3.2374105e-001
 3.2472768e-001
 3.2580733e-001
 3.2740471e-001
 3.2973590e-001
 3.3211285e-001
 3.3461621e-001
 3.3770677e-001
 3.4065464e-001
 3.4347612e-001
 3.4627357e-001
 3.4910363e-001
 3.5153598e-001
 3.5341120e-001
 3.5571313e-001
 3.5812899e-001
 3.6021426e-001
 3.6263061e-001
 3.6450338e-001
 3.6585158e-001
 3.6658677e-001
 3.6659184e-001
 3.6626515e-001
 3.6512700e-001
 3.6385551e-001
 3.6257958e-001
 3.6096361e-001
 3.5897467e-001
 3.5684383e-001
 3.5434604e-001
 3.5179514e-001
 3.4931454e-001
 3.4662980e-001
 3.4375590e-001
 3.4082690e-001
 3.3763412e-001
 3.3442736e-001
 3.3114100e-001
 3.2798874e-001
 3.2438964e-001
 3.2147083e-001
 3.1892940e-001
 3.1705356e-001
 3.1596506e-001
 3.1573170e-001
 3.1653962e-001
 3.1797343e-001
 3.2080612e-001
 3.2387626e-001
 3.2765663e-001
 3.3135426e-001
 3.3486110e-001
 3.3834007e-001
 3.4169590e-001
 3.4478870e-001
 3.4759644e-001
 3.5026267e-001
 3.5291725e-001
 3.5529402e-001
 3.5726845e-001
 3.5916641e-001
 3.6090675e-001
 3.6236104e-001
 3.6370990e-001
 3.6481562e-001
 3.6570939e-001
 3.6625892e-001
 3.6631340e-001
 3.6603537e-001
 3.6561683e-001
 3.6448789e-001
 3.6335325e-001
 3.6271161e-001
 3.6162966e-001
 3.5963678e-001
 3.5809720e-001
 3.5656250e-001
 3.5529363e-001
 3.5446987e-001
 3.5409275e-001
 3.5413644e-001
 3.5434005e-001
 3.5533184e-001
 3.5627195e-001
 3.5704926e-001
 3.5785240e-001
 3.5882562e-001
 3.5964906e-001
 3.6001766e-001
 3.6054501e-001
 3.6127084e-001
 3.6188328e-001
 3.6286464e-001
 3.6356622e-001
 3.6387354e-001
 3.6393750e-001
 3.6360657e-001
 3.6314687e-001
 3.6244413e-001
 3.6162385e-001
 3.6075506e-001
 3.5972801e-001
 3.5808501e-001
 3.5685128e-001
 3.5570902e-001
 3.5485983e-001
 3.5520211e-001
 3.5514686e-001
 3.5504067e-001
 3.5472724e-001
 3.5333705e-001
 3.5226882e-001
 3.5158008e-001
 3.5073784e-001
 3.5014376e-001
 3.4956759e-001
 3.4869233e-001
 3.4780139e-001
 3.4713551e-001
 3.4642044e-001
 3.4531790e-001
 3.4440300e-001
 3.4418017e-001
 3.4347939e-001
 3.4263515e-001
 3.4157944e-001
 3.3932072e-001
 3.3726892e-001
 3.3603269e-001
 3.3421251e-001
 3.3203849e-001
 3.2979944e-001
 3.2657471e-001
 3.2349342e-001
 3.2078138e-001
 3.1814441e-001
 3.1522736e-001
 3.1282431e-001
 3.1101325e-001
 3.0941427e-001
 3.0847836e-001
 3.0777133e-001
 3.0651131e-001
 3.0608121e-001
 3.0734709e-001
 3.0818355e-001
 3.0929494e-001
 3.1046546e-001
 3.1072268e-001
 3.1102926e-001
 3.1165650e-001
 3.1240395e-001
 3.1343377e-001
 3.1406856e-001
 3.1463769e-001
 3.1519222e-001
 3.1479087e-001
 3.1465650e-001
 3.1511450e-001
 3.1559017e-001
 3.1620592e-001
 3.1679684e-001
 3.1777737e-001
 3.1837174e-001
 3.1842387e-001
 3.1851903e-001
 3.1771585e-001
 3.1751293e-001
 3.1822699e-001
 3.1897628e-001
 3.2020813e-001
 3.2161856e-001
 3.2303607e-001
 3.2450408e-001
 3.2654747e-001
 3.2822153e-001
 3.2919258e-001
 3.3035904e-001
 3.3204108e-001
 3.3288404e-001
 3.3299270e-001
 3.3332145e-001
 3.3237118e-001
 3.3207732e-001
 3.3403954e-001
 3.3470219e-001
 3.3427349e-001
 3.3380008e-001
 3.3219528e-001
 3.3051601e-001
 3.2873580e-001
 3.2747126e-001
 3.2684755e-001
 3.2552776e-001
 3.2392922e-001
 3.2211083e-001
 3.1961310e-001
 3.1767669e-001
 3.1796476e-001
 3.1893679e-001
 3.1883222e-001
 3.1846023e-001
 3.1815001e-001
 3.1859860e-001
 3.1873274e-001
 3.1826940e-001
 3.1838787e-001
 3.1818223e-001
 3.1788945e-001
 3.1941113e-001
 3.2069334e-001
 3.2052249e-001
 3.2040155e-001
 3.2075351e-001
 3.2056785e-001
 3.1946686e-001
 3.1899756e-001
 3.1824195e-001
 3.1754941e-001
 3.1893089e-001
 3.1959969e-001
 3.1806526e-001
 3.1757048e-001
 3.1689352e-001
 3.1691489e-001
 3.2183158e-001
 3.2450294e-001
 3.2353044e-001
 3.2347021e-001
 3.1967369e-001
 3.1752574e-001
 3.2351878e-001
 3.2622802e-001
 3.2370114e-001
 3.2304791e-001
 3.1879440e-001
 3.1576216e-001
 3.1902236e-001
 3.2301006e-001
 3.2844463e-001
 3.3470687e-001
 3.3532611e-001
 3.3509335e-001
 3.3513215e-001
 3.3726907e-001
 3.4189239e-001
 3.4531415e-001
 3.4852469e-001
 3.4959355e-001
 3.5397747e-001
 3.5397726e-001
