splib07b Record=25539: o-Terphenyl SA-T2800         NIC4aa RREF
 3.2636049e-001
 3.2636049e-001
 3.2636049e-001
 3.2636049e-001
 3.2636049e-001
 3.2636049e-001
 3.2636049e-001
 3.2636049e-001
 3.2636049e-001
 3.2636049e-001
 3.2636049e-001
 3.2636049e-001
 3.2636049e-001
 3.2636049e-001
 3.2636049e-001
 3.2636049e-001
 3.2636049e-001
 3.2636049e-001
 3.2636049e-001
 3.2636049e-001
 3.2636049e-001
 3.2636049e-001
 3.2636049e-001
 3.2636049e-001
 3.2636049e-001
 3.2636049e-001
 3.2636049e-001
 3.2636049e-001
 3.2636049e-001
 3.2636049e-001
 3.2636049e-001
 3.2636049e-001
 3.2636049e-001
 3.2636049e-001
 3.2636049e-001
 3.2636049e-001
 3.2636049e-001
 3.2636049e-001
 3.2636049e-001
 3.2636049e-001
 3.2636049e-001
 3.2636049e-001
 3.2636049e-001
 3.2636049e-001
 3.2636049e-001
 3.2636049e-001
 3.2636049e-001
 3.2636049e-001
 3.2636049e-001
 3.2636049e-001
 3.2636049e-001
 3.2636049e-001
 3.2636049e-001
 3.2636049e-001
 3.2636049e-001
 3.2636049e-001
 3.2636049e-001
 3.3418593e-001
 3.3365250e-001
 3.3192781e-001
 3.3704376e-001
 3.3550519e-001
 3.1825086e-001
 2.9423219e-001
 3.0245125e-001
 3.0959979e-001
 3.1107801e-001
 3.1159717e-001
 3.1990898e-001
 3.3636126e-001
 3.4488583e-001
 3.3019292e-001
 3.0549639e-001
 3.0017114e-001
 3.0608132e-001
 3.0503613e-001
 3.0212381e-001
 3.0528551e-001
 3.1430215e-001
 3.0896848e-001
 3.2050982e-001
 3.3508348e-001
 3.1523430e-001
 2.9947928e-001
 3.0575082e-001
 3.0862415e-001
 3.0273113e-001
 3.0333030e-001
 2.9979292e-001
 3.1231105e-001
 3.3225307e-001
 3.3130121e-001
 3.3035189e-001
 3.3418933e-001
 3.4919429e-001
 3.6136737e-001
 3.4407696e-001
 3.5068688e-001
 3.5224360e-001
 3.4640655e-001
 3.5367844e-001
 3.5688561e-001
 3.7206733e-001
 3.7163755e-001
 3.5047621e-001
 3.5199580e-001
 3.5689116e-001
 3.5997543e-001
 3.6106139e-001
 3.7095231e-001
 3.8769934e-001
 3.9611068e-001
 3.8518435e-001
 3.7764919e-001
 3.8607761e-001
 3.9616334e-001
 3.9653543e-001
 4.0797248e-001
 4.2196664e-001
 4.1042876e-001
 3.9991120e-001
 3.8960931e-001
 3.9339086e-001
 4.0939721e-001
 3.9958736e-001
 4.0309432e-001
 4.1712403e-001
 4.0483460e-001
 3.9419791e-001
 4.0908605e-001
 4.2753589e-001
 4.2462695e-001
 4.2511147e-001
 4.3877625e-001
 4.3834889e-001
 4.2294288e-001
 4.2412090e-001
 4.4378689e-001
 4.5236391e-001
 4.4685009e-001
 4.5150545e-001
 4.4860175e-001
 4.4063187e-001
 4.4985655e-001
 4.7272608e-001
 4.7943982e-001
 4.7609663e-001
 4.8127493e-001
 4.7507119e-001
 4.6017170e-001
 4.4984645e-001
 4.5211419e-001
 4.6322545e-001
 4.6618488e-001
 4.7936282e-001
 4.8941502e-001
 4.8573199e-001
 4.7886690e-001
 4.8458785e-001
 4.9426854e-001
 4.8457307e-001
 4.7484419e-001
 4.8010874e-001
 4.7340608e-001
 4.6502009e-001
 4.8268622e-001
 4.8114622e-001
 4.6852311e-001
 4.7672802e-001
 4.7820121e-001
 4.7497332e-001
 4.7549325e-001
 4.8423547e-001
 4.7332999e-001
 4.7490919e-001
 4.9814412e-001
 5.0501603e-001
 4.8877791e-001
 4.9793881e-001
 5.0737798e-001
 5.0898713e-001
 5.1328897e-001
 5.0530207e-001
 4.9837255e-001
 4.9904478e-001
 5.0153601e-001
 5.0226289e-001
 5.0554353e-001
 4.9048287e-001
 4.8489726e-001
 4.7932059e-001
 4.8838487e-001
 5.0698781e-001
 5.0809032e-001
 5.1205581e-001
 5.2298874e-001
 5.2083695e-001
 5.0657231e-001
 5.0458390e-001
 5.0448096e-001
 5.0802493e-001
 5.0830013e-001
 5.1707804e-001
 5.1799113e-001
 5.1097655e-001
 5.0720394e-001
 5.1078165e-001
 5.1051229e-001
 5.1624858e-001
 5.1340014e-001
 5.1073116e-001
 5.1003551e-001
 5.1238930e-001
 5.0823963e-001
 5.1653248e-001
 5.3184706e-001
 5.2748448e-001
 5.2658689e-001
 5.2100074e-001
 5.1638585e-001
 5.1129889e-001
 5.1688290e-001
 5.2229875e-001
 5.2855182e-001
 5.3227341e-001
 5.2130491e-001
 5.1784730e-001
 5.2834678e-001
 5.2870232e-001
 5.1790434e-001
 5.2465862e-001
 5.3475308e-001
 5.3424686e-001
 5.3277528e-001
 5.4035687e-001
 5.4188502e-001
 5.3867376e-001
 5.2691275e-001
 5.1750976e-001
 5.2420962e-001
 5.3432024e-001
 5.3912902e-001
 5.4527491e-001
 5.4386681e-001
 5.3346163e-001
 5.4021811e-001
 5.5519146e-001
 5.4917037e-001
 5.5170923e-001
 5.5463201e-001
 5.3975302e-001
 5.3470600e-001
 5.3276205e-001
 5.3350031e-001
 5.2499539e-001
 5.3077137e-001
 5.2012026e-001
 5.2345407e-001
 5.4344398e-001
 5.4037553e-001
 5.1947278e-001
 5.2136469e-001
 5.3458834e-001
 5.2808344e-001
 5.2802241e-001
 5.4569012e-001
 5.5221367e-001
 5.5280924e-001
 5.5064285e-001
 5.4145396e-001
 5.4185086e-001
 5.4194570e-001
 5.4671335e-001
 5.4264206e-001
 5.3926921e-001
 5.6096607e-001
 5.6876105e-001
 5.5855960e-001
 5.4400665e-001
 5.3869230e-001
 5.4184067e-001
 5.4157722e-001
 5.3439063e-001
 5.3344768e-001
 5.4585654e-001
 5.5504841e-001
 5.4215413e-001
 5.3636068e-001
 5.4375774e-001
 5.5508137e-001
 5.6104690e-001
 5.5041969e-001
 5.4383451e-001
 5.5204773e-001
 5.6024450e-001
 5.6670070e-001
 5.5949378e-001
 5.4654491e-001
 5.4186779e-001
 5.4517126e-001
 5.5652779e-001
 5.6595618e-001
 5.5780470e-001
 5.4767472e-001
 5.4857957e-001
 5.4644364e-001
 5.4966134e-001
 5.5577540e-001
 5.5671364e-001
 5.5276752e-001
 5.5340439e-001
 5.6704009e-001
 5.6067950e-001
 5.4636824e-001
 5.4661548e-001
 5.5655330e-001
 5.5618262e-001
 5.5036318e-001
 5.6052387e-001
 5.7002163e-001
 5.7334697e-001
 5.7154286e-001
 5.5475897e-001
 5.5070668e-001
 5.4844475e-001
 5.4869539e-001
 5.6187469e-001
 5.6427467e-001
 5.4600948e-001
 5.5167234e-001
 5.6135088e-001
 5.5361354e-001
 5.5447590e-001
 5.6590813e-001
 5.7055622e-001
 5.6643063e-001
 5.6446588e-001
 5.6541038e-001
 5.6542116e-001
 5.6323755e-001
 5.5228990e-001
 5.4727173e-001
 5.5515939e-001
 5.5885607e-001
 5.5653125e-001
 5.4860187e-001
 5.5366302e-001
 5.6149817e-001
 5.5637145e-001
 5.5802697e-001
 5.5342978e-001
 5.4618114e-001
 5.5149627e-001
 5.5719137e-001
 5.5248237e-001
 5.4425162e-001
 5.4977787e-001
 5.5607814e-001
 5.4832309e-001
 5.5397063e-001
 5.5936354e-001
 5.5281723e-001
 5.4885066e-001
 5.5558354e-001
 5.5713910e-001
 5.4380006e-001
 5.4450262e-001
 5.6276858e-001
 5.6252450e-001
 5.5657864e-001
 5.5528784e-001
 5.5494165e-001
 5.6200463e-001
 5.6745452e-001
 5.6881410e-001
 5.6517392e-001
 5.6817508e-001
 5.7288688e-001
 5.6918079e-001
 5.6406438e-001
 5.6582946e-001
 5.6264085e-001
 5.5696136e-001
 5.5840540e-001
 5.6274855e-001
 5.6098545e-001
 5.6712997e-001
 5.6902760e-001
 5.6815434e-001
 5.7326400e-001
 5.7954711e-001
 5.8672148e-001
 5.7614082e-001
 5.6077588e-001
 5.4978508e-001
 5.5134356e-001
 5.5659807e-001
 5.5850440e-001
 5.5348164e-001
 5.5266011e-001
 5.6107593e-001
 5.6647116e-001
 5.7196242e-001
 5.7651663e-001
 5.7387406e-001
 5.7507491e-001
 5.7102746e-001
 5.5995971e-001
 5.5684811e-001
 5.5362391e-001
 5.5394834e-001
 5.5322099e-001
 5.5158842e-001
 5.5669361e-001
 5.6654096e-001
 5.6879818e-001
 5.5912453e-001
 5.6272608e-001
 5.6201541e-001
 5.5400628e-001
 5.5986792e-001
 5.7269800e-001
 5.7471859e-001
 5.7130206e-001
 5.6737018e-001
 5.6128377e-001
 5.5769473e-001
 5.6330675e-001
 5.6791162e-001
 5.7462615e-001
 5.8521050e-001
 5.8430046e-001
 5.8243930e-001
 5.7593644e-001
 5.7328427e-001
 5.7565403e-001
 5.6516057e-001
 5.5902416e-001
 5.7524502e-001
 5.8009911e-001
 5.7480055e-001
 5.6334978e-001
 5.5985016e-001
 5.6701988e-001
 5.6610066e-001
 5.5924833e-001
 5.7062745e-001
 5.7680970e-001
 5.7211000e-001
 5.6920528e-001
 5.7170570e-001
 5.6919169e-001
 5.7221025e-001
 5.7867163e-001
 5.7686275e-001
 5.8191109e-001
 5.7868552e-001
 5.7370257e-001
 5.8116490e-001
 5.7809299e-001
 5.7428813e-001
 5.7898790e-001
 5.7703793e-001
 5.7913566e-001
 5.9290099e-001
 5.8311427e-001
 5.6126750e-001
 5.6786543e-001
 5.8510590e-001
 5.8355498e-001
 5.7534033e-001
 5.7395065e-001
 5.7200563e-001
 5.7205993e-001
 5.7296437e-001
 5.8044207e-001
 5.8201873e-001
 5.7957810e-001
 5.7239580e-001
 5.6882757e-001
 5.7738668e-001
 5.7862824e-001
 5.6998658e-001
 5.6547827e-001
 5.7930839e-001
 5.8198196e-001
 5.7873100e-001
 5.8260608e-001
 5.9162056e-001
 5.8859801e-001
 5.8021259e-001
 5.7825619e-001
 5.7251352e-001
 5.7118833e-001
 5.8396327e-001
 5.9466052e-001
 5.9838039e-001
 5.9175062e-001
 5.8497405e-001
 5.8409619e-001
 5.8809918e-001
 5.8996511e-001
 5.8712733e-001
 5.8366811e-001
 5.8317447e-001
 5.8088356e-001
 5.8291250e-001
 5.8773565e-001
 5.8503836e-001
 5.8024985e-001
 5.7539040e-001
 5.7247847e-001
 5.7618940e-001
 5.7772869e-001
 5.8151168e-001
 5.8783793e-001
 5.8936918e-001
 5.8428669e-001
 5.8302832e-001
 5.8708423e-001
 5.9180063e-001
 5.8926117e-001
 5.9183311e-001
 5.9335971e-001
 5.9675711e-001
 5.9508967e-001
 5.8470726e-001
 5.8111125e-001
 5.7893568e-001
 5.7538968e-001
 5.8311683e-001
 5.8723265e-001
 5.8185023e-001
 5.8754963e-001
 5.8885831e-001
 5.8543730e-001
 5.9148616e-001
 5.9189427e-001
 5.8105004e-001
 5.8141309e-001
 5.8942336e-001
 5.8850437e-001
 5.8564091e-001
 5.8758754e-001
 5.8332157e-001
 5.8527374e-001
 5.9218711e-001
 5.9124982e-001
 5.8828056e-001
 5.8765781e-001
 5.7658523e-001
 5.6884193e-001
 5.7287472e-001
 5.7710451e-001
 5.7961041e-001
 5.8978671e-001
 5.9849763e-001
 5.9585559e-001
 5.9185427e-001
 5.9425229e-001
 5.8864903e-001
 5.7569700e-001
 5.7667804e-001
 5.8779424e-001
 5.8864629e-001
 5.8856755e-001
 5.9212059e-001
 5.9744436e-001
 5.9557265e-001
 5.9203207e-001
 5.9224594e-001
 5.9590584e-001
 5.8516115e-001
 5.7396740e-001
 5.7957935e-001
 5.8711451e-001
 5.8703041e-001
 5.8955276e-001
 5.8902514e-001
 5.8491313e-001
 5.8258009e-001
 5.8000445e-001
 5.7844859e-001
 5.8228511e-001
 5.9146726e-001
 5.9401667e-001
 5.9319514e-001
 5.8438379e-001
 5.8156139e-001
 5.8666229e-001
 5.8898044e-001
 5.8438140e-001
 5.8488911e-001
 5.8624583e-001
 5.8454174e-001
 5.8323389e-001
 5.8355904e-001
 5.8290815e-001
 5.8727366e-001
 5.8972937e-001
 5.8641970e-001
 5.8327061e-001
 5.8543694e-001
 5.8319068e-001
 5.8325690e-001
 5.8541930e-001
 5.8709115e-001
 5.8971971e-001
 5.8579373e-001
 5.8000040e-001
 5.7737696e-001
 5.7781792e-001
 5.7938421e-001
 5.8345979e-001
 5.8405280e-001
 5.7897693e-001
 5.7238942e-001
 5.6758946e-001
 5.6898499e-001
 5.6996441e-001
 5.6758940e-001
 5.6830907e-001
 5.7027316e-001
 5.6837195e-001
 5.7296014e-001
 5.7476157e-001
 5.6993878e-001
 5.6706882e-001
 5.7261968e-001
 5.8078527e-001
 5.8146733e-001
 5.7540923e-001
 5.6985033e-001
 5.6626582e-001
 5.6446457e-001
 5.6431228e-001
 5.6802773e-001
 5.7193679e-001
 5.6888860e-001
 5.6784648e-001
 5.7107198e-001
 5.7038724e-001
 5.6783575e-001
 5.6671679e-001
 5.6526405e-001
 5.6295747e-001
 5.6549650e-001
 5.6828356e-001
 5.6921941e-001
 5.7028627e-001
 5.6704926e-001
 5.6719893e-001
 5.7244992e-001
 5.7207686e-001
 5.6947213e-001
 5.6778449e-001
 5.6453818e-001
 5.6450552e-001
 5.6725460e-001
 5.6942022e-001
 5.6874555e-001
 5.6714028e-001
 5.6582713e-001
 5.6542599e-001
 5.6435025e-001
 5.6599486e-001
 5.7180810e-001
 5.7556212e-001
 5.7285696e-001
 5.6975329e-001
 5.6960428e-001
 5.6613016e-001
 5.6583154e-001
 5.6901556e-001
 5.6664073e-001
 5.5861712e-001
 5.6006438e-001
 5.7251656e-001
 5.7969677e-001
 5.7026035e-001
 5.6182903e-001
 5.6106561e-001
 5.6127089e-001
 5.6158859e-001
 5.5895156e-001
 5.5890238e-001
 5.5962157e-001
 5.6263220e-001
 5.6639957e-001
 5.6569350e-001
 5.6394267e-001
 5.6544811e-001
 5.6598604e-001
 5.6705809e-001
 5.6435370e-001
 5.5907607e-001
 5.5690563e-001
 5.5765158e-001
 5.6047666e-001
 5.5792636e-001
 5.5591601e-001
 5.5093986e-001
 5.5184489e-001
 5.5811602e-001
 5.5826426e-001
 5.5461764e-001
 5.5793643e-001
 5.6409758e-001
 5.6295598e-001
 5.5823123e-001
 5.6226671e-001
 5.6546634e-001
 5.5993181e-001
 5.5594420e-001
 5.5284995e-001
 5.5690002e-001
 5.5997556e-001
 5.5461472e-001
 5.5749965e-001
 5.6198913e-001
 5.5603439e-001
 5.5401176e-001
 5.5872363e-001
 5.5668557e-001
 5.5737686e-001
 5.5722255e-001
 5.5663484e-001
 5.5437165e-001
 5.5572420e-001
 5.5587435e-001
 5.5151957e-001
 5.4820180e-001
 5.5087155e-001
 5.5937624e-001
 5.6094736e-001
 5.5558008e-001
 5.5422759e-001
 5.5534708e-001
 5.5571204e-001
 5.5420548e-001
 5.5910885e-001
 5.6129998e-001
 5.5424106e-001
 5.5673486e-001
 5.6087834e-001
 5.5647951e-001
 5.5370873e-001
 5.5531847e-001
 5.5317378e-001
 5.5134565e-001
 5.4882354e-001
 5.3921276e-001
 5.3643245e-001
 5.4046369e-001
 5.3829455e-001
 5.3340787e-001
 5.3333020e-001
 5.3345668e-001
 5.3362930e-001
 5.3645569e-001
 5.3465104e-001
 5.3688979e-001
 5.3997815e-001
 5.4071361e-001
 5.3963387e-001
 5.4018790e-001
 5.3541362e-001
 5.2780437e-001
 5.2514094e-001
 5.2641004e-001
 5.2930462e-001
 5.3145266e-001
 5.2993357e-001
 5.2797484e-001
 5.3547311e-001
 5.4110122e-001
 5.3864354e-001
 5.3724891e-001
 5.3543144e-001
 5.3655171e-001
 5.4093724e-001
 5.4094040e-001
 5.4400140e-001
 5.4486704e-001
 5.4590315e-001
 5.4994303e-001
 5.4427779e-001
 5.4051399e-001
 5.4612178e-001
 5.4910612e-001
 5.4535544e-001
 5.4187715e-001
 5.4269707e-001
 5.4549241e-001
 5.4517734e-001
 5.3884959e-001
 5.3777993e-001
 5.4619604e-001
 5.5422550e-001
 5.5389762e-001
 5.5069071e-001
 5.5151278e-001
 5.5114263e-001
 5.4597074e-001
 5.4518831e-001
 5.4822379e-001
 5.5058575e-001
 5.4995543e-001
 5.4869419e-001
 5.4425931e-001
 5.4259539e-001
 5.4662013e-001
 5.4862756e-001
 5.4793519e-001
 5.4586178e-001
 5.4233015e-001
 5.3860402e-001
 5.4164469e-001
 5.4525048e-001
 5.4522359e-001
 5.4069358e-001
 5.3820330e-001
 5.3907776e-001
 5.3733444e-001
 5.3716683e-001
 5.3828537e-001
 5.3308558e-001
 5.3139269e-001
 5.3420842e-001
 5.3318489e-001
 5.2876085e-001
 5.2807301e-001
 5.3511983e-001
 5.4157877e-001
 5.3686559e-001
 5.3117329e-001
 5.2970016e-001
 5.2727306e-001
 5.2778709e-001
 5.2798307e-001
 5.2713269e-001
 5.2407783e-001
 5.2434397e-001
 5.2306539e-001
 5.2116185e-001
 5.2270401e-001
 5.2281606e-001
 5.2359450e-001
 5.2269572e-001
 5.2146637e-001
 5.2162987e-001
 5.2209920e-001
 5.2321720e-001
 5.1958930e-001
 5.1798958e-001
 5.2090752e-001
 5.1869577e-001
 5.1920599e-001
 5.2405483e-001
 5.2157325e-001
 5.1749903e-001
 5.2320725e-001
 5.2881026e-001
 5.2202886e-001
 5.1666230e-001
 5.1876187e-001
 5.2477086e-001
 5.2945292e-001
 5.2690816e-001
 5.2601075e-001
 5.2979553e-001
 5.3078222e-001
 5.2998489e-001
 5.3092253e-001
 5.3361201e-001
 5.3120953e-001
 5.2621895e-001
 5.2266437e-001
 5.2396077e-001
 5.2577168e-001
 5.2734745e-001
 5.3291309e-001
 5.3579855e-001
 5.3384459e-001
 5.3106189e-001
 5.2907276e-001
 5.2810484e-001
 5.2950454e-001
 5.3174824e-001
 5.3298515e-001
 5.2982455e-001
 5.2865994e-001
 5.3074163e-001
 5.3074723e-001
 5.3315777e-001
 5.3494889e-001
 5.3311199e-001
 5.3607011e-001
 5.4011184e-001
 5.3936911e-001
 5.3554618e-001
 5.3091490e-001
 5.3270823e-001
 5.3387213e-001
 5.3098845e-001
 5.3137851e-001
 5.3176302e-001
 5.2972883e-001
 5.2660364e-001
 5.2410412e-001
 5.2529871e-001
 5.2600127e-001
 5.2540576e-001
 5.2441013e-001
 5.2448493e-001
 5.2629435e-001
 5.2577668e-001
 5.2292186e-001
 5.2161056e-001
 5.2221280e-001
 5.2306926e-001
 5.2156532e-001
 5.2064532e-001
 5.2235800e-001
 5.2315819e-001
 5.2007651e-001
 5.2021784e-001
 5.2364117e-001
 5.2487159e-001
 5.2360243e-001
 5.2368820e-001
 5.2109772e-001
 5.2055210e-001
 5.2105457e-001
 5.2042115e-001
 5.2037483e-001
 5.2310365e-001
 5.2523565e-001
 5.2366316e-001
 5.2109355e-001
 5.2221304e-001
 5.2656227e-001
 5.2804649e-001
 5.2765399e-001
 5.3135180e-001
 5.2875251e-001
 5.2621889e-001
 5.2813900e-001
 5.2905482e-001
 5.2934271e-001
 5.2832663e-001
 5.2697641e-001
 5.2560544e-001
 5.2373660e-001
 5.2587211e-001
 5.2600044e-001
 5.2493191e-001
 5.2615666e-001
 5.2740294e-001
 5.2753520e-001
 5.2896142e-001
 5.3025281e-001
 5.2725750e-001
 5.2622503e-001
 5.3097999e-001
 5.3262937e-001
 5.3016889e-001
 5.2552783e-001
 5.2184618e-001
 5.2537245e-001
 5.3148121e-001
 5.3224474e-001
 5.3091478e-001
 5.2931160e-001
 5.2587366e-001
 5.2317250e-001
 5.2190197e-001
 5.2201027e-001
 5.2310592e-001
 5.2176881e-001
 5.2027404e-001
 5.2265352e-001
 5.2618414e-001
 5.2608198e-001
 5.2359861e-001
 5.2310300e-001
 5.2202731e-001
 5.1981026e-001
 5.1531684e-001
 5.1331264e-001
 5.1571375e-001
 5.1761860e-001
 5.1764166e-001
 5.1659214e-001
 5.1352710e-001
 5.1161236e-001
 5.1510173e-001
 5.1741475e-001
 5.1789236e-001
 5.1813149e-001
 5.1779348e-001
 5.1777828e-001
 5.2000350e-001
 5.2076638e-001
 5.2219576e-001
 5.2490562e-001
 5.2517301e-001
 5.2371711e-001
 5.2200222e-001
 5.2252489e-001
 5.2378839e-001
 5.2743667e-001
 5.3060234e-001
 5.2786183e-001
 5.2695328e-001
 5.2732009e-001
 5.2737856e-001
 5.3085971e-001
 5.3288507e-001
 5.3162974e-001
 5.3224105e-001
 5.3634930e-001
 5.3641593e-001
 5.3274691e-001
 5.3211802e-001
 5.3373981e-001
 5.3350693e-001
 5.3283101e-001
 5.3457010e-001
 5.3663701e-001
 5.4149806e-001
 5.4313308e-001
 5.3970718e-001
 5.3863412e-001
 5.3982967e-001
 5.4022038e-001
 5.3878021e-001
 5.3893661e-001
 5.3898036e-001
 5.3855741e-001
 5.4036504e-001
 5.4375494e-001
 5.4542631e-001
 5.4607993e-001
 5.4564363e-001
 5.4404116e-001
 5.4473066e-001
 5.4844427e-001
 5.4984188e-001
 5.5067420e-001
 5.5155158e-001
 5.4977709e-001
 5.4845196e-001
 5.4969144e-001
 5.4816836e-001
 5.4780489e-001
 5.5065113e-001
 5.5424649e-001
 5.5357301e-001
 5.5192643e-001
 5.5185014e-001
 5.4900438e-001
 5.4845095e-001
 5.5161631e-001
 5.5475974e-001
 5.5241209e-001
 5.5005765e-001
 5.5145168e-001
 5.5188042e-001
 5.5062264e-001
 5.5036104e-001
 5.4955310e-001
 5.5047238e-001
 5.5163383e-001
 5.5015290e-001
 5.4840434e-001
 5.5066675e-001
 5.5205983e-001
 5.5071265e-001
 5.5044651e-001
 5.4913682e-001
 5.4773474e-001
 5.5111617e-001
 5.5324757e-001
 5.5318749e-001
 5.5450773e-001
 5.5384541e-001
 5.5237478e-001
 5.5696100e-001
 5.6158984e-001
 5.6219059e-001
 5.6108832e-001
 5.5976284e-001
 5.6128186e-001
 5.6447411e-001
 5.6606853e-001
 5.6551182e-001
 5.6548357e-001
 5.6844473e-001
 5.6866044e-001
 5.6719947e-001
 5.6636328e-001
 5.6630248e-001
 5.6624061e-001
 5.6583685e-001
 5.6387919e-001
 5.6410986e-001
 5.6494021e-001
 5.6352490e-001
 5.6158167e-001
 5.6364512e-001
 5.6498414e-001
 5.6207114e-001
 5.5951178e-001
 5.6143022e-001
 5.6355357e-001
 5.6252068e-001
 5.6210297e-001
 5.6446087e-001
 5.6458801e-001
 5.6362391e-001
 5.6360841e-001
 5.6520438e-001
 5.6580144e-001
 5.6231201e-001
 5.6022590e-001
 5.6001157e-001
 5.6137997e-001
 5.6395167e-001
 5.6346309e-001
 5.6351954e-001
 5.6302464e-001
 5.6250995e-001
 5.6367141e-001
 5.6335217e-001
 5.6291288e-001
 5.6407821e-001
 5.6682700e-001
 5.6696010e-001
 5.6547189e-001
 5.6558591e-001
 5.6637210e-001
 5.6684554e-001
 5.6594318e-001
 5.6559086e-001
 5.6943285e-001
 5.7110816e-001
 5.6792504e-001
 5.6606221e-001
 5.6685072e-001
 5.6716418e-001
 5.6677836e-001
 5.6820846e-001
 5.6877834e-001
 5.6707329e-001
 5.6571209e-001
 5.6650686e-001
 5.6725574e-001
 5.6954211e-001
 5.7248449e-001
 5.7289755e-001
 5.7124561e-001
 5.7175112e-001
 5.7554477e-001
 5.7684386e-001
 5.7718372e-001
 5.7926124e-001
 5.8174831e-001
 5.8190542e-001
 5.7934654e-001
 5.7734245e-001
 5.7679635e-001
 5.7794255e-001
 5.7870436e-001
 5.7964301e-001
 5.8115911e-001
 5.8105081e-001
 5.7959092e-001
 5.7765895e-001
 5.7623333e-001
 5.7655442e-001
 5.7805455e-001
 5.7854742e-001
 5.7779461e-001
 5.7991576e-001
 5.8066750e-001
 5.8056265e-001
 5.8059770e-001
 5.8004326e-001
 5.8061451e-001
 5.8144522e-001
 5.8191901e-001
 5.8119756e-001
 5.8030701e-001
 5.8071840e-001
 5.8151925e-001
 5.8021539e-001
 5.8130181e-001
 5.8442533e-001
 5.8314085e-001
 5.8249223e-001
 5.8525103e-001
 5.8592737e-001
 5.8410442e-001
 5.8369493e-001
 5.8475876e-001
 5.8426535e-001
 5.8455384e-001
 5.8658427e-001
 5.8713490e-001
 5.8711576e-001
 5.8814585e-001
 5.8969295e-001
 5.9180081e-001
 5.9153187e-001
 5.9254938e-001
 5.9393477e-001
 5.9186095e-001
 5.9144938e-001
 5.9163433e-001
 5.9276682e-001
 5.9340340e-001
 5.9441710e-001
 5.9660655e-001
 5.9547704e-001
 5.9182501e-001
 5.9182823e-001
 5.9479052e-001
 5.9428954e-001
 5.9359080e-001
 5.9538734e-001
 5.9581757e-001
 5.9292471e-001
 5.9168929e-001
 5.9399474e-001
 5.9596336e-001
 5.9771675e-001
 5.9891653e-001
 5.9916663e-001
 5.9859049e-001
 5.9807503e-001
 5.9943074e-001
 6.0062015e-001
 5.9980690e-001
 5.9946722e-001
 6.0037524e-001
 6.0102540e-001
 6.0164273e-001
 6.0306621e-001
 6.0376745e-001
 6.0309643e-001
 6.0181761e-001
 6.0104543e-001
 6.0145032e-001
 6.0389185e-001
 6.0468727e-001
 6.0471910e-001
 6.0497874e-001
 6.0407645e-001
 6.0365278e-001
 6.0431528e-001
 6.0478848e-001
 6.0664093e-001
 6.0623586e-001
 6.0518998e-001
 6.0639971e-001
 6.0651010e-001
 6.0488015e-001
 6.0493553e-001
 6.0641569e-001
 6.0669208e-001
 6.0691363e-001
 6.0869259e-001
 6.0950696e-001
 6.0824227e-001
 6.0822594e-001
 6.1083490e-001
 6.1070836e-001
 6.0891664e-001
 6.0970783e-001
 6.1182761e-001
 6.1171001e-001
 6.0914385e-001
 6.0824442e-001
 6.0966164e-001
 6.1025655e-001
 6.1046350e-001
 6.1171335e-001
 6.1072075e-001
 6.0937458e-001
 6.1044866e-001
 6.1049920e-001
 6.1052996e-001
 6.1118883e-001
 6.1036199e-001
 6.0935807e-001
 6.1023945e-001
 6.1070013e-001
 6.1049837e-001
 6.1179686e-001
 6.1049080e-001
 6.0824108e-001
 6.0844719e-001
 6.0966802e-001
 6.0904521e-001
 6.0887468e-001
 6.0840869e-001
 6.0841739e-001
 6.0879850e-001
 6.0864991e-001
 6.0885602e-001
 6.0880983e-001
 6.0815024e-001
 6.0765165e-001
 6.0777414e-001
 6.0739833e-001
 6.0770977e-001
 6.0879189e-001
 6.0750592e-001
 6.0542631e-001
 6.0545504e-001
 6.0618174e-001
 6.0650855e-001
 6.0512525e-001
 6.0495949e-001
 6.0598183e-001
 6.0479891e-001
 6.0403329e-001
 6.0530180e-001
 6.0459715e-001
 6.0301298e-001
 6.0344052e-001
 6.0283798e-001
 6.0004520e-001
 6.0047209e-001
 6.0185820e-001
 6.0227364e-001
 6.0080403e-001
 5.9801346e-001
 5.9753001e-001
 5.9837383e-001
 5.9665477e-001
 5.9464645e-001
 5.9476495e-001
 5.9483701e-001
 5.9272933e-001
 5.9172553e-001
 5.9041202e-001
 5.8712918e-001
 5.8545494e-001
 5.8698964e-001
 5.8717138e-001
 5.8606815e-001
 5.8579808e-001
 5.8418238e-001
 5.8169711e-001
 5.8044255e-001
 5.7851136e-001
 5.7636046e-001
 5.7657897e-001
 5.7685196e-001
 5.7631910e-001
 5.7507110e-001
 5.7363981e-001
 5.7187325e-001
 5.7050174e-001
 5.7027507e-001
 5.6882018e-001
 5.6587648e-001
 5.6542027e-001
 5.6478357e-001
 5.6314921e-001
 5.6185865e-001
 5.6003928e-001
 5.5824792e-001
 5.5707592e-001
 5.5460781e-001
 5.5169469e-001
 5.4912919e-001
 5.4872513e-001
 5.4900020e-001
 5.4811567e-001
 5.4678655e-001
 5.4460138e-001
 5.4273635e-001
 5.4169095e-001
 5.3959382e-001
 5.3728920e-001
 5.3818780e-001
 5.3978366e-001
 5.3885275e-001
 5.3632158e-001
 5.3526801e-001
 5.3386122e-001
 5.3090745e-001
 5.2892375e-001
 5.2768427e-001
 5.2612561e-001
 5.2332348e-001
 5.1932013e-001
 5.1622939e-001
 5.1516825e-001
 5.1350814e-001
 5.1114005e-001
 5.1055837e-001
 5.0868791e-001
 5.0579143e-001
 5.0447917e-001
 5.0170022e-001
 4.9788067e-001
 4.9625018e-001
 4.9496153e-001
 4.9281889e-001
 4.8953971e-001
 4.8767984e-001
 4.8593625e-001
 4.8318413e-001
 4.7933137e-001
 4.7375029e-001
 4.6885121e-001
 4.6551251e-001
 4.5986527e-001
 4.5225370e-001
 4.4471031e-001
 4.3853578e-001
 4.3201065e-001
 4.2392442e-001
 4.1686752e-001
 4.1079217e-001
 4.0462440e-001
 3.9964977e-001
 3.9575100e-001
 3.9106166e-001
 3.8652474e-001
 3.8300651e-001
 3.7994999e-001
 3.7585148e-001
 3.7152737e-001
 3.6816838e-001
 3.6584175e-001
 3.6279768e-001
 3.5979098e-001
 3.5780060e-001
 3.5385501e-001
 3.4655276e-001
 3.3788279e-001
 3.2658774e-001
 3.1655934e-001
 3.1200773e-001
 3.1157762e-001
 3.1480896e-001
 3.1821159e-001
 3.2108682e-001
 3.2684550e-001
 3.3254340e-001
 3.3628619e-001
 3.3824027e-001
 3.3968079e-001
 3.4051064e-001
 3.3914563e-001
 3.3844486e-001
 3.3808139e-001
 3.3699667e-001
 3.3604133e-001
 3.3440456e-001
 3.3062214e-001
 3.2791328e-001
 3.2763559e-001
 3.2955763e-001
 3.3220962e-001
 3.3457685e-001
 3.3891308e-001
 3.4478733e-001
 3.5084614e-001
 3.5563752e-001
 3.5937619e-001
 3.6205205e-001
 3.6307687e-001
 3.6485979e-001
 3.6727965e-001
 3.6811590e-001
 3.6623028e-001
 3.6356142e-001
 3.6073086e-001
 3.5764363e-001
 3.5291681e-001
 3.4661600e-001
 3.4225047e-001
 3.3839139e-001
 3.3330241e-001
 3.2740092e-001
 3.2042894e-001
 3.1293598e-001
 3.0431560e-001
 2.9468551e-001
 2.8424025e-001
 2.7482834e-001
 2.6679942e-001
 2.5999698e-001
 2.5337896e-001
 2.4400808e-001
 2.3375200e-001
 2.2588515e-001
 2.1844715e-001
 2.1066274e-001
 2.0214631e-001
 1.9334590e-001
 1.8401088e-001
 1.7423514e-001
 1.6460718e-001
 1.5618554e-001
 1.5017368e-001
 1.4568025e-001
 1.4134702e-001
 1.3765004e-001
 1.3486530e-001
 1.3244641e-001
 1.3149105e-001
 1.3154565e-001
 1.3113324e-001
 1.3145578e-001
 1.3147630e-001
 1.3211864e-001
 1.3458347e-001
 1.3646880e-001
 1.3768753e-001
 1.3785475e-001
 1.4015096e-001
 1.4390048e-001
 1.4631733e-001
 1.4892797e-001
 1.5114035e-001
 1.5253678e-001
 1.5303691e-001
 1.5531324e-001
 1.5865308e-001
 1.6058221e-001
 1.6133219e-001
 1.6234800e-001
 1.6354167e-001
 1.6519229e-001
 1.6731334e-001
 1.6888240e-001
 1.7050435e-001
 1.7131986e-001
 1.7118078e-001
 1.7254619e-001
 1.7521381e-001
 1.7695519e-001
 1.7795564e-001
 1.7987569e-001
 1.8233910e-001
 1.8611665e-001
 1.9083117e-001
 1.9526443e-001
 2.0085683e-001
 2.0635282e-001
 2.1190059e-001
 2.1756603e-001
 2.2210847e-001
 2.2766191e-001
 2.3309559e-001
 2.3831096e-001
 2.4432082e-001
 2.5006041e-001
 2.5573456e-001
 2.6222965e-001
 2.6733601e-001
 2.7093941e-001
 2.7452064e-001
 2.7892643e-001
 2.8332901e-001
 2.8617948e-001
 2.8828642e-001
 2.9007876e-001
 2.9211530e-001
 2.9478043e-001
 2.9875800e-001
 3.0115685e-001
 3.0178726e-001
 3.0428696e-001
 3.0764368e-001
 3.1129768e-001
 3.1548560e-001
 3.1982300e-001
 3.2515872e-001
 3.3119196e-001
 3.3688885e-001
 3.4052160e-001
 3.4360003e-001
 3.4706539e-001
 3.5023841e-001
 3.5312149e-001
 3.5479230e-001
 3.5707471e-001
 3.5997957e-001
 3.6247480e-001
 3.6546975e-001
 3.6849257e-001
 3.7004215e-001
 3.7072238e-001
 3.7089738e-001
 3.7143171e-001
 3.7282711e-001
 3.7344587e-001
 3.7211704e-001
 3.7198311e-001
 3.7387151e-001
 3.7501219e-001
 3.7546435e-001
 3.7718400e-001
 3.7964034e-001
 3.8177279e-001
 3.8363105e-001
 3.8571635e-001
 3.8799292e-001
 3.9066091e-001
 3.9347947e-001
 3.9598462e-001
 3.9675045e-001
 3.9559722e-001
 3.9412388e-001
 3.9274445e-001
 3.9011028e-001
 3.8581631e-001
 3.8274238e-001
 3.8184085e-001
 3.8171780e-001
 3.8355374e-001
 3.8619798e-001
 3.8778773e-001
 3.8982779e-001
 3.9188519e-001
 3.9323914e-001
 3.9458901e-001
 3.9660603e-001
 3.9915773e-001
 4.0193531e-001
 4.0489873e-001
 4.0772691e-001
 4.1010246e-001
 4.1221201e-001
 4.1521484e-001
 4.1655040e-001
 4.1726273e-001
 4.1906261e-001
 4.2099708e-001
 4.2229530e-001
 4.2241687e-001
 4.2161402e-001
 4.1980225e-001
 4.1699645e-001
 4.1423923e-001
 4.1299504e-001
 4.1315824e-001
 4.1333595e-001
 4.1323242e-001
 4.1302747e-001
 4.1255873e-001
 4.1106445e-001
 4.0845460e-001
 4.0609261e-001
 4.0537101e-001
 4.0511954e-001
 4.0385765e-001
 4.0327641e-001
 4.0412834e-001
 4.0596256e-001
 4.0735301e-001
 4.0736589e-001
 4.0646783e-001
 4.0488717e-001
 4.0299386e-001
 4.0187377e-001
 4.0072307e-001
 3.9846203e-001
 3.9638793e-001
 3.9562941e-001
 3.9537653e-001
 3.9553329e-001
 3.9558405e-001
 3.9521050e-001
 3.9488277e-001
 3.9542833e-001
 3.9707831e-001
 3.9662561e-001
 3.9520770e-001
 3.9315891e-001
 3.9110103e-001
 3.9123288e-001
 3.9193493e-001
 3.9208603e-001
 3.9189520e-001
 3.9167526e-001
 3.9196908e-001
 3.9250797e-001
 3.9409873e-001
 3.9794815e-001
 4.0171805e-001
 4.0435416e-001
 4.0753856e-001
 4.1154301e-001
 4.1575783e-001
 4.1984102e-001
 4.2479283e-001
 4.2995024e-001
 4.3368539e-001
 4.3554354e-001
 4.3675211e-001
 4.3743685e-001
 4.3825260e-001
 4.3897420e-001
 4.3992886e-001
 4.4146481e-001
 4.4175896e-001
 4.4193077e-001
 4.4163597e-001
 4.4066671e-001
 4.4085288e-001
 4.4080743e-001
 4.4023702e-001
 4.3999597e-001
 4.4000113e-001
 4.4099829e-001
 4.4172522e-001
 4.4254655e-001
 4.4349366e-001
 4.4263008e-001
 4.4096684e-001
 4.4027796e-001
 4.3948686e-001
 4.3857884e-001
 4.3698767e-001
 4.3460155e-001
 4.3273941e-001
 4.3168232e-001
 4.2947677e-001
 4.2756847e-001
 4.2641857e-001
 4.2576450e-001
 4.2669380e-001
 4.2718938e-001
 4.2707500e-001
 4.2757314e-001
 4.2855644e-001
 4.2856672e-001
 4.2886373e-001
 4.2915705e-001
 4.2927274e-001
 4.2995912e-001
 4.3048376e-001
 4.3095770e-001
 4.3155897e-001
 4.3302986e-001
 4.3509731e-001
 4.3624362e-001
 4.3551490e-001
 4.3512180e-001
 4.3637168e-001
 4.3753946e-001
 4.3829557e-001
 4.3963394e-001
 4.4180185e-001
 4.4295797e-001
 4.4366255e-001
 4.4490021e-001
 4.4701838e-001
 4.4956025e-001
 4.5093894e-001
 4.5273522e-001
 4.5558226e-001
 4.5780447e-001
 4.5947739e-001
 4.6023992e-001
 4.6064737e-001
 4.6193850e-001
 4.6270272e-001
 4.6269000e-001
 4.6309406e-001
 4.6263641e-001
 4.6193200e-001
 4.6264133e-001
 4.6332756e-001
 4.6478125e-001
 4.6753430e-001
 4.6953154e-001
 4.7019717e-001
 4.7012511e-001
 4.6971431e-001
 4.6849766e-001
 4.6677887e-001
 4.6560639e-001
 4.6609944e-001
 4.6638474e-001
 4.6611914e-001
 4.6554124e-001
 4.6468547e-001
 4.6382472e-001
 4.6324113e-001
 4.6400413e-001
 4.6426904e-001
 4.6508718e-001
 4.6693105e-001
 4.6776474e-001
 4.6820661e-001
 4.7012195e-001
 4.7113860e-001
 4.7176647e-001
 4.7307932e-001
 4.7322279e-001
 4.7300863e-001
 4.7316590e-001
 4.7349977e-001
 4.7410393e-001
 4.7428811e-001
 4.7345749e-001
 4.7209901e-001
 4.7027391e-001
 4.6811089e-001
 4.6573794e-001
 4.6477467e-001
 4.6513805e-001
 4.6505871e-001
 4.6423694e-001
 4.6294913e-001
 4.6174538e-001
 4.6108249e-001
 4.6025980e-001
 4.5980015e-001
 4.5993245e-001
 4.6019781e-001
 4.5911127e-001
 4.5695004e-001
 4.5566866e-001
 4.5656818e-001
 4.5792201e-001
 4.5783082e-001
 4.5753959e-001
 4.5786640e-001
 4.5816854e-001
 4.5747951e-001
 4.5772246e-001
 4.5836151e-001
 4.5751855e-001
 4.5629799e-001
 4.5458674e-001
 4.5332706e-001
 4.5308393e-001
 4.5330897e-001
 4.5446253e-001
 4.5527270e-001
 4.5556331e-001
 4.5749551e-001
 4.6055886e-001
 4.6335900e-001
 4.6594533e-001
 4.6871477e-001
 4.7184449e-001
 4.7494146e-001
 4.7655007e-001
 4.7791126e-001
 4.7996542e-001
 4.8213103e-001
 4.8390150e-001
 4.8542663e-001
 4.8700979e-001
 4.8849866e-001
 4.8873755e-001
 4.8765883e-001
 4.8648089e-001
 4.8533732e-001
 4.8422024e-001
 4.8307079e-001
 4.8217165e-001
 4.8204392e-001
 4.8195499e-001
 4.8157385e-001
 4.8223966e-001
 4.8408723e-001
 4.8536724e-001
 4.8559108e-001
 4.8566911e-001
 4.8597419e-001
 4.8525852e-001
 4.8417199e-001
 4.8395377e-001
 4.8261279e-001
 4.8084146e-001
 4.8025572e-001
 4.8000115e-001
 4.8084664e-001
 4.8208362e-001
 4.8245680e-001
 4.8343506e-001
 4.8419574e-001
 4.8346284e-001
 4.8280245e-001
 4.8242506e-001
 4.8162565e-001
 4.8137915e-001
 4.8039252e-001
 4.7947979e-001
 4.7928348e-001
 4.7958741e-001
 4.8070949e-001
 4.8161906e-001
 4.8199737e-001
 4.8241630e-001
 4.8395550e-001
 4.8559034e-001
 4.8662898e-001
 4.8726022e-001
 4.8694214e-001
 4.8677120e-001
 4.8693183e-001
 4.8690170e-001
 4.8672023e-001
 4.8614061e-001
 4.8576337e-001
 4.8575434e-001
 4.8527715e-001
 4.8503458e-001
 4.8502076e-001
 4.8568010e-001
 4.8593259e-001
 4.8513132e-001
 4.8429501e-001
 4.8368952e-001
 4.8312184e-001
 4.8332372e-001
 4.8453075e-001
 4.8587638e-001
 4.8668700e-001
 4.8714498e-001
 4.8834053e-001
 4.9022493e-001
 4.9143633e-001
 4.9114692e-001
 4.9108213e-001
 4.9244231e-001
 4.9396837e-001
 4.9490917e-001
 4.9564621e-001
 4.9668148e-001
 4.9747682e-001
 4.9755323e-001
 4.9782023e-001
 4.9869817e-001
 4.9958056e-001
 4.9914411e-001
 4.9753854e-001
 4.9669394e-001
 4.9701235e-001
 4.9694225e-001
 4.9631688e-001
 4.9592045e-001
 4.9545228e-001
 4.9508491e-001
 4.9472016e-001
 4.9434692e-001
 4.9417433e-001
 4.9452722e-001
 4.9529392e-001
 4.9578685e-001
 4.9577442e-001
 4.9728790e-001
 4.9917361e-001
 4.9931344e-001
 5.0002825e-001
 5.0110626e-001
 5.0194734e-001
 5.0305641e-001
 5.0402039e-001
 5.0435519e-001
 5.0484133e-001
 5.0599319e-001
 5.0658202e-001
 5.0572008e-001
 5.0475025e-001
 5.0424498e-001
 5.0390798e-001
 5.0367469e-001
 5.0394684e-001
 5.0483602e-001
 5.0545669e-001
 5.0468349e-001
 5.0448287e-001
 5.0509840e-001
 5.0493515e-001
 5.0403351e-001
 5.0294656e-001
 5.0234908e-001
 5.0220186e-001
 5.0196648e-001
 5.0097567e-001
 4.9896547e-001
 4.9653995e-001
 4.9471822e-001
 4.9346328e-001
 4.9224061e-001
 4.9160558e-001
 4.9149075e-001
 4.9166673e-001
 4.9226877e-001
 4.9341443e-001
 4.9457484e-001
 4.9485421e-001
 4.9482420e-001
 4.9572715e-001
 4.9693772e-001
 4.9749580e-001
 4.9784970e-001
 4.9766019e-001
 4.9770531e-001
 4.9803457e-001
 4.9691719e-001
 4.9580240e-001
 4.9445400e-001
 4.9237439e-001
 4.9052933e-001
 4.8916137e-001
 4.8816013e-001
 4.8683283e-001
 4.8596799e-001
 4.8573813e-001
 4.8468268e-001
 4.8322549e-001
 4.8315772e-001
 4.8356286e-001
 4.8364794e-001
 4.8383445e-001
 4.8315161e-001
 4.8197433e-001
 4.8040101e-001
 4.7888270e-001
 4.7727123e-001
 4.7629133e-001
 4.7611564e-001
 4.7504187e-001
 4.7418129e-001
 4.7566190e-001
 4.7736183e-001
 4.7734493e-001
 4.7718883e-001
 4.7732651e-001
 4.7744206e-001
 4.7767246e-001
 4.7741669e-001
 4.7708192e-001
 4.7588542e-001
 4.7313946e-001
 4.6974209e-001
 4.6621040e-001
 4.6331528e-001
 4.6134746e-001
 4.6035159e-001
 4.6125093e-001
 4.6364045e-001
 4.6594712e-001
 4.6752280e-001
 4.6857458e-001
 4.6985421e-001
 4.7128713e-001
 4.7227210e-001
 4.7303173e-001
 4.7373226e-001
 4.7452277e-001
 4.7523257e-001
 4.7543198e-001
 4.7494209e-001
 4.7412938e-001
 4.7380179e-001
 4.7308898e-001
 4.7190133e-001
 4.7125423e-001
 4.6979997e-001
 4.6742547e-001
 4.6562701e-001
 4.6461710e-001
 4.6458566e-001
 4.6489185e-001
 4.6591797e-001
 4.6735275e-001
 4.6782222e-001
 4.6746734e-001
 4.6619985e-001
 4.6447989e-001
 4.6210456e-001
 4.5931524e-001
 4.5657536e-001
 4.5293093e-001
 4.4872087e-001
 4.4586241e-001
 4.4483787e-001
 4.4536105e-001
 4.4714856e-001
 4.4848293e-001
 4.4811901e-001
 4.4687980e-001
 4.4551629e-001
 4.4276184e-001
 4.3976313e-001
 4.3897298e-001
 4.4026679e-001
 4.4262132e-001
 4.4578853e-001
 4.4875318e-001
 4.5043203e-001
 4.5196393e-001
 4.5336527e-001
 4.5401496e-001
 4.5386502e-001
 4.5460257e-001
 4.5614916e-001
 4.5637682e-001
 4.5521292e-001
 4.5361757e-001
 4.5221934e-001
 4.5123887e-001
 4.5113319e-001
 4.5050955e-001
 4.4911939e-001
 4.4859928e-001
 4.4811830e-001
 4.4670945e-001
 4.4586158e-001
 4.4557765e-001
 4.4511008e-001
 4.4471902e-001
 4.4333115e-001
 4.4122142e-001
 4.3879724e-001
 4.3562719e-001
 4.3252170e-001
 4.3025219e-001
 4.2814389e-001
 4.2588907e-001
 4.2407244e-001
 4.2229167e-001
 4.1951483e-001
 4.1649315e-001
 4.1416004e-001
 4.1255677e-001
 4.1163722e-001
 4.1089606e-001
 4.1009077e-001
 4.0966895e-001
 4.0909874e-001
 4.0724885e-001
 4.0545359e-001
 4.0382943e-001
 4.0122238e-001
 3.9805830e-001
 3.9374954e-001
 3.8926932e-001
 3.8678777e-001
 3.8567385e-001
 3.8438785e-001
 3.8299412e-001
 3.8195106e-001
 3.8089412e-001
 3.7949902e-001
 3.7810180e-001
 3.7692448e-001
 3.7612790e-001
 3.7603363e-001
 3.7597954e-001
 3.7588042e-001
 3.7534001e-001
 3.7330863e-001
 3.7138167e-001
 3.6979946e-001
 3.6686584e-001
 3.6307070e-001
 3.5932651e-001
 3.5582820e-001
 3.5247076e-001
 3.4877503e-001
 3.4460154e-001
 3.3950609e-001
 3.3394068e-001
 3.2847524e-001
 3.2169574e-001
 3.1330252e-001
 3.0525929e-001
 2.9769021e-001
 2.8994417e-001
 2.8197619e-001
 2.7322319e-001
 2.6378459e-001
 2.5348145e-001
 2.4146110e-001
 2.2844556e-001
 2.1503222e-001
 2.0077334e-001
 1.8669929e-001
 1.7352511e-001
 1.6141333e-001
 1.5073454e-001
 1.4212021e-001
 1.3506228e-001
 1.2878616e-001
 1.2332510e-001
 1.1889537e-001
 1.1659940e-001
 1.1609790e-001
 1.1557472e-001
 1.1445791e-001
 1.1343609e-001
 1.1335840e-001
 1.1422942e-001
 1.1537995e-001
 1.1810986e-001
 1.2312915e-001
 1.2929091e-001
 1.3469332e-001
 1.3865735e-001
 1.4281169e-001
 1.4753605e-001
 1.5219946e-001
 1.5533401e-001
 1.5581991e-001
 1.5334161e-001
 1.4771415e-001
 1.4018182e-001
 1.3218071e-001
 1.2426277e-001
 1.1786631e-001
 1.1454863e-001
 1.1386543e-001
 1.1466571e-001
 1.1708711e-001
 1.2205692e-001
 1.3015728e-001
 1.4099875e-001
 1.5222017e-001
 1.6194732e-001
 1.6930018e-001
 1.7373601e-001
 1.7621063e-001
 1.7829517e-001
 1.8091545e-001
 1.8403971e-001
 1.8771274e-001
 1.9278379e-001
 1.9905461e-001
 2.0505144e-001
 2.0988750e-001
 2.1335559e-001
 2.1474230e-001
 2.1358141e-001
 2.0978552e-001
 2.0414975e-001
 1.9735251e-001
 1.9133666e-001
 1.8892373e-001
 1.9035630e-001
 1.9393092e-001
 1.9912510e-001
 2.0574218e-001
 2.1150099e-001
 2.1523562e-001
 2.1821928e-001
 2.2091264e-001
 2.2345947e-001
 2.2583388e-001
 2.2665563e-001
 2.2606650e-001
 2.2585811e-001
 2.2757594e-001
 2.3149928e-001
 2.3620760e-001
 2.4078223e-001
 2.4575920e-001
 2.5132602e-001
 2.5696170e-001
 2.6300311e-001
 2.6996657e-001
 2.7619335e-001
 2.7953184e-001
 2.8149036e-001
 2.8289422e-001
 2.8250840e-001
 2.8036427e-001
 2.7484721e-001
 2.6702365e-001
 2.6241159e-001
 2.6249123e-001
 2.6503748e-001
 2.7012390e-001
 2.7799433e-001
 2.8630513e-001
 2.9277512e-001
 2.9768950e-001
 3.0196288e-001
 3.0713278e-001
 3.1420749e-001
 3.2156962e-001
 3.2799357e-001
 3.3209532e-001
 3.3334431e-001
 3.3325627e-001
 3.3263001e-001
 3.3179152e-001
 3.3052823e-001
 3.2885364e-001
 3.2776535e-001
 3.2754019e-001
 3.2760781e-001
 3.2736820e-001
 3.2727128e-001
 3.2706457e-001
 3.2634139e-001
 3.2625082e-001
 3.2646853e-001
 3.2690695e-001
 3.2764155e-001
 3.2739007e-001
 3.2709360e-001
 3.2789108e-001
 3.3042341e-001
 3.3395281e-001
 3.3659130e-001
 3.3880430e-001
 3.4074926e-001
 3.4197205e-001
 3.4256551e-001
 3.4233141e-001
 3.4087950e-001
 3.3922207e-001
 3.3787239e-001
 3.3660448e-001
 3.3592546e-001
 3.3505455e-001
 3.3275387e-001
 3.3005425e-001
 3.2755861e-001
 3.2407555e-001
 3.2103360e-001
 3.1943771e-001
 3.1805754e-001
 3.1648722e-001
 3.1482643e-001
 3.1253624e-001
 3.0959600e-001
 3.0693281e-001
 3.0392957e-001
 3.0094299e-001
 2.9940051e-001
 2.9804391e-001
 2.9469869e-001
 2.8977159e-001
 2.8389055e-001
 2.7689657e-001
 2.7009812e-001
 2.6350635e-001
 2.5585312e-001
 2.4769115e-001
 2.4043737e-001
 2.3475793e-001
 2.3017472e-001
 2.2581491e-001
 2.2084297e-001
 2.1516122e-001
 2.1023166e-001
 2.0598868e-001
 2.0214455e-001
 1.9995740e-001
 1.9956483e-001
 2.0004112e-001
 2.0096983e-001
 2.0220473e-001
 2.0314144e-001
 2.0387380e-001
 2.0630240e-001
 2.1183598e-001
 2.1908052e-001
 2.2574227e-001
 2.3103264e-001
 2.3593839e-001
 2.4089023e-001
 2.4504301e-001
 2.4839675e-001
 2.5092933e-001
 2.5195894e-001
 2.5194514e-001
 2.5160104e-001
 2.5125909e-001
 2.5186300e-001
 2.5323150e-001
 2.5515771e-001
 2.5646186e-001
 2.5527984e-001
 2.5123364e-001
 2.4503386e-001
 2.3756798e-001
 2.3027208e-001
 2.2403716e-001
 2.1935157e-001
 2.1793708e-001
 2.2060725e-001
 2.2598486e-001
 2.3174113e-001
 2.3738179e-001
 2.4336328e-001
 2.4933635e-001
 2.5444093e-001
 2.5798085e-001
 2.6017839e-001
 2.6122302e-001
 2.6094067e-001
 2.5978941e-001
 2.5787431e-001
 2.5559342e-001
 2.5390413e-001
 2.5352481e-001
 2.5472647e-001
 2.5746039e-001
 2.6051605e-001
 2.6278338e-001
 2.6432315e-001
 2.6526222e-001
 2.6471403e-001
 2.6222005e-001
 2.5808951e-001
 2.5280637e-001
 2.4691242e-001
 2.4102744e-001
 2.3638923e-001
 2.3336393e-001
 2.3134127e-001
 2.3027240e-001
 2.3018587e-001
 2.3054160e-001
 2.3229086e-001
 2.3611498e-001
 2.3951304e-001
 2.3983462e-001
 2.3766360e-001
 2.3445240e-001
 2.3096234e-001
 2.2780095e-001
 2.2625983e-001
 2.2771037e-001
 2.3110633e-001
 2.3399583e-001
 2.3436545e-001
 2.3218556e-001
 2.2926897e-001
 2.2688888e-001
 2.2540605e-001
 2.2386156e-001
 2.2070102e-001
 2.1603936e-001
 2.1114190e-001
 2.0733066e-001
 2.0570703e-001
 2.0574497e-001
 2.0749603e-001
 2.1215239e-001
 2.1859677e-001
 2.2494295e-001
 2.3052335e-001
 2.3477997e-001
 2.3793477e-001
 2.4040465e-001
 2.4133667e-001
 2.3993586e-001
 2.3583466e-001
 2.2911236e-001
 2.1979661e-001
 2.0793886e-001
 1.9737929e-001
 1.9239655e-001
 1.9152722e-001
 1.9054246e-001
 1.8595700e-001
 1.7792667e-001
 1.6976801e-001
 1.6366991e-001
 1.5937668e-001
 1.5704644e-001
 1.5770692e-001
 1.6080743e-001
 1.6511407e-001
 1.6890985e-001
 1.7122816e-001
 1.7251548e-001
 1.7277382e-001
 1.7145079e-001
 1.6907701e-001
 1.6651344e-001
 1.6360408e-001
 1.6138795e-001
 1.6035926e-001
 1.5872797e-001
 1.5472165e-001
 1.4796042e-001
 1.3989648e-001
 1.3283204e-001
 1.2829570e-001
 1.2513134e-001
 1.2114476e-001
 1.1527338e-001
 1.0702214e-001
 9.6830726e-002
 8.5753240e-002
 7.5987287e-002
 7.1321316e-002
 7.1894608e-002
 7.1991727e-002
 6.8148240e-002
 6.1739005e-002
 5.5524509e-002
 5.1042113e-002
 4.7784876e-002
 4.5624543e-002
 4.5763616e-002
 4.6841219e-002
 4.7910322e-002
 5.0969776e-002
 5.6342054e-002
 6.2672652e-002
 6.8733945e-002
 7.3918939e-002
 7.9458192e-002
 8.5481130e-002
 9.1015846e-002
 9.6938819e-002
 1.0393131e-001
 1.1053414e-001
 1.1500277e-001
 1.1825319e-001
 1.2193172e-001
 1.2588066e-001
 1.3056171e-001
 1.3579474e-001
 1.4083029e-001
 1.4709419e-001
 1.5453094e-001
 1.6132131e-001
 1.6590410e-001
 1.6780788e-001
 1.6813710e-001
 1.6769236e-001
 1.6702496e-001
 1.6693400e-001
 1.6686948e-001
 1.6551517e-001
 1.6395290e-001
 1.6428664e-001
 1.6690871e-001
 1.7200445e-001
 1.7928928e-001
 1.8729560e-001
 1.9496502e-001
 2.0143302e-001
 2.0571141e-001
 2.0817706e-001
 2.0873176e-001
 2.0707212e-001
 2.0409103e-001
 2.0130366e-001
 2.0027640e-001
 2.0169529e-001
 2.0522664e-001
 2.0977378e-001
 2.1344937e-001
 2.1475109e-001
 2.1575674e-001
 2.1921819e-001
 2.2448637e-001
 2.2969294e-001
 2.3366083e-001
 2.3535824e-001
 2.3496833e-001
 2.3357952e-001
 2.3230535e-001
 2.3169617e-001
 2.3053423e-001
 2.2858268e-001
 2.2754054e-001
 2.2791781e-001
 2.2811311e-001
 2.2771195e-001
 2.2694658e-001
 2.2427197e-001
 2.1997401e-001
 2.1629483e-001
 2.1532580e-001
 2.1699041e-001
 2.2043307e-001
 2.2489986e-001
 2.2933526e-001
 2.3258948e-001
 2.3441130e-001
 2.3496962e-001
 2.3358440e-001
 2.3202357e-001
 2.3131523e-001
 2.3160128e-001
 2.3385012e-001
 2.3845488e-001
 2.4458018e-001
 2.4965833e-001
 2.5466216e-001
 2.5847051e-001
 2.5998151e-001
 2.6283690e-001
 2.6678100e-001
 2.7011842e-001
 2.7314752e-001
 2.7386311e-001
 2.7389541e-001
 2.7381060e-001
 2.7138504e-001
 2.6790157e-001
 2.6405308e-001
 2.6048353e-001
 2.5884336e-001
 2.5468111e-001
 2.4522913e-001
 2.3519857e-001
 2.2503848e-001
 2.1447252e-001
 2.0382325e-001
 1.9087847e-001
 1.7689906e-001
 1.6403775e-001
 1.5480083e-001
 1.5220428e-001
 1.5512487e-001
 1.6000129e-001
 1.6379263e-001
 1.6450022e-001
 1.6325857e-001
 1.6455375e-001
 1.6871804e-001
 1.7567442e-001
 1.8655472e-001
 1.9674239e-001
 2.0249850e-001
 2.0582658e-001
 2.0877971e-001
 2.1195009e-001
 2.1634962e-001
 2.2328301e-001
 2.2926523e-001
 2.3124795e-001
 2.3075010e-001
 2.2659683e-001
 2.2018826e-001
 2.1526583e-001
 2.1333247e-001
 2.1414933e-001
 2.1610025e-001
 2.1909159e-001
 2.2407977e-001
 2.2963423e-001
 2.3131576e-001
 2.2912809e-001
 2.2585164e-001
 2.2196631e-001
 2.1674411e-001
 2.0926304e-001
 2.0118368e-001
 1.9329558e-001
 1.8714285e-001
 1.8528564e-001
 1.8744512e-001
 1.9134358e-001
 1.9727062e-001
 2.0593885e-001
 2.1456043e-001
 2.2140113e-001
 2.2837627e-001
 2.3674324e-001
 2.4149114e-001
 2.4246560e-001
 2.4154025e-001
 2.3784180e-001
 2.3094358e-001
 2.2257023e-001
 2.1547790e-001
 2.1093325e-001
 2.0922148e-001
 2.0817748e-001
 2.0796813e-001
 2.0922258e-001
 2.1007837e-001
 2.0961195e-001
 2.0924257e-001
 2.1117641e-001
 2.1445504e-001
 2.1578598e-001
 2.1349905e-001
 2.0819062e-001
 2.0151585e-001
 1.9442466e-001
 1.8586604e-001
 1.7725216e-001
 1.7164779e-001
 1.6912244e-001
 1.6931286e-001
 1.6974372e-001
 1.6902889e-001
 1.6949753e-001
 1.7265157e-001
 1.7666793e-001
 1.7874041e-001
 1.7864233e-001
 1.7860402e-001
 1.8043293e-001
 1.8293357e-001
 1.8556364e-001
 1.8729329e-001
 1.8806304e-001
 1.8940504e-001
 1.9002566e-001
 1.8945749e-001
 1.8710805e-001
 1.8261689e-001
 1.7616051e-001
 1.6824146e-001
 1.6221398e-001
 1.5736763e-001
 1.4989237e-001
 1.4125039e-001
 1.3798970e-001
 1.4268376e-001
 1.5070806e-001
 1.5688515e-001
 1.5951392e-001
 1.6089311e-001
 1.6599415e-001
 1.7719129e-001
 1.9066329e-001
 2.0280223e-001
 2.1526530e-001
 2.2997342e-001
 2.4530166e-001
 2.5877520e-001
 2.6764831e-001
 2.7150598e-001
 2.7274653e-001
 2.7312776e-001
 2.7401492e-001
 2.7576655e-001
 2.7794513e-001
 2.8041899e-001
 2.8439096e-001
 2.9163826e-001
 3.0014169e-001
 3.0652624e-001
 3.1076741e-001
 3.1415120e-001
 3.1799689e-001
 3.2389539e-001
 3.3011672e-001
 3.3417436e-001
 3.3617434e-001
 3.3603323e-001
 3.3351195e-001
 3.3038971e-001
 3.2919747e-001
 3.3171007e-001
 3.3813703e-001
 3.4553316e-001
 3.5096255e-001
 3.5335568e-001
 3.5431266e-001
 3.5604057e-001
 3.5798493e-001
 3.5975370e-001
 3.6093646e-001
 3.6093923e-001
 3.5984507e-001
 3.5820204e-001
 3.5717252e-001
 3.5732463e-001
 3.5924226e-001
 3.6372492e-001
 3.7093031e-001
 3.7927279e-001
 3.8658318e-001
 3.9208481e-001
 3.9643469e-001
 3.9954671e-001
 4.0206206e-001
 4.0526834e-001
 4.0874916e-001
 4.1126323e-001
 4.1200384e-001
 4.1160038e-001
 4.1032949e-001
 4.0856168e-001
 4.0673760e-001
 4.0566966e-001
 4.0634924e-001
 4.0768892e-001
 4.0794137e-001
 4.0687558e-001
 4.0393513e-001
 4.0002635e-001
 3.9684984e-001
 3.9440703e-001
 3.9226931e-001
 3.9039129e-001
 3.8924092e-001
 3.8938299e-001
 3.9039630e-001
 3.9129192e-001
 3.9079246e-001
 3.8847318e-001
 3.8506255e-001
 3.8207129e-001
 3.8250095e-001
 3.8605848e-001
 3.8938740e-001
 3.9144871e-001
 3.9133587e-001
 3.8840497e-001
 3.8460150e-001
 3.8125268e-001
 3.7882122e-001
 3.7781996e-001
 3.7658909e-001
 3.7403300e-001
 3.7043306e-001
 3.6646086e-001
 3.6292741e-001
 3.6076280e-001
 3.6011222e-001
 3.6137226e-001
 3.6549997e-001
 3.7104002e-001
 3.7484446e-001
 3.7472510e-001
 3.7170431e-001
 3.6854821e-001
 3.6659566e-001
 3.6585480e-001
 3.6590341e-001
 3.6712557e-001
 3.6949047e-001
 3.7168851e-001
 3.7230980e-001
 3.6966136e-001
 3.6422756e-001
 3.5906765e-001
 3.5536474e-001
 3.5313985e-001
 3.5383174e-001
 3.5695234e-001
 3.6034390e-001
 3.6281040e-001
 3.6363107e-001
 3.6264923e-001
 3.6156589e-001
 3.6207244e-001
 3.6275008e-001
 3.6253205e-001
 3.6243170e-001
 3.6261258e-001
 3.6259106e-001
 3.6270133e-001
 3.6238721e-001
 3.6049488e-001
 3.5824245e-001
 3.5834381e-001
 3.6239326e-001
 3.6946833e-001
 3.7700298e-001
 3.8285464e-001
 3.8499829e-001
 3.8480043e-001
 3.8516417e-001
 3.8695118e-001
 3.8970718e-001
 3.9163467e-001
 3.9188582e-001
 3.9075288e-001
 3.8770157e-001
 3.8268918e-001
 3.7622917e-001
 3.6954084e-001
 3.6435369e-001
 3.6155120e-001
 3.6037406e-001
 3.6012736e-001
 3.6009279e-001
 3.5912323e-001
 3.5592151e-001
 3.4981909e-001
 3.4338632e-001
 3.3927163e-001
 3.3823994e-001
 3.3941504e-001
 3.4119639e-001
 3.4272125e-001
 3.4477890e-001
 3.4675080e-001
 3.4685156e-001
 3.4656048e-001
 3.4692654e-001
 3.4733960e-001
 3.4758750e-001
 3.4615308e-001
 3.4352565e-001
 3.4180996e-001
 3.4194973e-001
 3.4368619e-001
 3.4636065e-001
 3.4975120e-001
 3.5247111e-001
 3.5363907e-001
 3.5406208e-001
 3.5410538e-001
 3.5468283e-001
 3.5580340e-001
 3.5709172e-001
 3.5803020e-001
 3.5826752e-001
 3.5812530e-001
 3.5742489e-001
 3.5657158e-001
 3.5561386e-001
 3.5450336e-001
 3.5308433e-001
 3.5166016e-001
 3.5057729e-001
 3.4926015e-001
 3.4763035e-001
 3.4554696e-001
 3.4329000e-001
 3.4161040e-001
 3.4023109e-001
 3.3816746e-001
 3.3546293e-001
 3.3296016e-001
 3.3049655e-001
 3.2816610e-001
 3.2480046e-001
 3.2034239e-001
 3.1619713e-001
 3.1265822e-001
 3.0878013e-001
 3.0437580e-001
 2.9997739e-001
 2.9508913e-001
 2.8946906e-001
 2.8348076e-001
 2.7760962e-001
 2.7129129e-001
 2.6426396e-001
 2.5801730e-001
 2.5263622e-001
 2.4681583e-001
 2.4110366e-001
 2.3606004e-001
 2.3101929e-001
 2.2568198e-001
 2.2066887e-001
 2.1601884e-001
 2.1150838e-001
 2.0753826e-001
 2.0446934e-001
 2.0227365e-001
 2.0064498e-001
 1.9883619e-001
 1.9686164e-001
 1.9502470e-001
 1.9256552e-001
 1.8945974e-001
 1.8662690e-001
 1.8417534e-001
 1.8231513e-001
 1.8109567e-001
 1.7984994e-001
 1.7802447e-001
 1.7472939e-001
 1.6892540e-001
 1.5917221e-001
 1.4663742e-001
 1.3718878e-001
 1.3023719e-001
 1.2045866e-001
 1.1065379e-001
 1.0466060e-001
 1.0192681e-001
 1.0184664e-001
 1.0380274e-001
 1.0701293e-001
 1.0952580e-001
 1.1015055e-001
 1.0967574e-001
 1.0818142e-001
 1.0613466e-001
 1.0421368e-001
 1.0226365e-001
 9.9876672e-002
 9.4946630e-002
 8.6811043e-002
 7.7690840e-002
 6.9265693e-002
 6.1188996e-002
 5.2207075e-002
 4.3406669e-002
 3.7303511e-002
 3.3779994e-002
 3.2265026e-002
 3.2403573e-002
 3.3140987e-002
 3.3709832e-002
 3.3391260e-002
 3.1762742e-002
 2.8760776e-002
 2.4628166e-002
 1.9904235e-002
 1.6008804e-002
 1.4840169e-002
 1.5323353e-002
 1.5438361e-002
 1.5246450e-002
 1.5496524e-002
 1.5743714e-002
 1.5218175e-002
 1.4320810e-002
 1.3777139e-002
 1.3750924e-002
 1.3805740e-002
 1.3732304e-002
 1.3457206e-002
 1.3289664e-002
 1.2958944e-002
 1.2826101e-002
 1.3347960e-002
 1.3977239e-002
 1.4342730e-002
 1.4808879e-002
 1.5657747e-002
 1.5955294e-002
 1.5781870e-002
 1.5780872e-002
 1.5701570e-002
 1.5371402e-002
 1.5072582e-002
 1.4754391e-002
 1.4608737e-002
 1.4580382e-002
 1.4121165e-002
 1.3692676e-002
 1.3900196e-002
 1.4305795e-002
 1.5230049e-002
 1.7126277e-002
 2.0228585e-002
 2.4383165e-002
 2.8353972e-002
 3.2548103e-002
 3.7888285e-002
 4.3556359e-002
 4.9573034e-002
 5.5915743e-002
 6.1864015e-002
 6.6747203e-002
 7.0505045e-002
 7.3940486e-002
 7.6965876e-002
 7.9341777e-002
 8.1168316e-002
 8.2951523e-002
 8.5244246e-002
 8.8863544e-002
 9.4265521e-002
 1.0107632e-001
 1.0773096e-001
 1.1239186e-001
 1.1558330e-001
 1.1929859e-001
 1.2469452e-001
 1.2974824e-001
 1.3280179e-001
 1.3577656e-001
 1.3984957e-001
 1.4321204e-001
 1.4525093e-001
 1.4886290e-001
 1.5392298e-001
 1.5738109e-001
 1.5796337e-001
 1.5645957e-001
 1.5447067e-001
 1.5321083e-001
 1.5204445e-001
 1.4846584e-001
 1.3964130e-001
 1.2733361e-001
 1.2015532e-001
 1.2319658e-001
 1.3143848e-001
 1.3842548e-001
 1.4259104e-001
 1.4592594e-001
 1.5248317e-001
 1.6151093e-001
 1.6884539e-001
 1.7318498e-001
 1.7406718e-001
 1.7412212e-001
 1.7558233e-001
 1.7717735e-001
 1.7719799e-001
 1.7565328e-001
 1.7413870e-001
 1.7298429e-001
 1.7116383e-001
 1.6548304e-001
 1.5300943e-001
 1.3896003e-001
 1.2929618e-001
 1.2293684e-001
 1.1930536e-001
 1.1741556e-001
 1.1251557e-001
 1.0293802e-001
 9.8269679e-002
 1.0434211e-001
 1.1449686e-001
 1.2371919e-001
 1.3300267e-001
 1.4437681e-001
 1.5738384e-001
 1.6926950e-001
 1.7883205e-001
 1.8689711e-001
 1.9388708e-001
 1.9847718e-001
 1.9876398e-001
 1.9626522e-001
 1.9531073e-001
 1.9750237e-001
 2.0257187e-001
 2.1084143e-001
 2.2263649e-001
 2.3523538e-001
 2.4566741e-001
 2.5385034e-001
 2.5852111e-001
 2.6037782e-001
 2.6327077e-001
 2.6950756e-001
 2.7839211e-001
 2.8759190e-001
 2.9629076e-001
 3.0362675e-001
 3.0860469e-001
 3.1163272e-001
 3.1296200e-001
 3.1196880e-001
 3.0997655e-001
 3.0951953e-001
 3.1147358e-001
 3.1497023e-001
 3.1754944e-001
 3.1759915e-001
 3.1550828e-001
 3.1262961e-001
 3.1064671e-001
 3.0929315e-001
 3.0742612e-001
 3.0416122e-001
 3.0077133e-001
 3.0018851e-001
 3.0270964e-001
 3.0567804e-001
 3.0728713e-001
 3.0615419e-001
 3.0255643e-001
 2.9869848e-001
 2.9587966e-001
 2.9365832e-001
 2.9198271e-001
 2.9068053e-001
 2.8764099e-001
 2.8321701e-001
 2.8079897e-001
 2.8087181e-001
 2.8199342e-001
 2.8228393e-001
 2.8084931e-001
 2.8041855e-001
 2.8331915e-001
 2.8811508e-001
 2.9504943e-001
 3.0378634e-001
 3.1068528e-001
 3.1678885e-001
 3.2562023e-001
 3.3515009e-001
 3.4200442e-001
 3.4445029e-001
 3.4344509e-001
 3.4217182e-001
 3.4170553e-001
 3.4149510e-001
 3.4290427e-001
 3.4609586e-001
 3.4883308e-001
 3.5082057e-001
 3.5338977e-001
 3.5583270e-001
 3.5747901e-001
 3.5885271e-001
 3.6021778e-001
 3.6065146e-001
 3.6230463e-001
 3.6661956e-001
 3.7179780e-001
 3.7545246e-001
 3.7737268e-001
 3.7783411e-001
 3.7641042e-001
 3.7200767e-001
 3.6416039e-001
 3.5532659e-001
 3.4885344e-001
 3.4434682e-001
 3.3950639e-001
 3.3452040e-001
 3.3034608e-001
 3.2889861e-001
 3.3187181e-001
 3.3409825e-001
 3.3177692e-001
 3.3066338e-001
 3.3515105e-001
 3.4060198e-001
 3.4275067e-001
 3.4186751e-001
 3.3816060e-001
 3.3153439e-001
 3.2434797e-001
 3.2006362e-001
 3.2005936e-001
 3.2157305e-001
 3.2324418e-001
 3.2446349e-001
 3.2383522e-001
 3.1891969e-001
 3.0645740e-001
 2.8698477e-001
 2.7187824e-001
 2.6792490e-001
 2.6789591e-001
 2.6450244e-001
 2.5858876e-001
 2.5252286e-001
 2.4351516e-001
 2.2958808e-001
 2.1230710e-001
 1.9553457e-001
 1.8570405e-001
 1.8426621e-001
 1.8269369e-001
 1.7588261e-001
 1.7033727e-001
 1.6652554e-001
 1.5889120e-001
 1.5482323e-001
 1.6744500e-001
 1.8985996e-001
 2.0472990e-001
 2.0556800e-001
 1.9660845e-001
 1.8430744e-001
 1.7938247e-001
 1.8741381e-001
 1.9693510e-001
 1.9708210e-001
 1.9716859e-001
 2.0928268e-001
 2.2441339e-001
 2.3344621e-001
 2.3711777e-001
 2.3682894e-001
 2.3586661e-001
 2.3613302e-001
 2.3665394e-001
 2.3780864e-001
 2.4078171e-001
 2.4542902e-001
 2.5071821e-001
 2.5423405e-001
 2.5434896e-001
 2.5225696e-001
 2.4889602e-001
 2.4502255e-001
 2.4238378e-001
 2.4185546e-001
 2.4393649e-001
 2.4845061e-001
 2.5476709e-001
 2.6074114e-001
 2.6253486e-001
 2.5761607e-001
 2.4728052e-001
 2.3996487e-001
 2.4296691e-001
 2.5126848e-001
 2.5837609e-001
 2.6255867e-001
 2.6358521e-001
 2.6225260e-001
 2.5825441e-001
 2.5281382e-001
 2.5041997e-001
 2.5113586e-001
 2.5162423e-001
 2.4908315e-001
 2.4270770e-001
 2.3531726e-001
 2.3442456e-001
 2.4273664e-001
 2.5157511e-001
 2.5235021e-001
 2.4634001e-001
 2.4145700e-001
 2.4185628e-001
 2.4725567e-001
 2.5764775e-001
 2.6809156e-001
 2.7251652e-001
 2.7126309e-001
 2.6816607e-001
 2.6658008e-001
 2.6570985e-001
 2.6442319e-001
 2.6330507e-001
 2.6110125e-001
 2.6100793e-001
 2.6869640e-001
 2.8060985e-001
 2.9002902e-001
 2.9610193e-001
 2.9749465e-001
 2.9584557e-001
 2.9375207e-001
 2.9066074e-001
 2.8595853e-001
 2.7897769e-001
 2.6988244e-001
 2.6171166e-001
 2.5623739e-001
 2.5619763e-001
 2.6309857e-001
 2.7170348e-001
 2.7690181e-001
 2.7878225e-001
 2.8133035e-001
 2.8987771e-001
 3.0043274e-001
 3.0552521e-001
 3.0493388e-001
 3.0195045e-001
 2.9914141e-001
 2.9545805e-001
 2.9034480e-001
 2.8493628e-001
 2.7919120e-001
 2.7228811e-001
 2.6579645e-001
 2.6024181e-001
 2.5709349e-001
 2.5929785e-001
 2.6541698e-001
 2.7117276e-001
 2.7300298e-001
 2.7332750e-001
 2.7637514e-001
 2.8142655e-001
 2.8390124e-001
 2.7995753e-001
 2.7027974e-001
 2.6138309e-001
 2.5566539e-001
 2.4963875e-001
 2.4098997e-001
 2.3104985e-001
 2.1948004e-001
 2.0816894e-001
 2.0340580e-001
 2.0383470e-001
 2.0475574e-001
 2.0459911e-001
 2.0034842e-001
 1.8997075e-001
 1.7839995e-001
 1.7497957e-001
 1.7997631e-001
 1.8428902e-001
 1.8210542e-001
 1.7308080e-001
 1.5712142e-001
 1.4362720e-001
 1.4397007e-001
 1.5174930e-001
 1.5093097e-001
 1.3776337e-001
 1.3071884e-001
 1.4607513e-001
 1.7522489e-001
 2.0036790e-001
 2.1119457e-001
 2.0573705e-001
 1.8989386e-001
 1.7751628e-001
 1.7058720e-001
 1.6287312e-001
 1.6006793e-001
 1.6634183e-001
 1.7722136e-001
 1.8584022e-001
 1.9077322e-001
 1.9644761e-001
 2.0199803e-001
 2.0385820e-001
 2.0331389e-001
 2.0354085e-001
 2.0423280e-001
 2.0296721e-001
 1.9713078e-001
 1.8690048e-001
 1.7815271e-001
 1.7888770e-001
 1.9092730e-001
 2.0885190e-001
 2.2382610e-001
 2.3264304e-001
 2.3844416e-001
 2.4482881e-001
 2.5253686e-001
 2.5895157e-001
 2.6028997e-001
 2.5312600e-001
 2.3466131e-001
 2.1289527e-001
 2.0299156e-001
 2.0531289e-001
 2.0610921e-001
 1.9774939e-001
 1.8887746e-001
 1.9011486e-001
 2.0400721e-001
 2.2492062e-001
 2.4100043e-001
 2.4681658e-001
 2.4799539e-001
 2.5170392e-001
 2.5945446e-001
 2.6872140e-001
 2.7791309e-001
 2.8621590e-001
 2.9192629e-001
 2.9388955e-001
 2.9188949e-001
 2.8728551e-001
 2.8084075e-001
 2.7569255e-001
 2.7687716e-001
 2.8244057e-001
 2.8557760e-001
 2.8707674e-001
 2.9040146e-001
 2.9621172e-001
 3.0423844e-001
 3.1430390e-001
 3.2290241e-001
 3.2576355e-001
 3.1980655e-001
 3.0371350e-001
 2.8436524e-001
 2.7245137e-001
 2.7194482e-001
 2.8019050e-001
 2.9153955e-001
 3.0244008e-001
 3.1048450e-001
 3.1486413e-001
 3.1657755e-001
 3.1620565e-001
 3.1496459e-001
 3.1638366e-001
 3.2324746e-001
 3.3253914e-001
 3.3679390e-001
 3.3439678e-001
 3.2752758e-001
 3.1733593e-001
 3.0525964e-001
 2.9330352e-001
 2.8250447e-001
 2.7265832e-001
 2.7158555e-001
 2.8432816e-001
 2.9990828e-001
 3.1102070e-001
 3.1852397e-001
 3.2542181e-001
 3.3327457e-001
 3.4003216e-001
 3.4289536e-001
 3.4423059e-001
 3.4599912e-001
 3.4573236e-001
 3.4323531e-001
 3.4008092e-001
 3.3612293e-001
 3.3102417e-001
 3.2672310e-001
 3.2673427e-001
 3.3035228e-001
 3.2974732e-001
 3.2318676e-001
 3.1638595e-001
 3.1030184e-001
 3.0633724e-001
 3.0684623e-001
 3.0891359e-001
 3.0716798e-001
 2.9981712e-001
 2.8983048e-001
 2.8403446e-001
 2.8609043e-001
 2.9651451e-001
 3.1164071e-001
 3.2350588e-001
 3.2828295e-001
 3.2872871e-001
 3.2553169e-001
 3.1839427e-001
 3.1028986e-001
 3.0274683e-001
 2.8934407e-001
 2.7138060e-001
 2.5620499e-001
 2.4655682e-001
 2.4448533e-001
 2.4762875e-001
 2.5155851e-001
 2.5623289e-001
 2.6204434e-001
 2.6909724e-001
 2.7532598e-001
 2.8066111e-001
 2.8405330e-001
 2.8545129e-001
 2.8740597e-001
 2.8839454e-001
 2.8749621e-001
 2.8613952e-001
 2.8158626e-001
 2.7170250e-001
 2.5792927e-001
 2.4534541e-001
 2.3933960e-001
 2.3852901e-001
 2.4025239e-001
 2.4268655e-001
 2.4350484e-001
 2.4509588e-001
 2.4920134e-001
 2.5346416e-001
 2.5426099e-001
 2.4865976e-001
 2.4166687e-001
 2.3730122e-001
 2.3205052e-001
 2.2702284e-001
 2.2413571e-001
 2.2029281e-001
 2.1094206e-001
 1.9340755e-001
 1.7037971e-001
 1.5258363e-001
 1.4826608e-001
 1.5170218e-001
 1.5026124e-001
 1.4268157e-001
 1.3862406e-001
 1.3826296e-001
 1.3298215e-001
 1.2113730e-001
 1.0281626e-001
 8.0173761e-002
 6.5102920e-002
 6.4782582e-002
 7.3520750e-002
 8.1658870e-002
 8.3279543e-002
 7.6968595e-002
 6.3026547e-002
 4.7030136e-002
 3.6418568e-002
 3.2046244e-002
 3.0235160e-002
 2.8561132e-002
 2.9797826e-002
 3.3343934e-002
 3.8150907e-002
 4.5030102e-002
 5.4054040e-002
 6.4221501e-002
 7.7181756e-002
 9.2069320e-002
 1.0326132e-001
 1.0780231e-001
 1.0488086e-001
 9.4759889e-002
 7.9313979e-002
 6.3138299e-002
 5.0102863e-002
 4.1338392e-002
 4.1495524e-002
 5.4291163e-002
 7.3753864e-002
 8.9551881e-002
 9.3252614e-002
 8.6453490e-002
 7.6198287e-002
 6.8896793e-002
 6.7132309e-002
 6.9537327e-002
 7.2732672e-002
 7.2120637e-002
 6.4126380e-002
 5.1637966e-002
 4.2502239e-002
 3.9540403e-002
 4.1503113e-002
 4.6152864e-002
 4.9036779e-002
 4.8832942e-002
 4.7366176e-002
 5.1347271e-002
 6.4839505e-002
 8.3682060e-002
 1.0143742e-001
 1.1419737e-001
 1.2102776e-001
 1.2314356e-001
 1.2512171e-001
 1.2944143e-001
 1.3556793e-001
 1.4083339e-001
 1.4340664e-001
 1.4299724e-001
 1.3824680e-001
 1.2720589e-001
 1.1079202e-001
 9.4473056e-002
 8.2402512e-002
 7.8135446e-002
 8.0652229e-002
 8.2695946e-002
 8.1829555e-002
 7.8653172e-002
 7.4891515e-002
 7.4089758e-002
 7.7942528e-002
 8.0409877e-002
 7.8040816e-002
 7.1636088e-002
 6.4510591e-002
 5.6127377e-002
 4.5927092e-002
 3.6660399e-002
 3.2774545e-002
 3.5723347e-002
 4.4906870e-002
 5.7755783e-002
 6.9659911e-002
 7.5573832e-002
 7.5532667e-002
 8.0718338e-002
 9.9205792e-002
 1.2209678e-001
 1.3705508e-001
 1.4344679e-001
 1.4522962e-001
 1.4613047e-001
 1.4876015e-001
 1.5273702e-001
 1.5376267e-001
 1.4739096e-001
 1.3553564e-001
 1.2526727e-001
 1.1981942e-001
 1.1597066e-001
 1.0446197e-001
 8.7699361e-002
 7.3075823e-002
 6.1839521e-002
 5.5479296e-002
 5.3406153e-002
 5.3246327e-002
 5.4389711e-002
 5.9553362e-002
 7.0668705e-002
 8.3967924e-002
 9.7622953e-002
 1.0949504e-001
 1.1564811e-001
 1.1259643e-001
 1.0394876e-001
 1.0146850e-001
 1.1474077e-001
 1.3497472e-001
 1.5101862e-001
 1.5839225e-001
 1.5523019e-001
 1.4668456e-001
 1.3878278e-001
 1.3460894e-001
 1.3377118e-001
 1.3097203e-001
 1.2348185e-001
 1.1714912e-001
 1.2080996e-001
 1.3332212e-001
 1.4739215e-001
 1.5612316e-001
 1.5748776e-001
 1.4704309e-001
 1.2283926e-001
 9.8401800e-002
 8.6822063e-002
 7.9529896e-002
 7.2857164e-002
 7.0298351e-002
 7.2120994e-002
 7.4966647e-002
 7.9947516e-002
 8.7711029e-002
 9.8315947e-002
 1.1133887e-001
 1.2123476e-001
 1.2859584e-001
 1.3106163e-001
 1.2601785e-001
 1.1599221e-001
 1.0899085e-001
 1.0670874e-001
 1.0906353e-001
 1.1319319e-001
 1.1091299e-001
 1.0680570e-001
 1.1222873e-001
 1.1843632e-001
 1.1563474e-001
 1.0954256e-001
 1.0431918e-001
 1.0176418e-001
 1.0375439e-001
 1.0614856e-001
 1.0804676e-001
 1.1194352e-001
 1.1840922e-001
 1.2706640e-001
 1.3423091e-001
 1.3152604e-001
 1.1737712e-001
 1.0064271e-001
 8.7289929e-002
 7.8946896e-002
 7.1768180e-002
 6.2771186e-002
 5.4596789e-002
 5.3204212e-002
 5.5036135e-002
 5.7047453e-002
 5.5666752e-002
 4.9112804e-002
 4.3685459e-002
 4.3997217e-002
 4.7266461e-002
 4.4624712e-002
 3.3710681e-002
 2.3382653e-002
 1.7962439e-002
 1.4848175e-002
 1.4580591e-002
 1.9648347e-002
 2.9350150e-002
 3.9689906e-002
 5.0669268e-002
 6.1935570e-002
 6.4703107e-002
 5.1635776e-002
 3.8607679e-002
 4.0336370e-002
 3.7724432e-002
 3.1676758e-002
 3.8593944e-002
 5.4118223e-002
 6.6622369e-002
 7.2002396e-002
 7.2879635e-002
 7.1577072e-002
 6.8974793e-002
 6.6804558e-002
 6.5066591e-002
 6.1649598e-002
 5.8208242e-002
 5.7307515e-002
 5.9459493e-002
 6.5246448e-002
 7.6383352e-002
 9.1811270e-002
 1.0915321e-001
 1.2154667e-001
 1.2200125e-001
 1.1406831e-001
 1.0151982e-001
 9.2364311e-002
 8.7639131e-002
 8.2734637e-002
 7.7082515e-002
 7.6319605e-002
 8.3706722e-002
 9.5218010e-002
 1.0607462e-001
 1.1421027e-001
 1.1622261e-001
 1.1249491e-001
 1.0368727e-001
 9.0834484e-002
 6.7801394e-002
 4.6762988e-002
 4.0844392e-002
 4.0930122e-002
 3.3833340e-002
 2.0623982e-002
 1.3552428e-002
 1.4016154e-002
 1.7140452e-002
 2.3118075e-002
 2.6706133e-002
 2.5189560e-002
 2.2102447e-002
 1.8851932e-002
 1.6140478e-002
 1.2926370e-002
 1.0458522e-002
 1.0690632e-002
 1.1912544e-002
 1.2816085e-002
 1.5561940e-002
 2.0251581e-002
 2.9899150e-002
 4.3901727e-002
 5.5848829e-002
 5.7530820e-002
 4.1972306e-002
 2.2727957e-002
 1.4418266e-002
 1.7643437e-002
 2.6784215e-002
 3.4208968e-002
 2.9247567e-002
 1.8674087e-002
 1.6188756e-002
 1.8911703e-002
 1.8256858e-002
 1.5184090e-002
 1.3486137e-002
 1.1863776e-002
 1.1268168e-002
 1.3179597e-002
 1.7383881e-002
 2.5111826e-002
 3.5439599e-002
 4.5978345e-002
 5.3638291e-002
 5.8091938e-002
 5.9766255e-002
 5.9418615e-002
 5.9857011e-002
 6.2614664e-002
 6.6222265e-002
 6.7973204e-002
 6.3375719e-002
 5.4796614e-002
 4.8360694e-002
 4.5911551e-002
 5.0835233e-002
 6.2318161e-002
 7.2109260e-002
 7.5954519e-002
 7.8036241e-002
 8.4238447e-002
 9.3320712e-002
 9.9998571e-002
 1.0648856e-001
 1.1485820e-001
 1.2189368e-001
 1.2370896e-001
 1.1878128e-001
 1.1120214e-001
 1.1203595e-001
 1.2513380e-001
 1.4490944e-001
 1.6380866e-001
 1.7799971e-001
 1.8634969e-001
 1.9070341e-001
 1.9159773e-001
 1.8664463e-001
 1.7602636e-001
 1.6550766e-001
 1.6111231e-001
 1.6366827e-001
 1.6544043e-001
 1.5712903e-001
 1.4093669e-001
 1.3105372e-001
 1.2718102e-001
 1.2008706e-001
 1.1783438e-001
 1.2970118e-001
 1.4567100e-001
 1.5330030e-001
 1.4722727e-001
 1.2292566e-001
 9.4564550e-002
 9.0676494e-002
 9.5589370e-002
 8.5060194e-002
 7.5389594e-002
 7.8977525e-002
 8.6119056e-002
 9.1299877e-002
 9.4321318e-002
 9.4691359e-002
 8.8064611e-002
 6.8485215e-002
 5.5866592e-002
 7.0219301e-002
 9.4512306e-002
 1.0664734e-001
 9.8872557e-002
 8.3343521e-002
 7.5827956e-002
 7.3007360e-002
 6.3998975e-002
 4.8782412e-002
 3.7980609e-002
 4.1468605e-002
 5.3823460e-002
 6.4573385e-002
 7.1145922e-002
 7.5408936e-002
 8.1015952e-002
 8.5110553e-002
 8.2745112e-002
 7.6191813e-002
 6.9969900e-002
 6.4291023e-002
 6.2631585e-002
 7.0387684e-002
 8.8758111e-002
 1.0847940e-001
 1.2287389e-001
 1.3011825e-001
 1.3087440e-001
 1.2640086e-001
 1.1480493e-001
 1.0395476e-001
 1.0124214e-001
 1.1334325e-001
 1.3467973e-001
 1.5161374e-001
 1.6258146e-001
 1.7266473e-001
 1.7791784e-001
 1.7728753e-001
 1.7386895e-001
 1.7090400e-001
 1.7074372e-001
 1.7188591e-001
 1.7038025e-001
 1.6716613e-001
 1.6238329e-001
 1.5658048e-001
 1.5076144e-001
 1.4604788e-001
 1.4405055e-001
 1.4327839e-001
 1.4058466e-001
 1.3565926e-001
 1.3077697e-001
 1.2610474e-001
 1.1879972e-001
 1.0140275e-001
 7.1925007e-002
 4.2441726e-002
 3.5649233e-002
 5.8595359e-002
 8.8354819e-002
 1.0797387e-001
 1.2110726e-001
 1.3240175e-001
 1.3389701e-001
 1.2662591e-001
 1.3217984e-001
 1.3892338e-001
 1.2089154e-001
 7.9013735e-002
 4.9654074e-002
 4.3981835e-002
 4.3568116e-002
 5.4990232e-002
 9.0287976e-002
 1.3309997e-001
 1.5752763e-001
 1.6496119e-001
 1.6557117e-001
 1.6121326e-001
 1.5064304e-001
 1.4164251e-001
 1.3994907e-001
 1.4131099e-001
 1.3917232e-001
 1.3371299e-001
 1.1842649e-001
 8.9836463e-002
 5.7363469e-002
 3.6525555e-002
 3.2212716e-002
 4.0691324e-002
 5.5292983e-002
 7.2463870e-002
 9.0246812e-002
 1.0878990e-001
 1.2574267e-001
 1.3316561e-001
 1.3325372e-001
 1.3665842e-001
 1.4365543e-001
 1.4936911e-001
 1.5122145e-001
 1.4795381e-001
 1.4344852e-001
 1.3989002e-001
 1.3273716e-001
 1.2111583e-001
 1.0768537e-001
 8.9926943e-002
 6.4202853e-002
 3.7689451e-002
 2.1637883e-002
 1.6896073e-002
 1.4904290e-002
 1.5992470e-002
 2.2119783e-002
 3.2710820e-002
 4.1367523e-002
 4.0159255e-002
 3.2110613e-002
 2.8559845e-002
 3.0875161e-002
 3.7236612e-002
 5.2697185e-002
 7.4322373e-002
 9.6160144e-002
 1.1470237e-001
 1.2397173e-001
 1.2283193e-001
 1.1053097e-001
 8.4076367e-002
 4.9673632e-002
 2.9434761e-002
 3.4211572e-002
 5.1889863e-002
 6.8997182e-002
 7.6889105e-002
 7.6170623e-002
 7.5596802e-002
 7.9232015e-002
 8.2672052e-002
 8.0514789e-002
 7.1677104e-002
 5.2830752e-002
 2.8709050e-002
 1.5406908e-002
 1.1817025e-002
 1.6174737e-002
 2.8487179e-002
 4.2357698e-002
 4.2073019e-002
 3.0855812e-002
 3.5534356e-002
 4.8837744e-002
 5.3372763e-002
 5.1457535e-002
 4.8708327e-002
 4.2082816e-002
 3.5141937e-002
 3.5603393e-002
 4.2175759e-002
 5.5925190e-002
 5.2813500e-002
 4.2842012e-002
 4.5580491e-002
 4.9578756e-002
 4.5197014e-002
 5.5460513e-002
 8.9702159e-002
 1.1825868e-001
 1.3085359e-001
 1.3102874e-001
 1.2195259e-001
 1.0498640e-001
 8.0418214e-002
 5.0502751e-002
 2.9183280e-002
 3.3159174e-002
 5.7291441e-002
 8.0668017e-002
 9.9780895e-002
 1.1402859e-001
 1.2266796e-001
 1.2450662e-001
 1.2173961e-001
 1.1917172e-001
 1.1455037e-001
 1.0281318e-001
 8.4208056e-002
 5.9946097e-002
 3.5296395e-002
 2.0106927e-002
 2.2354517e-002
 3.7339315e-002
 4.9459014e-002
 4.3832444e-002
 2.7690744e-002
 2.1824798e-002
 3.1545211e-002
 5.0563954e-002
 7.0333317e-002
 8.4843330e-002
 9.3161829e-002
 9.7500972e-002
 9.9525474e-002
 1.0087796e-001
 1.0093770e-001
 1.0092281e-001
 1.0189917e-001
 1.0091066e-001
 1.0025856e-001
 1.0026424e-001
 9.8779008e-002
 9.8825693e-002
 1.0064791e-001
 9.9293999e-002
 9.1652244e-002
 7.1984313e-002
 5.3142831e-002
 5.8490898e-002
 7.7158570e-002
 8.8032320e-002
 9.2330024e-002
 9.3666054e-002
 8.8606335e-002
 7.3060036e-002
 5.6433041e-002
 4.1102678e-002
 3.1150892e-002
 3.4472637e-002
 5.1978841e-002
 7.9551406e-002
 1.0342821e-001
 1.1870049e-001
 1.2695380e-001
 1.2808326e-001
 1.2845953e-001
 1.3004693e-001
 1.2931716e-001
 1.2634034e-001
 1.2323623e-001
 1.2206634e-001
 1.2177984e-001
 1.2146311e-001
 1.2181386e-001
 1.2422731e-001
 1.2490562e-001
 1.2526372e-001
 1.2528251e-001
 1.2472643e-001
 1.2547761e-001
 1.2398671e-001
 1.2023050e-001
 1.1658811e-001
 1.1003298e-001
 1.0187001e-001
 9.1658011e-002
 7.8519560e-002
 6.6361271e-002
 5.8024663e-002
 4.8522890e-002
 3.4614895e-002
 2.0132657e-002
 1.2055902e-002
 1.2681052e-002
 1.4162305e-002
 1.3619461e-002
 1.2365476e-002
 1.0993412e-002
 9.0599908e-003
 8.6874589e-003
 1.2633834e-002
 1.8449863e-002
 2.1573070e-002
 2.0447932e-002
 1.5585704e-002
 1.1921867e-002
 9.9040959e-003
 1.3416003e-002
 2.8412305e-002
 3.9771307e-002
 3.4755744e-002
 2.1064494e-002
 1.2721859e-002
 1.2998729e-002
 2.0891584e-002
 2.3529219e-002
 2.1636344e-002
 2.1512430e-002
 2.4531314e-002
 2.9100625e-002
 3.3971492e-002
 3.9370459e-002
 4.4499010e-002
 4.6189677e-002
 4.6328396e-002
 4.4688866e-002
 4.0193975e-002
 3.4801733e-002
 2.7051417e-002
 1.6997214e-002
 1.0615996e-002
 1.0504419e-002
 1.0696225e-002
 8.9040473e-003
 1.0880273e-002
 2.2669930e-002
 3.6630783e-002
 3.8720917e-002
 3.3385135e-002
 3.0411495e-002
 3.2293081e-002
 3.8449202e-002
 4.4450760e-002
 4.8610810e-002
 5.2799162e-002
 5.8549043e-002
 6.6475719e-002
 7.3175453e-002
 7.4453138e-002
 7.0038319e-002
 6.1156798e-002
 5.6366928e-002
 5.5535700e-002
 5.5683523e-002
 5.5987712e-002
 5.9211779e-002
 6.9366798e-002
 8.4838077e-002
 1.0236529e-001
 1.1834682e-001
 1.3371284e-001
 1.4416865e-001
 1.4486995e-001
-1.2300000e+034
-1.2300000e+034
-1.2300000e+034
-1.2300000e+034
-1.2300000e+034
-1.2300000e+034
-1.2300000e+034
-1.2300000e+034
-1.2300000e+034
-1.2300000e+034
-1.2300000e+034
-1.2300000e+034
-1.2300000e+034
-1.2300000e+034
-1.2300000e+034
-1.2300000e+034
-1.2300000e+034
-1.2300000e+034
-1.2300000e+034
-1.2300000e+034
-1.2300000e+034
-1.2300000e+034
-1.2300000e+034
-1.2300000e+034
-1.2300000e+034
-1.2300000e+034
-1.2300000e+034
-1.2300000e+034
-1.2300000e+034
-1.2300000e+034
-1.2300000e+034
-1.2300000e+034
-1.2300000e+034
-1.2300000e+034
-1.2300000e+034
-1.2300000e+034
-1.2300000e+034
-1.2300000e+034
-1.2300000e+034
-1.2300000e+034
-1.2300000e+034
-1.2300000e+034
-1.2300000e+034
-1.2300000e+034
-1.2300000e+034
-1.2300000e+034
-1.2300000e+034
-1.2300000e+034
-1.2300000e+034
-1.2300000e+034
-1.2300000e+034
-1.2300000e+034
-1.2300000e+034
-1.2300000e+034
-1.2300000e+034
-1.2300000e+034
-1.2300000e+034
-1.2300000e+034
-1.2300000e+034
-1.2300000e+034
-1.2300000e+034
-1.2300000e+034
-1.2300000e+034
-1.2300000e+034
-1.2300000e+034
-1.2300000e+034
-1.2300000e+034
-1.2300000e+034
-1.2300000e+034
-1.2300000e+034
-1.2300000e+034
-1.2300000e+034
-1.2300000e+034
-1.2300000e+034
-1.2300000e+034
-1.2300000e+034
-1.2300000e+034
-1.2300000e+034
-1.2300000e+034
-1.2300000e+034
-1.2300000e+034
-1.2300000e+034
-1.2300000e+034
-1.2300000e+034
-1.2300000e+034
-1.2300000e+034
-1.2300000e+034
-1.2300000e+034
-1.2300000e+034
-1.2300000e+034
-1.2300000e+034
-1.2300000e+034
-1.2300000e+034
-1.2300000e+034
-1.2300000e+034
-1.2300000e+034
-1.2300000e+034
-1.2300000e+034
-1.2300000e+034
-1.2300000e+034
-1.2300000e+034
-1.2300000e+034
-1.2300000e+034
-1.2300000e+034
-1.2300000e+034
-1.2300000e+034
-1.2300000e+034
-1.2300000e+034
-1.2300000e+034
-1.2300000e+034
-1.2300000e+034
-1.2300000e+034
-1.2300000e+034
-1.2300000e+034
-1.2300000e+034
-1.2300000e+034
-1.2300000e+034
-1.2300000e+034
-1.2300000e+034
-1.2300000e+034
-1.2300000e+034
-1.2300000e+034
-1.2300000e+034
-1.2300000e+034
-1.2300000e+034
-1.2300000e+034
-1.2300000e+034
-1.2300000e+034
-1.2300000e+034
-1.2300000e+034
-1.2300000e+034
-1.2300000e+034
-1.2300000e+034
-1.2300000e+034
-1.2300000e+034
-1.2300000e+034
-1.2300000e+034
-1.2300000e+034
-1.2300000e+034
-1.2300000e+034
-1.2300000e+034
-1.2300000e+034
-1.2300000e+034
-1.2300000e+034
-1.2300000e+034
-1.2300000e+034
-1.2300000e+034
-1.2300000e+034
-1.2300000e+034
-1.2300000e+034
-1.2300000e+034
-1.2300000e+034
-1.2300000e+034
-1.2300000e+034
-1.2300000e+034
-1.2300000e+034
-1.2300000e+034
-1.2300000e+034
-1.2300000e+034
-1.2300000e+034
-1.2300000e+034
-1.2300000e+034
-1.2300000e+034
-1.2300000e+034
-1.2300000e+034
-1.2300000e+034
-1.2300000e+034
-1.2300000e+034
-1.2300000e+034
-1.2300000e+034
-1.2300000e+034
-1.2300000e+034
-1.2300000e+034
-1.2300000e+034
-1.2300000e+034
-1.2300000e+034
-1.2300000e+034
-1.2300000e+034
-1.2300000e+034
-1.2300000e+034
-1.2300000e+034
-1.2300000e+034
-1.2300000e+034
-1.2300000e+034
-1.2300000e+034
-1.2300000e+034
-1.2300000e+034
-1.2300000e+034
-1.2300000e+034
-1.2300000e+034
-1.2300000e+034
-1.2300000e+034
-1.2300000e+034
-1.2300000e+034
-1.2300000e+034
-1.2300000e+034
-1.2300000e+034
-1.2300000e+034
-1.2300000e+034
-1.2300000e+034
-1.2300000e+034
-1.2300000e+034
-1.2300000e+034
-1.2300000e+034
-1.2300000e+034
-1.2300000e+034
-1.2300000e+034
-1.2300000e+034
-1.2300000e+034
-1.2300000e+034
-1.2300000e+034
-1.2300000e+034
-1.2300000e+034
-1.2300000e+034
-1.2300000e+034
-1.2300000e+034
-1.2300000e+034
-1.2300000e+034
-1.2300000e+034
-1.2300000e+034
-1.2300000e+034
-1.2300000e+034
-1.2300000e+034
-1.2300000e+034
-1.2300000e+034
-1.2300000e+034
-1.2300000e+034
-1.2300000e+034
-1.2300000e+034
-1.2300000e+034
-1.2300000e+034
-1.2300000e+034
-1.2300000e+034
-1.2300000e+034
-1.2300000e+034
-1.2300000e+034
-1.2300000e+034
-1.2300000e+034
-1.2300000e+034
-1.2300000e+034
-1.2300000e+034
-1.2300000e+034
-1.2300000e+034
-1.2300000e+034
-1.2300000e+034
-1.2300000e+034
-1.2300000e+034
-1.2300000e+034
-1.2300000e+034
-1.2300000e+034
-1.2300000e+034
-1.2300000e+034
-1.2300000e+034
-1.2300000e+034
-1.2300000e+034
-1.2300000e+034
-1.2300000e+034
-1.2300000e+034
-1.2300000e+034
-1.2300000e+034
-1.2300000e+034
-1.2300000e+034
-1.2300000e+034
-1.2300000e+034
-1.2300000e+034
-1.2300000e+034
-1.2300000e+034
-1.2300000e+034
-1.2300000e+034
-1.2300000e+034
-1.2300000e+034
-1.2300000e+034
-1.2300000e+034
-1.2300000e+034
-1.2300000e+034
-1.2300000e+034
-1.2300000e+034
-1.2300000e+034
-1.2300000e+034
-1.2300000e+034
-1.2300000e+034
-1.2300000e+034
-1.2300000e+034
-1.2300000e+034
-1.2300000e+034
-1.2300000e+034
-1.2300000e+034
-1.2300000e+034
-1.2300000e+034
-1.2300000e+034
-1.2300000e+034
-1.2300000e+034
-1.2300000e+034
-1.2300000e+034
-1.2300000e+034
-1.2300000e+034
-1.2300000e+034
-1.2300000e+034
-1.2300000e+034
-1.2300000e+034
-1.2300000e+034
-1.2300000e+034
-1.2300000e+034
-1.2300000e+034
-1.2300000e+034
-1.2300000e+034
-1.2300000e+034
-1.2300000e+034
-1.2300000e+034
-1.2300000e+034
-1.2300000e+034
-1.2300000e+034
