s07_ASD Record=14331: Blck_Mn_Coat_Tailngs LV95-3   BECKb AREF
 6.0385812e-002
 6.0463376e-002
 6.0555827e-002
 6.0665403e-002
 6.0789216e-002
 6.0919236e-002
 6.1045386e-002
 6.1159324e-002
 6.1257109e-002
 6.1339743e-002
 6.1411653e-002
 6.1478544e-002
 6.1545689e-002
 6.1616912e-002
 6.1693750e-002
 6.1775248e-002
 6.1858878e-002
 6.1941978e-002
 6.2022716e-002
 6.2100548e-002
 6.2176235e-002
 6.2251534e-002
 6.2328734e-002
 6.2410124e-002
 6.2497679e-002
 6.2592797e-002
 6.2695809e-002
 6.2805489e-002
 6.2919103e-002
 6.3033149e-002
 6.3144304e-002
 6.3250221e-002
 6.3349634e-002
 6.3442096e-002
 6.3528128e-002
 6.3609265e-002
 6.3687548e-002
 6.3765123e-002
 6.3844100e-002
 6.3926116e-002
 6.4011931e-002
 6.4101182e-002
 6.4192474e-002
 6.4283684e-002
 6.4372353e-002
 6.4456329e-002
 6.4534388e-002
 6.4606592e-002
 6.4673707e-002
 6.4736128e-002
 6.4792983e-002
 6.4842604e-002
 6.4884059e-002
 6.4918749e-002
 6.4950533e-002
 6.4984694e-002
 6.5026462e-002
 6.5079227e-002
 6.5144487e-002
 6.5223373e-002
 6.5311678e-002
 6.5399863e-002
 6.5482192e-002
 6.5552391e-002
 6.5601587e-002
 6.5628260e-002
 6.5639555e-002
 6.5645680e-002
 6.5657012e-002
 6.5681830e-002
 6.5722771e-002
 6.5775245e-002
 6.5829664e-002
 6.5875612e-002
 6.5905727e-002
 6.5917969e-002
 6.5915562e-002
 6.5905131e-002
 6.5893978e-002
 6.5887719e-002
 6.5888964e-002
 6.5897137e-002
 6.5909535e-002
 6.5923020e-002
 6.5935753e-002
 6.5947853e-002
 6.5960549e-002
 6.5974265e-002
 6.5987110e-002
 6.5995142e-002
 6.5994568e-002
 6.5984368e-002
 6.5967336e-002
 6.5948643e-002
 6.5933414e-002
 6.5925129e-002
 6.5925829e-002
 6.5936893e-002
 6.5958574e-002
 6.5988190e-002
 6.6019386e-002
 6.6043928e-002
 6.6055156e-002
 6.6050299e-002
 6.6031180e-002
 6.6003591e-002
 6.5976202e-002
 6.5959670e-002
 6.5964974e-002
 6.5999508e-002
 6.6062219e-002
 6.6140369e-002
 6.6210851e-002
 6.6247232e-002
 6.6230446e-002
 6.6157609e-002
 6.6043884e-002
 6.5916710e-002
 6.5806270e-002
 6.5736115e-002
 6.5715589e-002
 6.5735944e-002
 6.5773584e-002
 6.5801613e-002
 6.5804116e-002
 6.5783180e-002
 6.5753117e-002
 6.5727249e-002
 6.5708347e-002
 6.5689385e-002
 6.5661892e-002
 6.5624528e-002
 6.5585636e-002
 6.5557852e-002
 6.5548293e-002
 6.5552212e-002
 6.5556340e-002
 6.5549627e-002
 6.5532438e-002
 6.5516792e-002
 6.5518163e-002
 6.5544762e-002
 6.5591425e-002
 6.5643102e-002
 6.5685943e-002
 6.5716691e-002
 6.5741971e-002
 6.5769695e-002
 6.5802693e-002
 6.5839671e-002
 6.5878823e-002
 6.5918401e-002
 6.5954722e-002
 6.5981753e-002
 6.5994233e-002
 6.5992296e-002
 6.5983213e-002
 6.5977141e-002
 6.5978810e-002
 6.5982737e-002
 6.5977894e-002
 6.5958664e-002
 6.5931946e-002
 6.5914147e-002
 6.5920129e-002
 6.5951720e-002
 6.5994889e-002
 6.6031262e-002
 6.6056140e-002
 6.6083252e-002
 6.6127628e-002
 6.6187158e-002
 6.6246457e-002
 6.6294588e-002
 6.6330284e-002
 6.6353686e-002
 6.6366121e-002
 6.6379286e-002
 6.6411823e-002
 6.6468723e-002
 6.6528685e-002
 6.6558458e-002
 6.6541150e-002
 6.6489331e-002
 6.6432759e-002
 6.6398472e-002
 6.6403888e-002
 6.6459142e-002
 6.6562064e-002
 6.6687584e-002
 6.6791721e-002
 6.6837154e-002
 6.6820130e-002
 6.6772938e-002
 6.6738971e-002
 6.6743881e-002
 6.6788353e-002
 6.6862382e-002
 6.6959687e-002
 6.7076944e-002
 6.7202911e-002
 6.7313783e-002
 6.7384444e-002
 6.7409001e-002
 6.7410588e-002
 6.7424260e-002
 6.7464970e-002
 6.7519262e-002
 6.7576781e-002
 6.7657351e-002
 6.7786090e-002
 6.7947522e-002
 6.8087786e-002
 6.8162404e-002
 6.8163820e-002
 6.8105854e-002
 6.8004116e-002
 6.7879535e-002
 6.7766674e-002
 6.7702085e-002
 6.7698956e-002
 6.7738265e-002
 6.7790247e-002
 6.7837603e-002
 6.7869686e-002
 6.7867771e-002
 6.7818247e-002
 6.7734450e-002
 6.7642853e-002
 6.7551762e-002
 6.7454644e-002
 6.7357488e-002
 6.7279175e-002
 6.7232870e-002
 6.7230694e-002
 6.7291789e-002
 6.7410879e-002
 6.7532562e-002
 6.7601599e-002
 6.7634143e-002
 6.7696810e-002
 6.7816585e-002
 6.7950077e-002
 6.8046607e-002
 6.8113476e-002
 6.8201050e-002
 6.8326592e-002
 6.8437919e-002
 6.8478048e-002
 6.8468221e-002
 6.8477139e-002
 6.8525426e-002
 6.8575926e-002
 6.8610132e-002
 6.8667553e-002
 6.8783216e-002
 6.8921253e-002
 6.9020167e-002
 6.9079071e-002
 6.9144420e-002
 6.9225505e-002
 6.9283403e-002
 6.9310687e-002
 6.9363318e-002
 6.9483168e-002
 6.9629103e-002
 6.9720522e-002
 6.9727458e-002
 6.9685362e-002
 6.9634579e-002
 6.9579937e-002
 6.9509804e-002
 6.9434173e-002
 6.9388956e-002
 6.9392420e-002
 6.9420367e-002
 6.9454513e-002
 6.9504678e-002
 6.9541633e-002
 6.9498807e-002
 6.9382265e-002
 6.9291279e-002
 6.9298409e-002
 6.9369540e-002
 6.9429703e-002
 6.9459982e-002
 6.9502659e-002
 6.9591373e-002
 6.9704436e-002
 6.9790229e-002
 6.9811963e-002
 6.9762342e-002
 6.9658197e-002
 6.9536045e-002
 6.9444507e-002
 6.9422454e-002
 6.9467559e-002
 6.9527015e-002
 6.9545016e-002
 6.9529764e-002
 6.9540873e-002
 6.9600523e-002
 6.9665439e-002
 6.9701836e-002
 6.9733135e-002
 6.9790997e-002
 6.9862708e-002
 6.9910623e-002
 6.9922686e-002
 6.9928333e-002
 6.9962412e-002
 7.0015892e-002
 7.0039757e-002
 7.0006572e-002
 6.9953248e-002
 6.9953099e-002
 7.0044719e-002
 7.0192754e-002
 7.0315681e-002
 7.0361339e-002
 7.0358999e-002
 7.0366681e-002
 7.0383355e-002
 7.0351414e-002
 7.0237204e-002
 7.0084512e-002
 6.9986820e-002
 7.0004024e-002
 7.0103638e-002
 7.0190571e-002
 7.0199065e-002
 7.0154876e-002
 7.0144199e-002
 7.0218377e-002
 7.0330031e-002
 7.0371605e-002
 7.0286594e-002
 7.0143640e-002
 7.0089996e-002
 7.0219181e-002
 7.0479713e-002
 7.0716739e-002
 7.0803821e-002
 7.0736445e-002
 7.0608243e-002
 7.0510134e-002
 7.0457533e-002
 7.0407577e-002
 7.0330508e-002
 7.0253432e-002
 7.0229501e-002
 7.0260316e-002
 7.0266724e-002
 7.0203379e-002
 7.0188828e-002
 7.0302956e-002
 7.0438720e-002
 7.0479959e-002
 7.0486866e-002
 7.0567399e-002
 7.0692547e-002
 7.0757158e-002
 7.0734501e-002
 7.0708491e-002
 7.0781633e-002
 7.0941098e-002
 7.1037278e-002
 7.0959784e-002
 7.0781663e-002
 7.0662752e-002
 7.0677131e-002
 7.0769899e-002
 7.0833676e-002
 7.0824772e-002
 7.0804670e-002
 7.0845813e-002
 7.0943333e-002
 7.1057096e-002
 7.1173988e-002
 7.1277499e-002
 7.1315639e-002
 7.1261115e-002
 7.1170159e-002
 7.1138248e-002
 7.1213476e-002
 7.1356505e-002
 7.1469456e-002
 7.1478203e-002
 7.1397670e-002
 7.1318172e-002
 7.1333990e-002
 7.1463242e-002
 7.1627073e-002
 7.1723394e-002
 7.1710251e-002
 7.1624823e-002
 7.1536280e-002
 7.1483381e-002
 7.1464665e-002
 7.1453609e-002
 7.1458228e-002
 7.1536615e-002
 7.1682677e-002
 7.1788527e-002
 7.1762353e-002
 7.1626239e-002
 7.1499892e-002
 7.1505465e-002
 7.1667396e-002
 7.1907647e-002
 7.2130896e-002
 7.2288297e-002
 7.2379827e-002
 7.2421394e-002
 7.2427459e-002
 7.2409131e-002
 7.2376885e-002
 7.2342686e-002
 7.2319515e-002
 7.2316401e-002
 7.2330981e-002
 7.2350375e-002
 7.2365522e-002
 7.2388656e-002
 7.2448604e-002
 7.2564252e-002
 7.2723016e-002
 7.2875857e-002
 7.2954960e-002
 7.2938956e-002
 7.2883226e-002
 7.2865747e-002
 7.2948307e-002
 7.3102154e-002
 7.3262230e-002
 7.3363364e-002
 7.3352560e-002
 7.3256835e-002
 7.3135450e-002
 7.3047750e-002
 7.3043041e-002
 7.3103935e-002
 7.3186189e-002
 7.3245443e-002
 7.3245272e-002
 7.3201656e-002
 7.3151812e-002
 7.3133022e-002
 7.3176347e-002
 7.3271222e-002
 7.3410489e-002
 7.3522948e-002
 7.3600709e-002
 7.3636182e-002
 7.3640913e-002
 7.3627248e-002
 7.3607527e-002
 7.3593944e-002
 7.3594555e-002
 7.3613375e-002
 7.3654257e-002
 7.3720999e-002
 7.3817082e-002
 7.3936947e-002
 7.4066281e-002
 7.4190296e-002
 7.4294314e-002
 7.4364021e-002
 7.4394882e-002
 7.4391909e-002
 7.4360512e-002
 7.4306116e-002
 7.4234128e-002
 7.4150525e-002
 7.4063502e-002
 7.3981732e-002
 7.3913954e-002
 7.3868856e-002
 7.3855147e-002
 7.3878169e-002
 7.3930353e-002
 7.4000977e-002
 7.4079372e-002
 7.4154839e-002
 7.4216656e-002
 7.4254155e-002
 7.4260116e-002
 7.4240521e-002
 7.4204534e-002
 7.4161299e-002
 7.4119978e-002
 7.4089713e-002
 7.4079663e-002
 7.4098974e-002
 7.4153297e-002
 7.4235044e-002
 7.4333549e-002
 7.4438080e-002
 7.4537970e-002
 7.4622512e-002
 7.4681029e-002
 7.4702814e-002
 7.4680462e-002
 7.4618764e-002
 7.4525379e-002
 7.4407920e-002
 7.4274085e-002
 7.4131474e-002
 7.3987767e-002
 7.3850580e-002
 7.3726252e-002
 7.3616117e-002
 7.3520407e-002
 7.3439360e-002
 7.3373154e-002
 7.3322043e-002
 7.3286258e-002
 7.3265992e-002
 7.3261485e-002
 7.3272958e-002
 7.3300615e-002
 7.3344693e-002
 7.3404878e-002
 7.3478915e-002
 7.3564097e-002
 7.3657721e-002
 7.3757105e-002
 7.3859528e-002
 7.3962301e-002
 7.4062735e-002
 7.4158110e-002
 7.4245758e-002
 7.4322954e-002
 7.4386999e-002
 7.4436016e-002
 7.4470997e-002
 7.4493550e-002
 7.4505337e-002
 7.4507974e-002
 7.4503094e-002
 7.4492328e-002
 7.4477322e-002
 7.4459709e-002
 7.4441105e-002
 7.4423149e-002
 7.4406885e-002
 7.4391291e-002
 7.4374862e-002
 7.4356131e-002
 7.4333616e-002
 7.4305810e-002
 7.4271254e-002
 7.4228436e-002
 7.4175902e-002
 7.4112147e-002
 7.4037008e-002
 7.3954873e-002
 7.3871098e-002
 7.3791094e-002
 7.3720187e-002
 7.3663794e-002
 7.3627256e-002
 7.3615968e-002
 7.3635302e-002
 7.3690623e-002
 7.3784262e-002
 7.3908091e-002
 7.4051805e-002
 7.4205033e-002
 7.4357472e-002
 7.4498735e-002
 7.4618533e-002
 7.4706517e-002
 7.4752331e-002
 7.4745670e-002
 7.4681282e-002
 7.4571222e-002
 7.4431188e-002
 7.4276820e-002
 7.4123845e-002
 7.3987879e-002
 7.3884644e-002
 7.3829815e-002
 7.3839046e-002
 7.3920570e-002
 7.4057743e-002
 7.4228711e-002
 7.4411690e-002
 7.4584819e-002
 7.4726321e-002
 7.4814349e-002
 7.4827082e-002
 7.4751042e-002
 7.4600138e-002
 7.4393980e-002
 7.4152119e-002
 7.3894165e-002
 7.3639646e-002
 7.3408209e-002
 7.3219396e-002
 7.3086940e-002
 7.3005646e-002
 7.2966419e-002
 7.2960168e-002
 7.2977819e-002
 7.3010266e-002
 7.3048435e-002
 7.3083222e-002
 7.3107868e-002
 7.3122971e-002
 7.3130637e-002
 7.3132463e-002
 7.3131822e-002
 7.3130704e-002
 7.3131256e-002
 7.3136188e-002
 7.3148817e-002
 7.3172927e-002
 7.3212489e-002
 7.3271126e-002
 7.3350459e-002
 7.3447183e-002
 7.3551431e-002
 7.3648691e-002
 7.3722862e-002
 7.3759079e-002
 7.3747732e-002
 7.3689066e-002
 7.3594749e-002
 7.3484950e-002
 7.3383607e-002
 7.3313646e-002
 7.3291637e-002
 7.3322445e-002
 7.3397353e-002
 7.3497102e-002
 7.3597625e-002
 7.3675968e-002
 7.3716350e-002
 7.3715419e-002
 7.3683873e-002
 7.3643431e-002
 7.3620908e-002
 7.3641419e-002
 7.3721334e-002
 7.3862590e-002
 7.4051030e-002
 7.4259549e-002
 7.4454531e-002
 7.4603371e-002
 7.4681818e-002
 7.4326746e-002
 7.4299723e-002
 7.4246399e-002
 7.4170910e-002
 7.4078776e-002
 7.3976092e-002
 7.3868662e-002
 7.3761433e-002
 7.3658310e-002
 7.3562019e-002
 7.3474430e-002
 7.3396862e-002
 7.3330380e-002
 7.3275916e-002
 7.3234200e-002
 7.3205538e-002
 7.3189631e-002
 7.3185481e-002
 7.3191561e-002
 7.3206119e-002
 7.3227659e-002
 7.3255226e-002
 7.3288672e-002
 7.3328532e-002
 7.3375896e-002
 7.3432043e-002
 7.3497929e-002
 7.3573634e-002
 7.3657952e-002
 7.3748223e-002
 7.3840745e-002
 7.3931411e-002
 7.4016519e-002
 7.4093342e-002
 7.4160412e-002
 7.4217409e-002
 7.4264668e-002
 7.4302599e-002
 7.4331023e-002
 7.4348919e-002
 7.4354507e-002
 7.4345730e-002
 7.4321069e-002
 7.4280187e-002
 7.4224517e-002
 7.4157231e-002
 7.4082896e-002
 7.4006736e-002
 7.3933713e-002
 7.3867887e-002
 7.3811881e-002
 7.3766887e-002
 7.3732920e-002
 7.3709242e-002
 7.3694825e-002
 7.3688664e-002
 7.3689878e-002
 7.3697656e-002
 7.3711179e-002
 7.3729567e-002
 7.3752016e-002
 7.3778115e-002
 7.3808149e-002
 7.3843487e-002
 7.3886573e-002
 7.3940761e-002
 7.4009709e-002
 7.4096523e-002
 7.4202880e-002
 7.4328154e-002
 7.4468926e-002
 7.4619040e-002
 7.4769959e-002
 7.4911900e-002
 7.5035043e-002
 7.5131059e-002
 7.5194433e-002
 7.5223342e-002
 7.5220026e-002
 7.5190432e-002
 7.5143263e-002
 7.5088516e-002
 7.5035937e-002
 7.4993536e-002
 7.4966617e-002
 7.4957311e-002
 7.4964792e-002
 7.4985921e-002
 7.5016156e-002
 7.5050414e-002
 7.5083822e-002
 7.5112112e-002
 7.5131766e-002
 7.5140089e-002
 7.5135186e-002
 7.5116098e-002
 7.5082973e-002
 7.5037368e-002
 7.4982360e-002
 7.4922487e-002
 7.4863411e-002
 7.4811190e-002
 7.4771449e-002
 7.4748531e-002
 7.4744739e-002
 7.4760057e-002
 7.4792147e-002
 7.4836820e-002
 7.4888766e-002
 7.4942403e-002
 7.4992724e-002
 7.5035974e-002
 7.5070061e-002
 7.5094700e-002
 7.5111352e-002
 7.5122841e-002
 7.5132877e-002
 7.5145461e-002
 7.5164258e-002
 7.5191975e-002
 7.5229898e-002
 7.5277582e-002
 7.5332865e-002
 7.5392179e-002
 7.5451151e-002
 7.5505435e-002
 7.5551607e-002
 7.5587913e-002
 7.5614676e-002
 7.5634308e-002
 7.5650804e-002
 7.5668857e-002
 7.5692885e-002
 7.5726032e-002
 7.5769633e-002
 7.5822979e-002
 7.5883657e-002
 7.5948186e-002
 7.6012768e-002
 7.6073967e-002
 7.6129116e-002
 7.6176427e-002
 7.6214865e-002
 7.6243870e-002
 7.6263174e-002
 7.6272711e-002
 7.6272734e-002
 7.6263994e-002
 7.6247901e-002
 7.6226525e-002
 7.6202333e-002
 7.6177783e-002
 7.6154746e-002
 7.6134063e-002
 7.6115310e-002
 7.6096922e-002
 7.6076619e-002
 7.6052107e-002
 7.6021738e-002
 7.5985081e-002
 7.5943112e-002
 7.5898208e-002
 7.5853691e-002
 7.5813405e-002
 7.5781189e-002
 7.5760536e-002
 7.5754426e-002
 7.5765319e-002
 7.5795144e-002
 7.5845271e-002
 7.5916395e-002
 7.6008201e-002
 7.6119043e-002
 7.6245733e-002
 7.6383375e-002
 7.6525703e-002
 7.6665461e-002
 7.6795220e-002
 7.6908223e-002
 7.6999061e-002
 7.7064328e-002
 7.7102847e-002
 7.7115610e-002
 7.7105545e-002
 7.7076912e-002
 7.7034786e-002
 7.6984420e-002
 7.6930717e-002
 7.6877780e-002
 7.6828666e-002
 7.6785222e-002
 7.6748110e-002
 7.6717056e-002
 7.6691158e-002
 7.6669402e-002
 7.6651156e-002
 7.6636642e-002
 7.6627180e-002
 7.6625206e-002
 7.6633938e-002
 7.6656744e-002
 7.6696366e-002
 7.6754130e-002
 7.6829404e-002
 7.6919332e-002
 7.7019125e-002
 7.7122681e-002
 7.7223435e-002
 7.7315360e-002
 7.7393673e-002
 7.7455357e-002
 7.7499293e-002
 7.7526025e-002
 7.7537447e-002
 7.7536397e-002
 7.7526338e-002
 7.7511124e-002
 7.7494882e-002
 7.7481814e-002
 7.7475972e-002
 7.7480868e-002
 7.7499062e-002
 7.7531748e-002
 7.7578589e-002
 7.7637851e-002
 7.7706814e-002
 7.7782489e-002
 7.7862352e-002
 7.7944890e-002
 7.8029886e-002
 7.8118049e-002
 7.8210503e-002
 7.8307807e-002
 7.8409225e-002
 7.8512326e-002
 7.8612916e-002
 7.8705758e-002
 7.8785390e-002
 7.8847304e-002
 7.8888901e-002
 7.8910023e-002
 7.8913033e-002
 7.8902371e-002
 7.8883782e-002
 7.8863345e-002
 7.8846596e-002
 7.8837827e-002
 7.8839734e-002
 7.8853339e-002
 7.8878157e-002
 7.8912579e-002
 7.8954190e-002
 7.9000205e-002
 7.9047665e-002
 7.9093672e-002
 7.9135485e-002
 7.9170585e-002
 7.9196826e-002
 7.9212539e-002
 7.9216763e-002
 7.9209521e-002
 7.9192020e-002
 7.9166837e-002
 7.9137854e-002
 7.9110019e-002
 7.9088829e-002
 7.9079688e-002
 7.9087049e-002
 7.9113737e-002
 7.9160340e-002
 7.9224959e-002
 7.9303294e-002
 7.9389207e-002
 7.9475485e-002
 7.9554901e-002
 7.9621330e-002
 7.9670645e-002
 7.9701386e-002
 7.9714932e-002
 7.9715200e-002
 7.9707913e-002
 7.9699554e-002
 7.9696201e-002
 7.9702511e-002
 7.9721034e-002
 7.9752006e-002
 7.9793595e-002
 7.9842649e-002
 7.9895556e-002
 7.9949193e-002
 8.0001734e-002
 8.0052994e-002
 8.0104455e-002
 8.0158882e-002
 8.0219544e-002
 8.0289423e-002
 8.0370374e-002
 8.0462538e-002
 8.0564149e-002
 8.0671653e-002
 8.0780335e-002
 8.0885075e-002
 8.0981202e-002
 8.1065267e-002
 8.1135355e-002
 8.1191175e-002
 8.1233643e-002
 8.1264339e-002
 8.1284918e-002
 8.1296623e-002
 8.1300117e-002
 8.1295632e-002
 8.1283376e-002
 8.1263945e-002
 8.1238784e-002
 8.1210338e-002
 8.1181891e-002
 8.1157252e-002
 8.1140094e-002
 8.1133358e-002
 8.1138760e-002
 8.1156448e-002
 8.1184998e-002
 8.1221692e-002
 8.1262961e-002
 8.1305042e-002
 8.1344634e-002
 8.1379443e-002
 8.1408635e-002
 8.1432976e-002
 8.1454776e-002
 8.1477590e-002
 8.1505626e-002
 8.1543118e-002
 8.1593610e-002
 8.1659317e-002
 8.1740685e-002
 8.1836186e-002
 8.1942409e-002
 8.2054541e-002
 8.2166910e-002
 8.2273819e-002
 8.2370155e-002
 8.2451954e-002
 8.2516640e-002
 8.2562946e-002
 8.2590707e-002
 8.2600504e-002
 8.2593441e-002
 8.2571104e-002
 8.2535781e-002
 8.2490712e-002
 8.2440481e-002
 8.2390979e-002
 8.2349084e-002
 8.2321942e-002
 8.2315803e-002
 8.2334943e-002
 8.2380742e-002
 8.2451284e-002
 8.2541607e-002
 8.2644664e-002
 8.2752563e-002
 8.2857981e-002
 8.2955398e-002
 8.3041735e-002
 8.3116502e-002
 8.3181493e-002
 8.3240099e-002
 8.3296701e-002
 8.3356023e-002
 8.3422773e-002
 8.3501488e-002
 8.3596177e-002
 8.3710112e-002
 8.3845198e-002
 8.4001362e-002
 8.4176011e-002
 8.4363587e-002
 8.4555849e-002
 8.4742472e-002
 8.4912337e-002
 8.5055172e-002
 8.5162923e-002
 8.5231103e-002
 8.5259303e-002
 8.5251175e-002
 8.5213669e-002
 8.5155882e-002
 8.5087702e-002
 8.5018516e-002
 8.4956266e-002
 8.4906787e-002
 8.4873669e-002
 8.4858291e-002
 8.4860131e-002
 8.4877223e-002
 8.4906533e-002
 8.4944442e-002
 8.4987089e-002
 8.5030802e-002
 8.5072413e-002
 8.5109688e-002
 8.5141584e-002
 8.5168526e-002
 8.5192539e-002
 8.5217148e-002
 8.5247092e-002
 8.5287787e-002
 8.5344568e-002
 8.5421860e-002
 8.5522339e-002
 8.5646346e-002
 8.5791484e-002
 8.5952818e-002
 8.6123444e-002
 8.6295269e-002
 8.6460143e-002
 8.6610943e-002
 8.6742245e-002
 8.6850896e-002
 8.6935945e-002
 8.6998433e-002
 8.7040924e-002
 8.7066874e-002
 8.7080255e-002
 8.7085135e-002
 8.7085530e-002
 8.7085247e-002
 8.7087736e-002
 8.7095998e-002
 8.7112360e-002
 8.7138332e-002
 8.7174587e-002
 8.7220997e-002
 8.7276950e-002
 8.7341681e-002
 8.7414622e-002
 8.7495692e-002
 8.7585181e-002
 8.7683514e-002
 8.7790810e-002
 8.7906212e-002
 8.8027678e-002
 8.8151731e-002
 8.8273898e-002
 8.8389404e-002
 8.8493980e-002
 8.8584922e-002
 8.8661596e-002
 8.8725753e-002
 8.8781267e-002
 8.8833414e-002
 8.8887930e-002
 8.8949978e-002
 8.9023300e-002
 8.9109749e-002
 8.9209110e-002
 8.9319520e-002
 8.9437991e-002
 8.9561172e-002
 8.9686133e-002
 8.9810729e-002
 8.9933768e-002
 9.0054914e-002
 9.0174057e-002
 9.0290874e-002
 9.0404227e-002
 9.0512075e-002
 9.0611674e-002
 9.0700202e-002
 9.0775654e-002
 9.0837650e-002
 9.0887979e-002
 9.0930559e-002
 9.0970747e-002
 9.1014221e-002
 9.1065548e-002
 9.1126949e-002
 9.1197707e-002
 9.1274120e-002
 9.1350466e-002
 9.1420308e-002
 9.1478184e-002
 9.1521017e-002
 9.1548957e-002
 9.1565549e-002
 9.1577128e-002
 9.1591641e-002
 9.1617234e-002
 9.1660812e-002
 9.1726944e-002
 9.1817282e-002
 9.1930412e-002
 9.2062354e-002
 9.2207231e-002
 9.2358239e-002
 9.2508622e-002
 9.2652313e-002
 9.2784539e-002
 9.2901908e-002
 9.3002416e-002
 9.3085244e-002
 9.3150474e-002
 9.3198977e-002
 9.3232349e-002
 9.3253039e-002
 9.3264520e-002
 9.3271397e-002
 9.3279377e-002
 9.3295038e-002
 9.3325272e-002
 9.3376696e-002
 9.3454823e-002
 9.3563430e-002
 9.3703941e-002
 9.3874902e-002
 9.4071977e-002
 9.4287895e-002
 9.4513066e-002
 9.4736658e-002
 9.4947465e-002
 9.5135085e-002
 9.5290571e-002
 9.5406912e-002
 9.5479913e-002
 9.5509142e-002
 9.5498763e-002
 9.5457964e-002
 9.5400684e-002
 9.5344253e-002
 9.5307305e-002
 9.5306903e-002
 9.5355593e-002
 9.5458671e-002
 9.5613129e-002
 9.5808782e-002
 9.6030831e-002
 9.6262731e-002
 9.6489131e-002
 9.6698053e-002
 9.6881829e-002
 9.7037598e-002
 9.7166821e-002
 9.7273991e-002
 9.7365141e-002
 9.7446173e-002
 9.7521640e-002
 9.7594112e-002
 9.7664118e-002
 9.7730726e-002
 9.7792380e-002
 9.7847819e-002
 9.7896874e-002
 9.7940765e-002
 9.7982064e-002
 9.8024316e-002
 9.8071583e-002
 9.8127924e-002
 9.8196894e-002
 9.8281041e-002
 9.8381355e-002
 9.8496884e-002
 9.8624557e-002
 9.8759137e-002
 9.8893613e-002
 9.9019960e-002
 9.9130049e-002
 9.9216953e-002
 9.9276163e-002
 9.9306688e-002
 9.9311762e-002
 9.9298365e-002
 9.9276200e-002
 9.9256165e-002
 9.9248685e-002
 9.9262156e-002
 9.9301912e-002
 9.9369720e-002
 9.9463701e-002
 9.9578694e-002
 9.9707223e-002
 9.9840656e-002
 9.9970609e-002
 1.0009005e-001
 1.0019423e-001
 1.0028118e-001
 1.0035153e-001
 1.0040820e-001
 1.0045572e-001
 1.0049937e-001
 1.0054453e-001
 1.0059604e-001
 1.0065783e-001
 1.0073270e-001
 1.0082228e-001
 1.0092719e-001
 1.0104715e-001
 1.0118119e-001
 1.0132796e-001
 1.0148572e-001
 1.0165267e-001
 1.0182694e-001
 1.0200668e-001
 1.0219023e-001
 1.0237594e-001
 1.0256239e-001
 1.0274816e-001
 1.0293183e-001
 1.0311197e-001
 1.0328692e-001
 1.0345489e-001
 1.0361378e-001
 1.0376137e-001
 1.0389546e-001
 1.0401401e-001
 1.0411546e-001
 1.0419906e-001
 1.0426500e-001
 1.0431471e-001
 1.0435068e-001
 1.0437638e-001
 1.0439588e-001
 1.0441332e-001
 1.0443237e-001
 1.0445574e-001
 1.0448483e-001
 1.0451961e-001
 1.0455877e-001
 1.0460019e-001
 1.0464162e-001
 1.0468139e-001
 1.0471912e-001
 1.0475621e-001
 1.0479598e-001
 1.0484335e-001
 1.0490421e-001
 1.0498445e-001
 1.0508873e-001
 1.0521948e-001
 1.0537612e-001
 1.0555469e-001
 1.0574824e-001
 1.0594757e-001
 1.0614256e-001
 1.0632377e-001
 1.0648376e-001
 1.0661836e-001
 1.0672709e-001
 1.0681325e-001
 1.0688324e-001
 1.0694519e-001
 1.0700746e-001
 1.0707696e-001
 1.0715782e-001
 1.0725067e-001
 1.0735265e-001
 1.0745835e-001
 1.0756092e-001
 1.0765361e-001
 1.0773106e-001
 1.0779026e-001
 1.0783112e-001
 1.0785667e-001
 1.0787289e-001
 1.0788794e-001
 1.0791090e-001
 1.0795026e-001
 1.0801238e-001
 1.0810009e-001
 1.0821205e-001
 1.0834271e-001
 1.0848312e-001
 1.0862240e-001
 1.0874950e-001
 1.0885522e-001
 1.0893368e-001
 1.0898338e-001
 1.0900708e-001
 1.0901110e-001
 1.0900414e-001
 1.0899595e-001
 1.0899608e-001
 1.0901275e-001
 1.0905232e-001
 1.0911883e-001
 1.0921393e-001
 1.0933699e-001
 1.0948546e-001
 1.0965516e-001
 1.0984080e-001
 1.1003637e-001
 1.1023545e-001
 1.1043160e-001
 1.1061856e-001
 1.1079065e-001
 1.1094310e-001
 1.1107234e-001
 1.1117645e-001
 1.1125537e-001
 1.1131106e-001
 1.1134750e-001
 1.1137036e-001
 1.1138659e-001
 1.1140366e-001
 1.1142889e-001
 1.1146861e-001
 1.1152758e-001
 1.1160848e-001
 1.1171181e-001
 1.1183592e-001
 1.1197749e-001
 1.1213204e-001
 1.1229462e-001
 1.1246060e-001
 1.1262604e-001
 1.1278831e-001
 1.1294609e-001
 1.1309932e-001
 1.1324902e-001
 1.1339658e-001
 1.1354346e-001
 1.1369038e-001
 1.1383697e-001
 1.1398154e-001
 1.1412083e-001
 1.1425037e-001
 1.1436480e-001
 1.1445857e-001
 1.1452669e-001
 1.1456544e-001
 1.1457302e-001
 1.1454999e-001
 1.1449943e-001
 1.1442675e-001
 1.1433926e-001
 1.1424552e-001
 1.1415456e-001
 1.1407515e-001
 1.1401498e-001
 1.1398033e-001
 1.1397559e-001
 1.1400324e-001
 1.1406381e-001
 1.1415610e-001
 1.1427728e-001
 1.1442310e-001
 1.1458816e-001
 1.1476602e-001
 1.1494955e-001
 1.1513125e-001
 1.1530378e-001
 1.1546065e-001
 1.1559671e-001
 1.1570907e-001
 1.1579743e-001
 1.1586452e-001
 1.1591597e-001
 1.1595988e-001
 1.1600594e-001
 1.1606427e-001
 1.1614395e-001
 1.1625178e-001
 1.1639103e-001
 1.1656072e-001
 1.1675555e-001
 1.1696626e-001
 1.1718090e-001
 1.1738621e-001
 1.1756942e-001
 1.1772013e-001
 1.1783163e-001
 1.1790195e-001
 1.1793420e-001
 1.1793640e-001
 1.1792053e-001
 1.1790106e-001
 1.1789311e-001
 1.1791058e-001
 1.1796448e-001
 1.1806151e-001
 1.1820354e-001
 1.1838805e-001
 1.1860891e-001
 1.1885740e-001
 1.1912346e-001
 1.1939635e-001
 1.1966578e-001
 1.1992203e-001
 1.2015626e-001
 1.2036090e-001
 1.2052973e-001
 1.2065815e-001
 1.2074337e-001
 1.2078439e-001
 1.2078234e-001
 1.2074065e-001
 1.2066539e-001
 1.2056511e-001
 1.2045082e-001
 1.2031329e-001
 1.2019403e-001
 1.2010343e-001
 1.2005522e-001
 1.2005977e-001
 1.2012186e-001
 1.2023930e-001
 1.2040370e-001
 1.2060229e-001
 1.2081996e-001
 1.2104092e-001
 1.2124960e-001
 1.2143173e-001
 1.2157556e-001
 1.2167317e-001
 1.2172138e-001
 1.2172204e-001
 1.2168153e-001
 1.2160971e-001
 1.2151852e-001
 1.2142090e-001
 1.2132997e-001
 1.2125828e-001
 1.2121685e-001
 1.2121408e-001
 1.2125464e-001
 1.2133909e-001
 1.2146421e-001
 1.2162409e-001
 1.2181115e-001
 1.2201706e-001
 1.2223344e-001
 1.2245210e-001
 1.2266584e-001
 1.2286883e-001
 1.2305713e-001
 1.2322909e-001
 1.2338483e-001
 1.2352600e-001
 1.2365508e-001
 1.2377492e-001
 1.2388854e-001
 1.2399876e-001
 1.2410810e-001
 1.2421849e-001
 1.2433100e-001
 1.2444588e-001
 1.2456249e-001
 1.2467962e-001
 1.2479571e-001
 1.2490900e-001
 1.2501772e-001
 1.2512007e-001
 1.2521435e-001
 1.2529902e-001
 1.2537268e-001
 1.2543416e-001
 1.2548251e-001
 1.2551688e-001
 1.2553652e-001
 1.2554078e-001
 1.2552914e-001
 1.2550142e-001
 1.2545811e-001
 1.2540072e-001
 1.2533231e-001
 1.2525755e-001
 1.2518257e-001
 1.2511459e-001
 1.2506144e-001
 1.2503119e-001
 1.2503169e-001
 1.2507002e-001
 1.2515156e-001
 1.2527888e-001
 1.2545079e-001
 1.2566181e-001
 1.2590276e-001
 1.2616155e-001
 1.2642455e-001
 1.2667736e-001
 1.2690565e-001
 1.2709607e-001
 1.2723728e-001
 1.2732144e-001
 1.2734540e-001
 1.2731124e-001
 1.2722576e-001
 1.2709920e-001
 1.2694390e-001
 1.2677309e-001
 1.2660012e-001
 1.2643765e-001
 1.2629680e-001
 1.2618600e-001
 1.2611002e-001
 1.2606962e-001
 1.2606193e-001
 1.2608136e-001
 1.2612078e-001
 1.2617226e-001
 1.2622777e-001
 1.2627962e-001
 1.2632099e-001
 1.2634654e-001
 1.2635300e-001
 1.2633933e-001
 1.2630655e-001
 1.2625714e-001
 1.2619452e-001
 1.2612253e-001
 1.2604509e-001
 1.2596600e-001
 1.2588869e-001
 1.2581599e-001
 1.2574983e-001
 1.2569122e-001
 1.2564035e-001
 1.2559669e-001
 1.2555942e-001
 1.2552749e-001
 1.2549984e-001
 1.2547545e-001
 1.2545347e-001
 1.2543331e-001
 1.2541474e-001
 1.2539798e-001
 1.2538357e-001
 1.2537235e-001
 1.2536533e-001
 1.2536357e-001
 1.2536809e-001
 1.2537977e-001
 1.2539919e-001
 1.2542637e-001
 1.2546067e-001
 1.2550060e-001
 1.2554403e-001
 1.2558825e-001
 1.2563026e-001
 1.2566698e-001
 1.2569541e-001
 1.2571301e-001
 1.2571804e-001
 1.2571029e-001
 1.2569147e-001
 1.2566549e-001
 1.2563823e-001
 1.2561703e-001
 1.2561005e-001
 1.2562582e-001
 1.2567267e-001
 1.2575816e-001
 1.2588820e-001
 1.2606587e-001
 1.2629043e-001
 1.2655701e-001
 1.2685682e-001
 1.2717840e-001
 1.2750852e-001
 1.2783329e-001
 1.2813891e-001
 1.2841243e-001
 1.2864280e-001
 1.2882237e-001
 1.2894788e-001
 1.2902109e-001
 1.2904820e-001
 1.2903871e-001
 1.2900409e-001
 1.2895672e-001
 1.2890911e-001
 1.2887329e-001
 1.2886012e-001
 1.2887834e-001
 1.2893395e-001
 1.2902987e-001
 1.2916619e-001
 1.2934093e-001
 1.2955095e-001
 1.2979239e-001
 1.3006130e-001
 1.3035353e-001
 1.3066496e-001
 1.3099168e-001
 1.3132969e-001
 1.3167521e-001
 1.3202451e-001
 1.3237385e-001
 1.3271973e-001
 1.3305849e-001
 1.3338657e-001
 1.3370059e-001
 1.3399725e-001
 1.3427371e-001
 1.3452747e-001
 1.3475655e-001
 1.3495947e-001
 1.3513502e-001
 1.3528229e-001
 1.3540040e-001
 1.3548872e-001
 1.3554695e-001
 1.3557552e-001
 1.3557597e-001
 1.3555147e-001
 1.3550687e-001
 1.3544865e-001
 1.3538440e-001
 1.3532242e-001
 1.3527124e-001
 1.3523929e-001
 1.3523440e-001
 1.3526309e-001
 1.3532974e-001
 1.3543575e-001
 1.3557927e-001
 1.3575557e-001
 1.3595772e-001
 1.3617739e-001
 1.3640587e-001
 1.3663441e-001
 1.3685465e-001
 1.3705967e-001
 1.3724469e-001
 1.3740765e-001
 1.3754988e-001
 1.3767558e-001
 1.3779099e-001
 1.3790371e-001
 1.3802183e-001
 1.3815343e-001
 1.3830589e-001
 1.3848513e-001
 1.3869464e-001
 1.3893437e-001
 1.3920067e-001
 1.3948654e-001
 1.3978224e-001
 1.4007683e-001
 1.4035866e-001
 1.4061625e-001
 1.4083889e-001
 1.4101814e-001
 1.4114892e-001
 1.4123087e-001
 1.4126888e-001
 1.4127254e-001
 1.4125489e-001
 1.4123105e-001
 1.4121693e-001
 1.4122844e-001
 1.4128017e-001
 1.4138415e-001
 1.4154801e-001
 1.4177315e-001
 1.4205447e-001
 1.4238080e-001
 1.4273638e-001
 1.4310294e-001
 1.4346117e-001
 1.4379148e-001
 1.4407575e-001
 1.4429854e-001
 1.4444906e-001
 1.4452271e-001
 1.4452203e-001
 1.4445575e-001
 1.4433730e-001
 1.4418286e-001
 1.4400978e-001
 1.4383572e-001
 1.4367738e-001
 1.4354952e-001
 1.4346342e-001
 1.4342593e-001
 1.4343862e-001
 1.4349858e-001
 1.4359942e-001
 1.4373277e-001
 1.4388934e-001
 1.4405955e-001
 1.4423434e-001
 1.4440566e-001
 1.4456713e-001
 1.4471494e-001
 1.4484785e-001
 1.4496715e-001
 1.4507577e-001
 1.4517781e-001
 1.4527786e-001
 1.4538042e-001
 1.4548983e-001
 1.4560956e-001
 1.4574170e-001
 1.4588661e-001
 1.4604260e-001
 1.4620619e-001
 1.4637242e-001
 1.4653574e-001
 1.4669017e-001
 1.4682975e-001
 1.4694908e-001
 1.4704379e-001
 1.4711127e-001
 1.4715138e-001
 1.4716667e-001
 1.4716211e-001
 1.4714445e-001
 1.4712153e-001
 1.4710163e-001
 1.4709301e-001
 1.4710350e-001
 1.4713983e-001
 1.4720689e-001
 1.4730711e-001
 1.4744025e-001
 1.4760345e-001
 1.4779216e-001
 1.4800067e-001
 1.4822286e-001
 1.4845234e-001
 1.4868301e-001
 1.4890935e-001
 1.4912647e-001
 1.4933088e-001
 1.4952037e-001
 1.4969377e-001
 1.4985093e-001
 1.4999221e-001
 1.5011810e-001
 1.5022932e-001
 1.5032659e-001
 1.5041070e-001
 1.5048231e-001
 1.5054224e-001
 1.5059128e-001
 1.5063022e-001
 1.5065987e-001
 1.5068106e-001
 1.5069461e-001
 1.5070134e-001
 1.5070209e-001
 1.5069760e-001
 1.5068869e-001
 1.5067606e-001
 1.5066037e-001
 1.5064228e-001
 1.5062235e-001
 1.5060121e-001
 1.5057941e-001
 1.5055755e-001
 1.5053622e-001
 1.5051611e-001
 1.5049799e-001
 1.5048273e-001
 1.5047137e-001
 1.5046510e-001
 1.5046518e-001
 1.5047289e-001
 1.5048958e-001
 1.5051648e-001
 1.5055464e-001
 1.5060470e-001
 1.5066661e-001
 1.5073945e-001
 1.5082124e-001
 1.5090908e-001
 1.5099941e-001
 1.5108831e-001
 1.5117162e-001
 1.5124531e-001
 1.5130563e-001
 1.5134951e-001
 1.5137506e-001
 1.5138188e-001
 1.5137136e-001
 1.5134640e-001
 1.5131105e-001
 1.5127006e-001
 1.5122844e-001
 1.5119123e-001
 1.5116315e-001
 1.5114821e-001
 1.5114932e-001
 1.5116774e-001
 1.5120301e-001
 1.5125307e-001
 1.5131474e-001
 1.5138412e-001
 1.5145697e-001
 1.5152909e-001
 1.5159655e-001
 1.5165602e-001
 1.5170525e-001
 1.5174346e-001
 1.5177144e-001
 1.5179148e-001
 1.5180688e-001
 1.5182161e-001
 1.5183993e-001
 1.5186603e-001
 1.5190397e-001
 1.5195712e-001
 1.5202788e-001
 1.5211733e-001
 1.5222499e-001
 1.5234905e-001
 1.5248676e-001
 1.5263467e-001
 1.5278909e-001
 1.5294632e-001
 1.5310276e-001
 1.5325493e-001
 1.5339996e-001
 1.5353560e-001
 1.5366016e-001
 1.5377273e-001
 1.5387277e-001
 1.5396003e-001
 1.5403442e-001
 1.5409592e-001
 1.5414460e-001
 1.5418057e-001
 1.5420417e-001
 1.5421598e-001
 1.5421680e-001
 1.5420765e-001
 1.5418975e-001
 1.5416445e-001
 1.5413308e-001
 1.5409711e-001
 1.5405802e-001
 1.5401751e-001
 1.5397745e-001
 1.5394011e-001
 1.5390812e-001
 1.5388446e-001
 1.5387231e-001
 1.5387507e-001
 1.5389608e-001
 1.5393858e-001
 1.5400529e-001
 1.5409805e-001
 1.5421715e-001
 1.5436080e-001
 1.5452476e-001
 1.5470278e-001
 1.5488711e-001
 1.5506892e-001
 1.5523918e-001
 1.5538891e-001
 1.5550974e-001
 1.5559483e-001
 1.5563974e-001
 1.5564336e-001
 1.5560822e-001
 1.5554020e-001
 1.5544756e-001
 1.5534009e-001
 1.5522812e-001
 1.5512192e-001
 1.5503110e-001
 1.5496354e-001
 1.5492424e-001
 1.5491447e-001
 1.5493114e-001
 1.5496740e-001
 1.5501353e-001
 1.5505815e-001
 1.5508915e-001
 1.5509459e-001
 1.5506344e-001
 1.5498681e-001
 1.5485942e-001
 1.5468097e-001
 1.5445653e-001
 1.5419601e-001
 1.5391314e-001
 1.5362360e-001
 1.5334405e-001
 1.5309106e-001
 1.5288034e-001
 1.5272513e-001
 1.5263477e-001
 1.5261336e-001
 1.5265901e-001
 1.5276463e-001
 1.5291910e-001
 1.5310901e-001
 1.5331991e-001
 1.5353718e-001
 1.5374655e-001
 1.5393524e-001
 1.5409273e-001
 1.5421142e-001
 1.5428725e-001
 1.5431923e-001
 1.5430854e-001
 1.5425782e-001
 1.5417032e-001
 1.5404959e-001
 1.5389925e-001
 1.5372285e-001
 1.5352392e-001
 1.5330599e-001
 1.5307242e-001
 1.5282640e-001
 1.5257134e-001
 1.5231037e-001
 1.5204662e-001
 1.5178345e-001
 1.5152407e-001
 1.5127185e-001
 1.5103035e-001
 1.5080354e-001
 1.5059550e-001
 1.5041064e-001
 1.5025365e-001
 1.5012920e-001
 1.5004195e-001
 1.4999640e-001
 1.4999631e-001
 1.5004414e-001
 1.5014014e-001
 1.5028144e-001
 1.5046196e-001
 1.5067254e-001
 1.5090169e-001
 1.5113676e-001
 1.5136452e-001
 1.5157168e-001
 1.5174581e-001
 1.5187620e-001
 1.5195484e-001
 1.5197770e-001
 1.5194494e-001
 1.5186058e-001
 1.5173151e-001
 1.5156624e-001
 1.5137404e-001
 1.5116450e-001
 1.5094677e-001
 1.5072924e-001
 1.5051922e-001
 1.5032203e-001
 1.5014119e-001
 1.4997837e-001
 1.4983411e-001
 1.4970800e-001
 1.4959928e-001
 1.4950722e-001
 1.4943103e-001
 1.4937030e-001
 1.4932515e-001
 1.4929634e-001
 1.4928544e-001
 1.4929464e-001
 1.4932665e-001
 1.4938436e-001
 1.4947079e-001
 1.4958878e-001
 1.4974079e-001
 1.4992861e-001
 1.5015276e-001
 1.5041231e-001
 1.5070468e-001
 1.5102547e-001
 1.5136927e-001
 1.5172981e-001
 1.5210061e-001
 1.5247482e-001
 1.5284598e-001
 1.5320779e-001
 1.5355386e-001
 1.5386744e-001
 1.5409163e-001
 1.5436013e-001
 1.5460490e-001
 1.5482803e-001
 1.5503159e-001
 1.5521768e-001
 1.5538825e-001
 1.5554541e-001
 1.5569122e-001
 1.5582773e-001
 1.5595683e-001
 1.5607886e-001
 1.5619336e-001
 1.5629986e-001
 1.5639788e-001
 1.5648690e-001
 1.5656646e-001
 1.5663607e-001
 1.5669531e-001
 1.5674362e-001
 1.5678054e-001
 1.5680560e-001
 1.5681832e-001
 1.5681820e-001
 1.5680484e-001
 1.5677859e-001
 1.5674011e-001
 1.5669011e-001
 1.5662929e-001
 1.5655839e-001
 1.5647806e-001
 1.5638901e-001
 1.5629201e-001
 1.5618767e-001
 1.5607677e-001
 1.5595995e-001
 1.5583795e-001
 1.5571149e-001
 1.5558122e-001
 1.5544790e-001
 1.5531217e-001
 1.5517479e-001
 1.5503637e-001
 1.5489715e-001
 1.5475698e-001
 1.5461586e-001
 1.5447371e-001
 1.5433046e-001
 1.5418600e-001
 1.5404032e-001
 1.5389334e-001
 1.5374500e-001
 1.5359521e-001
 1.5344389e-001
 1.5329100e-001
 1.5313651e-001
 1.5298028e-001
 1.5282226e-001
 1.5266243e-001
 1.5250069e-001
 1.5233697e-001
 1.5217118e-001
 1.5200330e-001
 1.5183327e-001
 1.5166099e-001
 1.5148650e-001
 1.5130998e-001
 1.5113147e-001
 1.5095113e-001
 1.5076903e-001
 1.5058522e-001
 1.5039992e-001
 1.5021317e-001
 1.5002510e-001
 1.4983575e-001
 1.4964534e-001
 1.4945391e-001
 1.4926158e-001
 1.4906839e-001
 1.4887455e-001
 1.4868012e-001
 1.4848521e-001
 1.4828992e-001
 1.4809431e-001
 1.4789858e-001
 1.4770278e-001
 1.4750706e-001
 1.4731142e-001
 1.4711609e-001
 1.4692111e-001
 1.4672661e-001
 1.4653260e-001
 1.4633921e-001
 1.4614648e-001
 1.4595443e-001
 1.4576314e-001
 1.4557257e-001
 1.4538294e-001
 1.4519420e-001
 1.4500642e-001
 1.4481962e-001
 1.4463392e-001
 1.4444934e-001
 1.4426591e-001
 1.4408368e-001
 1.4390278e-001
 1.4372319e-001
 1.4354500e-001
 1.4336820e-001
 1.4319293e-001
 1.4301921e-001
 1.4284706e-001
 1.4267659e-001
 1.4250776e-001
 1.4234075e-001
 1.4217553e-001
 1.4201216e-001
 1.4185070e-001
 1.4169121e-001
 1.4153375e-001
 1.4137839e-001
 1.4122508e-001
 1.4107399e-001
 1.4092514e-001
